fishid,waterbody,reading,reader,rep,light_type,id,agecap,ann,rad,radcap
M092518J002,M09,JRS_1,JRS,1,J,JUM092518J002,0,NA,NA,0.4382321966451875
M092518J002,M09,NGA_1,NGA,1,J,JUM092518J002,0,NA,NA,0.458568241513644
M092518J002,M09,NGA_2,NGA,2,J,JUM092518J002,0,NA,NA,0.44113431315580276
M092518J003,M09,JRS_1,JRS,1,J,JUM092518J003,0,NA,NA,0.4479038476962102
M092518J003,M09,NGA_1,NGA,1,J,JUM092518J003,0,NA,NA,0.5069610848478073
M092518J003,M09,NGA_2,NGA,2,J,JUM092518J003,0,NA,NA,0.5105152182776774
M092518J004,M09,JRS_1,JRS,1,J,JUM092518J004,0,NA,NA,0.37345090956877675
M092518J004,M09,NGA_1,NGA,1,J,JUM092518J004,0,NA,NA,0.5334187249925839
M092518J004,M09,NGA_2,NGA,2,J,JUM092518J004,0,NA,NA,0.522029981449989
M092518J005,M09,JRS_1,JRS,1,J,JUM092518J005,0,NA,NA,0.44394030231337867
M092518J005,M09,NGA_1,NGA,1,J,JUM092518J005,0,NA,NA,0.4348560763396186
M092518J005,M09,NGA_2,NGA,2,J,JUM092518J005,0,NA,NA,0.4575468828126963
M092518J006,M09,NGA_1,NGA,1,J,JUM092518J006,0,NA,NA,0.2619878294409401
M092518J006,M09,NGA_2,NGA,2,J,JUM092518J006,0,NA,NA,0.41512749955933226
M092518J007,M09,JRS_1,JRS,1,J,JUM092518J007,0,NA,NA,0.4683102469754275
M092518J007,M09,NGA_1,NGA,1,J,JUM092518J007,0,NA,NA,0.487773488199678
M092518J007,M09,NGA_2,NGA,2,J,JUM092518J007,0,NA,NA,0.510411589157038
M092518J008,M09,JRS_1,JRS,1,J,JUM092518J008,0,NA,NA,0.409220105732701
M092518J008,M09,NGA_1,NGA,1,J,JUM092518J008,0,NA,NA,0.6082926250569469
M092518J008,M09,NGA_2,NGA,2,J,JUM092518J008,0,NA,NA,0.5767760182151923
M092518J009,M09,JRS_1,JRS,1,J,JUM092518J009,0,NA,NA,0.36237211124167645
M092518J009,M09,NGA_1,NGA,1,J,JUM092518J009,0,NA,NA,0.3385683588577508
M092518J009,M09,NGA_2,NGA,2,J,JUM092518J009,0,NA,NA,0.5185204190432922
M092518J010,M09,JRS_1,JRS,1,J,JUM092518J010,1,1,0.21401036542053956,0.35860238030582464
M092518J010,M09,NGA_1,NGA,1,J,JUM092518J010,0,NA,NA,0.5625619865630987
M092518J010,M09,NGA_2,NGA,2,J,JUM092518J010,0,NA,NA,0.6169740322523517
M092518J011,M09,JRS_1,JRS,1,J,JUM092518J011,0,NA,NA,0.3615275194100485
M092518J011,M09,NGA_1,NGA,1,J,JUM092518J011,0,NA,NA,0.6429227188210205
M092518J011,M09,NGA_2,NGA,2,J,JUM092518J011,0,NA,NA,0.6500932407144495
M092518J012,M09,JRS_1,JRS,1,J,JUM092518J012,0,NA,NA,0.5282524434203555
M092518J012,M09,NGA_1,NGA,1,J,JUM092518J012,0,NA,NA,0.510937261702823
M092518J012,M09,NGA_2,NGA,2,J,JUM092518J012,0,NA,NA,0.49785513033205303
M092518J013,M09,JRS_1,JRS,1,J,JUM092518J013,0,NA,NA,0.46948985854009906
M092518J013,M09,NGA_1,NGA,1,J,JUM092518J013,0,NA,NA,0.298444536679109
M092518J013,M09,NGA_2,NGA,2,J,JUM092518J013,0,NA,NA,0.4736538163065612
M092518J014,M09,NGA_1,NGA,1,J,JUM092518J014,0,NA,NA,0.5682012886082934
M092518J014,M09,NGA_2,NGA,2,J,JUM092518J014,0,NA,NA,0.4998032758039026
M092518J015,M09,JRS_1,JRS,1,J,JUM092518J015,0,NA,NA,0.37133850881075475
M092518J015,M09,NGA_1,NGA,1,J,JUM092518J015,0,NA,NA,0.47898944445411423
M092518J015,M09,NGA_2,NGA,2,J,JUM092518J015,0,NA,NA,0.44882374375314277
M092518J016,M09,JRS_1,JRS,1,J,JUM092518J016,0,NA,NA,0.40139923729928007
M092518J016,M09,NGA_1,NGA,1,J,JUM092518J016,0,NA,NA,0.27402284252521825
M092518J016,M09,NGA_2,NGA,2,J,JUM092518J016,0,NA,NA,0.27805735613350735
M092518J017,M09,JRS_1,JRS,1,J,JUM092518J017,1,1,0.30361477549382154,0.3849945279592083
M092518J017,M09,NGA_1,NGA,1,J,JUM092518J017,0,NA,NA,0.5504017488400289
M092518J017,M09,NGA_2,NGA,2,J,JUM092518J017,0,NA,NA,0.556794646539188
M092518J019,M09,JRS_1,JRS,1,J,JUM092518J019,0,NA,NA,0.37331655923396695
M092518J019,M09,NGA_1,NGA,1,J,JUM092518J019,0,NA,NA,0.5469375843902604
M092518J019,M09,NGA_2,NGA,2,J,JUM092518J019,0,NA,NA,0.563953938313414
M092518J020,M09,JRS_1,JRS,1,J,JUM092518J020,0,NA,NA,0.3124519658907138
M092518J020,M09,NGA_1,NGA,1,J,JUM092518J020,0,NA,NA,0.45996555252524396
M092518J020,M09,NGA_2,NGA,2,J,JUM092518J020,0,NA,NA,0.5205246455201691
M092518J021,M09,JRS_1,JRS,1,J,JUM092518J021,0,NA,NA,0.37289070657923373
M092518J021,M09,NGA_1,NGA,1,J,JUM092518J021,0,NA,NA,0.5223842075938829
M092518J021,M09,NGA_2,NGA,2,J,JUM092518J021,0,NA,NA,0.5058892720910226
M092518J022,M09,JRS_1,JRS,1,J,JUM092518J022,0,NA,NA,0.3360061036034103
M092518J022,M09,NGA_1,NGA,1,J,JUM092518J022,0,NA,NA,0.5037352734185722
M092518J022,M09,NGA_2,NGA,2,J,JUM092518J022,0,NA,NA,0.5077650493126018
M092518J023,M09,NGA_1,NGA,1,J,JUM092518J023,0,NA,NA,0.6049954748693257
M092518J023,M09,NGA_2,NGA,2,J,JUM092518J023,0,NA,NA,0.5943230922320395
M092518J024,M09,JRS_1,JRS,1,J,JUM092518J024,0,NA,NA,0.3588260863446379
M092518J024,M09,NGA_1,NGA,1,J,JUM092518J024,0,NA,NA,0.49227646679325326
M092518J024,M09,NGA_2,NGA,2,J,JUM092518J024,0,NA,NA,0.487695441439819
M092518J025,M09,JRS_1,JRS,1,J,JUM092518J025,0,NA,NA,0.3524121175609598
M092518J025,M09,NGA_1,NGA,1,J,JUM092518J025,0,NA,NA,0.5895943029975771
M092518J025,M09,NGA_2,NGA,2,J,JUM092518J025,0,NA,NA,0.6100911907741677
M092518J026,M09,JRS_1,JRS,1,J,JUM092518J026,0,NA,NA,0.3461122234478411
M092518J026,M09,NGA_1,NGA,1,J,JUM092518J026,0,NA,NA,0.6293349584795449
M092518J026,M09,NGA_2,NGA,2,J,JUM092518J026,0,NA,NA,0.6194722516769634
M092518J027,M09,JRS_1,JRS,1,J,JUM092518J027,0,NA,NA,0.33342888630592743
M092518J027,M09,NGA_1,NGA,1,J,JUM092518J027,0,NA,NA,0.5505810253292487
M092518J027,M09,NGA_2,NGA,2,J,JUM092518J027,0,NA,NA,0.49061294692518775
M092518J028,M09,JRS_1,JRS,1,J,JUM092518J028,0,NA,NA,0.33664937453800836
M092518J028,M09,NGA_1,NGA,1,J,JUM092518J028,0,NA,NA,0.5513758328674495
M092518J028,M09,NGA_2,NGA,2,J,JUM092518J028,0,NA,NA,0.4971725727961922
M092518J029,M09,JRS_1,JRS,1,J,JUM092518J029,0,NA,NA,0.41867122187040345
M092518J029,M09,NGA_1,NGA,1,J,JUM092518J029,0,NA,NA,0.5457556788313858
M092518J029,M09,NGA_2,NGA,2,J,JUM092518J029,0,NA,NA,0.5281664794130527
M092518J030,M09,JRS_1,JRS,1,J,JUM092518J030,0,NA,NA,0.3800738024372448
M092518J030,M09,NGA_1,NGA,1,J,JUM092518J030,0,NA,NA,0.5461986123737134
M092518J030,M09,NGA_2,NGA,2,J,JUM092518J030,0,NA,NA,0.6073227085931441
M092518J031,M09,JRS_1,JRS,1,J,JUM092518J031,0,NA,NA,0.42452887374703807
M092518J031,M09,NGA_1,NGA,1,J,JUM092518J031,0,NA,NA,0.5123000296339586
M092518J031,M09,NGA_2,NGA,2,J,JUM092518J031,0,NA,NA,0.526772168567821
M092518J032,M09,JRS_1,JRS,1,J,JUM092518J032,0,NA,NA,0.3223690079597124
M092518J032,M09,NGA_1,NGA,1,J,JUM092518J032,0,NA,NA,0.44899382150152023
M092518J032,M09,NGA_2,NGA,2,J,JUM092518J032,0,NA,NA,0.4207857374322864
M092518J033,M09,JRS_1,JRS,1,J,JUM092518J033,0,NA,NA,0.34581798542765796
M092518J033,M09,NGA_1,NGA,1,J,JUM092518J033,0,NA,NA,0.5587046688503453
M092518J033,M09,NGA_2,NGA,2,J,JUM092518J033,0,NA,NA,0.5444691676079112
M092518J034,M09,JRS_1,JRS,1,J,JUM092518J034,0,NA,NA,0.3174291272571721
M092518J034,M09,NGA_1,NGA,1,J,JUM092518J034,0,NA,NA,0.5584489895016893
M092518J034,M09,NGA_2,NGA,2,J,JUM092518J034,0,NA,NA,0.5488756338665459
M092518J035,M09,JRS_1,JRS,1,J,JUM092518J035,0,NA,NA,0.39311804740996054
M092518J035,M09,NGA_1,NGA,1,J,JUM092518J035,0,NA,NA,0.5531824408195863
M092518J035,M09,NGA_2,NGA,2,J,JUM092518J035,0,NA,NA,0.5338897512156463
M092518J036,M09,JRS_1,JRS,1,J,JUM092518J036,0,NA,NA,0.3617447357193085
M092518J036,M09,NGA_1,NGA,1,J,JUM092518J036,0,NA,NA,0.47255880676274964
M092518J036,M09,NGA_2,NGA,2,J,JUM092518J036,0,NA,NA,0.47212224194198305
M092518J037,M09,JRS_1,JRS,1,J,JUM092518J037,0,NA,NA,0.3356237218732661
M092518J037,M09,NGA_1,NGA,1,J,JUM092518J037,0,NA,NA,0.5110075028500077
M092518J037,M09,NGA_2,NGA,2,J,JUM092518J037,0,NA,NA,0.5026833596671025
M092518J038,M09,JRS_1,JRS,1,J,JUM092518J038,0,NA,NA,0.3562107054200096
M092518J038,M09,NGA_1,NGA,1,J,JUM092518J038,0,NA,NA,0.5698274142570234
M092518J038,M09,NGA_2,NGA,2,J,JUM092518J038,0,NA,NA,0.5803617832979232
M092518J039,M09,JRS_1,JRS,1,J,JUM092518J039,0,NA,NA,0.2783835479245144
M092518J039,M09,NGA_1,NGA,1,J,JUM092518J039,0,NA,NA,0.41486209371098004
M092518J039,M09,NGA_2,NGA,2,J,JUM092518J039,0,NA,NA,0.37607663784148404
M092518J040,M09,JRS_1,JRS,1,J,JUM092518J040,0,NA,NA,0.34062596305444104
M092518J040,M09,NGA_1,NGA,1,J,JUM092518J040,0,NA,NA,0.6199893100540173
M092518J040,M09,NGA_2,NGA,2,J,JUM092518J040,0,NA,NA,0.60737980404405
M092518J041,M09,JRS_1,JRS,1,J,JUM092518J041,0,NA,NA,0.33523605513582266
M092518J041,M09,NGA_1,NGA,1,J,JUM092518J041,0,NA,NA,0.5564698859721898
M092518J041,M09,NGA_2,NGA,2,J,JUM092518J041,0,NA,NA,0.5564174766454678
M092518J042,M09,JRS_1,JRS,1,J,JUM092518J042,0,NA,NA,0.4129774659233913
M092518J042,M09,NGA_1,NGA,1,J,JUM092518J042,0,NA,NA,0.6070344403564386
M092518J042,M09,NGA_2,NGA,2,J,JUM092518J042,0,NA,NA,0.5653982874624806
M092518J043,M09,JRS_1,JRS,1,J,JUM092518J043,0,NA,NA,0.3950051443641573
M092518J043,M09,NGA_1,NGA,1,J,JUM092518J043,0,NA,NA,0.48387679860781513
M092518J043,M09,NGA_2,NGA,2,J,JUM092518J043,0,NA,NA,0.5078535378483343
M092518J044,M09,JRS_1,JRS,1,J,JUM092518J044,0,NA,NA,0.3549051034428784
M092518J044,M09,NGA_1,NGA,1,J,JUM092518J044,0,NA,NA,0.4927438739494106
M092518J044,M09,NGA_2,NGA,2,J,JUM092518J044,0,NA,NA,0.47003382274986477
M092518J045,M09,JRS_1,JRS,1,J,JUM092518J045,0,NA,NA,0.4117676767303427
M092518J045,M09,NGA_1,NGA,1,J,JUM092518J045,0,NA,NA,0.5797101168385254
M092518J045,M09,NGA_2,NGA,2,J,JUM092518J045,0,NA,NA,0.5424498122049372
M092518J046,M09,JRS_1,JRS,1,J,JUM092518J046,0,NA,NA,0.32052929650101863
M092518J046,M09,NGA_1,NGA,1,J,JUM092518J046,0,NA,NA,0.41158102896169757
M092518J046,M09,NGA_2,NGA,2,J,JUM092518J046,0,NA,NA,0.3745571060922842
M092518J047,M09,JRS_1,JRS,1,J,JUM092518J047,0,NA,NA,0.47001216255077816
M092518J047,M09,NGA_1,NGA,1,J,JUM092518J047,0,NA,NA,0.5420805563426778
M092518J047,M09,NGA_2,NGA,2,J,JUM092518J047,0,NA,NA,0.5080003418668756
M092518J048,M09,JRS_1,JRS,1,J,JUM092518J048,0,NA,NA,0.5283322445184991
M092518J048,M09,NGA_1,NGA,1,J,JUM092518J048,0,NA,NA,0.532190268335722
M092518J048,M09,NGA_2,NGA,2,J,JUM092518J048,0,NA,NA,0.5073861404382022
M092518J049,M09,JRS_1,JRS,1,J,JUM092518J049,0,NA,NA,0.48333458617766595
M092518J049,M09,NGA_1,NGA,1,J,JUM092518J049,0,NA,NA,0.6154245043582109
M092518J049,M09,NGA_2,NGA,2,J,JUM092518J049,0,NA,NA,0.47330120698478645
M092518J050,M09,JRS_1,JRS,1,J,JUM092518J050,0,NA,NA,0.44287319253624274
M092518J050,M09,NGA_1,NGA,1,J,JUM092518J050,0,NA,NA,0.450127022243595
M092518J050,M09,NGA_2,NGA,2,J,JUM092518J050,0,NA,NA,0.3951449299268752
M092518J051,M09,JRS_1,JRS,1,J,JUM092518J051,0,NA,NA,0.4658896105726976
M092518J051,M09,NGA_1,NGA,1,J,JUM092518J051,0,NA,NA,0.6081342932634486
M092518J051,M09,NGA_2,NGA,2,J,JUM092518J051,0,NA,NA,0.5076378698413035
M092518J052,M09,JRS_1,JRS,1,J,JUM092518J052,0,NA,NA,0.4461189568297789
M092518J052,M09,NGA_1,NGA,1,J,JUM092518J052,0,NA,NA,0.5053986815394412
M092518J052,M09,NGA_2,NGA,2,J,JUM092518J052,0,NA,NA,0.5289819246637302
M092518J053,M09,JRS_1,JRS,1,J,JUM092518J053,0,NA,NA,0.34870086281394036
M092518J053,M09,NGA_1,NGA,1,J,JUM092518J053,0,NA,NA,0.58145818778048
M092518J053,M09,NGA_2,NGA,2,J,JUM092518J053,0,NA,NA,0.5756168369156689
M092518J054,M09,JRS_1,JRS,1,J,JUM092518J054,0,NA,NA,0.35657657989914776
M092518J054,M09,NGA_1,NGA,1,J,JUM092518J054,0,NA,NA,0.5657598752363965
M092518J054,M09,NGA_2,NGA,2,J,JUM092518J054,0,NA,NA,0.5272195678909668
M092518J055,M09,JRS_1,JRS,1,J,JUM092518J055,0,NA,NA,0.2959607332827791
M092518J055,M09,NGA_1,NGA,1,J,JUM092518J055,0,NA,NA,0.5558145959531242
M092518J055,M09,NGA_2,NGA,2,J,JUM092518J055,0,NA,NA,0.5384934384664967
M092518J056,M09,JRS_1,JRS,1,J,JUM092518J056,0,NA,NA,0.32863210747443233
M092518J056,M09,NGA_1,NGA,1,J,JUM092518J056,0,NA,NA,0.5069662796973504
M092518J056,M09,NGA_2,NGA,2,J,JUM092518J056,0,NA,NA,0.4765000605891803
M092518J057,M09,JRS_1,JRS,1,J,JUM092518J057,0,NA,NA,0.2867954749880255
M092518J057,M09,NGA_1,NGA,1,J,JUM092518J057,0,NA,NA,0.4747469873122589
M092518J057,M09,NGA_2,NGA,2,J,JUM092518J057,0,NA,NA,0.4099408593118206
M092518J058,M09,JRS_1,JRS,1,J,JUM092518J058,0,NA,NA,0.3610292296706932
M092518J058,M09,NGA_1,NGA,1,J,JUM092518J058,0,NA,NA,0.5124756121307875
M092518J058,M09,NGA_2,NGA,2,J,JUM092518J058,0,NA,NA,0.4905518240853233
M092518J059,M09,JRS_1,JRS,1,J,JUM092518J059,0,NA,NA,0.28932728466774293
M092518J059,M09,NGA_1,NGA,1,J,JUM092518J059,0,NA,NA,0.440291923290747
M092518J059,M09,NGA_2,NGA,2,J,JUM092518J059,0,NA,NA,0.4208210566095237
M092718J001,M09,JRS_1,JRS,1,J,JUM092718J001,0,NA,NA,0.3340109586967804
M092718J001,M09,NGA_1,NGA,1,J,JUM092718J001,0,NA,NA,0.4208204774985265
M092718J001,M09,NGA_2,NGA,2,J,JUM092718J001,0,NA,NA,0.45634920472178797
M092718J003,M09,JRS_1,JRS,1,J,JUM092718J003,0,NA,NA,0.4064117059793469
M092718J003,M09,NGA_1,NGA,1,J,JUM092718J003,0,NA,NA,0.5771799588438655
M092718J003,M09,NGA_2,NGA,2,J,JUM092718J003,0,NA,NA,0.5389645880780388
M092718J004,M09,JRS_1,JRS,1,J,JUM092718J004,1,1,0.4084499067916448,0.5923410277944765
M092718J004,M09,NGA_1,NGA,1,J,JUM092718J004,0,NA,NA,0.7054464993574974
M092718J004,M09,NGA_2,NGA,2,J,JUM092718J004,0,NA,NA,0.759645864839608
M092718J005,M09,JRS_1,JRS,1,J,JUM092718J005,0,NA,NA,0.37148489336813517
M092718J005,M09,NGA_1,NGA,1,J,JUM092718J005,0,NA,NA,0.6201472119840322
M092718J005,M09,NGA_2,NGA,2,J,JUM092718J005,0,NA,NA,0.4827793422464931
M092718J006,M09,JRS_1,JRS,1,J,JUM092718J006,0,NA,NA,0.3998431693951476
M092718J006,M09,NGA_1,NGA,1,J,JUM092718J006,0,NA,NA,0.5623556600313274
M092718J006,M09,NGA_2,NGA,2,J,JUM092718J006,0,NA,NA,0.6668432263098504
M092718J007,M09,JRS_1,JRS,1,J,JUM092718J007,0,NA,NA,0.40529272007615486
M092718J007,M09,NGA_1,NGA,1,J,JUM092718J007,0,NA,NA,0.4311833536788686
M092718J007,M09,NGA_2,NGA,2,J,JUM092718J007,0,NA,NA,0.42414276091610165
M092718J008,M09,JRS_1,JRS,1,J,JUM092718J008,0,NA,NA,0.2362985469457234
M092718J008,M09,NGA_1,NGA,1,J,JUM092718J008,0,NA,NA,0.5584307121906366
M092718J008,M09,NGA_2,NGA,2,J,JUM092718J008,0,NA,NA,0.5380442731882638
M092718J009,M09,JRS_1,JRS,1,J,JUM092718J009,0,NA,NA,0.3257223207319021
M092718J009,M09,NGA_1,NGA,1,J,JUM092718J009,0,NA,NA,0.5972218911635953
M092718J009,M09,NGA_2,NGA,2,J,JUM092718J009,0,NA,NA,0.5468559877833129
M092718J010,M09,JRS_1,JRS,1,J,JUM092718J010,0,NA,NA,0.33073930092114906
M092718J010,M09,NGA_1,NGA,1,J,JUM092718J010,0,NA,NA,0.569467355878219
M092718J010,M09,NGA_2,NGA,2,J,JUM092718J010,0,NA,NA,0.584311762086492
M092718J011,M09,JRS_1,JRS,1,J,JUM092718J011,0,NA,NA,0.35684987331892776
M092718J011,M09,NGA_1,NGA,1,J,JUM092718J011,0,NA,NA,0.5126906041701242
M092718J011,M09,NGA_2,NGA,2,J,JUM092718J011,0,NA,NA,0.5331263231707832
M092718J012,M09,JRS_1,JRS,1,J,JUM092718J012,0,NA,NA,0.39720245871294063
M092718J012,M09,NGA_1,NGA,1,J,JUM092718J012,0,NA,NA,0.5184187336105426
M092718J012,M09,NGA_2,NGA,2,J,JUM092718J012,0,NA,NA,0.49215874412983357
M092718J013,M09,JRS_1,JRS,1,J,JUM092718J013,0,NA,NA,0.35909859207887157
M092718J013,M09,NGA_1,NGA,1,J,JUM092718J013,0,NA,NA,0.5313387351784673
M092718J013,M09,NGA_2,NGA,2,J,JUM092718J013,0,NA,NA,0.48984881150483583
M092718J014,M09,JRS_1,JRS,1,J,JUM092718J014,0,NA,NA,0.4577998405299726
M092718J014,M09,NGA_1,NGA,1,J,JUM092718J014,0,NA,NA,0.5045588594561106
M092718J014,M09,NGA_2,NGA,2,J,JUM092718J014,0,NA,NA,0.424335395316927
M092718J015,M09,JRS_1,JRS,1,J,JUM092718J015,0,NA,NA,0.3284822256823739
M092718J015,M09,NGA_1,NGA,1,J,JUM092718J015,0,NA,NA,0.4484316922712717
M092718J015,M09,NGA_2,NGA,2,J,JUM092718J015,0,NA,NA,0.4873111595502619
M092718J016,M09,JRS_1,JRS,1,J,JUM092718J016,0,NA,NA,0.3824973094834676
M092718J016,M09,NGA_1,NGA,1,J,JUM092718J016,0,NA,NA,0.5423932460956455
M092718J016,M09,NGA_2,NGA,2,J,JUM092718J016,0,NA,NA,0.5416054866685682
M092718J017,M09,JRS_1,JRS,1,J,JUM092718J017,0,NA,NA,0.3586559753795404
M092718J017,M09,NGA_1,NGA,1,J,JUM092718J017,0,NA,NA,0.7204186890093819
M092718J017,M09,NGA_2,NGA,2,J,JUM092718J017,0,NA,NA,0.5866521404622357
M092718J018,M09,JRS_1,JRS,1,J,JUM092718J018,0,NA,NA,0.40726829632602457
M092718J018,M09,NGA_1,NGA,1,J,JUM092718J018,0,NA,NA,0.5618846521117539
M092718J018,M09,NGA_2,NGA,2,J,JUM092718J018,0,NA,NA,0.5647583327455937
M092718J019,M09,JRS_1,JRS,1,J,JUM092718J019,0,NA,NA,0.36566007068222595
M092718J019,M09,NGA_1,NGA,1,J,JUM092718J019,0,NA,NA,0.5800632816606517
M092718J019,M09,NGA_2,NGA,2,J,JUM092718J019,0,NA,NA,0.5889170835634153
M092718J020,M09,JRS_1,JRS,1,J,JUM092718J020,0,NA,NA,0.35184164413606256
M092718J020,M09,NGA_1,NGA,1,J,JUM092718J020,0,NA,NA,0.656572220102225
M092718J020,M09,NGA_2,NGA,2,J,JUM092718J020,0,NA,NA,0.5669228664572222
M092718J021,M09,JRS_1,JRS,1,J,JUM092718J021,0,NA,NA,0.34622676121126233
M092718J021,M09,NGA_1,NGA,1,J,JUM092718J021,0,NA,NA,0.3730586208531832
M092718J021,M09,NGA_2,NGA,2,J,JUM092718J021,0,NA,NA,0.3848762914948004
M092718J022,M09,JRS_1,JRS,1,J,JUM092718J022,0,NA,NA,0.3671542626520318
M092718J022,M09,NGA_1,NGA,1,J,JUM092718J022,0,NA,NA,0.5187771554070013
M092718J022,M09,NGA_2,NGA,2,J,JUM092718J022,0,NA,NA,0.5084559075642497
M092718J023,M09,JRS_1,JRS,1,J,JUM092718J023,0,NA,NA,0.27519008812312235
M092718J023,M09,NGA_1,NGA,1,J,JUM092718J023,0,NA,NA,0.5031011551489755
M092718J023,M09,NGA_2,NGA,2,J,JUM092718J023,0,NA,NA,0.5266554779317867
M092718J024,M09,JRS_1,JRS,1,J,JUM092718J024,0,NA,NA,0.3594969117867492
M092718J024,M09,NGA_1,NGA,1,J,JUM092718J024,0,NA,NA,0.3099127297658883
M092718J024,M09,NGA_2,NGA,2,J,JUM092718J024,0,NA,NA,0.43484272285045183
M092718J025,M09,JRS_1,JRS,1,J,JUM092718J025,0,NA,NA,0.5384551103130802
M092718J025,M09,NGA_1,NGA,1,J,JUM092718J025,0,NA,NA,0.5363038451339561
M092718J025,M09,NGA_2,NGA,2,J,JUM092718J025,0,NA,NA,0.5262667330751759
M092718J026,M09,JRS_1,JRS,1,J,JUM092718J026,0,NA,NA,0.40924025198579195
M092718J026,M09,NGA_1,NGA,1,J,JUM092718J026,0,NA,NA,0.5013886673644953
M092718J026,M09,NGA_2,NGA,2,J,JUM092718J026,0,NA,NA,0.5479260353569839
M092718J027,M09,JRS_1,JRS,1,J,JUM092718J027,0,NA,NA,0.4195619896736495
M092718J027,M09,NGA_1,NGA,1,J,JUM092718J027,0,NA,NA,0.5452121969569237
M092718J027,M09,NGA_2,NGA,2,J,JUM092718J027,0,NA,NA,0.5221439610976254
M092718J028,M09,JRS_1,JRS,1,J,JUM092718J028,0,NA,NA,0.4365166867768018
M092718J028,M09,NGA_1,NGA,1,J,JUM092718J028,0,NA,NA,0.5227599070107533
M092718J028,M09,NGA_2,NGA,2,J,JUM092718J028,0,NA,NA,0.582678902799541
M092718J029,M09,JRS_1,JRS,1,J,JUM092718J029,0,NA,NA,0.330482689717687
M092718J029,M09,NGA_1,NGA,1,J,JUM092718J029,0,NA,NA,0.4848254827138248
M092718J029,M09,NGA_2,NGA,2,J,JUM092718J029,0,NA,NA,0.47877415203597296
M092718J030,M09,JRS_1,JRS,1,J,JUM092718J030,0,NA,NA,0.3571665793712501
M092718J030,M09,NGA_1,NGA,1,J,JUM092718J030,0,NA,NA,0.5043475474268828
M092718J030,M09,NGA_2,NGA,2,J,JUM092718J030,0,NA,NA,0.45710978453369044
M092718J031,M09,JRS_1,JRS,1,J,JUM092718J031,0,NA,NA,0.3537352743519413
M092718J031,M09,NGA_1,NGA,1,J,JUM092718J031,0,NA,NA,0.4396458587582733
M092718J031,M09,NGA_2,NGA,2,J,JUM092718J031,0,NA,NA,0.41562013007928045
M092718J032,M09,JRS_1,JRS,1,J,JUM092718J032,0,NA,NA,0.35085328671258104
M092718J032,M09,NGA_1,NGA,1,J,JUM092718J032,0,NA,NA,0.5776674766394665
M092718J032,M09,NGA_2,NGA,2,J,JUM092718J032,0,NA,NA,0.5321496109944469
M101118J001,M10,JRS_1,JRS,1,J,JUM101118J001,0,NA,NA,0.3410083571323281
M101118J001,M10,NGA_1,NGA,1,J,JUM101118J001,0,NA,NA,0.5519263671653387
M101118J001,M10,NGA_2,NGA,2,J,JUM101118J001,0,NA,NA,0.52008333937602
M101118J002,M10,JRS_1,JRS,1,J,JUM101118J002,0,NA,NA,0.3754039895067472
M101118J002,M10,NGA_1,NGA,1,J,JUM101118J002,0,NA,NA,0.5019642473591087
M101118J002,M10,NGA_2,NGA,2,J,JUM101118J002,0,NA,NA,0.3903992533000645
M101118J003,M10,JRS_1,JRS,1,J,JUM101118J003,0,NA,NA,0.30308006367083257
M101118J003,M10,NGA_1,NGA,1,J,JUM101118J003,0,NA,NA,0.5015442611070318
M101118J003,M10,NGA_2,NGA,2,J,JUM101118J003,0,NA,NA,0.4872995677502605
M101118J004,M10,JRS_1,JRS,1,J,JUM101118J004,0,NA,NA,0.3834453205184747
M101118J004,M10,NGA_1,NGA,1,J,JUM101118J004,0,NA,NA,0.5928634848677053
M101118J004,M10,NGA_2,NGA,2,J,JUM101118J004,0,NA,NA,0.6226920090692233
M101118J005,M10,JRS_1,JRS,1,J,JUM101118J005,0,NA,NA,0.43566665243989255
M101118J005,M10,NGA_1,NGA,1,J,JUM101118J005,0,NA,NA,0.5402606198644113
M101118J005,M10,NGA_2,NGA,2,J,JUM101118J005,0,NA,NA,0.5439460467147557
M101118J006,M10,JRS_1,JRS,1,J,JUM101118J006,0,NA,NA,0.3824973094834679
M101118J006,M10,NGA_1,NGA,1,J,JUM101118J006,0,NA,NA,0.4368951142525572
M101118J006,M10,NGA_2,NGA,2,J,JUM101118J006,0,NA,NA,0.42553850966776735
M101118J007,M10,JRS_1,JRS,1,J,JUM101118J007,1,1,0.31875995129088314,0.3945628549815977
M101118J007,M10,NGA_1,NGA,1,J,JUM101118J007,0,NA,NA,0.5538652674900677
M101118J007,M10,NGA_2,NGA,2,J,JUM101118J007,0,NA,NA,0.5845812994947027
M101118J008,M10,JRS_1,JRS,1,J,JUM101118J008,0,NA,NA,0.35571040034388846
M101118J008,M10,NGA_1,NGA,1,J,JUM101118J008,0,NA,NA,0.47757823202180116
M101118J008,M10,NGA_2,NGA,2,J,JUM101118J008,0,NA,NA,0.5199028531825278
M101118J009,M10,JRS_1,JRS,1,J,JUM101118J009,0,NA,NA,0.4842039455275213
M101118J009,M10,NGA_1,NGA,1,J,JUM101118J009,0,NA,NA,0.4700312576158749
M101118J009,M10,NGA_2,NGA,2,J,JUM101118J009,0,NA,NA,0.45981447985877877
M101118J010,M10,JRS_1,JRS,1,J,JUM101118J010,0,NA,NA,0.36702576841757034
M101118J010,M10,NGA_1,NGA,1,J,JUM101118J010,0,NA,NA,0.4828808458265944
M101118J010,M10,NGA_2,NGA,2,J,JUM101118J010,0,NA,NA,0.502429071368863
M101118J011,M10,JRS_1,JRS,1,J,JUM101118J011,0,NA,NA,0.3307975526958875
M101118J011,M10,NGA_1,NGA,1,J,JUM101118J011,0,NA,NA,0.5121119002358463
M101118J011,M10,NGA_2,NGA,2,J,JUM101118J011,0,NA,NA,0.47941718328919575
M101118J012,M10,JRS_1,JRS,1,J,JUM101118J012,0,NA,NA,0.34774315975135606
M101118J012,M10,NGA_1,NGA,1,J,JUM101118J012,0,NA,NA,0.5691396694915468
M101118J012,M10,NGA_2,NGA,2,J,JUM101118J012,0,NA,NA,0.570811035901133
M101118J013,M10,JRS_1,JRS,1,J,JUM101118J013,0,NA,NA,0.4719759491423111
M101118J013,M10,NGA_1,NGA,1,J,JUM101118J013,0,NA,NA,0.4464240663347821
M101118J013,M10,NGA_2,NGA,2,J,JUM101118J013,0,NA,NA,0.41931112551594785
M101118J014,M10,JRS_1,JRS,1,J,JUM101118J014,0,NA,NA,0.4577461541017963
M101118J014,M10,NGA_1,NGA,1,J,JUM101118J014,0,NA,NA,0.5312015571199298
M101118J014,M10,NGA_2,NGA,2,J,JUM101118J014,0,NA,NA,0.4780012127048871
M101118J015,M10,JRS_1,JRS,1,J,JUM101118J015,0,NA,NA,0.45471096168065067
M101118J015,M10,NGA_1,NGA,1,J,JUM101118J015,0,NA,NA,0.575385839905791
M101118J015,M10,NGA_2,NGA,2,J,JUM101118J015,0,NA,NA,0.5587060354596317
M101118J016,M10,JRS_1,JRS,1,J,JUM101118J016,0,NA,NA,0.41225204227692647
M101118J016,M10,NGA_1,NGA,1,J,JUM101118J016,0,NA,NA,0.6426549012058776
M101118J016,M10,NGA_2,NGA,2,J,JUM101118J016,0,NA,NA,0.6125562788321314
M101118J017,M10,JRS_1,JRS,1,J,JUM101118J017,0,NA,NA,0.41680995356322564
M101118J017,M10,NGA_1,NGA,1,J,JUM101118J017,0,NA,NA,0.567697468899734
M101118J017,M10,NGA_2,NGA,2,J,JUM101118J017,0,NA,NA,0.5099092432588964
M101118J018,M10,JRS_1,JRS,1,J,JUM101118J018,0,NA,NA,0.41225204227692697
M101118J018,M10,NGA_1,NGA,1,J,JUM101118J018,0,NA,NA,0.5691664810842328
M101118J018,M10,NGA_2,NGA,2,J,JUM101118J018,0,NA,NA,0.5761103629757518
M101118J019,M10,JRS_1,JRS,1,J,JUM101118J019,0,NA,NA,0.32272696506971593
M101118J019,M10,NGA_1,NGA,1,J,JUM101118J019,0,NA,NA,0.46056960098398125
M101118J019,M10,NGA_2,NGA,2,J,JUM101118J019,0,NA,NA,0.46918769546237704
M101118J020,M10,JRS_1,JRS,1,J,JUM101118J020,0,NA,NA,0.30474607198616543
M101118J020,M10,NGA_1,NGA,1,J,JUM101118J020,0,NA,NA,0.47455311045621196
M101118J020,M10,NGA_2,NGA,2,J,JUM101118J020,0,NA,NA,0.4670586419592045
M101118J021,M10,JRS_1,JRS,1,J,JUM101118J021,0,NA,NA,0.2985089631226501
M101118J021,M10,NGA_1,NGA,1,J,JUM101118J021,0,NA,NA,0.5329721481905166
M101118J021,M10,NGA_2,NGA,2,J,JUM101118J021,0,NA,NA,0.4648046659326748
M101118J022,M10,NGA_1,NGA,1,J,JUM101118J022,0,NA,NA,0.612661857665993
M101118J022,M10,NGA_2,NGA,2,J,JUM101118J022,0,NA,NA,0.5173158905184128
M101118J023,M10,JRS_1,JRS,1,J,JUM101118J023,0,NA,NA,0.35532871564288865
M101118J023,M10,NGA_1,NGA,1,J,JUM101118J023,0,NA,NA,0.6690351180861656
M101118J023,M10,NGA_2,NGA,2,J,JUM101118J023,0,NA,NA,0.6439082476943846
M101118J024,M10,JRS_1,JRS,1,J,JUM101118J024,0,NA,NA,0.4052869800051268
M101118J024,M10,NGA_1,NGA,1,J,JUM101118J024,0,NA,NA,0.5584539514554401
M101118J024,M10,NGA_2,NGA,2,J,JUM101118J024,0,NA,NA,0.5196625861443003
M101118J025,M10,JRS_1,JRS,1,J,JUM101118J025,0,NA,NA,0.40889948224076117
M101118J025,M10,NGA_1,NGA,1,J,JUM101118J025,0,NA,NA,0.5668482374414576
M101118J025,M10,NGA_2,NGA,2,J,JUM101118J025,0,NA,NA,0.6091363010423079
M101118J026,M10,JRS_1,JRS,1,J,JUM101118J026,0,NA,NA,0.39245043604844393
M101118J026,M10,NGA_1,NGA,1,J,JUM101118J026,0,NA,NA,0.45848602192093957
M101118J026,M10,NGA_2,NGA,2,J,JUM101118J026,0,NA,NA,0.5220730364141867
M101118J027,M10,JRS_1,JRS,1,J,JUM101118J027,0,NA,NA,0.355333695043211
M101118J027,M10,NGA_1,NGA,1,J,JUM101118J027,0,NA,NA,0.5614737717514616
M101118J027,M10,NGA_2,NGA,2,J,JUM101118J027,0,NA,NA,0.5390428737529913
M101118J028,M10,JRS_1,JRS,1,J,JUM101118J028,0,NA,NA,0.4213981344699049
M101118J028,M10,NGA_1,NGA,1,J,JUM101118J028,0,NA,NA,0.5929649933260851
M101118J028,M10,NGA_2,NGA,2,J,JUM101118J028,0,NA,NA,0.48350449748075264
M101118J029,M10,JRS_1,JRS,1,J,JUM101118J029,0,NA,NA,0.5265102079098962
M101118J029,M10,NGA_1,NGA,1,J,JUM101118J029,0,NA,NA,0.5805962393844812
M101118J029,M10,NGA_2,NGA,2,J,JUM101118J029,0,NA,NA,0.5375478004656017
M101118J030,M10,JRS_1,JRS,1,J,JUM101118J030,0,NA,NA,0.4976081905680408
M101118J030,M10,NGA_1,NGA,1,J,JUM101118J030,0,NA,NA,0.5070173678967446
M101118J030,M10,NGA_2,NGA,2,J,JUM101118J030,0,NA,NA,0.4506819487639172
M101118J031,M10,JRS_1,JRS,1,J,JUM101118J031,0,NA,NA,0.3461553939676591
M101118J031,M10,NGA_1,NGA,1,J,JUM101118J031,0,NA,NA,0.5477109585153954
M101118J031,M10,NGA_2,NGA,2,J,JUM101118J031,0,NA,NA,0.5448197241112656
M111518J001,M11,JRS_1,JRS,1,J,JUM111518J001,0,NA,NA,0.43372329235342605
M111518J001,M11,NGA_1,NGA,1,J,JUM111518J001,0,NA,NA,0.4861565598264059
M111518J001,M11,NGA_2,NGA,2,J,JUM111518J001,0,NA,NA,0.5177510486951394
M111518J002,M11,JRS_1,JRS,1,J,JUM111518J002,0,NA,NA,0.326146276898966
M111518J002,M11,NGA_1,NGA,1,J,JUM111518J002,0,NA,NA,0.5390595693608596
M111518J002,M11,NGA_2,NGA,2,J,JUM111518J002,0,NA,NA,0.5287787902395804
M111518J003,M11,JRS_1,JRS,1,J,JUM111518J003,0,NA,NA,0.3941848630521271
M111518J003,M11,NGA_1,NGA,1,J,JUM111518J003,0,NA,NA,0.5765675630937612
M111518J003,M11,NGA_2,NGA,2,J,JUM111518J003,0,NA,NA,0.544416950804016
M111518J004,M11,JRS_1,JRS,1,J,JUM111518J004,0,NA,NA,0.5696674537235651
M111518J004,M11,NGA_1,NGA,1,J,JUM111518J004,0,NA,NA,0.5805492551103018
M111518J004,M11,NGA_2,NGA,2,J,JUM111518J004,0,NA,NA,0.5727986478536801
M111518J005,M11,JRS_1,JRS,1,J,JUM111518J005,0,NA,NA,0.3782549389652817
M111518J005,M11,NGA_1,NGA,1,J,JUM111518J005,0,NA,NA,0.5020472807484838
M111518J005,M11,NGA_2,NGA,2,J,JUM111518J005,0,NA,NA,0.5696410600856118
M111518J006,M11,JRS_1,JRS,1,J,JUM111518J006,0,NA,NA,0.42875751243649585
M111518J006,M11,NGA_1,NGA,1,J,JUM111518J006,0,NA,NA,0.6131821673553999
M111518J006,M11,NGA_2,NGA,2,J,JUM111518J006,0,NA,NA,0.6010871502222388
M111518J007,M11,JRS_1,JRS,1,J,JUM111518J007,0,NA,NA,0.40678506615621285
M111518J007,M11,NGA_1,NGA,1,J,JUM111518J007,0,NA,NA,0.5273363397882416
M111518J007,M11,NGA_2,NGA,2,J,JUM111518J007,0,NA,NA,0.5975421312471104
M111518J008,M11,JRS_1,JRS,1,J,JUM111518J008,0,NA,NA,0.5576265461916047
M111518J008,M11,NGA_1,NGA,1,J,JUM111518J008,0,NA,NA,0.6126666016675528
M111518J008,M11,NGA_2,NGA,2,J,JUM111518J008,0,NA,NA,0.6250084996035256
M111518J009,M11,JRS_1,JRS,1,J,JUM111518J009,0,NA,NA,0.372426039124903
M111518J009,M11,NGA_1,NGA,1,J,JUM111518J009,0,NA,NA,0.5756459088311567
M111518J009,M11,NGA_2,NGA,2,J,JUM111518J009,0,NA,NA,0.5771018095094631
M111518J010,M11,JRS_1,JRS,1,J,JUM111518J010,0,NA,NA,0.4352670682386515
M111518J010,M11,NGA_1,NGA,1,J,JUM111518J010,0,NA,NA,0.5891167776535415
M111518J010,M11,NGA_2,NGA,2,J,JUM111518J010,0,NA,NA,0.5659484065245697
M111518J011,M11,JRS_1,JRS,1,J,JUM111518J011,0,NA,NA,0.314220656284787
M111518J011,M11,NGA_1,NGA,1,J,JUM111518J011,0,NA,NA,0.5680892773522194
M111518J011,M11,NGA_2,NGA,2,J,JUM111518J011,0,NA,NA,0.5247630082636512
M111518J012,M11,JRS_1,JRS,1,J,JUM111518J012,1,1,0.24800453532159125,0.4120198730780047
M111518J012,M11,NGA_1,NGA,1,J,JUM111518J012,0,NA,NA,0.5232698640399176
M111518J012,M11,NGA_2,NGA,2,J,JUM111518J012,0,NA,NA,0.5777143588631537
M111518J013,M11,JRS_1,JRS,1,J,JUM111518J013,0,NA,NA,0.3297887083284698
M111518J013,M11,NGA_1,NGA,1,J,JUM111518J013,0,NA,NA,0.4457728769483392
M111518J013,M11,NGA_2,NGA,2,J,JUM111518J013,0,NA,NA,0.4506944254426677
M111518J014,M11,JRS_1,JRS,1,J,JUM111518J014,0,NA,NA,0.36860020757287837
M111518J014,M11,NGA_1,NGA,1,J,JUM111518J014,0,NA,NA,0.5772221168046545
M111518J014,M11,NGA_2,NGA,2,J,JUM111518J014,0,NA,NA,0.5302911798414861
M111518J015,M11,JRS_1,JRS,1,J,JUM111518J015,0,NA,NA,0.4031221679299022
M111518J015,M11,NGA_1,NGA,1,J,JUM111518J015,0,NA,NA,0.49560535393539357
M111518J015,M11,NGA_2,NGA,2,J,JUM111518J015,0,NA,NA,0.5105697957788532
M111518J016,M11,JRS_1,JRS,1,J,JUM111518J016,0,NA,NA,0.4193406640066324
M111518J016,M11,NGA_1,NGA,1,J,JUM111518J016,0,NA,NA,0.638884221013577
M111518J016,M11,NGA_2,NGA,2,J,JUM111518J016,0,NA,NA,0.6115439544061118
M111518J017,M11,JRS_1,JRS,1,J,JUM111518J017,0,NA,NA,0.31395500521331193
M111518J017,M11,NGA_1,NGA,1,J,JUM111518J017,0,NA,NA,0.5744680486694178
M111518J017,M11,NGA_2,NGA,2,J,JUM111518J017,0,NA,NA,0.47883215242378296
M111518J018,M11,NGA_1,NGA,1,J,JUM111518J018,0,NA,NA,0.49178794292431666
M111518J018,M11,NGA_2,NGA,2,J,JUM111518J018,0,NA,NA,0.4942160546457748
M111518J019,M11,JRS_1,JRS,1,J,JUM111518J019,0,NA,NA,0.5391131929275925
M111518J019,M11,NGA_1,NGA,1,J,JUM111518J019,0,NA,NA,0.497583078415661
M111518J019,M11,NGA_2,NGA,2,J,JUM111518J019,0,NA,NA,0.5374484841225597
M111518J020,M11,JRS_1,JRS,1,J,JUM111518J020,0,NA,NA,0.3627144853473693
M111518J020,M11,NGA_1,NGA,1,J,JUM111518J020,0,NA,NA,0.5634372473528423
M111518J020,M11,NGA_2,NGA,2,J,JUM111518J020,0,NA,NA,0.5674901659740611
M111518J021,M11,JRS_1,JRS,1,J,JUM111518J021,0,NA,NA,0.37674804252597144
M111518J021,M11,NGA_1,NGA,1,J,JUM111518J021,0,NA,NA,0.631550215084751
M111518J021,M11,NGA_2,NGA,2,J,JUM111518J021,0,NA,NA,0.5280443477449653
M111518J022,M11,JRS_1,JRS,1,J,JUM111518J022,0,NA,NA,0.3761967982500197
M111518J022,M11,NGA_1,NGA,1,J,JUM111518J022,0,NA,NA,0.5709659324758245
M111518J022,M11,NGA_2,NGA,2,J,JUM111518J022,0,NA,NA,0.4925193226504791
M111518J023,M11,JRS_1,JRS,1,J,JUM111518J023,0,NA,NA,0.4303829571093967
M111518J023,M11,NGA_1,NGA,1,J,JUM111518J023,0,NA,NA,0.6223060785685024
M111518J023,M11,NGA_2,NGA,2,J,JUM111518J023,0,NA,NA,0.47765127280055114
M111518J024,M11,JRS_1,JRS,1,J,JUM111518J024,0,NA,NA,0.5421784814705518
M111518J024,M11,NGA_1,NGA,1,J,JUM111518J024,0,NA,NA,0.5295946932487
M111518J024,M11,NGA_2,NGA,2,J,JUM111518J024,0,NA,NA,0.5791673369146547
M111518J025,M11,JRS_1,JRS,1,J,JUM111518J025,0,NA,NA,0.4074105807963587
M111518J025,M11,NGA_1,NGA,1,J,JUM111518J025,0,NA,NA,0.564727728639591
M111518J025,M11,NGA_2,NGA,2,J,JUM111518J025,0,NA,NA,0.5765006518183192
M111518J026,M11,JRS_1,JRS,1,J,JUM111518J026,0,NA,NA,0.38730778364708024
M111518J026,M11,NGA_1,NGA,1,J,JUM111518J026,0,NA,NA,0.49104409448118913
M111518J026,M11,NGA_2,NGA,2,J,JUM111518J026,0,NA,NA,0.5615649554735666
M111518J027,M11,JRS_1,JRS,1,J,JUM111518J027,0,NA,NA,0.4102390903339759
M111518J027,M11,NGA_1,NGA,1,J,JUM111518J027,0,NA,NA,0.48216963130726526
M111518J027,M11,NGA_2,NGA,2,J,JUM111518J027,0,NA,NA,0.4806428635717298
M111518J028,M11,JRS_1,JRS,1,J,JUM111518J028,0,NA,NA,0.43524319908300646
M111518J028,M11,NGA_1,NGA,1,J,JUM111518J028,0,NA,NA,0.5541685519713618
M111518J028,M11,NGA_2,NGA,2,J,JUM111518J028,0,NA,NA,0.5704384245553218
M111518J029,M11,JRS_1,JRS,1,J,JUM111518J029,0,NA,NA,0.4575630773570591
M111518J029,M11,NGA_1,NGA,1,J,JUM111518J029,0,NA,NA,0.5513298876969103
M111518J029,M11,NGA_2,NGA,2,J,JUM111518J029,0,NA,NA,0.4404787108184692
M111518J030,M11,JRS_1,JRS,1,J,JUM111518J030,0,NA,NA,0.40887785880914085
M111518J030,M11,NGA_1,NGA,1,J,JUM111518J030,0,NA,NA,0.6165026415719219
M111518J030,M11,NGA_2,NGA,2,J,JUM111518J030,0,NA,NA,0.6781427669944964
M111518J031,M11,JRS_1,JRS,1,J,JUM111518J031,0,NA,NA,0.4190152355876353
M111518J031,M11,NGA_1,NGA,1,J,JUM111518J031,0,NA,NA,0.4577533627296167
M111518J031,M11,NGA_2,NGA,2,J,JUM111518J031,0,NA,NA,0.4813808257138434
M111518J032,M11,JRS_1,JRS,1,J,JUM111518J032,0,NA,NA,0.4059717101214923
M111518J032,M11,NGA_1,NGA,1,J,JUM111518J032,0,NA,NA,0.4824895236971914
M111518J032,M11,NGA_2,NGA,2,J,JUM111518J032,0,NA,NA,0.541608652393018
M111518J034,M11,JRS_1,JRS,1,J,JUM111518J034,0,NA,NA,0.3409345328542595
M111518J034,M11,NGA_1,NGA,1,J,JUM111518J034,0,NA,NA,0.5034795583700328
M111518J034,M11,NGA_2,NGA,2,J,JUM111518J034,0,NA,NA,0.5159526279508005
M111518J035,M11,JRS_1,JRS,1,J,JUM111518J035,0,NA,NA,0.3450736806890368
M111518J035,M11,NGA_1,NGA,1,J,JUM111518J035,0,NA,NA,0.5068356823397436
M111518J035,M11,NGA_2,NGA,2,J,JUM111518J035,0,NA,NA,0.5580352385212918
M111518J036,M11,JRS_1,JRS,1,J,JUM111518J036,0,NA,NA,0.47321268164404084
M111518J036,M11,NGA_1,NGA,1,J,JUM111518J036,0,NA,NA,0.4673131468202718
M111518J036,M11,NGA_2,NGA,2,J,JUM111518J036,0,NA,NA,0.4758903208462213
M111518J037,M11,JRS_1,JRS,1,J,JUM111518J037,0,NA,NA,0.4545238199611401
M111518J037,M11,NGA_1,NGA,1,J,JUM111518J037,0,NA,NA,0.580609007199887
M111518J037,M11,NGA_2,NGA,2,J,JUM111518J037,0,NA,NA,0.5389140808414289
M111518J038,M11,JRS_1,JRS,1,J,JUM111518J038,0,NA,NA,0.35083468720215266
M111518J038,M11,NGA_1,NGA,1,J,JUM111518J038,0,NA,NA,0.5515391541617775
M111518J038,M11,NGA_2,NGA,2,J,JUM111518J038,0,NA,NA,0.5250389973832496
M111518J039,M11,JRS_1,JRS,1,J,JUM111518J039,0,NA,NA,0.37478560236592046
M111518J039,M11,NGA_1,NGA,1,J,JUM111518J039,0,NA,NA,0.47989971279222865
M111518J039,M11,NGA_2,NGA,2,J,JUM111518J039,0,NA,NA,0.4507788340378849
M111518J040,M11,JRS_1,JRS,1,J,JUM111518J040,0,NA,NA,0.3779156894881141
M111518J040,M11,NGA_1,NGA,1,J,JUM111518J040,0,NA,NA,0.6389688018431446
M111518J040,M11,NGA_2,NGA,2,J,JUM111518J040,0,NA,NA,0.6451899953432295
M111518J041,M11,JRS_1,JRS,1,J,JUM111518J041,0,NA,NA,0.4257521389315566
M111518J041,M11,NGA_1,NGA,1,J,JUM111518J041,0,NA,NA,0.4550054026657598
M111518J041,M11,NGA_2,NGA,2,J,JUM111518J041,0,NA,NA,0.50259485184284
M111518J042,M11,JRS_1,JRS,1,J,JUM111518J042,0,NA,NA,0.29789418597965195
M111518J042,M11,NGA_1,NGA,1,J,JUM111518J042,0,NA,NA,0.528728683654256
M111518J042,M11,NGA_2,NGA,2,J,JUM111518J042,0,NA,NA,0.536977397915669
M111518J043,M11,NGA_1,NGA,1,J,JUM111518J043,0,NA,NA,0.6950811929361121
M111518J043,M11,NGA_2,NGA,2,J,JUM111518J043,0,NA,NA,0.5936001018137554
M111518J044,M11,NGA_1,NGA,1,J,JUM111518J044,0,NA,NA,0.541354327052666
M111518J044,M11,NGA_2,NGA,2,J,JUM111518J044,0,NA,NA,0.531115131987609
M111518J045,M11,JRS_1,JRS,1,J,JUM111518J045,0,NA,NA,0.4474677709109249
M111518J045,M11,NGA_1,NGA,1,J,JUM111518J045,0,NA,NA,0.516863762581062
M111518J045,M11,NGA_2,NGA,2,J,JUM111518J045,0,NA,NA,0.6081330157694892
M111518J046,M11,JRS_1,JRS,1,J,JUM111518J046,0,NA,NA,0.42940340582084635
M111518J046,M11,NGA_1,NGA,1,J,JUM111518J046,0,NA,NA,0.5473400476691456
M111518J046,M11,NGA_2,NGA,2,J,JUM111518J046,0,NA,NA,0.5303212760740351
M111518J047,M11,JRS_1,JRS,1,J,JUM111518J047,0,NA,NA,0.4298014372038806
M111518J047,M11,NGA_1,NGA,1,J,JUM111518J047,0,NA,NA,0.47383178353127986
M111518J047,M11,NGA_2,NGA,2,J,JUM111518J047,0,NA,NA,0.4224769337468514
M111518J049,M11,JRS_1,JRS,1,J,JUM111518J049,0,NA,NA,0.3382768837755049
M111518J049,M11,NGA_1,NGA,1,J,JUM111518J049,0,NA,NA,0.5567810157261084
M111518J049,M11,NGA_2,NGA,2,J,JUM111518J049,0,NA,NA,0.5168743525360745
M111518J050,M11,JRS_1,JRS,1,J,JUM111518J050,0,NA,NA,0.32958109285859444
M111518J050,M11,NGA_1,NGA,1,J,JUM111518J050,0,NA,NA,0.5461738237726562
M111518J050,M11,NGA_2,NGA,2,J,JUM111518J050,0,NA,NA,0.5293146952628023
M111518J051,M11,JRS_1,JRS,1,J,JUM111518J051,0,NA,NA,0.35316056967895526
M111518J051,M11,NGA_1,NGA,1,J,JUM111518J051,0,NA,NA,0.5322383003141958
M111518J051,M11,NGA_2,NGA,2,J,JUM111518J051,0,NA,NA,0.518886290990206
M111518J052,M11,JRS_1,JRS,1,J,JUM111518J052,0,NA,NA,0.37360836650051527
M111518J052,M11,NGA_1,NGA,1,J,JUM111518J052,0,NA,NA,0.5181199726885263
M111518J052,M11,NGA_2,NGA,2,J,JUM111518J052,0,NA,NA,0.5179210143313616
M111518J053,M11,JRS_1,JRS,1,J,JUM111518J053,0,NA,NA,0.4519825356431373
M111518J053,M11,NGA_1,NGA,1,J,JUM111518J053,0,NA,NA,0.7103416859448056
M111518J053,M11,NGA_2,NGA,2,J,JUM111518J053,0,NA,NA,0.5900418943322122
M111518J054,M11,JRS_1,JRS,1,J,JUM111518J054,0,NA,NA,0.3343308126523436
M111518J054,M11,NGA_1,NGA,1,J,JUM111518J054,0,NA,NA,0.5743924132882675
M111518J054,M11,NGA_2,NGA,2,J,JUM111518J054,0,NA,NA,0.4496878821190729
M111518J055,M11,JRS_1,JRS,1,J,JUM111518J055,0,NA,NA,0.36868026508188545
M111518J055,M11,NGA_1,NGA,1,J,JUM111518J055,0,NA,NA,0.25005962537960086
M111518J055,M11,NGA_2,NGA,2,J,JUM111518J055,0,NA,NA,0.5317888047866292
M111518J056,M11,JRS_1,JRS,1,J,JUM111518J056,0,NA,NA,0.318733575510004
M111518J056,M11,NGA_1,NGA,1,J,JUM111518J056,0,NA,NA,0.6704133232341768
M111518J056,M11,NGA_2,NGA,2,J,JUM111518J056,0,NA,NA,0.5669885162536431
M111518J057,M11,JRS_1,JRS,1,J,JUM111518J057,0,NA,NA,0.39146270311404474
M111518J057,M11,NGA_1,NGA,1,J,JUM111518J057,0,NA,NA,0.633826118907679
M111518J057,M11,NGA_2,NGA,2,J,JUM111518J057,0,NA,NA,0.5373254091132241
M111518J058,M11,JRS_1,JRS,1,J,JUM111518J058,0,NA,NA,0.332111854484311
M111518J058,M11,NGA_1,NGA,1,J,JUM111518J058,0,NA,NA,0.6848388812692718
M111518J058,M11,NGA_2,NGA,2,J,JUM111518J058,0,NA,NA,0.5942273756340068
ANX091818A002,ANX,CJF_1,CJF,1,R,R-ANX091818A002,1,1,0.47488960435564265,0.7565307075081342
ANX091818A002,ANX,JRS_1,JRS,1,R,R-ANX091818A002,1,1,0.4660343075406144,0.7425311831019241
ANX091818A002,ANX,LEL_1,LEL,1,R,R-ANX091818A002,2,1,0.32720488826497607,0.6937421751387112
ANX091818A002,ANX,LEL_1,LEL,1,R,R-ANX091818A002,2,2,0.4623864441730213,0.6937421751387112
ANX091818A002,ANX,LSR_1,LSR,1,R,R-ANX091818A002,2,1,0.4949512087813721,0.7737791188289458
ANX091818A002,ANX,LSR_1,LSR,1,R,R-ANX091818A002,2,2,0.6533673183581448,0.7737791188289458
ANX091818A002,ANX,NGA_1,NGA,1,R,R-ANX091818A002,2,1,0.433984844079264,0.6828549937718487
ANX091818A002,ANX,NGA_1,NGA,1,R,R-ANX091818A002,2,2,0.5568531566856861,0.6828549937718487
ANX091818A003,ANX,CJF_1,CJF,1,R,R-ANX091818A003,4,1,0.5168971654356634,1.2027069032079014
ANX091818A003,ANX,CJF_1,CJF,1,R,R-ANX091818A003,4,2,0.7622484180712905,1.2027069032079014
ANX091818A003,ANX,CJF_1,CJF,1,R,R-ANX091818A003,4,3,0.949327671790632,1.2027069032079014
ANX091818A003,ANX,CJF_1,CJF,1,R,R-ANX091818A003,4,4,1.0760034569493904,1.2027069032079014
ANX091818A003,ANX,JRS_1,JRS,1,R,R-ANX091818A003,3,1,0.5823681300298315,1.2299102213990636
ANX091818A003,ANX,JRS_1,JRS,1,R,R-ANX091818A003,3,2,0.7873049195500805,1.2299102213990636
ANX091818A003,ANX,JRS_1,JRS,1,R,R-ANX091818A003,3,3,0.9709512817068847,1.2299102213990636
ANX091818A003,ANX,LEL_1,LEL,1,R,R-ANX091818A003,3,1,0.43272515682467705,0.8397494202633575
ANX091818A003,ANX,LEL_1,LEL,1,R,R-ANX091818A003,3,2,0.5968993451986195,0.8397494202633575
ANX091818A003,ANX,LEL_1,LEL,1,R,R-ANX091818A003,3,3,0.722724686928318,0.8397494202633575
ANX091818A003,ANX,LSR_1,LSR,1,R,R-ANX091818A003,4,1,0.3330425341724097,0.6804091850400655
ANX091818A003,ANX,LSR_1,LSR,1,R,R-ANX091818A003,4,2,0.4667683950344524,0.6804091850400655
ANX091818A003,ANX,LSR_1,LSR,1,R,R-ANX091818A003,4,3,0.5723166720545618,0.6804091850400655
ANX091818A003,ANX,LSR_1,LSR,1,R,R-ANX091818A003,4,4,0.6558126303719438,0.6804091850400655
ANX091818A003,ANX,MJS_1,MJS,1,R,R-ANX091818A003,4,1,0.35484043650977065,0.7096808730195334
ANX091818A003,ANX,MJS_1,MJS,1,R,R-ANX091818A003,4,2,0.5047444058327177,0.7096808730195334
ANX091818A003,ANX,MJS_1,MJS,1,R,R-ANX091818A003,4,3,0.5978155106140995,0.7096808730195334
ANX091818A003,ANX,MJS_1,MJS,1,R,R-ANX091818A003,4,4,0.7096808730195334,0.7096808730195334
ANX091818A003,ANX,NGA_1,NGA,1,R,R-ANX091818A003,3,1,0.5823566341411553,1.2549603857683018
ANX091818A003,ANX,NGA_1,NGA,1,R,R-ANX091818A003,3,2,0.7909133836216091,1.2549603857683018
ANX091818A003,ANX,NGA_1,NGA,1,R,R-ANX091818A003,3,3,0.9967552164378778,1.2549603857683018
ANX091818A004,ANX,JRS_1,JRS,1,R,R-ANX091818A004,1,1,0.26505289811582006,0.44191343848609277
ANX091818A004,ANX,LEL_1,LEL,1,R,R-ANX091818A004,1,1,0.37718380769429793,0.5967432638583593
ANX091818A005,ANX,CJF_1,CJF,1,R,R-ANX091818A005,2,1,0.4633923972943758,0.7618675561643163
ANX091818A005,ANX,CJF_1,CJF,1,R,R-ANX091818A005,2,2,0.6527401443350067,0.7618675561643163
ANX091818A005,ANX,JRS_1,JRS,1,R,R-ANX091818A005,1,1,0.491754809941838,0.7818059261998984
ANX091818A005,ANX,LEL_1,LEL,1,R,R-ANX091818A005,2,1,0.4907434837477203,0.8052639870496265
ANX091818A005,ANX,LEL_1,LEL,1,R,R-ANX091818A005,2,2,0.6745151018167828,0.8052639870496265
ANX091818A005,ANX,LSR_1,LSR,1,R,R-ANX091818A005,3,1,0.41884990336206795,0.6411462933212748
ANX091818A005,ANX,LSR_1,LSR,1,R,R-ANX091818A005,3,2,0.5515209872065535,0.6411462933212748
ANX091818A005,ANX,LSR_1,LSR,1,R,R-ANX091818A005,3,3,0.6074667523670018,0.6411462933212748
ANX091818A005,ANX,MJS_1,MJS,1,R,R-ANX091818A005,2,1,0.4638527633368036,0.7707171442467158
ANX091818A005,ANX,MJS_1,MJS,1,R,R-ANX091818A005,2,2,0.7707171442467158,0.7707171442467158
ANX091818A006,ANX,CJF_1,CJF,1,R,R-ANX091818A006,4,1,0.38066588642605076,0.9928239472470968
ANX091818A006,ANX,CJF_1,CJF,1,R,R-ANX091818A006,4,2,0.6140083180136223,0.9928239472470968
ANX091818A006,ANX,CJF_1,CJF,1,R,R-ANX091818A006,4,3,0.7733900445213836,0.9928239472470968
ANX091818A006,ANX,CJF_1,CJF,1,R,R-ANX091818A006,4,4,0.89498588095718,0.9928239472470968
ANX091818A006,ANX,JRS_1,JRS,1,R,R-ANX091818A006,3,1,0.48459266350124874,0.8518341283925367
ANX091818A006,ANX,JRS_1,JRS,1,R,R-ANX091818A006,3,2,0.6380547429817376,0.8518341283925367
ANX091818A006,ANX,JRS_1,JRS,1,R,R-ANX091818A006,3,3,0.7517150175726512,0.8518341283925367
ANX091818A006,ANX,LEL_1,LEL,1,R,R-ANX091818A006,1,1,0.5147741802182103,0.7308899176360916
ANX091818A006,ANX,LSR_1,LSR,1,R,R-ANX091818A006,3,1,0.3910830005950937,0.7412647843760639
ANX091818A006,ANX,LSR_1,LSR,1,R,R-ANX091818A006,3,2,0.5391078386628705,0.7412647843760639
ANX091818A006,ANX,LSR_1,LSR,1,R,R-ANX091818A006,3,3,0.6428727744964005,0.7412647843760639
ANX091818A006,ANX,MJS_1,MJS,1,R,R-ANX091818A006,5,1,0.21572458961793867,0.7764978220691374
ANX091818A006,ANX,MJS_1,MJS,1,R,R-ANX091818A006,5,2,0.4359947804492038,0.7764978220691374
ANX091818A006,ANX,MJS_1,MJS,1,R,R-ANX091818A006,5,3,0.5867161402524528,0.7764978220691374
ANX091818A006,ANX,MJS_1,MJS,1,R,R-ANX091818A006,5,4,0.6945784350614216,0.7764978220691374
ANX091818A006,ANX,MJS_1,MJS,1,R,R-ANX091818A006,5,5,0.7764978220691374,0.7764978220691374
ANX091818A009,ANX,CJF_1,CJF,1,R,R-ANX091818A009,2,1,0.45948222692822227,0.7501331689553092
ANX091818A009,ANX,CJF_1,CJF,1,R,R-ANX091818A009,2,2,0.6267484429357701,0.7501331689553092
ANX091818A009,ANX,JRS_1,JRS,1,R,R-ANX091818A009,2,1,0.470824522936788,0.7622918539962829
ANX091818A009,ANX,JRS_1,JRS,1,R,R-ANX091818A009,2,2,0.6272061175372509,0.7622918539962829
ANX091818A009,ANX,LEL_1,LEL,1,R,R-ANX091818A009,2,1,0.4884847992306133,0.794362035680614
ANX091818A009,ANX,LEL_1,LEL,1,R,R-ANX091818A009,2,2,0.6354896285444915,0.794362035680614
ANX091818A009,ANX,LSR_1,LSR,1,R,R-ANX091818A009,3,1,0.2638594749640465,0.5476599427513171
ANX091818A009,ANX,LSR_1,LSR,1,R,R-ANX091818A009,3,2,0.38202731092550896,0.5476599427513171
ANX091818A009,ANX,LSR_1,LSR,1,R,R-ANX091818A009,3,3,0.46542086284110035,0.5476599427513171
ANX091818A009,ANX,MJS_1,MJS,1,R,R-ANX091818A009,3,1,0.37418177864793123,0.674205433188173
ANX091818A009,ANX,MJS_1,MJS,1,R,R-ANX091818A009,3,2,0.5406355095185444,0.674205433188173
ANX091818A009,ANX,MJS_1,MJS,1,R,R-ANX091818A009,3,3,0.674205433188173,0.674205433188173
ANX091818A010,ANX,CJF_1,CJF,1,R,R-ANX091818A010,2,1,0.44222706212192425,0.7307905163839842
ANX091818A010,ANX,CJF_1,CJF,1,R,R-ANX091818A010,2,2,0.5867944339126403,0.7307905163839842
ANX091818A010,ANX,JRS_1,JRS,1,R,R-ANX091818A010,2,1,0.38360657743607673,0.6551115024548284
ANX091818A010,ANX,JRS_1,JRS,1,R,R-ANX091818A010,2,2,0.525555949208876,0.6551115024548284
ANX091818A010,ANX,LEL_1,LEL,1,R,R-ANX091818A010,2,1,0.4360299181942765,0.6724223719012998
ANX091818A010,ANX,LEL_1,LEL,1,R,R-ANX091818A010,2,2,0.563149658533969,0.6724223719012998
ANX091818A010,ANX,LSR_1,LSR,1,R,R-ANX091818A010,3,1,0.292712682481982,0.5650640860101369
ANX091818A010,ANX,LSR_1,LSR,1,R,R-ANX091818A010,3,2,0.4279677375636047,0.5650640860101369
ANX091818A010,ANX,LSR_1,LSR,1,R,R-ANX091818A010,3,3,0.4906190401965579,0.5650640860101369
ANX091818A010,ANX,MJS_1,MJS,1,R,R-ANX091818A010,3,1,0.2962772748730432,0.5404891317353796
ANX091818A010,ANX,MJS_1,MJS,1,R,R-ANX091818A010,3,2,0.4317809991843561,0.5404891317353796
ANX091818A010,ANX,MJS_1,MJS,1,R,R-ANX091818A010,3,3,0.5404891317353796,0.5404891317353796
ANX091818A011,ANX,CJF_1,CJF,1,R,R-ANX091818A011,4,1,0.4781042989429922,1.1846861553922072
ANX091818A011,ANX,CJF_1,CJF,1,R,R-ANX091818A011,4,2,0.748945039885667,1.1846861553922072
ANX091818A011,ANX,CJF_1,CJF,1,R,R-ANX091818A011,4,3,0.9447952921434503,1.1846861553922072
ANX091818A011,ANX,CJF_1,CJF,1,R,R-ANX091818A011,4,4,1.0770467562670893,1.1846861553922072
ANX091818A011,ANX,JRS_1,JRS,1,R,R-ANX091818A011,4,1,0.4411374522743039,1.1218435315040538
ANX091818A011,ANX,JRS_1,JRS,1,R,R-ANX091818A011,4,2,0.6909353832768694,1.1218435315040538
ANX091818A011,ANX,JRS_1,JRS,1,R,R-ANX091818A011,4,3,0.8820737541737067,1.1218435315040538
ANX091818A011,ANX,JRS_1,JRS,1,R,R-ANX091818A011,4,4,1.0081465862724583,1.1218435315040538
ANX091818A011,ANX,LEL_1,LEL,1,R,R-ANX091818A011,4,1,0.5897749651800602,1.181342164289953
ANX091818A011,ANX,LEL_1,LEL,1,R,R-ANX091818A011,4,2,0.7530842639734052,1.181342164289953
ANX091818A011,ANX,LEL_1,LEL,1,R,R-ANX091818A011,4,3,0.9437024511862457,1.181342164289953
ANX091818A011,ANX,LEL_1,LEL,1,R,R-ANX091818A011,4,4,1.0789234610900131,1.181342164289953
ANX091818A011,ANX,LSR_1,LSR,1,R,R-ANX091818A011,4,1,0.252833859356427,0.6475189866010878
ANX091818A011,ANX,LSR_1,LSR,1,R,R-ANX091818A011,4,2,0.40742489434575,0.6475189866010878
ANX091818A011,ANX,LSR_1,LSR,1,R,R-ANX091818A011,4,3,0.5047488906024514,0.6475189866010878
ANX091818A011,ANX,LSR_1,LSR,1,R,R-ANX091818A011,4,4,0.5838614265771588,0.6475189866010878
ANX091818A011,ANX,MJS_1,MJS,1,R,R-ANX091818A011,4,1,0.6267989102775606,1.0192210210035644
ANX091818A011,ANX,MJS_1,MJS,1,R,R-ANX091818A011,4,2,0.8030802212484104,1.0192210210035644
ANX091818A011,ANX,MJS_1,MJS,1,R,R-ANX091818A011,4,3,0.9213789640238117,1.0192210210035644
ANX091818A011,ANX,MJS_1,MJS,1,R,R-ANX091818A011,4,4,1.0192210210035644,1.0192210210035644
ANX091818A012,ANX,CJF_1,CJF,1,R,R-ANX091818A012,2,1,0.4106236339759943,0.7071633248633091
ANX091818A012,ANX,CJF_1,CJF,1,R,R-ANX091818A012,2,2,0.571794660318216,0.7071633248633091
ANX091818A012,ANX,JRS_1,JRS,1,R,R-ANX091818A012,2,1,0.4044833544169189,0.7061730356813798
ANX091818A012,ANX,JRS_1,JRS,1,R,R-ANX091818A012,2,2,0.557851349940205,0.7061730356813798
ANX091818A012,ANX,LEL_1,LEL,1,R,R-ANX091818A012,2,1,0.3832404034602979,0.6284120399594417
ANX091818A012,ANX,LEL_1,LEL,1,R,R-ANX091818A012,2,2,0.5474422094914828,0.6284120399594417
ANX091818A012,ANX,LSR_1,LSR,1,R,R-ANX091818A012,2,1,0.4692185005843195,0.5811188476071378
ANX091818A012,ANX,LSR_1,LSR,1,R,R-ANX091818A012,2,2,0.5438187319328648,0.5811188476071378
ANX091818A012,ANX,MJS_1,MJS,1,R,R-ANX091818A012,3,1,0.28991866315625797,0.5701749971473352
ANX091818A012,ANX,MJS_1,MJS,1,R,R-ANX091818A012,3,2,0.44507026546673323,0.5701749971473352
ANX091818A012,ANX,MJS_1,MJS,1,R,R-ANX091818A012,3,3,0.5701749971473352,0.5701749971473352
ANX091818A013,ANX,CJF_1,CJF,1,R,R-ANX091818A013,2,1,0.5311931480814839,0.8505698106640731
ANX091818A013,ANX,CJF_1,CJF,1,R,R-ANX091818A013,2,2,0.7419430976979863,0.8505698106640731
ANX091818A013,ANX,JRS_1,JRS,1,R,R-ANX091818A013,2,1,0.44158671012517864,0.7552980000887742
ANX091818A013,ANX,JRS_1,JRS,1,R,R-ANX091818A013,2,2,0.644354403076532,0.7552980000887742
ANX091818A013,ANX,LEL_1,LEL,1,R,R-ANX091818A013,2,1,0.3915262563765639,0.6705088917021806
ANX091818A013,ANX,LEL_1,LEL,1,R,R-ANX091818A013,2,2,0.5659422063537987,0.6705088917021806
ANX091818A013,ANX,LSR_1,LSR,1,R,R-ANX091818A013,2,1,0.3569418640636278,0.527300765495989
ANX091818A013,ANX,LSR_1,LSR,1,R,R-ANX091818A013,2,2,0.4663259708575781,0.527300765495989
ANX091818A013,ANX,MJS_1,MJS,1,R,R-ANX091818A013,3,1,0.402736446012583,0.7337382081222578
ANX091818A013,ANX,MJS_1,MJS,1,R,R-ANX091818A013,3,2,0.6444114685481079,0.7337382081222578
ANX091818A013,ANX,MJS_1,MJS,1,R,R-ANX091818A013,3,3,0.7337382081222578,0.7337382081222578
ANX091818A014,ANX,CJF_1,CJF,1,R,R-ANX091818A014,2,1,0.45353592355570965,0.7399156157471769
ANX091818A014,ANX,CJF_1,CJF,1,R,R-ANX091818A014,2,2,0.6281883826875267,0.7399156157471769
ANX091818A014,ANX,JRS_1,JRS,1,R,R-ANX091818A014,2,1,0.3523217646384738,0.6225213375445976
ANX091818A014,ANX,JRS_1,JRS,1,R,R-ANX091818A014,2,2,0.5190264177699497,0.6225213375445976
ANX091818A014,ANX,LEL_1,LEL,1,R,R-ANX091818A014,2,1,0.49587425254355116,0.797133191571175
ANX091818A014,ANX,LEL_1,LEL,1,R,R-ANX091818A014,2,2,0.6854736882431796,0.797133191571175
ANX091818A014,ANX,LSR_1,LSR,1,R,R-ANX091818A014,2,1,0.34537001130713024,0.618445300006675
ANX091818A014,ANX,LSR_1,LSR,1,R,R-ANX091818A014,2,2,0.5003468855529719,0.618445300006675
ANX091818A014,ANX,MJS_1,MJS,1,R,R-ANX091818A014,3,1,0.31703312940656264,0.6051058353798415
ANX091818A014,ANX,MJS_1,MJS,1,R,R-ANX091818A014,3,2,0.45479790317326196,0.6051058353798415
ANX091818A014,ANX,MJS_1,MJS,1,R,R-ANX091818A014,3,3,0.6051058353798415,0.6051058353798415
ANX091818A015,ANX,CJF_1,CJF,1,R,R-ANX091818A015,1,1,0.4985768880038475,0.7012859459762151
ANX091818A015,ANX,JRS_1,JRS,1,R,R-ANX091818A015,1,1,0.45577995288370826,0.674374421126281
ANX091818A015,ANX,LEL_1,LEL,1,R,R-ANX091818A015,1,1,0.5760400845768301,0.7461416543560035
ANX091818A015,ANX,LSR_1,LSR,1,R,R-ANX091818A015,1,1,0.3828835376116454,0.48889956465919077
ANX091818A015,ANX,MJS_1,MJS,1,R,R-ANX091818A015,2,1,0.39692839748341874,0.5067507327333881
ANX091818A015,ANX,MJS_1,MJS,1,R,R-ANX091818A015,2,2,0.5067507327333881,0.5067507327333881
ANX091818A016,ANX,CJF_1,CJF,1,R,R-ANX091818A016,1,1,0.5074250714418531,0.6731960603747779
ANX091818A016,ANX,JRS_1,JRS,1,R,R-ANX091818A016,0,NA,NA,0.6002958442344625
ANX091818A016,ANX,LEL_1,LEL,1,R,R-ANX091818A016,1,1,0.49368482966078164,0.6010806117704057
ANX091818A016,ANX,LSR_1,LSR,1,R,R-ANX091818A016,2,1,0.325570166371233,0.4309655836319763
ANX091818A016,ANX,LSR_1,LSR,1,R,R-ANX091818A016,2,2,0.4072252242247461,0.4309655836319763
ANX091818A016,ANX,MJS_1,MJS,1,R,R-ANX091818A016,2,1,0.23541000230027764,0.5638723808495116
ANX091818A016,ANX,MJS_1,MJS,1,R,R-ANX091818A016,2,2,0.5638723808495116,0.5638723808495116
ANX091818A017,ANX,CJF_1,CJF,1,R,R-ANX091818A017,4,1,0.3973106868234312,1.0128144502002576
ANX091818A017,ANX,CJF_1,CJF,1,R,R-ANX091818A017,4,2,0.63296742412251,1.0128144502002576
ANX091818A017,ANX,CJF_1,CJF,1,R,R-ANX091818A017,4,3,0.789563210752458,1.0128144502002576
ANX091818A017,ANX,CJF_1,CJF,1,R,R-ANX091818A017,4,4,0.9054104556424777,1.0128144502002576
ANX091818A017,ANX,JRS_1,JRS,1,R,R-ANX091818A017,3,1,0.30485455604627193,0.6957788439977604
ANX091818A017,ANX,JRS_1,JRS,1,R,R-ANX091818A017,3,2,0.46699239367124923,0.6957788439977604
ANX091818A017,ANX,JRS_1,JRS,1,R,R-ANX091818A017,3,3,0.587216288875833,0.6957788439977604
ANX091818A017,ANX,LEL_1,LEL,1,R,R-ANX091818A017,3,1,0.37074613556453095,0.8225332176470133
ANX091818A017,ANX,LEL_1,LEL,1,R,R-ANX091818A017,3,2,0.5481062399454643,0.8225332176470133
ANX091818A017,ANX,LEL_1,LEL,1,R,R-ANX091818A017,3,3,0.6869200157272775,0.8225332176470133
ANX091818A017,ANX,LSR_1,LSR,1,R,R-ANX091818A017,4,1,0.25512343204719534,0.6371871480738086
ANX091818A017,ANX,LSR_1,LSR,1,R,R-ANX091818A017,4,2,0.4114983318915657,0.6371871480738086
ANX091818A017,ANX,LSR_1,LSR,1,R,R-ANX091818A017,4,3,0.5183090218386311,0.6371871480738086
ANX091818A017,ANX,LSR_1,LSR,1,R,R-ANX091818A017,4,4,0.5940623442405952,0.6371871480738086
ANX091818A017,ANX,MJS_1,MJS,1,R,R-ANX091818A017,4,1,0.2599656771923742,0.6521839597267662
ANX091818A017,ANX,MJS_1,MJS,1,R,R-ANX091818A017,4,2,0.4067020010534125,0.6521839597267662
ANX091818A017,ANX,MJS_1,MJS,1,R,R-ANX091818A017,4,3,0.5552586423799915,0.6521839597267662
ANX091818A017,ANX,MJS_1,MJS,1,R,R-ANX091818A017,4,4,0.6521839597267662,0.6521839597267662
ANX091818A018,ANX,CJF_1,CJF,1,R,R-ANX091818A018,2,1,0.45985026437095283,0.7097996202990087
ANX091818A018,ANX,CJF_1,CJF,1,R,R-ANX091818A018,2,2,0.571861506148724,0.7097996202990087
ANX091818A018,ANX,JRS_1,JRS,1,R,R-ANX091818A018,1,1,0.2698340706556471,0.4621405129377687
ANX091818A018,ANX,LEL_1,LEL,1,R,R-ANX091818A018,1,1,0.5908790420274285,0.7646338424737789
ANX091818A018,ANX,LSR_1,LSR,1,R,R-ANX091818A018,3,1,0.31262829740205467,0.4511986778721547
ANX091818A018,ANX,LSR_1,LSR,1,R,R-ANX091818A018,3,2,0.40219207990102146,0.4511986778721547
ANX091818A018,ANX,LSR_1,LSR,1,R,R-ANX091818A018,3,3,0.4376796163628765,0.4511986778721547
ANX091818A018,ANX,MJS_1,MJS,1,R,R-ANX091818A018,2,1,0.29921074199749453,0.6024575556416137
ANX091818A018,ANX,MJS_1,MJS,1,R,R-ANX091818A018,2,2,0.6024575556416137,0.6024575556416137
ANX091818A020,ANX,CJF_1,CJF,1,R,R-ANX091818A020,2,1,0.47781358481116476,0.8136867172311065
ANX091818A020,ANX,CJF_1,CJF,1,R,R-ANX091818A020,2,2,0.6637449836922803,0.8136867172311065
ANX091818A020,ANX,JRS_1,JRS,1,R,R-ANX091818A020,2,1,0.3450427273521206,0.6510240555186599
ANX091818A020,ANX,JRS_1,JRS,1,R,R-ANX091818A020,2,2,0.4995664594034511,0.6510240555186599
ANX091818A020,ANX,LEL_1,LEL,1,R,R-ANX091818A020,2,1,0.4625880705042951,0.78633202244164
ANX091818A020,ANX,LEL_1,LEL,1,R,R-ANX091818A020,2,2,0.6607176317355208,0.78633202244164
ANX091818A020,ANX,LSR_1,LSR,1,R,R-ANX091818A020,2,1,0.3050311296600493,0.48864450665281683
ANX091818A020,ANX,LSR_1,LSR,1,R,R-ANX091818A020,2,2,0.411133471924167,0.48864450665281683
ANX091818A020,ANX,MJS_1,MJS,1,R,R-ANX091818A020,3,1,0.3290226778348043,0.6319338450660429
ANX091818A020,ANX,MJS_1,MJS,1,R,R-ANX091818A020,3,2,0.5013671657224166,0.6319338450660429
ANX091818A020,ANX,MJS_1,MJS,1,R,R-ANX091818A020,3,3,0.6319338450660429,0.6319338450660429
ANX091818A021,ANX,CJF_1,CJF,1,R,R-ANX091818A021,2,1,0.4099067493978904,0.7230630658892362
ANX091818A021,ANX,CJF_1,CJF,1,R,R-ANX091818A021,2,2,0.5964495401260499,0.7230630658892362
ANX091818A021,ANX,JRS_1,JRS,1,R,R-ANX091818A021,2,1,0.367849331624739,0.6171392472315881
ANX091818A021,ANX,JRS_1,JRS,1,R,R-ANX091818A021,2,2,0.4900408455840063,0.6171392472315881
ANX091818A021,ANX,LEL_1,LEL,1,R,R-ANX091818A021,1,1,0.5974620565386711,0.721594751077912
ANX091818A021,ANX,LSR_1,LSR,1,R,R-ANX091818A021,2,1,0.2790535832417976,0.4190367815899435
ANX091818A021,ANX,LSR_1,LSR,1,R,R-ANX091818A021,2,2,0.3763146186505818,0.4190367815899435
ANX091818A021,ANX,MJS_1,MJS,1,R,R-ANX091818A021,2,1,0.22942184173841465,0.3930795800641105
ANX091818A021,ANX,MJS_1,MJS,1,R,R-ANX091818A021,2,2,0.3930795800641105,0.3930795800641105
ANX091818A023,ANX,CJF_1,CJF,1,R,R-ANX091818A023,2,1,0.4452015751538284,0.8376128832733485
ANX091818A023,ANX,CJF_1,CJF,1,R,R-ANX091818A023,2,2,0.6779472450335872,0.8376128832733485
ANX091818A023,ANX,JRS_1,JRS,1,R,R-ANX091818A023,2,1,0.4319059818562453,0.8013288496332746
ANX091818A023,ANX,JRS_1,JRS,1,R,R-ANX091818A023,2,2,0.651244075360871,0.8013288496332746
ANX091818A023,ANX,LEL_1,LEL,1,R,R-ANX091818A023,2,1,0.5339752169574777,0.8459205904191281
ANX091818A023,ANX,LEL_1,LEL,1,R,R-ANX091818A023,2,2,0.684855590450219,0.8459205904191281
ANX091818A023,ANX,LSR_1,LSR,1,R,R-ANX091818A023,1,1,0.37058025583697596,0.47036611384825877
ANX091818A023,ANX,MJS_1,MJS,1,R,R-ANX091818A023,3,1,0.39723309848296784,0.7722174417995864
ANX091818A023,ANX,MJS_1,MJS,1,R,R-ANX091818A023,3,2,0.6193252376505614,0.7722174417995864
ANX091818A023,ANX,MJS_1,MJS,1,R,R-ANX091818A023,3,3,0.7722174417995864,0.7722174417995864
ANX091818A024,ANX,CJF_1,CJF,1,R,R-ANX091818A024,1,1,0.49913178645917944,0.7325217680962991
ANX091818A024,ANX,JRS_1,JRS,1,R,R-ANX091818A024,1,1,0.533096779454771,0.7607308732705297
ANX091818A024,ANX,LEL_1,LEL,1,R,R-ANX091818A024,1,1,0.46983678787455124,0.6825275263281468
ANX091818A024,ANX,LSR_1,LSR,1,R,R-ANX091818A024,2,1,0.4309852360597594,0.6317828106954642
ANX091818A024,ANX,LSR_1,LSR,1,R,R-ANX091818A024,2,2,0.4925975727527392,0.6317828106954642
ANX091818A024,ANX,MJS_1,MJS,1,R,R-ANX091818A024,2,1,0.38274608980844665,0.5902568939397179
ANX091818A024,ANX,MJS_1,MJS,1,R,R-ANX091818A024,2,2,0.5902568939397179,0.5902568939397179
ANX091818A025,ANX,CJF_1,CJF,1,R,R-ANX091818A025,4,1,0.3915812078028834,1.1797483943749225
ANX091818A025,ANX,CJF_1,CJF,1,R,R-ANX091818A025,4,2,0.6971900377353825,1.1797483943749225
ANX091818A025,ANX,CJF_1,CJF,1,R,R-ANX091818A025,4,3,0.9415064664525453,1.1797483943749225
ANX091818A025,ANX,CJF_1,CJF,1,R,R-ANX091818A025,4,4,1.0612259575739758,1.1797483943749225
ANX091818A025,ANX,JRS_1,JRS,1,R,R-ANX091818A025,3,1,0.407869676041114,0.7969623869279173
ANX091818A025,ANX,JRS_1,JRS,1,R,R-ANX091818A025,3,2,0.5576990382432709,0.7969623869279173
ANX091818A025,ANX,JRS_1,JRS,1,R,R-ANX091818A025,3,3,0.6728798732965291,0.7969623869279173
ANX091818A025,ANX,LEL_1,LEL,1,R,R-ANX091818A025,3,1,0.45415161474605265,0.8655483995406005
ANX091818A025,ANX,LEL_1,LEL,1,R,R-ANX091818A025,3,2,0.5999431349490345,0.8655483995406005
ANX091818A025,ANX,LEL_1,LEL,1,R,R-ANX091818A025,3,3,0.7487403007769934,0.8655483995406005
ANX091818A025,ANX,LSR_1,LSR,1,R,R-ANX091818A025,4,1,0.3001671063176202,0.6917023137115929
ANX091818A025,ANX,LSR_1,LSR,1,R,R-ANX091818A025,4,2,0.4144807597772014,0.6917023137115929
ANX091818A025,ANX,LSR_1,LSR,1,R,R-ANX091818A025,4,3,0.5546071736953883,0.6917023137115929
ANX091818A025,ANX,LSR_1,LSR,1,R,R-ANX091818A025,4,4,0.6216391067525032,0.6917023137115929
ANX091818A025,ANX,MJS_1,MJS,1,R,R-ANX091818A025,4,1,0.358276291814844,0.7690204771587811
ANX091818A025,ANX,MJS_1,MJS,1,R,R-ANX091818A025,4,2,0.5174633202789787,0.7690204771587811
ANX091818A025,ANX,MJS_1,MJS,1,R,R-ANX091818A025,4,3,0.6322418923902715,0.7690204771587811
ANX091818A025,ANX,MJS_1,MJS,1,R,R-ANX091818A025,4,4,0.7690204771587811,0.7690204771587811
ANX091818A026,ANX,CJF_1,CJF,1,R,R-ANX091818A026,2,1,0.5955541413055057,1.0141441821989252
ANX091818A026,ANX,CJF_1,CJF,1,R,R-ANX091818A026,2,2,0.8196931963760634,1.0141441821989252
ANX091818A026,ANX,JRS_1,JRS,1,R,R-ANX091818A026,2,1,0.34715429324722363,0.5466376393537371
ANX091818A026,ANX,JRS_1,JRS,1,R,R-ANX091818A026,2,2,0.46898282463829777,0.5466376393537371
ANX091818A026,ANX,LEL_1,LEL,1,R,R-ANX091818A026,2,1,0.6422572931015886,0.7927877526706949
ANX091818A026,ANX,LEL_1,LEL,1,R,R-ANX091818A026,2,2,0.7289006256949107,0.7927877526706949
ANX091818A026,ANX,LSR_1,LSR,1,R,R-ANX091818A026,1,1,0.3165472424961063,0.39469813113831426
ANX091818A026,ANX,MJS_1,MJS,1,R,R-ANX091818A026,2,1,0.3745361082510304,0.5951250362697096
ANX091818A026,ANX,MJS_1,MJS,1,R,R-ANX091818A026,2,2,0.5951250362697096,0.5951250362697096
ANX091818A027,ANX,CJF_1,CJF,1,R,R-ANX091818A027,3,1,0.5310618257748655,0.9119847907714729
ANX091818A027,ANX,CJF_1,CJF,1,R,R-ANX091818A027,3,2,0.6880881723794254,0.9119847907714729
ANX091818A027,ANX,CJF_1,CJF,1,R,R-ANX091818A027,3,3,0.7958304853600993,0.9119847907714729
ANX091818A027,ANX,JRS_1,JRS,1,R,R-ANX091818A027,3,1,0.5187378293141132,0.8614354326111944
ANX091818A027,ANX,JRS_1,JRS,1,R,R-ANX091818A027,3,2,0.6476521420057002,0.8614354326111944
ANX091818A027,ANX,JRS_1,JRS,1,R,R-ANX091818A027,3,3,0.7838955844024269,0.8614354326111944
ANX091818A027,ANX,LEL_1,LEL,1,R,R-ANX091818A027,3,1,0.551315000346274,0.8855716060150272
ANX091818A027,ANX,LEL_1,LEL,1,R,R-ANX091818A027,3,2,0.677892914491415,0.8855716060150272
ANX091818A027,ANX,LEL_1,LEL,1,R,R-ANX091818A027,3,3,0.8222826489424565,0.8855716060150272
ANX091818A027,ANX,LSR_1,LSR,1,R,R-ANX091818A027,2,1,0.5003734098054241,0.6814533720107725
ANX091818A027,ANX,LSR_1,LSR,1,R,R-ANX091818A027,2,2,0.603762651667992,0.6814533720107725
ANX091818A027,ANX,MJS_1,MJS,1,R,R-ANX091818A027,3,1,0.44543402981050834,0.7369234070029531
ANX091818A027,ANX,MJS_1,MJS,1,R,R-ANX091818A027,3,2,0.597912432153056,0.7369234070029531
ANX091818A027,ANX,MJS_1,MJS,1,R,R-ANX091818A027,3,3,0.7369234070029531,0.7369234070029531
ANX091818A028,ANX,CJF_1,CJF,1,R,R-ANX091818A028,2,1,0.4421489669310719,0.7703401299936321
ANX091818A028,ANX,CJF_1,CJF,1,R,R-ANX091818A028,2,2,0.6253246085304169,0.7703401299936321
ANX091818A028,ANX,JRS_1,JRS,1,R,R-ANX091818A028,2,1,0.5454944091262893,0.8671061476749775
ANX091818A028,ANX,JRS_1,JRS,1,R,R-ANX091818A028,2,2,0.7241089509215707,0.8671061476749775
ANX091818A028,ANX,LEL_1,LEL,1,R,R-ANX091818A028,2,1,0.4914873301000245,0.7827142051516949
ANX091818A028,ANX,LEL_1,LEL,1,R,R-ANX091818A028,2,2,0.6447616178315901,0.7827142051516949
ANX091818A028,ANX,LSR_1,LSR,1,R,R-ANX091818A028,1,1,0.5172051993037825,0.6579605434768248
ANX091818A028,ANX,MJS_1,MJS,1,R,R-ANX091818A028,3,1,0.3336372065645078,0.633973042563996
ANX091818A028,ANX,MJS_1,MJS,1,R,R-ANX091818A028,3,2,0.5019442197826263,0.633973042563996
ANX091818A028,ANX,MJS_1,MJS,1,R,R-ANX091818A028,3,3,0.633973042563996,0.633973042563996
ANX091818A029,ANX,CJF_1,CJF,1,R,R-ANX091818A029,5,1,0.7185220067050794,1.4817275729782735
ANX091818A029,ANX,CJF_1,CJF,1,R,R-ANX091818A029,5,2,0.9256337516021187,1.4817275729782735
ANX091818A029,ANX,CJF_1,CJF,1,R,R-ANX091818A029,5,3,1.1486688063720107,1.4817275729782735
ANX091818A029,ANX,CJF_1,CJF,1,R,R-ANX091818A029,5,4,1.2769960590636236,1.4817275729782735
ANX091818A029,ANX,CJF_1,CJF,1,R,R-ANX091818A029,5,5,1.3786149082466614,1.4817275729782735
ANX091818A029,ANX,JRS_1,JRS,1,R,R-ANX091818A029,4,1,0.42691723262697734,0.7975651346092537
ANX091818A029,ANX,JRS_1,JRS,1,R,R-ANX091818A029,4,2,0.5682033850621531,0.7975651346092537
ANX091818A029,ANX,JRS_1,JRS,1,R,R-ANX091818A029,4,3,0.6636186152667426,0.7975651346092537
ANX091818A029,ANX,JRS_1,JRS,1,R,R-ANX091818A029,4,4,0.7419068451894247,0.7975651346092537
ANX091818A029,ANX,LEL_1,LEL,1,R,R-ANX091818A029,4,1,0.9176566374397969,1.4829560477504342
ANX091818A029,ANX,LEL_1,LEL,1,R,R-ANX091818A029,4,2,1.1647700250273396,1.4829560477504342
ANX091818A029,ANX,LEL_1,LEL,1,R,R-ANX091818A029,4,3,1.2980623066936012,1.4829560477504342
ANX091818A029,ANX,LEL_1,LEL,1,R,R-ANX091818A029,4,4,1.4048046211881235,1.4829560477504342
ANX091818A029,ANX,LSR_1,LSR,1,R,R-ANX091818A029,6,1,0.1272354396303194,0.687391200791861
ANX091818A029,ANX,LSR_1,LSR,1,R,R-ANX091818A029,6,2,0.2101139302392725,0.687391200791861
ANX091818A029,ANX,LSR_1,LSR,1,R,R-ANX091818A029,6,3,0.2780235455976072,0.687391200791861
ANX091818A029,ANX,LSR_1,LSR,1,R,R-ANX091818A029,6,4,0.4353799613060152,0.687391200791861
ANX091818A029,ANX,LSR_1,LSR,1,R,R-ANX091818A029,6,5,0.5146994586791506,0.687391200791861
ANX091818A029,ANX,LSR_1,LSR,1,R,R-ANX091818A029,6,6,0.5972114981344299,0.687391200791861
ANX091818A029,ANX,MJS_1,MJS,1,R,R-ANX091818A029,4,1,0.4423457528119128,0.8312444261425173
ANX091818A029,ANX,MJS_1,MJS,1,R,R-ANX091818A029,4,2,0.5794248977404208,0.8312444261425173
ANX091818A029,ANX,MJS_1,MJS,1,R,R-ANX091818A029,4,3,0.6811034893631814,0.8312444261425173
ANX091818A029,ANX,MJS_1,MJS,1,R,R-ANX091818A029,4,4,0.8312444261425173,0.8312444261425173
ANX091818A030,ANX,CJF_1,CJF,1,R,R-ANX091818A030,1,1,0.5788688186295686,0.7987145198658467
ANX091818A030,ANX,JRS_1,JRS,1,R,R-ANX091818A030,1,1,0.5462355708920302,0.7622445006766008
ANX091818A030,ANX,LEL_1,LEL,1,R,R-ANX091818A030,1,1,0.5691010375844717,0.7756162843353837
ANX091818A030,ANX,LSR_1,LSR,1,R,R-ANX091818A030,2,1,0.38835668835032694,0.5963079684041628
ANX091818A030,ANX,LSR_1,LSR,1,R,R-ANX091818A030,2,2,0.5570584431022993,0.5963079684041628
ANX091818A030,ANX,MJS_1,MJS,1,R,R-ANX091818A030,2,1,0.4471228003897158,0.6540626275101833
ANX091818A030,ANX,MJS_1,MJS,1,R,R-ANX091818A030,2,2,0.6540626275101833,0.6540626275101833
ANX091818A031,ANX,CJF_1,CJF,1,R,R-ANX091818A031,2,1,0.4652250299789921,0.805199441679039
ANX091818A031,ANX,CJF_1,CJF,1,R,R-ANX091818A031,2,2,0.6581603912502952,0.805199441679039
ANX091818A031,ANX,JRS_1,JRS,1,R,R-ANX091818A031,2,1,0.3773258262647587,0.7169066077961033
ANX091818A031,ANX,JRS_1,JRS,1,R,R-ANX091818A031,2,2,0.5605743363871175,0.7169066077961033
ANX091818A031,ANX,LEL_1,LEL,1,R,R-ANX091818A031,2,1,0.4824253987299086,0.7813640249733006
ANX091818A031,ANX,LEL_1,LEL,1,R,R-ANX091818A031,2,2,0.670728944267212,0.7813640249733006
ANX091818A031,ANX,LSR_1,LSR,1,R,R-ANX091818A031,2,1,0.3379740337493896,0.5663855426837466
ANX091818A031,ANX,LSR_1,LSR,1,R,R-ANX091818A031,2,2,0.47103344441862693,0.5663855426837466
ANX091818A031,ANX,MJS_1,MJS,1,R,R-ANX091818A031,3,1,0.40138088171710246,0.7573780375489305
ANX091818A031,ANX,MJS_1,MJS,1,R,R-ANX091818A031,3,2,0.5904072814138179,0.7573780375489305
ANX091818A031,ANX,MJS_1,MJS,1,R,R-ANX091818A031,3,3,0.7573780375489305,0.7573780375489305
ANX091818A032,ANX,LEL_1,LEL,1,R,R-ANX091818A032,0,NA,NA,0.7831467743996586
ANX091818A033,ANX,CJF_1,CJF,1,R,R-ANX091818A033,4,1,0.48197811601965396,1.3033263871615646
ANX091818A033,ANX,CJF_1,CJF,1,R,R-ANX091818A033,4,2,0.7828597438269387,1.3033263871615646
ANX091818A033,ANX,CJF_1,CJF,1,R,R-ANX091818A033,4,3,1.0271873840567616,1.3033263871615646
ANX091818A033,ANX,CJF_1,CJF,1,R,R-ANX091818A033,4,4,1.187250329789147,1.3033263871615646
ANX091818A033,ANX,JRS_1,JRS,1,R,R-ANX091818A033,3,1,0.8359157408386663,1.2906829221802656
ANX091818A033,ANX,JRS_1,JRS,1,R,R-ANX091818A033,3,2,1.0104277620775655,1.2906829221802656
ANX091818A033,ANX,JRS_1,JRS,1,R,R-ANX091818A033,3,3,1.1745743500878711,1.2906829221802656
ANX091818A033,ANX,LEL_1,LEL,1,R,R-ANX091818A033,3,1,0.841983515371496,1.3159147193137775
ANX091818A033,ANX,LEL_1,LEL,1,R,R-ANX091818A033,3,2,1.03174036335067,1.3159147193137775
ANX091818A033,ANX,LEL_1,LEL,1,R,R-ANX091818A033,3,3,1.1866716738783183,1.3159147193137775
ANX091818A033,ANX,LSR_1,LSR,1,R,R-ANX091818A033,4,1,0.22854181300473694,0.6105902809903566
ANX091818A033,ANX,LSR_1,LSR,1,R,R-ANX091818A033,4,2,0.3558765974862882,0.6105902809903566
ANX091818A033,ANX,LSR_1,LSR,1,R,R-ANX091818A033,4,3,0.4795103557887781,0.6105902809903566
ANX091818A033,ANX,LSR_1,LSR,1,R,R-ANX091818A033,4,4,0.5394326073094745,0.6105902809903566
ANX091818A033,ANX,MJS_1,MJS,1,R,R-ANX091818A033,4,1,0.34369188418032237,0.7799521013808526
ANX091818A033,ANX,MJS_1,MJS,1,R,R-ANX091818A033,4,2,0.5130692009947704,0.7799521013808526
ANX091818A033,ANX,MJS_1,MJS,1,R,R-ANX091818A033,4,3,0.6171115017055299,0.7799521013808526
ANX091818A033,ANX,MJS_1,MJS,1,R,R-ANX091818A033,4,4,0.7799521013808526,0.7799521013808526
ANX091818A034,ANX,CJF_1,CJF,1,R,R-ANX091818A034,3,1,0.44650237052720654,0.8461170661645233
ANX091818A034,ANX,CJF_1,CJF,1,R,R-ANX091818A034,3,2,0.6329775470048506,0.8461170661645233
ANX091818A034,ANX,CJF_1,CJF,1,R,R-ANX091818A034,3,3,0.7582570599692435,0.8461170661645233
ANX091818A034,ANX,JRS_1,JRS,1,R,R-ANX091818A034,2,1,0.4399225667920404,0.821814764858612
ANX091818A034,ANX,JRS_1,JRS,1,R,R-ANX091818A034,2,2,0.6174513837362194,0.821814764858612
ANX091818A034,ANX,LEL_1,LEL,1,R,R-ANX091818A034,3,1,0.5521938507239321,0.9535784119519125
ANX091818A034,ANX,LEL_1,LEL,1,R,R-ANX091818A034,3,2,0.7611692713397618,0.9535784119519125
ANX091818A034,ANX,LEL_1,LEL,1,R,R-ANX091818A034,3,3,0.8771654167673063,0.9535784119519125
ANX091818A034,ANX,LSR_1,LSR,1,R,R-ANX091818A034,3,1,0.2582216773603783,0.5025761467965405
ANX091818A034,ANX,LSR_1,LSR,1,R,R-ANX091818A034,3,2,0.36505791995352344,0.5025761467965405
ANX091818A034,ANX,LSR_1,LSR,1,R,R-ANX091818A034,3,3,0.4407506373371396,0.5025761467965405
ANX091818A034,ANX,MJS_1,MJS,1,R,R-ANX091818A034,3,1,0.3425411901885529,0.5703195062682346
ANX091818A034,ANX,MJS_1,MJS,1,R,R-ANX091818A034,3,2,0.46307674355757633,0.5703195062682346
ANX091818A034,ANX,MJS_1,MJS,1,R,R-ANX091818A034,3,3,0.5703195062682346,0.5703195062682346
ANX091818A036,ANX,CJF_1,CJF,1,R,R-ANX091818A036,4,1,0.29315787911438135,1.199092857874896
ANX091818A036,ANX,CJF_1,CJF,1,R,R-ANX091818A036,4,2,0.5911852815557488,1.199092857874896
ANX091818A036,ANX,CJF_1,CJF,1,R,R-ANX091818A036,4,3,0.8578848793786732,1.199092857874896
ANX091818A036,ANX,CJF_1,CJF,1,R,R-ANX091818A036,4,4,1.0079585031164897,1.199092857874896
ANX091818A036,ANX,JRS_1,JRS,1,R,R-ANX091818A036,3,1,0.37340195921979336,0.6533007313797617
ANX091818A036,ANX,JRS_1,JRS,1,R,R-ANX091818A036,3,2,0.515209193260584,0.6533007313797617
ANX091818A036,ANX,JRS_1,JRS,1,R,R-ANX091818A036,3,3,0.5785796202678358,0.6533007313797617
ANX091818A036,ANX,LEL_1,LEL,1,R,R-ANX091818A036,3,1,0.3717673225721648,0.6834404057196324
ANX091818A036,ANX,LEL_1,LEL,1,R,R-ANX091818A036,3,2,0.5383371474428508,0.6834404057196324
ANX091818A036,ANX,LEL_1,LEL,1,R,R-ANX091818A036,3,3,0.6200275017269435,0.6834404057196324
ANX091818A036,ANX,LSR_1,LSR,1,R,R-ANX091818A036,3,1,0.2466324766317005,0.5349892727359364
ANX091818A036,ANX,LSR_1,LSR,1,R,R-ANX091818A036,3,2,0.3936478376534832,0.5349892727359364
ANX091818A036,ANX,LSR_1,LSR,1,R,R-ANX091818A036,3,3,0.4589675141978984,0.5349892727359364
ANX091818A036,ANX,MJS_1,MJS,1,R,R-ANX091818A036,4,1,0.371491234453892,0.7068143855011376
ANX091818A036,ANX,MJS_1,MJS,1,R,R-ANX091818A036,4,2,0.5815270297635654,0.7068143855011376
ANX091818A036,ANX,MJS_1,MJS,1,R,R-ANX091818A036,4,3,0.6451215310591951,0.7068143855011376
ANX091818A036,ANX,MJS_1,MJS,1,R,R-ANX091818A036,4,4,0.7068143855011376,0.7068143855011376
ANX091818A037,ANX,CJF_1,CJF,1,R,R-ANX091818A037,2,1,0.41002010539747774,0.6997095339147574
ANX091818A037,ANX,CJF_1,CJF,1,R,R-ANX091818A037,2,2,0.5775208460445211,0.6997095339147574
ANX091818A037,ANX,JRS_1,JRS,1,R,R-ANX091818A037,1,1,0.2580596284358988,0.4288726534349755
ANX091818A037,ANX,LEL_1,LEL,1,R,R-ANX091818A037,1,1,0.4218155070153892,0.6225436892621143
ANX091818A037,ANX,LSR_1,LSR,1,R,R-ANX091818A037,2,1,0.2839014330333414,0.47775601154222586
ANX091818A037,ANX,LSR_1,LSR,1,R,R-ANX091818A037,2,2,0.38396833813544656,0.47775601154222586
ANX091818A037,ANX,MJS_1,MJS,1,R,R-ANX091818A037,2,1,0.3080530623674049,0.424983651887601
ANX091818A037,ANX,MJS_1,MJS,1,R,R-ANX091818A037,2,2,0.424983651887601,0.424983651887601
ANX091818A038,ANX,CJF_1,CJF,1,R,R-ANX091818A038,3,1,0.5050487403618503,1.0237895500788947
ANX091818A038,ANX,CJF_1,CJF,1,R,R-ANX091818A038,3,2,0.6959096770987119,1.0237895500788947
ANX091818A038,ANX,CJF_1,CJF,1,R,R-ANX091818A038,3,3,0.8373382569725583,1.0237895500788947
ANX091818A038,ANX,JRS_1,JRS,1,R,R-ANX091818A038,3,1,0.46966793375873644,0.9123605284546399
ANX091818A038,ANX,JRS_1,JRS,1,R,R-ANX091818A038,3,2,0.6082403523030931,0.9123605284546399
ANX091818A038,ANX,JRS_1,JRS,1,R,R-ANX091818A038,3,3,0.7601487131840118,0.9123605284546399
ANX091818A038,ANX,LEL_1,LEL,1,R,R-ANX091818A038,3,1,0.6006091227136703,1.0638681289632168
ANX091818A038,ANX,LEL_1,LEL,1,R,R-ANX091818A038,3,2,0.7330034204465188,1.0638681289632168
ANX091818A038,ANX,LEL_1,LEL,1,R,R-ANX091818A038,3,3,0.9356726334915304,1.0638681289632168
ANX091818A038,ANX,LSR_1,LSR,1,R,R-ANX091818A038,4,1,0.40525115298890885,0.8807393004198671
ANX091818A038,ANX,LSR_1,LSR,1,R,R-ANX091818A038,4,2,0.5638617698464374,0.8807393004198671
ANX091818A038,ANX,LSR_1,LSR,1,R,R-ANX091818A038,4,3,0.7060919979542176,0.8807393004198671
ANX091818A038,ANX,LSR_1,LSR,1,R,R-ANX091818A038,4,4,0.8054431633931333,0.8807393004198671
ANX091818A038,ANX,MJS_1,MJS,1,R,R-ANX091818A038,4,1,0.45401805094362413,0.899370074497178
ANX091818A038,ANX,MJS_1,MJS,1,R,R-ANX091818A038,4,2,0.5920042572808064,0.899370074497178
ANX091818A038,ANX,MJS_1,MJS,1,R,R-ANX091818A038,4,3,0.746940489176545,0.899370074497178
ANX091818A038,ANX,MJS_1,MJS,1,R,R-ANX091818A038,4,4,0.899370074497178,0.899370074497178
ANX091818A039,ANX,CJF_1,CJF,1,R,R-ANX091818A039,4,1,0.40685397450964383,0.9928304396198334
ANX091818A039,ANX,CJF_1,CJF,1,R,R-ANX091818A039,4,2,0.6232438894277577,0.9928304396198334
ANX091818A039,ANX,CJF_1,CJF,1,R,R-ANX091818A039,4,3,0.7638677451169621,0.9928304396198334
ANX091818A039,ANX,CJF_1,CJF,1,R,R-ANX091818A039,4,4,0.8889015610951472,0.9928304396198334
ANX091818A039,ANX,JRS_1,JRS,1,R,R-ANX091818A039,3,1,0.6000698976026475,0.9671924641834737
ANX091818A039,ANX,JRS_1,JRS,1,R,R-ANX091818A039,3,2,0.7551555962938651,0.9671924641834737
ANX091818A039,ANX,JRS_1,JRS,1,R,R-ANX091818A039,3,3,0.8668053905615098,0.9671924641834737
ANX091818A039,ANX,LEL_1,LEL,1,R,R-ANX091818A039,2,1,0.4888677010904622,0.6658012493093823
ANX091818A039,ANX,LEL_1,LEL,1,R,R-ANX091818A039,2,2,0.5787018524269978,0.6658012493093823
ANX091818A039,ANX,LSR_1,LSR,1,R,R-ANX091818A039,4,1,0.16933479881002228,0.5086137078026487
ANX091818A039,ANX,LSR_1,LSR,1,R,R-ANX091818A039,4,2,0.2924873797627645,0.5086137078026487
ANX091818A039,ANX,LSR_1,LSR,1,R,R-ANX091818A039,4,3,0.3897666285341164,0.5086137078026487
ANX091818A039,ANX,LSR_1,LSR,1,R,R-ANX091818A039,4,4,0.45134291901048784,0.5086137078026487
ANX091818A039,ANX,MJS_1,MJS,1,R,R-ANX091818A039,4,1,0.6020913835401076,0.965231024946015
ANX091818A039,ANX,MJS_1,MJS,1,R,R-ANX091818A039,4,2,0.752126771496469,0.965231024946015
ANX091818A039,ANX,MJS_1,MJS,1,R,R-ANX091818A039,4,3,0.8637909019220604,0.965231024946015
ANX091818A039,ANX,MJS_1,MJS,1,R,R-ANX091818A039,4,4,0.965231024946015,0.965231024946015
ANX091818A040,ANX,CJF_1,CJF,1,R,R-ANX091818A040,4,1,0.548417062458587,1.1248738188011922
ANX091818A040,ANX,CJF_1,CJF,1,R,R-ANX091818A040,4,2,0.7921146600031128,1.1248738188011922
ANX091818A040,ANX,CJF_1,CJF,1,R,R-ANX091818A040,4,3,0.9147500747152816,1.1248738188011922
ANX091818A040,ANX,CJF_1,CJF,1,R,R-ANX091818A040,4,4,1.0334802577231808,1.1248738188011922
ANX091818A040,ANX,JRS_1,JRS,1,R,R-ANX091818A040,4,1,0.620844029616025,1.1991211200407856
ANX091818A040,ANX,JRS_1,JRS,1,R,R-ANX091818A040,4,2,0.8624592862934901,1.1991211200407856
ANX091818A040,ANX,JRS_1,JRS,1,R,R-ANX091818A040,4,3,1.0148276009704134,1.1991211200407856
ANX091818A040,ANX,JRS_1,JRS,1,R,R-ANX091818A040,4,4,1.1202765290028698,1.1991211200407856
ANX091818A040,ANX,LEL_1,LEL,1,R,R-ANX091818A040,3,1,0.6288632277166856,1.180030229075088
ANX091818A040,ANX,LEL_1,LEL,1,R,R-ANX091818A040,3,2,0.8408980630215139,1.180030229075088
ANX091818A040,ANX,LEL_1,LEL,1,R,R-ANX091818A040,3,3,0.9945534083081191,1.180030229075088
ANX091818A040,ANX,LSR_1,LSR,1,R,R-ANX091818A040,4,1,0.5121591483774717,1.0446842480226763
ANX091818A040,ANX,LSR_1,LSR,1,R,R-ANX091818A040,4,2,0.733257299328397,1.0446842480226763
ANX091818A040,ANX,LSR_1,LSR,1,R,R-ANX091818A040,4,3,0.8787877980416704,1.0446842480226763
ANX091818A040,ANX,LSR_1,LSR,1,R,R-ANX091818A040,4,4,0.9720715933424962,1.0446842480226763
ANX091818A040,ANX,MJS_1,MJS,1,R,R-ANX091818A040,4,1,0.5840546032595424,1.1373381934965612
ANX091818A040,ANX,MJS_1,MJS,1,R,R-ANX091818A040,4,2,0.798905677408846,1.1373381934965612
ANX091818A040,ANX,MJS_1,MJS,1,R,R-ANX091818A040,4,3,0.9391404140593359,1.1373381934965612
ANX091818A040,ANX,MJS_1,MJS,1,R,R-ANX091818A040,4,4,1.1373381934965612,1.1373381934965612
ANX091818A041,ANX,CJF_1,CJF,1,R,R-ANX091818A041,1,1,0.3387913400764819,0.5678618270996032
ANX091818A041,ANX,JRS_1,JRS,1,R,R-ANX091818A041,1,1,0.2743962284645658,0.43682763402478014
ANX091818A041,ANX,LEL_1,LEL,1,R,R-ANX091818A041,1,1,0.4863521705314113,0.6908731566733353
ANX091818A041,ANX,LSR_1,LSR,1,R,R-ANX091818A041,2,1,0.3623255981143841,0.4910617718435211
ANX091818A041,ANX,LSR_1,LSR,1,R,R-ANX091818A041,2,2,0.4485565043173817,0.4910617718435211
ANX091818A041,ANX,MJS_1,MJS,1,R,R-ANX091818A041,2,1,0.2837958671186522,0.3967586219161015
ANX091818A041,ANX,MJS_1,MJS,1,R,R-ANX091818A041,2,2,0.3967586219161015,0.3967586219161015
ANX091818A042,ANX,CJF_1,CJF,1,R,R-ANX091818A042,1,1,0.43584875049458216,0.5872930061926185
ANX091818A042,ANX,JRS_1,JRS,1,R,R-ANX091818A042,1,1,0.34795616159539444,0.48306205385445844
ANX091818A042,ANX,LEL_1,LEL,1,R,R-ANX091818A042,1,1,0.4667865651678146,0.6089280364939741
ANX091818A042,ANX,LSR_1,LSR,1,R,R-ANX091818A042,2,1,0.306285423592972,0.42532438161936853
ANX091818A042,ANX,LSR_1,LSR,1,R,R-ANX091818A042,2,2,0.3848666965385015,0.42532438161936853
ANX091818A042,ANX,MJS_1,MJS,1,R,R-ANX091818A042,2,1,0.36452004889418654,0.49505604147599935
ANX091818A042,ANX,MJS_1,MJS,1,R,R-ANX091818A042,2,2,0.49505604147599935,0.49505604147599935
ANX091818A043,ANX,CJF_1,CJF,1,R,R-ANX091818A043,3,1,0.4874160843643461,0.9679444833129709
ANX091818A043,ANX,CJF_1,CJF,1,R,R-ANX091818A043,3,2,0.7153249693760797,0.9679444833129709
ANX091818A043,ANX,CJF_1,CJF,1,R,R-ANX091818A043,3,3,0.8694740571667874,0.9679444833129709
ANX091818A043,ANX,JRS_1,JRS,1,R,R-ANX091818A043,3,1,0.4147360412911848,0.8673928479071793
ANX091818A043,ANX,JRS_1,JRS,1,R,R-ANX091818A043,3,2,0.633085038393767,0.8673928479071793
ANX091818A043,ANX,JRS_1,JRS,1,R,R-ANX091818A043,3,3,0.78657348130372,0.8673928479071793
ANX091818A043,ANX,LEL_1,LEL,1,R,R-ANX091818A043,3,1,0.5001832109533306,0.9573472021357271
ANX091818A043,ANX,LEL_1,LEL,1,R,R-ANX091818A043,3,2,0.7233890694629563,0.9573472021357271
ANX091818A043,ANX,LEL_1,LEL,1,R,R-ANX091818A043,3,3,0.8659225023939315,0.9573472021357271
ANX091818A043,ANX,LSR_1,LSR,1,R,R-ANX091818A043,3,1,0.2866969028136097,0.5961068259431718
ANX091818A043,ANX,LSR_1,LSR,1,R,R-ANX091818A043,3,2,0.40180571935473086,0.5961068259431718
ANX091818A043,ANX,LSR_1,LSR,1,R,R-ANX091818A043,3,3,0.5271887207596943,0.5961068259431718
ANX091818A043,ANX,MJS_1,MJS,1,R,R-ANX091818A043,4,1,0.2841411624761892,0.6070375678262576
ANX091818A043,ANX,MJS_1,MJS,1,R,R-ANX091818A043,4,2,0.4486972151345594,0.6070375678262576
ANX091818A043,ANX,MJS_1,MJS,1,R,R-ANX091818A043,4,3,0.542483914180232,0.6070375678262576
ANX091818A043,ANX,MJS_1,MJS,1,R,R-ANX091818A043,4,4,0.6070375678262576,0.6070375678262576
ANX091818A044,ANX,JRS_1,JRS,1,R,R-ANX091818A044,1,1,0.2864510377261985,0.4331349317496378
ANX091818A044,ANX,LEL_1,LEL,1,R,R-ANX091818A044,1,1,0.4639239057366308,0.6062040979897678
ANX091818A044,ANX,LSR_1,LSR,1,R,R-ANX091818A044,1,1,0.3645657553662192,0.43879085830700404
ANX091818A044,ANX,MJS_1,MJS,1,R,R-ANX091818A044,2,1,0.3109384857558763,0.43577139353950517
ANX091818A044,ANX,MJS_1,MJS,1,R,R-ANX091818A044,2,2,0.43577139353950517,0.43577139353950517
ANX091818A045,ANX,CJF_1,CJF,1,R,R-ANX091818A045,1,1,0.4331464325946803,0.6294883680977635
ANX091818A045,ANX,JRS_1,JRS,1,R,R-ANX091818A045,1,1,0.37155543190232554,0.5560053541461225
ANX091818A045,ANX,LEL_1,LEL,1,R,R-ANX091818A045,1,1,0.31010244257886727,0.4526711845539838
ANX091818A045,ANX,LSR_1,LSR,1,R,R-ANX091818A045,1,1,0.2835508240294988,0.35390533059996765
ANX091818A045,ANX,MJS_1,MJS,1,R,R-ANX091818A045,2,1,0.42649848817182834,0.5969344434856196
ANX091818A045,ANX,MJS_1,MJS,1,R,R-ANX091818A045,2,2,0.5969344434856196,0.5969344434856196
ANX091818A046,ANX,CJF_1,CJF,1,R,R-ANX091818A046,2,1,0.44269090783479437,0.7485457359349444
ANX091818A046,ANX,CJF_1,CJF,1,R,R-ANX091818A046,2,2,0.6298372981607774,0.7485457359349444
ANX091818A046,ANX,JRS_1,JRS,1,R,R-ANX091818A046,1,1,0.27817753938708784,0.460836643272286
ANX091818A046,ANX,LEL_1,LEL,1,R,R-ANX091818A046,0,NA,NA,0.6643391937093873
ANX091818A046,ANX,LSR_1,LSR,1,R,R-ANX091818A046,2,1,0.5190136568714683,0.6208153499193373
ANX091818A046,ANX,LSR_1,LSR,1,R,R-ANX091818A046,2,2,0.5971379054686512,0.6208153499193373
ANX091818A046,ANX,MJS_1,MJS,1,R,R-ANX091818A046,2,1,0.31454811367404295,0.4916639404888774
ANX091818A046,ANX,MJS_1,MJS,1,R,R-ANX091818A046,2,2,0.4916639404888774,0.4916639404888774
ANX091818A047,ANX,CJF_1,CJF,1,R,R-ANX091818A047,2,1,0.49912444968035546,0.8426221384398368
ANX091818A047,ANX,CJF_1,CJF,1,R,R-ANX091818A047,2,2,0.7137466099936252,0.8426221384398368
ANX091818A047,ANX,JRS_1,JRS,1,R,R-ANX091818A047,1,1,0.5730668932728878,0.9007661610174125
ANX091818A047,ANX,LEL_1,LEL,1,R,R-ANX091818A047,2,1,0.4165891446965893,0.6278310688990725
ANX091818A047,ANX,LEL_1,LEL,1,R,R-ANX091818A047,2,2,0.5633041773313281,0.6278310688990725
ANX091818A047,ANX,LSR_1,LSR,1,R,R-ANX091818A047,2,1,0.6547091526412352,0.8186621586507359
ANX091818A047,ANX,LSR_1,LSR,1,R,R-ANX091818A047,2,2,0.7784181651334334,0.8186621586507359
ANX091818A047,ANX,MJS_1,MJS,1,R,R-ANX091818A047,2,1,0.55741561959914665,0.8934926668458796
ANX091818A047,ANX,MJS_1,MJS,1,R,R-ANX091818A047,2,2,0.8934926668458796,0.8934926668458796
ANX091818A048,ANX,CJF_1,CJF,1,R,R-ANX091818A048,1,1,0.4300746675478674,0.6459899147530448
ANX091818A048,ANX,JRS_1,JRS,1,R,R-ANX091818A048,1,1,0.28981433879007795,0.43287378221776784
ANX091818A048,ANX,LEL_1,LEL,1,R,R-ANX091818A048,1,1,0.40285617668739154,0.5387028700869436
ANX091818A048,ANX,LSR_1,LSR,1,R,R-ANX091818A048,2,1,0.49533014356943544,0.6308244022609134
ANX091818A048,ANX,LSR_1,LSR,1,R,R-ANX091818A048,2,2,0.5657991548401207,0.6308244022609134
ANX091818A048,ANX,MJS_1,MJS,1,R,R-ANX091818A048,2,1,0.5098258326724101,0.6944774284317294
ANX091818A048,ANX,MJS_1,MJS,1,R,R-ANX091818A048,2,2,0.6944774284317294,0.6944774284317294
ANX091818A049,ANX,CJF_1,CJF,1,R,R-ANX091818A049,1,1,0.47285646570871764,0.6673509704623071
ANX091818A049,ANX,JRS_1,JRS,1,R,R-ANX091818A049,1,1,0.4960461947878352,0.6669452949014779
ANX091818A049,ANX,LEL_1,LEL,1,R,R-ANX091818A049,1,1,0.47557755716145805,0.5678839854820398
ANX091818A049,ANX,LSR_1,LSR,1,R,R-ANX091818A049,2,1,0.4350634619724474,0.6125123354981629
ANX091818A049,ANX,LSR_1,LSR,1,R,R-ANX091818A049,2,2,0.5361185362745213,0.6125123354981629
ANX091818A049,ANX,MJS_1,MJS,1,R,R-ANX091818A049,2,1,0.47291532298701555,0.6241821575787889
ANX091818A049,ANX,MJS_1,MJS,1,R,R-ANX091818A049,2,2,0.6241821575787889,0.6241821575787889
ANX091818A050,ANX,LEL_1,LEL,1,R,R-ANX091818A050,0,NA,NA,0.573335707105353
ANX091818A051,ANX,CJF_1,CJF,1,R,R-ANX091818A051,2,1,0.3778954268407098,0.7236994085537707
ANX091818A051,ANX,CJF_1,CJF,1,R,R-ANX091818A051,2,2,0.5861513311984953,0.7236994085537707
ANX091818A051,ANX,JRS_1,JRS,1,R,R-ANX091818A051,1,1,0.35828891325137474,0.548640804853449
ANX091818A051,ANX,LEL_1,LEL,1,R,R-ANX091818A051,2,1,0.492392106944029,0.8535169340351888
ANX091818A051,ANX,LEL_1,LEL,1,R,R-ANX091818A051,2,2,0.6822980254178961,0.8535169340351888
ANX091818A051,ANX,LSR_1,LSR,1,R,R-ANX091818A051,3,1,0.5564190894634102,0.8046073613468833
ANX091818A051,ANX,LSR_1,LSR,1,R,R-ANX091818A051,3,2,0.6297184638287184,0.8046073613468833
ANX091818A051,ANX,LSR_1,LSR,1,R,R-ANX091818A051,3,3,0.7582466651231285,0.8046073613468833
ANX091818A051,ANX,MJS_1,MJS,1,R,R-ANX091818A051,3,1,0.43586427830090513,0.7574402426394206
ANX091818A051,ANX,MJS_1,MJS,1,R,R-ANX091818A051,3,2,0.6298282987466336,0.7574402426394206
ANX091818A051,ANX,MJS_1,MJS,1,R,R-ANX091818A051,3,3,0.7574402426394206,0.7574402426394206
ANX091818A052,ANX,CJF_1,CJF,1,R,R-ANX091818A052,4,1,0.5397580057050153,1.3545713051654888
ANX091818A052,ANX,CJF_1,CJF,1,R,R-ANX091818A052,4,2,0.8316196734975116,1.3545713051654888
ANX091818A052,ANX,CJF_1,CJF,1,R,R-ANX091818A052,4,3,1.0442589933492727,1.3545713051654888
ANX091818A052,ANX,CJF_1,CJF,1,R,R-ANX091818A052,4,4,1.219753544210687,1.3545713051654888
ANX091818A052,ANX,JRS_1,JRS,1,R,R-ANX091818A052,4,1,0.6777823022687663,1.4332056179497572
ANX091818A052,ANX,JRS_1,JRS,1,R,R-ANX091818A052,4,2,0.9228030242533574,1.4332056179497572
ANX091818A052,ANX,JRS_1,JRS,1,R,R-ANX091818A052,4,3,1.1393770564974741,1.4332056179497572
ANX091818A052,ANX,JRS_1,JRS,1,R,R-ANX091818A052,4,4,1.2927266623016327,1.4332056179497572
ANX091818A052,ANX,LEL_1,LEL,1,R,R-ANX091818A052,3,1,0.8939292821942353,1.4140241865979801
ANX091818A052,ANX,LEL_1,LEL,1,R,R-ANX091818A052,3,2,1.1296061381511553,1.4140241865979801
ANX091818A052,ANX,LEL_1,LEL,1,R,R-ANX091818A052,3,3,1.2867117257412555,1.4140241865979801
ANX091818A052,ANX,LSR_1,LSR,1,R,R-ANX091818A052,3,1,0.8092826163187761,1.3208487614049937
ANX091818A052,ANX,LSR_1,LSR,1,R,R-ANX091818A052,3,2,1.0364195419454958,1.3208487614049937
ANX091818A052,ANX,LSR_1,LSR,1,R,R-ANX091818A052,3,3,1.2140803405044427,1.3208487614049937
ANX091818A052,ANX,MJS_1,MJS,1,R,R-ANX091818A052,5,1,0.6063541585823488,1.3594396084055576
ANX091818A052,ANX,MJS_1,MJS,1,R,R-ANX091818A052,5,2,0.8402492134291699,1.3594396084055576
ANX091818A052,ANX,MJS_1,MJS,1,R,R-ANX091818A052,5,3,1.0494332378960958,1.3594396084055576
ANX091818A052,ANX,MJS_1,MJS,1,R,R-ANX091818A052,5,4,1.2207360239678955,1.3594396084055576
ANX091818A052,ANX,MJS_1,MJS,1,R,R-ANX091818A052,5,5,1.3594396084055576,1.3594396084055576
ANX091818A053,ANX,CJF_1,CJF,1,R,R-ANX091818A053,4,1,0.5933754020391786,1.1488369594012715
ANX091818A053,ANX,CJF_1,CJF,1,R,R-ANX091818A053,4,2,0.8173371228004623,1.1488369594012715
ANX091818A053,ANX,CJF_1,CJF,1,R,R-ANX091818A053,4,3,0.9449816199316018,1.1488369594012715
ANX091818A053,ANX,CJF_1,CJF,1,R,R-ANX091818A053,4,4,1.052136582786772,1.1488369594012715
ANX091818A053,ANX,JRS_1,JRS,1,R,R-ANX091818A053,4,1,0.4452477434931572,0.7652737363697806
ANX091818A053,ANX,JRS_1,JRS,1,R,R-ANX091818A053,4,2,0.5732442348935853,0.7652737363697806
ANX091818A053,ANX,JRS_1,JRS,1,R,R-ANX091818A053,4,3,0.6644042798412223,0.7652737363697806
ANX091818A053,ANX,JRS_1,JRS,1,R,R-ANX091818A053,4,4,0.7202380146238047,0.7652737363697806
ANX091818A053,ANX,LEL_1,LEL,1,R,R-ANX091818A053,4,1,0.48590377626507647,0.8356581509301474
ANX091818A053,ANX,LEL_1,LEL,1,R,R-ANX091818A053,4,2,0.6372381551381615,0.8356581509301474
ANX091818A053,ANX,LEL_1,LEL,1,R,R-ANX091818A053,4,3,0.7432634211468491,0.8356581509301474
ANX091818A053,ANX,LEL_1,LEL,1,R,R-ANX091818A053,4,4,0.7859976362304478,0.8356581509301474
ANX091818A053,ANX,LSR_1,LSR,1,R,R-ANX091818A053,3,1,0.6980373570099322,1.085418492187584
ANX091818A053,ANX,LSR_1,LSR,1,R,R-ANX091818A053,3,2,0.8614730618032478,1.085418492187584
ANX091818A053,ANX,LSR_1,LSR,1,R,R-ANX091818A053,3,3,0.9793204106365485,1.085418492187584
ANX091818A053,ANX,MJS_1,MJS,1,R,R-ANX091818A053,5,1,0.6113368724983678,1.1573272299291673
ANX091818A053,ANX,MJS_1,MJS,1,R,R-ANX091818A053,5,2,0.8073764177010714,1.1573272299291673
ANX091818A053,ANX,MJS_1,MJS,1,R,R-ANX091818A053,5,3,1.011403195431408,1.1573272299291673
ANX091818A053,ANX,MJS_1,MJS,1,R,R-ANX091818A053,5,4,1.093791657820347,1.1573272299291673
ANX091818A053,ANX,MJS_1,MJS,1,R,R-ANX091818A053,5,5,1.1573272299291673,1.1573272299291673
ANX091818A054,ANX,CJF_1,CJF,1,R,R-ANX091818A054,1,1,0.42908120327745103,0.6016506923312102
ANX091818A054,ANX,JRS_1,JRS,1,R,R-ANX091818A054,1,1,0.4045826660429884,0.5501313761761754
ANX091818A054,ANX,LEL_1,LEL,1,R,R-ANX091818A054,1,1,0.4573370694475779,0.5585632259299091
ANX091818A054,ANX,LSR_1,LSR,1,R,R-ANX091818A054,1,1,0.4581974387999028,0.5996402216375245
ANX091818A054,ANX,MJS_1,MJS,1,R,R-ANX091818A054,2,1,0.40340249442070625,0.5550512582934223
ANX091818A054,ANX,MJS_1,MJS,1,R,R-ANX091818A054,2,2,0.5550512582934223,0.5550512582934223
ANX091818A055,ANX,CJF_1,CJF,1,R,R-ANX091818A055,1,1,0.4004075022700378,0.5770155705344844
ANX091818A055,ANX,JRS_1,JRS,1,R,R-ANX091818A055,0,NA,NA,0.3967373363020922
ANX091818A055,ANX,LEL_1,LEL,1,R,R-ANX091818A055,1,1,0.5381981263815693,0.6256008966857598
ANX091818A055,ANX,LSR_1,LSR,1,R,R-ANX091818A055,2,1,0.2235417333399171,0.33167003520392363
ANX091818A055,ANX,LSR_1,LSR,1,R,R-ANX091818A055,2,2,0.28164778852508937,0.33167003520392363
ANX091818A055,ANX,MJS_1,MJS,1,R,R-ANX091818A055,2,1,0.2587434305057431,0.36850532438901185
ANX091818A055,ANX,MJS_1,MJS,1,R,R-ANX091818A055,2,2,0.36850532438901185,0.36850532438901185
ANX091818A056,ANX,CJF_1,CJF,1,R,R-ANX091818A056,1,1,0.5375915298187047,0.7578612806782505
ANX091818A056,ANX,JRS_1,JRS,1,R,R-ANX091818A056,1,1,0.3863441408274368,0.60800769447977
ANX091818A056,ANX,LEL_1,LEL,1,R,R-ANX091818A056,1,1,0.45287835808753607,0.6322489685089462
ANX091818A056,ANX,LSR_1,LSR,1,R,R-ANX091818A056,2,1,0.26065943611839654,0.39173581741691016
ANX091818A056,ANX,LSR_1,LSR,1,R,R-ANX091818A056,2,2,0.33519495773066976,0.39173581741691016
ANX091818A056,ANX,MJS_1,MJS,1,R,R-ANX091818A056,2,1,0.43677861383087446,0.5945390398917245
ANX091818A056,ANX,MJS_1,MJS,1,R,R-ANX091818A056,2,2,0.5945390398917245,0.5945390398917245
ANX091818A057,ANX,CJF_1,CJF,1,R,R-ANX091818A057,2,1,0.49549813857401637,0.8022366510886816
ANX091818A057,ANX,CJF_1,CJF,1,R,R-ANX091818A057,2,2,0.6730853279954422,0.8022366510886816
ANX091818A057,ANX,JRS_1,JRS,1,R,R-ANX091818A057,2,1,0.38301683139442183,0.6723297655997226
ANX091818A057,ANX,JRS_1,JRS,1,R,R-ANX091818A057,2,2,0.5535440964834408,0.6723297655997226
ANX091818A057,ANX,LEL_1,LEL,1,R,R-ANX091818A057,2,1,0.49073968903402426,0.7463128597757287
ANX091818A057,ANX,LEL_1,LEL,1,R,R-ANX091818A057,2,2,0.6313904506815325,0.7463128597757287
ANX091818A057,ANX,LSR_1,LSR,1,R,R-ANX091818A057,2,1,0.29186733158674627,0.4590807399125355
ANX091818A057,ANX,LSR_1,LSR,1,R,R-ANX091818A057,2,2,0.40574635983446217,0.4590807399125355
ANX091818A057,ANX,MJS_1,MJS,1,R,R-ANX091818A057,3,1,0.47459536803276026,0.7326566155979142
ANX091818A057,ANX,MJS_1,MJS,1,R,R-ANX091818A057,3,2,0.6645976551124845,0.7326566155979142
ANX091818A057,ANX,MJS_1,MJS,1,R,R-ANX091818A057,3,3,0.7326566155979142,0.7326566155979142
ANX091818A058,ANX,CJF_1,CJF,1,R,R-ANX091818A058,2,1,0.5222536502450424,0.8412538165670986
ANX091818A058,ANX,CJF_1,CJF,1,R,R-ANX091818A058,2,2,0.7133833100121328,0.8412538165670986
ANX091818A058,ANX,JRS_1,JRS,1,R,R-ANX091818A058,2,1,0.42844707431368106,0.7247828265760511
ANX091818A058,ANX,JRS_1,JRS,1,R,R-ANX091818A058,2,2,0.6021139417232558,0.7247828265760511
ANX091818A058,ANX,LEL_1,LEL,1,R,R-ANX091818A058,2,1,0.46013287377177103,0.7544073999329747
ANX091818A058,ANX,LEL_1,LEL,1,R,R-ANX091818A058,2,2,0.6174294126488631,0.7544073999329747
ANX091818A058,ANX,LSR_1,LSR,1,R,R-ANX091818A058,2,1,0.3252434884661105,0.49922442759268276
ANX091818A058,ANX,LSR_1,LSR,1,R,R-ANX091818A058,2,2,0.43084743704375056,0.49922442759268276
ANX091818A058,ANX,MJS_1,MJS,1,R,R-ANX091818A058,3,1,0.38488569391734523,0.6746796978587617
ANX091818A058,ANX,MJS_1,MJS,1,R,R-ANX091818A058,3,2,0.5537578371721912,0.6746796978587617
ANX091818A058,ANX,MJS_1,MJS,1,R,R-ANX091818A058,3,3,0.6746796978587617,0.6746796978587617
ANX091818A060,ANX,CJF_1,CJF,1,R,R-ANX091818A060,1,1,0.5226707797068534,0.7520609127338501
ANX091818A060,ANX,JRS_1,JRS,1,R,R-ANX091818A060,1,1,0.5282627484474421,0.7478014460389983
ANX091818A060,ANX,LEL_1,LEL,1,R,R-ANX091818A060,1,1,0.5266503397296278,0.7590415257685275
ANX091818A060,ANX,LSR_1,LSR,1,R,R-ANX091818A060,3,1,0.2847650829234186,0.5005508554051289
ANX091818A060,ANX,LSR_1,LSR,1,R,R-ANX091818A060,3,2,0.39304608356856957,0.5005508554051289
ANX091818A060,ANX,LSR_1,LSR,1,R,R-ANX091818A060,3,3,0.4538370555256601,0.5005508554051289
ANX091818A060,ANX,MJS_1,MJS,1,R,R-ANX091818A060,2,1,0.36312228006450276,0.4676652451842002
ANX091818A060,ANX,MJS_1,MJS,1,R,R-ANX091818A060,2,2,0.4676652451842002,0.4676652451842002
ANX091818A061,ANX,CJF_1,CJF,1,R,R-ANX091818A061,2,1,0.43401573754728956,0.7737057112244314
ANX091818A061,ANX,CJF_1,CJF,1,R,R-ANX091818A061,2,2,0.6384859123864508,0.7737057112244314
ANX091818A061,ANX,JRS_1,JRS,1,R,R-ANX091818A061,2,1,0.3111444988957716,0.5438905184885
ANX091818A061,ANX,JRS_1,JRS,1,R,R-ANX091818A061,2,2,0.4394171252544,0.5438905184885
ANX091818A061,ANX,LEL_1,LEL,1,R,R-ANX091818A061,2,1,0.45678126873827013,0.7170235253622362
ANX091818A061,ANX,LEL_1,LEL,1,R,R-ANX091818A061,2,2,0.5884930488781406,0.7170235253622362
ANX091818A061,ANX,LSR_1,LSR,1,R,R-ANX091818A061,2,1,0.5117715017193313,0.7384610877430778
ANX091818A061,ANX,LSR_1,LSR,1,R,R-ANX091818A061,2,2,0.6507786102854953,0.7384610877430778
ANX091818A061,ANX,MJS_1,MJS,1,R,R-ANX091818A061,3,1,0.2992930211036332,0.5543353202846402
ANX091818A061,ANX,MJS_1,MJS,1,R,R-ANX091818A061,3,2,0.4345818149320391,0.5543353202846402
ANX091818A061,ANX,MJS_1,MJS,1,R,R-ANX091818A061,3,3,0.5543353202846402,0.5543353202846402
ANX091818A062,ANX,CJF_1,CJF,1,R,R-ANX091818A062,2,1,0.5785236491985543,0.9269774838209495
ANX091818A062,ANX,CJF_1,CJF,1,R,R-ANX091818A062,2,2,0.8040103235128802,0.9269774838209495
ANX091818A062,ANX,JRS_1,JRS,1,R,R-ANX091818A062,2,1,0.3982311900527632,0.7371343849920471
ANX091818A062,ANX,JRS_1,JRS,1,R,R-ANX091818A062,2,2,0.6015631390167816,0.7371343849920471
ANX091818A062,ANX,LEL_1,LEL,1,R,R-ANX091818A062,2,1,0.5633689158866729,0.8732659545511692
ANX091818A062,ANX,LEL_1,LEL,1,R,R-ANX091818A062,2,2,0.7706491780913235,0.8732659545511692
ANX091818A062,ANX,LSR_1,LSR,1,R,R-ANX091818A062,2,1,0.36788886368745805,0.5351830897617773
ANX091818A062,ANX,LSR_1,LSR,1,R,R-ANX091818A062,2,2,0.4600151123499203,0.5351830897617773
ANX091818A062,ANX,MJS_1,MJS,1,R,R-ANX091818A062,3,1,0.5477168063461224,0.8736154851424107
ANX091818A062,ANX,MJS_1,MJS,1,R,R-ANX091818A062,3,2,0.7540700031977906,0.8736154851424107
ANX091818A062,ANX,MJS_1,MJS,1,R,R-ANX091818A062,3,3,0.8736154851424107,0.8736154851424107
ANX091818A063,ANX,CJF_1,CJF,1,R,R-ANX091818A063,2,1,0.38198825567114497,0.7776367305473555
ANX091818A063,ANX,CJF_1,CJF,1,R,R-ANX091818A063,2,2,0.6252517400336973,0.7776367305473555
ANX091818A063,ANX,JRS_1,JRS,1,R,R-ANX091818A063,1,1,0.3155807931387752,0.4871959587169187
ANX091818A063,ANX,LEL_1,LEL,1,R,R-ANX091818A063,0,NA,NA,0.5615333575731557
ANX091818A063,ANX,LSR_1,LSR,1,R,R-ANX091818A063,2,1,0.4115689826246862,0.5346341023449444
ANX091818A063,ANX,LSR_1,LSR,1,R,R-ANX091818A063,2,2,0.4897329367315606,0.5346341023449444
ANX091818A063,ANX,MJS_1,MJS,1,R,R-ANX091818A063,2,1,0.3419369649305753,0.49239790881669976
ANX091818A063,ANX,MJS_1,MJS,1,R,R-ANX091818A063,2,2,0.49239790881669976,0.49239790881669976
ANX091818A064,ANX,CJF_1,CJF,1,R,R-ANX091818A064,1,1,0.522951818355846,0.7370481771853659
ANX091818A064,ANX,JRS_1,JRS,1,R,R-ANX091818A064,1,1,0.5609441970889888,0.7450107104216106
ANX091818A064,ANX,LEL_1,LEL,1,R,R-ANX091818A064,1,1,0.5554812013191537,0.7354812603573592
ANX091818A064,ANX,LSR_1,LSR,1,R,R-ANX091818A064,2,1,0.4739289862055339,0.6271944075640934
ANX091818A064,ANX,LSR_1,LSR,1,R,R-ANX091818A064,2,2,0.5642116241593019,0.6271944075640934
ANX091818A064,ANX,MJS_1,MJS,1,R,R-ANX091818A064,2,1,0.5276108130877774,0.7052628411344072
ANX091818A064,ANX,MJS_1,MJS,1,R,R-ANX091818A064,2,2,0.7052628411344072,0.7052628411344072
ANX091818A065,ANX,CJF_1,CJF,1,R,R-ANX091818A065,2,1,0.4344468057335593,0.7838767442348915
ANX091818A065,ANX,CJF_1,CJF,1,R,R-ANX091818A065,2,2,0.6597737142832469,0.7838767442348915
ANX091818A065,ANX,JRS_1,JRS,1,R,R-ANX091818A065,2,1,0.521023985909845,0.8295217388416085
ANX091818A065,ANX,JRS_1,JRS,1,R,R-ANX091818A065,2,2,0.701195416714527,0.8295217388416085
ANX091818A065,ANX,LEL_1,LEL,1,R,R-ANX091818A065,2,1,0.5673466838591108,0.9359110327660134
ANX091818A065,ANX,LEL_1,LEL,1,R,R-ANX091818A065,2,2,0.7635672403704679,0.9359110327660134
ANX091818A065,ANX,LSR_1,LSR,1,R,R-ANX091818A065,2,1,0.48438329196614405,0.8571928233841426
ANX091818A065,ANX,LSR_1,LSR,1,R,R-ANX091818A065,2,2,0.710240397018987,0.8571928233841426
ANX091818A065,ANX,MJS_1,MJS,1,R,R-ANX091818A065,3,1,0.4596312995091318,0.8075192291267267
ANX091818A065,ANX,MJS_1,MJS,1,R,R-ANX091818A065,3,2,0.6743058951813328,0.8075192291267267
ANX091818A065,ANX,MJS_1,MJS,1,R,R-ANX091818A065,3,3,0.8075192291267267,0.8075192291267267
ANX091818A066,ANX,CJF_1,CJF,1,R,R-ANX091818A066,1,1,0.5134570974450782,0.7251495149419389
ANX091818A066,ANX,JRS_1,JRS,1,R,R-ANX091818A066,1,1,0.5168817643261874,0.721034279842785
ANX091818A066,ANX,LEL_1,LEL,1,R,R-ANX091818A066,1,1,0.4419886794267133,0.6197334292037444
ANX091818A066,ANX,LSR_1,LSR,1,R,R-ANX091818A066,2,1,0.3190801069628821,0.4743745426400785
ANX091818A066,ANX,LSR_1,LSR,1,R,R-ANX091818A066,2,2,0.3967273248014801,0.4743745426400785
ANX091818A066,ANX,MJS_1,MJS,1,R,R-ANX091818A066,2,1,0.5433587722481193,0.7458430563701719
ANX091818A066,ANX,MJS_1,MJS,1,R,R-ANX091818A066,2,2,0.7458430563701719,0.7458430563701719
ANX091818A067,ANX,CJF_1,CJF,1,R,R-ANX091818A067,2,1,0.42958085031148263,0.8487813146212337
ANX091818A067,ANX,CJF_1,CJF,1,R,R-ANX091818A067,2,2,0.7255119200136999,0.8487813146212337
ANX091818A067,ANX,JRS_1,JRS,1,R,R-ANX091818A067,1,1,0.6214338625038334,0.8619387601917239
ANX091818A067,ANX,LEL_1,LEL,1,R,R-ANX091818A067,2,1,0.47560758105663653,0.6699804021660379
ANX091818A067,ANX,LEL_1,LEL,1,R,R-ANX091818A067,2,2,0.576903048862789,0.6699804021660379
ANX091818A067,ANX,LSR_1,LSR,1,R,R-ANX091818A067,2,1,0.42164749539090296,0.6192689490207822
ANX091818A067,ANX,LSR_1,LSR,1,R,R-ANX091818A067,2,2,0.5291948808874769,0.6192689490207822
ANX091818A067,ANX,MJS_1,MJS,1,R,R-ANX091818A067,3,1,0.4146463565681523,0.6373235741042907
ANX091818A067,ANX,MJS_1,MJS,1,R,R-ANX091818A067,3,2,0.5547075552389189,0.6373235741042907
ANX091818A067,ANX,MJS_1,MJS,1,R,R-ANX091818A067,3,3,0.6373235741042907,0.6373235741042907
ANX091818A068,ANX,CJF_1,CJF,1,R,R-ANX091818A068,1,1,0.42384695453736415,0.6114307041458875
ANX091818A068,ANX,JRS_1,JRS,1,R,R-ANX091818A068,1,1,0.4430351421815745,0.6234264759178688
ANX091818A068,ANX,LEL_1,LEL,1,R,R-ANX091818A068,1,1,0.40798820716485074,0.5223330244307264
ANX091818A068,ANX,LSR_1,LSR,1,R,R-ANX091818A068,3,1,0.341963993777491,0.6100152945934353
ANX091818A068,ANX,LSR_1,LSR,1,R,R-ANX091818A068,3,2,0.4536111125790797,0.6100152945934353
ANX091818A068,ANX,LSR_1,LSR,1,R,R-ANX091818A068,3,3,0.5395832279144602,0.6100152945934353
ANX091818A068,ANX,MJS_1,MJS,1,R,R-ANX091818A068,2,1,0.4148352415604535,0.5895374688465425
ANX091818A068,ANX,MJS_1,MJS,1,R,R-ANX091818A068,2,2,0.5895374688465425,0.5895374688465425
ANX091818A069,ANX,CJF_1,CJF,1,R,R-ANX091818A069,1,1,0.518338183265479,0.6991389191636579
ANX091818A069,ANX,JRS_1,JRS,1,R,R-ANX091818A069,1,1,0.5466094921728285,0.8346416202595774
ANX091818A069,ANX,LEL_1,LEL,1,R,R-ANX091818A069,1,1,0.5483675065308392,0.7603377821220718
ANX091818A069,ANX,LSR_1,LSR,1,R,R-ANX091818A069,3,1,0.28995852678018547,0.4944343506527299
ANX091818A069,ANX,LSR_1,LSR,1,R,R-ANX091818A069,3,2,0.34943719894021913,0.4944343506527299
ANX091818A069,ANX,LSR_1,LSR,1,R,R-ANX091818A069,3,3,0.43122037316024253,0.4944343506527299
ANX091818A069,ANX,MJS_1,MJS,1,R,R-ANX091818A069,2,1,0.5628877432044035,0.781561195323196
ANX091818A069,ANX,MJS_1,MJS,1,R,R-ANX091818A069,2,2,0.781561195323196,0.781561195323196
ANX091818A070,ANX,CJF_1,CJF,1,R,R-ANX091818A070,1,1,0.4106161614257447,0.5911752742848875
ANX091818A070,ANX,JRS_1,JRS,1,R,R-ANX091818A070,1,1,0.4905978586169689,0.6522037934242968
ANX091818A070,ANX,LEL_1,LEL,1,R,R-ANX091818A070,1,1,0.4904294911753129,0.6367172708915643
ANX091818A070,ANX,LSR_1,LSR,1,R,R-ANX091818A070,2,1,0.43588601772641505,0.552103158726545
ANX091818A070,ANX,LSR_1,LSR,1,R,R-ANX091818A070,2,2,0.5036076110005648,0.552103158726545
ANX091818A070,ANX,MJS_1,MJS,1,R,R-ANX091818A070,2,1,0.5143028983629307,0.6723640396358486
ANX091818A070,ANX,MJS_1,MJS,1,R,R-ANX091818A070,2,2,0.6723640396358486,0.6723640396358486
ANX091818A071,ANX,CJF_1,CJF,1,R,R-ANX091818A071,1,1,0.38738446055735404,0.5747889071530593
ANX091818A071,ANX,JRS_1,JRS,1,R,R-ANX091818A071,1,1,0.3275614927679811,0.4513430725199214
ANX091818A071,ANX,LEL_1,LEL,1,R,R-ANX091818A071,1,1,0.35773546755509233,0.5279521081440571
ANX091818A071,ANX,LSR_1,LSR,1,R,R-ANX091818A071,3,1,0.22157877666005693,0.41740229807666185
ANX091818A071,ANX,LSR_1,LSR,1,R,R-ANX091818A071,3,2,0.2893472498915922,0.41740229807666185
ANX091818A071,ANX,LSR_1,LSR,1,R,R-ANX091818A071,3,3,0.37603616318289196,0.41740229807666185
ANX091818A071,ANX,MJS_1,MJS,1,R,R-ANX091818A071,2,1,0.4939792127007991,0.6611042132979009
ANX091818A071,ANX,MJS_1,MJS,1,R,R-ANX091818A071,2,2,0.6611042132979009,0.6611042132979009
ANX091818A072,ANX,CJF_1,CJF,1,R,R-ANX091818A072,1,1,0.5461319627406321,0.7677058764079467
ANX091818A072,ANX,JRS_1,JRS,1,R,R-ANX091818A072,1,1,0.35752824245073184,0.5096939643439038
ANX091818A072,ANX,LEL_1,LEL,1,R,R-ANX091818A072,1,1,0.6106431176397475,0.8327416720313162
ANX091818A072,ANX,LSR_1,LSR,1,R,R-ANX091818A072,3,1,0.42711923768535187,0.7868535121249239
ANX091818A072,ANX,LSR_1,LSR,1,R,R-ANX091818A072,3,2,0.530635353352078,0.7868535121249239
ANX091818A072,ANX,LSR_1,LSR,1,R,R-ANX091818A072,3,3,0.70105112464308,0.7868535121249239
ANX091818A072,ANX,MJS_1,MJS,1,R,R-ANX091818A072,2,1,0.5573852483174756,0.8116385997542197
ANX091818A072,ANX,MJS_1,MJS,1,R,R-ANX091818A072,2,2,0.8116385997542197,0.8116385997542197
ANX091818A073,ANX,CJF_1,CJF,1,R,R-ANX091818A073,1,1,0.44744186552287785,0.7245843692432702
ANX091818A073,ANX,LEL_1,LEL,1,R,R-ANX091818A073,1,1,0.30178400421282886,0.5587488662291691
ANX091818A073,ANX,LSR_1,LSR,1,R,R-ANX091818A073,3,1,0.45578465434431453,0.7049095686927145
ANX091818A073,ANX,LSR_1,LSR,1,R,R-ANX091818A073,3,2,0.5219022130286077,0.7049095686927145
ANX091818A073,ANX,LSR_1,LSR,1,R,R-ANX091818A073,3,3,0.6065914883090913,0.7049095686927145
ANX091818A073,ANX,MJS_1,MJS,1,R,R-ANX091818A073,2,1,0.373083688176158,0.6338241706335082
ANX091818A073,ANX,MJS_1,MJS,1,R,R-ANX091818A073,2,2,0.6338241706335082,0.6338241706335082
ANX091818A074,ANX,CJF_1,CJF,1,R,R-ANX091818A074,1,1,0.4045774003514079,0.650946776706591
ANX091818A074,ANX,JRS_1,JRS,1,R,R-ANX091818A074,1,1,0.4100275192581976,0.6185578222409922
ANX091818A074,ANX,LEL_1,LEL,1,R,R-ANX091818A074,1,1,0.40671012952069824,0.6108931973427004
ANX091818A074,ANX,LSR_1,LSR,1,R,R-ANX091818A074,3,1,0.3148821144123468,0.6184202304964362
ANX091818A074,ANX,LSR_1,LSR,1,R,R-ANX091818A074,3,2,0.39609125928851996,0.6184202304964362
ANX091818A074,ANX,LSR_1,LSR,1,R,R-ANX091818A074,3,3,0.5533338117467055,0.6184202304964362
ANX091818A074,ANX,MJS_1,MJS,1,R,R-ANX091818A074,2,1,0.42874067148259126,0.6346409446113984
ANX091818A074,ANX,MJS_1,MJS,1,R,R-ANX091818A074,2,2,0.6346409446113984,0.6346409446113984
ANX091818A076,ANX,CJF_1,CJF,1,R,R-ANX091818A076,1,1,0.41683272375702185,0.6529109890104359
ANX091818A076,ANX,JRS_1,JRS,1,R,R-ANX091818A076,1,1,0.5571214116975032,0.774205010652178
ANX091818A076,ANX,LEL_1,LEL,1,R,R-ANX091818A076,1,1,0.4179214700315914,0.6369889337172472
ANX091818A076,ANX,LSR_1,LSR,1,R,R-ANX091818A076,4,1,0.3047269565886532,0.778328851083663
ANX091818A076,ANX,LSR_1,LSR,1,R,R-ANX091818A076,4,2,0.45901202324181967,0.778328851083663
ANX091818A076,ANX,LSR_1,LSR,1,R,R-ANX091818A076,4,3,0.5472749185701872,0.778328851083663
ANX091818A076,ANX,LSR_1,LSR,1,R,R-ANX091818A076,4,4,0.6647293899665947,0.778328851083663
ANX091818A076,ANX,MJS_1,MJS,1,R,R-ANX091818A076,2,1,0.5131357412949579,0.7449034411926703
ANX091818A076,ANX,MJS_1,MJS,1,R,R-ANX091818A076,2,2,0.7449034411926703,0.7449034411926703
ANX091818A077,ANX,CJF_1,CJF,1,R,R-ANX091818A077,1,1,0.37253113151171446,0.5492127457341929
ANX091818A077,ANX,JRS_1,JRS,1,R,R-ANX091818A077,0,NA,NA,0.38950355029078665
ANX091818A077,ANX,LEL_1,LEL,1,R,R-ANX091818A077,0,NA,NA,0.5592955960687697
ANX091818A077,ANX,LSR_1,LSR,1,R,R-ANX091818A077,3,1,0.24353745179108313,0.4767817340917953
ANX091818A077,ANX,LSR_1,LSR,1,R,R-ANX091818A077,3,2,0.31711696506083337,0.4767817340917953
ANX091818A077,ANX,LSR_1,LSR,1,R,R-ANX091818A077,3,3,0.3553797596642671,0.4767817340917953
ANX091818A077,ANX,MJS_1,MJS,1,R,R-ANX091818A077,1,1,0.39780726342989886,0.39780726342989886
ANX091818A078,ANX,CJF_1,CJF,1,R,R-ANX091818A078,1,1,0.41984209148752727,0.6326180567975693
ANX091818A078,ANX,JRS_1,JRS,1,R,R-ANX091818A078,1,1,0.365252117502346,0.5095253574723485
ANX091818A078,ANX,LEL_1,LEL,1,R,R-ANX091818A078,1,1,0.38820022892672296,0.5588654374589221
ANX091818A078,ANX,LSR_1,LSR,1,R,R-ANX091818A078,3,1,0.3544133253757029,0.5484566937617373
ANX091818A078,ANX,LSR_1,LSR,1,R,R-ANX091818A078,3,2,0.45320885283231616,0.5484566937617373
ANX091818A078,ANX,LSR_1,LSR,1,R,R-ANX091818A078,3,3,0.5183309688925632,0.5484566937617373
ANX091818A078,ANX,MJS_1,MJS,1,R,R-ANX091818A078,2,1,0.47777285451835266,0.6765273963412898
ANX091818A078,ANX,MJS_1,MJS,1,R,R-ANX091818A078,2,2,0.6765273963412898,0.6765273963412898
ANX091818A079,ANX,CJF_1,CJF,1,R,R-ANX091818A079,1,1,0.5762946488412813,0.7702377962573879
ANX091818A079,ANX,JRS_1,JRS,1,R,R-ANX091818A079,1,1,0.30491021016259157,0.4706104323406449
ANX091818A079,ANX,LEL_1,LEL,1,R,R-ANX091818A079,1,1,0.5024178562065206,0.666183588571282
ANX091818A079,ANX,LSR_1,LSR,1,R,R-ANX091818A079,3,1,0.241108033290092,0.43813917713585143
ANX091818A079,ANX,LSR_1,LSR,1,R,R-ANX091818A079,3,2,0.30884714262825513,0.43813917713585143
ANX091818A079,ANX,LSR_1,LSR,1,R,R-ANX091818A079,3,3,0.3656314962939366,0.43813917713585143
ANX091818A079,ANX,MJS_1,MJS,1,R,R-ANX091818A079,2,1,0.5530081284368132,0.7444878133120378
ANX091818A079,ANX,MJS_1,MJS,1,R,R-ANX091818A079,2,2,0.7444878133120378,0.7444878133120378
ANX091818A080,ANX,CJF_1,CJF,1,R,R-ANX091818A080,2,1,0.49906439465350644,0.7993271259973609
ANX091818A080,ANX,CJF_1,CJF,1,R,R-ANX091818A080,2,2,0.6657414258618763,0.7993271259973609
ANX091818A080,ANX,JRS_1,JRS,1,R,R-ANX091818A080,2,1,0.3464802248192746,0.6349481671505579
ANX091818A080,ANX,JRS_1,JRS,1,R,R-ANX091818A080,2,2,0.5077852813423548,0.6349481671505579
ANX091818A080,ANX,LEL_1,LEL,1,R,R-ANX091818A080,2,1,0.4550390701820294,0.7239112157811456
ANX091818A080,ANX,LEL_1,LEL,1,R,R-ANX091818A080,2,2,0.6140859149881996,0.7239112157811456
ANX091818A080,ANX,LSR_1,LSR,1,R,R-ANX091818A080,2,1,0.30168503469242014,0.46056434062245294
ANX091818A080,ANX,LSR_1,LSR,1,R,R-ANX091818A080,2,2,0.39503446609916937,0.46056434062245294
ANX091818A080,ANX,MJS_1,MJS,1,R,R-ANX091818A080,3,1,0.47456941391385987,0.7617234133684598
ANX091818A080,ANX,MJS_1,MJS,1,R,R-ANX091818A080,3,2,0.6411016057875324,0.7617234133684598
ANX091818A080,ANX,MJS_1,MJS,1,R,R-ANX091818A080,3,3,0.7617234133684598,0.7617234133684598
ANX091818A081,ANX,CJF_1,CJF,1,R,R-ANX091818A081,1,1,0.5324360742817816,0.701933311486464
ANX091818A081,ANX,JRS_1,JRS,1,R,R-ANX091818A081,1,1,0.47279437716875883,0.6432880573553799
ANX091818A081,ANX,LEL_1,LEL,1,R,R-ANX091818A081,1,1,0.5546109324234954,0.7089663392177581
ANX091818A081,ANX,LSR_1,LSR,1,R,R-ANX091818A081,2,1,0.21924112876015506,0.42683988587247806
ANX091818A081,ANX,LSR_1,LSR,1,R,R-ANX091818A081,2,2,0.30008308611209633,0.42683988587247806
ANX091818A081,ANX,MJS_1,MJS,1,R,R-ANX091818A081,2,1,0.4808999514838877,0.6409865388977971
ANX091818A081,ANX,MJS_1,MJS,1,R,R-ANX091818A081,2,2,0.6409865388977971,0.6409865388977971
ANX091818A082,ANX,CJF_1,CJF,1,R,R-ANX091818A082,3,1,0.5013742781550002,1.0396448359627606
ANX091818A082,ANX,CJF_1,CJF,1,R,R-ANX091818A082,3,2,0.738354227301419,1.0396448359627606
ANX091818A082,ANX,CJF_1,CJF,1,R,R-ANX091818A082,3,3,0.9042155991539004,1.0396448359627606
ANX091818A082,ANX,JRS_1,JRS,1,R,R-ANX091818A082,3,1,0.5748317689384216,1.0990741680426308
ANX091818A082,ANX,JRS_1,JRS,1,R,R-ANX091818A082,3,2,0.8149537647912007,1.0990741680426308
ANX091818A082,ANX,JRS_1,JRS,1,R,R-ANX091818A082,3,3,0.9595968419040494,1.0990741680426308
ANX091818A082,ANX,LEL_1,LEL,1,R,R-ANX091818A082,2,1,0.526816801239943,0.7556040606985401
ANX091818A082,ANX,LEL_1,LEL,1,R,R-ANX091818A082,2,2,0.6501266255972687,0.7556040606985401
ANX091818A082,ANX,LSR_1,LSR,1,R,R-ANX091818A082,4,1,0.3199220166564675,0.5652513846467869
ANX091818A082,ANX,LSR_1,LSR,1,R,R-ANX091818A082,4,2,0.4314353657429828,0.5652513846467869
ANX091818A082,ANX,LSR_1,LSR,1,R,R-ANX091818A082,4,3,0.5057775984673172,0.5652513846467869
ANX091818A082,ANX,LSR_1,LSR,1,R,R-ANX091818A082,4,4,0.5504455420873694,0.5652513846467869
ANX091818A082,ANX,MJS_1,MJS,1,R,R-ANX091818A082,3,1,0.5420312807929567,1.0672024427877496
ANX091818A082,ANX,MJS_1,MJS,1,R,R-ANX091818A082,3,2,0.7866484449670357,1.0672024427877496
ANX091818A082,ANX,MJS_1,MJS,1,R,R-ANX091818A082,3,3,1.0672024427877496,1.0672024427877496
ANX091818A083,ANX,CJF_1,CJF,1,R,R-ANX091818A083,4,1,0.5184753463265547,1.215766420350305
ANX091818A083,ANX,CJF_1,CJF,1,R,R-ANX091818A083,4,2,0.7556649991749937,1.215766420350305
ANX091818A083,ANX,CJF_1,CJF,1,R,R-ANX091818A083,4,3,0.9587129862261192,1.215766420350305
ANX091818A083,ANX,CJF_1,CJF,1,R,R-ANX091818A083,4,4,1.0871272823157594,1.215766420350305
ANX091818A083,ANX,JRS_1,JRS,1,R,R-ANX091818A083,4,1,0.42283748527517934,1.1156042358987188
ANX091818A083,ANX,JRS_1,JRS,1,R,R-ANX091818A083,4,2,0.6629859618480878,1.1156042358987188
ANX091818A083,ANX,JRS_1,JRS,1,R,R-ANX091818A083,4,3,0.859038768505628,1.1156042358987188
ANX091818A083,ANX,JRS_1,JRS,1,R,R-ANX091818A083,4,4,0.973719933450742,1.1156042358987188
ANX091818A083,ANX,LEL_1,LEL,1,R,R-ANX091818A083,4,1,0.5029398768978048,1.2010429474989919
ANX091818A083,ANX,LEL_1,LEL,1,R,R-ANX091818A083,4,2,0.7673743901852215,1.2010429474989919
ANX091818A083,ANX,LEL_1,LEL,1,R,R-ANX091818A083,4,3,0.9584386557781774,1.2010429474989919
ANX091818A083,ANX,LEL_1,LEL,1,R,R-ANX091818A083,4,4,1.071534018544921,1.2010429474989919
ANX091818A083,ANX,LSR_1,LSR,1,R,R-ANX091818A083,4,1,0.2653918857872397,0.6289409621905053
ANX091818A083,ANX,LSR_1,LSR,1,R,R-ANX091818A083,4,2,0.42234445623949946,0.6289409621905053
ANX091818A083,ANX,LSR_1,LSR,1,R,R-ANX091818A083,4,3,0.49424866174835935,0.6289409621905053
ANX091818A083,ANX,LSR_1,LSR,1,R,R-ANX091818A083,4,4,0.5801450369778601,0.6289409621905053
ANX091818A083,ANX,MJS_1,MJS,1,R,R-ANX091818A083,4,1,0.4585457848361285,1.1477068833965378
ANX091818A083,ANX,MJS_1,MJS,1,R,R-ANX091818A083,4,2,0.6918404819311927,1.1477068833965378
ANX091818A083,ANX,MJS_1,MJS,1,R,R-ANX091818A083,4,3,0.9036846442086492,1.1477068833965378
ANX091818A083,ANX,MJS_1,MJS,1,R,R-ANX091818A083,4,4,1.1477068833965378,1.1477068833965378
ANX091818A084,ANX,CJF_1,CJF,1,R,R-ANX091818A084,2,1,0.5176842389038112,0.8488525638768188
ANX091818A084,ANX,CJF_1,CJF,1,R,R-ANX091818A084,2,2,0.697869780945337,0.8488525638768188
ANX091818A084,ANX,JRS_1,JRS,1,R,R-ANX091818A084,2,1,0.48512803861824866,0.7896447120514085
ANX091818A084,ANX,JRS_1,JRS,1,R,R-ANX091818A084,2,2,0.6511728203927869,0.7896447120514085
ANX091818A084,ANX,LEL_1,LEL,1,R,R-ANX091818A084,2,1,0.6137774271557441,0.9088396684261337
ANX091818A084,ANX,LEL_1,LEL,1,R,R-ANX091818A084,2,2,0.7694328886747577,0.9088396684261337
ANX091818A084,ANX,LSR_1,LSR,1,R,R-ANX091818A084,4,1,0.3010364065292409,0.6745370876842436
ANX091818A084,ANX,LSR_1,LSR,1,R,R-ANX091818A084,4,2,0.4341819651211615,0.6745370876842436
ANX091818A084,ANX,LSR_1,LSR,1,R,R-ANX091818A084,4,3,0.5439627699383458,0.6745370876842436
ANX091818A084,ANX,LSR_1,LSR,1,R,R-ANX091818A084,4,4,0.6359461163778359,0.6745370876842436
ANX091818A084,ANX,MJS_1,MJS,1,R,R-ANX091818A084,3,1,0.5115417793496518,0.8105816385360237
ANX091818A084,ANX,MJS_1,MJS,1,R,R-ANX091818A084,3,2,0.6846176573958339,0.8105816385360237
ANX091818A084,ANX,MJS_1,MJS,1,R,R-ANX091818A084,3,3,0.8105816385360237,0.8105816385360237
ANX091818A085,ANX,CJF_1,CJF,1,R,R-ANX091818A085,3,1,0.5266363634456727,0.9788220329642785
ANX091818A085,ANX,CJF_1,CJF,1,R,R-ANX091818A085,3,2,0.7411440926077706,0.9788220329642785
ANX091818A085,ANX,CJF_1,CJF,1,R,R-ANX091818A085,3,3,0.8763036579084923,0.9788220329642785
ANX091818A085,ANX,JRS_1,JRS,1,R,R-ANX091818A085,2,1,0.627451255922816,1.1162160196960609
ANX091818A085,ANX,JRS_1,JRS,1,R,R-ANX091818A085,2,2,0.8878936338432297,1.1162160196960609
ANX091818A085,ANX,LEL_1,LEL,1,R,R-ANX091818A085,1,1,0.7270530395678915,0.9320126743053789
ANX091818A085,ANX,LSR_1,LSR,1,R,R-ANX091818A085,3,1,0.27437271804780355,0.45257635952480924
ANX091818A085,ANX,LSR_1,LSR,1,R,R-ANX091818A085,3,2,0.34233418754122574,0.45257635952480924
ANX091818A085,ANX,LSR_1,LSR,1,R,R-ANX091818A085,3,3,0.4111379370593521,0.45257635952480924
ANX091818A085,ANX,MJS_1,MJS,1,R,R-ANX091818A085,2,1,0.7896807105934656,1.038130439128263
ANX091818A085,ANX,MJS_1,MJS,1,R,R-ANX091818A085,2,2,1.038130439128263,1.038130439128263
ANX091818A087,ANX,CJF_1,CJF,1,R,R-ANX091818A087,2,1,0.5364619810620582,0.8988418083268026
ANX091818A087,ANX,CJF_1,CJF,1,R,R-ANX091818A087,2,2,0.7586373985577951,0.8988418083268026
ANX091818A087,ANX,JRS_1,JRS,1,R,R-ANX091818A087,2,1,0.4988612170279795,0.8654774756331457
ANX091818A087,ANX,JRS_1,JRS,1,R,R-ANX091818A087,2,2,0.7139081363520379,0.8654774756331457
ANX091818A087,ANX,LEL_1,LEL,1,R,R-ANX091818A087,1,1,0.4657900081562308,0.6840304797668681
ANX091818A087,ANX,LSR_1,LSR,1,R,R-ANX091818A087,2,1,0.2949552266955165,0.5431835729144753
ANX091818A087,ANX,LSR_1,LSR,1,R,R-ANX091818A087,2,2,0.43876129502359434,0.5431835729144753
ANX091818A087,ANX,MJS_1,MJS,1,R,R-ANX091818A087,3,1,0.5314520217358633,0.9035811007787944
ANX091818A087,ANX,MJS_1,MJS,1,R,R-ANX091818A087,3,2,0.7478997158582796,0.9035811007787944
ANX091818A087,ANX,MJS_1,MJS,1,R,R-ANX091818A087,3,3,0.9035811007787944,0.9035811007787944
ANX091818A088,ANX,CJF_1,CJF,1,R,R-ANX091818A088,1,1,0.3618261299239035,0.5511283569042418
ANX091818A088,ANX,JRS_1,JRS,1,R,R-ANX091818A088,1,1,0.43680831350327887,0.6321502783306813
ANX091818A088,ANX,LEL_1,LEL,1,R,R-ANX091818A088,0,NA,NA,0.6778327658678004
ANX091818A088,ANX,LSR_1,LSR,1,R,R-ANX091818A088,3,1,0.24199621025045223,0.4030278583129092
ANX091818A088,ANX,LSR_1,LSR,1,R,R-ANX091818A088,3,2,0.30584772894542034,0.4030278583129092
ANX091818A088,ANX,LSR_1,LSR,1,R,R-ANX091818A088,3,3,0.3644625169177236,0.4030278583129092
ANX091818A088,ANX,MJS_1,MJS,1,R,R-ANX091818A088,2,1,0.2977805268921627,0.4694232033851957
ANX091818A088,ANX,MJS_1,MJS,1,R,R-ANX091818A088,2,2,0.4694232033851957,0.4694232033851957
ANX091818A089,ANX,CJF_1,CJF,1,R,R-ANX091818A089,2,1,0.4649382295799648,0.8167747542425162
ANX091818A089,ANX,CJF_1,CJF,1,R,R-ANX091818A089,2,2,0.6751227522048804,0.8167747542425162
ANX091818A089,ANX,JRS_1,JRS,1,R,R-ANX091818A089,2,1,0.5340828708632379,0.8769148935114291
ANX091818A089,ANX,JRS_1,JRS,1,R,R-ANX091818A089,2,2,0.7315209696746223,0.8769148935114291
ANX091818A089,ANX,LEL_1,LEL,1,R,R-ANX091818A089,2,1,0.5492365253013115,0.8437993112527218
ANX091818A089,ANX,LEL_1,LEL,1,R,R-ANX091818A089,2,2,0.7125027242158157,0.8437993112527218
ANX091818A089,ANX,LSR_1,LSR,1,R,R-ANX091818A089,3,1,0.28147252148340984,0.5025474590291704
ANX091818A089,ANX,LSR_1,LSR,1,R,R-ANX091818A089,3,2,0.3782831607323198,0.5025474590291704
ANX091818A089,ANX,LSR_1,LSR,1,R,R-ANX091818A089,3,3,0.43001141337473375,0.5025474590291704
ANX091818A089,ANX,MJS_1,MJS,1,R,R-ANX091818A089,3,1,0.43281697412822634,0.7553663609723282
ANX091818A089,ANX,MJS_1,MJS,1,R,R-ANX091818A089,3,2,0.6321118356393353,0.7553663609723282
ANX091818A089,ANX,MJS_1,MJS,1,R,R-ANX091818A089,3,3,0.7553663609723282,0.7553663609723282
ANX091818A090,ANX,CJF_1,CJF,1,R,R-ANX091818A090,1,1,0.5059085458789011,0.7387120217281169
ANX091818A090,ANX,JRS_1,JRS,1,R,R-ANX091818A090,1,1,0.5896103193393509,0.8151795156867627
ANX091818A090,ANX,LEL_1,LEL,1,R,R-ANX091818A090,1,1,0.5749470383191218,0.8087067933803789
ANX091818A090,ANX,LSR_1,LSR,1,R,R-ANX091818A090,2,1,0.273438026829472,0.4382662650506942
ANX091818A090,ANX,LSR_1,LSR,1,R,R-ANX091818A090,2,2,0.3632400443222763,0.4382662650506942
ANX091818A090,ANX,MJS_1,MJS,1,R,R-ANX091818A090,2,1,0.546915328040879,0.7808795498313387
ANX091818A090,ANX,MJS_1,MJS,1,R,R-ANX091818A090,2,2,0.7808795498313387,0.7808795498313387
ANX091818A091,ANX,CJF_1,CJF,1,R,R-ANX091818A091,2,1,0.582252184839174,0.9426954805515954
ANX091818A091,ANX,CJF_1,CJF,1,R,R-ANX091818A091,2,2,0.7895593662241922,0.9426954805515954
ANX091818A091,ANX,JRS_1,JRS,1,R,R-ANX091818A091,2,1,0.6234871988574461,0.9554600312433812
ANX091818A091,ANX,JRS_1,JRS,1,R,R-ANX091818A091,2,2,0.8151227163066513,0.9554600312433812
ANX091818A091,ANX,LEL_1,LEL,1,R,R-ANX091818A091,2,1,0.657595202605404,0.9777770656910592
ANX091818A091,ANX,LEL_1,LEL,1,R,R-ANX091818A091,2,2,0.841683013093323,0.9777770656910592
ANX091818A091,ANX,LSR_1,LSR,1,R,R-ANX091818A091,3,1,0.2074701217900201,0.5198945694126949
ANX091818A091,ANX,LSR_1,LSR,1,R,R-ANX091818A091,3,2,0.3132047771827706,0.5198945694126949
ANX091818A091,ANX,LSR_1,LSR,1,R,R-ANX091818A091,3,3,0.4480717361523672,0.5198945694126949
ANX091818A091,ANX,MJS_1,MJS,1,R,R-ANX091818A091,3,1,0.5961999465813658,0.935177663085075
ANX091818A091,ANX,MJS_1,MJS,1,R,R-ANX091818A091,3,2,0.7914070905152164,0.935177663085075
ANX091818A091,ANX,MJS_1,MJS,1,R,R-ANX091818A091,3,3,0.935177663085075,0.935177663085075
ANX091818A092,ANX,CJF_1,CJF,1,R,R-ANX091818A092,2,1,0.46798622378907323,0.8195736012068056
ANX091818A092,ANX,CJF_1,CJF,1,R,R-ANX091818A092,2,2,0.6785947974488721,0.8195736012068056
ANX091818A092,ANX,JRS_1,JRS,1,R,R-ANX091818A092,1,1,0.32663064419896987,0.5300852860560139
ANX091818A092,ANX,LEL_1,LEL,1,R,R-ANX091818A092,1,1,0.4457439410931821,0.6127116558388712
ANX091818A092,ANX,LSR_1,LSR,1,R,R-ANX091818A092,3,1,0.3123956674645893,0.5515252572750045
ANX091818A092,ANX,LSR_1,LSR,1,R,R-ANX091818A092,3,2,0.4232681939895416,0.5515252572750045
ANX091818A092,ANX,LSR_1,LSR,1,R,R-ANX091818A092,3,3,0.47456439092122193,0.5515252572750045
ANX091818A092,ANX,MJS_1,MJS,1,R,R-ANX091818A092,2,1,0.5207452281874126,0.8849149731854165
ANX091818A092,ANX,MJS_1,MJS,1,R,R-ANX091818A092,2,2,0.8849149731854165,0.8849149731854165
ANX091818A093,ANX,CJF_1,CJF,1,R,R-ANX091818A093,1,1,0.4314119214278879,0.6610252435839541
ANX091818A093,ANX,JRS_1,JRS,1,R,R-ANX091818A093,1,1,0.45489885495926036,0.6724674638436339
ANX091818A093,ANX,LEL_1,LEL,1,R,R-ANX091818A093,0,NA,NA,0.781968041051876
ANX091818A093,ANX,LSR_1,LSR,1,R,R-ANX091818A093,2,1,0.2739306721058399,0.48885953073822297
ANX091818A093,ANX,LSR_1,LSR,1,R,R-ANX091818A093,2,2,0.4245653513887299,0.48885953073822297
ANX091818A093,ANX,MJS_1,MJS,1,R,R-ANX091818A093,2,1,0.5031357775870215,0.7147770653029284
ANX091818A093,ANX,MJS_1,MJS,1,R,R-ANX091818A093,2,2,0.7147770653029284,0.7147770653029284
ANX091818A094,ANX,CJF_1,CJF,1,R,R-ANX091818A094,1,1,0.4806008165025239,0.6631356673196926
ANX091818A094,ANX,JRS_1,JRS,1,R,R-ANX091818A094,1,1,0.5146429625252694,0.6973774153685607
ANX091818A094,ANX,LEL_1,LEL,1,R,R-ANX091818A094,1,1,0.443732835333486,0.5668586054301632
ANX091818A094,ANX,LSR_1,LSR,1,R,R-ANX091818A094,2,1,0.3820391543263654,0.5050628107644284
ANX091818A094,ANX,LSR_1,LSR,1,R,R-ANX091818A094,2,2,0.44238168139317424,0.5050628107644284
ANX091818A094,ANX,MJS_1,MJS,1,R,R-ANX091818A094,2,1,0.5055525725640675,0.6842293406041822
ANX091818A094,ANX,MJS_1,MJS,1,R,R-ANX091818A094,2,2,0.6842293406041822,0.6842293406041822
ANX091818A095,ANX,CJF_1,CJF,1,R,R-ANX091818A095,4,1,0.49547100679474854,1.1841945695149363
ANX091818A095,ANX,CJF_1,CJF,1,R,R-ANX091818A095,4,2,0.7510181954412223,1.1841945695149363
ANX091818A095,ANX,CJF_1,CJF,1,R,R-ANX091818A095,4,3,0.9307848856096099,1.1841945695149363
ANX091818A095,ANX,CJF_1,CJF,1,R,R-ANX091818A095,4,4,1.0674608457830737,1.1841945695149363
ANX091818A095,ANX,JRS_1,JRS,1,R,R-ANX091818A095,4,1,0.5754429441335028,1.23583793790956
ANX091818A095,ANX,JRS_1,JRS,1,R,R-ANX091818A095,4,2,0.813990629261302,1.23583793790956
ANX091818A095,ANX,JRS_1,JRS,1,R,R-ANX091818A095,4,3,0.9858080893113599,1.23583793790956
ANX091818A095,ANX,JRS_1,JRS,1,R,R-ANX091818A095,4,4,1.117271380748421,1.23583793790956
ANX091818A095,ANX,LEL_1,LEL,1,R,R-ANX091818A095,4,1,0.6054028455428269,1.2450893685560525
ANX091818A095,ANX,LEL_1,LEL,1,R,R-ANX091818A095,4,2,0.8351913028276552,1.2450893685560525
ANX091818A095,ANX,LEL_1,LEL,1,R,R-ANX091818A095,4,3,0.994644436486795,1.2450893685560525
ANX091818A095,ANX,LEL_1,LEL,1,R,R-ANX091818A095,4,4,1.1544935717596239,1.2450893685560525
ANX091818A095,ANX,LSR_1,LSR,1,R,R-ANX091818A095,4,1,0.27390849311749776,0.649403825505344
ANX091818A095,ANX,LSR_1,LSR,1,R,R-ANX091818A095,4,2,0.4010692588341558,0.649403825505344
ANX091818A095,ANX,LSR_1,LSR,1,R,R-ANX091818A095,4,3,0.5259286360024705,0.649403825505344
ANX091818A095,ANX,LSR_1,LSR,1,R,R-ANX091818A095,4,4,0.6037927232744869,0.649403825505344
ANX091818A095,ANX,MJS_1,MJS,1,R,R-ANX091818A095,5,1,0.501399798979998,1.1622155772040066
ANX091818A095,ANX,MJS_1,MJS,1,R,R-ANX091818A095,5,2,0.7621382239463007,1.1622155772040066
ANX091818A095,ANX,MJS_1,MJS,1,R,R-ANX091818A095,5,3,0.9363201104798542,1.1622155772040066
ANX091818A095,ANX,MJS_1,MJS,1,R,R-ANX091818A095,5,4,1.054546082827795,1.1622155772040066
ANX091818A095,ANX,MJS_1,MJS,1,R,R-ANX091818A095,5,5,1.1622155772040066,1.1622155772040066
ANX091818A096,ANX,CJF_1,CJF,1,R,R-ANX091818A096,2,1,0.4202090838884797,0.743753347835938
ANX091818A096,ANX,CJF_1,CJF,1,R,R-ANX091818A096,2,2,0.604931075808287,0.743753347835938
ANX091818A096,ANX,JRS_1,JRS,1,R,R-ANX091818A096,2,1,0.31024766418447003,0.5177399868352309
ANX091818A096,ANX,JRS_1,JRS,1,R,R-ANX091818A096,2,2,0.4563121828608978,0.5177399868352309
ANX091818A096,ANX,LEL_1,LEL,1,R,R-ANX091818A096,2,1,0.4993470635455766,0.6406209160828515
ANX091818A096,ANX,LEL_1,LEL,1,R,R-ANX091818A096,2,2,0.573023523945273,0.6406209160828515
ANX091818A096,ANX,LSR_1,LSR,1,R,R-ANX091818A096,3,1,0.28126940212234136,0.4712007834527385
ANX091818A096,ANX,LSR_1,LSR,1,R,R-ANX091818A096,3,2,0.35996849913738976,0.4712007834527385
ANX091818A096,ANX,LSR_1,LSR,1,R,R-ANX091818A096,3,3,0.42690662945410845,0.4712007834527385
ANX091818A096,ANX,MJS_1,MJS,1,R,R-ANX091818A096,2,1,0.4538200026845995,0.7679375511025247
ANX091818A096,ANX,MJS_1,MJS,1,R,R-ANX091818A096,2,2,0.7679375511025247,0.7679375511025247
ANX091818A097,ANX,CJF_1,CJF,1,R,R-ANX091818A097,1,1,0.4132199672486123,0.5971282937331148
ANX091818A097,ANX,JRS_1,JRS,1,R,R-ANX091818A097,1,1,0.3059308766625254,0.46185388340279365
ANX091818A097,ANX,LEL_1,LEL,1,R,R-ANX091818A097,1,1,0.36128069335719154,0.521133019040726
ANX091818A097,ANX,LSR_1,LSR,1,R,R-ANX091818A097,3,1,0.21293536791861126,0.44693434876932725
ANX091818A097,ANX,LSR_1,LSR,1,R,R-ANX091818A097,3,2,0.3075687355669555,0.44693434876932725
ANX091818A097,ANX,LSR_1,LSR,1,R,R-ANX091818A097,3,3,0.38848311690301596,0.44693434876932725
ANX091818A097,ANX,MJS_1,MJS,1,R,R-ANX091818A097,2,1,0.35470206109247115,0.5023205954557314
ANX091818A097,ANX,MJS_1,MJS,1,R,R-ANX091818A097,2,2,0.5023205954557314,0.5023205954557314
ANX091818A098,ANX,CJF_1,CJF,1,R,R-ANX091818A098,1,1,0.4699338300568023,0.6627408479034026
ANX091818A098,ANX,JRS_1,JRS,1,R,R-ANX091818A098,1,1,0.43148008553304484,0.6334786777681565
ANX091818A098,ANX,LEL_1,LEL,1,R,R-ANX091818A098,1,1,0.5256480137592288,0.6411810042648348
ANX091818A098,ANX,LSR_1,LSR,1,R,R-ANX091818A098,4,1,0.24893078671909033,0.5268086102043195
ANX091818A098,ANX,LSR_1,LSR,1,R,R-ANX091818A098,4,2,0.2993290126799648,0.5268086102043195
ANX091818A098,ANX,LSR_1,LSR,1,R,R-ANX091818A098,4,3,0.37416126584995624,0.5268086102043195
ANX091818A098,ANX,LSR_1,LSR,1,R,R-ANX091818A098,4,4,0.4504461854916866,0.5268086102043195
ANX091818A098,ANX,MJS_1,MJS,1,R,R-ANX091818A098,2,1,0.49550442133955735,0.6877519884892421
ANX091818A098,ANX,MJS_1,MJS,1,R,R-ANX091818A098,2,2,0.6877519884892421,0.6877519884892421
ANX091818A099,ANX,CJF_1,CJF,1,R,R-ANX091818A099,2,1,0.4370571417426785,0.7307954629593392
ANX091818A099,ANX,CJF_1,CJF,1,R,R-ANX091818A099,2,2,0.6310191294753504,0.7307954629593392
ANX091818A099,ANX,JRS_1,JRS,1,R,R-ANX091818A099,2,1,0.40310027359673845,0.6812556711118701
ANX091818A099,ANX,JRS_1,JRS,1,R,R-ANX091818A099,2,2,0.5627797627339747,0.6812556711118701
ANX091818A099,ANX,LEL_1,LEL,1,R,R-ANX091818A099,2,1,0.5259093850860667,0.7804109041178902
ANX091818A099,ANX,LEL_1,LEL,1,R,R-ANX091818A099,2,2,0.6711671952290541,0.7804109041178902
ANX091818A099,ANX,LSR_1,LSR,1,R,R-ANX091818A099,4,1,0.2819642317061902,0.5356864816600432
ANX091818A099,ANX,LSR_1,LSR,1,R,R-ANX091818A099,4,2,0.3410710678440317,0.5356864816600432
ANX091818A099,ANX,LSR_1,LSR,1,R,R-ANX091818A099,4,3,0.41020513087227634,0.5356864816600432
ANX091818A099,ANX,LSR_1,LSR,1,R,R-ANX091818A099,4,4,0.46475827829463506,0.5356864816600432
ANX091818A099,ANX,MJS_1,MJS,1,R,R-ANX091818A099,2,1,0.45453807025604276,0.7400683443912299
ANX091818A099,ANX,MJS_1,MJS,1,R,R-ANX091818A099,2,2,0.7400683443912299,0.7400683443912299
ANX091818A100,ANX,CJF_1,CJF,1,R,R-ANX091818A100,1,1,0.4446481159503206,0.625629515356606
ANX091818A100,ANX,JRS_1,JRS,1,R,R-ANX091818A100,1,1,0.36760843211077066,0.5357635100429642
ANX091818A100,ANX,LEL_1,LEL,1,R,R-ANX091818A100,1,1,0.4504469152012465,0.6244085648905827
ANX091818A100,ANX,LSR_1,LSR,1,R,R-ANX091818A100,3,1,0.28985800318448024,0.553711730754576
ANX091818A100,ANX,LSR_1,LSR,1,R,R-ANX091818A100,3,2,0.38042461825526935,0.553711730754576
ANX091818A100,ANX,LSR_1,LSR,1,R,R-ANX091818A100,3,3,0.46628356274069566,0.553711730754576
ANX091818A100,ANX,MJS_1,MJS,1,R,R-ANX091818A100,2,1,0.40760158915724515,0.5911211300369026
ANX091818A100,ANX,MJS_1,MJS,1,R,R-ANX091818A100,2,2,0.5911211300369026,0.5911211300369026
ANX091818A101,ANX,CJF_1,CJF,1,R,R-ANX091818A101,1,1,0.4910976128087809,0.6810036446537654
ANX091818A101,ANX,JRS_1,JRS,1,R,R-ANX091818A101,1,1,0.5283711542662516,0.7251740756683512
ANX091818A101,ANX,LEL_1,LEL,1,R,R-ANX091818A101,0,NA,NA,0.5950109706580562
ANX091818A101,ANX,LSR_1,LSR,1,R,R-ANX091818A101,2,1,0.26431075511066193,0.4333018310249508
ANX091818A101,ANX,LSR_1,LSR,1,R,R-ANX091818A101,2,2,0.33876528717378435,0.4333018310249508
ANX091818A101,ANX,MJS_1,MJS,1,R,R-ANX091818A101,2,1,0.5508838939586255,0.7306200777035896
ANX091818A101,ANX,MJS_1,MJS,1,R,R-ANX091818A101,2,2,0.7306200777035896,0.7306200777035896
ANX091818A102,ANX,LEL_1,LEL,1,R,R-ANX091818A102,1,1,0.29105266129200963,0.46673812784511626
ANX091818A102,ANX,LSR_1,LSR,1,R,R-ANX091818A102,2,1,0.20124966469511843,0.33935973902844335
ANX091818A102,ANX,LSR_1,LSR,1,R,R-ANX091818A102,2,2,0.2641027688222068,0.33935973902844335
ANX091818A102,ANX,MJS_1,MJS,1,R,R-ANX091818A102,2,1,0.27279776772663533,0.3635439353034872
ANX091818A102,ANX,MJS_1,MJS,1,R,R-ANX091818A102,2,2,0.3635439353034872,0.3635439353034872
ANX091818A103,ANX,CJF_1,CJF,1,R,R-ANX091818A103,1,1,0.5496453257594203,0.7349470255668858
ANX091818A103,ANX,JRS_1,JRS,1,R,R-ANX091818A103,1,1,0.34887689474612155,0.46462673918347136
ANX091818A103,ANX,LEL_1,LEL,1,R,R-ANX091818A103,1,1,0.5389821109148664,0.6303803950854756
ANX091818A103,ANX,LSR_1,LSR,1,R,R-ANX091818A103,2,1,0.280129954262803,0.49355200744472894
ANX091818A103,ANX,LSR_1,LSR,1,R,R-ANX091818A103,2,2,0.3554223131746293,0.49355200744472894
ANX091818A103,ANX,MJS_1,MJS,1,R,R-ANX091818A103,2,1,0.33617757512340235,0.43498075359317867
ANX091818A103,ANX,MJS_1,MJS,1,R,R-ANX091818A103,2,2,0.43498075359317867,0.43498075359317867
ANX091818A104,ANX,CJF_1,CJF,1,R,R-ANX091818A104,1,1,0.4496062760552779,0.6225327936145807
ANX091818A104,ANX,JRS_1,JRS,1,R,R-ANX091818A104,1,1,0.3847069676694932,0.5467727945253031
ANX091818A104,ANX,LEL_1,LEL,1,R,R-ANX091818A104,1,1,0.42204448880587764,0.5632444704191644
ANX091818A104,ANX,LSR_1,LSR,1,R,R-ANX091818A104,2,1,0.28728184722344646,0.49257700223367623
ANX091818A104,ANX,LSR_1,LSR,1,R,R-ANX091818A104,2,2,0.3837703994681371,0.49257700223367623
ANX091818A104,ANX,MJS_1,MJS,1,R,R-ANX091818A104,2,1,0.45623280203568156,0.6292699832017278
ANX091818A104,ANX,MJS_1,MJS,1,R,R-ANX091818A104,2,2,0.6292699832017278,0.6292699832017278
ANX091818A105,ANX,CJF_1,CJF,1,R,R-ANX091818A105,2,1,0.5609490577899362,0.9238958601865314
ANX091818A105,ANX,CJF_1,CJF,1,R,R-ANX091818A105,2,2,0.7509286900567458,0.9238958601865314
ANX091818A105,ANX,JRS_1,JRS,1,R,R-ANX091818A105,2,1,0.5870307689838766,0.9141647108120754
ANX091818A105,ANX,JRS_1,JRS,1,R,R-ANX091818A105,2,2,0.7463367420058009,0.9141647108120754
ANX091818A105,ANX,LEL_1,LEL,1,R,R-ANX091818A105,2,1,0.5891689670462004,0.9270998566160829
ANX091818A105,ANX,LEL_1,LEL,1,R,R-ANX091818A105,2,2,0.791230894519539,0.9270998566160829
ANX091818A105,ANX,LSR_1,LSR,1,R,R-ANX091818A105,3,1,0.16889741418734391,0.5782080851250923
ANX091818A105,ANX,LSR_1,LSR,1,R,R-ANX091818A105,3,2,0.33974965486579856,0.5782080851250923
ANX091818A105,ANX,LSR_1,LSR,1,R,R-ANX091818A105,3,3,0.4769168605185881,0.5782080851250923
ANX091818A105,ANX,MJS_1,MJS,1,R,R-ANX091818A105,3,1,0.5988005114613918,0.9382790502588476
ANX091818A105,ANX,MJS_1,MJS,1,R,R-ANX091818A105,3,2,0.7789720314374516,0.9382790502588476
ANX091818A105,ANX,MJS_1,MJS,1,R,R-ANX091818A105,3,3,0.9382790502588476,0.9382790502588476
ANX091818A106,ANX,CJF_1,CJF,1,R,R-ANX091818A106,1,1,0.3934823922454116,0.5747221216298566
ANX091818A106,ANX,JRS_1,JRS,1,R,R-ANX091818A106,1,1,0.35762786501021243,0.5419894533026801
ANX091818A106,ANX,LEL_1,LEL,1,R,R-ANX091818A106,1,1,0.516999997559077,0.6404116336200294
ANX091818A106,ANX,LSR_1,LSR,1,R,R-ANX091818A106,2,1,0.3063942117108127,0.626403442652564
ANX091818A106,ANX,LSR_1,LSR,1,R,R-ANX091818A106,2,2,0.47723253750723316,0.626403442652564
ANX091818A106,ANX,MJS_1,MJS,1,R,R-ANX091818A106,2,1,0.4730681522180119,0.644199864775628
ANX091818A106,ANX,MJS_1,MJS,1,R,R-ANX091818A106,2,2,0.644199864775628,0.644199864775628
ANX091818A108,ANX,CJF_1,CJF,1,R,R-ANX091818A108,2,1,0.44917236192106497,0.7702538973057715
ANX091818A108,ANX,CJF_1,CJF,1,R,R-ANX091818A108,2,2,0.6279325240439378,0.7702538973057715
ANX091818A108,ANX,JRS_1,JRS,1,R,R-ANX091818A108,2,1,0.3267064878386928,0.6394560612030293
ANX091818A108,ANX,JRS_1,JRS,1,R,R-ANX091818A108,2,2,0.5053050694621231,0.6394560612030293
ANX091818A108,ANX,LEL_1,LEL,1,R,R-ANX091818A108,1,1,0.5305475594093098,0.7646152533379319
ANX091818A108,ANX,LSR_1,LSR,1,R,R-ANX091818A108,2,1,0.2646238990343362,0.500959707129514
ANX091818A108,ANX,LSR_1,LSR,1,R,R-ANX091818A108,2,2,0.4297753481867772,0.500959707129514
ANX091818A108,ANX,MJS_1,MJS,1,R,R-ANX091818A108,2,1,0.24916021641092828,0.4806660393797353
ANX091818A108,ANX,MJS_1,MJS,1,R,R-ANX091818A108,2,2,0.4806660393797353,0.4806660393797353
ANX091818A110,ANX,CJF_1,CJF,1,R,R-ANX091818A110,1,1,0.3377869585812449,0.5173084486879821
ANX091818A110,ANX,LEL_1,LEL,1,R,R-ANX091818A110,1,1,0.5493813528650617,0.6943227098965844
ANX091818A110,ANX,LSR_1,LSR,1,R,R-ANX091818A110,2,1,0.29249774961066316,0.43550647729538106
ANX091818A110,ANX,LSR_1,LSR,1,R,R-ANX091818A110,2,2,0.3791965090788366,0.43550647729538106
ANX091818A110,ANX,MJS_1,MJS,1,R,R-ANX091818A110,2,1,0.343712398627554,0.4706012537403596
ANX091818A110,ANX,MJS_1,MJS,1,R,R-ANX091818A110,2,2,0.4706012537403596,0.4706012537403596
ANX091818A111,ANX,CJF_1,CJF,1,R,R-ANX091818A111,1,1,0.4917462728673944,0.7226900635079547
ANX091818A111,ANX,JRS_1,JRS,1,R,R-ANX091818A111,1,1,0.2912912735079277,0.41555272032656665
ANX091818A111,ANX,LEL_1,LEL,1,R,R-ANX091818A111,1,1,0.44591859114708127,0.5365642408908945
ANX091818A111,ANX,LSR_1,LSR,1,R,R-ANX091818A111,2,1,0.1945297425847236,0.40445054940447334
ANX091818A111,ANX,LSR_1,LSR,1,R,R-ANX091818A111,2,2,0.27511100738507077,0.40445054940447334
ANX091818A111,ANX,MJS_1,MJS,1,R,R-ANX091818A111,2,1,0.5271192891900428,0.7238990905283891
ANX091818A111,ANX,MJS_1,MJS,1,R,R-ANX091818A111,2,2,0.7238990905283891,0.7238990905283891
ANX091818A112,ANX,CJF_1,CJF,1,R,R-ANX091818A112,1,1,0.4242297144779353,0.6147382777637448
ANX091818A112,ANX,JRS_1,JRS,1,R,R-ANX091818A112,1,1,0.5062856403022952,0.6774814122838047
ANX091818A112,ANX,LEL_1,LEL,1,R,R-ANX091818A112,1,1,0.45338646398283344,0.5620293146302089
ANX091818A112,ANX,LSR_1,LSR,1,R,R-ANX091818A112,0,NA,NA,0.439169080312746
ANX091818A112,ANX,MJS_1,MJS,1,R,R-ANX091818A112,2,1,0.4370136207719395,0.6436820445005592
ANX091818A112,ANX,MJS_1,MJS,1,R,R-ANX091818A112,2,2,0.6436820445005592,0.6436820445005592
ANX091818A113,ANX,CJF_1,CJF,1,R,R-ANX091818A113,1,1,0.4562868587018465,0.6299329194469736
ANX091818A113,ANX,JRS_1,JRS,1,R,R-ANX091818A113,1,1,0.3993416883114588,0.5727364746930284
ANX091818A113,ANX,LEL_1,LEL,1,R,R-ANX091818A113,1,1,0.5046822755598183,0.6192197125770881
ANX091818A113,ANX,LSR_1,LSR,1,R,R-ANX091818A113,2,1,0.4080989272096353,0.578394526509907
ANX091818A113,ANX,LSR_1,LSR,1,R,R-ANX091818A113,2,2,0.5043376787099081,0.578394526509907
ANX091818A113,ANX,MJS_1,MJS,1,R,R-ANX091818A113,2,1,0.4497652019782978,0.6161075562388867
ANX091818A113,ANX,MJS_1,MJS,1,R,R-ANX091818A113,2,2,0.6161075562388867,0.6161075562388867
ANX091818A114,ANX,LEL_1,LEL,1,R,R-ANX091818A114,1,1,0.40686908779609643,0.6087863939941958
ANX091818A114,ANX,LSR_1,LSR,1,R,R-ANX091818A114,2,1,0.3176839634680076,0.5213577806947964
ANX091818A114,ANX,LSR_1,LSR,1,R,R-ANX091818A114,2,2,0.4460660378337089,0.5213577806947964
ANX091818A114,ANX,MJS_1,MJS,1,R,R-ANX091818A114,2,1,0.4702579493760275,0.6768426728823096
ANX091818A114,ANX,MJS_1,MJS,1,R,R-ANX091818A114,2,2,0.6768426728823096,0.6768426728823096
ANX091818A115,ANX,CJF_1,CJF,1,R,R-ANX091818A115,1,1,0.4636737832206869,0.6806867779458698
ANX091818A115,ANX,JRS_1,JRS,1,R,R-ANX091818A115,1,1,0.31116481522243883,0.42862868356652406
ANX091818A115,ANX,LEL_1,LEL,1,R,R-ANX091818A115,0,NA,NA,0.6254012183711334
ANX091818A115,ANX,LSR_1,LSR,1,R,R-ANX091818A115,2,1,0.1870987022006462,0.33104063988298915
ANX091818A115,ANX,LSR_1,LSR,1,R,R-ANX091818A115,2,2,0.23757497077995748,0.33104063988298915
ANX091818A115,ANX,MJS_1,MJS,1,R,R-ANX091818A115,2,1,0.4558494742115199,0.6566435886215825
ANX091818A115,ANX,MJS_1,MJS,1,R,R-ANX091818A115,2,2,0.6566435886215825,0.6566435886215825
ANX091818J001,ANX,CJF_1,CJF,1,R,R-ANX091818J001,1,1,0.500557274428753,0.7044679874728751
ANX091818J001,ANX,JRS_1,JRS,1,R,R-ANX091818J001,1,1,0.5857981856014154,0.8012541472264298
ANX091818J001,ANX,LEL_1,LEL,1,R,R-ANX091818J001,1,1,0.6042064767151625,0.817356836017944
ANX091818J001,ANX,LSR_1,LSR,1,R,R-ANX091818J001,2,1,0.3420230362761199,0.49074907808202856
ANX091818J001,ANX,LSR_1,LSR,1,R,R-ANX091818J001,2,2,0.43499032967715573,0.49074907808202856
ANX091818J001,ANX,MJS_1,MJS,1,R,R-ANX091818J001,2,1,0.5685177549789739,0.7850502130278856
ANX091818J001,ANX,MJS_1,MJS,1,R,R-ANX091818J001,2,2,0.7850502130278856,0.7850502130278856
ANX091818J002,ANX,CJF_1,CJF,1,R,R-ANX091818J002,0,NA,NA,0.5740556919373581
ANX091818J002,ANX,JRS_1,JRS,1,R,R-ANX091818J002,0,NA,NA,0.3626752537269702
ANX091818J002,ANX,LEL_1,LEL,1,R,R-ANX091818J002,0,NA,NA,0.63618391524934
ANX091818J002,ANX,MJS_1,MJS,1,R,R-ANX091818J002,1,1,0.34283634683139913,0.34283634683139913
ANX091818J003,ANX,CJF_1,CJF,1,R,R-ANX091818J003,0,NA,NA,0.5482489899213415
ANX091818J003,ANX,JRS_1,JRS,1,R,R-ANX091818J003,1,1,0.2671444773482542,0.561585253256943
ANX091818J003,ANX,LEL_1,LEL,1,R,R-ANX091818J003,1,1,0.2802748978270677,0.5867880265112304
ANX091818J003,ANX,LSR_1,LSR,1,R,R-ANX091818J003,1,1,0.2192010204734234,0.3294165440946751
ANX091818J003,ANX,MJS_1,MJS,1,R,R-ANX091818J003,1,1,0.3442290876421952,0.3442290876421952
ANX091818J004,ANX,CJF_1,CJF,1,R,R-ANX091818J004,0,NA,NA,0.5143486993984581
ANX091818J004,ANX,JRS_1,JRS,1,R,R-ANX091818J004,0,NA,NA,0.504769290524605
ANX091818J004,ANX,LEL_1,LEL,1,R,R-ANX091818J004,0,NA,NA,0.476456136584047
ANX091818J004,ANX,LSR_1,LSR,1,R,R-ANX091818J004,3,1,0.1947107160061971,0.3772639760711748
ANX091818J004,ANX,LSR_1,LSR,1,R,R-ANX091818J004,3,2,0.24416409500692476,0.3772639760711748
ANX091818J004,ANX,LSR_1,LSR,1,R,R-ANX091818J004,3,3,0.320465374696588,0.3772639760711748
ANX091818J004,ANX,MJS_1,MJS,1,R,R-ANX091818J004,1,1,0.3573533949896531,0.3573533949896531
ANX091818J005,ANX,CJF_1,CJF,1,R,R-ANX091818J005,0,NA,NA,0.5567226821811483
ANX091818J005,ANX,JRS_1,JRS,1,R,R-ANX091818J005,0,NA,NA,0.5680456561671317
ANX091818J005,ANX,LEL_1,LEL,1,R,R-ANX091818J005,0,NA,NA,0.4604243199140943
ANX091818J005,ANX,LSR_1,LSR,1,R,R-ANX091818J005,3,1,0.2392747107710871,0.3741836244199678
ANX091818J005,ANX,LSR_1,LSR,1,R,R-ANX091818J005,3,2,0.28824625542246024,0.3741836244199678
ANX091818J005,ANX,LSR_1,LSR,1,R,R-ANX091818J005,3,3,0.3271094066294334,0.3741836244199678
ANX091818J005,ANX,MJS_1,MJS,1,R,R-ANX091818J005,1,1,0.35536157795745515,0.35536157795745515
ANX091818J006,ANX,CJF_1,CJF,1,R,R-ANX091818J006,0,NA,NA,0.6017735921130082
ANX091818J006,ANX,JRS_1,JRS,1,R,R-ANX091818J006,0,NA,NA,0.33236585918657585
ANX091818J006,ANX,LEL_1,LEL,1,R,R-ANX091818J006,0,NA,NA,0.4505845707984748
ANX091818J006,ANX,LSR_1,LSR,1,R,R-ANX091818J006,2,1,0.24109774658874064,0.3495984912207486
ANX091818J006,ANX,LSR_1,LSR,1,R,R-ANX091818J006,2,2,0.2866125417117913,0.3495984912207486
ANX091818J006,ANX,MJS_1,MJS,1,R,R-ANX091818J006,1,1,0.3584810724339968,0.3584810724339968
ANX091818J007,ANX,CJF_1,CJF,1,R,R-ANX091818J007,0,NA,NA,0.6527999851880345
ANX091818J007,ANX,JRS_1,JRS,1,R,R-ANX091818J007,0,NA,NA,0.3212743819816937
ANX091818J007,ANX,LEL_1,LEL,1,R,R-ANX091818J007,0,NA,NA,0.47913780641580006
ANX091818J007,ANX,LSR_1,LSR,1,R,R-ANX091818J007,2,1,0.20695588811673082,0.30501306444307175
ANX091818J007,ANX,LSR_1,LSR,1,R,R-ANX091818J007,2,2,0.256307939619735,0.30501306444307175
ANX091818J007,ANX,MJS_1,MJS,1,R,R-ANX091818J007,1,1,0.32462230766643363,0.32462230766643363
ANX091818J008,ANX,CJF_1,CJF,1,R,R-ANX091818J008,0,NA,NA,0.4290973159654873
ANX091818J008,ANX,JRS_1,JRS,1,R,R-ANX091818J008,0,NA,NA,0.3240442999464042
ANX091818J008,ANX,LEL_1,LEL,1,R,R-ANX091818J008,0,NA,NA,0.4673731738627713
ANX091818J008,ANX,LSR_1,LSR,1,R,R-ANX091818J008,1,1,0.2641362941626251,0.31493952008968945
ANX091818J008,ANX,MJS_1,MJS,1,R,R-ANX091818J008,1,1,0.2671195430345721,0.2671195430345721
ANX091818J009,ANX,CJF_1,CJF,1,R,R-ANX091818J009,0,NA,NA,0.5323177778038186
ANX091818J009,ANX,JRS_1,JRS,1,R,R-ANX091818J009,0,NA,NA,0.3571591321510162
ANX091818J009,ANX,LEL_1,LEL,1,R,R-ANX091818J009,0,NA,NA,0.6560087786401242
ANX091818J009,ANX,LSR_1,LSR,1,R,R-ANX091818J009,2,1,0.2252430936825033,0.3139981043088397
ANX091818J009,ANX,LSR_1,LSR,1,R,R-ANX091818J009,2,2,0.2807983003222033,0.3139981043088397
ANX091818J009,ANX,MJS_1,MJS,1,R,R-ANX091818J009,1,1,0.31753039990748183,0.31753039990748183
ANX091818J010,ANX,CJF_1,CJF,1,R,R-ANX091818J010,0,NA,NA,0.5393537679733394
ANX091818J010,ANX,JRS_1,JRS,1,R,R-ANX091818J010,0,NA,NA,0.30606011495879765
ANX091818J010,ANX,LEL_1,LEL,1,R,R-ANX091818J010,0,NA,NA,0.5498988346304565
ANX091818J010,ANX,LSR_1,LSR,1,R,R-ANX091818J010,1,1,0.2555002327916282,0.28761800942579474
ANX091818J010,ANX,MJS_1,MJS,1,R,R-ANX091818J010,1,1,0.3027622416306793,0.3027622416306793
ANX091818J011,ANX,CJF_1,CJF,1,R,R-ANX091818J011,0,NA,NA,0.6158189526981588
ANX091818J011,ANX,JRS_1,JRS,1,R,R-ANX091818J011,0,NA,NA,0.4016939522745324
ANX091818J011,ANX,LEL_1,LEL,1,R,R-ANX091818J011,0,NA,NA,0.5601161811509284
ANX091818J011,ANX,LSR_1,LSR,1,R,R-ANX091818J011,3,1,0.23356421619594667,0.3726063738016245
ANX091818J011,ANX,LSR_1,LSR,1,R,R-ANX091818J011,3,2,0.27469664857349274,0.3726063738016245
ANX091818J011,ANX,LSR_1,LSR,1,R,R-ANX091818J011,3,3,0.3280862747862156,0.3726063738016245
ANX091818J011,ANX,MJS_1,MJS,1,R,R-ANX091818J011,1,1,0.38079769789277507,0.38079769789277507
ANX091818J012,ANX,CJF_1,CJF,1,R,R-ANX091818J012,0,NA,NA,0.5129087243502944
ANX091818J012,ANX,JRS_1,JRS,1,R,R-ANX091818J012,0,NA,NA,0.3224821055970234
ANX091818J012,ANX,LEL_1,LEL,1,R,R-ANX091818J012,0,NA,NA,0.4264616366125207
ANX091818J012,ANX,LSR_1,LSR,1,R,R-ANX091818J012,1,1,0.22297184797548267,0.28338475562587184
ANX091818J012,ANX,MJS_1,MJS,1,R,R-ANX091818J012,1,1,0.3080513886150934,0.3080513886150934
ANX091818J013,ANX,CJF_1,CJF,1,R,R-ANX091818J013,0,NA,NA,0.508787744325338
ANX091818J013,ANX,JRS_1,JRS,1,R,R-ANX091818J013,0,NA,NA,0.3297413888006583
ANX091818J013,ANX,LEL_1,LEL,1,R,R-ANX091818J013,0,NA,NA,0.49174973118227594
ANX091818J013,ANX,LSR_1,LSR,1,R,R-ANX091818J013,2,1,0.253488316870157,0.3236089674370957
ANX091818J013,ANX,LSR_1,LSR,1,R,R-ANX091818J013,2,2,0.30492486819261383,0.3236089674370957
ANX091818J013,ANX,MJS_1,MJS,1,R,R-ANX091818J013,1,1,0.3590814544861653,0.3590814544861653
ANX091818J014,ANX,CJF_1,CJF,1,R,R-ANX091818J014,0,NA,NA,0.5376291843376181
ANX091818J014,ANX,JRS_1,JRS,1,R,R-ANX091818J014,0,NA,NA,0.29051673164369723
ANX091818J014,ANX,LEL_1,LEL,1,R,R-ANX091818J014,0,NA,NA,0.5217139860967316
ANX091818J014,ANX,LSR_1,LSR,1,R,R-ANX091818J014,1,1,0.23142336212672113,0.2910605892884952
ANX091818J014,ANX,MJS_1,MJS,1,R,R-ANX091818J014,1,1,0.2763983374084358,0.2763983374084358
ANX091818J015,ANX,CJF_1,CJF,1,R,R-ANX091818J015,0,NA,NA,0.5472351561933738
ANX091818J015,ANX,JRS_1,JRS,1,R,R-ANX091818J015,0,NA,NA,0.5180466169803494
ANX091818J015,ANX,LEL_1,LEL,1,R,R-ANX091818J015,0,NA,NA,0.47771694773465423
ANX091818J015,ANX,LSR_1,LSR,1,R,R-ANX091818J015,1,1,0.2548862600206145,0.2972757673188528
ANX091818J015,ANX,MJS_1,MJS,1,R,R-ANX091818J015,1,1,0.3210078518530889,0.3210078518530889
ANX091818J016,ANX,CJF_1,CJF,1,R,R-ANX091818J016,0,NA,NA,0.5173192398538311
ANX091818J016,ANX,JRS_1,JRS,1,R,R-ANX091818J016,0,NA,NA,0.31487602126049663
ANX091818J016,ANX,LEL_1,LEL,1,R,R-ANX091818J016,0,NA,NA,0.48367676660992287
ANX091818J016,ANX,LSR_1,LSR,1,R,R-ANX091818J016,1,1,0.28547298189275994,0.34067801231161304
ANX091818J016,ANX,MJS_1,MJS,1,R,R-ANX091818J016,1,1,0.32194858069865,0.32194858069865
ANX091818J017,ANX,CJF_1,CJF,1,R,R-ANX091818J017,0,NA,NA,0.5273549663752753
ANX091818J017,ANX,JRS_1,JRS,1,R,R-ANX091818J017,0,NA,NA,0.30155701125013545
ANX091818J017,ANX,LEL_1,LEL,1,R,R-ANX091818J017,0,NA,NA,0.4197903653528041
ANX091818J017,ANX,LSR_1,LSR,1,R,R-ANX091818J017,1,1,0.2101437488820188,0.2876085033718612
ANX091818J017,ANX,MJS_1,MJS,1,R,R-ANX091818J017,1,1,0.2855508026477514,0.2855508026477514
ANX091818J018,ANX,CJF_1,CJF,1,R,R-ANX091818J018,0,NA,NA,0.5174381797183571
ANX091818J018,ANX,LEL_1,LEL,1,R,R-ANX091818J018,0,NA,NA,0.4380151397357693
ANX091818J018,ANX,LSR_1,LSR,1,R,R-ANX091818J018,1,1,0.26070374912405375,0.33158375980556454
ANX091818J018,ANX,MJS_1,MJS,1,R,R-ANX091818J018,1,1,0.3815685399038475,0.3815685399038475
ANX091818J019,ANX,CJF_1,CJF,1,R,R-ANX091818J019,0,NA,NA,0.4837700238084432
ANX091818J019,ANX,JRS_1,JRS,1,R,R-ANX091818J019,0,NA,NA,0.32958286723186525
ANX091818J019,ANX,LEL_1,LEL,1,R,R-ANX091818J019,0,NA,NA,0.5042721849574403
ANX091818J019,ANX,LSR_1,LSR,1,R,R-ANX091818J019,1,1,0.28303991992885436,0.31729279600985755
ANX091818J019,ANX,MJS_1,MJS,1,R,R-ANX091818J019,1,1,0.31863223532044516,0.31863223532044516
ANX091818J020,ANX,CJF_1,CJF,1,R,R-ANX091818J020,0,NA,NA,0.49259556709615804
ANX091818J020,ANX,JRS_1,JRS,1,R,R-ANX091818J020,0,NA,NA,0.32895205480845235
ANX091818J020,ANX,LEL_1,LEL,1,R,R-ANX091818J020,0,NA,NA,0.4503722290626743
ANX091818J020,ANX,LSR_1,LSR,1,R,R-ANX091818J020,1,1,0.2561058568705801,0.3068413703272731
ANX091818J020,ANX,MJS_1,MJS,1,R,R-ANX091818J020,1,1,0.33078353888389367,0.33078353888389367
ANX091818J022,ANX,CJF_1,CJF,1,R,R-ANX091818J022,0,NA,NA,0.48706504400870626
ANX091818J022,ANX,JRS_1,JRS,1,R,R-ANX091818J022,0,NA,NA,0.5109403639979192
ANX091818J022,ANX,LEL_1,LEL,1,R,R-ANX091818J022,0,NA,NA,0.5263472764227684
ANX091818J022,ANX,LSR_1,LSR,1,R,R-ANX091818J022,2,1,0.27694946057061215,0.3758298162610597
ANX091818J022,ANX,LSR_1,LSR,1,R,R-ANX091818J022,2,2,0.31991926899426126,0.3758298162610597
ANX091818J022,ANX,MJS_1,MJS,1,R,R-ANX091818J022,1,1,0.37638260816338104,0.37638260816338104
ANX091818J023,ANX,CJF_1,CJF,1,R,R-ANX091818J023,0,NA,NA,0.4051742206920097
ANX091818J023,ANX,JRS_1,JRS,1,R,R-ANX091818J023,0,NA,NA,0.30569192408175244
ANX091818J023,ANX,LEL_1,LEL,1,R,R-ANX091818J023,0,NA,NA,0.3712190822888964
ANX091818J023,ANX,LSR_1,LSR,1,R,R-ANX091818J023,1,1,0.26612367645394935,0.30339390488507334
ANX091818J023,ANX,MJS_1,MJS,1,R,R-ANX091818J023,1,1,0.30264866339527924,0.30264866339527924
ANX091818J024,ANX,CJF_1,CJF,1,R,R-ANX091818J024,0,NA,NA,0.4757927210805786
ANX091818J024,ANX,JRS_1,JRS,1,R,R-ANX091818J024,0,NA,NA,0.45585157294661616
ANX091818J024,ANX,LEL_1,LEL,1,R,R-ANX091818J024,0,NA,NA,0.6253989239539764
ANX091818J024,ANX,LSR_1,LSR,1,R,R-ANX091818J024,0,NA,NA,0.4606509143263274
ANX091818J024,ANX,MJS_1,MJS,1,R,R-ANX091818J024,1,1,0.4188466062294731,0.4188466062294731
ANX102518A001,ANX,CJF_1,CJF,1,R,R-ANX102518A001,4,1,0.41711690028279874,1.1570308769864062
ANX102518A001,ANX,CJF_1,CJF,1,R,R-ANX102518A001,4,2,0.7179843358687676,1.1570308769864062
ANX102518A001,ANX,CJF_1,CJF,1,R,R-ANX102518A001,4,3,0.90635315251162,1.1570308769864062
ANX102518A001,ANX,CJF_1,CJF,1,R,R-ANX102518A001,4,4,1.0347218139292012,1.1570308769864062
ANX102518A001,ANX,JRS_1,JRS,1,R,R-ANX102518A001,3,1,0.7181940102173331,1.1562737170228918
ANX102518A001,ANX,JRS_1,JRS,1,R,R-ANX102518A001,3,2,0.9112661139505701,1.1562737170228918
ANX102518A001,ANX,JRS_1,JRS,1,R,R-ANX102518A001,3,3,1.0282687842370748,1.1562737170228918
ANX102518A001,ANX,LEL_1,LEL,1,R,R-ANX102518A001,4,1,0.36075057149880335,0.7988592521911393
ANX102518A001,ANX,LEL_1,LEL,1,R,R-ANX102518A001,4,2,0.5595580396006707,0.7988592521911393
ANX102518A001,ANX,LEL_1,LEL,1,R,R-ANX102518A001,4,3,0.6428222087860783,0.7988592521911393
ANX102518A001,ANX,LEL_1,LEL,1,R,R-ANX102518A001,4,4,0.7317346478712563,0.7988592521911393
ANX102518A001,ANX,MJS_1,MJS,1,R,R-ANX102518A001,5,1,0.3374475314440797,0.7412882994633941
ANX102518A001,ANX,MJS_1,MJS,1,R,R-ANX102518A001,5,2,0.5228051471003027,0.7412882994633941
ANX102518A001,ANX,MJS_1,MJS,1,R,R-ANX102518A001,5,3,0.5969624096789258,0.7412882994633941
ANX102518A001,ANX,MJS_1,MJS,1,R,R-ANX102518A001,5,4,0.6673442816269244,0.7412882994633941
ANX102518A001,ANX,MJS_1,MJS,1,R,R-ANX102518A001,5,5,0.7412882994633941,0.7412882994633941
ANX102518A002,ANX,CJF_1,CJF,1,R,R-ANX102518A002,4,1,0.47138506375059186,1.253879612440129
ANX102518A002,ANX,CJF_1,CJF,1,R,R-ANX102518A002,4,2,0.8031111619220156,1.253879612440129
ANX102518A002,ANX,CJF_1,CJF,1,R,R-ANX102518A002,4,3,0.995142003489131,1.253879612440129
ANX102518A002,ANX,CJF_1,CJF,1,R,R-ANX102518A002,4,4,1.1455929650185332,1.253879612440129
ANX102518A002,ANX,JRS_1,JRS,1,R,R-ANX102518A002,4,1,0.49845974493501566,1.2677828422027826
ANX102518A002,ANX,JRS_1,JRS,1,R,R-ANX102518A002,4,2,0.8259562569401409,1.2677828422027826
ANX102518A002,ANX,JRS_1,JRS,1,R,R-ANX102518A002,4,3,1.0253324448987444,1.2677828422027826
ANX102518A002,ANX,JRS_1,JRS,1,R,R-ANX102518A002,4,4,1.162833803775145,1.2677828422027826
ANX102518A002,ANX,LEL_1,LEL,1,R,R-ANX102518A002,4,1,0.38517780593914835,0.8073298496255746
ANX102518A002,ANX,LEL_1,LEL,1,R,R-ANX102518A002,4,2,0.5605638583245859,0.8073298496255746
ANX102518A002,ANX,LEL_1,LEL,1,R,R-ANX102518A002,4,3,0.6689180349874063,0.8073298496255746
ANX102518A002,ANX,LEL_1,LEL,1,R,R-ANX102518A002,4,4,0.7286996496979489,0.8073298496255746
ANX102518A002,ANX,MJS_1,MJS,1,R,R-ANX102518A002,5,1,0.5789781135590666,1.3011540686095306
ANX102518A002,ANX,MJS_1,MJS,1,R,R-ANX102518A002,5,2,0.8650112143967896,1.3011540686095306
ANX102518A002,ANX,MJS_1,MJS,1,R,R-ANX102518A002,5,3,1.0667980584324561,1.3011540686095306
ANX102518A002,ANX,MJS_1,MJS,1,R,R-ANX102518A002,5,4,1.2016260424175296,1.3011540686095306
ANX102518A002,ANX,MJS_1,MJS,1,R,R-ANX102518A002,5,5,1.3011540686095306,1.3011540686095306
ANX102518A003,ANX,CJF_1,CJF,1,R,R-ANX102518A003,4,1,0.4050968834289167,1.1633016683019055
ANX102518A003,ANX,CJF_1,CJF,1,R,R-ANX102518A003,4,2,0.698413704762366,1.1633016683019055
ANX102518A003,ANX,CJF_1,CJF,1,R,R-ANX102518A003,4,3,0.8714925951708563,1.1633016683019055
ANX102518A003,ANX,CJF_1,CJF,1,R,R-ANX102518A003,4,4,1.044047393432519,1.1633016683019055
ANX102518A003,ANX,JRS_1,JRS,1,R,R-ANX102518A003,4,1,0.3273135654023865,0.7141780928924755
ANX102518A003,ANX,JRS_1,JRS,1,R,R-ANX102518A003,4,2,0.46124440444945036,0.7141780928924755
ANX102518A003,ANX,JRS_1,JRS,1,R,R-ANX102518A003,4,3,0.5839916356056002,0.7141780928924755
ANX102518A003,ANX,JRS_1,JRS,1,R,R-ANX102518A003,4,4,0.654664283847043,0.7141780928924755
ANX102518A003,ANX,LEL_1,LEL,1,R,R-ANX102518A003,4,1,0.5727194428938467,1.2643442755409455
ANX102518A003,ANX,LEL_1,LEL,1,R,R-ANX102518A003,4,2,0.832337728272764,1.2643442755409455
ANX102518A003,ANX,LEL_1,LEL,1,R,R-ANX102518A003,4,3,1.0130937184974365,1.2643442755409455
ANX102518A003,ANX,LEL_1,LEL,1,R,R-ANX102518A003,4,4,1.1645031885503045,1.2643442755409455
ANX102518A003,ANX,LSR_1,LSR,1,R,R-ANX102518A003,4,1,0.3148866918660906,0.6831232064506897
ANX102518A003,ANX,LSR_1,LSR,1,R,R-ANX102518A003,4,2,0.435768643842103,0.6831232064506897
ANX102518A003,ANX,LSR_1,LSR,1,R,R-ANX102518A003,4,3,0.5589720847423088,0.6831232064506897
ANX102518A003,ANX,LSR_1,LSR,1,R,R-ANX102518A003,4,4,0.6453772114834408,0.6831232064506897
ANX102518A003,ANX,MJS_1,MJS,1,R,R-ANX102518A003,4,1,0.45062444792810313,1.1636012353133922
ANX102518A003,ANX,MJS_1,MJS,1,R,R-ANX102518A003,4,2,0.7000270651257774,1.1636012353133922
ANX102518A003,ANX,MJS_1,MJS,1,R,R-ANX102518A003,4,3,0.8873230571385654,1.1636012353133922
ANX102518A003,ANX,MJS_1,MJS,1,R,R-ANX102518A003,4,4,1.1636012353133922,1.1636012353133922
ANX102518A004,ANX,CJF_1,CJF,1,R,R-ANX102518A004,4,1,0.46741067515017076,1.2544624352937712
ANX102518A004,ANX,CJF_1,CJF,1,R,R-ANX102518A004,4,2,0.7756960003890787,1.2544624352937712
ANX102518A004,ANX,CJF_1,CJF,1,R,R-ANX102518A004,4,3,0.9752617020266208,1.2544624352937712
ANX102518A004,ANX,CJF_1,CJF,1,R,R-ANX102518A004,4,4,1.1300272005575513,1.2544624352937712
ANX102518A004,ANX,JRS_1,JRS,1,R,R-ANX102518A004,4,1,0.3275102648344874,0.7371251304890516
ANX102518A004,ANX,JRS_1,JRS,1,R,R-ANX102518A004,4,2,0.4843173303850298,0.7371251304890516
ANX102518A004,ANX,JRS_1,JRS,1,R,R-ANX102518A004,4,3,0.606906645086509,0.7371251304890516
ANX102518A004,ANX,JRS_1,JRS,1,R,R-ANX102518A004,4,4,0.670505905682558,0.7371251304890516
ANX102518A004,ANX,LEL_1,LEL,1,R,R-ANX102518A004,4,1,0.35993043430252836,0.820623013779001
ANX102518A004,ANX,LEL_1,LEL,1,R,R-ANX102518A004,4,2,0.480300933418021,0.820623013779001
ANX102518A004,ANX,LEL_1,LEL,1,R,R-ANX102518A004,4,3,0.6544642504969514,0.820623013779001
ANX102518A004,ANX,LEL_1,LEL,1,R,R-ANX102518A004,4,4,0.7338996046178894,0.820623013779001
ANX102518A004,ANX,LSR_1,LSR,1,R,R-ANX102518A004,4,1,0.26244012986764614,0.7158393922542672
ANX102518A004,ANX,LSR_1,LSR,1,R,R-ANX102518A004,4,2,0.4340916119765429,0.7158393922542672
ANX102518A004,ANX,LSR_1,LSR,1,R,R-ANX102518A004,4,3,0.5584202684815281,0.7158393922542672
ANX102518A004,ANX,LSR_1,LSR,1,R,R-ANX102518A004,4,4,0.6522612716610229,0.7158393922542672
ANX102518A004,ANX,MJS_1,MJS,1,R,R-ANX102518A004,5,1,0.5588692888304663,1.3072802479824395
ANX102518A004,ANX,MJS_1,MJS,1,R,R-ANX102518A004,5,2,0.843882049145747,1.3072802479824395
ANX102518A004,ANX,MJS_1,MJS,1,R,R-ANX102518A004,5,3,1.0445799512673501,1.3072802479824395
ANX102518A004,ANX,MJS_1,MJS,1,R,R-ANX102518A004,5,4,1.1982425632250862,1.3072802479824395
ANX102518A004,ANX,MJS_1,MJS,1,R,R-ANX102518A004,5,5,1.3072802479824395,1.3072802479824395
ANX102518A005,ANX,CJF_1,CJF,1,R,R-ANX102518A005,4,1,0.5480820998337246,1.1364425700483771
ANX102518A005,ANX,CJF_1,CJF,1,R,R-ANX102518A005,4,2,0.7576283800322514,1.1364425700483771
ANX102518A005,ANX,CJF_1,CJF,1,R,R-ANX102518A005,4,3,0.8930427078863308,1.1364425700483771
ANX102518A005,ANX,CJF_1,CJF,1,R,R-ANX102518A005,4,4,1.027081505321811,1.1364425700483771
ANX102518A005,ANX,JRS_1,JRS,1,R,R-ANX102518A005,4,1,0.5448265086707692,1.0800588262954056
ANX102518A005,ANX,JRS_1,JRS,1,R,R-ANX102518A005,4,2,0.6921084100419997,1.0800588262954056
ANX102518A005,ANX,JRS_1,JRS,1,R,R-ANX102518A005,4,3,0.849967666017491,1.0800588262954056
ANX102518A005,ANX,JRS_1,JRS,1,R,R-ANX102518A005,4,4,0.9691746863520251,1.0800588262954056
ANX102518A005,ANX,LEL_1,LEL,1,R,R-ANX102518A005,4,1,0.5282222032881337,1.051640281864791
ANX102518A005,ANX,LEL_1,LEL,1,R,R-ANX102518A005,4,2,0.6946517310744225,1.051640281864791
ANX102518A005,ANX,LEL_1,LEL,1,R,R-ANX102518A005,4,3,0.823441023620232,1.051640281864791
ANX102518A005,ANX,LEL_1,LEL,1,R,R-ANX102518A005,4,4,0.9644039354353482,1.051640281864791
ANX102518A005,ANX,LSR_1,LSR,1,R,R-ANX102518A005,4,1,0.30578334810260505,0.6883939610969441
ANX102518A005,ANX,LSR_1,LSR,1,R,R-ANX102518A005,4,2,0.4454596684408366,0.6883939610969441
ANX102518A005,ANX,LSR_1,LSR,1,R,R-ANX102518A005,4,3,0.5024062077916212,0.6883939610969441
ANX102518A005,ANX,LSR_1,LSR,1,R,R-ANX102518A005,4,4,0.6162992864931924,0.6883939610969441
ANX102518A005,ANX,MJS_1,MJS,1,R,R-ANX102518A005,5,1,0.33779539717479073,0.7445811968581718
ANX102518A005,ANX,MJS_1,MJS,1,R,R-ANX102518A005,5,2,0.5048453695608672,0.7445811968581718
ANX102518A005,ANX,MJS_1,MJS,1,R,R-ANX102518A005,5,3,0.5969973901897291,0.7445811968581718
ANX102518A005,ANX,MJS_1,MJS,1,R,R-ANX102518A005,5,4,0.6691887932487401,0.7445811968581718
ANX102518A005,ANX,MJS_1,MJS,1,R,R-ANX102518A005,5,5,0.7445811968581718,0.7445811968581718
ANX102518A006,ANX,CJF_1,CJF,1,R,R-ANX102518A006,4,1,0.38547183526336143,1.1097818406600688
ANX102518A006,ANX,CJF_1,CJF,1,R,R-ANX102518A006,4,2,0.6597834488733609,1.1097818406600688
ANX102518A006,ANX,CJF_1,CJF,1,R,R-ANX102518A006,4,3,0.8198428474781398,1.1097818406600688
ANX102518A006,ANX,CJF_1,CJF,1,R,R-ANX102518A006,4,4,0.9839535929620717,1.1097818406600688
ANX102518A006,ANX,JRS_1,JRS,1,R,R-ANX102518A006,4,1,0.4481308448454273,1.1157797296921201
ANX102518A006,ANX,JRS_1,JRS,1,R,R-ANX102518A006,4,2,0.6508551720008525,1.1157797296921201
ANX102518A006,ANX,JRS_1,JRS,1,R,R-ANX102518A006,4,3,0.8395774199903349,1.1157797296921201
ANX102518A006,ANX,JRS_1,JRS,1,R,R-ANX102518A006,4,4,0.9914406994061037,1.1157797296921201
ANX102518A006,ANX,LEL_1,LEL,1,R,R-ANX102518A006,4,1,0.46409398997203016,1.1252656181080316
ANX102518A006,ANX,LEL_1,LEL,1,R,R-ANX102518A006,4,2,0.6492497561240779,1.1252656181080316
ANX102518A006,ANX,LEL_1,LEL,1,R,R-ANX102518A006,4,3,0.8555353041025101,1.1252656181080316
ANX102518A006,ANX,LEL_1,LEL,1,R,R-ANX102518A006,4,4,0.9910720240861446,1.1252656181080316
ANX102518A006,ANX,LSR_1,LSR,1,R,R-ANX102518A006,4,1,0.2483164336041747,0.6178682265277387
ANX102518A006,ANX,LSR_1,LSR,1,R,R-ANX102518A006,4,2,0.35434859850182027,0.6178682265277387
ANX102518A006,ANX,LSR_1,LSR,1,R,R-ANX102518A006,4,3,0.4944904018347504,0.6178682265277387
ANX102518A006,ANX,LSR_1,LSR,1,R,R-ANX102518A006,4,4,0.572258643262512,0.6178682265277387
ANX102518A006,ANX,MJS_1,MJS,1,R,R-ANX102518A006,5,1,0.3657429356484226,1.0240814244497143
ANX102518A006,ANX,MJS_1,MJS,1,R,R-ANX102518A006,5,2,0.5692871881686994,1.0240814244497143
ANX102518A006,ANX,MJS_1,MJS,1,R,R-ANX102518A006,5,3,0.7717709117833671,1.0240814244497143
ANX102518A006,ANX,MJS_1,MJS,1,R,R-ANX102518A006,5,4,0.9265489041575737,1.0240814244497143
ANX102518A006,ANX,MJS_1,MJS,1,R,R-ANX102518A006,5,5,1.0240814244497143,1.0240814244497143
ANX102518A007,ANX,CJF_1,CJF,1,R,R-ANX102518A007,4,1,0.6137739477459101,1.1359341898655735
ANX102518A007,ANX,CJF_1,CJF,1,R,R-ANX102518A007,4,2,0.8016485273530148,1.1359341898655735
ANX102518A007,ANX,CJF_1,CJF,1,R,R-ANX102518A007,4,3,0.949608666376673,1.1359341898655735
ANX102518A007,ANX,CJF_1,CJF,1,R,R-ANX102518A007,4,4,1.0515303440420398,1.1359341898655735
ANX102518A007,ANX,JRS_1,JRS,1,R,R-ANX102518A007,4,1,0.6119922966017632,1.126060598734716
ANX102518A007,ANX,JRS_1,JRS,1,R,R-ANX102518A007,4,2,0.7929217288477559,1.126060598734716
ANX102518A007,ANX,JRS_1,JRS,1,R,R-ANX102518A007,4,3,0.9348786925338302,1.126060598734716
ANX102518A007,ANX,JRS_1,JRS,1,R,R-ANX102518A007,4,4,1.0415436242586904,1.126060598734716
ANX102518A007,ANX,LEL_1,LEL,1,R,R-ANX102518A007,3,1,0.5740620712999821,1.047293004486149
ANX102518A007,ANX,LEL_1,LEL,1,R,R-ANX102518A007,3,2,0.7301361594748198,1.047293004486149
ANX102518A007,ANX,LEL_1,LEL,1,R,R-ANX102518A007,3,3,0.9044488921582442,1.047293004486149
ANX102518A007,ANX,LSR_1,LSR,1,R,R-ANX102518A007,4,1,0.293562241005752,0.5653303246301671
ANX102518A007,ANX,LSR_1,LSR,1,R,R-ANX102518A007,4,2,0.38777240241530153,0.5653303246301671
ANX102518A007,ANX,LSR_1,LSR,1,R,R-ANX102518A007,4,3,0.4647924323897581,0.5653303246301671
ANX102518A007,ANX,LSR_1,LSR,1,R,R-ANX102518A007,4,4,0.5272945834721375,0.5653303246301671
ANX102518A007,ANX,MJS_1,MJS,1,R,R-ANX102518A007,5,1,0.5503124013287403,1.0581700181539735
ANX102518A007,ANX,MJS_1,MJS,1,R,R-ANX102518A007,5,2,0.74575886208174,1.0581700181539735
ANX102518A007,ANX,MJS_1,MJS,1,R,R-ANX102518A007,5,3,0.8736285174798727,1.0581700181539735
ANX102518A007,ANX,MJS_1,MJS,1,R,R-ANX102518A007,5,4,0.9921510642389486,1.0581700181539735
ANX102518A007,ANX,MJS_1,MJS,1,R,R-ANX102518A007,5,5,1.0581700181539735,1.0581700181539735
ANX102518A008,ANX,CJF_1,CJF,1,R,R-ANX102518A008,4,1,0.6502004686814133,1.2526805961263838
ANX102518A008,ANX,CJF_1,CJF,1,R,R-ANX102518A008,4,2,0.8785382622955371,1.2526805961263838
ANX102518A008,ANX,CJF_1,CJF,1,R,R-ANX102518A008,4,3,1.0332290571310505,1.2526805961263838
ANX102518A008,ANX,CJF_1,CJF,1,R,R-ANX102518A008,4,4,1.1491975647401098,1.2526805961263838
ANX102518A008,ANX,JRS_1,JRS,1,R,R-ANX102518A008,4,1,0.38534138228442477,0.7778692498034832
ANX102518A008,ANX,JRS_1,JRS,1,R,R-ANX102518A008,4,2,0.5078315866347544,0.7778692498034832
ANX102518A008,ANX,JRS_1,JRS,1,R,R-ANX102518A008,4,3,0.622371754925302,0.7778692498034832
ANX102518A008,ANX,JRS_1,JRS,1,R,R-ANX102518A008,4,4,0.7000250585112499,0.7778692498034832
ANX102518A008,ANX,LEL_1,LEL,1,R,R-ANX102518A008,4,1,0.6651735645166563,1.2578423538037782
ANX102518A008,ANX,LEL_1,LEL,1,R,R-ANX102518A008,4,2,0.8690582555869085,1.2578423538037782
ANX102518A008,ANX,LEL_1,LEL,1,R,R-ANX102518A008,4,3,1.0566539882596409,1.2578423538037782
ANX102518A008,ANX,LEL_1,LEL,1,R,R-ANX102518A008,4,4,1.1667593138669992,1.2578423538037782
ANX102518A008,ANX,LSR_1,LSR,1,R,R-ANX102518A008,4,1,0.29632773936320156,0.7075625193527898
ANX102518A008,ANX,LSR_1,LSR,1,R,R-ANX102518A008,4,2,0.46298417125856073,0.7075625193527898
ANX102518A008,ANX,LSR_1,LSR,1,R,R-ANX102518A008,4,3,0.5519668780345657,0.7075625193527898
ANX102518A008,ANX,LSR_1,LSR,1,R,R-ANX102518A008,4,4,0.648207622691533,0.7075625193527898
ANX102518A008,ANX,MJS_1,MJS,1,R,R-ANX102518A008,5,1,0.6903210689512281,1.2450571183717891
ANX102518A008,ANX,MJS_1,MJS,1,R,R-ANX102518A008,5,2,0.8781940780583926,1.2450571183717891
ANX102518A008,ANX,MJS_1,MJS,1,R,R-ANX102518A008,5,3,1.0426162228568512,1.2450571183717891
ANX102518A008,ANX,MJS_1,MJS,1,R,R-ANX102518A008,5,4,1.1576172470149104,1.2450571183717891
ANX102518A008,ANX,MJS_1,MJS,1,R,R-ANX102518A008,5,5,1.2450571183717891,1.2450571183717891
ANX102518A009,ANX,CJF_1,CJF,1,R,R-ANX102518A009,4,1,0.5265400257006186,1.113692168240811
ANX102518A009,ANX,CJF_1,CJF,1,R,R-ANX102518A009,4,2,0.7203912492964717,1.113692168240811
ANX102518A009,ANX,CJF_1,CJF,1,R,R-ANX102518A009,4,3,0.8625266537099521,1.113692168240811
ANX102518A009,ANX,CJF_1,CJF,1,R,R-ANX102518A009,4,4,1.025874993636429,1.113692168240811
ANX102518A009,ANX,JRS_1,JRS,1,R,R-ANX102518A009,4,1,0.33690173617045033,0.7419088365454457
ANX102518A009,ANX,JRS_1,JRS,1,R,R-ANX102518A009,4,2,0.49624399169759825,0.7419088365454457
ANX102518A009,ANX,JRS_1,JRS,1,R,R-ANX102518A009,4,3,0.5895989779846534,0.7419088365454457
ANX102518A009,ANX,JRS_1,JRS,1,R,R-ANX102518A009,4,4,0.675921567305353,0.7419088365454457
ANX102518A009,ANX,LEL_1,LEL,1,R,R-ANX102518A009,4,1,0.3921728814030849,0.7948553873056043
ANX102518A009,ANX,LEL_1,LEL,1,R,R-ANX102518A009,4,2,0.532706158070252,0.7948553873056043
ANX102518A009,ANX,LEL_1,LEL,1,R,R-ANX102518A009,4,3,0.6508106381860809,0.7948553873056043
ANX102518A009,ANX,LEL_1,LEL,1,R,R-ANX102518A009,4,4,0.7238591823381509,0.7948553873056043
ANX102518A009,ANX,LSR_1,LSR,1,R,R-ANX102518A009,4,1,0.30310820591235677,0.6930677712375035
ANX102518A009,ANX,LSR_1,LSR,1,R,R-ANX102518A009,4,2,0.4449233145981637,0.6930677712375035
ANX102518A009,ANX,LSR_1,LSR,1,R,R-ANX102518A009,4,3,0.5497334434126399,0.6930677712375035
ANX102518A009,ANX,LSR_1,LSR,1,R,R-ANX102518A009,4,4,0.6339781426184175,0.6930677712375035
ANX102518A009,ANX,MJS_1,MJS,1,R,R-ANX102518A009,5,1,0.5773878850755688,1.1381620663265108
ANX102518A009,ANX,MJS_1,MJS,1,R,R-ANX102518A009,5,2,0.7503389889389486,1.1381620663265108
ANX102518A009,ANX,MJS_1,MJS,1,R,R-ANX102518A009,5,3,0.924874141164942,1.1381620663265108
ANX102518A009,ANX,MJS_1,MJS,1,R,R-ANX102518A009,5,4,1.0308549495974995,1.1381620663265108
ANX102518A009,ANX,MJS_1,MJS,1,R,R-ANX102518A009,5,5,1.1381620663265108,1.1381620663265108
ANX102518A010,ANX,CJF_1,CJF,1,R,R-ANX102518A010,4,1,0.4947915016480148,1.2222369732900762
ANX102518A010,ANX,CJF_1,CJF,1,R,R-ANX102518A010,4,2,0.7427202894094196,1.2222369732900762
ANX102518A010,ANX,CJF_1,CJF,1,R,R-ANX102518A010,4,3,0.9681216967226746,1.2222369732900762
ANX102518A010,ANX,CJF_1,CJF,1,R,R-ANX102518A010,4,4,1.0985071971701335,1.2222369732900762
ANX102518A010,ANX,JRS_1,JRS,1,R,R-ANX102518A010,4,1,0.46026299208426186,1.184531497536352
ANX102518A010,ANX,JRS_1,JRS,1,R,R-ANX102518A010,4,2,0.7213728933287218,1.184531497536352
ANX102518A010,ANX,JRS_1,JRS,1,R,R-ANX102518A010,4,3,0.9205259841685237,1.184531497536352
ANX102518A010,ANX,JRS_1,JRS,1,R,R-ANX102518A010,4,4,1.0612155772225416,1.184531497536352
ANX102518A010,ANX,LEL_1,LEL,1,R,R-ANX102518A010,3,1,0.5802644869692006,0.8385122972635307
ANX102518A010,ANX,LEL_1,LEL,1,R,R-ANX102518A010,3,2,0.7215477186860764,0.8385122972635307
ANX102518A010,ANX,LEL_1,LEL,1,R,R-ANX102518A010,3,3,0.7697418730262668,0.8385122972635307
ANX102518A010,ANX,LSR_1,LSR,1,R,R-ANX102518A010,4,1,0.3319915553871537,0.7447200409566274
ANX102518A010,ANX,LSR_1,LSR,1,R,R-ANX102518A010,4,2,0.4809486090293421,0.7447200409566274
ANX102518A010,ANX,LSR_1,LSR,1,R,R-ANX102518A010,4,3,0.597401253237027,0.7447200409566274
ANX102518A010,ANX,LSR_1,LSR,1,R,R-ANX102518A010,4,4,0.649696825164158,0.7447200409566274
ANX102518A010,ANX,MJS_1,MJS,1,R,R-ANX102518A010,5,1,0.3765601261436807,0.7423571370815825
ANX102518A010,ANX,MJS_1,MJS,1,R,R-ANX102518A010,5,2,0.5073520320901497,0.7423571370815825
ANX102518A010,ANX,MJS_1,MJS,1,R,R-ANX102518A010,5,3,0.6082322689224076,0.7423571370815825
ANX102518A010,ANX,MJS_1,MJS,1,R,R-ANX102518A010,5,4,0.6754857601439112,0.7423571370815825
ANX102518A010,ANX,MJS_1,MJS,1,R,R-ANX102518A010,5,5,0.7423571370815825,0.7423571370815825
ANX102518A011,ANX,CJF_1,CJF,1,R,R-ANX102518A011,4,1,0.45268949271204206,1.1407289337929658
ANX102518A011,ANX,CJF_1,CJF,1,R,R-ANX102518A011,4,2,0.6940231239330604,1.1407289337929658
ANX102518A011,ANX,CJF_1,CJF,1,R,R-ANX102518A011,4,3,0.8894538243160757,1.1407289337929658
ANX102518A011,ANX,CJF_1,CJF,1,R,R-ANX102518A011,4,4,1.0330473739000412,1.1407289337929658
ANX102518A011,ANX,JRS_1,JRS,1,R,R-ANX102518A011,4,1,0.4467132921234316,1.1087298244819155
ANX102518A011,ANX,JRS_1,JRS,1,R,R-ANX102518A011,4,2,0.6673915673586508,1.1087298244819155
ANX102518A011,ANX,JRS_1,JRS,1,R,R-ANX102518A011,4,3,0.871935590919781,1.1087298244819155
ANX102518A011,ANX,JRS_1,JRS,1,R,R-ANX102518A011,4,4,0.9983952602010993,1.1087298244819155
ANX102518A011,ANX,LEL_1,LEL,1,R,R-ANX102518A011,4,1,0.527031779547192,1.204398908410336
ANX102518A011,ANX,LEL_1,LEL,1,R,R-ANX102518A011,4,2,0.778344536927078,1.204398908410336
ANX102518A011,ANX,LEL_1,LEL,1,R,R-ANX102518A011,4,3,0.9768671252895164,1.204398908410336
ANX102518A011,ANX,LEL_1,LEL,1,R,R-ANX102518A011,4,4,1.1188852491172692,1.204398908410336
ANX102518A011,ANX,LSR_1,LSR,1,R,R-ANX102518A011,4,1,0.2692683480093369,0.7065593486419326
ANX102518A011,ANX,LSR_1,LSR,1,R,R-ANX102518A011,4,2,0.39033107866050876,0.7065593486419326
ANX102518A011,ANX,LSR_1,LSR,1,R,R-ANX102518A011,4,3,0.5400391026790224,0.7065593486419326
ANX102518A011,ANX,LSR_1,LSR,1,R,R-ANX102518A011,4,4,0.6398754823346728,0.7065593486419326
ANX102518A011,ANX,MJS_1,MJS,1,R,R-ANX102518A011,5,1,0.47694072152817646,1.1548284484324332
ANX102518A011,ANX,MJS_1,MJS,1,R,R-ANX102518A011,5,2,0.7073768150911683,1.1548284484324332
ANX102518A011,ANX,MJS_1,MJS,1,R,R-ANX102518A011,5,3,0.9109492197475514,1.1548284484324332
ANX102518A011,ANX,MJS_1,MJS,1,R,R-ANX102518A011,5,4,1.0583269166706013,1.1548284484324332
ANX102518A011,ANX,MJS_1,MJS,1,R,R-ANX102518A011,5,5,1.1548284484324332,1.1548284484324332
ANX102518A012,ANX,CJF_1,CJF,1,R,R-ANX102518A012,4,1,0.5059488969886216,1.272960582925957
ANX102518A012,ANX,CJF_1,CJF,1,R,R-ANX102518A012,4,2,0.7888595625391469,1.272960582925957
ANX102518A012,ANX,CJF_1,CJF,1,R,R-ANX102518A012,4,3,0.963642575353644,1.272960582925957
ANX102518A012,ANX,CJF_1,CJF,1,R,R-ANX102518A012,4,4,1.1393874725279862,1.272960582925957
ANX102518A012,ANX,JRS_1,JRS,1,R,R-ANX102518A012,4,1,0.31037325530764465,0.7221811727546655
ANX102518A012,ANX,JRS_1,JRS,1,R,R-ANX102518A012,4,2,0.46757295100073337,0.7221811727546655
ANX102518A012,ANX,JRS_1,JRS,1,R,R-ANX102518A012,4,3,0.5461727988472783,0.7221811727546655
ANX102518A012,ANX,JRS_1,JRS,1,R,R-ANX102518A012,4,4,0.6499810943422322,0.7221811727546655
ANX102518A012,ANX,LEL_1,LEL,1,R,R-ANX102518A012,4,1,0.7020408309978033,1.389677812041885
ANX102518A012,ANX,LEL_1,LEL,1,R,R-ANX102518A012,4,2,0.9101140019515603,1.389677812041885
ANX102518A012,ANX,LEL_1,LEL,1,R,R-ANX102518A012,4,3,1.0846928301838914,1.389677812041885
ANX102518A012,ANX,LEL_1,LEL,1,R,R-ANX102518A012,4,4,1.2516663214708268,1.389677812041885
ANX102518A012,ANX,LSR_1,LSR,1,R,R-ANX102518A012,4,1,0.31731880396955237,0.737344023173505
ANX102518A012,ANX,LSR_1,LSR,1,R,R-ANX102518A012,4,2,0.4530894914877387,0.737344023173505
ANX102518A012,ANX,LSR_1,LSR,1,R,R-ANX102518A012,4,3,0.5393655642834011,0.737344023173505
ANX102518A012,ANX,LSR_1,LSR,1,R,R-ANX102518A012,4,4,0.6536139367061782,0.737344023173505
ANX102518A012,ANX,MJS_1,MJS,1,R,R-ANX102518A012,5,1,0.5385399263256581,1.2200746288316981
ANX102518A012,ANX,MJS_1,MJS,1,R,R-ANX102518A012,5,2,0.755025193550322,1.2200746288316981
ANX102518A012,ANX,MJS_1,MJS,1,R,R-ANX102518A012,5,3,0.924072248308831,1.2200746288316981
ANX102518A012,ANX,MJS_1,MJS,1,R,R-ANX102518A012,5,4,1.0770798526513155,1.2200746288316981
ANX102518A012,ANX,MJS_1,MJS,1,R,R-ANX102518A012,5,5,1.2200746288316981,1.2200746288316981
ANX102518A014,ANX,CJF_1,CJF,1,R,R-ANX102518A014,2,1,0.4561023189262592,0.762222679615024
ANX102518A014,ANX,CJF_1,CJF,1,R,R-ANX102518A014,2,2,0.6446543032301527,0.762222679615024
ANX102518A014,ANX,JRS_1,JRS,1,R,R-ANX102518A014,3,1,0.2908853957931189,0.7842173422362443
ANX102518A014,ANX,JRS_1,JRS,1,R,R-ANX102518A014,3,2,0.48151843425411023,0.7842173422362443
ANX102518A014,ANX,JRS_1,JRS,1,R,R-ANX102518A014,3,3,0.6636646295437306,0.7842173422362443
ANX102518A014,ANX,LEL_1,LEL,1,R,R-ANX102518A014,2,1,0.45307271596261195,0.7677132561132691
ANX102518A014,ANX,LEL_1,LEL,1,R,R-ANX102518A014,2,2,0.6421016767511846,0.7677132561132691
ANX102518A014,ANX,LSR_1,LSR,1,R,R-ANX102518A014,2,1,0.4288192219531394,0.7070056830586209
ANX102518A014,ANX,LSR_1,LSR,1,R,R-ANX102518A014,2,2,0.5728324894069255,0.7070056830586209
ANX102518A014,ANX,MJS_1,MJS,1,R,R-ANX102518A014,3,1,0.3982996177926977,0.7072098902394806
ANX102518A014,ANX,MJS_1,MJS,1,R,R-ANX102518A014,3,2,0.5686061018468073,0.7072098902394806
ANX102518A014,ANX,MJS_1,MJS,1,R,R-ANX102518A014,3,3,0.7072098902394806,0.7072098902394806
ANX102518A015,ANX,CJF_1,CJF,1,R,R-ANX102518A015,4,1,0.5258814348500997,1.108034184189263
ANX102518A015,ANX,CJF_1,CJF,1,R,R-ANX102518A015,4,2,0.7145553837378659,1.108034184189263
ANX102518A015,ANX,CJF_1,CJF,1,R,R-ANX102518A015,4,3,0.8811661194941077,1.108034184189263
ANX102518A015,ANX,CJF_1,CJF,1,R,R-ANX102518A015,4,4,0.9955849776493688,1.108034184189263
ANX102518A015,ANX,JRS_1,JRS,1,R,R-ANX102518A015,4,1,0.5490675324636456,1.0654321095305521
ANX102518A015,ANX,JRS_1,JRS,1,R,R-ANX102518A015,4,2,0.6736499536984658,1.0654321095305521
ANX102518A015,ANX,JRS_1,JRS,1,R,R-ANX102518A015,4,3,0.846386247152097,1.0654321095305521
ANX102518A015,ANX,JRS_1,JRS,1,R,R-ANX102518A015,4,4,0.9539952260003199,1.0654321095305521
ANX102518A015,ANX,LEL_1,LEL,1,R,R-ANX102518A015,4,1,0.3545787492855065,0.7283209112637629
ANX102518A015,ANX,LEL_1,LEL,1,R,R-ANX102518A015,4,2,0.502195579339107,0.7283209112637629
ANX102518A015,ANX,LEL_1,LEL,1,R,R-ANX102518A015,4,3,0.6314829742629842,0.7283209112637629
ANX102518A015,ANX,LEL_1,LEL,1,R,R-ANX102518A015,4,4,0.6980498452352197,0.7283209112637629
ANX102518A015,ANX,LSR_1,LSR,1,R,R-ANX102518A015,4,1,0.3073038614704185,0.6816882872607637
ANX102518A015,ANX,LSR_1,LSR,1,R,R-ANX102518A015,4,2,0.4471277222853091,0.6816882872607637
ANX102518A015,ANX,LSR_1,LSR,1,R,R-ANX102518A015,4,3,0.5335716101326706,0.6816882872607637
ANX102518A015,ANX,LSR_1,LSR,1,R,R-ANX102518A015,4,4,0.6243631880859846,0.6816882872607637
ANX102518A015,ANX,MJS_1,MJS,1,R,R-ANX102518A015,5,1,0.31084717225839553,0.6844820431347799
ANX102518A015,ANX,MJS_1,MJS,1,R,R-ANX102518A015,5,2,0.46001475612620457,0.6844820431347799
ANX102518A015,ANX,MJS_1,MJS,1,R,R-ANX102518A015,5,3,0.5544220815049906,0.6844820431347799
ANX102518A015,ANX,MJS_1,MJS,1,R,R-ANX102518A015,5,4,0.6382393585297755,0.6844820431347799
ANX102518A015,ANX,MJS_1,MJS,1,R,R-ANX102518A015,5,5,0.6844820431347799,0.6844820431347799
ANX102518A016,ANX,LEL_1,LEL,1,R,R-ANX102518A016,3,1,0.6178860184848257,1.1007565057703865
ANX102518A016,ANX,LEL_1,LEL,1,R,R-ANX102518A016,3,2,0.8449844280784606,1.1007565057703865
ANX102518A016,ANX,LEL_1,LEL,1,R,R-ANX102518A016,3,3,0.9821598479117203,1.1007565057703865
ANX102518A016,ANX,LSR_1,LSR,1,R,R-ANX102518A016,3,1,0.34315622316840466,0.8077160152052332
ANX102518A016,ANX,LSR_1,LSR,1,R,R-ANX102518A016,3,2,0.5978083178869289,0.8077160152052332
ANX102518A016,ANX,LSR_1,LSR,1,R,R-ANX102518A016,3,3,0.7521113271738942,0.8077160152052332
ANX102518A016,ANX,MJS_1,MJS,1,R,R-ANX102518A016,4,1,0.21538525329778038,0.8311573601709075
ANX102518A016,ANX,MJS_1,MJS,1,R,R-ANX102518A016,4,2,0.38485756679570426,0.8311573601709075
ANX102518A016,ANX,MJS_1,MJS,1,R,R-ANX102518A016,4,3,0.5975941142277423,0.8311573601709075
ANX102518A016,ANX,MJS_1,MJS,1,R,R-ANX102518A016,4,4,0.8311573601709075,0.8311573601709075
ANX102518J001,ANX,CJF_1,CJF,1,R,R-ANX102518J001,0,NA,NA,0.5930742120911162
ANX102518J001,ANX,JRS_1,JRS,1,R,R-ANX102518J001,0,NA,NA,0.5471391480347801
ANX102518J001,ANX,LEL_1,LEL,1,R,R-ANX102518J001,0,NA,NA,0.6050672458523875
ANX102518J001,ANX,LSR_1,LSR,1,R,R-ANX102518J001,1,1,0.2814279056548184,0.3367731110312336
ANX102518J001,ANX,MJS_1,MJS,1,R,R-ANX102518J001,1,1,0.38518029897071415,0.38518029897071415
ANX102518J002,ANX,CJF_1,CJF,1,R,R-ANX102518J002,0,NA,NA,0.653667150634093
ANX102518J002,ANX,JRS_1,JRS,1,R,R-ANX102518J002,0,NA,NA,0.6465316691222545
ANX102518J002,ANX,LEL_1,LEL,1,R,R-ANX102518J002,0,NA,NA,0.4621861452835212
ANX102518J002,ANX,LSR_1,LSR,1,R,R-ANX102518J002,2,1,0.26015557444184534,0.3536674376777691
ANX102518J002,ANX,LSR_1,LSR,1,R,R-ANX102518J002,2,2,0.3087817433245256,0.3536674376777691
ANX102518J002,ANX,MJS_1,MJS,1,R,R-ANX102518J002,1,1,0.36265516520992314,0.36265516520992314
ANX102518J003,ANX,CJF_1,CJF,1,R,R-ANX102518J003,0,NA,NA,0.36914917593534413
ANX102518J003,ANX,JRS_1,JRS,1,R,R-ANX102518J003,0,NA,NA,0.2943950918162571
ANX102518J003,ANX,LEL_1,LEL,1,R,R-ANX102518J003,0,NA,NA,0.35760450345231565
ANX102518J003,ANX,MJS_1,MJS,1,R,R-ANX102518J003,1,1,0.27809212393311866,0.27809212393311866
ANX102518J004,ANX,CJF_1,CJF,1,R,R-ANX102518J004,0,NA,NA,0.49298737607214005
ANX102518J004,ANX,JRS_1,JRS,1,R,R-ANX102518J004,0,NA,NA,0.3397176015852323
ANX102518J004,ANX,LEL_1,LEL,1,R,R-ANX102518J004,0,NA,NA,0.4554328310602472
ANX102518J004,ANX,LSR_1,LSR,1,R,R-ANX102518J004,0,NA,NA,0.3359322995729013
ANX102518J004,ANX,MJS_1,MJS,1,R,R-ANX102518J004,1,1,0.3597188898573043,0.3597188898573043
ANX102518J006,ANX,CJF_1,CJF,1,R,R-ANX102518J006,0,NA,NA,0.4801942830982612
ANX102518J006,ANX,JRS_1,JRS,1,R,R-ANX102518J006,0,NA,NA,0.2886893784829356
ANX102518J006,ANX,LEL_1,LEL,1,R,R-ANX102518J006,0,NA,NA,0.42393566957348255
ANX102518J006,ANX,LSR_1,LSR,1,R,R-ANX102518J006,1,1,0.2851833314116725,0.36318334757734744
ANX102518J006,ANX,MJS_1,MJS,1,R,R-ANX102518J006,1,1,0.35284643539091215,0.35284643539091215
ANX102518J007,ANX,CJF_1,CJF,1,R,R-ANX102518J007,0,NA,NA,0.6514537190737633
ANX102518J007,ANX,JRS_1,JRS,1,R,R-ANX102518J007,0,NA,NA,0.6005120906615364
ANX102518J007,ANX,LEL_1,LEL,1,R,R-ANX102518J007,0,NA,NA,0.568082580338005
ANX102518J007,ANX,LSR_1,LSR,1,R,R-ANX102518J007,1,1,0.29158883966120475,0.38719766480814455
ANX102518J007,ANX,MJS_1,MJS,1,R,R-ANX102518J007,1,1,0.404191664033477,0.404191664033477
ANX102518J008,ANX,CJF_1,CJF,1,R,R-ANX102518J008,0,NA,NA,0.5325068725856306
ANX102518J008,ANX,JRS_1,JRS,1,R,R-ANX102518J008,0,NA,NA,0.5600641533376315
ANX102518J008,ANX,LEL_1,LEL,1,R,R-ANX102518J008,0,NA,NA,0.46839203120613104
ANX102518J008,ANX,LSR_1,LSR,1,R,R-ANX102518J008,1,1,0.3601823465916947,0.40631080844884654
ANX102518J008,ANX,MJS_1,MJS,1,R,R-ANX102518J008,1,1,0.3257611941327837,0.3257611941327837
ANX102518J009,ANX,CJF_1,CJF,1,R,R-ANX102518J009,0,NA,NA,0.5794046442512681
ANX102518J009,ANX,JRS_1,JRS,1,R,R-ANX102518J009,0,NA,NA,0.3823489571535929
ANX102518J009,ANX,LEL_1,LEL,1,R,R-ANX102518J009,0,NA,NA,0.5082265879841753
ANX102518J009,ANX,LSR_1,LSR,1,R,R-ANX102518J009,1,1,0.3188857663136261,0.39014985286527687
ANX102518J009,ANX,MJS_1,MJS,1,R,R-ANX102518J009,1,1,0.3530588314539901,0.3530588314539901
ANX102518J010,ANX,CJF_1,CJF,1,R,R-ANX102518J010,0,NA,NA,0.545889122735784
ANX102518J010,ANX,JRS_1,JRS,1,R,R-ANX102518J010,0,NA,NA,0.3322072336335258
ANX102518J010,ANX,LEL_1,LEL,1,R,R-ANX102518J010,0,NA,NA,0.5447469816057934
ANX102518J010,ANX,LSR_1,LSR,1,R,R-ANX102518J010,2,1,0.23486642222527104,0.36485373700134066
ANX102518J010,ANX,LSR_1,LSR,1,R,R-ANX102518J010,2,2,0.2998640509228285,0.36485373700134066
ANX102518J010,ANX,MJS_1,MJS,1,R,R-ANX102518J010,1,1,0.371590167014197,0.371590167014197
ANX102518J011,ANX,CJF_1,CJF,1,R,R-ANX102518J011,0,NA,NA,0.5792775010611416
ANX102518J011,ANX,JRS_1,JRS,1,R,R-ANX102518J011,0,NA,NA,0.6153036212425405
ANX102518J011,ANX,LEL_1,LEL,1,R,R-ANX102518J011,0,NA,NA,0.523485810147189
ANX102518J011,ANX,LSR_1,LSR,1,R,R-ANX102518J011,2,1,0.25814793507206685,0.3567289075437945
ANX102518J011,ANX,LSR_1,LSR,1,R,R-ANX102518J011,2,2,0.31850520365296087,0.3567289075437945
ANX102518J011,ANX,MJS_1,MJS,1,R,R-ANX102518J011,1,1,0.35758859439618734,0.35758859439618734
ANX102518J012,ANX,CJF_1,CJF,1,R,R-ANX102518J012,0,NA,NA,0.5962016652808743
ANX102518J012,ANX,JRS_1,JRS,1,R,R-ANX102518J012,0,NA,NA,0.6500916913287162
ANX102518J012,ANX,LEL_1,LEL,1,R,R-ANX102518J012,0,NA,NA,0.5333238687747831
ANX102518J012,ANX,LSR_1,LSR,1,R,R-ANX102518J012,1,1,0.5065446073145171,0.601878602246749
ANX102518J012,ANX,MJS_1,MJS,1,R,R-ANX102518J012,1,1,0.33094849170461754,0.33094849170461754
ANX102518J014,ANX,CJF_1,CJF,1,R,R-ANX102518J014,0,NA,NA,0.4745709997945678
ANX102518J014,ANX,LEL_1,LEL,1,R,R-ANX102518J014,0,NA,NA,0.4417817192723881
ANX102518J014,ANX,LSR_1,LSR,1,R,R-ANX102518J014,1,1,0.32357985276359286,0.4056816534647988
ANX102518J014,ANX,MJS_1,MJS,1,R,R-ANX102518J014,1,1,0.3017732817069149,0.3017732817069149
ANX102518J015,ANX,CJF_1,CJF,1,R,R-ANX102518J015,0,NA,NA,0.6327382922928977
ANX102518J015,ANX,JRS_1,JRS,1,R,R-ANX102518J015,0,NA,NA,0.6218259030426447
ANX102518J015,ANX,LEL_1,LEL,1,R,R-ANX102518J015,0,NA,NA,0.5460522702184568
ANX102518J015,ANX,LSR_1,LSR,1,R,R-ANX102518J015,2,1,0.47672429258612176,0.6104983799842687
ANX102518J015,ANX,LSR_1,LSR,1,R,R-ANX102518J015,2,2,0.5513383528992242,0.6104983799842687
ANX102518J015,ANX,MJS_1,MJS,1,R,R-ANX102518J015,1,1,0.39273627939799716,0.39273627939799716
ANX102518J016,ANX,CJF_1,CJF,1,R,R-ANX102518J016,0,NA,NA,0.5304176623530292
ANX102518J016,ANX,JRS_1,JRS,1,R,R-ANX102518J016,0,NA,NA,0.5501520957078052
ANX102518J016,ANX,LEL_1,LEL,1,R,R-ANX102518J016,0,NA,NA,0.5174312609552217
ANX102518J016,ANX,LSR_1,LSR,1,R,R-ANX102518J016,1,1,0.4253543870918124,0.5515916910769764
ANX102518J016,ANX,MJS_1,MJS,1,R,R-ANX102518J016,1,1,0.37119960193672796,0.37119960193672796
ANX102518J017,ANX,CJF_1,CJF,1,R,R-ANX102518J017,0,NA,NA,0.4973960443470357
ANX102518J017,ANX,JRS_1,JRS,1,R,R-ANX102518J017,0,NA,NA,0.37235469329866105
ANX102518J017,ANX,LEL_1,LEL,1,R,R-ANX102518J017,0,NA,NA,0.532291348215934
ANX102518J017,ANX,LSR_1,LSR,1,R,R-ANX102518J017,1,1,0.3269291815938079,0.366126012969106
ANX102518J017,ANX,MJS_1,MJS,1,R,R-ANX102518J017,1,1,0.36757579825387215,0.36757579825387215
ANX102518J018,ANX,CJF_1,CJF,1,R,R-ANX102518J018,0,NA,NA,0.5987160905598135
ANX102518J018,ANX,JRS_1,JRS,1,R,R-ANX102518J018,0,NA,NA,0.3778855051493843
ANX102518J018,ANX,LEL_1,LEL,1,R,R-ANX102518J018,0,NA,NA,0.48104179826116555
ANX102518J018,ANX,LSR_1,LSR,1,R,R-ANX102518J018,2,1,0.48572059577403404,0.634651903058962
ANX102518J018,ANX,LSR_1,LSR,1,R,R-ANX102518J018,2,2,0.5439873454791101,0.634651903058962
ANX102518J018,ANX,MJS_1,MJS,1,R,R-ANX102518J018,1,1,0.347238567448347,0.347238567448347
ANX102518J019,ANX,CJF_1,CJF,1,R,R-ANX102518J019,0,NA,NA,0.5988171388874806
ANX102518J019,ANX,JRS_1,JRS,1,R,R-ANX102518J019,0,NA,NA,0.4151940583445707
ANX102518J019,ANX,LEL_1,LEL,1,R,R-ANX102518J019,0,NA,NA,0.6835585412254601
ANX102518J019,ANX,LSR_1,LSR,1,R,R-ANX102518J019,2,1,0.3446086244219514,0.4258089307656834
ANX102518J019,ANX,LSR_1,LSR,1,R,R-ANX102518J019,2,2,0.37128504621225905,0.4258089307656834
ANX102518J019,ANX,MJS_1,MJS,1,R,R-ANX102518J019,1,1,0.39234126454169804,0.39234126454169804
ANX102518J020,ANX,CJF_1,CJF,1,R,R-ANX102518J020,0,NA,NA,0.5856651766078734
ANX102518J020,ANX,JRS_1,JRS,1,R,R-ANX102518J020,0,NA,NA,0.5235005668277644
ANX102518J020,ANX,LEL_1,LEL,1,R,R-ANX102518J020,0,NA,NA,0.42592548094342203
ANX102518J020,ANX,LSR_1,LSR,1,R,R-ANX102518J020,2,1,0.29604838097449987,0.3712766689187482
ANX102518J020,ANX,LSR_1,LSR,1,R,R-ANX102518J020,2,2,0.33612789444508284,0.3712766689187482
ANX102518J020,ANX,MJS_1,MJS,1,R,R-ANX102518J020,1,1,0.3293347743734909,0.3293347743734909
ANX102518J021,ANX,CJF_1,CJF,1,R,R-ANX102518J021,0,NA,NA,0.5649356896251688
ANX102518J021,ANX,JRS_1,JRS,1,R,R-ANX102518J021,0,NA,NA,0.36335117188075244
ANX102518J021,ANX,LEL_1,LEL,1,R,R-ANX102518J021,0,NA,NA,0.48711273835476676
ANX102518J021,ANX,LSR_1,LSR,1,R,R-ANX102518J021,1,1,0.3388508626254927,0.40238000456971357
ANX102518J021,ANX,MJS_1,MJS,1,R,R-ANX102518J021,1,1,0.3502352604274675,0.3502352604274675
ANX102518J022,ANX,CJF_1,CJF,1,R,R-ANX102518J022,0,NA,NA,0.47691029628378645
ANX102518J022,ANX,JRS_1,JRS,1,R,R-ANX102518J022,0,NA,NA,0.39488942074396505
ANX102518J022,ANX,LEL_1,LEL,1,R,R-ANX102518J022,0,NA,NA,0.5115052084870718
ANX102518J022,ANX,LSR_1,LSR,1,R,R-ANX102518J022,3,1,0.27568801720490865,0.4197946234496091
ANX102518J022,ANX,LSR_1,LSR,1,R,R-ANX102518J022,3,2,0.3441197113704447,0.4197946234496091
ANX102518J022,ANX,LSR_1,LSR,1,R,R-ANX102518J022,3,3,0.3924821202091392,0.4197946234496091
ANX102518J022,ANX,MJS_1,MJS,1,R,R-ANX102518J022,1,1,0.35262679114952716,0.35262679114952716
ANX102518J023,ANX,CJF_1,CJF,1,R,R-ANX102518J023,0,NA,NA,0.5841249288950964
ANX102518J023,ANX,JRS_1,JRS,1,R,R-ANX102518J023,0,NA,NA,0.5678545122400727
ANX102518J023,ANX,LEL_1,LEL,1,R,R-ANX102518J023,0,NA,NA,0.6228595124353489
ANX102518J023,ANX,LSR_1,LSR,1,R,R-ANX102518J023,3,1,0.36146989494132487,0.5649474751509859
ANX102518J023,ANX,LSR_1,LSR,1,R,R-ANX102518J023,3,2,0.4457243641880545,0.5649474751509859
ANX102518J023,ANX,LSR_1,LSR,1,R,R-ANX102518J023,3,3,0.5131279395854379,0.5649474751509859
ANX102518J023,ANX,MJS_1,MJS,1,R,R-ANX102518J023,1,1,0.38547740553991705,0.38547740553991705
ANX102518J024,ANX,CJF_1,CJF,1,R,R-ANX102518J024,0,NA,NA,0.5799499662451786
ANX102518J024,ANX,JRS_1,JRS,1,R,R-ANX102518J024,0,NA,NA,0.3289380635935742
ANX102518J024,ANX,LEL_1,LEL,1,R,R-ANX102518J024,0,NA,NA,0.4245096674895247
ANX102518J024,ANX,LSR_1,LSR,1,R,R-ANX102518J024,3,1,0.3984936409786419,0.5513090302133478
ANX102518J024,ANX,LSR_1,LSR,1,R,R-ANX102518J024,3,2,0.45929355324087323,0.5513090302133478
ANX102518J024,ANX,LSR_1,LSR,1,R,R-ANX102518J024,3,3,0.5271585424158064,0.5513090302133478
ANX102518J024,ANX,MJS_1,MJS,1,R,R-ANX102518J024,1,1,0.3438391780258765,0.3438391780258765
ANX102518J025,ANX,CJF_1,CJF,1,R,R-ANX102518J025,0,NA,NA,0.5302677893699996
ANX102518J025,ANX,JRS_1,JRS,1,R,R-ANX102518J025,0,NA,NA,0.4994890238232621
ANX102518J025,ANX,LEL_1,LEL,1,R,R-ANX102518J025,0,NA,NA,0.5218620889555848
ANX102518J025,ANX,LSR_1,LSR,1,R,R-ANX102518J025,2,1,0.4511347469743473,0.5376323773781475
ANX102518J025,ANX,LSR_1,LSR,1,R,R-ANX102518J025,2,2,0.5071007208782348,0.5376323773781475
ANX102518J025,ANX,MJS_1,MJS,1,R,R-ANX102518J025,1,1,0.33450831464730313,0.33450831464730313
ANX111218J001,ANX,CJF_1,CJF,1,R,R-ANX111218J001,0,NA,NA,0.545820969171424
ANX111218J001,ANX,CJF_1,CJF,1,R,R-ANX111218J001,0,NA,NA,0.5551069667708332
ANX111218J001,ANX,JRS_1,JRS,1,R,R-ANX111218J001,0,NA,NA,0.2871435788442259
ANX111218J001,ANX,JRS_1,JRS,1,R,R-ANX111218J001,0,NA,NA,0.303437572889842
ANX111218J001,ANX,LEL_1,LEL,1,R,R-ANX111218J001,0,NA,NA,0.49730037859270315
ANX111218J001,ANX,LEL_1,LEL,1,R,R-ANX111218J001,0,NA,NA,0.4263875340198303
ANX111218J001,ANX,LSR_1,LSR,1,R,R-ANX111218J001,1,1,0.2631295161110503,0.32344301602505576
ANX111218J001,ANX,LSR_1,LSR,1,R,R-ANX111218J001,1,1,0.28901559845413305,0.3327225814908287
ANX111218J001,ANX,MJS_1,MJS,1,R,R-ANX111218J001,1,1,0.3026589938988783,0.3026589938988783
ANX111218J001,ANX,MJS_1,MJS,1,R,R-ANX111218J001,1,1,0.30544834580683244,0.30544834580683244
ANX111218J003,ANX,CJF_1,CJF,1,R,R-ANX111218J003,0,NA,NA,0.5263595751479214
ANX111218J003,ANX,JRS_1,JRS,1,R,R-ANX111218J003,0,NA,NA,0.5674757735632809
ANX111218J003,ANX,LEL_1,LEL,1,R,R-ANX111218J003,0,NA,NA,0.48220932347489465
ANX111218J003,ANX,LSR_1,LSR,1,R,R-ANX111218J003,1,1,0.3278730726585297,0.38256733187988945
ANX111218J003,ANX,MJS_1,MJS,1,R,R-ANX111218J003,1,1,0.3715815042551473,0.3715815042551473
ANX111218J004,ANX,CJF_1,CJF,1,R,R-ANX111218J004,0,NA,NA,0.5693077450973929
ANX111218J004,ANX,JRS_1,JRS,1,R,R-ANX111218J004,0,NA,NA,0.35760415371279347
ANX111218J004,ANX,LEL_1,LEL,1,R,R-ANX111218J004,0,NA,NA,0.4947073617141784
ANX111218J004,ANX,LSR_1,LSR,1,R,R-ANX111218J004,1,1,0.3088556001313255,0.36345405675940584
ANX111218J004,ANX,MJS_1,MJS,1,R,R-ANX111218J004,1,1,0.3509037650729618,0.3509037650729618
ANX112018A001,ANX,LEL_1,LEL,1,R,R-ANX112018A001,2,1,0.616425196434136,0.9428822706462942
ANX112018A001,ANX,LEL_1,LEL,1,R,R-ANX112018A001,2,2,0.7951163452305271,0.9428822706462942
ANX112018A001,ANX,LSR_1,LSR,1,R,R-ANX112018A001,2,1,0.5277246732443246,0.8311679914712126
ANX112018A001,ANX,LSR_1,LSR,1,R,R-ANX112018A001,2,2,0.7094603542957383,0.8311679914712126
ANX112018A002,ANX,CJF_1,CJF,1,R,R-ANX112018A002,3,1,0.5144521653590975,1.0118416608315777
ANX112018A002,ANX,CJF_1,CJF,1,R,R-ANX112018A002,3,2,0.7358345988669243,1.0118416608315777
ANX112018A002,ANX,CJF_1,CJF,1,R,R-ANX112018A002,3,3,0.9025924039179247,1.0118416608315777
ANX112018A002,ANX,JRS_1,JRS,1,R,R-ANX112018A002,3,1,0.5124014651516753,1.0071223491000865
ANX112018A002,ANX,JRS_1,JRS,1,R,R-ANX112018A002,3,2,0.7327229624869941,1.0071223491000865
ANX112018A002,ANX,JRS_1,JRS,1,R,R-ANX112018A002,3,3,0.8876760669579533,1.0071223491000865
ANX112018A002,ANX,LEL_1,LEL,1,R,R-ANX112018A002,3,1,0.4608822802416574,0.7851116596149965
ANX112018A002,ANX,LEL_1,LEL,1,R,R-ANX112018A002,3,2,0.5968374359812839,0.7851116596149965
ANX112018A002,ANX,LEL_1,LEL,1,R,R-ANX112018A002,3,3,0.7134593041392393,0.7851116596149965
ANX112018A002,ANX,LSR_1,LSR,1,R,R-ANX112018A002,3,1,0.3401625753084231,0.6949955884209108
ANX112018A002,ANX,LSR_1,LSR,1,R,R-ANX112018A002,3,2,0.46120024821066985,0.6949955884209108
ANX112018A002,ANX,LSR_1,LSR,1,R,R-ANX112018A002,3,3,0.6122086545158529,0.6949955884209108
ANX112018A002,ANX,MJS_1,MJS,1,R,R-ANX112018A002,5,1,0.5300418751044268,1.0390632985809716
ANX112018A002,ANX,MJS_1,MJS,1,R,R-ANX112018A002,5,2,0.7590071479857502,1.0390632985809716
ANX112018A002,ANX,MJS_1,MJS,1,R,R-ANX112018A002,5,3,0.9225176221763647,1.0390632985809716
ANX112018A002,ANX,MJS_1,MJS,1,R,R-ANX112018A002,5,4,1.0233954728571684,1.0390632985809716
ANX112018A002,ANX,MJS_1,MJS,1,R,R-ANX112018A002,5,5,1.0390632985809716,1.0390632985809716
ANX112018A003,ANX,CJF_1,CJF,1,R,R-ANX112018A003,4,1,0.5282135329708841,1.3145994337344338
ANX112018A003,ANX,CJF_1,CJF,1,R,R-ANX112018A003,4,2,0.8328365780383069,1.3145994337344338
ANX112018A003,ANX,CJF_1,CJF,1,R,R-ANX112018A003,4,3,1.0346389042882915,1.3145994337344338
ANX112018A003,ANX,CJF_1,CJF,1,R,R-ANX112018A003,4,4,1.1960807652882794,1.3145994337344338
ANX112018A003,ANX,JRS_1,JRS,1,R,R-ANX112018A003,4,1,0.3245874870142771,0.7800324477178009
ANX112018A003,ANX,JRS_1,JRS,1,R,R-ANX112018A003,4,2,0.48133365349473045,0.7800324477178009
ANX112018A003,ANX,JRS_1,JRS,1,R,R-ANX112018A003,4,3,0.6193050946062498,0.7800324477178009
ANX112018A003,ANX,JRS_1,JRS,1,R,R-ANX112018A003,4,4,0.7089147328731715,0.7800324477178009
ANX112018A003,ANX,LEL_1,LEL,1,R,R-ANX112018A003,4,1,0.3702998673105377,0.8151424464442608
ANX112018A003,ANX,LEL_1,LEL,1,R,R-ANX112018A003,4,2,0.5272097946157568,0.8151424464442608
ANX112018A003,ANX,LEL_1,LEL,1,R,R-ANX112018A003,4,3,0.6056647582683663,0.8151424464442608
ANX112018A003,ANX,LEL_1,LEL,1,R,R-ANX112018A003,4,4,0.7102713764718456,0.8151424464442608
ANX112018A003,ANX,LSR_1,LSR,1,R,R-ANX112018A003,4,1,0.2895954522029479,0.7636011383921946
ANX112018A003,ANX,LSR_1,LSR,1,R,R-ANX112018A003,4,2,0.45881917782155646,0.7636011383921946
ANX112018A003,ANX,LSR_1,LSR,1,R,R-ANX112018A003,4,3,0.5646766002525078,0.7636011383921946
ANX112018A003,ANX,LSR_1,LSR,1,R,R-ANX112018A003,4,4,0.6806355125484931,0.7636011383921946
ANX112018A003,ANX,MJS_1,MJS,1,R,R-ANX112018A003,6,1,0.5733641334482554,1.3160139669763098
ANX112018A003,ANX,MJS_1,MJS,1,R,R-ANX112018A003,6,2,0.857271588019452,1.3160139669763098
ANX112018A003,ANX,MJS_1,MJS,1,R,R-ANX112018A003,6,3,1.0504606926382483,1.3160139669763098
ANX112018A003,ANX,MJS_1,MJS,1,R,R-ANX112018A003,6,4,1.19664017840106,1.3160139669763098
ANX112018A003,ANX,MJS_1,MJS,1,R,R-ANX112018A003,6,5,1.19664017840106,1.3160139669763098
ANX112018A003,ANX,MJS_1,MJS,1,R,R-ANX112018A003,6,6,1.3160139669763098,1.3160139669763098
ANX112018A004,ANX,CJF_1,CJF,1,R,R-ANX112018A004,4,1,0.5018708501637655,1.3061762845054135
ANX112018A004,ANX,CJF_1,CJF,1,R,R-ANX112018A004,4,2,0.8188922151680829,1.3061762845054135
ANX112018A004,ANX,CJF_1,CJF,1,R,R-ANX112018A004,4,3,1.0178506145955453,1.3061762845054135
ANX112018A004,ANX,CJF_1,CJF,1,R,R-ANX112018A004,4,4,1.1859953597706099,1.3061762845054135
ANX112018A004,ANX,JRS_1,JRS,1,R,R-ANX112018A004,4,1,0.47176167884371994,1.2527774151775284
ANX112018A004,ANX,JRS_1,JRS,1,R,R-ANX112018A004,4,2,0.7707369640190533,1.2527774151775284
ANX112018A004,ANX,JRS_1,JRS,1,R,R-ANX112018A004,4,3,0.9645124163649104,1.2527774151775284
ANX112018A004,ANX,JRS_1,JRS,1,R,R-ANX112018A004,4,4,1.1163097513558269,1.2527774151775284
ANX112018A004,ANX,LEL_1,LEL,1,R,R-ANX112018A004,3,1,0.3642872429962004,0.7354843936853379
ANX112018A004,ANX,LEL_1,LEL,1,R,R-ANX112018A004,3,2,0.5254725345993462,0.7354843936853379
ANX112018A004,ANX,LEL_1,LEL,1,R,R-ANX112018A004,3,3,0.6155514315455054,0.7354843936853379
ANX112018A004,ANX,LSR_1,LSR,1,R,R-ANX112018A004,4,1,0.2597821851439587,0.6342099196813482
ANX112018A004,ANX,LSR_1,LSR,1,R,R-ANX112018A004,4,2,0.41157510610641646,0.6342099196813482
ANX112018A004,ANX,LSR_1,LSR,1,R,R-ANX112018A004,4,3,0.48191816704023854,0.6342099196813482
ANX112018A004,ANX,LSR_1,LSR,1,R,R-ANX112018A004,4,4,0.5559634943390015,0.6342099196813482
ANX112018A004,ANX,MJS_1,MJS,1,R,R-ANX112018A004,4,1,0.8429377672814549,1.3189675016513414
ANX112018A004,ANX,MJS_1,MJS,1,R,R-ANX112018A004,4,2,1.0307360743599574,1.3189675016513414
ANX112018A004,ANX,MJS_1,MJS,1,R,R-ANX112018A004,4,3,1.1910420007646105,1.3189675016513414
ANX112018A004,ANX,MJS_1,MJS,1,R,R-ANX112018A004,4,4,1.3189675016513414,1.3189675016513414
ANX112018A005,ANX,CJF_1,CJF,1,R,R-ANX112018A005,3,1,0.3258294869578861,0.9658701802693774
ANX112018A005,ANX,CJF_1,CJF,1,R,R-ANX112018A005,3,2,0.704169654853354,0.9658701802693774
ANX112018A005,ANX,CJF_1,CJF,1,R,R-ANX112018A005,3,3,0.8535196053604043,0.9658701802693774
ANX112018A005,ANX,JRS_1,JRS,1,R,R-ANX112018A005,3,1,0.5223280100673723,0.9806949210215576
ANX112018A005,ANX,JRS_1,JRS,1,R,R-ANX112018A005,3,2,0.6992392496839728,0.9806949210215576
ANX112018A005,ANX,JRS_1,JRS,1,R,R-ANX112018A005,3,3,0.8546111515197611,0.9806949210215576
ANX112018A005,ANX,LEL_1,LEL,1,R,R-ANX112018A005,2,1,0.7625623538136684,1.0404221448296807
ANX112018A005,ANX,LEL_1,LEL,1,R,R-ANX112018A005,2,2,0.9430328716130427,1.0404221448296807
ANX112018A005,ANX,LSR_1,LSR,1,R,R-ANX112018A005,3,1,0.33775002859212505,0.6131575568948477
ANX112018A005,ANX,LSR_1,LSR,1,R,R-ANX112018A005,3,2,0.49805879325122027,0.6131575568948477
ANX112018A005,ANX,LSR_1,LSR,1,R,R-ANX112018A005,3,3,0.5835715332046589,0.6131575568948477
ANX112018A005,ANX,MJS_1,MJS,1,R,R-ANX112018A005,4,1,0.46658700492048916,0.9021872767975645
ANX112018A005,ANX,MJS_1,MJS,1,R,R-ANX112018A005,4,2,0.6813871572335553,0.9021872767975645
ANX112018A005,ANX,MJS_1,MJS,1,R,R-ANX112018A005,4,3,0.8252138925833801,0.9021872767975645
ANX112018A005,ANX,MJS_1,MJS,1,R,R-ANX112018A005,4,4,0.9021872767975645,0.9021872767975645
ANX112018A007,ANX,CJF_1,CJF,1,R,R-ANX112018A007,4,1,0.5169586296294083,1.1773144691033814
ANX112018A007,ANX,CJF_1,CJF,1,R,R-ANX112018A007,4,2,0.7189957292218491,1.1773144691033814
ANX112018A007,ANX,CJF_1,CJF,1,R,R-ANX112018A007,4,3,0.9070948035542528,1.1773144691033814
ANX112018A007,ANX,CJF_1,CJF,1,R,R-ANX112018A007,4,4,1.033917259258816,1.1773144691033814
ANX112018A007,ANX,JRS_1,JRS,1,R,R-ANX112018A007,3,1,0.33603515819093577,0.6800925806266316
ANX112018A007,ANX,JRS_1,JRS,1,R,R-ANX112018A007,3,2,0.46736649466166075,0.6800925806266316
ANX112018A007,ANX,JRS_1,JRS,1,R,R-ANX112018A007,3,3,0.571566247967636,0.6800925806266316
ANX112018A007,ANX,LEL_1,LEL,1,R,R-ANX112018A007,3,1,0.5224545745737454,0.7458371309218615
ANX112018A007,ANX,LEL_1,LEL,1,R,R-ANX112018A007,3,2,0.6084735133144558,0.7458371309218615
ANX112018A007,ANX,LEL_1,LEL,1,R,R-ANX112018A007,3,3,0.6760984984299147,0.7458371309218615
ANX112018A007,ANX,LSR_1,LSR,1,R,R-ANX112018A007,4,1,0.2277461218777451,0.5530278360431065
ANX112018A007,ANX,LSR_1,LSR,1,R,R-ANX112018A007,4,2,0.35361328568275585,0.5530278360431065
ANX112018A007,ANX,LSR_1,LSR,1,R,R-ANX112018A007,4,3,0.42804866751455994,0.5530278360431065
ANX112018A007,ANX,LSR_1,LSR,1,R,R-ANX112018A007,4,4,0.48461519995213487,0.5530278360431065
ANX112018A007,ANX,MJS_1,MJS,1,R,R-ANX112018A007,4,1,0.7398492712114673,1.1636612195692217
ANX112018A007,ANX,MJS_1,MJS,1,R,R-ANX112018A007,4,2,0.9260948007427562,1.1636612195692217
ANX112018A007,ANX,MJS_1,MJS,1,R,R-ANX112018A007,4,3,1.0529899972386405,1.1636612195692217
ANX112018A007,ANX,MJS_1,MJS,1,R,R-ANX112018A007,4,4,1.1636612195692217,1.1636612195692217
ANX112018A008,ANX,CJF_1,CJF,1,R,R-ANX112018A008,3,1,0.4912621331529419,1.033575606741214
ANX112018A008,ANX,CJF_1,CJF,1,R,R-ANX112018A008,3,2,0.7351953846662119,1.033575606741214
ANX112018A008,ANX,CJF_1,CJF,1,R,R-ANX112018A008,3,3,0.9074469807940804,1.033575606741214
ANX112018A008,ANX,JRS_1,JRS,1,R,R-ANX112018A008,3,1,0.5125994775329752,0.9972451850373846
ANX112018A008,ANX,JRS_1,JRS,1,R,R-ANX112018A008,3,2,0.7175105247126128,0.9972451850373846
ANX112018A008,ANX,JRS_1,JRS,1,R,R-ANX112018A008,3,3,0.8815549756206013,0.9972451850373846
ANX112018A008,ANX,LEL_1,LEL,1,R,R-ANX112018A008,3,1,0.4792830938369338,0.8145809882990522
ANX112018A008,ANX,LEL_1,LEL,1,R,R-ANX112018A008,3,2,0.6214531093592889,0.8145809882990522
ANX112018A008,ANX,LEL_1,LEL,1,R,R-ANX112018A008,3,3,0.7461718742203413,0.8145809882990522
ANX112018A008,ANX,LSR_1,LSR,1,R,R-ANX112018A008,3,1,0.36951573681134176,0.7374965215128712
ANX112018A008,ANX,LSR_1,LSR,1,R,R-ANX112018A008,3,2,0.5125540865447666,0.7374965215128712
ANX112018A008,ANX,LSR_1,LSR,1,R,R-ANX112018A008,3,3,0.6235503109857923,0.7374965215128712
ANX112018A008,ANX,MJS_1,MJS,1,R,R-ANX112018A008,4,1,0.40539565009660583,0.738146099854766
ANX112018A008,ANX,MJS_1,MJS,1,R,R-ANX112018A008,4,2,0.5314080513010612,0.738146099854766
ANX112018A008,ANX,MJS_1,MJS,1,R,R-ANX112018A008,4,3,0.6520334878316486,0.738146099854766
ANX112018A008,ANX,MJS_1,MJS,1,R,R-ANX112018A008,4,4,0.738146099854766,0.738146099854766
ANX112018A009,ANX,CJF_1,CJF,1,R,R-ANX112018A009,4,1,0.6189284335228495,1.1886297886725279
ANX112018A009,ANX,CJF_1,CJF,1,R,R-ANX112018A009,4,2,0.8011220689066259,1.1886297886725279
ANX112018A009,ANX,CJF_1,CJF,1,R,R-ANX112018A009,4,3,0.9542228945391098,1.1886297886725279
ANX112018A009,ANX,CJF_1,CJF,1,R,R-ANX112018A009,4,4,1.0815475318601206,1.1886297886725279
ANX112018A009,ANX,JRS_1,JRS,1,R,R-ANX112018A009,4,1,0.6301699667902727,1.1898039135791425
ANX112018A009,ANX,JRS_1,JRS,1,R,R-ANX112018A009,4,2,0.8381603362207759,1.1898039135791425
ANX112018A009,ANX,JRS_1,JRS,1,R,R-ANX112018A009,4,3,0.990106917848532,1.1898039135791425
ANX112018A009,ANX,JRS_1,JRS,1,R,R-ANX112018A009,4,4,1.0748178915339166,1.1898039135791425
ANX112018A009,ANX,LEL_1,LEL,1,R,R-ANX112018A009,4,1,0.6451729747649434,1.2173077790395768
ANX112018A009,ANX,LEL_1,LEL,1,R,R-ANX112018A009,4,2,0.8247004299578575,1.2173077790395768
ANX112018A009,ANX,LEL_1,LEL,1,R,R-ANX112018A009,4,3,1.0193674058171347,1.2173077790395768
ANX112018A009,ANX,LEL_1,LEL,1,R,R-ANX112018A009,4,4,1.1332214874164694,1.2173077790395768
ANX112018A009,ANX,LSR_1,LSR,1,R,R-ANX112018A009,4,1,0.27759715219607095,0.6370434342450422
ANX112018A009,ANX,LSR_1,LSR,1,R,R-ANX112018A009,4,2,0.4027723769349269,0.6370434342450422
ANX112018A009,ANX,LSR_1,LSR,1,R,R-ANX112018A009,4,3,0.5022655783624886,0.6370434342450422
ANX112018A009,ANX,LSR_1,LSR,1,R,R-ANX112018A009,4,4,0.5730599080567693,0.6370434342450422
ANX112018A009,ANX,MJS_1,MJS,1,R,R-ANX112018A009,4,1,0.6405852223885105,1.1701940385638991
ANX112018A009,ANX,MJS_1,MJS,1,R,R-ANX112018A009,4,2,0.8319083704668518,1.1701940385638991
ANX112018A009,ANX,MJS_1,MJS,1,R,R-ANX112018A009,4,3,1.0079541044032585,1.1701940385638991
ANX112018A009,ANX,MJS_1,MJS,1,R,R-ANX112018A009,4,4,1.1701940385638991,1.1701940385638991
JAX111419001,JAX,CJF_1,CJF,1,R,R-JAX111419001,5,1,0.3784224116063496,0.9143243290136018
JAX111419001,JAX,CJF_1,CJF,1,R,R-JAX111419001,5,2,0.5500136065522833,0.9143243290136018
JAX111419001,JAX,CJF_1,CJF,1,R,R-JAX111419001,5,3,0.6660128897148656,0.9143243290136018
JAX111419001,JAX,CJF_1,CJF,1,R,R-JAX111419001,5,4,0.742733134067668,0.9143243290136018
JAX111419001,JAX,CJF_1,CJF,1,R,R-JAX111419001,5,5,0.8256935793443078,0.9143243290136018
JAX111419001,JAX,CJF_2,CJF,2,R,R-JAX111419001,5,1,0.38981016762008397,0.90277673171472
JAX111419001,JAX,CJF_2,CJF,2,R,R-JAX111419001,5,2,0.5562618719999094,0.90277673171472
JAX111419001,JAX,CJF_2,CJF,2,R,R-JAX111419001,5,3,0.6784763607754614,0.90277673171472
JAX111419001,JAX,CJF_2,CJF,2,R,R-JAX111419001,5,4,0.7428421829915794,0.90277673171472
JAX111419001,JAX,CJF_2,CJF,2,R,R-JAX111419001,5,5,0.8279137514613348,0.90277673171472
JAX111419001,JAX,JRS_1,JRS,1,R,R-JAX111419001,5,1,0.3793952353148553,0.921840439656311
JAX111419001,JAX,JRS_1,JRS,1,R,R-JAX111419001,5,2,0.5581601779473454,0.921840439656311
JAX111419001,JAX,JRS_1,JRS,1,R,R-JAX111419001,5,3,0.6709299594571927,0.921840439656311
JAX111419001,JAX,JRS_1,JRS,1,R,R-JAX111419001,5,4,0.7520245650629331,0.921840439656311
JAX111419001,JAX,JRS_1,JRS,1,R,R-JAX111419001,5,5,0.8282911988819057,0.921840439656311
JAX111419001,JAX,LEL_1,LEL,1,R,R-JAX111419001,5,1,0.3761056327838467,0.9276843557938844
JAX111419001,JAX,LEL_1,LEL,1,R,R-JAX111419001,5,2,0.5503003294757423,0.9276843557938844
JAX111419001,JAX,LEL_1,LEL,1,R,R-JAX111419001,5,3,0.6676933941989147,0.9276843557938844
JAX111419001,JAX,LEL_1,LEL,1,R,R-JAX111419001,5,4,0.743398650279107,0.9276843557938844
JAX111419001,JAX,LEL_1,LEL,1,R,R-JAX111419001,5,5,0.8242174804964782,0.9276843557938844
JAX111419001,JAX,LSR_1,LSR,1,R,R-JAX111419001,4,1,0.52766169386934,0.8944841911714663
JAX111419001,JAX,LSR_1,LSR,1,R,R-JAX111419001,4,2,0.6412019413681911,0.8944841911714663
JAX111419001,JAX,LSR_1,LSR,1,R,R-JAX111419001,4,3,0.7244687914874015,0.8944841911714663
JAX111419001,JAX,LSR_1,LSR,1,R,R-JAX111419001,4,4,0.8076176529809265,0.8944841911714663
JAX111419001,JAX,MJS_1,MJS,1,R,R-JAX111419001,4,1,0.526103519429325,0.8968384544250123
JAX111419001,JAX,MJS_1,MJS,1,R,R-JAX111419001,4,2,0.6396379107270249,0.8968384544250123
JAX111419001,JAX,MJS_1,MJS,1,R,R-JAX111419001,4,3,0.6987071731293987,0.8968384544250123
JAX111419001,JAX,MJS_1,MJS,1,R,R-JAX111419001,4,4,0.8087388403502491,0.8968384544250123
JAX111419002,JAX,CJF_1,CJF,1,R,R-JAX111419002,2,1,0.3385384747796633,0.6643769396311783
JAX111419002,JAX,CJF_1,CJF,1,R,R-JAX111419002,2,2,0.5024457955736799,0.6643769396311783
JAX111419002,JAX,CJF_2,CJF,2,R,R-JAX111419002,2,1,0.349798698918691,0.6891884876896419
JAX111419002,JAX,CJF_2,CJF,2,R,R-JAX111419002,2,2,0.5170747339288021,0.6891884876896419
JAX111419002,JAX,JRS_1,JRS,1,R,R-JAX111419002,2,1,0.1546975396573426,0.6563831510541502
JAX111419002,JAX,JRS_1,JRS,1,R,R-JAX111419002,2,2,0.32194633644414705,0.6563831510541502
JAX111419002,JAX,LEL_1,LEL,1,R,R-JAX111419002,3,1,0.21949412412695435,0.6931295553713752
JAX111419002,JAX,LEL_1,LEL,1,R,R-JAX111419002,3,2,0.3767123317741396,0.6931295553713752
JAX111419002,JAX,LEL_1,LEL,1,R,R-JAX111419002,3,3,0.5446807459310841,0.6931295553713752
JAX111419002,JAX,LSR_1,LSR,1,R,R-JAX111419002,3,1,0.3089482008603311,0.5163730262769506
JAX111419002,JAX,LSR_1,LSR,1,R,R-JAX111419002,3,2,0.4114467872181295,0.5163730262769506
JAX111419002,JAX,LSR_1,LSR,1,R,R-JAX111419002,3,3,0.47993979205638104,0.5163730262769506
JAX111419002,JAX,MJS_1,MJS,1,R,R-JAX111419002,2,1,0.36126575885761897,0.6625890359293127
JAX111419002,JAX,MJS_1,MJS,1,R,R-JAX111419002,2,2,0.5193670482646378,0.6625890359293127
JAX111419003,JAX,CJF_1,CJF,1,R,R-JAX111419003,3,1,0.4094965613443765,0.7598218951738679
JAX111419003,JAX,CJF_1,CJF,1,R,R-JAX111419003,3,2,0.5515672325839582,0.7598218951738679
JAX111419003,JAX,CJF_1,CJF,1,R,R-JAX111419003,3,3,0.6646281942195785,0.7598218951738679
JAX111419003,JAX,CJF_2,CJF,2,R,R-JAX111419003,2,1,0.4966019247105885,0.7432983253875061
JAX111419003,JAX,CJF_2,CJF,2,R,R-JAX111419003,2,2,0.6284057316678682,0.7432983253875061
JAX111419003,JAX,JRS_1,JRS,1,R,R-JAX111419003,2,1,0.5600038811527133,0.7648520484397946
JAX111419003,JAX,JRS_1,JRS,1,R,R-JAX111419003,2,2,0.6737590390053954,0.7648520484397946
JAX111419003,JAX,LEL_1,LEL,1,R,R-JAX111419003,3,1,0.4269136162352583,0.7723271885899413
JAX111419003,JAX,LEL_1,LEL,1,R,R-JAX111419003,3,2,0.558870380472313,0.7723271885899413
JAX111419003,JAX,LEL_1,LEL,1,R,R-JAX111419003,3,3,0.6856240635369343,0.7723271885899413
JAX111419003,JAX,LSR_1,LSR,1,R,R-JAX111419003,3,1,0.40858281284669123,0.7540764181341957
JAX111419003,JAX,LSR_1,LSR,1,R,R-JAX111419003,3,2,0.5502816588206203,0.7540764181341957
JAX111419003,JAX,LSR_1,LSR,1,R,R-JAX111419003,3,3,0.6597076243707973,0.7540764181341957
JAX111419003,JAX,MJS_1,MJS,1,R,R-JAX111419003,3,1,0.41406888385883567,0.7828928474737866
JAX111419003,JAX,MJS_1,MJS,1,R,R-JAX111419003,3,2,0.5623426328499784,0.7828928474737866
JAX111419003,JAX,MJS_1,MJS,1,R,R-JAX111419003,3,3,0.6746735059117677,0.7828928474737866
JAX111419004,JAX,CJF_1,CJF,1,R,R-JAX111419004,5,1,0.4957741750044064,1.0454701028162594
JAX111419004,JAX,CJF_1,CJF,1,R,R-JAX111419004,5,2,0.6553303982710823,1.0454701028162594
JAX111419004,JAX,CJF_1,CJF,1,R,R-JAX111419004,5,3,0.7765017262146969,1.0454701028162594
JAX111419004,JAX,CJF_1,CJF,1,R,R-JAX111419004,5,4,0.8715195438034357,1.0454701028162594
JAX111419004,JAX,CJF_1,CJF,1,R,R-JAX111419004,5,5,0.9569411375614091,1.0454701028162594
JAX111419004,JAX,CJF_2,CJF,2,R,R-JAX111419004,5,1,0.464833805557728,1.0420543605764652
JAX111419004,JAX,CJF_2,CJF,2,R,R-JAX111419004,5,2,0.6655898027391945,1.0420543605764652
JAX111419004,JAX,CJF_2,CJF,2,R,R-JAX111419004,5,3,0.7876939005467634,1.0420543605764652
JAX111419004,JAX,CJF_2,CJF,2,R,R-JAX111419004,5,4,0.8762081202898896,1.0420543605764652
JAX111419004,JAX,CJF_2,CJF,2,R,R-JAX111419004,5,5,0.9842003171915465,1.0420543605764652
JAX111419004,JAX,JRS_1,JRS,1,R,R-JAX111419004,4,1,0.48496943709684975,1.0439432019561257
JAX111419004,JAX,JRS_1,JRS,1,R,R-JAX111419004,4,2,0.660294704253137,1.0439432019561257
JAX111419004,JAX,JRS_1,JRS,1,R,R-JAX111419004,4,3,0.8055465410749585,1.0439432019561257
JAX111419004,JAX,JRS_1,JRS,1,R,R-JAX111419004,4,4,0.8971819282190404,1.0439432019561257
JAX111419004,JAX,LEL_1,LEL,1,R,R-JAX111419004,5,1,0.33986885769656994,1.089923663846709
JAX111419004,JAX,LEL_1,LEL,1,R,R-JAX111419004,5,2,0.5137182834106051,1.089923663846709
JAX111419004,JAX,LEL_1,LEL,1,R,R-JAX111419004,5,3,0.6759471768450701,1.089923663846709
JAX111419004,JAX,LEL_1,LEL,1,R,R-JAX111419004,5,4,0.8220182495458116,1.089923663846709
JAX111419004,JAX,LEL_1,LEL,1,R,R-JAX111419004,5,5,0.9823518737062417,1.089923663846709
JAX111419004,JAX,LSR_1,LSR,1,R,R-JAX111419004,5,1,0.3330181821610233,0.6684354428899142
JAX111419004,JAX,LSR_1,LSR,1,R,R-JAX111419004,5,2,0.45029661641242785,0.6684354428899142
JAX111419004,JAX,LSR_1,LSR,1,R,R-JAX111419004,5,3,0.5312029334196782,0.6684354428899142
JAX111419004,JAX,LSR_1,LSR,1,R,R-JAX111419004,5,4,0.592202113701816,0.6684354428899142
JAX111419004,JAX,LSR_1,LSR,1,R,R-JAX111419004,5,5,0.6449766268067187,0.6684354428899142
JAX111419004,JAX,MJS_1,MJS,1,R,R-JAX111419004,4,1,0.46128022121069834,1.0486413485829493
JAX111419004,JAX,MJS_1,MJS,1,R,R-JAX111419004,4,2,0.6535220943575477,1.0486413485829493
JAX111419004,JAX,MJS_1,MJS,1,R,R-JAX111419004,4,3,0.7979041818117327,1.0486413485829493
JAX111419004,JAX,MJS_1,MJS,1,R,R-JAX111419004,4,4,0.921757712045205,1.0486413485829493
JAX111419005,JAX,CJF_1,CJF,1,R,R-JAX111419005,2,1,0.453730886551714,0.8004722396331179
JAX111419005,JAX,CJF_1,CJF,1,R,R-JAX111419005,2,2,0.6507203440175235,0.8004722396331179
JAX111419005,JAX,CJF_2,CJF,2,R,R-JAX111419005,2,1,0.49407159856075694,0.734414954767988
JAX111419005,JAX,CJF_2,CJF,2,R,R-JAX111419005,2,2,0.6438415002267803,0.734414954767988
JAX111419005,JAX,JRS_1,JRS,1,R,R-JAX111419005,2,1,0.39298399861821015,0.6572141229416923
JAX111419005,JAX,JRS_1,JRS,1,R,R-JAX111419005,2,2,0.5668257427777486,0.6572141229416923
JAX111419005,JAX,LEL_1,LEL,1,R,R-JAX111419005,3,1,0.1767082081517706,0.5844221864595351
JAX111419005,JAX,LEL_1,LEL,1,R,R-JAX111419005,3,2,0.31498353044782385,0.5844221864595351
JAX111419005,JAX,LEL_1,LEL,1,R,R-JAX111419005,3,3,0.4434569854196012,0.5844221864595351
JAX111419005,JAX,LSR_1,LSR,1,R,R-JAX111419005,3,1,0.4700873584283624,0.731501791895842
JAX111419005,JAX,LSR_1,LSR,1,R,R-JAX111419005,3,2,0.6043775580769533,0.731501791895842
JAX111419005,JAX,LSR_1,LSR,1,R,R-JAX111419005,3,3,0.7039844831097913,0.731501791895842
JAX111419005,JAX,MJS_1,MJS,1,R,R-JAX111419005,2,1,0.4227074354421233,0.7881743573182227
JAX111419005,JAX,MJS_1,MJS,1,R,R-JAX111419005,2,2,0.61645281662015206,0.7881743573182227
JAX111419006,JAX,CJF_1,CJF,1,R,R-JAX111419006,3,1,0.39066299665396126,0.7638101872187066
JAX111419006,JAX,CJF_1,CJF,1,R,R-JAX111419006,3,2,0.5324810105996656,0.7638101872187066
JAX111419006,JAX,CJF_1,CJF,1,R,R-JAX111419006,3,3,0.6542205473994093,0.7638101872187066
JAX111419006,JAX,CJF_2,CJF,2,R,R-JAX111419006,2,1,0.5651568845152874,0.7798514339051321
JAX111419006,JAX,CJF_2,CJF,2,R,R-JAX111419006,2,2,0.6866845454614842,0.7798514339051321
JAX111419006,JAX,JRS_1,JRS,1,R,R-JAX111419006,2,1,0.4861702718058174,0.711058576709908
JAX111419006,JAX,JRS_1,JRS,1,R,R-JAX111419006,2,2,0.613996854520007,0.711058576709908
JAX111419006,JAX,LEL_1,LEL,1,R,R-JAX111419006,3,1,0.44683826335135945,0.7731167691734545
JAX111419006,JAX,LEL_1,LEL,1,R,R-JAX111419006,3,2,0.5740375325899352,0.7731167691734545
JAX111419006,JAX,LEL_1,LEL,1,R,R-JAX111419006,3,3,0.68797048301721,0.7731167691734545
JAX111419006,JAX,LSR_1,LSR,1,R,R-JAX111419006,3,1,0.35602334158263077,0.610212582985201
JAX111419006,JAX,LSR_1,LSR,1,R,R-JAX111419006,3,2,0.45706542366752256,0.610212582985201
JAX111419006,JAX,LSR_1,LSR,1,R,R-JAX111419006,3,3,0.5544649697015085,0.610212582985201
JAX111419006,JAX,MJS_1,MJS,1,R,R-JAX111419006,2,1,0.5569494810896588,0.7727259162763047
JAX111419006,JAX,MJS_1,MJS,1,R,R-JAX111419006,2,2,0.6710423360297499,0.7727259162763047
JAX111419007,JAX,CJF_1,CJF,1,R,R-JAX111419007,4,1,0.4683362020937319,0.9446454310864331
JAX111419007,JAX,CJF_1,CJF,1,R,R-JAX111419007,4,2,0.6402201463714204,0.9446454310864331
JAX111419007,JAX,CJF_1,CJF,1,R,R-JAX111419007,4,3,0.761040700607242,0.9446454310864331
JAX111419007,JAX,CJF_1,CJF,1,R,R-JAX111419007,4,4,0.8531043311740786,0.9446454310864331
JAX111419007,JAX,CJF_2,CJF,2,R,R-JAX111419007,4,1,0.4914828258137023,0.9591908745616783
JAX111419007,JAX,CJF_2,CJF,2,R,R-JAX111419007,4,2,0.6602953683747079,0.9591908745616783
JAX111419007,JAX,CJF_2,CJF,2,R,R-JAX111419007,4,3,0.772213712567335,0.9591908745616783
JAX111419007,JAX,CJF_2,CJF,2,R,R-JAX111419007,4,4,0.8643653377864741,0.9591908745616783
JAX111419007,JAX,JRS_1,JRS,1,R,R-JAX111419007,4,1,0.47455223300788746,0.9491598231239633
JAX111419007,JAX,JRS_1,JRS,1,R,R-JAX111419007,4,2,0.6420314875209904,0.9491598231239633
JAX111419007,JAX,JRS_1,JRS,1,R,R-JAX111419007,4,3,0.7635999470392756,0.9491598231239633
JAX111419007,JAX,JRS_1,JRS,1,R,R-JAX111419007,4,4,0.8533941267071167,0.9491598231239633
JAX111419007,JAX,LEL_1,LEL,1,R,R-JAX111419007,4,1,0.45739022237333327,0.9159408625779042
JAX111419007,JAX,LEL_1,LEL,1,R,R-JAX111419007,4,2,0.6210145216891496,0.9159408625779042
JAX111419007,JAX,LEL_1,LEL,1,R,R-JAX111419007,4,3,0.7221612286511601,0.9159408625779042
JAX111419007,JAX,LEL_1,LEL,1,R,R-JAX111419007,4,4,0.8226369320793621,0.9159408625779042
JAX111419007,JAX,LSR_1,LSR,1,R,R-JAX111419007,3,1,0.5054542259292862,0.7162693125934935
JAX111419007,JAX,LSR_1,LSR,1,R,R-JAX111419007,3,2,0.6049484300182255,0.7162693125934935
JAX111419007,JAX,LSR_1,LSR,1,R,R-JAX111419007,3,3,0.674139634327594,0.7162693125934935
JAX111419007,JAX,MJS_1,MJS,1,R,R-JAX111419007,4,1,0.4931747114015221,0.9437153505777008
JAX111419007,JAX,MJS_1,MJS,1,R,R-JAX111419007,4,2,0.6716973629383872,0.9437153505777008
JAX111419007,JAX,MJS_1,MJS,1,R,R-JAX111419007,4,3,0.7623700254848248,0.9437153505777008
JAX111419007,JAX,MJS_1,MJS,1,R,R-JAX111419007,4,4,0.8717176723501259,0.9437153505777008
JAX111419008,JAX,CJF_1,CJF,1,R,R-JAX111419008,4,1,0.31889145306610966,0.653962025730179
JAX111419008,JAX,CJF_1,CJF,1,R,R-JAX111419008,4,2,0.4700941104082794,0.653962025730179
JAX111419008,JAX,CJF_1,CJF,1,R,R-JAX111419008,4,3,0.5335610993808947,0.653962025730179
JAX111419008,JAX,CJF_1,CJF,1,R,R-JAX111419008,4,4,0.5945398166570539,0.653962025730179
JAX111419008,JAX,CJF_2,CJF,2,R,R-JAX111419008,3,1,0.5070000863595404,1.0038669649800869
JAX111419008,JAX,CJF_2,CJF,2,R,R-JAX111419008,3,2,0.692161605625654,1.0038669649800869
JAX111419008,JAX,CJF_2,CJF,2,R,R-JAX111419008,3,3,0.8225053986160963,1.0038669649800869
JAX111419008,JAX,JRS_1,JRS,1,R,R-JAX111419008,2,1,0.347559488320197,0.6927861229111796
JAX111419008,JAX,JRS_1,JRS,1,R,R-JAX111419008,2,2,0.5244152847606383,0.6927861229111796
JAX111419008,JAX,LEL_1,LEL,1,R,R-JAX111419008,3,1,0.43607782469254686,0.8875418823420903
JAX111419008,JAX,LEL_1,LEL,1,R,R-JAX111419008,3,2,0.6016021062762944,0.8875418823420903
JAX111419008,JAX,LEL_1,LEL,1,R,R-JAX111419008,3,3,0.7062449154822831,0.8875418823420903
JAX111419008,JAX,LSR_1,LSR,1,R,R-JAX111419008,4,1,0.35119353678009546,0.6824826168207259
JAX111419008,JAX,LSR_1,LSR,1,R,R-JAX111419008,4,2,0.48031078144204453,0.6824826168207259
JAX111419008,JAX,LSR_1,LSR,1,R,R-JAX111419008,4,3,0.5570160884319635,0.6824826168207259
JAX111419008,JAX,LSR_1,LSR,1,R,R-JAX111419008,4,4,0.6382411700726021,0.6824826168207259
JAX111419008,JAX,MJS_1,MJS,1,R,R-JAX111419008,2,1,0.32795765663191845,0.659561939039423
JAX111419008,JAX,MJS_1,MJS,1,R,R-JAX111419008,2,2,0.49635600684784237,0.659561939039423
JAX111419009,JAX,CJF_1,CJF,1,R,R-JAX111419009,3,1,0.49224975478517397,0.9629002451873947
JAX111419009,JAX,CJF_1,CJF,1,R,R-JAX111419009,3,2,0.7067267914330462,0.9629002451873947
JAX111419009,JAX,CJF_1,CJF,1,R,R-JAX111419009,3,3,0.8537115769989365,0.9629002451873947
JAX111419009,JAX,CJF_2,CJF,2,R,R-JAX111419009,3,1,0.46629503458533234,0.9304738585782198
JAX111419009,JAX,CJF_2,CJF,2,R,R-JAX111419009,3,2,0.6914345289600505,0.9304738585782198
JAX111419009,JAX,CJF_2,CJF,2,R,R-JAX111419009,3,3,0.8161486116166252,0.9304738585782198
JAX111419009,JAX,JRS_1,JRS,1,R,R-JAX111419009,3,1,0.3895730026488536,0.8467653613121621
JAX111419009,JAX,JRS_1,JRS,1,R,R-JAX111419009,3,2,0.612894441406489,0.8467653613121621
JAX111419009,JAX,JRS_1,JRS,1,R,R-JAX111419009,3,3,0.7360580293060496,0.8467653613121621
JAX111419009,JAX,LEL_1,LEL,1,R,R-JAX111419009,3,1,0.5166965150093855,0.92686899494485
JAX111419009,JAX,LEL_1,LEL,1,R,R-JAX111419009,3,2,0.6897157467500169,0.92686899494485
JAX111419009,JAX,LEL_1,LEL,1,R,R-JAX111419009,3,3,0.7861913808146379,0.92686899494485
JAX111419009,JAX,LSR_1,LSR,1,R,R-JAX111419009,3,1,0.36000125560561114,0.7114533689676472
JAX111419009,JAX,LSR_1,LSR,1,R,R-JAX111419009,3,2,0.48224546894892784,0.7114533689676472
JAX111419009,JAX,LSR_1,LSR,1,R,R-JAX111419009,3,3,0.5867523423217761,0.7114533689676472
JAX111419009,JAX,MJS_1,MJS,1,R,R-JAX111419009,3,1,0.4565304667397542,0.9420721455982878
JAX111419009,JAX,MJS_1,MJS,1,R,R-JAX111419009,3,2,0.7016096620902252,0.9420721455982878
JAX111419009,JAX,MJS_1,MJS,1,R,R-JAX111419009,3,3,0.8253034377260624,0.9420721455982878
JAX111419010,JAX,CJF_1,CJF,1,R,R-JAX111419010,3,1,0.3288159355102749,0.6682363561684704
JAX111419010,JAX,CJF_1,CJF,1,R,R-JAX111419010,3,2,0.4709498706992955,0.6682363561684704
JAX111419010,JAX,CJF_1,CJF,1,R,R-JAX111419010,3,3,0.5823200335298817,0.6682363561684704
JAX111419010,JAX,CJF_2,CJF,2,R,R-JAX111419010,3,1,0.5093522220621862,0.9225178346462857
JAX111419010,JAX,CJF_2,CJF,2,R,R-JAX111419010,3,2,0.6741947818599898,0.9225178346462857
JAX111419010,JAX,CJF_2,CJF,2,R,R-JAX111419010,3,3,0.8130779883176392,0.9225178346462857
JAX111419010,JAX,JRS_1,JRS,1,R,R-JAX111419010,3,1,0.3794682221843174,0.7156975472578927
JAX111419010,JAX,JRS_1,JRS,1,R,R-JAX111419010,3,2,0.5136094655626647,0.7156975472578927
JAX111419010,JAX,JRS_1,JRS,1,R,R-JAX111419010,3,3,0.6124702096589403,0.7156975472578927
JAX111419010,JAX,LEL_1,LEL,1,R,R-JAX111419010,3,1,0.4223114557229259,0.7699877758296341
JAX111419010,JAX,LEL_1,LEL,1,R,R-JAX111419010,3,2,0.5713991042524881,0.7699877758296341
JAX111419010,JAX,LEL_1,LEL,1,R,R-JAX111419010,3,3,0.6875347078918892,0.7699877758296341
JAX111419010,JAX,LSR_1,LSR,1,R,R-JAX111419010,3,1,0.33870760039625064,0.6856002125609214
JAX111419010,JAX,LSR_1,LSR,1,R,R-JAX111419010,3,2,0.4942228239962232,0.6856002125609214
JAX111419010,JAX,LSR_1,LSR,1,R,R-JAX111419010,3,3,0.5950166029382571,0.6856002125609214
JAX111419010,JAX,MJS_1,MJS,1,R,R-JAX111419010,3,1,0.4223548452698234,0.8447096905396465
JAX111419010,JAX,MJS_1,MJS,1,R,R-JAX111419010,3,2,0.5997747152460343,0.8447096905396465
JAX111419010,JAX,MJS_1,MJS,1,R,R-JAX111419010,3,3,0.7273241779266243,0.8447096905396465
JAX111419011,JAX,CJF_1,CJF,1,R,R-JAX111419011,3,1,0.45341361409506625,0.7725172995690778
JAX111419011,JAX,CJF_1,CJF,1,R,R-JAX111419011,3,2,0.5625696693983011,0.7725172995690778
JAX111419011,JAX,CJF_1,CJF,1,R,R-JAX111419011,3,3,0.6633612442658431,0.7725172995690778
JAX111419011,JAX,CJF_2,CJF,2,R,R-JAX111419011,3,1,0.41699516933840824,0.7283609500027411
JAX111419011,JAX,CJF_2,CJF,2,R,R-JAX111419011,3,2,0.5123297792427903,0.7283609500027411
JAX111419011,JAX,CJF_2,CJF,2,R,R-JAX111419011,3,3,0.6179591679168659,0.7283609500027411
JAX111419011,JAX,JRS_1,JRS,1,R,R-JAX111419011,3,1,0.4578650913949387,0.7793339480549779
JAX111419011,JAX,JRS_1,JRS,1,R,R-JAX111419011,3,2,0.5590010244712245,0.7793339480549779
JAX111419011,JAX,JRS_1,JRS,1,R,R-JAX111419011,3,3,0.6656437426508177,0.7793339480549779
JAX111419011,JAX,LEL_1,LEL,1,R,R-JAX111419011,3,1,0.33760800039646044,0.6426430575574948
JAX111419011,JAX,LEL_1,LEL,1,R,R-JAX111419011,3,2,0.43687603715352913,0.6426430575574948
JAX111419011,JAX,LEL_1,LEL,1,R,R-JAX111419011,3,3,0.5429272968987119,0.6426430575574948
JAX111419011,JAX,LSR_1,LSR,1,R,R-JAX111419011,3,1,0.3833542673788095,0.6918215075219162
JAX111419011,JAX,LSR_1,LSR,1,R,R-JAX111419011,3,2,0.4775714091648212,0.6918215075219162
JAX111419011,JAX,LSR_1,LSR,1,R,R-JAX111419011,3,3,0.5853365626232462,0.6918215075219162
JAX111419011,JAX,MJS_1,MJS,1,R,R-JAX111419011,3,1,0.4123747912197554,0.7388018647854693
JAX111419011,JAX,MJS_1,MJS,1,R,R-JAX111419011,3,2,0.504774076741599,0.7388018647854693
JAX111419011,JAX,MJS_1,MJS,1,R,R-JAX111419011,3,3,0.6169492948626824,0.7388018647854693
JAX111419012,JAX,CJF_1,CJF,1,R,R-JAX111419012,4,1,0.5287872291787857,1.0453848063689413
JAX111419012,JAX,CJF_1,CJF,1,R,R-JAX111419012,4,2,0.7161189646462549,1.0453848063689413
JAX111419012,JAX,CJF_1,CJF,1,R,R-JAX111419012,4,3,0.8483013493105676,1.0453848063689413
JAX111419012,JAX,CJF_1,CJF,1,R,R-JAX111419012,4,4,0.9492521629767136,1.0453848063689413
JAX111419012,JAX,CJF_2,CJF,2,R,R-JAX111419012,4,1,0.5288465867637346,1.042216844483334
JAX111419012,JAX,CJF_2,CJF,2,R,R-JAX111419012,4,2,0.7140704428362028,1.042216844483334
JAX111419012,JAX,CJF_2,CJF,2,R,R-JAX111419012,4,3,0.8434817514145188,1.042216844483334
JAX111419012,JAX,CJF_2,CJF,2,R,R-JAX111419012,4,4,0.943905493952352,1.042216844483334
JAX111419012,JAX,JRS_1,JRS,1,R,R-JAX111419012,4,1,0.49567696483792645,1.012555841174041
JAX111419012,JAX,JRS_1,JRS,1,R,R-JAX111419012,4,2,0.6808742239299208,1.012555841174041
JAX111419012,JAX,JRS_1,JRS,1,R,R-JAX111419012,4,3,0.8187742843858403,1.012555841174041
JAX111419012,JAX,JRS_1,JRS,1,R,R-JAX111419012,4,4,0.905686224149176,1.012555841174041
JAX111419012,JAX,LEL_1,LEL,1,R,R-JAX111419012,4,1,0.5081684919812647,1.0094330094296924
JAX111419012,JAX,LEL_1,LEL,1,R,R-JAX111419012,4,2,0.6735593739487944,1.0094330094296924
JAX111419012,JAX,LEL_1,LEL,1,R,R-JAX111419012,4,3,0.7975264087193044,1.0094330094296924
JAX111419012,JAX,LEL_1,LEL,1,R,R-JAX111419012,4,4,0.9029705219199143,1.0094330094296924
JAX111419012,JAX,LSR_1,LSR,1,R,R-JAX111419012,4,1,0.4985310095523907,1.029837268423301
JAX111419012,JAX,LSR_1,LSR,1,R,R-JAX111419012,4,2,0.6826397807372617,1.029837268423301
JAX111419012,JAX,LSR_1,LSR,1,R,R-JAX111419012,4,3,0.8370615892865751,1.029837268423301
JAX111419012,JAX,LSR_1,LSR,1,R,R-JAX111419012,4,4,0.9133609563587688,1.029837268423301
JAX111419012,JAX,MJS_1,MJS,1,R,R-JAX111419012,4,1,0.5065001657530108,1.0176304047380746
JAX111419012,JAX,MJS_1,MJS,1,R,R-JAX111419012,4,2,0.6973948816396817,1.0176304047380746
JAX111419012,JAX,MJS_1,MJS,1,R,R-JAX111419012,4,3,0.8325526287272191,1.0176304047380746
JAX111419012,JAX,MJS_1,MJS,1,R,R-JAX111419012,4,4,0.9279999866705546,1.0176304047380746
JAX111419013,JAX,CJF_1,CJF,1,R,R-JAX111419013,3,1,0.34639538722551916,0.6960110528994897
JAX111419013,JAX,CJF_1,CJF,1,R,R-JAX111419013,3,2,0.48479138325530335,0.6960110528994897
JAX111419013,JAX,CJF_1,CJF,1,R,R-JAX111419013,3,3,0.5880859273563208,0.6960110528994897
JAX111419013,JAX,CJF_2,CJF,2,R,R-JAX111419013,3,1,0.33933423711614813,0.6984708672202805
JAX111419013,JAX,CJF_2,CJF,2,R,R-JAX111419013,3,2,0.48877146724332265,0.6984708672202805
JAX111419013,JAX,CJF_2,CJF,2,R,R-JAX111419013,3,3,0.6145543359208058,0.6984708672202805
JAX111419013,JAX,JRS_1,JRS,1,R,R-JAX111419013,3,1,0.3210898136583481,0.6648776055053227
JAX111419013,JAX,JRS_1,JRS,1,R,R-JAX111419013,3,2,0.46274580904109264,0.6648776055053227
JAX111419013,JAX,JRS_1,JRS,1,R,R-JAX111419013,3,3,0.5838971953305258,0.6648776055053227
JAX111419013,JAX,LEL_1,LEL,1,R,R-JAX111419013,3,1,0.4799562852471913,0.891543600497329
JAX111419013,JAX,LEL_1,LEL,1,R,R-JAX111419013,3,2,0.6478181360863859,0.891543600497329
JAX111419013,JAX,LEL_1,LEL,1,R,R-JAX111419013,3,3,0.777854906595231,0.891543600497329
JAX111419013,JAX,LSR_1,LSR,1,R,R-JAX111419013,4,1,0.3501105003695749,0.7276718196152517
JAX111419013,JAX,LSR_1,LSR,1,R,R-JAX111419013,4,2,0.47935824911694236,0.7276718196152517
JAX111419013,JAX,LSR_1,LSR,1,R,R-JAX111419013,4,3,0.6370810240804735,0.7276718196152517
JAX111419013,JAX,LSR_1,LSR,1,R,R-JAX111419013,4,4,0.7024412622884132,0.7276718196152517
JAX111419013,JAX,MJS_1,MJS,1,R,R-JAX111419013,3,1,0.37174179895833964,0.6977073241822211
JAX111419013,JAX,MJS_1,MJS,1,R,R-JAX111419013,3,2,0.5125674925020869,0.6977073241822211
JAX111419013,JAX,MJS_1,MJS,1,R,R-JAX111419013,3,3,0.6230665372709396,0.6977073241822211
JAX111419014,JAX,CJF_1,CJF,1,R,R-JAX111419014,4,1,0.41699855905737065,0.8535396477018998
JAX111419014,JAX,CJF_1,CJF,1,R,R-JAX111419014,4,2,0.5544302607696625,0.8535396477018998
JAX111419014,JAX,CJF_1,CJF,1,R,R-JAX111419014,4,3,0.6673131548615538,0.8535396477018998
JAX111419014,JAX,CJF_1,CJF,1,R,R-JAX111419014,4,4,0.7679973511714313,0.8535396477018998
JAX111419014,JAX,CJF_2,CJF,2,R,R-JAX111419014,4,1,0.44822523940201353,0.890657677105704
JAX111419014,JAX,CJF_2,CJF,2,R,R-JAX111419014,4,2,0.5919897281296252,0.890657677105704
JAX111419014,JAX,CJF_2,CJF,2,R,R-JAX111419014,4,3,0.7040460379801283,0.890657677105704
JAX111419014,JAX,CJF_2,CJF,2,R,R-JAX111419014,4,4,0.8098273715194048,0.890657677105704
JAX111419014,JAX,JRS_1,JRS,1,R,R-JAX111419014,4,1,0.44653339993391467,0.8734457639393252
JAX111419014,JAX,JRS_1,JRS,1,R,R-JAX111419014,4,2,0.5806792189866234,0.8734457639393252
JAX111419014,JAX,JRS_1,JRS,1,R,R-JAX111419014,4,3,0.7023296417433493,0.8734457639393252
JAX111419014,JAX,JRS_1,JRS,1,R,R-JAX111419014,4,4,0.7948581757282089,0.8734457639393252
JAX111419014,JAX,LEL_1,LEL,1,R,R-JAX111419014,4,1,0.44020453458983977,0.8874497859767975
JAX111419014,JAX,LEL_1,LEL,1,R,R-JAX111419014,4,2,0.5749185641291503,0.8874497859767975
JAX111419014,JAX,LEL_1,LEL,1,R,R-JAX111419014,4,3,0.6960471746117989,0.8874497859767975
JAX111419014,JAX,LEL_1,LEL,1,R,R-JAX111419014,4,4,0.8101350682973288,0.8874497859767975
JAX111419014,JAX,LSR_1,LSR,1,R,R-JAX111419014,4,1,0.27337367461924744,0.5641316205409137
JAX111419014,JAX,LSR_1,LSR,1,R,R-JAX111419014,4,2,0.3709338847210294,0.5641316205409137
JAX111419014,JAX,LSR_1,LSR,1,R,R-JAX111419014,4,3,0.44303454910894347,0.5641316205409137
JAX111419014,JAX,LSR_1,LSR,1,R,R-JAX111419014,4,4,0.5066593798388129,0.5641316205409137
JAX111419014,JAX,MJS_1,MJS,1,R,R-JAX111419014,4,1,0.4300269939516287,0.8714898195681348
JAX111419014,JAX,MJS_1,MJS,1,R,R-JAX111419014,4,2,0.5579261225155663,0.8714898195681348
JAX111419014,JAX,MJS_1,MJS,1,R,R-JAX111419014,4,3,0.7064577773064713,0.8714898195681348
JAX111419014,JAX,MJS_1,MJS,1,R,R-JAX111419014,4,4,0.8041815496319837,0.8714898195681348
JAX111419015,JAX,CJF_1,CJF,1,R,R-JAX111419015,3,1,0.45497052303657454,0.8768323130883113
JAX111419015,JAX,CJF_1,CJF,1,R,R-JAX111419015,3,2,0.6252397143772905,0.8768323130883113
JAX111419015,JAX,CJF_1,CJF,1,R,R-JAX111419015,3,3,0.7445603157869317,0.8768323130883113
JAX111419015,JAX,CJF_2,CJF,2,R,R-JAX111419015,3,1,0.40471307812818014,0.82732969013464
JAX111419015,JAX,CJF_2,CJF,2,R,R-JAX111419015,3,2,0.5646651409434913,0.82732969013464
JAX111419015,JAX,CJF_2,CJF,2,R,R-JAX111419015,3,3,0.7101598418877832,0.82732969013464
JAX111419015,JAX,JRS_1,JRS,1,R,R-JAX111419015,3,1,0.3986566272629935,0.8228135412338647
JAX111419015,JAX,JRS_1,JRS,1,R,R-JAX111419015,3,2,0.5683193928513416,0.8228135412338647
JAX111419015,JAX,JRS_1,JRS,1,R,R-JAX111419015,3,3,0.7105040993488511,0.8228135412338647
JAX111419015,JAX,LEL_1,LEL,1,R,R-JAX111419015,3,1,0.42319891643352014,0.8127182461192177
JAX111419015,JAX,LEL_1,LEL,1,R,R-JAX111419015,3,2,0.5769611388844523,0.8127182461192177
JAX111419015,JAX,LEL_1,LEL,1,R,R-JAX111419015,3,3,0.7155898127212179,0.8127182461192177
JAX111419015,JAX,LSR_1,LSR,1,R,R-JAX111419015,3,1,0.23183265722903001,0.5291039441634521
JAX111419015,JAX,LSR_1,LSR,1,R,R-JAX111419015,3,2,0.35483265678599135,0.5291039441634521
JAX111419015,JAX,LSR_1,LSR,1,R,R-JAX111419015,3,3,0.4788712318048073,0.5291039441634521
JAX111419015,JAX,MJS_1,MJS,1,R,R-JAX111419015,3,1,0.40430012462945514,0.8207197120177123
JAX111419015,JAX,MJS_1,MJS,1,R,R-JAX111419015,3,2,0.5752334591598895,0.8207197120177123
JAX111419015,JAX,MJS_1,MJS,1,R,R-JAX111419015,3,3,0.7344284606888212,0.8207197120177123
JAX111419016,JAX,CJF_1,CJF,1,R,R-JAX111419016,4,1,0.4399820226459589,0.9639239482018983
JAX111419016,JAX,CJF_1,CJF,1,R,R-JAX111419016,4,2,0.6420116769038846,0.9639239482018983
JAX111419016,JAX,CJF_1,CJF,1,R,R-JAX111419016,4,3,0.7766630539242362,0.9639239482018983
JAX111419016,JAX,CJF_1,CJF,1,R,R-JAX111419016,4,4,0.8679547480969505,0.9639239482018983
JAX111419016,JAX,CJF_2,CJF,2,R,R-JAX111419016,4,1,0.47534534434969783,0.9960175252764515
JAX111419016,JAX,CJF_2,CJF,2,R,R-JAX111419016,4,2,0.6719764502084229,0.9960175252764515
JAX111419016,JAX,CJF_2,CJF,2,R,R-JAX111419016,4,3,0.807863129586088,0.9960175252764515
JAX111419016,JAX,CJF_2,CJF,2,R,R-JAX111419016,4,4,0.8983760572099463,0.9960175252764515
JAX111419016,JAX,JRS_1,JRS,1,R,R-JAX111419016,4,1,0.47927000188382707,1.004776553557503
JAX111419016,JAX,JRS_1,JRS,1,R,R-JAX111419016,4,2,0.6850840493984701,1.004776553557503
JAX111419016,JAX,JRS_1,JRS,1,R,R-JAX111419016,4,3,0.8147743605942055,1.004776553557503
JAX111419016,JAX,JRS_1,JRS,1,R,R-JAX111419016,4,4,0.918971973910048,1.004776553557503
JAX111419016,JAX,LEL_1,LEL,1,R,R-JAX111419016,4,1,0.5014107800742693,1.0196194060991344
JAX111419016,JAX,LEL_1,LEL,1,R,R-JAX111419016,4,2,0.695328727255079,1.0196194060991344
JAX111419016,JAX,LEL_1,LEL,1,R,R-JAX111419016,4,3,0.8253375912616195,1.0196194060991344
JAX111419016,JAX,LEL_1,LEL,1,R,R-JAX111419016,4,4,0.9166341410197847,1.0196194060991344
JAX111419016,JAX,LSR_1,LSR,1,R,R-JAX111419016,4,1,0.26298238827628356,0.5736670699282584
JAX111419016,JAX,LSR_1,LSR,1,R,R-JAX111419016,4,2,0.37864304962021644,0.5736670699282584
JAX111419016,JAX,LSR_1,LSR,1,R,R-JAX111419016,4,3,0.466436102194855,0.5736670699282584
JAX111419016,JAX,LSR_1,LSR,1,R,R-JAX111419016,4,4,0.5254193369300452,0.5736670699282584
JAX111419016,JAX,MJS_1,MJS,1,R,R-JAX111419016,4,1,0.4527612648128973,0.9698873129579224
JAX111419016,JAX,MJS_1,MJS,1,R,R-JAX111419016,4,2,0.6349579667467885,0.9698873129579224
JAX111419016,JAX,MJS_1,MJS,1,R,R-JAX111419016,4,3,0.7635902853117276,0.9698873129579224
JAX111419016,JAX,MJS_1,MJS,1,R,R-JAX111419016,4,4,0.8654039441549455,0.9698873129579224
JAX111419017,JAX,CJF_1,CJF,1,R,R-JAX111419017,4,1,0.3961113458904477,0.8992350428126245
JAX111419017,JAX,CJF_1,CJF,1,R,R-JAX111419017,4,2,0.5794965489238579,0.8992350428126245
JAX111419017,JAX,CJF_1,CJF,1,R,R-JAX111419017,4,3,0.7158498397792147,0.8992350428126245
JAX111419017,JAX,CJF_1,CJF,1,R,R-JAX111419017,4,4,0.8065191497770213,0.8992350428126245
JAX111419017,JAX,CJF_2,CJF,2,R,R-JAX111419017,4,1,0.4107364895851101,0.9093243662357111
JAX111419017,JAX,CJF_2,CJF,2,R,R-JAX111419017,4,2,0.5934063066856352,0.9093243662357111
JAX111419017,JAX,CJF_2,CJF,2,R,R-JAX111419017,4,3,0.7147883608705556,0.9093243662357111
JAX111419017,JAX,CJF_2,CJF,2,R,R-JAX111419017,4,4,0.8026397479360451,0.9093243662357111
JAX111419017,JAX,JRS_1,JRS,1,R,R-JAX111419017,3,1,0.5849179983058175,0.8754112989848362
JAX111419017,JAX,JRS_1,JRS,1,R,R-JAX111419017,3,2,0.7001218816756625,0.8754112989848362
JAX111419017,JAX,JRS_1,JRS,1,R,R-JAX111419017,3,3,0.7849891691858869,0.8754112989848362
JAX111419017,JAX,LEL_1,LEL,1,R,R-JAX111419017,4,1,0.3964305926367216,0.8768746898716764
JAX111419017,JAX,LEL_1,LEL,1,R,R-JAX111419017,4,2,0.5898812765832535,0.8768746898716764
JAX111419017,JAX,LEL_1,LEL,1,R,R-JAX111419017,4,3,0.6960986169992374,0.8768746898716764
JAX111419017,JAX,LEL_1,LEL,1,R,R-JAX111419017,4,4,0.7896599594915975,0.8768746898716764
JAX111419017,JAX,LSR_1,LSR,1,R,R-JAX111419017,3,1,0.5443909298399842,0.8428887582938397
JAX111419017,JAX,LSR_1,LSR,1,R,R-JAX111419017,3,2,0.6721919649009996,0.8428887582938397
JAX111419017,JAX,LSR_1,LSR,1,R,R-JAX111419017,3,3,0.7642910979289889,0.8428887582938397
JAX111419017,JAX,MJS_1,MJS,1,R,R-JAX111419017,3,1,0.5941967321369667,0.8950291830045706
JAX111419017,JAX,MJS_1,MJS,1,R,R-JAX111419017,3,2,0.7069211650899027,0.8950291830045706
JAX111419017,JAX,MJS_1,MJS,1,R,R-JAX111419017,3,3,0.7962386182990315,0.8950291830045706
JAX111419018,JAX,CJF_1,CJF,1,R,R-JAX111419018,4,1,0.4113882513875705,0.8708840621277808
JAX111419018,JAX,CJF_1,CJF,1,R,R-JAX111419018,4,2,0.6037041239272948,0.8708840621277808
JAX111419018,JAX,CJF_1,CJF,1,R,R-JAX111419018,4,3,0.7554487926556122,0.8708840621277808
JAX111419018,JAX,CJF_1,CJF,1,R,R-JAX111419018,4,4,0.8251361347944393,0.8708840621277808
JAX111419018,JAX,CJF_2,CJF,2,R,R-JAX111419018,3,1,0.35811330630526406,0.6520541108555129
JAX111419018,JAX,CJF_2,CJF,2,R,R-JAX111419018,3,2,0.4650711670818484,0.6520541108555129
JAX111419018,JAX,CJF_2,CJF,2,R,R-JAX111419018,3,3,0.5878926826551685,0.6520541108555129
JAX111419018,JAX,JRS_1,JRS,1,R,R-JAX111419018,3,1,0.4088764908215558,0.8264276906790429
JAX111419018,JAX,JRS_1,JRS,1,R,R-JAX111419018,3,2,0.566979618630661,0.8264276906790429
JAX111419018,JAX,JRS_1,JRS,1,R,R-JAX111419018,3,3,0.7086067750544701,0.8264276906790429
JAX111419018,JAX,LEL_1,LEL,1,R,R-JAX111419018,3,1,0.4019525827567546,0.8368570244251232
JAX111419018,JAX,LEL_1,LEL,1,R,R-JAX111419018,3,2,0.6024435122593712,0.8368570244251232
JAX111419018,JAX,LEL_1,LEL,1,R,R-JAX111419018,3,3,0.741319596049761,0.8368570244251232
JAX111419018,JAX,LSR_1,LSR,1,R,R-JAX111419018,3,1,0.3507026773640035,0.6442097624579681
JAX111419018,JAX,LSR_1,LSR,1,R,R-JAX111419018,3,2,0.4696113361503428,0.6442097624579681
JAX111419018,JAX,LSR_1,LSR,1,R,R-JAX111419018,3,3,0.5752738867841706,0.6442097624579681
JAX111419018,JAX,MJS_1,MJS,1,R,R-JAX111419018,3,1,0.4024931103477121,0.8568723166494326
JAX111419018,JAX,MJS_1,MJS,1,R,R-JAX111419018,3,2,0.6164794350224703,0.8568723166494326
JAX111419018,JAX,MJS_1,MJS,1,R,R-JAX111419018,3,3,0.765328347861603,0.8568723166494326
JAX111419019,JAX,CJF_1,CJF,1,R,R-JAX111419019,3,1,0.38525429087417046,0.746407893467772
JAX111419019,JAX,CJF_1,CJF,1,R,R-JAX111419019,3,2,0.5202457480227729,0.746407893467772
JAX111419019,JAX,CJF_1,CJF,1,R,R-JAX111419019,3,3,0.640981141911102,0.746407893467772
JAX111419019,JAX,CJF_2,CJF,2,R,R-JAX111419019,3,1,0.3531670638380428,0.7200308391314238
JAX111419019,JAX,CJF_2,CJF,2,R,R-JAX111419019,3,2,0.485886437148373,0.7200308391314238
JAX111419019,JAX,CJF_2,CJF,2,R,R-JAX111419019,3,3,0.603608791761054,0.7200308391314238
JAX111419019,JAX,JRS_1,JRS,1,R,R-JAX111419019,3,1,0.355548255292948,0.7022506458763382
JAX111419019,JAX,JRS_1,JRS,1,R,R-JAX111419019,3,2,0.4703766361355297,0.7022506458763382
JAX111419019,JAX,JRS_1,JRS,1,R,R-JAX111419019,3,3,0.5837345607786891,0.7022506458763382
JAX111419019,JAX,LEL_1,LEL,1,R,R-JAX111419019,3,1,0.3372646054807254,0.7040855976496739
JAX111419019,JAX,LEL_1,LEL,1,R,R-JAX111419019,3,2,0.4740226150609794,0.7040855976496739
JAX111419019,JAX,LEL_1,LEL,1,R,R-JAX111419019,3,3,0.5847827786382573,0.7040855976496739
JAX111419019,JAX,LSR_1,LSR,1,R,R-JAX111419019,3,1,0.23940198180031005,0.5062212849581682
JAX111419019,JAX,LSR_1,LSR,1,R,R-JAX111419019,3,2,0.32247206554234764,0.5062212849581682
JAX111419019,JAX,LSR_1,LSR,1,R,R-JAX111419019,3,3,0.41723644808809385,0.5062212849581682
JAX111419019,JAX,MJS_1,MJS,1,R,R-JAX111419019,3,1,0.39507686972038897,0.7471148898361902
JAX111419019,JAX,MJS_1,MJS,1,R,R-JAX111419019,3,2,0.5137001759610064,0.7471148898361902
JAX111419019,JAX,MJS_1,MJS,1,R,R-JAX111419019,3,3,0.636910311698187,0.7471148898361902
JAX111419020,JAX,CJF_1,CJF,1,R,R-JAX111419020,3,1,0.38765870537883845,0.7996268870950038
JAX111419020,JAX,CJF_1,CJF,1,R,R-JAX111419020,3,2,0.5292888924349236,0.7996268870950038
JAX111419020,JAX,CJF_1,CJF,1,R,R-JAX111419020,3,3,0.68146084218267,0.7996268870950038
JAX111419020,JAX,CJF_2,CJF,2,R,R-JAX111419020,3,1,0.4085022723991541,0.8225435130006535
JAX111419020,JAX,CJF_2,CJF,2,R,R-JAX111419020,3,2,0.546738548174642,0.8225435130006535
JAX111419020,JAX,CJF_2,CJF,2,R,R-JAX111419020,3,3,0.7230007048805338,0.8225435130006535
JAX111419020,JAX,JRS_1,JRS,1,R,R-JAX111419020,3,1,0.4306510954010729,0.8447351056996694
JAX111419020,JAX,JRS_1,JRS,1,R,R-JAX111419020,3,2,0.579895186958437,0.8447351056996694
JAX111419020,JAX,JRS_1,JRS,1,R,R-JAX111419020,3,3,0.7203767232047886,0.8447351056996694
JAX111419020,JAX,LEL_1,LEL,1,R,R-JAX111419020,3,1,0.4018321735710342,0.8112056200002766
JAX111419020,JAX,LEL_1,LEL,1,R,R-JAX111419020,3,2,0.5420896222829988,0.8112056200002766
JAX111419020,JAX,LEL_1,LEL,1,R,R-JAX111419020,3,3,0.7117772261341337,0.8112056200002766
JAX111419020,JAX,LSR_1,LSR,1,R,R-JAX111419020,3,1,0.272314197982378,0.5564190819763286
JAX111419020,JAX,LSR_1,LSR,1,R,R-JAX111419020,3,2,0.36871660236367154,0.5564190819763286
JAX111419020,JAX,LSR_1,LSR,1,R,R-JAX111419020,3,3,0.4847264693343799,0.5564190819763286
JAX111419020,JAX,MJS_1,MJS,1,R,R-JAX111419020,3,1,0.4454592670322771,0.8706917356953899
JAX111419020,JAX,MJS_1,MJS,1,R,R-JAX111419020,3,2,0.5915471532783693,0.8706917356953899
JAX111419020,JAX,MJS_1,MJS,1,R,R-JAX111419020,3,3,0.738945581250063,0.8706917356953899
JAX111419021,JAX,CJF_1,CJF,1,R,R-JAX111419021,3,1,0.35959809349327787,0.6940326998271497
JAX111419021,JAX,CJF_1,CJF,1,R,R-JAX111419021,3,2,0.5200133670741829,0.6940326998271497
JAX111419021,JAX,CJF_1,CJF,1,R,R-JAX111419021,3,3,0.6185824614380105,0.6940326998271497
JAX111419021,JAX,CJF_2,CJF,2,R,R-JAX111419021,3,1,0.38002284997877706,0.7027447426156173
JAX111419021,JAX,CJF_2,CJF,2,R,R-JAX111419021,3,2,0.5089124956138036,0.7027447426156173
JAX111419021,JAX,CJF_2,CJF,2,R,R-JAX111419021,3,3,0.6214187539410416,0.7027447426156173
JAX111419021,JAX,JRS_1,JRS,1,R,R-JAX111419021,3,1,0.40613484248003506,0.7382350984957411
JAX111419021,JAX,JRS_1,JRS,1,R,R-JAX111419021,3,2,0.5479127318764928,0.7382350984957411
JAX111419021,JAX,JRS_1,JRS,1,R,R-JAX111419021,3,3,0.6531197757994851,0.7382350984957411
JAX111419021,JAX,LEL_1,LEL,1,R,R-JAX111419021,3,1,0.4006547309453892,0.7256605325251293
JAX111419021,JAX,LEL_1,LEL,1,R,R-JAX111419021,3,2,0.550903446936402,0.7256605325251293
JAX111419021,JAX,LEL_1,LEL,1,R,R-JAX111419021,3,3,0.6465116234594225,0.7256605325251293
JAX111419021,JAX,LSR_1,LSR,1,R,R-JAX111419021,3,1,0.3732534315581089,0.6880165247859853
JAX111419021,JAX,LSR_1,LSR,1,R,R-JAX111419021,3,2,0.48329153025204064,0.6880165247859853
JAX111419021,JAX,LSR_1,LSR,1,R,R-JAX111419021,3,3,0.6107301257529568,0.6880165247859853
JAX111419021,JAX,MJS_1,MJS,1,R,R-JAX111419021,3,1,0.4149197112241007,0.7244742726385595
JAX111419021,JAX,MJS_1,MJS,1,R,R-JAX111419021,3,2,0.5477440459012435,0.7244742726385595
JAX111419021,JAX,MJS_1,MJS,1,R,R-JAX111419021,3,3,0.6494023874487683,0.7244742726385595
JAX111419022,JAX,CJF_1,CJF,1,R,R-JAX111419022,4,1,0.39582819890005916,0.8889088799990673
JAX111419022,JAX,CJF_1,CJF,1,R,R-JAX111419022,4,2,0.5839159781181262,0.8889088799990673
JAX111419022,JAX,CJF_1,CJF,1,R,R-JAX111419022,4,3,0.6934894628067944,0.8889088799990673
JAX111419022,JAX,CJF_1,CJF,1,R,R-JAX111419022,4,4,0.7935922477946457,0.8889088799990673
JAX111419022,JAX,CJF_2,CJF,2,R,R-JAX111419022,4,1,0.44844796125360087,0.9479452151363861
JAX111419022,JAX,CJF_2,CJF,2,R,R-JAX111419022,4,2,0.6303835342903354,0.9479452151363861
JAX111419022,JAX,CJF_2,CJF,2,R,R-JAX111419022,4,3,0.7581099297633749,0.9479452151363861
JAX111419022,JAX,CJF_2,CJF,2,R,R-JAX111419022,4,4,0.8581161305902317,0.9479452151363861
JAX111419022,JAX,JRS_1,JRS,1,R,R-JAX111419022,4,1,0.4218519373211976,0.9175733157370044
JAX111419022,JAX,JRS_1,JRS,1,R,R-JAX111419022,4,2,0.605500610991745,0.9175733157370044
JAX111419022,JAX,JRS_1,JRS,1,R,R-JAX111419022,4,3,0.7311259372774035,0.9175733157370044
JAX111419022,JAX,JRS_1,JRS,1,R,R-JAX111419022,4,4,0.8316814147877044,0.9175733157370044
JAX111419022,JAX,LEL_1,LEL,1,R,R-JAX111419022,4,1,0.09399533983119883,0.9534021380786967
JAX111419022,JAX,LEL_1,LEL,1,R,R-JAX111419022,4,2,0.1961496199814975,0.9534021380786967
JAX111419022,JAX,LEL_1,LEL,1,R,R-JAX111419022,4,3,0.33186903456243766,0.9534021380786967
JAX111419022,JAX,LEL_1,LEL,1,R,R-JAX111419022,4,4,0.4942878217330843,0.9534021380786967
JAX111419022,JAX,LSR_1,LSR,1,R,R-JAX111419022,4,1,0.2935162820792765,0.6329682299753598
JAX111419022,JAX,LSR_1,LSR,1,R,R-JAX111419022,4,2,0.3923724757101543,0.6329682299753598
JAX111419022,JAX,LSR_1,LSR,1,R,R-JAX111419022,4,3,0.4982135313382976,0.6329682299753598
JAX111419022,JAX,LSR_1,LSR,1,R,R-JAX111419022,4,4,0.5825587815191673,0.6329682299753598
JAX111419022,JAX,MJS_1,MJS,1,R,R-JAX111419022,4,1,0.42519373273302824,0.937715373430108
JAX111419022,JAX,MJS_1,MJS,1,R,R-JAX111419022,4,2,0.6130117025233622,0.937715373430108
JAX111419022,JAX,MJS_1,MJS,1,R,R-JAX111419022,4,3,0.7470368256814429,0.937715373430108
JAX111419022,JAX,MJS_1,MJS,1,R,R-JAX111419022,4,4,0.8438639496194985,0.937715373430108
JAX111419023,JAX,CJF_1,CJF,1,R,R-JAX111419023,4,1,0.4333125381389982,1.001364580438534
JAX111419023,JAX,CJF_1,CJF,1,R,R-JAX111419023,4,2,0.6494390729899444,1.001364580438534
JAX111419023,JAX,CJF_1,CJF,1,R,R-JAX111419023,4,3,0.7893399795806613,1.001364580438534
JAX111419023,JAX,CJF_1,CJF,1,R,R-JAX111419023,4,4,0.9091929805468867,1.001364580438534
JAX111419023,JAX,CJF_2,CJF,2,R,R-JAX111419023,4,1,0.44740776708898583,1.0120704826745033
JAX111419023,JAX,CJF_2,CJF,2,R,R-JAX111419023,4,2,0.649094924978479,1.0120704826745033
JAX111419023,JAX,CJF_2,CJF,2,R,R-JAX111419023,4,3,0.7947637424445695,1.0120704826745033
JAX111419023,JAX,CJF_2,CJF,2,R,R-JAX111419023,4,4,0.9088515420957213,1.0120704826745033
JAX111419023,JAX,JRS_1,JRS,1,R,R-JAX111419023,4,1,0.5291708483442723,1.079868691419012
JAX111419023,JAX,JRS_1,JRS,1,R,R-JAX111419023,4,2,0.7330444061658162,1.079868691419012
JAX111419023,JAX,JRS_1,JRS,1,R,R-JAX111419023,4,3,0.8574227182574342,1.079868691419012
JAX111419023,JAX,JRS_1,JRS,1,R,R-JAX111419023,4,4,0.9726556458452735,1.079868691419012
JAX111419023,JAX,LEL_1,LEL,1,R,R-JAX111419023,4,1,0.49175630598238834,1.049907620512802
JAX111419023,JAX,LEL_1,LEL,1,R,R-JAX111419023,4,2,0.7144435345184055,1.049907620512802
JAX111419023,JAX,LEL_1,LEL,1,R,R-JAX111419023,4,3,0.8598475844047936,1.049907620512802
JAX111419023,JAX,LEL_1,LEL,1,R,R-JAX111419023,4,4,0.9720541300171687,1.049907620512802
JAX111419023,JAX,LSR_1,LSR,1,R,R-JAX111419023,4,1,0.29047545614934545,0.6583134771102542
JAX111419023,JAX,LSR_1,LSR,1,R,R-JAX111419023,4,2,0.4114459231939088,0.6583134771102542
JAX111419023,JAX,LSR_1,LSR,1,R,R-JAX111419023,4,3,0.5261239748155899,0.6583134771102542
JAX111419023,JAX,LSR_1,LSR,1,R,R-JAX111419023,4,4,0.601096397334741,0.6583134771102542
JAX111419023,JAX,MJS_1,MJS,1,R,R-JAX111419023,4,1,0.47808566507229905,1.027971803797265
JAX111419023,JAX,MJS_1,MJS,1,R,R-JAX111419023,4,2,0.6779910358270098,1.027971803797265
JAX111419023,JAX,MJS_1,MJS,1,R,R-JAX111419023,4,3,0.8150149112267759,1.027971803797265
JAX111419023,JAX,MJS_1,MJS,1,R,R-JAX111419023,4,4,0.914089381707075,1.027971803797265
JAX111419024,JAX,CJF_1,CJF,1,R,R-JAX111419024,2,1,0.3833674227639446,0.7707342874281767
JAX111419024,JAX,CJF_1,CJF,1,R,R-JAX111419024,2,2,0.6066567655543869,0.7707342874281767
JAX111419024,JAX,CJF_2,CJF,2,R,R-JAX111419024,2,1,0.4254850181190148,0.8031521265146351
JAX111419024,JAX,CJF_2,CJF,2,R,R-JAX111419024,2,2,0.6460560535629142,0.8031521265146351
JAX111419024,JAX,JRS_1,JRS,1,R,R-JAX111419024,2,1,0.4478942152016344,0.8092082832749652
JAX111419024,JAX,JRS_1,JRS,1,R,R-JAX111419024,2,2,0.6581503601946185,0.8092082832749652
JAX111419024,JAX,LEL_1,LEL,1,R,R-JAX111419024,2,1,0.43231447434870895,0.798315044265095
JAX111419024,JAX,LEL_1,LEL,1,R,R-JAX111419024,2,2,0.6487976522519564,0.798315044265095
JAX111419024,JAX,LSR_1,LSR,1,R,R-JAX111419024,2,1,0.43376725462666005,0.8059614059987672
JAX111419024,JAX,LSR_1,LSR,1,R,R-JAX111419024,2,2,0.6475878093879632,0.8059614059987672
JAX111419024,JAX,MJS_1,MJS,1,R,R-JAX111419024,2,1,0.45957532343104635,0.8373471514955448
JAX111419024,JAX,MJS_1,MJS,1,R,R-JAX111419024,2,2,0.6918911560421104,0.8373471514955448
JAX111419025,JAX,CJF_1,CJF,1,R,R-JAX111419025,3,1,0.3885400368458118,0.8192889379602695
JAX111419025,JAX,CJF_1,CJF,1,R,R-JAX111419025,3,2,0.5571616701787951,0.8192889379602695
JAX111419025,JAX,CJF_1,CJF,1,R,R-JAX111419025,3,3,0.6999210946802559,0.8192889379602695
JAX111419025,JAX,CJF_2,CJF,2,R,R-JAX111419025,3,1,0.3694681619188266,0.8108585011837722
JAX111419025,JAX,CJF_2,CJF,2,R,R-JAX111419025,3,2,0.5628669866985165,0.8108585011837722
JAX111419025,JAX,CJF_2,CJF,2,R,R-JAX111419025,3,3,0.7104595524671973,0.8108585011837722
JAX111419025,JAX,JRS_1,JRS,1,R,R-JAX111419025,3,1,0.375398141035874,0.7950642189098177
JAX111419025,JAX,JRS_1,JRS,1,R,R-JAX111419025,3,2,0.5532226426602305,0.7950642189098177
JAX111419025,JAX,JRS_1,JRS,1,R,R-JAX111419025,3,3,0.6810290603256036,0.7950642189098177
JAX111419025,JAX,LEL_1,LEL,1,R,R-JAX111419025,3,1,0.1101095486862244,0.7989274746781467
JAX111419025,JAX,LEL_1,LEL,1,R,R-JAX111419025,3,2,0.25919074246025153,0.7989274746781467
JAX111419025,JAX,LEL_1,LEL,1,R,R-JAX111419025,3,3,0.41176242931120755,0.7989274746781467
JAX111419025,JAX,LSR_1,LSR,1,R,R-JAX111419025,3,1,0.3400104883865746,0.5891726547554431
JAX111419025,JAX,LSR_1,LSR,1,R,R-JAX111419025,3,2,0.4416887183692661,0.5891726547554431
JAX111419025,JAX,LSR_1,LSR,1,R,R-JAX111419025,3,3,0.5415455635098148,0.5891726547554431
JAX111419025,JAX,MJS_1,MJS,1,R,R-JAX111419025,3,1,0.4080972692307518,0.8403887816118495
JAX111419025,JAX,MJS_1,MJS,1,R,R-JAX111419025,3,2,0.5692098888300847,0.8403887816118495
JAX111419025,JAX,MJS_1,MJS,1,R,R-JAX111419025,3,3,0.7329803685456275,0.8403887816118495
JAX111419026,JAX,CJF_1,CJF,1,R,R-JAX111419026,1,1,0.48236211237689075,0.6893928608870423
JAX111419026,JAX,CJF_2,CJF,2,R,R-JAX111419026,1,1,0.468935848922706,0.7092365233940087
JAX111419026,JAX,JRS_1,JRS,1,R,R-JAX111419026,1,1,0.30899880591722645,0.47614481375720596
JAX111419026,JAX,LEL_1,LEL,1,R,R-JAX111419026,1,1,0.541980710830607,0.7405078533559322
JAX111419026,JAX,LSR_1,LSR,1,R,R-JAX111419026,3,1,0.18809035639131266,0.45392260211814167
JAX111419026,JAX,LSR_1,LSR,1,R,R-JAX111419026,3,2,0.2678738915523208,0.45392260211814167
JAX111419026,JAX,LSR_1,LSR,1,R,R-JAX111419026,3,3,0.370065734554081,0.45392260211814167
JAX111419026,JAX,MJS_1,MJS,1,R,R-JAX111419026,1,1,0.6157445836988509,0.734433009116038
JAX111419027,JAX,CJF_1,CJF,1,R,R-JAX111419027,1,1,0.4064913583862419,0.6046025778259807
JAX111419027,JAX,CJF_2,CJF,2,R,R-JAX111419027,1,1,0.42592347039121764,0.6191486003913101
JAX111419027,JAX,JRS_1,JRS,1,R,R-JAX111419027,2,1,0.22724394342887647,0.5106124762282456
JAX111419027,JAX,JRS_1,JRS,1,R,R-JAX111419027,2,2,0.3582013186266912,0.5106124762282456
JAX111419027,JAX,LEL_1,LEL,1,R,R-JAX111419027,2,1,0.2619316437646681,0.59228191096829
JAX111419027,JAX,LEL_1,LEL,1,R,R-JAX111419027,2,2,0.42239646536752073,0.59228191096829
JAX111419027,JAX,LSR_1,LSR,1,R,R-JAX111419027,2,1,0.2595820030744485,0.5297320042213771
JAX111419027,JAX,LSR_1,LSR,1,R,R-JAX111419027,2,2,0.3880853073675469,0.5297320042213771
JAX111419027,JAX,MJS_1,MJS,1,R,R-JAX111419027,0,NA,NA,0.6116160537278875
JAX111419028,JAX,CJF_1,CJF,1,R,R-JAX111419028,1,1,0.484351067121489,0.6727948243470068
JAX111419028,JAX,CJF_2,CJF,2,R,R-JAX111419028,1,1,0.5059440189343706,0.6812499200338855
JAX111419028,JAX,JRS_1,JRS,1,R,R-JAX111419028,1,1,0.4849767636390272,0.6592627521545037
JAX111419028,JAX,LEL_1,LEL,1,R,R-JAX111419028,2,1,0.36171058030959885,0.6910482612123239
JAX111419028,JAX,LEL_1,LEL,1,R,R-JAX111419028,2,2,0.5152562971268915,0.6910482612123239
JAX111419028,JAX,LSR_1,LSR,1,R,R-JAX111419028,2,1,0.18206702139249448,0.4272282826393501
JAX111419028,JAX,LSR_1,LSR,1,R,R-JAX111419028,2,2,0.34230160033594925,0.4272282826393501
JAX111419028,JAX,MJS_1,MJS,1,R,R-JAX111419028,1,1,0.505248254982842,0.6830742658881639
JAX111419029,JAX,CJF_1,CJF,1,R,R-JAX111419029,1,1,0.4723042532706769,0.6584677714595825
JAX111419029,JAX,CJF_2,CJF,2,R,R-JAX111419029,1,1,0.530589591466131,0.6858707905567059
JAX111419029,JAX,JRS_1,JRS,1,R,R-JAX111419029,1,1,0.4960073320524689,0.6725969487134278
JAX111419029,JAX,LEL_1,LEL,1,R,R-JAX111419029,2,1,0.2826467931432598,0.6348539860897832
JAX111419029,JAX,LEL_1,LEL,1,R,R-JAX111419029,2,2,0.47711379866138426,0.6348539860897832
JAX111419029,JAX,LSR_1,LSR,1,R,R-JAX111419029,1,1,0.35450218115083765,0.4429839070483287
JAX111419029,JAX,MJS_1,MJS,1,R,R-JAX111419029,1,1,0.4816701291326698,0.6497443692308278
JAX111419030,JAX,CJF_1,CJF,1,R,R-JAX111419030,1,1,0.5171818882735654,0.7407734472473259
JAX111419030,JAX,CJF_2,CJF,2,R,R-JAX111419030,1,1,0.5048453529684255,0.7282521456733699
JAX111419030,JAX,JRS_1,JRS,1,R,R-JAX111419030,1,1,0.5621768392474475,0.7843388402704148
JAX111419030,JAX,LEL_1,LEL,1,R,R-JAX111419030,2,1,0.3866728832347075,0.7881051868903453
JAX111419030,JAX,LEL_1,LEL,1,R,R-JAX111419030,2,2,0.5653680970200953,0.7881051868903453
JAX111419030,JAX,LSR_1,LSR,1,R,R-JAX111419030,1,1,0.3403598253648241,0.45930625403875514
JAX111419030,JAX,MJS_1,MJS,1,R,R-JAX111419030,1,1,0.557480575052102,0.7920150160595395
JAX111419031,JAX,CJF_1,CJF,1,R,R-JAX111419031,0,NA,NA,0.5016203365436749
JAX111419031,JAX,CJF_2,CJF,2,R,R-JAX111419031,0,NA,NA,0.48436487926377264
JAX111419031,JAX,JRS_1,JRS,1,R,R-JAX111419031,0,NA,NA,0.5196626862196164
JAX111419031,JAX,LEL_1,LEL,1,R,R-JAX111419031,1,1,0.35211497285440785,0.5416668597588233
JAX111419031,JAX,LSR_1,LSR,1,R,R-JAX111419031,0,NA,NA,0.2298603127465448
JAX111419031,JAX,MJS_1,MJS,1,R,R-JAX111419031,0,NA,NA,0.3472533341302948
JAX111419032,JAX,CJF_1,CJF,1,R,R-JAX111419032,4,1,0.28564258463725034,0.6125172434304664
JAX111419032,JAX,CJF_1,CJF,1,R,R-JAX111419032,4,2,0.3802704051938819,0.6125172434304664
JAX111419032,JAX,CJF_1,CJF,1,R,R-JAX111419032,4,3,0.45173322031790797,0.6125172434304664
JAX111419032,JAX,CJF_1,CJF,1,R,R-JAX111419032,4,4,0.538877953621345,0.6125172434304664
JAX111419032,JAX,CJF_2,CJF,2,R,R-JAX111419032,4,1,0.4854435114410489,1.0795802530250191
JAX111419032,JAX,CJF_2,CJF,2,R,R-JAX111419032,4,2,0.7018454652838789,1.0795802530250191
JAX111419032,JAX,CJF_2,CJF,2,R,R-JAX111419032,4,3,0.8593037732469381,1.0795802530250191
JAX111419032,JAX,CJF_2,CJF,2,R,R-JAX111419032,4,4,0.9708870228820974,1.0795802530250191
JAX111419032,JAX,JRS_1,JRS,1,R,R-JAX111419032,3,1,0.4645750904511958,1.071959636105974
JAX111419032,JAX,JRS_1,JRS,1,R,R-JAX111419032,3,2,0.7023892856758767,1.071959636105974
JAX111419032,JAX,JRS_1,JRS,1,R,R-JAX111419032,3,3,0.854059260865706,1.071959636105974
JAX111419032,JAX,LEL_1,LEL,1,R,R-JAX111419032,4,1,0.4710225900421722,1.0892451205058726
JAX111419032,JAX,LEL_1,LEL,1,R,R-JAX111419032,4,2,0.7153796664596302,1.0892451205058726
JAX111419032,JAX,LEL_1,LEL,1,R,R-JAX111419032,4,3,0.876033457965727,1.0892451205058726
JAX111419032,JAX,LEL_1,LEL,1,R,R-JAX111419032,4,4,0.9773766001211484,1.0892451205058726
JAX111419032,JAX,LSR_1,LSR,1,R,R-JAX111419032,4,1,0.30507656534406,0.6422975070303605
JAX111419032,JAX,LSR_1,LSR,1,R,R-JAX111419032,4,2,0.4315288693844642,0.6422975070303605
JAX111419032,JAX,LSR_1,LSR,1,R,R-JAX111419032,4,3,0.5079788102258314,0.6422975070303605
JAX111419032,JAX,LSR_1,LSR,1,R,R-JAX111419032,4,4,0.5740755579638264,0.6422975070303605
JAX111419032,JAX,MJS_1,MJS,1,R,R-JAX111419032,3,1,0.7493078894431804,1.123671868661187
JAX111419032,JAX,MJS_1,MJS,1,R,R-JAX111419032,3,2,0.8938680341252209,1.123671868661187
JAX111419032,JAX,MJS_1,MJS,1,R,R-JAX111419032,3,3,1.0338247192977104,1.123671868661187
JAX111419033,JAX,CJF_1,CJF,1,R,R-JAX111419033,2,1,0.5004595218757342,0.8388779436020569
JAX111419033,JAX,CJF_1,CJF,1,R,R-JAX111419033,2,2,0.7007831951028635,0.8388779436020569
JAX111419033,JAX,CJF_2,CJF,2,R,R-JAX111419033,2,1,0.44436815990307543,0.7903875734113318
JAX111419033,JAX,CJF_2,CJF,2,R,R-JAX111419033,2,2,0.6579091509966897,0.7903875734113318
JAX111419033,JAX,JRS_1,JRS,1,R,R-JAX111419033,2,1,0.44631702072076973,0.766710215772774
JAX111419033,JAX,JRS_1,JRS,1,R,R-JAX111419033,2,2,0.6481324266607519,0.766710215772774
JAX111419033,JAX,LEL_1,LEL,1,R,R-JAX111419033,2,1,0.2879852900477736,0.6254169190117469
JAX111419033,JAX,LEL_1,LEL,1,R,R-JAX111419033,2,2,0.49192073557498545,0.6254169190117469
JAX111419033,JAX,LSR_1,LSR,1,R,R-JAX111419033,2,1,0.2730175353854782,0.4738304613703609
JAX111419033,JAX,LSR_1,LSR,1,R,R-JAX111419033,2,2,0.37192529609271446,0.4738304613703609
JAX111419033,JAX,MJS_1,MJS,1,R,R-JAX111419033,2,1,0.45408174739560947,0.8068938082412449
JAX111419033,JAX,MJS_1,MJS,1,R,R-JAX111419033,2,2,0.6738400664528739,0.8068938082412449
JAX111419034,JAX,CJF_1,CJF,1,R,R-JAX111419034,4,1,0.3476339520162789,0.7686695658886122
JAX111419034,JAX,CJF_1,CJF,1,R,R-JAX111419034,4,2,0.5044373498715873,0.7686695658886122
JAX111419034,JAX,CJF_1,CJF,1,R,R-JAX111419034,4,3,0.6165188929317695,0.7686695658886122
JAX111419034,JAX,CJF_1,CJF,1,R,R-JAX111419034,4,4,0.6977679225683572,0.7686695658886122
JAX111419034,JAX,CJF_2,CJF,2,R,R-JAX111419034,4,1,0.346155226100682,0.7619151335416887
JAX111419034,JAX,CJF_2,CJF,2,R,R-JAX111419034,4,2,0.5196573540244275,0.7619151335416887
JAX111419034,JAX,CJF_2,CJF,2,R,R-JAX111419034,4,3,0.614896745717139,0.7619151335416887
JAX111419034,JAX,CJF_2,CJF,2,R,R-JAX111419034,4,4,0.7024964454783703,0.7619151335416887
JAX111419034,JAX,JRS_1,JRS,1,R,R-JAX111419034,4,1,0.2616672595000473,0.6687043536634544
JAX111419034,JAX,JRS_1,JRS,1,R,R-JAX111419034,4,2,0.42037481193238424,0.6687043536634544
JAX111419034,JAX,JRS_1,JRS,1,R,R-JAX111419034,4,3,0.5201320653401418,0.6687043536634544
JAX111419034,JAX,JRS_1,JRS,1,R,R-JAX111419034,4,4,0.5905510109741442,0.6687043536634544
JAX111419034,JAX,LEL_1,LEL,1,R,R-JAX111419034,4,1,0.36539597566995125,0.7798217029685122
JAX111419034,JAX,LEL_1,LEL,1,R,R-JAX111419034,4,2,0.5500488918343989,0.7798217029685122
JAX111419034,JAX,LEL_1,LEL,1,R,R-JAX111419034,4,3,0.6415337594950367,0.7798217029685122
JAX111419034,JAX,LEL_1,LEL,1,R,R-JAX111419034,4,4,0.7164502983507979,0.7798217029685122
JAX111419034,JAX,LSR_1,LSR,1,R,R-JAX111419034,4,1,0.2758072854569703,0.6442002675230395
JAX111419034,JAX,LSR_1,LSR,1,R,R-JAX111419034,4,2,0.4153783565030838,0.6442002675230395
JAX111419034,JAX,LSR_1,LSR,1,R,R-JAX111419034,4,3,0.5305968802410702,0.6442002675230395
JAX111419034,JAX,LSR_1,LSR,1,R,R-JAX111419034,4,4,0.5841264674807313,0.6442002675230395
JAX111419034,JAX,MJS_1,MJS,1,R,R-JAX111419034,4,1,0.43611068773757117,0.8679933713694222
JAX111419034,JAX,MJS_1,MJS,1,R,R-JAX111419034,4,2,0.6229164057380663,0.8679933713694222
JAX111419034,JAX,MJS_1,MJS,1,R,R-JAX111419034,4,3,0.726253001131037,0.8679933713694222
JAX111419034,JAX,MJS_1,MJS,1,R,R-JAX111419034,4,4,0.8082737070484406,0.8679933713694222
JAX111419035,JAX,CJF_1,CJF,1,R,R-JAX111419035,5,1,0.3482180605032858,0.8088036225291126
JAX111419035,JAX,CJF_1,CJF,1,R,R-JAX111419035,5,2,0.5058745556802442,0.8088036225291126
JAX111419035,JAX,CJF_1,CJF,1,R,R-JAX111419035,5,3,0.5861492596342504,0.8088036225291126
JAX111419035,JAX,CJF_1,CJF,1,R,R-JAX111419035,5,4,0.6527289624811533,0.8088036225291126
JAX111419035,JAX,CJF_1,CJF,1,R,R-JAX111419035,5,5,0.7256360058440527,0.8088036225291126
JAX111419035,JAX,CJF_2,CJF,2,R,R-JAX111419035,5,1,0.3730182232363738,0.8498077280189993
JAX111419035,JAX,CJF_2,CJF,2,R,R-JAX111419035,5,2,0.541799660664666,0.8498077280189993
JAX111419035,JAX,CJF_2,CJF,2,R,R-JAX111419035,5,3,0.6292504682470392,0.8498077280189993
JAX111419035,JAX,CJF_2,CJF,2,R,R-JAX111419035,5,4,0.7032473054321242,0.8498077280189993
JAX111419035,JAX,CJF_2,CJF,2,R,R-JAX111419035,5,5,0.7911951020472295,0.8498077280189993
JAX111419035,JAX,JRS_1,JRS,1,R,R-JAX111419035,5,1,0.31257949416403785,0.7436382923278655
JAX111419035,JAX,JRS_1,JRS,1,R,R-JAX111419035,5,2,0.46060930112785425,0.7436382923278655
JAX111419035,JAX,JRS_1,JRS,1,R,R-JAX111419035,5,3,0.5471916236836257,0.7436382923278655
JAX111419035,JAX,JRS_1,JRS,1,R,R-JAX111419035,5,4,0.6146912158017229,0.7436382923278655
JAX111419035,JAX,JRS_1,JRS,1,R,R-JAX111419035,5,5,0.6873165083223578,0.7436382923278655
JAX111419035,JAX,LEL_1,LEL,1,R,R-JAX111419035,5,1,0.3575927279885205,0.769271798450947
JAX111419035,JAX,LEL_1,LEL,1,R,R-JAX111419035,5,2,0.4810335171779706,0.769271798450947
JAX111419035,JAX,LEL_1,LEL,1,R,R-JAX111419035,5,3,0.5841665890729518,0.769271798450947
JAX111419035,JAX,LEL_1,LEL,1,R,R-JAX111419035,5,4,0.6393088595983872,0.769271798450947
JAX111419035,JAX,LEL_1,LEL,1,R,R-JAX111419035,5,5,0.71120177097574,0.769271798450947
JAX111419035,JAX,LSR_1,LSR,1,R,R-JAX111419035,5,1,0.3325600647277625,0.7748388442260599
JAX111419035,JAX,LSR_1,LSR,1,R,R-JAX111419035,5,2,0.4795443082282269,0.7748388442260599
JAX111419035,JAX,LSR_1,LSR,1,R,R-JAX111419035,5,3,0.5729952433403275,0.7748388442260599
JAX111419035,JAX,LSR_1,LSR,1,R,R-JAX111419035,5,4,0.6346624415579093,0.7748388442260599
JAX111419035,JAX,LSR_1,LSR,1,R,R-JAX111419035,5,5,0.7118455970115747,0.7748388442260599
JAX111419035,JAX,MJS_1,MJS,1,R,R-JAX111419035,5,1,0.2701923247223325,0.7214955827020493
JAX111419035,JAX,MJS_1,MJS,1,R,R-JAX111419035,5,2,0.4226624921992087,0.7214955827020493
JAX111419035,JAX,MJS_1,MJS,1,R,R-JAX111419035,5,3,0.528801979367525,0.7214955827020493
JAX111419035,JAX,MJS_1,MJS,1,R,R-JAX111419035,5,4,0.5887791362387793,0.7214955827020493
JAX111419035,JAX,MJS_1,MJS,1,R,R-JAX111419035,5,5,0.6534315499000776,0.7214955827020493
JAX111419036,JAX,CJF_1,CJF,1,R,R-JAX111419036,3,1,0.41488646526382217,0.7490736767327737
JAX111419036,JAX,CJF_1,CJF,1,R,R-JAX111419036,3,2,0.5361912553371828,0.7490736767327737
JAX111419036,JAX,CJF_1,CJF,1,R,R-JAX111419036,3,3,0.6380818549316243,0.7490736767327737
JAX111419036,JAX,CJF_2,CJF,2,R,R-JAX111419036,3,1,0.34166794890360724,0.6172627367348676
JAX111419036,JAX,CJF_2,CJF,2,R,R-JAX111419036,3,2,0.43392789600915777,0.6172627367348676
JAX111419036,JAX,CJF_2,CJF,2,R,R-JAX111419036,3,3,0.5553813982920381,0.6172627367348676
JAX111419036,JAX,JRS_1,JRS,1,R,R-JAX111419036,2,1,0.49410535519451204,0.7622553388060989
JAX111419036,JAX,JRS_1,JRS,1,R,R-JAX111419036,2,2,0.665972969227798,0.7622553388060989
JAX111419036,JAX,LEL_1,LEL,1,R,R-JAX111419036,3,1,0.311061640394574,0.616394821640369
JAX111419036,JAX,LEL_1,LEL,1,R,R-JAX111419036,3,2,0.435551482235286,0.616394821640369
JAX111419036,JAX,LEL_1,LEL,1,R,R-JAX111419036,3,3,0.5482117860441964,0.616394821640369
JAX111419036,JAX,LSR_1,LSR,1,R,R-JAX111419036,4,1,0.22029419573074702,0.5915786628629522
JAX111419036,JAX,LSR_1,LSR,1,R,R-JAX111419036,4,2,0.3266832966914329,0.5915786628629522
JAX111419036,JAX,LSR_1,LSR,1,R,R-JAX111419036,4,3,0.4025650496030866,0.5915786628629522
JAX111419036,JAX,LSR_1,LSR,1,R,R-JAX111419036,4,4,0.5366984225357275,0.5915786628629522
JAX111419036,JAX,MJS_1,MJS,1,R,R-JAX111419036,2,1,0.5747323505961578,0.765945997178427
JAX111419036,JAX,MJS_1,MJS,1,R,R-JAX111419036,2,2,0.6717186865163951,0.765945997178427
JAX111419037,JAX,CJF_1,CJF,1,R,R-JAX111419037,3,1,0.32911207408261933,0.6900082443501042
JAX111419037,JAX,CJF_1,CJF,1,R,R-JAX111419037,3,2,0.4499850665420399,0.6900082443501042
JAX111419037,JAX,CJF_1,CJF,1,R,R-JAX111419037,3,3,0.5862026216200368,0.6900082443501042
JAX111419037,JAX,CJF_2,CJF,2,R,R-JAX111419037,3,1,0.3098554164665389,0.6575141390130302
JAX111419037,JAX,CJF_2,CJF,2,R,R-JAX111419037,3,2,0.42215702023502494,0.6575141390130302
JAX111419037,JAX,CJF_2,CJF,2,R,R-JAX111419037,3,3,0.5528061198078018,0.6575141390130302
JAX111419037,JAX,JRS_1,JRS,1,R,R-JAX111419037,3,1,0.3687075055916748,0.7339532724869376
JAX111419037,JAX,JRS_1,JRS,1,R,R-JAX111419037,3,2,0.5103989782535738,0.7339532724869376
JAX111419037,JAX,JRS_1,JRS,1,R,R-JAX111419037,3,3,0.6263913905476299,0.7339532724869376
JAX111419037,JAX,LEL_1,LEL,1,R,R-JAX111419037,3,1,0.3553281466361336,0.7066529045082148
JAX111419037,JAX,LEL_1,LEL,1,R,R-JAX111419037,3,2,0.5127540768591442,0.7066529045082148
JAX111419037,JAX,LEL_1,LEL,1,R,R-JAX111419037,3,3,0.6239577695075397,0.7066529045082148
JAX111419037,JAX,LSR_1,LSR,1,R,R-JAX111419037,3,1,0.3741935536295964,0.7149702637181187
JAX111419037,JAX,LSR_1,LSR,1,R,R-JAX111419037,3,2,0.4877095712911398,0.7149702637181187
JAX111419037,JAX,LSR_1,LSR,1,R,R-JAX111419037,3,3,0.6326857689368385,0.7149702637181187
JAX111419037,JAX,MJS_1,MJS,1,R,R-JAX111419037,3,1,0.3854875061696964,0.7689729035229429
JAX111419037,JAX,MJS_1,MJS,1,R,R-JAX111419037,3,2,0.5318526319851937,0.7689729035229429
JAX111419037,JAX,MJS_1,MJS,1,R,R-JAX111419037,3,3,0.6720635225847611,0.7689729035229429
JAX111419038,JAX,CJF_1,CJF,1,R,R-JAX111419038,3,1,0.40914462300255894,0.7906201776443078
JAX111419038,JAX,CJF_1,CJF,1,R,R-JAX111419038,3,2,0.5475547309866295,0.7906201776443078
JAX111419038,JAX,CJF_1,CJF,1,R,R-JAX111419038,3,3,0.6951371199766506,0.7906201776443078
JAX111419038,JAX,CJF_2,CJF,2,R,R-JAX111419038,3,1,0.40718499535033303,0.7943326196215472
JAX111419038,JAX,CJF_2,CJF,2,R,R-JAX111419038,3,2,0.5714189732215823,0.7943326196215472
JAX111419038,JAX,CJF_2,CJF,2,R,R-JAX111419038,3,3,0.6915224247337541,0.7943326196215472
JAX111419038,JAX,JRS_1,JRS,1,R,R-JAX111419038,3,1,0.4411213742492093,0.8114791443036595
JAX111419038,JAX,JRS_1,JRS,1,R,R-JAX111419038,3,2,0.5924074918699415,0.8114791443036595
JAX111419038,JAX,JRS_1,JRS,1,R,R-JAX111419038,3,3,0.7164098826120194,0.8114791443036595
JAX111419038,JAX,LEL_1,LEL,1,R,R-JAX111419038,3,1,0.4144148394472554,0.803660022606418
JAX111419038,JAX,LEL_1,LEL,1,R,R-JAX111419038,3,2,0.579033929065542,0.803660022606418
JAX111419038,JAX,LEL_1,LEL,1,R,R-JAX111419038,3,3,0.7075321775368759,0.803660022606418
JAX111419038,JAX,LSR_1,LSR,1,R,R-JAX111419038,3,1,0.41883715451269565,0.7826633909102139
JAX111419038,JAX,LSR_1,LSR,1,R,R-JAX111419038,3,2,0.5757537254785013,0.7826633909102139
JAX111419038,JAX,LSR_1,LSR,1,R,R-JAX111419038,3,3,0.709315500089978,0.7826633909102139
JAX111419038,JAX,MJS_1,MJS,1,R,R-JAX111419038,3,1,0.40116563248230624,0.7871775309753054
JAX111419038,JAX,MJS_1,MJS,1,R,R-JAX111419038,3,2,0.5508406252479398,0.7871775309753054
JAX111419038,JAX,MJS_1,MJS,1,R,R-JAX111419038,3,3,0.6816371897693788,0.7871775309753054
JAX111419039,JAX,CJF_1,CJF,1,R,R-JAX111419039,4,1,0.38455725260184737,0.9832029129023837
JAX111419039,JAX,CJF_1,CJF,1,R,R-JAX111419039,4,2,0.5996651483590438,0.9832029129023837
JAX111419039,JAX,CJF_1,CJF,1,R,R-JAX111419039,4,3,0.7424021778173461,0.9832029129023837
JAX111419039,JAX,CJF_1,CJF,1,R,R-JAX111419039,4,4,0.8579171358600468,0.9832029129023837
JAX111419039,JAX,CJF_2,CJF,2,R,R-JAX111419039,4,1,0.40839986004705164,1.0004370963641476
JAX111419039,JAX,CJF_2,CJF,2,R,R-JAX111419039,4,2,0.6209157268679297,1.0004370963641476
JAX111419039,JAX,CJF_2,CJF,2,R,R-JAX111419039,4,3,0.7639205561530075,1.0004370963641476
JAX111419039,JAX,CJF_2,CJF,2,R,R-JAX111419039,4,4,0.8847669119967126,1.0004370963641476
JAX111419039,JAX,JRS_1,JRS,1,R,R-JAX111419039,4,1,0.40581425092746753,0.9860636776737278
JAX111419039,JAX,JRS_1,JRS,1,R,R-JAX111419039,4,2,0.6073668697366552,0.9860636776737278
JAX111419039,JAX,JRS_1,JRS,1,R,R-JAX111419039,4,3,0.748304681813428,0.9860636776737278
JAX111419039,JAX,JRS_1,JRS,1,R,R-JAX111419039,4,4,0.8770382790495509,0.9860636776737278
JAX111419039,JAX,LEL_1,LEL,1,R,R-JAX111419039,4,1,0.41514342306344765,1.0083006398497985
JAX111419039,JAX,LEL_1,LEL,1,R,R-JAX111419039,4,2,0.6138204718040543,1.0083006398497985
JAX111419039,JAX,LEL_1,LEL,1,R,R-JAX111419039,4,3,0.7644968087894584,1.0083006398497985
JAX111419039,JAX,LEL_1,LEL,1,R,R-JAX111419039,4,4,0.8778054062798903,1.0083006398497985
JAX111419039,JAX,LSR_1,LSR,1,R,R-JAX111419039,4,1,0.3801523799278557,0.9497125792151201
JAX111419039,JAX,LSR_1,LSR,1,R,R-JAX111419039,4,2,0.5761509531291761,0.9497125792151201
JAX111419039,JAX,LSR_1,LSR,1,R,R-JAX111419039,4,3,0.6708183458718787,0.9497125792151201
JAX111419039,JAX,LSR_1,LSR,1,R,R-JAX111419039,4,4,0.8454888147164151,0.9497125792151201
JAX111419039,JAX,MJS_1,MJS,1,R,R-JAX111419039,3,1,0.6060541463249636,0.9888870795018054
JAX111419039,JAX,MJS_1,MJS,1,R,R-JAX111419039,3,2,0.7524628875563248,0.9888870795018054
JAX111419039,JAX,MJS_1,MJS,1,R,R-JAX111419039,3,3,0.8672628779713903,0.9888870795018054
JAX111419040,JAX,CJF_1,CJF,1,R,R-JAX111419040,3,1,0.386313946396731,0.7970515127048625
JAX111419040,JAX,CJF_1,CJF,1,R,R-JAX111419040,3,2,0.579444580669973,0.7970515127048625
JAX111419040,JAX,CJF_1,CJF,1,R,R-JAX111419040,3,3,0.701984103028957,0.7970515127048625
JAX111419040,JAX,CJF_2,CJF,2,R,R-JAX111419040,3,1,0.42738256881157344,0.7995736828055366
JAX111419040,JAX,CJF_2,CJF,2,R,R-JAX111419040,3,2,0.577534197197854,0.7995736828055366
JAX111419040,JAX,CJF_2,CJF,2,R,R-JAX111419040,3,3,0.7017677240408071,0.7995736828055366
JAX111419040,JAX,JRS_1,JRS,1,R,R-JAX111419040,3,1,0.41954657972551396,0.8050795547109864
JAX111419040,JAX,JRS_1,JRS,1,R,R-JAX111419040,3,2,0.5830664436102991,0.8050795547109864
JAX111419040,JAX,JRS_1,JRS,1,R,R-JAX111419040,3,3,0.7009560283596799,0.8050795547109864
JAX111419040,JAX,LEL_1,LEL,1,R,R-JAX111419040,3,1,0.43697166948466715,0.8070049604859763
JAX111419040,JAX,LEL_1,LEL,1,R,R-JAX111419040,3,2,0.5925143869391282,0.8070049604859763
JAX111419040,JAX,LEL_1,LEL,1,R,R-JAX111419040,3,3,0.7373268964354677,0.8070049604859763
JAX111419040,JAX,LSR_1,LSR,1,R,R-JAX111419040,4,1,0.1959257630516842,0.6132227450216459
JAX111419040,JAX,LSR_1,LSR,1,R,R-JAX111419040,4,2,0.33951832671946625,0.6132227450216459
JAX111419040,JAX,LSR_1,LSR,1,R,R-JAX111419040,4,3,0.46754042442725774,0.6132227450216459
JAX111419040,JAX,LSR_1,LSR,1,R,R-JAX111419040,4,4,0.5722068231950602,0.6132227450216459
JAX111419040,JAX,MJS_1,MJS,1,R,R-JAX111419040,3,1,0.3681346734484618,0.7112351719073056
JAX111419040,JAX,MJS_1,MJS,1,R,R-JAX111419040,3,2,0.4979228636992046,0.7112351719073056
JAX111419040,JAX,MJS_1,MJS,1,R,R-JAX111419040,3,3,0.6195503713596184,0.7112351719073056
JAX111419041,JAX,CJF_1,CJF,1,R,R-JAX111419041,3,1,0.35183684840626517,0.7646536667864061
JAX111419041,JAX,CJF_1,CJF,1,R,R-JAX111419041,3,2,0.5108328102508904,0.7646536667864061
JAX111419041,JAX,CJF_1,CJF,1,R,R-JAX111419041,3,3,0.6516330866334837,0.7646536667864061
JAX111419041,JAX,CJF_2,CJF,2,R,R-JAX111419041,3,1,0.3760572657651485,0.7864475010163613
JAX111419041,JAX,CJF_2,CJF,2,R,R-JAX111419041,3,2,0.5372452375580541,0.7864475010163613
JAX111419041,JAX,CJF_2,CJF,2,R,R-JAX111419041,3,3,0.682522332092019,0.7864475010163613
JAX111419041,JAX,JRS_1,JRS,1,R,R-JAX111419041,3,1,0.3910906821327043,0.8176478315289561
JAX111419041,JAX,JRS_1,JRS,1,R,R-JAX111419041,3,2,0.5681206266420674,0.8176478315289561
JAX111419041,JAX,JRS_1,JRS,1,R,R-JAX111419041,3,3,0.693293106891655,0.8176478315289561
JAX111419041,JAX,LEL_1,LEL,1,R,R-JAX111419041,3,1,0.4323694435547669,0.85605894652309
JAX111419041,JAX,LEL_1,LEL,1,R,R-JAX111419041,3,2,0.6100216569485241,0.85605894652309
JAX111419041,JAX,LEL_1,LEL,1,R,R-JAX111419041,3,3,0.74341076465154865,0.85605894652309
JAX111419041,JAX,LSR_1,LSR,1,R,R-JAX111419041,3,1,0.42936061211737253,0.8363235906140849
JAX111419041,JAX,LSR_1,LSR,1,R,R-JAX111419041,3,2,0.6036044171311264,0.8363235906140849
JAX111419041,JAX,LSR_1,LSR,1,R,R-JAX111419041,3,3,0.7451093261018261,0.8363235906140849
JAX111419041,JAX,MJS_1,MJS,1,R,R-JAX111419041,3,1,0.3891372360072792,0.8080127075051711
JAX111419041,JAX,MJS_1,MJS,1,R,R-JAX111419041,3,2,0.5640236275135688,0.8080127075051711
JAX111419041,JAX,MJS_1,MJS,1,R,R-JAX111419041,3,3,0.7023722683139195,0.8080127075051711
JAX111419042,JAX,CJF_1,CJF,1,R,R-JAX111419042,5,1,0.36816929726803505,0.9537597578388695
JAX111419042,JAX,CJF_1,CJF,1,R,R-JAX111419042,5,2,0.5779512757940612,0.9537597578388695
JAX111419042,JAX,CJF_1,CJF,1,R,R-JAX111419042,5,3,0.6986515610447609,0.9537597578388695
JAX111419042,JAX,CJF_1,CJF,1,R,R-JAX111419042,5,4,0.7892682423263562,0.9537597578388695
JAX111419042,JAX,CJF_1,CJF,1,R,R-JAX111419042,5,5,0.8608405945478713,0.9537597578388695
JAX111419042,JAX,CJF_2,CJF,2,R,R-JAX111419042,5,1,0.4050495154441141,0.9816815460888458
JAX111419042,JAX,CJF_2,CJF,2,R,R-JAX111419042,5,2,0.6140883867652281,0.9816815460888458
JAX111419042,JAX,CJF_2,CJF,2,R,R-JAX111419042,5,3,0.732754404549018,0.9816815460888458
JAX111419042,JAX,CJF_2,CJF,2,R,R-JAX111419042,5,4,0.813464669776136,0.9816815460888458
JAX111419042,JAX,CJF_2,CJF,2,R,R-JAX111419042,5,5,0.9009062127790685,0.9816815460888458
JAX111419042,JAX,JRS_1,JRS,1,R,R-JAX111419042,5,1,0.4079486403957881,0.9930428279128976
JAX111419042,JAX,JRS_1,JRS,1,R,R-JAX111419042,5,2,0.6257314217210541,0.9930428279128976
JAX111419042,JAX,JRS_1,JRS,1,R,R-JAX111419042,5,3,0.7484522143592062,0.9930428279128976
JAX111419042,JAX,JRS_1,JRS,1,R,R-JAX111419042,5,4,0.8246208524314182,0.9930428279128976
JAX111419042,JAX,JRS_1,JRS,1,R,R-JAX111419042,5,5,0.9154698642017619,0.9930428279128976
JAX111419042,JAX,LEL_1,LEL,1,R,R-JAX111419042,5,1,0.4206016254799634,0.9870463520079682
JAX111419042,JAX,LEL_1,LEL,1,R,R-JAX111419042,5,2,0.6130973398327915,0.9870463520079682
JAX111419042,JAX,LEL_1,LEL,1,R,R-JAX111419042,5,3,0.7243290157856657,0.9870463520079682
JAX111419042,JAX,LEL_1,LEL,1,R,R-JAX111419042,5,4,0.8245182752080609,0.9870463520079682
JAX111419042,JAX,LEL_1,LEL,1,R,R-JAX111419042,5,5,0.9005177892700513,0.9870463520079682
JAX111419042,JAX,LSR_1,LSR,1,R,R-JAX111419042,6,1,0.24868473586391318,0.7110903316845217
JAX111419042,JAX,LSR_1,LSR,1,R,R-JAX111419042,6,2,0.3220594948867342,0.7110903316845217
JAX111419042,JAX,LSR_1,LSR,1,R,R-JAX111419042,6,3,0.44763316585870994,0.7110903316845217
JAX111419042,JAX,LSR_1,LSR,1,R,R-JAX111419042,6,4,0.5416899681318564,0.7110903316845217
JAX111419042,JAX,LSR_1,LSR,1,R,R-JAX111419042,6,5,0.611123916122949,0.7110903316845217
JAX111419042,JAX,LSR_1,LSR,1,R,R-JAX111419042,6,6,0.6519974053185922,0.7110903316845217
JAX111419042,JAX,MJS_1,MJS,1,R,R-JAX111419042,5,1,0.3980877095729985,0.9855214390552558
JAX111419042,JAX,MJS_1,MJS,1,R,R-JAX111419042,5,2,0.6119468592342855,0.9855214390552558
JAX111419042,JAX,MJS_1,MJS,1,R,R-JAX111419042,5,3,0.719413519182784,0.9855214390552558
JAX111419042,JAX,MJS_1,MJS,1,R,R-JAX111419042,5,4,0.8104536289029302,0.9855214390552558
JAX111419042,JAX,MJS_1,MJS,1,R,R-JAX111419042,5,5,0.9117286586181714,0.9855214390552558
JAX111419043,JAX,CJF_1,CJF,1,R,R-JAX111419043,5,1,0.3798529881421376,0.987429095843887
JAX111419043,JAX,CJF_1,CJF,1,R,R-JAX111419043,5,2,0.5802484485003692,0.987429095843887
JAX111419043,JAX,CJF_1,CJF,1,R,R-JAX111419043,5,3,0.6931998236853174,0.987429095843887
JAX111419043,JAX,CJF_1,CJF,1,R,R-JAX111419043,5,4,0.7979558506239405,0.987429095843887
JAX111419043,JAX,CJF_1,CJF,1,R,R-JAX111419043,5,5,0.8972507699934217,0.987429095843887
JAX111419043,JAX,CJF_2,CJF,2,R,R-JAX111419043,5,1,0.4295680643493556,1.0499862240182516
JAX111419043,JAX,CJF_2,CJF,2,R,R-JAX111419043,5,2,0.6399723729670639,1.0499862240182516
JAX111419043,JAX,CJF_2,CJF,2,R,R-JAX111419043,5,3,0.751916413107884,1.0499862240182516
JAX111419043,JAX,CJF_2,CJF,2,R,R-JAX111419043,5,4,0.8564438945302235,1.0499862240182516
JAX111419043,JAX,CJF_2,CJF,2,R,R-JAX111419043,5,5,0.9589457429486286,1.0499862240182516
JAX111419043,JAX,JRS_1,JRS,1,R,R-JAX111419043,4,1,0.42574018112613365,1.037974007640245
JAX111419043,JAX,JRS_1,JRS,1,R,R-JAX111419043,4,2,0.6175938673261168,1.037974007640245
JAX111419043,JAX,JRS_1,JRS,1,R,R-JAX111419043,4,3,0.7536169104112186,1.037974007640245
JAX111419043,JAX,JRS_1,JRS,1,R,R-JAX111419043,4,4,0.8522237739172122,1.037974007640245
JAX111419043,JAX,LEL_1,LEL,1,R,R-JAX111419043,4,1,0.43164815660272127,1.0537310967336848
JAX111419043,JAX,LEL_1,LEL,1,R,R-JAX111419043,4,2,0.6467192913151656,1.0537310967336848
JAX111419043,JAX,LEL_1,LEL,1,R,R-JAX111419043,4,3,0.7712074084048854,1.0537310967336848
JAX111419043,JAX,LEL_1,LEL,1,R,R-JAX111419043,4,4,0.8682469259638621,1.0537310967336848
JAX111419043,JAX,LSR_1,LSR,1,R,R-JAX111419043,5,1,0.43453723388513243,1.01410357890204
JAX111419043,JAX,LSR_1,LSR,1,R,R-JAX111419043,5,2,0.6480293933495436,1.01410357890204
JAX111419043,JAX,LSR_1,LSR,1,R,R-JAX111419043,5,3,0.7676334406153338,1.01410357890204
JAX111419043,JAX,LSR_1,LSR,1,R,R-JAX111419043,5,4,0.8660014561259392,1.01410357890204
JAX111419043,JAX,LSR_1,LSR,1,R,R-JAX111419043,5,5,0.9635285009251671,1.01410357890204
JAX111419043,JAX,MJS_1,MJS,1,R,R-JAX111419043,5,1,0.43944741499715906,1.0569989284030792
JAX111419043,JAX,MJS_1,MJS,1,R,R-JAX111419043,5,2,0.6448286037276725,1.0569989284030792
JAX111419043,JAX,MJS_1,MJS,1,R,R-JAX111419043,5,3,0.762254705893115,1.0569989284030792
JAX111419043,JAX,MJS_1,MJS,1,R,R-JAX111419043,5,4,0.8591495024867559,1.0569989284030792
JAX111419043,JAX,MJS_1,MJS,1,R,R-JAX111419043,5,5,0.9698298199022464,1.0569989284030792
JAX111419044,JAX,CJF_1,CJF,1,R,R-JAX111419044,4,1,0.3534823863522937,0.8180152664713686
JAX111419044,JAX,CJF_1,CJF,1,R,R-JAX111419044,4,2,0.5205663620675101,0.8180152664713686
JAX111419044,JAX,CJF_1,CJF,1,R,R-JAX111419044,4,3,0.6279818863645431,0.8180152664713686
JAX111419044,JAX,CJF_1,CJF,1,R,R-JAX111419044,4,4,0.7307459710617387,0.8180152664713686
JAX111419044,JAX,CJF_2,CJF,2,R,R-JAX111419044,4,1,0.3465325050876082,0.8266229124299533
JAX111419044,JAX,CJF_2,CJF,2,R,R-JAX111419044,4,2,0.5468301076346156,0.8266229124299533
JAX111419044,JAX,CJF_2,CJF,2,R,R-JAX111419044,4,3,0.6276886526336356,0.8266229124299533
JAX111419044,JAX,CJF_2,CJF,2,R,R-JAX111419044,4,4,0.7403109964281747,0.8266229124299533
JAX111419044,JAX,JRS_1,JRS,1,R,R-JAX111419044,4,1,0.0849214782514862,0.8742194550475993
JAX111419044,JAX,JRS_1,JRS,1,R,R-JAX111419044,4,2,0.16079056375483267,0.8742194550475993
JAX111419044,JAX,JRS_1,JRS,1,R,R-JAX111419044,4,3,0.2739911936916048,0.8742194550475993
JAX111419044,JAX,JRS_1,JRS,1,R,R-JAX111419044,4,4,0.4099525492793809,0.8742194550475993
JAX111419044,JAX,LEL_1,LEL,1,R,R-JAX111419044,4,1,0.5087471865088422,0.8766686455905659
JAX111419044,JAX,LEL_1,LEL,1,R,R-JAX111419044,4,2,0.5866599813418997,0.8766686455905659
JAX111419044,JAX,LEL_1,LEL,1,R,R-JAX111419044,4,3,0.6957714277411621,0.8766686455905659
JAX111419044,JAX,LEL_1,LEL,1,R,R-JAX111419044,4,4,0.794835060791119,0.8766686455905659
JAX111419044,JAX,LSR_1,LSR,1,R,R-JAX111419044,4,1,0.3510227485649081,0.7092815504812515
JAX111419044,JAX,LSR_1,LSR,1,R,R-JAX111419044,4,2,0.4380647846042001,0.7092815504812515
JAX111419044,JAX,LSR_1,LSR,1,R,R-JAX111419044,4,3,0.5314339057672887,0.7092815504812515
JAX111419044,JAX,LSR_1,LSR,1,R,R-JAX111419044,4,4,0.6294755677933943,0.7092815504812515
JAX111419044,JAX,MJS_1,MJS,1,R,R-JAX111419044,4,1,0.4350163740748576,0.8876627911142264
JAX111419044,JAX,MJS_1,MJS,1,R,R-JAX111419044,4,2,0.6215316191331396,0.8876627911142264
JAX111419044,JAX,MJS_1,MJS,1,R,R-JAX111419044,4,3,0.7177979269678929,0.8876627911142264
JAX111419044,JAX,MJS_1,MJS,1,R,R-JAX111419044,4,4,0.7976926504823982,0.8876627911142264
JAX111419045,JAX,CJF_1,CJF,1,R,R-JAX111419045,3,1,0.4003518478000258,0.7666090251235795
JAX111419045,JAX,CJF_1,CJF,1,R,R-JAX111419045,3,2,0.555145191271219,0.7666090251235795
JAX111419045,JAX,CJF_1,CJF,1,R,R-JAX111419045,3,3,0.6635483543036871,0.7666090251235795
JAX111419045,JAX,CJF_2,CJF,2,R,R-JAX111419045,3,1,0.41673460478784263,0.7777546779966976
JAX111419045,JAX,CJF_2,CJF,2,R,R-JAX111419045,3,2,0.5682238610138552,0.7777546779966976
JAX111419045,JAX,CJF_2,CJF,2,R,R-JAX111419045,3,3,0.6889498601590969,0.7777546779966976
JAX111419045,JAX,JRS_1,JRS,1,R,R-JAX111419045,3,1,0.43857776645180785,0.7737154143785425
JAX111419045,JAX,JRS_1,JRS,1,R,R-JAX111419045,3,2,0.5659497029647134,0.7737154143785425
JAX111419045,JAX,JRS_1,JRS,1,R,R-JAX111419045,3,3,0.683126679211067,0.7737154143785425
JAX111419045,JAX,LEL_1,LEL,1,R,R-JAX111419045,3,1,0.49234476597822485,0.8487161430293854
JAX111419045,JAX,LEL_1,LEL,1,R,R-JAX111419045,3,2,0.6357406405161552,0.8487161430293854
JAX111419045,JAX,LEL_1,LEL,1,R,R-JAX111419045,3,3,0.7446686490020047,0.8487161430293854
JAX111419045,JAX,LSR_1,LSR,1,R,R-JAX111419045,3,1,0.2565704724047725,0.5489714787585742
JAX111419045,JAX,LSR_1,LSR,1,R,R-JAX111419045,3,2,0.34903288457075743,0.5489714787585742
JAX111419045,JAX,LSR_1,LSR,1,R,R-JAX111419045,3,3,0.4553577196402754,0.5489714787585742
JAX111419045,JAX,MJS_1,MJS,1,R,R-JAX111419045,3,1,0.4678894162083667,0.823974166530691
JAX111419045,JAX,MJS_1,MJS,1,R,R-JAX111419045,3,2,0.6027345340953759,0.823974166530691
JAX111419045,JAX,MJS_1,MJS,1,R,R-JAX111419045,3,3,0.7241964935808224,0.823974166530691
JAX111419046,JAX,CJF_1,CJF,1,R,R-JAX111419046,3,1,0.35595955393947126,0.7380342308578466
JAX111419046,JAX,CJF_1,CJF,1,R,R-JAX111419046,3,2,0.5086552802015225,0.7380342308578466
JAX111419046,JAX,CJF_1,CJF,1,R,R-JAX111419046,3,3,0.6239353031838157,0.7380342308578466
JAX111419046,JAX,CJF_2,CJF,2,R,R-JAX111419046,3,1,0.36397316689869985,0.7316414491684416
JAX111419046,JAX,CJF_2,CJF,2,R,R-JAX111419046,3,2,0.5107029122204857,0.7316414491684416
JAX111419046,JAX,CJF_2,CJF,2,R,R-JAX111419046,3,3,0.6342216354831858,0.7316414491684416
JAX111419046,JAX,JRS_1,JRS,1,R,R-JAX111419046,3,1,0.3612598547750289,0.7389685690217409
JAX111419046,JAX,JRS_1,JRS,1,R,R-JAX111419046,3,2,0.5216087587328483,0.7389685690217409
JAX111419046,JAX,JRS_1,JRS,1,R,R-JAX111419046,3,3,0.6474528152075989,0.7389685690217409
JAX111419046,JAX,LEL_1,LEL,1,R,R-JAX111419046,3,1,0.3761807604160363,0.7518058517525196
JAX111419046,JAX,LEL_1,LEL,1,R,R-JAX111419046,3,2,0.5334255991755383,0.7518058517525196
JAX111419046,JAX,LEL_1,LEL,1,R,R-JAX111419046,3,3,0.6512420829832849,0.7518058517525196
JAX111419046,JAX,LSR_1,LSR,1,R,R-JAX111419046,3,1,0.323916327587172,0.6330279607395217
JAX111419046,JAX,LSR_1,LSR,1,R,R-JAX111419046,3,2,0.4296367557156946,0.6330279607395217
JAX111419046,JAX,LSR_1,LSR,1,R,R-JAX111419046,3,3,0.540387634175531,0.6330279607395217
JAX111419046,JAX,MJS_1,MJS,1,R,R-JAX111419046,3,1,0.34830924797346136,0.7126212209890405
JAX111419046,JAX,MJS_1,MJS,1,R,R-JAX111419046,3,2,0.4786450869987128,0.7126212209890405
JAX111419046,JAX,MJS_1,MJS,1,R,R-JAX111419046,3,3,0.5949024389024197,0.7126212209890405
JAX111419047,JAX,CJF_1,CJF,1,R,R-JAX111419047,4,1,0.4500439023225202,0.9511064885013069
JAX111419047,JAX,CJF_1,CJF,1,R,R-JAX111419047,4,2,0.6281199853825259,0.9511064885013069
JAX111419047,JAX,CJF_1,CJF,1,R,R-JAX111419047,4,3,0.7607826373874499,0.9511064885013069
JAX111419047,JAX,CJF_1,CJF,1,R,R-JAX111419047,4,4,0.8653838404398745,0.9511064885013069
JAX111419047,JAX,CJF_2,CJF,2,R,R-JAX111419047,4,1,0.47323484127252646,0.9949629622112022
JAX111419047,JAX,CJF_2,CJF,2,R,R-JAX111419047,4,2,0.6622650345392085,0.9949629622112022
JAX111419047,JAX,CJF_2,CJF,2,R,R-JAX111419047,4,3,0.8019235574638921,0.9949629622112022
JAX111419047,JAX,CJF_2,CJF,2,R,R-JAX111419047,4,4,0.9047314328699582,0.9949629622112022
JAX111419047,JAX,JRS_1,JRS,1,R,R-JAX111419047,4,1,0.3357581114346131,0.8237328157565926
JAX111419047,JAX,JRS_1,JRS,1,R,R-JAX111419047,4,2,0.5048953713007636,0.8237328157565926
JAX111419047,JAX,JRS_1,JRS,1,R,R-JAX111419047,4,3,0.627383650503381,0.8237328157565926
JAX111419047,JAX,JRS_1,JRS,1,R,R-JAX111419047,4,4,0.7376022788092308,0.8237328157565926
JAX111419047,JAX,LEL_1,LEL,1,R,R-JAX111419047,4,1,0.5255400318973367,0.9898312479799405
JAX111419047,JAX,LEL_1,LEL,1,R,R-JAX111419047,4,2,0.6703772611380746,0.9898312479799405
JAX111419047,JAX,LEL_1,LEL,1,R,R-JAX111419047,4,3,0.8036110620390394,0.9898312479799405
JAX111419047,JAX,LEL_1,LEL,1,R,R-JAX111419047,4,4,0.9047009195320165,0.9898312479799405
JAX111419047,JAX,LSR_1,LSR,1,R,R-JAX111419047,4,1,0.2902095067996011,0.5820228015310293
JAX111419047,JAX,LSR_1,LSR,1,R,R-JAX111419047,4,2,0.40067739253276957,0.5820228015310293
JAX111419047,JAX,LSR_1,LSR,1,R,R-JAX111419047,4,3,0.4654616220259918,0.5820228015310293
JAX111419047,JAX,LSR_1,LSR,1,R,R-JAX111419047,4,4,0.519341193951862,0.5820228015310293
JAX111419047,JAX,MJS_1,MJS,1,R,R-JAX111419047,4,1,0.42346515360105097,0.8985364734926508
JAX111419047,JAX,MJS_1,MJS,1,R,R-JAX111419047,4,2,0.5731501691348253,0.8985364734926508
JAX111419047,JAX,MJS_1,MJS,1,R,R-JAX111419047,4,3,0.7178179868643646,0.8985364734926508
JAX111419047,JAX,MJS_1,MJS,1,R,R-JAX111419047,4,4,0.8107633527697169,0.8985364734926508
JAX111419048,JAX,CJF_1,CJF,1,R,R-JAX111419048,3,1,0.4195331578288004,0.8081083939550692
JAX111419048,JAX,CJF_1,CJF,1,R,R-JAX111419048,3,2,0.5981179804276592,0.8081083939550692
JAX111419048,JAX,CJF_1,CJF,1,R,R-JAX111419048,3,3,0.7251336521697246,0.8081083939550692
JAX111419048,JAX,CJF_2,CJF,2,R,R-JAX111419048,3,1,0.48269542140104077,0.8331182797509993
JAX111419048,JAX,CJF_2,CJF,2,R,R-JAX111419048,3,2,0.6187674453538825,0.8331182797509993
JAX111419048,JAX,CJF_2,CJF,2,R,R-JAX111419048,3,3,0.7427756702224966,0.8331182797509993
JAX111419048,JAX,JRS_1,JRS,1,R,R-JAX111419048,3,1,0.4030489033121125,0.8030475402280833
JAX111419048,JAX,JRS_1,JRS,1,R,R-JAX111419048,3,2,0.5818969152218293,0.8030475402280833
JAX111419048,JAX,JRS_1,JRS,1,R,R-JAX111419048,3,3,0.7039214321961996,0.8030475402280833
JAX111419048,JAX,LEL_1,LEL,1,R,R-JAX111419048,3,1,0.4199940597476659,0.8206875982409395
JAX111419048,JAX,LEL_1,LEL,1,R,R-JAX111419048,3,2,0.5983955324170436,0.8206875982409395
JAX111419048,JAX,LEL_1,LEL,1,R,R-JAX111419048,3,3,0.7336573494673875,0.8206875982409395
JAX111419048,JAX,LSR_1,LSR,1,R,R-JAX111419048,3,1,0.3302642896091876,0.6085487923355539
JAX111419048,JAX,LSR_1,LSR,1,R,R-JAX111419048,3,2,0.429424689293322,0.6085487923355539
JAX111419048,JAX,LSR_1,LSR,1,R,R-JAX111419048,3,3,0.5458215592701988,0.6085487923355539
JAX111419048,JAX,MJS_1,MJS,1,R,R-JAX111419048,3,1,0.4229060429916903,0.8175276524120545
JAX111419048,JAX,MJS_1,MJS,1,R,R-JAX111419048,3,2,0.6020327278594477,0.8175276524120545
JAX111419048,JAX,MJS_1,MJS,1,R,R-JAX111419048,3,3,0.736539531313057,0.8175276524120545
JAX111419049,JAX,CJF_1,CJF,1,R,R-JAX111419049,3,1,0.3863413658741723,0.717668566005602
JAX111419049,JAX,CJF_1,CJF,1,R,R-JAX111419049,3,2,0.4974300361339341,0.717668566005602
JAX111419049,JAX,CJF_1,CJF,1,R,R-JAX111419049,3,3,0.6016419356758531,0.717668566005602
JAX111419049,JAX,CJF_2,CJF,2,R,R-JAX111419049,3,1,0.38832145022661363,0.7075449812361632
JAX111419049,JAX,CJF_2,CJF,2,R,R-JAX111419049,3,2,0.5061690408832263,0.7075449812361632
JAX111419049,JAX,CJF_2,CJF,2,R,R-JAX111419049,3,3,0.6201793052717814,0.7075449812361632
JAX111419049,JAX,JRS_1,JRS,1,R,R-JAX111419049,3,1,0.3678324617372459,0.6938167144791653
JAX111419049,JAX,JRS_1,JRS,1,R,R-JAX111419049,3,2,0.47795683321685734,0.6938167144791653
JAX111419049,JAX,JRS_1,JRS,1,R,R-JAX111419049,3,3,0.5924937622202502,0.6938167144791653
JAX111419049,JAX,LEL_1,LEL,1,R,R-JAX111419049,3,1,0.4531144560363979,0.784988407285845
JAX111419049,JAX,LEL_1,LEL,1,R,R-JAX111419049,3,2,0.5774033409876681,0.784988407285845
JAX111419049,JAX,LEL_1,LEL,1,R,R-JAX111419049,3,3,0.6759641320118994,0.784988407285845
JAX111419049,JAX,LSR_1,LSR,1,R,R-JAX111419049,3,1,0.3687101417916502,0.679518552280429
JAX111419049,JAX,LSR_1,LSR,1,R,R-JAX111419049,3,2,0.48352543806447895,0.679518552280429
JAX111419049,JAX,LSR_1,LSR,1,R,R-JAX111419049,3,3,0.5871282415607384,0.679518552280429
JAX111419049,JAX,MJS_1,MJS,1,R,R-JAX111419049,3,1,0.36437441791436576,0.716902871254696
JAX111419049,JAX,MJS_1,MJS,1,R,R-JAX111419049,3,2,0.495741413164125,0.716902871254696
JAX111419049,JAX,MJS_1,MJS,1,R,R-JAX111419049,3,3,0.6033420416659311,0.716902871254696
JAX111419050,JAX,CJF_1,CJF,1,R,R-JAX111419050,3,1,0.32708754853706323,0.6443587782995558
JAX111419050,JAX,CJF_1,CJF,1,R,R-JAX111419050,3,2,0.4742176043833136,0.6443587782995558
JAX111419050,JAX,CJF_1,CJF,1,R,R-JAX111419050,3,3,0.5706453978878598,0.6443587782995558
JAX111419050,JAX,CJF_2,CJF,2,R,R-JAX111419050,3,1,0.4055170023307413,0.7614109466346479
JAX111419050,JAX,CJF_2,CJF,2,R,R-JAX111419050,3,2,0.5237216901929072,0.7614109466346479
JAX111419050,JAX,CJF_2,CJF,2,R,R-JAX111419050,3,3,0.6591027024173014,0.7614109466346479
JAX111419050,JAX,JRS_1,JRS,1,R,R-JAX111419050,2,1,0.5014738958235082,0.724267658752283
JAX111419050,JAX,JRS_1,JRS,1,R,R-JAX111419050,2,2,0.6247305437797384,0.724267658752283
JAX111419050,JAX,LEL_1,LEL,1,R,R-JAX111419050,3,1,0.38919222463172554,0.7492255040921509
JAX111419050,JAX,LEL_1,LEL,1,R,R-JAX111419050,3,2,0.5045801519471184,0.7492255040921509
JAX111419050,JAX,LEL_1,LEL,1,R,R-JAX111419050,3,3,0.6330797970461886,0.7492255040921509
JAX111419050,JAX,LSR_1,LSR,1,R,R-JAX111419050,3,1,0.3572808518696438,0.6056036129169035
JAX111419050,JAX,LSR_1,LSR,1,R,R-JAX111419050,3,2,0.426306385966239,0.6056036129169035
JAX111419050,JAX,LSR_1,LSR,1,R,R-JAX111419050,3,3,0.5460568042719627,0.6056036129169035
JAX111419050,JAX,MJS_1,MJS,1,R,R-JAX111419050,3,1,0.3597992244040912,0.7129201837158067
JAX111419050,JAX,MJS_1,MJS,1,R,R-JAX111419050,3,2,0.4751582230082841,0.7129201837158067
JAX111419050,JAX,MJS_1,MJS,1,R,R-JAX111419050,3,3,0.5949693983407269,0.7129201837158067
JAX111419051,JAX,CJF_1,CJF,1,R,R-JAX111419051,3,1,0.34939414612721414,0.699982395877726
JAX111419051,JAX,CJF_1,CJF,1,R,R-JAX111419051,3,2,0.4855526184817186,0.699982395877726
JAX111419051,JAX,CJF_1,CJF,1,R,R-JAX111419051,3,3,0.5955942337392726,0.699982395877726
JAX111419051,JAX,CJF_2,CJF,2,R,R-JAX111419051,3,1,0.28336716650223054,0.5504682365114192
JAX111419051,JAX,CJF_2,CJF,2,R,R-JAX111419051,3,2,0.38912332959778706,0.5504682365114192
JAX111419051,JAX,CJF_2,CJF,2,R,R-JAX111419051,3,3,0.474992811226119,0.5504682365114192
JAX111419051,JAX,JRS_1,JRS,1,R,R-JAX111419051,3,1,0.3796256490424102,0.7057230926557461
JAX111419051,JAX,JRS_1,JRS,1,R,R-JAX111419051,3,2,0.5012961640175496,0.7057230926557461
JAX111419051,JAX,JRS_1,JRS,1,R,R-JAX111419051,3,3,0.6171042291595237,0.7057230926557461
JAX111419051,JAX,LEL_1,LEL,1,R,R-JAX111419051,3,1,0.47526917855710266,0.7920469148984575
JAX111419051,JAX,LEL_1,LEL,1,R,R-JAX111419051,3,2,0.5864426555643488,0.7920469148984575
JAX111419051,JAX,LEL_1,LEL,1,R,R-JAX111419051,3,3,0.7042619234212122,0.7920469148984575
JAX111419051,JAX,LSR_1,LSR,1,R,R-JAX111419051,3,1,0.279579552488008,0.5195137309557595
JAX111419051,JAX,LSR_1,LSR,1,R,R-JAX111419051,3,2,0.3563866068842281,0.5195137309557595
JAX111419051,JAX,LSR_1,LSR,1,R,R-JAX111419051,3,3,0.4532506590117351,0.5195137309557595
JAX111419051,JAX,MJS_1,MJS,1,R,R-JAX111419051,3,1,0.345349963994387,0.6584307348405352
JAX111419051,JAX,MJS_1,MJS,1,R,R-JAX111419051,3,2,0.4510178190753552,0.6584307348405352
JAX111419051,JAX,MJS_1,MJS,1,R,R-JAX111419051,3,3,0.5713022925191603,0.6584307348405352
JAX111419052,JAX,CJF_1,CJF,1,R,R-JAX111419052,4,1,0.39213591923361,0.8950292619003571
JAX111419052,JAX,CJF_1,CJF,1,R,R-JAX111419052,4,2,0.5681146973950535,0.8950292619003571
JAX111419052,JAX,CJF_1,CJF,1,R,R-JAX111419052,4,3,0.6735793927467917,0.8950292619003571
JAX111419052,JAX,CJF_1,CJF,1,R,R-JAX111419052,4,4,0.7790440880985289,0.8950292619003571
JAX111419052,JAX,CJF_2,CJF,2,R,R-JAX111419052,4,1,0.3840241611354841,0.879754744065503
JAX111419052,JAX,CJF_2,CJF,2,R,R-JAX111419052,4,2,0.5562329283579708,0.879754744065503
JAX111419052,JAX,CJF_2,CJF,2,R,R-JAX111419052,4,3,0.6679393501525057,0.879754744065503
JAX111419052,JAX,CJF_2,CJF,2,R,R-JAX111419052,4,4,0.7734088026293523,0.879754744065503
JAX111419052,JAX,JRS_1,JRS,1,R,R-JAX111419052,4,1,0.4319209150845695,0.9364736231393553
JAX111419052,JAX,JRS_1,JRS,1,R,R-JAX111419052,4,2,0.6132765927532046,0.9364736231393553
JAX111419052,JAX,JRS_1,JRS,1,R,R-JAX111419052,4,3,0.7297401629250799,0.9364736231393553
JAX111419052,JAX,JRS_1,JRS,1,R,R-JAX111419052,4,4,0.8427814998740389,0.9364736231393553
JAX111419052,JAX,LEL_1,LEL,1,R,R-JAX111419052,4,1,0.42209051400005415,0.9226971654808325
JAX111419052,JAX,LEL_1,LEL,1,R,R-JAX111419052,4,2,0.6037274408981448,0.9226971654808325
JAX111419052,JAX,LEL_1,LEL,1,R,R-JAX111419052,4,3,0.7154012323823185,0.9226971654808325
JAX111419052,JAX,LEL_1,LEL,1,R,R-JAX111419052,4,4,0.8133744648320597,0.9226971654808325
JAX111419052,JAX,LSR_1,LSR,1,R,R-JAX111419052,4,1,0.3809845442123205,0.7176793168780758
JAX111419052,JAX,LSR_1,LSR,1,R,R-JAX111419052,4,2,0.495758874627148,0.7176793168780758
JAX111419052,JAX,LSR_1,LSR,1,R,R-JAX111419052,4,3,0.5792067344338596,0.7176793168780758
JAX111419052,JAX,LSR_1,LSR,1,R,R-JAX111419052,4,4,0.6655579276794815,0.7176793168780758
JAX111419052,JAX,MJS_1,MJS,1,R,R-JAX111419052,4,1,0.41104262444969647,0.9216316705492567
JAX111419052,JAX,MJS_1,MJS,1,R,R-JAX111419052,4,2,0.6011844210943097,0.9216316705492567
JAX111419052,JAX,MJS_1,MJS,1,R,R-JAX111419052,4,3,0.7109838531309963,0.9216316705492567
JAX111419052,JAX,MJS_1,MJS,1,R,R-JAX111419052,4,4,0.8126730977558999,0.9216316705492567
JAX111419053,JAX,CJF_1,CJF,1,R,R-JAX111419053,5,1,0.4664975953860414,1.1152914569159675
JAX111419053,JAX,CJF_1,CJF,1,R,R-JAX111419053,5,2,0.67523354725661755,1.1152914569159675
JAX111419053,JAX,CJF_1,CJF,1,R,R-JAX111419053,5,3,0.8336585278666828,1.1152914569159675
JAX111419053,JAX,CJF_1,CJF,1,R,R-JAX111419053,5,4,0.9295699375021294,1.1152914569159675
JAX111419053,JAX,CJF_1,CJF,1,R,R-JAX111419053,5,5,1.0162755741548803,1.1152914569159675
JAX111419053,JAX,CJF_2,CJF,2,R,R-JAX111419053,5,1,0.44437583303821776,1.0863568230276786
JAX111419053,JAX,CJF_2,CJF,2,R,R-JAX111419053,5,2,0.6501259120433581,1.0863568230276786
JAX111419053,JAX,CJF_2,CJF,2,R,R-JAX111419053,5,3,0.8019082373329381,1.0863568230276786
JAX111419053,JAX,CJF_2,CJF,2,R,R-JAX111419053,5,4,0.8949205743271268,1.0863568230276786
JAX111419053,JAX,CJF_2,CJF,2,R,R-JAX111419053,5,5,1.006291642667216,1.0863568230276786
JAX111419053,JAX,JRS_1,JRS,1,R,R-JAX111419053,3,1,0.6394225842931905,1.0925622900882266
JAX111419053,JAX,JRS_1,JRS,1,R,R-JAX111419053,3,2,0.8030509422009403,1.0925622900882266
JAX111419053,JAX,JRS_1,JRS,1,R,R-JAX111419053,3,3,0.884394672774489,1.0925622900882266
JAX111419053,JAX,LEL_1,LEL,1,R,R-JAX111419053,4,1,0.41895334745760754,1.070959994462798
JAX111419053,JAX,LEL_1,LEL,1,R,R-JAX111419053,4,2,0.6125251200257502,1.070959994462798
JAX111419053,JAX,LEL_1,LEL,1,R,R-JAX111419053,4,3,0.7614496561567603,1.070959994462798
JAX111419053,JAX,LEL_1,LEL,1,R,R-JAX111419053,4,4,0.8700238553502206,1.070959994462798
JAX111419053,JAX,LSR_1,LSR,1,R,R-JAX111419053,5,1,0.5017037718668145,1.1170049087262244
JAX111419053,JAX,LSR_1,LSR,1,R,R-JAX111419053,5,2,0.6891950813420535,1.1170049087262244
JAX111419053,JAX,LSR_1,LSR,1,R,R-JAX111419053,5,3,0.810984437013902,1.1170049087262244
JAX111419053,JAX,LSR_1,LSR,1,R,R-JAX111419053,5,4,0.9162652900502217,1.1170049087262244
JAX111419053,JAX,LSR_1,LSR,1,R,R-JAX111419053,5,5,1.0281080370484121,1.1170049087262244
JAX111419053,JAX,MJS_1,MJS,1,R,R-JAX111419053,4,1,0.6158425033647049,1.071916641665732
JAX111419053,JAX,MJS_1,MJS,1,R,R-JAX111419053,4,2,0.7866011066331654,1.071916641665732
JAX111419053,JAX,MJS_1,MJS,1,R,R-JAX111419053,4,3,0.867958064073235,1.071916641665732
JAX111419053,JAX,MJS_1,MJS,1,R,R-JAX111419053,4,4,0.983987770745572,1.071916641665732
JAX111419054,JAX,CJF_1,CJF,1,R,R-JAX111419054,2,1,0.2992989363692782,0.5370455551397576
JAX111419054,JAX,CJF_1,CJF,1,R,R-JAX111419054,2,2,0.45025415932132107,0.5370455551397576
JAX111419054,JAX,CJF_2,CJF,2,R,R-JAX111419054,2,1,0.35560854910104617,0.5814993160570233
JAX111419054,JAX,CJF_2,CJF,2,R,R-JAX111419054,2,2,0.489030695229969,0.5814993160570233
JAX111419054,JAX,JRS_1,JRS,1,R,R-JAX111419054,2,1,0.36108240110104506,0.5762112722357862
JAX111419054,JAX,JRS_1,JRS,1,R,R-JAX111419054,2,2,0.48728835081219024,0.5762112722357862
JAX111419054,JAX,LEL_1,LEL,1,R,R-JAX111419054,3,1,0.41986008775777706,0.7015865198168888
JAX111419054,JAX,LEL_1,LEL,1,R,R-JAX111419054,3,2,0.4845823691051679,0.7015865198168888
JAX111419054,JAX,LEL_1,LEL,1,R,R-JAX111419054,3,3,0.5826129844970921,0.7015865198168888
JAX111419054,JAX,LSR_1,LSR,1,R,R-JAX111419054,3,1,0.3355969838358753,0.6482038900891649
JAX111419054,JAX,LSR_1,LSR,1,R,R-JAX111419054,3,2,0.3966532972183766,0.6482038900891649
JAX111419054,JAX,LSR_1,LSR,1,R,R-JAX111419054,3,3,0.524112783482847,0.6482038900891649
JAX111419054,JAX,MJS_1,MJS,1,R,R-JAX111419054,2,1,0.346047252353079,0.5612975894526602
JAX111419054,JAX,MJS_1,MJS,1,R,R-JAX111419054,2,2,0.45831204854729896,0.5612975894526602
JAX111419055,JAX,CJF_1,CJF,1,R,R-JAX111419055,3,1,0.38651399744355475,0.7892224018958862
JAX111419055,JAX,CJF_1,CJF,1,R,R-JAX111419055,3,2,0.5574424878127441,0.7892224018958862
JAX111419055,JAX,CJF_1,CJF,1,R,R-JAX111419055,3,3,0.6945850678233552,0.7892224018958862
JAX111419055,JAX,CJF_2,CJF,2,R,R-JAX111419055,3,1,0.3927694541143324,0.792065011072223
JAX111419055,JAX,CJF_2,CJF,2,R,R-JAX111419055,3,2,0.5489982515859514,0.792065011072223
JAX111419055,JAX,CJF_2,CJF,2,R,R-JAX111419055,3,3,0.6730146096284286,0.792065011072223
JAX111419055,JAX,JRS_1,JRS,1,R,R-JAX111419055,3,1,0.3844618862805862,0.7745836956736427
JAX111419055,JAX,JRS_1,JRS,1,R,R-JAX111419055,3,2,0.5407881769316598,0.7745836956736427
JAX111419055,JAX,JRS_1,JRS,1,R,R-JAX111419055,3,3,0.6787313515995739,0.7745836956736427
JAX111419055,JAX,LEL_1,LEL,1,R,R-JAX111419055,3,1,0.3821827328693321,0.7642245683154703
JAX111419055,JAX,LEL_1,LEL,1,R,R-JAX111419055,3,2,0.5133856194087137,0.7642245683154703
JAX111419055,JAX,LEL_1,LEL,1,R,R-JAX111419055,3,3,0.6702904580352673,0.7642245683154703
JAX111419055,JAX,LSR_1,LSR,1,R,R-JAX111419055,4,1,0.27457049611239037,0.6638336346458822
JAX111419055,JAX,LSR_1,LSR,1,R,R-JAX111419055,4,2,0.386992859686639,0.6638336346458822
JAX111419055,JAX,LSR_1,LSR,1,R,R-JAX111419055,4,3,0.48784858814272747,0.6638336346458822
JAX111419055,JAX,LSR_1,LSR,1,R,R-JAX111419055,4,4,0.5965964823418236,0.6638336346458822
JAX111419055,JAX,MJS_1,MJS,1,R,R-JAX111419055,3,1,0.41230042994814975,0.7985210348518309
JAX111419055,JAX,MJS_1,MJS,1,R,R-JAX111419055,3,2,0.5633719641561319,0.7985210348518309
JAX111419055,JAX,MJS_1,MJS,1,R,R-JAX111419055,3,3,0.7069305990234829,0.7985210348518309
JAX111419056,JAX,CJF_1,CJF,1,R,R-JAX111419056,3,1,0.3383021152460372,0.5978679340336756
JAX111419056,JAX,CJF_1,CJF,1,R,R-JAX111419056,3,2,0.4315543285843919,0.5978679340336756
JAX111419056,JAX,CJF_1,CJF,1,R,R-JAX111419056,3,3,0.5236123698054139,0.5978679340336756
JAX111419056,JAX,CJF_2,CJF,2,R,R-JAX111419056,3,1,0.4938969297419047,0.9036224275380376
JAX111419056,JAX,CJF_2,CJF,2,R,R-JAX111419056,3,2,0.6529847618608008,0.9036224275380376
JAX111419056,JAX,CJF_2,CJF,2,R,R-JAX111419056,3,3,0.7870734540535791,0.9036224275380376
JAX111419056,JAX,JRS_1,JRS,1,R,R-JAX111419056,3,1,0.5184666277286251,0.9202977789165809
JAX111419056,JAX,JRS_1,JRS,1,R,R-JAX111419056,3,2,0.6840884550293124,0.9202977789165809
JAX111419056,JAX,JRS_1,JRS,1,R,R-JAX111419056,3,3,0.8416561938975236,0.9202977789165809
JAX111419056,JAX,LEL_1,LEL,1,R,R-JAX111419056,3,1,0.5055152094128332,0.9344370899918493
JAX111419056,JAX,LEL_1,LEL,1,R,R-JAX111419056,3,2,0.6872362934993741,0.9344370899918493
JAX111419056,JAX,LEL_1,LEL,1,R,R-JAX111419056,3,3,0.8287083416584424,0.9344370899918493
JAX111419056,JAX,LSR_1,LSR,1,R,R-JAX111419056,3,1,0.3621420065233849,0.6188095946450082
JAX111419056,JAX,LSR_1,LSR,1,R,R-JAX111419056,3,2,0.4645598246470907,0.6188095946450082
JAX111419056,JAX,LSR_1,LSR,1,R,R-JAX111419056,3,3,0.5434539775626814,0.6188095946450082
JAX111419056,JAX,MJS_1,MJS,1,R,R-JAX111419056,3,1,0.513092001352131,0.9363394582591599
JAX111419056,JAX,MJS_1,MJS,1,R,R-JAX111419056,3,2,0.6911570990102753,0.9363394582591599
JAX111419056,JAX,MJS_1,MJS,1,R,R-JAX111419056,3,3,0.8199060226887867,0.9363394582591599
JAX111419057,JAX,CJF_1,CJF,1,R,R-JAX111419057,3,1,0.407821773595029,0.7683785761029485
JAX111419057,JAX,CJF_1,CJF,1,R,R-JAX111419057,3,2,0.5556417608454267,0.7683785761029485
JAX111419057,JAX,CJF_1,CJF,1,R,R-JAX111419057,3,3,0.667577976354585,0.7683785761029485
JAX111419057,JAX,CJF_2,CJF,2,R,R-JAX111419057,3,1,0.40042853036971626,0.7458826902267524
JAX111419057,JAX,CJF_2,CJF,2,R,R-JAX111419057,3,2,0.5306227271179629,0.7458826902267524
JAX111419057,JAX,CJF_2,CJF,2,R,R-JAX111419057,3,3,0.6409161284577852,0.7458826902267524
JAX111419057,JAX,JRS_1,JRS,1,R,R-JAX111419057,3,1,0.4108045497724498,0.7260395107815497
JAX111419057,JAX,JRS_1,JRS,1,R,R-JAX111419057,3,2,0.507824686209207,0.7260395107815497
JAX111419057,JAX,JRS_1,JRS,1,R,R-JAX111419057,3,3,0.6153205860012515,0.7260395107815497
JAX111419057,JAX,LEL_1,LEL,1,R,R-JAX111419057,3,1,0.40235501462578216,0.7283978612143941
JAX111419057,JAX,LEL_1,LEL,1,R,R-JAX111419057,3,2,0.5030484905128985,0.7283978612143941
JAX111419057,JAX,LEL_1,LEL,1,R,R-JAX111419057,3,3,0.6092955375975525,0.7283978612143941
JAX111419057,JAX,LSR_1,LSR,1,R,R-JAX111419057,3,1,0.32774532752710756,0.5883488253219384
JAX111419057,JAX,LSR_1,LSR,1,R,R-JAX111419057,3,2,0.40315439773132994,0.5883488253219384
JAX111419057,JAX,LSR_1,LSR,1,R,R-JAX111419057,3,3,0.4956148855287971,0.5883488253219384
JAX111419057,JAX,MJS_1,MJS,1,R,R-JAX111419057,3,1,0.42155432934639064,0.7504456184300281
JAX111419057,JAX,MJS_1,MJS,1,R,R-JAX111419057,3,2,0.5376329935784385,0.7504456184300281
JAX111419057,JAX,MJS_1,MJS,1,R,R-JAX111419057,3,3,0.624184432027502,0.7504456184300281
JAX111419058,JAX,CJF_1,CJF,1,R,R-JAX111419058,3,1,0.38763534737748945,0.9627906153057242
JAX111419058,JAX,CJF_1,CJF,1,R,R-JAX111419058,3,2,0.5836536198103622,0.9627906153057242
JAX111419058,JAX,CJF_1,CJF,1,R,R-JAX111419058,3,3,0.7611871113120974,0.9627906153057242
JAX111419058,JAX,CJF_2,CJF,2,R,R-JAX111419058,3,1,0.4219829584111771,1.0031854958706214
JAX111419058,JAX,CJF_2,CJF,2,R,R-JAX111419058,3,2,0.6236364359317098,1.0031854958706214
JAX111419058,JAX,CJF_2,CJF,2,R,R-JAX111419058,3,3,0.7858016992970991,1.0031854958706214
JAX111419058,JAX,JRS_1,JRS,1,R,R-JAX111419058,2,1,0.2851195658334148,0.6021863858223533
JAX111419058,JAX,JRS_1,JRS,1,R,R-JAX111419058,2,2,0.43448713723708543,0.6021863858223533
JAX111419058,JAX,LEL_1,LEL,1,R,R-JAX111419058,3,1,0.46331501066829073,0.9531333302384564
JAX111419058,JAX,LEL_1,LEL,1,R,R-JAX111419058,3,2,0.6354698327062548,0.9531333302384564
JAX111419058,JAX,LEL_1,LEL,1,R,R-JAX111419058,3,3,0.7846681297810647,0.9531333302384564
JAX111419058,JAX,LSR_1,LSR,1,R,R-JAX111419058,3,1,0.3670846068674633,0.6698023619558477
JAX111419058,JAX,LSR_1,LSR,1,R,R-JAX111419058,3,2,0.475128653706705,0.6698023619558477
JAX111419058,JAX,LSR_1,LSR,1,R,R-JAX111419058,3,3,0.5917631938158947,0.6698023619558477
JAX111419058,JAX,MJS_1,MJS,1,R,R-JAX111419058,3,1,0.38025058754774577,0.8700706938793606
JAX111419058,JAX,MJS_1,MJS,1,R,R-JAX111419058,3,2,0.5630095977006437,0.8700706938793606
JAX111419058,JAX,MJS_1,MJS,1,R,R-JAX111419058,3,3,0.7523955782426794,0.8700706938793606
JAX111419059,JAX,CJF_1,CJF,1,R,R-JAX111419059,3,1,0.37785890893954244,0.7521854853198823
JAX111419059,JAX,CJF_1,CJF,1,R,R-JAX111419059,3,2,0.5265427609554132,0.7521854853198823
JAX111419059,JAX,CJF_1,CJF,1,R,R-JAX111419059,3,3,0.6470914573286511,0.7521854853198823
JAX111419059,JAX,CJF_2,CJF,2,R,R-JAX111419059,3,1,0.37499937414081946,0.7414909086869744
JAX111419059,JAX,CJF_2,CJF,2,R,R-JAX111419059,3,2,0.511406153289403,0.7414909086869744
JAX111419059,JAX,CJF_2,CJF,2,R,R-JAX111419059,3,3,0.6457578398255368,0.7414909086869744
JAX111419059,JAX,JRS_1,JRS,1,R,R-JAX111419059,3,1,0.3737489379898768,0.7413564934620062
JAX111419059,JAX,JRS_1,JRS,1,R,R-JAX111419059,3,2,0.5179768673476776,0.7413564934620062
JAX111419059,JAX,JRS_1,JRS,1,R,R-JAX111419059,3,3,0.6303914609711729,0.7413564934620062
JAX111419059,JAX,LEL_1,LEL,1,R,R-JAX111419059,3,1,0.3818153472733156,0.7606063586462576
JAX111419059,JAX,LEL_1,LEL,1,R,R-JAX111419059,3,2,0.5168463225844626,0.7606063586462576
JAX111419059,JAX,LEL_1,LEL,1,R,R-JAX111419059,3,3,0.6410470977824635,0.7606063586462576
JAX111419059,JAX,LSR_1,LSR,1,R,R-JAX111419059,3,1,0.3910969738890875,0.7248240462065145
JAX111419059,JAX,LSR_1,LSR,1,R,R-JAX111419059,3,2,0.5290901339705449,0.7248240462065145
JAX111419059,JAX,LSR_1,LSR,1,R,R-JAX111419059,3,3,0.6318106184539661,0.7248240462065145
JAX111419059,JAX,MJS_1,MJS,1,R,R-JAX111419059,3,1,0.3654055691330017,0.7482670274011238
JAX111419059,JAX,MJS_1,MJS,1,R,R-JAX111419059,3,2,0.5327327344083223,0.7482670274011238
JAX111419059,JAX,MJS_1,MJS,1,R,R-JAX111419059,3,3,0.6661587253086282,0.7482670274011238
JAX111419060,JAX,CJF_1,CJF,1,R,R-JAX111419060,3,1,0.3643478472274616,0.8213764135748252
JAX111419060,JAX,CJF_1,CJF,1,R,R-JAX111419060,3,2,0.5522205839592589,0.8213764135748252
JAX111419060,JAX,CJF_1,CJF,1,R,R-JAX111419060,3,3,0.6844917060792546,0.8213764135748252
JAX111419060,JAX,CJF_2,CJF,2,R,R-JAX111419060,3,1,0.36150459575609156,0.8223873058848038
JAX111419060,JAX,CJF_2,CJF,2,R,R-JAX111419060,3,2,0.5593687695499908,0.8223873058848038
JAX111419060,JAX,CJF_2,CJF,2,R,R-JAX111419060,3,3,0.6917992867036206,0.8223873058848038
JAX111419060,JAX,JRS_1,JRS,1,R,R-JAX111419060,3,1,0.40169379095718305,0.8368796659733866
JAX111419060,JAX,JRS_1,JRS,1,R,R-JAX111419060,3,2,0.5730944067123048,0.8368796659733866
JAX111419060,JAX,JRS_1,JRS,1,R,R-JAX111419060,3,3,0.7035041132543197,0.8368796659733866
JAX111419060,JAX,LEL_1,LEL,1,R,R-JAX111419060,3,1,0.42504454714408046,0.8457977824772142
JAX111419060,JAX,LEL_1,LEL,1,R,R-JAX111419060,3,2,0.5760862224725611,0.8457977824772142
JAX111419060,JAX,LEL_1,LEL,1,R,R-JAX111419060,3,3,0.7030538250359066,0.8457977824772142
JAX111419060,JAX,LSR_1,LSR,1,R,R-JAX111419060,3,1,0.3492331950744872,0.6897398303858737
JAX111419060,JAX,LSR_1,LSR,1,R,R-JAX111419060,3,2,0.49329906959767644,0.6897398303858737
JAX111419060,JAX,LSR_1,LSR,1,R,R-JAX111419060,3,3,0.6137783884622425,0.6897398303858737
JAX111419060,JAX,MJS_1,MJS,1,R,R-JAX111419060,3,1,0.38671912384291296,0.8369521219295093
JAX111419060,JAX,MJS_1,MJS,1,R,R-JAX111419060,3,2,0.5687141451641398,0.8369521219295093
JAX111419060,JAX,MJS_1,MJS,1,R,R-JAX111419060,3,3,0.6971508632467095,0.8369521219295093
JAX111419061,JAX,CJF_1,CJF,1,R,R-JAX111419061,1,1,0.4098408349965668,0.6947418515008957
JAX111419061,JAX,CJF_2,CJF,2,R,R-JAX111419061,1,1,0.35098424089485,0.644572887133517
JAX111419061,JAX,LEL_1,LEL,1,R,R-JAX111419061,2,1,0.25633237484891286,0.6659501042504277
JAX111419061,JAX,LEL_1,LEL,1,R,R-JAX111419061,2,2,0.42274615878790855,0.6659501042504277
JAX111419061,JAX,LSR_1,LSR,1,R,R-JAX111419061,1,1,0.33155769973753974,0.5845770565736026
JAX111419061,JAX,MJS_1,MJS,1,R,R-JAX111419061,0,NA,NA,0.6816236503069447
JAX111419062,JAX,CJF_1,CJF,1,R,R-JAX111419062,3,1,0.38428409282688947,0.7378324050681919
JAX111419062,JAX,CJF_1,CJF,1,R,R-JAX111419062,3,2,0.5036945749124533,0.7378324050681919
JAX111419062,JAX,CJF_1,CJF,1,R,R-JAX111419062,3,3,0.625742033491269,0.7378324050681919
JAX111419062,JAX,CJF_2,CJF,2,R,R-JAX111419062,3,1,0.352938004449369,0.6983548394057346
JAX111419062,JAX,CJF_2,CJF,2,R,R-JAX111419062,3,2,0.49218725169180766,0.6983548394057346
JAX111419062,JAX,CJF_2,CJF,2,R,R-JAX111419062,3,3,0.6097862337363937,0.6983548394057346
JAX111419062,JAX,JRS_1,JRS,1,R,R-JAX111419062,3,1,0.39384560715898126,0.7482696014157566
JAX111419062,JAX,JRS_1,JRS,1,R,R-JAX111419062,3,2,0.5243006788916454,0.7482696014157566
JAX111419062,JAX,JRS_1,JRS,1,R,R-JAX111419062,3,3,0.63747240443947,0.7482696014157566
JAX111419062,JAX,LEL_1,LEL,1,R,R-JAX111419062,4,1,0.2572352868523241,0.8679031791443625
JAX111419062,JAX,LEL_1,LEL,1,R,R-JAX111419062,4,2,0.5000743660643422,0.8679031791443625
JAX111419062,JAX,LEL_1,LEL,1,R,R-JAX111419062,4,3,0.6555154541024181,0.8679031791443625
JAX111419062,JAX,LEL_1,LEL,1,R,R-JAX111419062,4,4,0.7595094847700283,0.8679031791443625
JAX111419062,JAX,LSR_1,LSR,1,R,R-JAX111419062,3,1,0.42544319703572187,0.7453408892645669
JAX111419062,JAX,LSR_1,LSR,1,R,R-JAX111419062,3,2,0.5439861838530471,0.7453408892645669
JAX111419062,JAX,LSR_1,LSR,1,R,R-JAX111419062,3,3,0.649534050121044,0.7453408892645669
JAX111419062,JAX,MJS_1,MJS,1,R,R-JAX111419062,3,1,0.37149912264675883,0.7166821525675602
JAX111419062,JAX,MJS_1,MJS,1,R,R-JAX111419062,3,2,0.4874713050070376,0.7166821525675602
JAX111419062,JAX,MJS_1,MJS,1,R,R-JAX111419062,3,3,0.6085702143640634,0.7166821525675602
JAX111419063,JAX,CJF_1,CJF,1,R,R-JAX111419063,4,1,0.39136642469007854,0.8618969419169148
JAX111419063,JAX,CJF_1,CJF,1,R,R-JAX111419063,4,2,0.581970572184189,0.8618969419169148
JAX111419063,JAX,CJF_1,CJF,1,R,R-JAX111419063,4,3,0.6888069032662919,0.8618969419169148
JAX111419063,JAX,CJF_1,CJF,1,R,R-JAX111419063,4,4,0.777178443553549,0.8618969419169148
JAX111419063,JAX,CJF_2,CJF,2,R,R-JAX111419063,4,1,0.37871310113787093,0.8452112569234764
JAX111419063,JAX,CJF_2,CJF,2,R,R-JAX111419063,4,2,0.5650178798363468,0.8452112569234764
JAX111419063,JAX,CJF_2,CJF,2,R,R-JAX111419063,4,3,0.6554866018348328,0.8452112569234764
JAX111419063,JAX,CJF_2,CJF,2,R,R-JAX111419063,4,4,0.7580753550461866,0.8452112569234764
JAX111419063,JAX,JRS_1,JRS,1,R,R-JAX111419063,4,1,0.0842867999160089,0.8875361293821749
JAX111419063,JAX,JRS_1,JRS,1,R,R-JAX111419063,4,2,0.18081802741048564,0.8875361293821749
JAX111419063,JAX,JRS_1,JRS,1,R,R-JAX111419063,4,3,0.28027164255545034,0.8875361293821749
JAX111419063,JAX,JRS_1,JRS,1,R,R-JAX111419063,4,4,0.43778457014598293,0.8875361293821749
JAX111419063,JAX,LEL_1,LEL,1,R,R-JAX111419063,5,1,0.35687713049074,0.9817858667124498
JAX111419063,JAX,LEL_1,LEL,1,R,R-JAX111419063,5,2,0.5050798528509634,0.9817858667124498
JAX111419063,JAX,LEL_1,LEL,1,R,R-JAX111419063,5,3,0.6693314986015949,0.9817858667124498
JAX111419063,JAX,LEL_1,LEL,1,R,R-JAX111419063,5,4,0.7765998653024746,0.9817858667124498
JAX111419063,JAX,LEL_1,LEL,1,R,R-JAX111419063,5,5,0.8740191561943496,0.9817858667124498
JAX111419063,JAX,LSR_1,LSR,1,R,R-JAX111419063,4,1,0.29573833815438477,0.6474284127498042
JAX111419063,JAX,LSR_1,LSR,1,R,R-JAX111419063,4,2,0.4304188156238969,0.6474284127498042
JAX111419063,JAX,LSR_1,LSR,1,R,R-JAX111419063,4,3,0.5206092092211746,0.6474284127498042
JAX111419063,JAX,LSR_1,LSR,1,R,R-JAX111419063,4,4,0.5644084774778578,0.6474284127498042
JAX111419063,JAX,MJS_1,MJS,1,R,R-JAX111419063,4,1,0.3672945071200232,0.8354582458948437
JAX111419063,JAX,MJS_1,MJS,1,R,R-JAX111419063,4,2,0.5627914529820364,0.8354582458948437
JAX111419063,JAX,MJS_1,MJS,1,R,R-JAX111419063,4,3,0.6636323806020347,0.8354582458948437
JAX111419063,JAX,MJS_1,MJS,1,R,R-JAX111419063,4,4,0.756236197062988,0.8354582458948437
JAX111419064,JAX,CJF_1,CJF,1,R,R-JAX111419064,3,1,0.417507809537814,0.8765258628367083
JAX111419064,JAX,CJF_1,CJF,1,R,R-JAX111419064,3,2,0.5690177286566724,0.8765258628367083
JAX111419064,JAX,CJF_1,CJF,1,R,R-JAX111419064,3,3,0.7375880289924712,0.8765258628367083
JAX111419064,JAX,CJF_2,CJF,2,R,R-JAX111419064,3,1,0.4153054844209098,0.8698431323680639
JAX111419064,JAX,CJF_2,CJF,2,R,R-JAX111419064,3,2,0.550798566243584,0.8698431323680639
JAX111419064,JAX,CJF_2,CJF,2,R,R-JAX111419064,3,3,0.750472736496844,0.8698431323680639
JAX111419064,JAX,JRS_1,JRS,1,R,R-JAX111419064,3,1,0.3841458340178974,0.819095111695493
JAX111419064,JAX,JRS_1,JRS,1,R,R-JAX111419064,3,2,0.5102355348253584,0.819095111695493
JAX111419064,JAX,JRS_1,JRS,1,R,R-JAX111419064,3,3,0.6900670450902744,0.819095111695493
JAX111419064,JAX,LEL_1,LEL,1,R,R-JAX111419064,3,1,0.4091938339920732,0.858965503210962
JAX111419064,JAX,LEL_1,LEL,1,R,R-JAX111419064,3,2,0.5396104656936141,0.858965503210962
JAX111419064,JAX,LEL_1,LEL,1,R,R-JAX111419064,3,3,0.7501405550816951,0.858965503210962
JAX111419064,JAX,LSR_1,LSR,1,R,R-JAX111419064,3,1,0.29376116110669576,0.6222981322387604
JAX111419064,JAX,LSR_1,LSR,1,R,R-JAX111419064,3,2,0.3888506890610179,0.6222981322387604
JAX111419064,JAX,LSR_1,LSR,1,R,R-JAX111419064,3,3,0.5165703166651289,0.6222981322387604
JAX111419064,JAX,MJS_1,MJS,1,R,R-JAX111419064,3,1,0.41991330524752835,0.8618319019337305
JAX111419064,JAX,MJS_1,MJS,1,R,R-JAX111419064,3,2,0.5464025024734009,0.8618319019337305
JAX111419064,JAX,MJS_1,MJS,1,R,R-JAX111419064,3,3,0.755370314047799,0.8618319019337305
JAX111419065,JAX,CJF_1,CJF,1,R,R-JAX111419065,4,1,0.4935879564484137,0.9534405269465024
JAX111419065,JAX,CJF_1,CJF,1,R,R-JAX111419065,4,2,0.6424742210185587,0.9534405269465024
JAX111419065,JAX,CJF_1,CJF,1,R,R-JAX111419065,4,3,0.7443611265877957,0.9534405269465024
JAX111419065,JAX,CJF_1,CJF,1,R,R-JAX111419065,4,4,0.8489008267671492,0.9534405269465024
JAX111419065,JAX,CJF_2,CJF,2,R,R-JAX111419065,4,1,0.42287236738949646,0.8750534778777985
JAX111419065,JAX,CJF_2,CJF,2,R,R-JAX111419065,4,2,0.6020255467176527,0.8750534778777985
JAX111419065,JAX,CJF_2,CJF,2,R,R-JAX111419065,4,3,0.6930972412473727,0.8750534778777985
JAX111419065,JAX,CJF_2,CJF,2,R,R-JAX111419065,4,4,0.79064701867271725,0.8750534778777985
JAX111419065,JAX,JRS_1,JRS,1,R,R-JAX111419065,4,1,0.37609348055863734,0.8076786546419656
JAX111419065,JAX,JRS_1,JRS,1,R,R-JAX111419065,4,2,0.5378376513318414,0.8076786546419656
JAX111419065,JAX,JRS_1,JRS,1,R,R-JAX111419065,4,3,0.631820762753382,0.8076786546419656
JAX111419065,JAX,JRS_1,JRS,1,R,R-JAX111419065,4,4,0.7130939261721603,0.8076786546419656
JAX111419065,JAX,LEL_1,LEL,1,R,R-JAX111419065,4,1,0.37297204158842245,0.8220988978196428
JAX111419065,JAX,LEL_1,LEL,1,R,R-JAX111419065,4,2,0.5354025764787105,0.8220988978196428
JAX111419065,JAX,LEL_1,LEL,1,R,R-JAX111419065,4,3,0.6283588945617182,0.8220988978196428
JAX111419065,JAX,LEL_1,LEL,1,R,R-JAX111419065,4,4,0.723110039914386,0.8220988978196428
JAX111419065,JAX,LSR_1,LSR,1,R,R-JAX111419065,5,1,0.4430112425744318,0.836045058502246
JAX111419065,JAX,LSR_1,LSR,1,R,R-JAX111419065,5,2,0.5170772196675896,0.836045058502246
JAX111419065,JAX,LSR_1,LSR,1,R,R-JAX111419065,5,3,0.6024951619917598,0.836045058502246
JAX111419065,JAX,LSR_1,LSR,1,R,R-JAX111419065,5,4,0.712901817639239,0.836045058502246
JAX111419065,JAX,LSR_1,LSR,1,R,R-JAX111419065,5,5,0.7850987176401358,0.836045058502246
JAX111419065,JAX,MJS_1,MJS,1,R,R-JAX111419065,4,1,0.44551336754606635,0.9092208073271261
JAX111419065,JAX,MJS_1,MJS,1,R,R-JAX111419065,4,2,0.6235241929298435,0.9092208073271261
JAX111419065,JAX,MJS_1,MJS,1,R,R-JAX111419065,4,3,0.7217531507950323,0.9092208073271261
JAX111419065,JAX,MJS_1,MJS,1,R,R-JAX111419065,4,4,0.8254695785691974,0.9092208073271261
JAX111419066,JAX,CJF_1,CJF,1,R,R-JAX111419066,3,1,0.3609427278629428,0.6914873179525654
JAX111419066,JAX,CJF_1,CJF,1,R,R-JAX111419066,3,2,0.5047419424608989,0.6914873179525654
JAX111419066,JAX,CJF_1,CJF,1,R,R-JAX111419066,3,3,0.6259789393990632,0.6914873179525654
JAX111419066,JAX,CJF_2,CJF,2,R,R-JAX111419066,3,1,0.3503023037516954,0.8113200289733361
JAX111419066,JAX,CJF_2,CJF,2,R,R-JAX111419066,3,2,0.5640562457410765,0.8113200289733361
JAX111419066,JAX,CJF_2,CJF,2,R,R-JAX111419066,3,3,0.6951434626936405,0.8113200289733361
JAX111419066,JAX,JRS_1,JRS,1,R,R-JAX111419066,3,1,0.08003753876931048,0.6330147250694153
JAX111419066,JAX,JRS_1,JRS,1,R,R-JAX111419066,3,2,0.19216642633989298,0.6330147250694153
JAX111419066,JAX,JRS_1,JRS,1,R,R-JAX111419066,3,3,0.3101237819785304,0.6330147250694153
JAX111419066,JAX,LEL_1,LEL,1,R,R-JAX111419066,3,1,0.378640796696852,0.6907024221998734
JAX111419066,JAX,LEL_1,LEL,1,R,R-JAX111419066,3,2,0.513581651576309,0.6907024221998734
JAX111419066,JAX,LEL_1,LEL,1,R,R-JAX111419066,3,3,0.6116292701083945,0.6907024221998734
JAX111419066,JAX,LSR_1,LSR,1,R,R-JAX111419066,3,1,0.3174299768995787,0.6576693327837382
JAX111419066,JAX,LSR_1,LSR,1,R,R-JAX111419066,3,2,0.46378961141480424,0.6576693327837382
JAX111419066,JAX,LSR_1,LSR,1,R,R-JAX111419066,3,3,0.5691475318497705,0.6576693327837382
JAX111419066,JAX,MJS_1,MJS,1,R,R-JAX111419066,3,1,0.39342565634697196,0.8429906110729309
JAX111419066,JAX,MJS_1,MJS,1,R,R-JAX111419066,3,2,0.6005997132760669,0.8429906110729309
JAX111419066,JAX,MJS_1,MJS,1,R,R-JAX111419066,3,3,0.7330367318162047,0.8429906110729309
JAX111419067,JAX,CJF_1,CJF,1,R,R-JAX111419067,3,1,0.3588067984199852,0.7649847639402293
JAX111419067,JAX,CJF_1,CJF,1,R,R-JAX111419067,3,2,0.5378810577683539,0.7649847639402293
JAX111419067,JAX,CJF_1,CJF,1,R,R-JAX111419067,3,3,0.6668535378136669,0.7649847639402293
JAX111419067,JAX,CJF_2,CJF,2,R,R-JAX111419067,3,1,0.3738656597381332,0.758244558617763
JAX111419067,JAX,CJF_2,CJF,2,R,R-JAX111419067,3,2,0.5154939637431055,0.758244558617763
JAX111419067,JAX,CJF_2,CJF,2,R,R-JAX111419067,3,3,0.651249858898683,0.758244558617763
JAX111419067,JAX,JRS_1,JRS,1,R,R-JAX111419067,2,1,0.3887812791512741,0.5728776650840409
JAX111419067,JAX,JRS_1,JRS,1,R,R-JAX111419067,2,2,0.5080185626827647,0.5728776650840409
JAX111419067,JAX,LEL_1,LEL,1,R,R-JAX111419067,3,1,0.3651263732642646,0.7582888068024375
JAX111419067,JAX,LEL_1,LEL,1,R,R-JAX111419067,3,2,0.5194774754308531,0.7582888068024375
JAX111419067,JAX,LEL_1,LEL,1,R,R-JAX111419067,3,3,0.6221959070031885,0.7582888068024375
JAX111419067,JAX,LSR_1,LSR,1,R,R-JAX111419067,3,1,0.3015965380485079,0.5458701704174891
JAX111419067,JAX,LSR_1,LSR,1,R,R-JAX111419067,3,2,0.40702623421037687,0.5458701704174891
JAX111419067,JAX,LSR_1,LSR,1,R,R-JAX111419067,3,3,0.48120098951941215,0.5458701704174891
JAX111419067,JAX,MJS_1,MJS,1,R,R-JAX111419067,3,1,0.3929228623955135,0.7866511631883509
JAX111419067,JAX,MJS_1,MJS,1,R,R-JAX111419067,3,2,0.5431740325786004,0.7866511631883509
JAX111419067,JAX,MJS_1,MJS,1,R,R-JAX111419067,3,3,0.6741573629618264,0.7866511631883509
JAX111419068,JAX,CJF_1,CJF,1,R,R-JAX111419068,3,1,0.3675822537493518,0.7486462162097697
JAX111419068,JAX,CJF_1,CJF,1,R,R-JAX111419068,3,2,0.5012830148471965,0.7486462162097697
JAX111419068,JAX,CJF_1,CJF,1,R,R-JAX111419068,3,3,0.62551190592298,0.7486462162097697
JAX111419068,JAX,CJF_2,CJF,2,R,R-JAX111419068,3,1,0.3545713395639484,0.7434568179964355
JAX111419068,JAX,CJF_2,CJF,2,R,R-JAX111419068,3,2,0.5023955842054691,0.7434568179964355
JAX111419068,JAX,CJF_2,CJF,2,R,R-JAX111419068,3,3,0.6168431912628458,0.7434568179964355
JAX111419068,JAX,JRS_1,JRS,1,R,R-JAX111419068,3,1,0.4413433992257915,0.8337054792904383
JAX111419068,JAX,JRS_1,JRS,1,R,R-JAX111419068,3,2,0.5830583485346672,0.8337054792904383
JAX111419068,JAX,JRS_1,JRS,1,R,R-JAX111419068,3,3,0.7071700680938099,0.8337054792904383
JAX111419068,JAX,LEL_1,LEL,1,R,R-JAX111419068,3,1,0.4105083313105932,0.7934724486027654
JAX111419068,JAX,LEL_1,LEL,1,R,R-JAX111419068,3,2,0.5551017278595622,0.7934724486027654
JAX111419068,JAX,LEL_1,LEL,1,R,R-JAX111419068,3,3,0.6839854833780622,0.7934724486027654
JAX111419068,JAX,LSR_1,LSR,1,R,R-JAX111419068,3,1,0.47298701000388055,0.8414307420547276
JAX111419068,JAX,LSR_1,LSR,1,R,R-JAX111419068,3,2,0.6233036334281626,0.8414307420547276
JAX111419068,JAX,LSR_1,LSR,1,R,R-JAX111419068,3,3,0.7303891705964267,0.8414307420547276
JAX111419068,JAX,MJS_1,MJS,1,R,R-JAX111419068,3,1,0.36976403482342934,0.7421178102502427
JAX111419068,JAX,MJS_1,MJS,1,R,R-JAX111419068,3,2,0.5148950732782254,0.7421178102502427
JAX111419068,JAX,MJS_1,MJS,1,R,R-JAX111419068,3,3,0.6317989653594869,0.7421178102502427
JAX111419069,JAX,CJF_1,CJF,1,R,R-JAX111419069,3,1,0.3643734771348624,0.7105940393013408
JAX111419069,JAX,CJF_1,CJF,1,R,R-JAX111419069,3,2,0.514303774371137,0.7105940393013408
JAX111419069,JAX,CJF_1,CJF,1,R,R-JAX111419069,3,3,0.6166563550984795,0.7105940393013408
JAX111419069,JAX,CJF_2,CJF,2,R,R-JAX111419069,3,1,0.3849359178916936,0.7362371098233701
JAX111419069,JAX,CJF_2,CJF,2,R,R-JAX111419069,3,2,0.5356283143429866,0.7362371098233701
JAX111419069,JAX,CJF_2,CJF,2,R,R-JAX111419069,3,3,0.6438858164484056,0.7362371098233701
JAX111419069,JAX,JRS_1,JRS,1,R,R-JAX111419069,2,1,0.3906402521677895,0.730597566013059
JAX111419069,JAX,JRS_1,JRS,1,R,R-JAX111419069,2,2,0.5491170184356724,0.730597566013059
JAX111419069,JAX,LEL_1,LEL,1,R,R-JAX111419069,3,1,0.252860620768029,0.7827883443552812
JAX111419069,JAX,LEL_1,LEL,1,R,R-JAX111419069,3,2,0.4375720226475115,0.7827883443552812
JAX111419069,JAX,LEL_1,LEL,1,R,R-JAX111419069,3,3,0.5988522800522582,0.7827883443552812
JAX111419069,JAX,LSR_1,LSR,1,R,R-JAX111419069,3,1,0.4296978214481147,0.7528996445776017
JAX111419069,JAX,LSR_1,LSR,1,R,R-JAX111419069,3,2,0.5506540443575856,0.7528996445776017
JAX111419069,JAX,LSR_1,LSR,1,R,R-JAX111419069,3,3,0.6766911002790302,0.7528996445776017
JAX111419069,JAX,MJS_1,MJS,1,R,R-JAX111419069,3,1,0.3754296355269569,0.711975139094208
JAX111419069,JAX,MJS_1,MJS,1,R,R-JAX111419069,3,2,0.5338013750260747,0.711975139094208
JAX111419069,JAX,MJS_1,MJS,1,R,R-JAX111419069,3,3,0.6250035515421053,0.711975139094208
JAX111419070,JAX,CJF_1,CJF,1,R,R-JAX111419070,3,1,0.37452800223016425,0.8226776050309221
JAX111419070,JAX,CJF_1,CJF,1,R,R-JAX111419070,3,2,0.5556568699643627,0.8226776050309221
JAX111419070,JAX,CJF_1,CJF,1,R,R-JAX111419070,3,3,0.6967965895020367,0.8226776050309221
JAX111419070,JAX,CJF_2,CJF,2,R,R-JAX111419070,3,1,0.39815642975188076,0.8220477597965181
JAX111419070,JAX,CJF_2,CJF,2,R,R-JAX111419070,3,2,0.6071721180617689,0.8220477597965181
JAX111419070,JAX,CJF_2,CJF,2,R,R-JAX111419070,3,3,0.6984835452460807,0.8220477597965181
JAX111419070,JAX,JRS_1,JRS,1,R,R-JAX111419070,2,1,0.4117563981104935,0.7366256062299162
JAX111419070,JAX,JRS_1,JRS,1,R,R-JAX111419070,2,2,0.554976014844578,0.7366256062299162
JAX111419070,JAX,LEL_1,LEL,1,R,R-JAX111419070,3,1,0.44576049044082183,0.8549823971550129
JAX111419070,JAX,LEL_1,LEL,1,R,R-JAX111419070,3,2,0.6001074094917221,0.8549823971550129
JAX111419070,JAX,LEL_1,LEL,1,R,R-JAX111419070,3,3,0.7260144022320547,0.8549823971550129
JAX111419070,JAX,LSR_1,LSR,1,R,R-JAX111419070,3,1,0.3827902962252353,0.7929158462788082
JAX111419070,JAX,LSR_1,LSR,1,R,R-JAX111419070,3,2,0.5496174977940743,0.7929158462788082
JAX111419070,JAX,LSR_1,LSR,1,R,R-JAX111419070,3,3,0.7036699913061375,0.7929158462788082
JAX111419070,JAX,MJS_1,MJS,1,R,R-JAX111419070,3,1,0.46941870562715565,0.8773218129568888
JAX111419070,JAX,MJS_1,MJS,1,R,R-JAX111419070,3,2,0.6298863039253538,0.8773218129568888
JAX111419070,JAX,MJS_1,MJS,1,R,R-JAX111419070,3,3,0.7588540361243263,0.8773218129568888
JAX111419071,JAX,CJF_1,CJF,1,R,R-JAX111419071,3,1,0.46331264922147597,0.8916818137532295
JAX111419071,JAX,CJF_1,CJF,1,R,R-JAX111419071,3,2,0.6555282275359305,0.8916818137532295
JAX111419071,JAX,CJF_1,CJF,1,R,R-JAX111419071,3,3,0.7736050206445799,0.8916818137532295
JAX111419071,JAX,CJF_2,CJF,2,R,R-JAX111419071,3,1,0.4416538881430017,0.856432147806938
JAX111419071,JAX,CJF_2,CJF,2,R,R-JAX111419071,3,2,0.6277239900020662,0.856432147806938
JAX111419071,JAX,CJF_2,CJF,2,R,R-JAX111419071,3,3,0.7313930616618644,0.856432147806938
JAX111419071,JAX,JRS_1,JRS,1,R,R-JAX111419071,3,1,0.43428403815179206,0.8551077560227726
JAX111419071,JAX,JRS_1,JRS,1,R,R-JAX111419071,3,2,0.6303616853546551,0.8551077560227726
JAX111419071,JAX,JRS_1,JRS,1,R,R-JAX111419071,3,3,0.7383093778865907,0.8551077560227726
JAX111419071,JAX,LEL_1,LEL,1,R,R-JAX111419071,3,1,0.45868241566504836,0.9016399799528859
JAX111419071,JAX,LEL_1,LEL,1,R,R-JAX111419071,3,2,0.645006894292658,0.9016399799528859
JAX111419071,JAX,LEL_1,LEL,1,R,R-JAX111419071,3,3,0.7634692574640438,0.9016399799528859
JAX111419071,JAX,LSR_1,LSR,1,R,R-JAX111419071,3,1,0.47894840851765974,0.8763701794093774
JAX111419071,JAX,LSR_1,LSR,1,R,R-JAX111419071,3,2,0.6573188096265412,0.8763701794093774
JAX111419071,JAX,LSR_1,LSR,1,R,R-JAX111419071,3,3,0.7830400218577929,0.8763701794093774
JAX111419071,JAX,MJS_1,MJS,1,R,R-JAX111419071,3,1,0.46393855993537125,0.8874240679450609
JAX111419071,JAX,MJS_1,MJS,1,R,R-JAX111419071,3,2,0.6580677242082346,0.8874240679450609
JAX111419071,JAX,MJS_1,MJS,1,R,R-JAX111419071,3,3,0.774390846134093,0.8874240679450609
JAX111419072,JAX,CJF_1,CJF,1,R,R-JAX111419072,3,1,0.3650361831071629,0.7953762371076681
JAX111419072,JAX,CJF_1,CJF,1,R,R-JAX111419072,3,2,0.5789823613352145,0.7953762371076681
JAX111419072,JAX,CJF_1,CJF,1,R,R-JAX111419072,3,3,0.6941992258196563,0.7953762371076681
JAX111419072,JAX,CJF_2,CJF,2,R,R-JAX111419072,3,1,0.3518047103507256,0.7645328830543894
JAX111419072,JAX,CJF_2,CJF,2,R,R-JAX111419072,3,2,0.5474004442558805,0.7645328830543894
JAX111419072,JAX,CJF_2,CJF,2,R,R-JAX111419072,3,3,0.6772756893183494,0.7645328830543894
JAX111419072,JAX,JRS_1,JRS,1,R,R-JAX111419072,2,1,0.5443940218568009,0.7821458641271042
JAX111419072,JAX,JRS_1,JRS,1,R,R-JAX111419072,2,2,0.6853604586098909,0.7821458641271042
JAX111419072,JAX,LEL_1,LEL,1,R,R-JAX111419072,4,1,0.2291927768766333,0.8132701320598792
JAX111419072,JAX,LEL_1,LEL,1,R,R-JAX111419072,4,2,0.4204295748419399,0.8132701320598792
JAX111419072,JAX,LEL_1,LEL,1,R,R-JAX111419072,4,3,0.570796587078571,0.8132701320598792
JAX111419072,JAX,LEL_1,LEL,1,R,R-JAX111419072,4,4,0.6988041359052728,0.8132701320598792
JAX111419072,JAX,LSR_1,LSR,1,R,R-JAX111419072,3,1,0.38308135610708066,0.6299019019146277
JAX111419072,JAX,LSR_1,LSR,1,R,R-JAX111419072,3,2,0.48320157582480516,0.6299019019146277
JAX111419072,JAX,LSR_1,LSR,1,R,R-JAX111419072,3,3,0.5693602293150319,0.6299019019146277
JAX111419072,JAX,MJS_1,MJS,1,R,R-JAX111419072,3,1,0.42360191815970105,0.810997048899368
JAX111419072,JAX,MJS_1,MJS,1,R,R-JAX111419072,3,2,0.6082340145329359,0.810997048899368
JAX111419072,JAX,MJS_1,MJS,1,R,R-JAX111419072,3,3,0.7319931297431509,0.810997048899368
JAX111419073,JAX,CJF_1,CJF,1,R,R-JAX111419073,3,1,0.3938189901603271,0.8519323400509046
JAX111419073,JAX,CJF_1,CJF,1,R,R-JAX111419073,3,2,0.5728138199263257,0.8519323400509046
JAX111419073,JAX,CJF_1,CJF,1,R,R-JAX111419073,3,3,0.715775112875798,0.8519323400509046
JAX111419073,JAX,CJF_2,CJF,2,R,R-JAX111419073,3,1,0.4210837469306389,0.8756135672375596
JAX111419073,JAX,CJF_2,CJF,2,R,R-JAX111419073,3,2,0.6109821829885987,0.8756135672375596
JAX111419073,JAX,CJF_2,CJF,2,R,R-JAX111419073,3,3,0.7764279869976896,0.8756135672375596
JAX111419073,JAX,JRS_1,JRS,1,R,R-JAX111419073,3,1,0.31272466935382737,0.6344177515529087
JAX111419073,JAX,JRS_1,JRS,1,R,R-JAX111419073,3,2,0.403865811918961,0.6344177515529087
JAX111419073,JAX,JRS_1,JRS,1,R,R-JAX111419073,3,3,0.535250687387244,0.6344177515529087
JAX111419073,JAX,LEL_1,LEL,1,R,R-JAX111419073,3,1,0.41563653477593593,0.8580855280776499
JAX111419073,JAX,LEL_1,LEL,1,R,R-JAX111419073,3,2,0.577749773875581,0.8580855280776499
JAX111419073,JAX,LEL_1,LEL,1,R,R-JAX111419073,3,3,0.7520955013674743,0.8580855280776499
JAX111419073,JAX,LSR_1,LSR,1,R,R-JAX111419073,3,1,0.43931600633861406,0.8868200000237576
JAX111419073,JAX,LSR_1,LSR,1,R,R-JAX111419073,3,2,0.6262632057868602,0.8868200000237576
JAX111419073,JAX,LSR_1,LSR,1,R,R-JAX111419073,3,3,0.7890504188160862,0.8868200000237576
JAX111419073,JAX,MJS_1,MJS,1,R,R-JAX111419073,3,1,0.41577385490139973,0.8708111338121535
JAX111419073,JAX,MJS_1,MJS,1,R,R-JAX111419073,3,2,0.5931548836221378,0.8708111338121535
JAX111419073,JAX,MJS_1,MJS,1,R,R-JAX111419073,3,3,0.7937053265606944,0.8708111338121535
JAX111419074,JAX,CJF_1,CJF,1,R,R-JAX111419074,2,1,0.3304074899409186,0.6527863895863739
JAX111419074,JAX,CJF_1,CJF,1,R,R-JAX111419074,2,2,0.49769496087581633,0.6527863895863739
JAX111419074,JAX,CJF_2,CJF,2,R,R-JAX111419074,3,1,0.3897324220647775,0.737045509314769
JAX111419074,JAX,CJF_2,CJF,2,R,R-JAX111419074,3,2,0.4881637623707654,0.737045509314769
JAX111419074,JAX,CJF_2,CJF,2,R,R-JAX111419074,3,3,0.602334836201222,0.737045509314769
JAX111419074,JAX,LEL_1,LEL,1,R,R-JAX111419074,3,1,0.3219909198719301,0.6306998546297508
JAX111419074,JAX,LEL_1,LEL,1,R,R-JAX111419074,3,2,0.43782903123930816,0.6306998546297508
JAX111419074,JAX,LEL_1,LEL,1,R,R-JAX111419074,3,3,0.5368630312907952,0.6306998546297508
JAX111419074,JAX,LSR_1,LSR,1,R,R-JAX111419074,4,1,0.3953199004057822,0.6875163626617993
JAX111419074,JAX,LSR_1,LSR,1,R,R-JAX111419074,4,2,0.47144860222808804,0.6875163626617993
JAX111419074,JAX,LSR_1,LSR,1,R,R-JAX111419074,4,3,0.5675486817608828,0.6875163626617993
JAX111419074,JAX,LSR_1,LSR,1,R,R-JAX111419074,4,4,0.6301800154194598,0.6875163626617993
JAX111419074,JAX,MJS_1,MJS,1,R,R-JAX111419074,3,1,0.4280932000268656,0.7762865619229337
JAX111419074,JAX,MJS_1,MJS,1,R,R-JAX111419074,3,2,0.5271101765710584,0.7762865619229337
JAX111419074,JAX,MJS_1,MJS,1,R,R-JAX111419074,3,3,0.6453259897758642,0.7762865619229337
JAX111419075,JAX,CJF_1,CJF,1,R,R-JAX111419075,4,1,0.37528262367628384,0.8662913394519156
JAX111419075,JAX,CJF_1,CJF,1,R,R-JAX111419075,4,2,0.5516506410545803,0.8662913394519156
JAX111419075,JAX,CJF_1,CJF,1,R,R-JAX111419075,4,3,0.6929722994732108,0.8662913394519156
JAX111419075,JAX,CJF_1,CJF,1,R,R-JAX111419075,4,4,0.7887281082544048,0.8662913394519156
JAX111419075,JAX,CJF_2,CJF,2,R,R-JAX111419075,4,1,0.3926183806166708,0.8914150866348747
JAX111419075,JAX,CJF_2,CJF,2,R,R-JAX111419075,4,2,0.5860500558183341,0.8914150866348747
JAX111419075,JAX,CJF_2,CJF,2,R,R-JAX111419075,4,3,0.7124605559481462,0.8914150866348747
JAX111419075,JAX,CJF_2,CJF,2,R,R-JAX111419075,4,4,0.8142778241988833,0.8914150866348747
JAX111419075,JAX,JRS_1,JRS,1,R,R-JAX111419075,3,1,0.14321281395353208,0.9495945586035193
JAX111419075,JAX,JRS_1,JRS,1,R,R-JAX111419075,3,2,0.3069360469266064,0.9495945586035193
JAX111419075,JAX,JRS_1,JRS,1,R,R-JAX111419075,3,3,0.46893205630219736,0.9495945586035193
JAX111419075,JAX,LEL_1,LEL,1,R,R-JAX111419075,5,1,0.28382543045304115,0.9203561660809628
JAX111419075,JAX,LEL_1,LEL,1,R,R-JAX111419075,5,2,0.4551679051452203,0.9203561660809628
JAX111419075,JAX,LEL_1,LEL,1,R,R-JAX111419075,5,3,0.6230196584362175,0.9203561660809628
JAX111419075,JAX,LEL_1,LEL,1,R,R-JAX111419075,5,4,0.7471280400424353,0.9203561660809628
JAX111419075,JAX,LEL_1,LEL,1,R,R-JAX111419075,5,5,0.8383159407818118,0.9203561660809628
JAX111419075,JAX,LSR_1,LSR,1,R,R-JAX111419075,4,1,0.3683332624695072,0.8561138011596126
JAX111419075,JAX,LSR_1,LSR,1,R,R-JAX111419075,4,2,0.5715993997897075,0.8561138011596126
JAX111419075,JAX,LSR_1,LSR,1,R,R-JAX111419075,4,3,0.6836138411332358,0.8561138011596126
JAX111419075,JAX,LSR_1,LSR,1,R,R-JAX111419075,4,4,0.7774361341598067,0.8561138011596126
JAX111419075,JAX,MJS_1,MJS,1,R,R-JAX111419075,4,1,0.3556667110650504,0.8617569368576543
JAX111419075,JAX,MJS_1,MJS,1,R,R-JAX111419075,4,2,0.5556929307683697,0.8617569368576543
JAX111419075,JAX,MJS_1,MJS,1,R,R-JAX111419075,4,3,0.6805135727284701,0.8617569368576543
JAX111419075,JAX,MJS_1,MJS,1,R,R-JAX111419075,4,4,0.7813838194447117,0.8617569368576543
JAX111419076,JAX,CJF_1,CJF,1,R,R-JAX111419076,3,1,0.39386161086757104,0.8176917922201512
JAX111419076,JAX,CJF_1,CJF,1,R,R-JAX111419076,3,2,0.5580784113143041,0.8176917922201512
JAX111419076,JAX,CJF_1,CJF,1,R,R-JAX111419076,3,3,0.6830774465652673,0.8176917922201512
JAX111419076,JAX,CJF_2,CJF,2,R,R-JAX111419076,3,1,0.42112511832235916,0.7962550919458097
JAX111419076,JAX,CJF_2,CJF,2,R,R-JAX111419076,3,2,0.5675420059104239,0.7962550919458097
JAX111419076,JAX,CJF_2,CJF,2,R,R-JAX111419076,3,3,0.6851691200306252,0.7962550919458097
JAX111419076,JAX,JRS_1,JRS,1,R,R-JAX111419076,3,1,0.4169419927199559,0.7998911793747343
JAX111419076,JAX,JRS_1,JRS,1,R,R-JAX111419076,3,2,0.5810959750746209,0.7998911793747343
JAX111419076,JAX,JRS_1,JRS,1,R,R-JAX111419076,3,3,0.6746249442730798,0.7998911793747343
JAX111419076,JAX,LEL_1,LEL,1,R,R-JAX111419076,4,1,0.1881941315712626,0.8177196592033497
JAX111419076,JAX,LEL_1,LEL,1,R,R-JAX111419076,4,2,0.41990387536643686,0.8177196592033497
JAX111419076,JAX,LEL_1,LEL,1,R,R-JAX111419076,4,3,0.5833675622553673,0.8177196592033497
JAX111419076,JAX,LEL_1,LEL,1,R,R-JAX111419076,4,4,0.7012898305094931,0.8177196592033497
JAX111419076,JAX,LSR_1,LSR,1,R,R-JAX111419076,3,1,0.4291894572005415,0.7889167239775681
JAX111419076,JAX,LSR_1,LSR,1,R,R-JAX111419076,3,2,0.5549954309435889,0.7889167239775681
JAX111419076,JAX,LSR_1,LSR,1,R,R-JAX111419076,3,3,0.6682674981891847,0.7889167239775681
JAX111419076,JAX,MJS_1,MJS,1,R,R-JAX111419076,3,1,0.3754283218859179,0.7495971509152072
JAX111419076,JAX,MJS_1,MJS,1,R,R-JAX111419076,3,2,0.5329956470292951,0.7495971509152072
JAX111419076,JAX,MJS_1,MJS,1,R,R-JAX111419076,3,3,0.653060380171772,0.7495971509152072
JAX111419077,JAX,CJF_1,CJF,1,R,R-JAX111419077,3,1,0.46118699195081997,0.9084060291508795
JAX111419077,JAX,CJF_1,CJF,1,R,R-JAX111419077,3,2,0.6374808622506579,0.9084060291508795
JAX111419077,JAX,CJF_1,CJF,1,R,R-JAX111419077,3,3,0.7686286875729836,0.9084060291508795
JAX111419077,JAX,CJF_2,CJF,2,R,R-JAX111419077,3,1,0.476744444517525,0.9191074814661381
JAX111419077,JAX,CJF_2,CJF,2,R,R-JAX111419077,3,2,0.6484435572628562,0.9191074814661381
JAX111419077,JAX,CJF_2,CJF,2,R,R-JAX111419077,3,3,0.7822342307836063,0.9191074814661381
JAX111419077,JAX,JRS_1,JRS,1,R,R-JAX111419077,3,1,0.46973396598461564,0.8977330681089273
JAX111419077,JAX,JRS_1,JRS,1,R,R-JAX111419077,3,2,0.6326437808580199,0.8977330681089273
JAX111419077,JAX,JRS_1,JRS,1,R,R-JAX111419077,3,3,0.7677303531578874,0.8977330681089273
JAX111419077,JAX,LEL_1,LEL,1,R,R-JAX111419077,4,1,0.2970221669801475,0.9281531293251939
JAX111419077,JAX,LEL_1,LEL,1,R,R-JAX111419077,4,2,0.4930192166467932,0.9281531293251939
JAX111419077,JAX,LEL_1,LEL,1,R,R-JAX111419077,4,3,0.6681737528577503,0.9281531293251939
JAX111419077,JAX,LEL_1,LEL,1,R,R-JAX111419077,4,4,0.7864007050763168,0.9281531293251939
JAX111419077,JAX,LSR_1,LSR,1,R,R-JAX111419077,3,1,0.5030574277831946,0.9407805454385939
JAX111419077,JAX,LSR_1,LSR,1,R,R-JAX111419077,3,2,0.689072802129086,0.9407805454385939
JAX111419077,JAX,LSR_1,LSR,1,R,R-JAX111419077,3,3,0.8268873625549029,0.9407805454385939
JAX111419077,JAX,MJS_1,MJS,1,R,R-JAX111419077,3,1,0.5355674212058221,0.9694765997682815
JAX111419077,JAX,MJS_1,MJS,1,R,R-JAX111419077,3,2,0.7208366275487446,0.9694765997682815
JAX111419077,JAX,MJS_1,MJS,1,R,R-JAX111419077,3,3,0.8417299237056133,0.9694765997682815
JAX111419078,JAX,CJF_1,CJF,1,R,R-JAX111419078,3,1,0.4102939307060288,0.7817759336605813
JAX111419078,JAX,CJF_1,CJF,1,R,R-JAX111419078,3,2,0.5563268247082469,0.7817759336605813
JAX111419078,JAX,CJF_1,CJF,1,R,R-JAX111419078,3,3,0.6846427842675342,0.7817759336605813
JAX111419078,JAX,CJF_2,CJF,2,R,R-JAX111419078,3,1,0.3994963710363749,0.7815622566385367
JAX111419078,JAX,CJF_2,CJF,2,R,R-JAX111419078,3,2,0.5462980647810214,0.7815622566385367
JAX111419078,JAX,CJF_2,CJF,2,R,R-JAX111419078,3,3,0.6755992340336816,0.7815622566385367
JAX111419078,JAX,JRS_1,JRS,1,R,R-JAX111419078,3,1,0.4262602513103358,0.8028978308387141
JAX111419078,JAX,JRS_1,JRS,1,R,R-JAX111419078,3,2,0.5545281380388237,0.8028978308387141
JAX111419078,JAX,JRS_1,JRS,1,R,R-JAX111419078,3,3,0.6887997417579823,0.8028978308387141
JAX111419078,JAX,LEL_1,LEL,1,R,R-JAX111419078,3,1,0.4322985422585973,0.8147177354010824
JAX111419078,JAX,LEL_1,LEL,1,R,R-JAX111419078,3,2,0.5741422196409043,0.8147177354010824
JAX111419078,JAX,LEL_1,LEL,1,R,R-JAX111419078,3,3,0.7209099418605807,0.8147177354010824
JAX111419078,JAX,LSR_1,LSR,1,R,R-JAX111419078,3,1,0.4484336815939793,0.8146304185288693
JAX111419078,JAX,LSR_1,LSR,1,R,R-JAX111419078,3,2,0.6061456928579645,0.8146304185288693
JAX111419078,JAX,LSR_1,LSR,1,R,R-JAX111419078,3,3,0.7247326178083817,0.8146304185288693
JAX111419078,JAX,MJS_1,MJS,1,R,R-JAX111419078,3,1,0.4340386304769985,0.8225010020999116
JAX111419078,JAX,MJS_1,MJS,1,R,R-JAX111419078,3,2,0.5988254316567403,0.8225010020999116
JAX111419078,JAX,MJS_1,MJS,1,R,R-JAX111419078,3,3,0.7132748425812643,0.8225010020999116
JAX111419079,JAX,CJF_1,CJF,1,R,R-JAX111419079,2,1,0.3645857241578335,0.6930750457345529
JAX111419079,JAX,CJF_1,CJF,1,R,R-JAX111419079,2,2,0.5452319928816878,0.6930750457345529
JAX111419079,JAX,CJF_2,CJF,2,R,R-JAX111419079,2,1,0.4062343448904405,0.7284698467644682
JAX111419079,JAX,CJF_2,CJF,2,R,R-JAX111419079,2,2,0.5882677280349248,0.7284698467644682
JAX111419079,JAX,JRS_1,JRS,1,R,R-JAX111419079,2,1,0.4443092556697347,0.7682377855403169
JAX111419079,JAX,JRS_1,JRS,1,R,R-JAX111419079,2,2,0.6217053142986851,0.7682377855403169
JAX111419079,JAX,LEL_1,LEL,1,R,R-JAX111419079,2,1,0.40919804240998486,0.7280515165907833
JAX111419079,JAX,LEL_1,LEL,1,R,R-JAX111419079,2,2,0.5859396129343146,0.7280515165907833
JAX111419079,JAX,LSR_1,LSR,1,R,R-JAX111419079,3,1,0.41177375681085693,0.7441805052155104
JAX111419079,JAX,LSR_1,LSR,1,R,R-JAX111419079,3,2,0.5000109904131838,0.7441805052155104
JAX111419079,JAX,LSR_1,LSR,1,R,R-JAX111419079,3,3,0.6041572174865283,0.7441805052155104
JAX111419079,JAX,MJS_1,MJS,1,R,R-JAX111419079,2,1,0.472525568544935,0.806608363720684
JAX111419079,JAX,MJS_1,MJS,1,R,R-JAX111419079,2,2,0.6489758325978879,0.806608363720684
JAX111419080,JAX,CJF_1,CJF,1,R,R-JAX111419080,3,1,0.3838798797069242,0.8137266100212577
JAX111419080,JAX,CJF_1,CJF,1,R,R-JAX111419080,3,2,0.5805690906915845,0.8137266100212577
JAX111419080,JAX,CJF_1,CJF,1,R,R-JAX111419080,3,3,0.723838020014229,0.8137266100212577
JAX111419080,JAX,CJF_2,CJF,2,R,R-JAX111419080,3,1,0.3841543842183735,0.7923914606233554
JAX111419080,JAX,CJF_2,CJF,2,R,R-JAX111419080,3,2,0.5610100681869554,0.7923914606233554
JAX111419080,JAX,CJF_2,CJF,2,R,R-JAX111419080,3,3,0.6916168823500407,0.7923914606233554
JAX111419080,JAX,JRS_1,JRS,1,R,R-JAX111419080,3,1,0.4020557321414562,0.8049319306962254
JAX111419080,JAX,JRS_1,JRS,1,R,R-JAX111419080,3,2,0.5601564337196605,0.8049319306962254
JAX111419080,JAX,JRS_1,JRS,1,R,R-JAX111419080,3,3,0.6991794028172249,0.8049319306962254
JAX111419080,JAX,LEL_1,LEL,1,R,R-JAX111419080,3,1,0.3881550275344056,0.8065204167146965
JAX111419080,JAX,LEL_1,LEL,1,R,R-JAX111419080,3,2,0.5660977293453808,0.8065204167146965
JAX111419080,JAX,LEL_1,LEL,1,R,R-JAX111419080,3,3,0.6921475736534222,0.8065204167146965
JAX111419080,JAX,LSR_1,LSR,1,R,R-JAX111419080,3,1,0.3031320955932708,0.5688178961277964
JAX111419080,JAX,LSR_1,LSR,1,R,R-JAX111419080,3,2,0.4005448351866445,0.5688178961277964
JAX111419080,JAX,LSR_1,LSR,1,R,R-JAX111419080,3,3,0.4797008693001117,0.5688178961277964
JAX111419080,JAX,MJS_1,MJS,1,R,R-JAX111419080,3,1,0.4283558044500875,0.8376685521798319
JAX111419080,JAX,MJS_1,MJS,1,R,R-JAX111419080,3,2,0.61766566197037,0.8376685521798319
JAX111419080,JAX,MJS_1,MJS,1,R,R-JAX111419080,3,3,0.7302258112712259,0.8376685521798319
JAX111419081,JAX,CJF_1,CJF,1,R,R-JAX111419081,1,1,0.43195977760619114,0.6614136623086642
JAX111419081,JAX,CJF_2,CJF,2,R,R-JAX111419081,1,1,0.45893957128698787,0.68369136873116
JAX111419081,JAX,JRS_1,JRS,1,R,R-JAX111419081,1,1,0.2348991837122231,0.6917621788331743
JAX111419081,JAX,LEL_1,LEL,1,R,R-JAX111419081,2,1,0.3955864805524067,0.7181823459717315
JAX111419081,JAX,LEL_1,LEL,1,R,R-JAX111419081,2,2,0.515175490328879,0.7181823459717315
JAX111419081,JAX,LSR_1,LSR,1,R,R-JAX111419081,2,1,0.2667476326833232,0.47279853760084967
JAX111419081,JAX,LSR_1,LSR,1,R,R-JAX111419081,2,2,0.3936426281131181,0.47279853760084967
JAX111419081,JAX,MJS_1,MJS,1,R,R-JAX111419081,1,1,0.5699366768905312,0.7312493575145838
JAX111419082,JAX,CJF_1,CJF,1,R,R-JAX111419082,3,1,0.3349774840785773,0.6019387792073414
JAX111419082,JAX,CJF_1,CJF,1,R,R-JAX111419082,3,2,0.45611522025411705,0.6019387792073414
JAX111419082,JAX,CJF_1,CJF,1,R,R-JAX111419082,3,3,0.5326726230340764,0.6019387792073414
JAX111419082,JAX,CJF_2,CJF,2,R,R-JAX111419082,3,1,0.4095228489592195,0.8254142821294769
JAX111419082,JAX,CJF_2,CJF,2,R,R-JAX111419082,3,2,0.5581228920379389,0.8254142821294769
JAX111419082,JAX,CJF_2,CJF,2,R,R-JAX111419082,3,3,0.6956369094728694,0.8254142821294769
JAX111419082,JAX,JRS_1,JRS,1,R,R-JAX111419082,3,1,0.46247391660322235,0.8665884353068547
JAX111419082,JAX,JRS_1,JRS,1,R,R-JAX111419082,3,2,0.6205141461416848,0.8665884353068547
JAX111419082,JAX,JRS_1,JRS,1,R,R-JAX111419082,3,3,0.750543538526195,0.8665884353068547
JAX111419082,JAX,LEL_1,LEL,1,R,R-JAX111419082,3,1,0.4342036757113922,0.8284765310148832
JAX111419082,JAX,LEL_1,LEL,1,R,R-JAX111419082,3,2,0.5929019242351619,0.8284765310148832
JAX111419082,JAX,LEL_1,LEL,1,R,R-JAX111419082,3,3,0.7235206658267765,0.8284765310148832
JAX111419082,JAX,LSR_1,LSR,1,R,R-JAX111419082,3,1,0.4478432551195653,0.8470075550363644
JAX111419082,JAX,LSR_1,LSR,1,R,R-JAX111419082,3,2,0.6221586346930553,0.8470075550363644
JAX111419082,JAX,LSR_1,LSR,1,R,R-JAX111419082,3,3,0.7265738384029427,0.8470075550363644
JAX111419082,JAX,MJS_1,MJS,1,R,R-JAX111419082,3,1,0.4420114034803457,0.8594148863629514
JAX111419082,JAX,MJS_1,MJS,1,R,R-JAX111419082,3,2,0.5986906768132327,0.8594148863629514
JAX111419082,JAX,MJS_1,MJS,1,R,R-JAX111419082,3,3,0.7297910096583652,0.8594148863629514
JAX111419083,JAX,CJF_1,CJF,1,R,R-JAX111419083,2,1,0.3468249505952862,0.6680275025162294
JAX111419083,JAX,CJF_1,CJF,1,R,R-JAX111419083,2,2,0.5407009541624944,0.6680275025162294
JAX111419083,JAX,CJF_2,CJF,2,R,R-JAX111419083,2,1,0.42278425444475276,0.6371918950469146
JAX111419083,JAX,CJF_2,CJF,2,R,R-JAX111419083,2,2,0.5615446601095466,0.6371918950469146
JAX111419083,JAX,JRS_1,JRS,1,R,R-JAX111419083,2,1,0.3454234818940333,0.5719923969361793
JAX111419083,JAX,JRS_1,JRS,1,R,R-JAX111419083,2,2,0.46925045341236427,0.5719923969361793
JAX111419083,JAX,LEL_1,LEL,1,R,R-JAX111419083,3,1,0.2731602012486409,0.6577202122651541
JAX111419083,JAX,LEL_1,LEL,1,R,R-JAX111419083,3,2,0.4286878193328063,0.6577202122651541
JAX111419083,JAX,LEL_1,LEL,1,R,R-JAX111419083,3,3,0.5519713998587228,0.6577202122651541
JAX111419083,JAX,LSR_1,LSR,1,R,R-JAX111419083,3,1,0.23900270581253158,0.5561165130194448
JAX111419083,JAX,LSR_1,LSR,1,R,R-JAX111419083,3,2,0.33110090368894607,0.5561165130194448
JAX111419083,JAX,LSR_1,LSR,1,R,R-JAX111419083,3,3,0.47460029242590274,0.5561165130194448
JAX111419083,JAX,MJS_1,MJS,1,R,R-JAX111419083,2,1,0.39538424792198856,0.5650145680515364
JAX111419083,JAX,MJS_1,MJS,1,R,R-JAX111419083,2,2,0.5021629483770881,0.5650145680515364
JAX111419084,JAX,CJF_1,CJF,1,R,R-JAX111419084,1,1,0.47086576407642405,0.6647089526606481
JAX111419084,JAX,CJF_2,CJF,2,R,R-JAX111419084,1,1,0.49454363746772756,0.7080957549422202
JAX111419084,JAX,JRS_1,JRS,1,R,R-JAX111419084,1,1,0.38086940213273845,0.5395144561013687
JAX111419084,JAX,LEL_1,LEL,1,R,R-JAX111419084,2,1,0.2775835828072267,0.6851810135082989
JAX111419084,JAX,LEL_1,LEL,1,R,R-JAX111419084,2,2,0.5184961436986818,0.6851810135082989
JAX111419084,JAX,LSR_1,LSR,1,R,R-JAX111419084,2,1,0.3970394508709101,0.6524655355084616
JAX111419084,JAX,LSR_1,LSR,1,R,R-JAX111419084,2,2,0.47433315880306204,0.6524655355084616
JAX111419084,JAX,MJS_1,MJS,1,R,R-JAX111419084,1,1,0.48281574200390043,0.6744444481113805
JAX111419085,JAX,CJF_1,CJF,1,R,R-JAX111419085,1,1,0.4316521742963139,0.6181464419408618
JAX111419085,JAX,CJF_2,CJF,2,R,R-JAX111419085,1,1,0.4945634335387778,0.6680381361192373
JAX111419085,JAX,JRS_1,JRS,1,R,R-JAX111419085,1,1,0.5108257259237449,0.6794053699761793
JAX111419085,JAX,LEL_1,LEL,1,R,R-JAX111419085,1,1,0.5218111962987754,0.6982433255355631
JAX111419085,JAX,LSR_1,LSR,1,R,R-JAX111419085,2,1,0.37026651392486615,0.5116624694151748
JAX111419085,JAX,LSR_1,LSR,1,R,R-JAX111419085,2,2,0.4812579111364655,0.5116624694151748
JAX111419085,JAX,MJS_1,MJS,1,R,R-JAX111419085,1,1,0.4562821862021105,0.6333704117865032
JAX111419086,JAX,CJF_1,CJF,1,R,R-JAX111419086,1,1,0.4450077428103941,0.6853224870130707
JAX111419086,JAX,CJF_2,CJF,2,R,R-JAX111419086,1,1,0.47508040912338967,0.6795834993136249
JAX111419086,JAX,JRS_1,JRS,1,R,R-JAX111419086,1,1,0.43432104095247154,0.6472827620112573
JAX111419086,JAX,LEL_1,LEL,1,R,R-JAX111419086,1,1,0.44036983142738756,0.5746886086570993
JAX111419086,JAX,LSR_1,LSR,1,R,R-JAX111419086,2,1,0.37850715294257087,0.531185488292463
JAX111419086,JAX,LSR_1,LSR,1,R,R-JAX111419086,2,2,0.46642168554247976,0.531185488292463
JAX111419086,JAX,MJS_1,MJS,1,R,R-JAX111419086,1,1,0.43005992699370255,0.5659851024413679
JAX111419087,JAX,CJF_1,CJF,1,R,R-JAX111419087,1,1,0.3717265170596853,0.578030546527853
JAX111419087,JAX,CJF_2,CJF,2,R,R-JAX111419087,1,1,0.4182893801598242,0.672481302000707
JAX111419087,JAX,JRS_1,JRS,1,R,R-JAX111419087,1,1,0.3083863957027205,0.5139790736597529
JAX111419087,JAX,LEL_1,LEL,1,R,R-JAX111419087,1,1,0.37762883476777837,0.6127192563882096
JAX111419087,JAX,LSR_1,LSR,1,R,R-JAX111419087,2,1,0.24805135989341998,0.5350282392794898
JAX111419087,JAX,LSR_1,LSR,1,R,R-JAX111419087,2,2,0.49663706646148353,0.5350282392794898
JAX111419087,JAX,MJS_1,MJS,1,R,R-JAX111419087,1,1,0.3839773082270425,0.5917290934113549
JAX111419088,JAX,CJF_1,CJF,1,R,R-JAX111419088,1,1,0.49486011906594574,0.6907531251229458
JAX111419088,JAX,CJF_2,CJF,2,R,R-JAX111419088,1,1,0.4786696619729119,0.6811376390267366
JAX111419088,JAX,JRS_1,JRS,1,R,R-JAX111419088,1,1,0.5224024811639939,0.7212118927164674
JAX111419088,JAX,LEL_1,LEL,1,R,R-JAX111419088,1,1,0.49890357326404394,0.6976703114831198
JAX111419088,JAX,LSR_1,LSR,1,R,R-JAX111419088,1,1,0.48351478387608493,0.6681167432479205
JAX111419088,JAX,MJS_1,MJS,1,R,R-JAX111419088,1,1,0.4619636318526538,0.6557549371074403
JAX111419089,JAX,CJF_1,CJF,1,R,R-JAX111419089,1,1,0.48545289415746534,0.7123332486063458
JAX111419089,JAX,CJF_2,CJF,2,R,R-JAX111419089,1,1,0.4642938100307525,0.677307764559165
JAX111419089,JAX,JRS_1,JRS,1,R,R-JAX111419089,1,1,0.5452128127935382,0.7525397807306807
JAX111419089,JAX,LEL_1,LEL,1,R,R-JAX111419089,1,1,0.503622636090731,0.7347533983682255
JAX111419089,JAX,LSR_1,LSR,1,R,R-JAX111419089,1,1,0.405977486237326,0.537680998046221
JAX111419089,JAX,MJS_1,MJS,1,R,R-JAX111419089,1,1,0.504087069408142,0.7145972254080459
JAX111419090,JAX,CJF_1,CJF,1,R,R-JAX111419090,1,1,0.3931791458316617,0.5720043899275064
JAX111419090,JAX,CJF_2,CJF,2,R,R-JAX111419090,1,1,0.3862576581467123,0.5657476560331552
JAX111419090,JAX,JRS_1,JRS,1,R,R-JAX111419090,1,1,0.4512536548890501,0.6450789130046017
JAX111419090,JAX,LEL_1,LEL,1,R,R-JAX111419090,1,1,0.48424052888751085,0.6671119447629568
JAX111419090,JAX,LSR_1,LSR,1,R,R-JAX111419090,1,1,0.47480890622342203,0.64880775222002
JAX111419090,JAX,MJS_1,MJS,1,R,R-JAX111419090,1,1,0.41229420499186237,0.597506186845878
JAX111419091,JAX,CJF_1,CJF,1,R,R-JAX111419091,0,NA,NA,0.4300572424551156
JAX111419091,JAX,CJF_2,CJF,2,R,R-JAX111419091,0,NA,NA,0.46598322990486046
JAX111419091,JAX,JRS_1,JRS,1,R,R-JAX111419091,0,NA,NA,0.42259694267306175
JAX111419091,JAX,LEL_1,LEL,1,R,R-JAX111419091,0,NA,NA,0.47336961055751275
JAX111419091,JAX,LSR_1,LSR,1,R,R-JAX111419091,1,1,0.3527469965497939,0.44068132864140447
JAX111419091,JAX,MJS_1,MJS,1,R,R-JAX111419091,0,NA,NA,0.4506224676523554
JAX111419092,JAX,CJF_1,CJF,1,R,R-JAX111419092,0,NA,NA,0.516976884138796
JAX111419092,JAX,CJF_2,CJF,2,R,R-JAX111419092,0,NA,NA,0.5009542518173109
JAX111419092,JAX,JRS_1,JRS,1,R,R-JAX111419092,0,NA,NA,0.3779618098271573
JAX111419092,JAX,LEL_1,LEL,1,R,R-JAX111419092,1,1,0.311290054458557,0.4946311631474156
JAX111419092,JAX,LSR_1,LSR,1,R,R-JAX111419092,1,1,0.3244054937412463,0.44468823949819736
JAX111419092,JAX,MJS_1,MJS,1,R,R-JAX111419092,0,NA,NA,0.5038926200446899
JAX111419093,JAX,CJF_1,CJF,1,R,R-JAX111419093,4,1,0.6267699525843147,1.0804469138302237
JAX111419093,JAX,CJF_1,CJF,1,R,R-JAX111419093,4,2,0.7816340251473786,1.0804469138302237
JAX111419093,JAX,CJF_1,CJF,1,R,R-JAX111419093,4,3,0.8851575027776775,1.0804469138302237
JAX111419093,JAX,CJF_1,CJF,1,R,R-JAX111419093,4,4,0.9762031173776804,1.0804469138302237
JAX111419093,JAX,CJF_2,CJF,2,R,R-JAX111419093,5,1,0.4626833758106153,1.123451426201354
JAX111419093,JAX,CJF_2,CJF,2,R,R-JAX111419093,5,2,0.6689884276831402,1.123451426201354
JAX111419093,JAX,CJF_2,CJF,2,R,R-JAX111419093,5,3,0.8118882971366215,1.123451426201354
JAX111419093,JAX,CJF_2,CJF,2,R,R-JAX111419093,5,4,0.9250155016518223,1.123451426201354
JAX111419093,JAX,CJF_2,CJF,2,R,R-JAX111419093,5,5,1.0281175706552395,1.123451426201354
JAX111419093,JAX,JRS_1,JRS,1,R,R-JAX111419093,5,1,0.3899714533138867,1.02147273725322
JAX111419093,JAX,JRS_1,JRS,1,R,R-JAX111419093,5,2,0.5888778781285772,1.02147273725322
JAX111419093,JAX,JRS_1,JRS,1,R,R-JAX111419093,5,3,0.732422481285319,1.02147273725322
JAX111419093,JAX,JRS_1,JRS,1,R,R-JAX111419093,5,4,0.8377546392026561,1.02147273725322
JAX111419093,JAX,JRS_1,JRS,1,R,R-JAX111419093,5,5,0.9367175891963975,1.02147273725322
JAX111419093,JAX,LEL_1,LEL,1,R,R-JAX111419093,5,1,0.40258897245299025,1.0555768318602181
JAX111419093,JAX,LEL_1,LEL,1,R,R-JAX111419093,5,2,0.6033701025410092,1.0555768318602181
JAX111419093,JAX,LEL_1,LEL,1,R,R-JAX111419093,5,3,0.7597278395018106,1.0555768318602181
JAX111419093,JAX,LEL_1,LEL,1,R,R-JAX111419093,5,4,0.8599900655112009,1.0555768318602181
JAX111419093,JAX,LEL_1,LEL,1,R,R-JAX111419093,5,5,0.9531553544890973,1.0555768318602181
JAX111419093,JAX,LSR_1,LSR,1,R,R-JAX111419093,4,1,0.6075992853413279,1.0166245015880158
JAX111419093,JAX,LSR_1,LSR,1,R,R-JAX111419093,4,2,0.7466545138336763,1.0166245015880158
JAX111419093,JAX,LSR_1,LSR,1,R,R-JAX111419093,4,3,0.8395359332489113,1.0166245015880158
JAX111419093,JAX,LSR_1,LSR,1,R,R-JAX111419093,4,4,0.9438273546181729,1.0166245015880158
JAX111419093,JAX,MJS_1,MJS,1,R,R-JAX111419093,5,1,0.4076774645778299,1.0034218380995807
JAX111419093,JAX,MJS_1,MJS,1,R,R-JAX111419093,5,2,0.5831483402268187,1.0034218380995807
JAX111419093,JAX,MJS_1,MJS,1,R,R-JAX111419093,5,3,0.685364599759522,1.0034218380995807
JAX111419093,JAX,MJS_1,MJS,1,R,R-JAX111419093,5,4,0.8141673556026778,1.0034218380995807
JAX111419093,JAX,MJS_1,MJS,1,R,R-JAX111419093,5,5,0.8872151155513567,1.0034218380995807
JAX111419094,JAX,CJF_1,CJF,1,R,R-JAX111419094,3,1,0.356255876455729,0.7632373669675228
JAX111419094,JAX,CJF_1,CJF,1,R,R-JAX111419094,3,2,0.5248077796127282,0.7632373669675228
JAX111419094,JAX,CJF_1,CJF,1,R,R-JAX111419094,3,3,0.6397430103127204,0.7632373669675228
JAX111419094,JAX,CJF_2,CJF,2,R,R-JAX111419094,3,1,0.3861000833425657,0.8019735959694119
JAX111419094,JAX,CJF_2,CJF,2,R,R-JAX111419094,3,2,0.5602288588371032,0.8019735959694119
JAX111419094,JAX,CJF_2,CJF,2,R,R-JAX111419094,3,3,0.6750615687411454,0.8019735959694119
JAX111419094,JAX,JRS_1,JRS,1,R,R-JAX111419094,3,1,0.3775496345028765,0.7663241400169781
JAX111419094,JAX,JRS_1,JRS,1,R,R-JAX111419094,3,2,0.5413724456546969,0.7663241400169781
JAX111419094,JAX,JRS_1,JRS,1,R,R-JAX111419094,3,3,0.6538807409885364,0.7663241400169781
JAX111419094,JAX,LEL_1,LEL,1,R,R-JAX111419094,3,1,0.3837353146397157,0.793916013609169
JAX111419094,JAX,LEL_1,LEL,1,R,R-JAX111419094,3,2,0.5542442962513536,0.793916013609169
JAX111419094,JAX,LEL_1,LEL,1,R,R-JAX111419094,3,3,0.6735534628654037,0.793916013609169
JAX111419094,JAX,LSR_1,LSR,1,R,R-JAX111419094,3,1,0.3650056191100604,0.7387631359984992
JAX111419094,JAX,LSR_1,LSR,1,R,R-JAX111419094,3,2,0.5361824433048347,0.7387631359984992
JAX111419094,JAX,LSR_1,LSR,1,R,R-JAX111419094,3,3,0.63824501592623,0.7387631359984992
JAX111419094,JAX,MJS_1,MJS,1,R,R-JAX111419094,3,1,0.375457079262695,0.768732759115927
JAX111419094,JAX,MJS_1,MJS,1,R,R-JAX111419094,3,2,0.531844759502925,0.768732759115927
JAX111419094,JAX,MJS_1,MJS,1,R,R-JAX111419094,3,3,0.6763588370612909,0.768732759115927
JAX111419095,JAX,CJF_1,CJF,1,R,R-JAX111419095,3,1,0.4240007106186594,0.8404401467064524
JAX111419095,JAX,CJF_1,CJF,1,R,R-JAX111419095,3,2,0.5926006617295688,0.8404401467064524
JAX111419095,JAX,CJF_1,CJF,1,R,R-JAX111419095,3,3,0.7427647472572116,0.8404401467064524
JAX111419095,JAX,CJF_2,CJF,2,R,R-JAX111419095,3,1,0.43945185061336595,0.8391969803005503
JAX111419095,JAX,CJF_2,CJF,2,R,R-JAX111419095,3,2,0.6160985791010303,0.8391969803005503
JAX111419095,JAX,CJF_2,CJF,2,R,R-JAX111419095,3,3,0.747390011289085,0.8391969803005503
JAX111419095,JAX,JRS_1,JRS,1,R,R-JAX111419095,3,1,0.3673684885559596,0.7615730130382508
JAX111419095,JAX,JRS_1,JRS,1,R,R-JAX111419095,3,2,0.5167454079390155,0.7615730130382508
JAX111419095,JAX,JRS_1,JRS,1,R,R-JAX111419095,3,3,0.6312557642536265,0.7615730130382508
JAX111419095,JAX,LEL_1,LEL,1,R,R-JAX111419095,3,1,0.43403213173999183,0.8617743160603071
JAX111419095,JAX,LEL_1,LEL,1,R,R-JAX111419095,3,2,0.5917292712620824,0.8617743160603071
JAX111419095,JAX,LEL_1,LEL,1,R,R-JAX111419095,3,3,0.7159270752690837,0.8617743160603071
JAX111419095,JAX,LSR_1,LSR,1,R,R-JAX111419095,3,1,0.4662803167595908,0.8742755939242327
JAX111419095,JAX,LSR_1,LSR,1,R,R-JAX111419095,3,2,0.6032501598077203,0.8742755939242327
JAX111419095,JAX,LSR_1,LSR,1,R,R-JAX111419095,3,3,0.7662240974443661,0.8742755939242327
JAX111419095,JAX,MJS_1,MJS,1,R,R-JAX111419095,3,1,0.3953431088703044,0.800424591240498
JAX111419095,JAX,MJS_1,MJS,1,R,R-JAX111419095,3,2,0.5450318109601135,0.800424591240498
JAX111419095,JAX,MJS_1,MJS,1,R,R-JAX111419095,3,3,0.6783819284502847,0.800424591240498
JAX111419096,JAX,CJF_1,CJF,1,R,R-JAX111419096,2,1,0.44420630167364183,0.7912668324520272
JAX111419096,JAX,CJF_1,CJF,1,R,R-JAX111419096,2,2,0.6391786588209587,0.7912668324520272
JAX111419096,JAX,CJF_2,CJF,2,R,R-JAX111419096,2,1,0.4517038176748863,0.793238505164213
JAX111419096,JAX,CJF_2,CJF,2,R,R-JAX111419096,2,2,0.6436087550587872,0.793238505164213
JAX111419096,JAX,JRS_1,JRS,1,R,R-JAX111419096,1,1,0.6037109808478467,0.7450449807298858
JAX111419096,JAX,LEL_1,LEL,1,R,R-JAX111419096,2,1,0.46914021153799523,0.7885896979231493
JAX111419096,JAX,LEL_1,LEL,1,R,R-JAX111419096,2,2,0.6666406814683126,0.7885896979231493
JAX111419096,JAX,LSR_1,LSR,1,R,R-JAX111419096,2,1,0.3807618195234667,0.5544147871066094
JAX111419096,JAX,LSR_1,LSR,1,R,R-JAX111419096,2,2,0.4682108016323974,0.5544147871066094
JAX111419096,JAX,MJS_1,MJS,1,R,R-JAX111419096,2,1,0.4630215072651118,0.8157685121528586
JAX111419096,JAX,MJS_1,MJS,1,R,R-JAX111419096,2,2,0.6703344290002136,0.8157685121528586
JAX111419097,JAX,CJF_1,CJF,1,R,R-JAX111419097,3,1,0.4819679743093398,0.8154732534782162
JAX111419097,JAX,CJF_1,CJF,1,R,R-JAX111419097,3,2,0.6202154077078053,0.8154732534782162
JAX111419097,JAX,CJF_1,CJF,1,R,R-JAX111419097,3,3,0.7301963305520679,0.8154732534782162
JAX111419097,JAX,CJF_2,CJF,2,R,R-JAX111419097,3,1,0.6169310351022377,0.9604266764283081
JAX111419097,JAX,CJF_2,CJF,2,R,R-JAX111419097,3,2,0.7652088970072832,0.9604266764283081
JAX111419097,JAX,CJF_2,CJF,2,R,R-JAX111419097,3,3,0.8754034656497216,0.9604266764283081
JAX111419097,JAX,JRS_1,JRS,1,R,R-JAX111419097,2,1,0.18781119336786664,0.8689371339576958
JAX111419097,JAX,JRS_1,JRS,1,R,R-JAX111419097,2,2,0.3166858540337322,0.8689371339576958
JAX111419097,JAX,LEL_1,LEL,1,R,R-JAX111419097,4,1,0.2907984102156248,0.7504941591830184
JAX111419097,JAX,LEL_1,LEL,1,R,R-JAX111419097,4,2,0.47829999583463023,0.7504941591830184
JAX111419097,JAX,LEL_1,LEL,1,R,R-JAX111419097,4,3,0.5789832071313159,0.7504941591830184
JAX111419097,JAX,LEL_1,LEL,1,R,R-JAX111419097,4,4,0.6620735775626165,0.7504941591830184
JAX111419097,JAX,LSR_1,LSR,1,R,R-JAX111419097,3,1,0.47380959132730094,0.7691650570923179
JAX111419097,JAX,LSR_1,LSR,1,R,R-JAX111419097,3,2,0.5947136903013223,0.7691650570923179
JAX111419097,JAX,LSR_1,LSR,1,R,R-JAX111419097,3,3,0.6995666445600468,0.7691650570923179
JAX111419097,JAX,MJS_1,MJS,1,R,R-JAX111419097,4,1,0.2614917036683638,0.798618379556241
JAX111419097,JAX,MJS_1,MJS,1,R,R-JAX111419097,4,2,0.4967147115494931,0.798618379556241
JAX111419097,JAX,MJS_1,MJS,1,R,R-JAX111419097,4,3,0.6104045444766178,0.798618379556241
JAX111419097,JAX,MJS_1,MJS,1,R,R-JAX111419097,4,4,0.7114945243552044,0.798618379556241
JAX111419098,JAX,CJF_1,CJF,1,R,R-JAX111419098,3,1,0.3440648718759875,0.7445458030050254
JAX111419098,JAX,CJF_1,CJF,1,R,R-JAX111419098,3,2,0.48519544307053764,0.7445458030050254
JAX111419098,JAX,CJF_1,CJF,1,R,R-JAX111419098,3,3,0.6034152318104749,0.7445458030050254
JAX111419098,JAX,CJF_2,CJF,2,R,R-JAX111419098,3,1,0.3544015856641292,0.7373448807180487
JAX111419098,JAX,CJF_2,CJF,2,R,R-JAX111419098,3,2,0.4908466060181168,0.7373448807180487
JAX111419098,JAX,CJF_2,CJF,2,R,R-JAX111419098,3,3,0.6031174940586079,0.7373448807180487
JAX111419098,JAX,JRS_1,JRS,1,R,R-JAX111419098,3,1,0.3447992149642431,0.726948955411157
JAX111419098,JAX,JRS_1,JRS,1,R,R-JAX111419098,3,2,0.48508884886634057,0.726948955411157
JAX111419098,JAX,JRS_1,JRS,1,R,R-JAX111419098,3,3,0.6098908182646866,0.726948955411157
JAX111419098,JAX,LEL_1,LEL,1,R,R-JAX111419098,3,1,0.3732747590108781,0.7508395350813143
JAX111419098,JAX,LEL_1,LEL,1,R,R-JAX111419098,3,2,0.5174263406551252,0.7508395350813143
JAX111419098,JAX,LEL_1,LEL,1,R,R-JAX111419098,3,3,0.643872909600939,0.7508395350813143
JAX111419098,JAX,LSR_1,LSR,1,R,R-JAX111419098,3,1,0.3866390359442272,0.7416907739051001
JAX111419098,JAX,LSR_1,LSR,1,R,R-JAX111419098,3,2,0.5013366160162088,0.7416907739051001
JAX111419098,JAX,LSR_1,LSR,1,R,R-JAX111419098,3,3,0.6370173331153705,0.7416907739051001
JAX111419098,JAX,MJS_1,MJS,1,R,R-JAX111419098,3,1,0.38783958438500016,0.7605641634003648
JAX111419098,JAX,MJS_1,MJS,1,R,R-JAX111419098,3,2,0.5304935085649518,0.7605641634003648
JAX111419098,JAX,MJS_1,MJS,1,R,R-JAX111419098,3,3,0.6422434889655535,0.7605641634003648
JAX111419099,JAX,CJF_1,CJF,1,R,R-JAX111419099,3,1,0.27377340214764306,0.5582815954564943
JAX111419099,JAX,CJF_1,CJF,1,R,R-JAX111419099,3,2,0.3741151721531229,0.5582815954564943
JAX111419099,JAX,CJF_1,CJF,1,R,R-JAX111419099,3,3,0.48519325868978436,0.5582815954564943
JAX111419099,JAX,CJF_2,CJF,2,R,R-JAX111419099,3,1,0.31165598634499075,0.5830514930108158
JAX111419099,JAX,CJF_2,CJF,2,R,R-JAX111419099,3,2,0.42888763673537034,0.5830514930108158
JAX111419099,JAX,CJF_2,CJF,2,R,R-JAX111419099,3,3,0.5204622302220114,0.5830514930108158
JAX111419099,JAX,JRS_1,JRS,1,R,R-JAX111419099,2,1,0.45454882606096897,0.9493776869152928
JAX111419099,JAX,JRS_1,JRS,1,R,R-JAX111419099,2,2,0.673636363535882,0.9493776869152928
JAX111419099,JAX,LEL_1,LEL,1,R,R-JAX111419099,3,1,0.5558439332927212,1.0428488861141054
JAX111419099,JAX,LEL_1,LEL,1,R,R-JAX111419099,3,2,0.7561235601925235,1.0428488861141054
JAX111419099,JAX,LEL_1,LEL,1,R,R-JAX111419099,3,3,0.9099320284949335,1.0428488861141054
JAX111419099,JAX,LSR_1,LSR,1,R,R-JAX111419099,3,1,0.3471942817381919,0.585152198508265
JAX111419099,JAX,LSR_1,LSR,1,R,R-JAX111419099,3,2,0.4288687983664332,0.585152198508265
JAX111419099,JAX,LSR_1,LSR,1,R,R-JAX111419099,3,3,0.5329700258042197,0.585152198508265
JAX111419099,JAX,MJS_1,MJS,1,R,R-JAX111419099,3,1,0.4916232103560153,1.040564606847444
JAX111419099,JAX,MJS_1,MJS,1,R,R-JAX111419099,3,2,0.7210184271919842,1.040564606847444
JAX111419099,JAX,MJS_1,MJS,1,R,R-JAX111419099,3,3,0.8712366303563223,1.040564606847444
JAX111419100,JAX,CJF_1,CJF,1,R,R-JAX111419100,0,NA,NA,0.45956814578518784
JAX111419100,JAX,CJF_2,CJF,2,R,R-JAX111419100,0,NA,NA,0.48160159520491264
JAX111419100,JAX,JRS_1,JRS,1,R,R-JAX111419100,0,NA,NA,0.305325878621585
JAX111419100,JAX,LEL_1,LEL,1,R,R-JAX111419100,1,1,0.31950464684530727,0.5095988435544261
JAX111419100,JAX,LSR_1,LSR,1,R,R-JAX111419100,2,1,0.33930221233599217,0.5105227557738206
JAX111419100,JAX,LSR_1,LSR,1,R,R-JAX111419100,2,2,0.4580731747562007,0.5105227557738206
JAX111419100,JAX,MJS_1,MJS,1,R,R-JAX111419100,0,NA,NA,0.4304382632148306
JAX111419101,JAX,CJF_1,CJF,1,R,R-JAX111419101,4,1,0.4290836862494655,0.9932815831294337
JAX111419101,JAX,CJF_1,CJF,1,R,R-JAX111419101,4,2,0.6315705442782357,0.9932815831294337
JAX111419101,JAX,CJF_1,CJF,1,R,R-JAX111419101,4,3,0.7690096715666721,0.9932815831294337
JAX111419101,JAX,CJF_1,CJF,1,R,R-JAX111419101,4,4,0.899289590964324,0.9932815831294337
JAX111419101,JAX,CJF_2,CJF,2,R,R-JAX111419101,4,1,0.40940720178894485,1.0046333482079324
JAX111419101,JAX,CJF_2,CJF,2,R,R-JAX111419101,4,2,0.6302671595542636,1.0046333482079324
JAX111419101,JAX,CJF_2,CJF,2,R,R-JAX111419101,4,3,0.8076362189960082,1.0046333482079324
JAX111419101,JAX,CJF_2,CJF,2,R,R-JAX111419101,4,4,0.9027096850763928,1.0046333482079324
JAX111419101,JAX,JRS_1,JRS,1,R,R-JAX111419101,3,1,0.4295118357695015,0.986466858121388
JAX111419101,JAX,JRS_1,JRS,1,R,R-JAX111419101,3,2,0.6576040069570412,0.986466858121388
JAX111419101,JAX,JRS_1,JRS,1,R,R-JAX111419101,3,3,0.7997677785773489,0.986466858121388
JAX111419101,JAX,LEL_1,LEL,1,R,R-JAX111419101,4,1,0.4508518077932524,0.9981522170677103
JAX111419101,JAX,LEL_1,LEL,1,R,R-JAX111419101,4,2,0.6577978421891273,0.9981522170677103
JAX111419101,JAX,LEL_1,LEL,1,R,R-JAX111419101,4,3,0.8109359993545896,0.9981522170677103
JAX111419101,JAX,LEL_1,LEL,1,R,R-JAX111419101,4,4,0.9237162858602227,0.9981522170677103
JAX111419101,JAX,LSR_1,LSR,1,R,R-JAX111419101,4,1,0.5165245845372098,1.0177477937129251
JAX111419101,JAX,LSR_1,LSR,1,R,R-JAX111419101,4,2,0.6892683398350061,1.0177477937129251
JAX111419101,JAX,LSR_1,LSR,1,R,R-JAX111419101,4,3,0.8237586567290678,1.0177477937129251
JAX111419101,JAX,LSR_1,LSR,1,R,R-JAX111419101,4,4,0.9149342479949809,1.0177477937129251
JAX111419101,JAX,MJS_1,MJS,1,R,R-JAX111419101,4,1,0.37290636838868274,0.9387347344072109
JAX111419101,JAX,MJS_1,MJS,1,R,R-JAX111419101,4,2,0.578765992889533,0.9387347344072109
JAX111419101,JAX,MJS_1,MJS,1,R,R-JAX111419101,4,3,0.7044794528436239,0.9387347344072109
JAX111419101,JAX,MJS_1,MJS,1,R,R-JAX111419101,4,4,0.8509940206258959,0.9387347344072109
JAX111419102,JAX,CJF_1,CJF,1,R,R-JAX111419102,5,1,0.45403965989863876,1.0866497749967534
JAX111419102,JAX,CJF_1,CJF,1,R,R-JAX111419102,5,2,0.6445112236912826,1.0866497749967534
JAX111419102,JAX,CJF_1,CJF,1,R,R-JAX111419102,5,3,0.7642593350309812,1.0866497749967534
JAX111419102,JAX,CJF_1,CJF,1,R,R-JAX111419102,5,4,0.8800164290687,1.0866497749967534
JAX111419102,JAX,CJF_1,CJF,1,R,R-JAX111419102,5,5,0.9725825617133766,1.0866497749967534
JAX111419102,JAX,CJF_2,CJF,2,R,R-JAX111419102,5,1,0.4605271263927987,1.0536074946648715
JAX111419102,JAX,CJF_2,CJF,2,R,R-JAX111419102,5,2,0.6321644967989233,1.0536074946648715
JAX111419102,JAX,CJF_2,CJF,2,R,R-JAX111419102,5,3,0.7696044519607148,1.0536074946648715
JAX111419102,JAX,CJF_2,CJF,2,R,R-JAX111419102,5,4,0.861782554677506,1.0536074946648715
JAX111419102,JAX,CJF_2,CJF,2,R,R-JAX111419102,5,5,0.9575563600411819,1.0536074946648715
JAX111419102,JAX,JRS_1,JRS,1,R,R-JAX111419102,5,1,0.4208726835009026,1.0234605388526747
JAX111419102,JAX,JRS_1,JRS,1,R,R-JAX111419102,5,2,0.6125977329317345,1.0234605388526747
JAX111419102,JAX,JRS_1,JRS,1,R,R-JAX111419102,5,3,0.7433478665978245,1.0234605388526747
JAX111419102,JAX,JRS_1,JRS,1,R,R-JAX111419102,5,4,0.8343524151024541,1.0234605388526747
JAX111419102,JAX,JRS_1,JRS,1,R,R-JAX111419102,5,5,0.9370681165826891,1.0234605388526747
JAX111419102,JAX,LEL_1,LEL,1,R,R-JAX111419102,5,1,0.4385011487784177,1.034544713881254
JAX111419102,JAX,LEL_1,LEL,1,R,R-JAX111419102,5,2,0.6024325156534784,1.034544713881254
JAX111419102,JAX,LEL_1,LEL,1,R,R-JAX111419102,5,3,0.766851059973604,1.034544713881254
JAX111419102,JAX,LEL_1,LEL,1,R,R-JAX111419102,5,4,0.834460991143971,1.034544713881254
JAX111419102,JAX,LEL_1,LEL,1,R,R-JAX111419102,5,5,0.95310498083235,1.034544713881254
JAX111419102,JAX,LSR_1,LSR,1,R,R-JAX111419102,5,1,0.4687845404636023,1.0288583897685932
JAX111419102,JAX,LSR_1,LSR,1,R,R-JAX111419102,5,2,0.6419435725427307,1.0288583897685932
JAX111419102,JAX,LSR_1,LSR,1,R,R-JAX111419102,5,3,0.7896436238845469,1.0288583897685932
JAX111419102,JAX,LSR_1,LSR,1,R,R-JAX111419102,5,4,0.8595134594168863,1.0288583897685932
JAX111419102,JAX,LSR_1,LSR,1,R,R-JAX111419102,5,5,0.9229888911200498,1.0288583897685932
JAX111419102,JAX,MJS_1,MJS,1,R,R-JAX111419102,5,1,0.4356437882799066,1.0542826797660934
JAX111419102,JAX,MJS_1,MJS,1,R,R-JAX111419102,5,2,0.6129902132439458,1.0542826797660934
JAX111419102,JAX,MJS_1,MJS,1,R,R-JAX111419102,5,3,0.7572718693355202,1.0542826797660934
JAX111419102,JAX,MJS_1,MJS,1,R,R-JAX111419102,5,4,0.8417468518097646,1.0542826797660934
JAX111419102,JAX,MJS_1,MJS,1,R,R-JAX111419102,5,5,0.931819474294376,1.0542826797660934
JAX111419103,JAX,CJF_1,CJF,1,R,R-JAX111419103,3,1,0.4285473923302951,0.8310554913401698
JAX111419103,JAX,CJF_1,CJF,1,R,R-JAX111419103,3,2,0.5702198069306552,0.8310554913401698
JAX111419103,JAX,CJF_1,CJF,1,R,R-JAX111419103,3,3,0.6983573496994188,0.8310554913401698
JAX111419103,JAX,CJF_2,CJF,2,R,R-JAX111419103,3,1,0.4097184643539691,0.821965057401516
JAX111419103,JAX,CJF_2,CJF,2,R,R-JAX111419103,3,2,0.577937318313232,0.821965057401516
JAX111419103,JAX,CJF_2,CJF,2,R,R-JAX111419103,3,3,0.711689940523261,0.821965057401516
JAX111419103,JAX,JRS_1,JRS,1,R,R-JAX111419103,3,1,0.44585841333571785,0.8131474307836161
JAX111419103,JAX,JRS_1,JRS,1,R,R-JAX111419103,3,2,0.6003588731266244,0.8131474307836161
JAX111419103,JAX,JRS_1,JRS,1,R,R-JAX111419103,3,3,0.7080310500546801,0.8131474307836161
JAX111419103,JAX,LEL_1,LEL,1,R,R-JAX111419103,3,1,0.46287574114481106,0.8524128195080551
JAX111419103,JAX,LEL_1,LEL,1,R,R-JAX111419103,3,2,0.6273635882418241,0.8524128195080551
JAX111419103,JAX,LEL_1,LEL,1,R,R-JAX111419103,3,3,0.7539321941139653,0.8524128195080551
JAX111419103,JAX,LSR_1,LSR,1,R,R-JAX111419103,4,1,0.2853330482856255,0.7956386332108555
JAX111419103,JAX,LSR_1,LSR,1,R,R-JAX111419103,4,2,0.42116900644333977,0.7956386332108555
JAX111419103,JAX,LSR_1,LSR,1,R,R-JAX111419103,4,3,0.5597371909950934,0.7956386332108555
JAX111419103,JAX,LSR_1,LSR,1,R,R-JAX111419103,4,4,0.6899010102368028,0.7956386332108555
JAX111419103,JAX,MJS_1,MJS,1,R,R-JAX111419103,3,1,0.4223648009115604,0.8390215752696204
JAX111419103,JAX,MJS_1,MJS,1,R,R-JAX111419103,3,2,0.6016707501855598,0.8390215752696204
JAX111419103,JAX,MJS_1,MJS,1,R,R-JAX111419103,3,3,0.7532996688346709,0.8390215752696204
JAX111419104,JAX,CJF_1,CJF,1,R,R-JAX111419104,4,1,0.40813382245739993,0.9143066169550861
JAX111419104,JAX,CJF_1,CJF,1,R,R-JAX111419104,4,2,0.5740738982221412,0.9143066169550861
JAX111419104,JAX,CJF_1,CJF,1,R,R-JAX111419104,4,3,0.7084242639670222,0.9143066169550861
JAX111419104,JAX,CJF_1,CJF,1,R,R-JAX111419104,4,4,0.8329702208044123,0.9143066169550861
JAX111419104,JAX,CJF_2,CJF,2,R,R-JAX111419104,4,1,0.45956377241442,0.978177335889389
JAX111419104,JAX,CJF_2,CJF,2,R,R-JAX111419104,4,2,0.6490978456201932,0.978177335889389
JAX111419104,JAX,CJF_2,CJF,2,R,R-JAX111419104,4,3,0.7755038784291349,0.978177335889389
JAX111419104,JAX,CJF_2,CJF,2,R,R-JAX111419104,4,4,0.8874111105381682,0.978177335889389
JAX111419104,JAX,JRS_1,JRS,1,R,R-JAX111419104,4,1,0.394649667866972,0.8457822922387299
JAX111419104,JAX,JRS_1,JRS,1,R,R-JAX111419104,4,2,0.5487680660319393,0.8457822922387299
JAX111419104,JAX,JRS_1,JRS,1,R,R-JAX111419104,4,3,0.6849315765480924,0.8457822922387299
JAX111419104,JAX,JRS_1,JRS,1,R,R-JAX111419104,4,4,0.773586513013329,0.8457822922387299
JAX111419104,JAX,LEL_1,LEL,1,R,R-JAX111419104,5,1,0.22056350348518775,0.9750383972022277
JAX111419104,JAX,LEL_1,LEL,1,R,R-JAX111419104,5,2,0.45991682592295574,0.9750383972022277
JAX111419104,JAX,LEL_1,LEL,1,R,R-JAX111419104,5,3,0.6471408598644806,0.9750383972022277
JAX111419104,JAX,LEL_1,LEL,1,R,R-JAX111419104,5,4,0.7928617653684706,0.9750383972022277
JAX111419104,JAX,LEL_1,LEL,1,R,R-JAX111419104,5,5,0.8915211844470007,0.9750383972022277
JAX111419104,JAX,LSR_1,LSR,1,R,R-JAX111419104,4,1,0.3887652208473828,0.8986014391355264
JAX111419104,JAX,LSR_1,LSR,1,R,R-JAX111419104,4,2,0.5751167098488245,0.8986014391355264
JAX111419104,JAX,LSR_1,LSR,1,R,R-JAX111419104,4,3,0.7004169400385478,0.8986014391355264
JAX111419104,JAX,LSR_1,LSR,1,R,R-JAX111419104,4,4,0.7817596744437318,0.8986014391355264
JAX111419104,JAX,MJS_1,MJS,1,R,R-JAX111419104,4,1,0.42449366165950136,0.9423517612867632
JAX111419104,JAX,MJS_1,MJS,1,R,R-JAX111419104,4,2,0.6207953670490094,0.9423517612867632
JAX111419104,JAX,MJS_1,MJS,1,R,R-JAX111419104,4,3,0.763004483928338,0.9423517612867632
JAX111419104,JAX,MJS_1,MJS,1,R,R-JAX111419104,4,4,0.8563689218960998,0.9423517612867632
JAX111419105,JAX,CJF_1,CJF,1,R,R-JAX111419105,4,1,0.46540372442245687,0.8907843413030594
JAX111419105,JAX,CJF_1,CJF,1,R,R-JAX111419105,4,2,0.6188854684082612,0.8907843413030594
JAX111419105,JAX,CJF_1,CJF,1,R,R-JAX111419105,4,3,0.7269130109494832,0.8907843413030594
JAX111419105,JAX,CJF_1,CJF,1,R,R-JAX111419105,4,4,0.8133350449824607,0.8907843413030594
JAX111419105,JAX,CJF_2,CJF,2,R,R-JAX111419105,4,1,0.48924684483016656,0.9119714112094734
JAX111419105,JAX,CJF_2,CJF,2,R,R-JAX111419105,4,2,0.6413111047580256,0.9119714112094734
JAX111419105,JAX,CJF_2,CJF,2,R,R-JAX111419105,4,3,0.7395531366281772,0.9119714112094734
JAX111419105,JAX,CJF_2,CJF,2,R,R-JAX111419105,4,4,0.830049337683778,0.9119714112094734
JAX111419105,JAX,JRS_1,JRS,1,R,R-JAX111419105,4,1,0.3472050910731936,0.7506541271029582
JAX111419105,JAX,JRS_1,JRS,1,R,R-JAX111419105,4,2,0.48856322571836097,0.7506541271029582
JAX111419105,JAX,JRS_1,JRS,1,R,R-JAX111419105,4,3,0.5863000891259917,0.7506541271029582
JAX111419105,JAX,JRS_1,JRS,1,R,R-JAX111419105,4,4,0.6744337195095798,0.7506541271029582
JAX111419105,JAX,LEL_1,LEL,1,R,R-JAX111419105,4,1,0.5638996984682876,1.0136685701563297
JAX111419105,JAX,LEL_1,LEL,1,R,R-JAX111419105,4,2,0.7264396833654303,1.0136685701563297
JAX111419105,JAX,LEL_1,LEL,1,R,R-JAX111419105,4,3,0.8424723299859619,1.0136685701563297
JAX111419105,JAX,LEL_1,LEL,1,R,R-JAX111419105,4,4,0.9284518958573565,1.0136685701563297
JAX111419105,JAX,LSR_1,LSR,1,R,R-JAX111419105,4,1,0.2495242611955494,0.5526381422613048
JAX111419105,JAX,LSR_1,LSR,1,R,R-JAX111419105,4,2,0.38953286762722794,0.5526381422613048
JAX111419105,JAX,LSR_1,LSR,1,R,R-JAX111419105,4,3,0.45051877096284565,0.5526381422613048
JAX111419105,JAX,LSR_1,LSR,1,R,R-JAX111419105,4,4,0.5138410893219203,0.5526381422613048
JAX111419105,JAX,MJS_1,MJS,1,R,R-JAX111419105,5,1,0.43716858829269317,0.841007644362507
JAX111419105,JAX,MJS_1,MJS,1,R,R-JAX111419105,5,2,0.5648306168028329,0.841007644362507
JAX111419105,JAX,MJS_1,MJS,1,R,R-JAX111419105,5,3,0.6643592653537894,0.841007644362507
JAX111419105,JAX,MJS_1,MJS,1,R,R-JAX111419105,5,4,0.747947250712132,0.841007644362507
JAX111419105,JAX,MJS_1,MJS,1,R,R-JAX111419105,5,5,0.8003977027198402,0.841007644362507
JAX111419106,JAX,CJF_1,CJF,1,R,R-JAX111419106,3,1,0.39300402104715104,0.8172589535851763
JAX111419106,JAX,CJF_1,CJF,1,R,R-JAX111419106,3,2,0.5533097045437297,0.8172589535851763
JAX111419106,JAX,CJF_1,CJF,1,R,R-JAX111419106,3,3,0.6900381111375927,0.8172589535851763
JAX111419106,JAX,CJF_2,CJF,2,R,R-JAX111419106,3,1,0.39976576030295724,0.8224057444900105
JAX111419106,JAX,CJF_2,CJF,2,R,R-JAX111419106,3,2,0.5685348738389657,0.8224057444900105
JAX111419106,JAX,CJF_2,CJF,2,R,R-JAX111419106,3,3,0.7162398988392762,0.8224057444900105
JAX111419106,JAX,JRS_1,JRS,1,R,R-JAX111419106,3,1,0.46687434609794826,0.8724556203570444
JAX111419106,JAX,JRS_1,JRS,1,R,R-JAX111419106,3,2,0.6244834708068518,0.8724556203570444
JAX111419106,JAX,JRS_1,JRS,1,R,R-JAX111419106,3,3,0.7486461974015457,0.8724556203570444
JAX111419106,JAX,LEL_1,LEL,1,R,R-JAX111419106,3,1,0.42612122867173585,0.8461931890184788
JAX111419106,JAX,LEL_1,LEL,1,R,R-JAX111419106,3,2,0.6089355013826414,0.8461931890184788
JAX111419106,JAX,LEL_1,LEL,1,R,R-JAX111419106,3,3,0.7380979108959079,0.8461931890184788
JAX111419106,JAX,LSR_1,LSR,1,R,R-JAX111419106,3,1,0.5018203297263213,0.8756440621020651
JAX111419106,JAX,LSR_1,LSR,1,R,R-JAX111419106,3,2,0.6567330465765489,0.8756440621020651
JAX111419106,JAX,LSR_1,LSR,1,R,R-JAX111419106,3,3,0.7878888456964963,0.8756440621020651
JAX111419106,JAX,MJS_1,MJS,1,R,R-JAX111419106,3,1,0.48284311430801785,0.875316483119318
JAX111419106,JAX,MJS_1,MJS,1,R,R-JAX111419106,3,2,0.6212513987815478,0.875316483119318
JAX111419106,JAX,MJS_1,MJS,1,R,R-JAX111419106,3,3,0.7791707619508719,0.875316483119318
JAX111419107,JAX,CJF_1,CJF,1,R,R-JAX111419107,3,1,0.34574960852204295,0.7107466681988232
JAX111419107,JAX,CJF_1,CJF,1,R,R-JAX111419107,3,2,0.49281167401181974,0.7107466681988232
JAX111419107,JAX,CJF_1,CJF,1,R,R-JAX111419107,3,3,0.6016457264675877,0.7107466681988232
JAX111419107,JAX,CJF_2,CJF,2,R,R-JAX111419107,3,1,0.32282204217172683,0.7009654247147958
JAX111419107,JAX,CJF_2,CJF,2,R,R-JAX111419107,3,2,0.4691780057755114,0.7009654247147958
JAX111419107,JAX,CJF_2,CJF,2,R,R-JAX111419107,3,3,0.6057297512411091,0.7009654247147958
JAX111419107,JAX,JRS_1,JRS,1,R,R-JAX111419107,3,1,0.42286543884521377,0.79704595020715
JAX111419107,JAX,JRS_1,JRS,1,R,R-JAX111419107,3,2,0.5624065546127843,0.79704595020715
JAX111419107,JAX,JRS_1,JRS,1,R,R-JAX111419107,3,3,0.6995255658720876,0.79704595020715
JAX111419107,JAX,LEL_1,LEL,1,R,R-JAX111419107,3,1,0.41554291504712454,0.8059021084305593
JAX111419107,JAX,LEL_1,LEL,1,R,R-JAX111419107,3,2,0.5499590387917004,0.8059021084305593
JAX111419107,JAX,LEL_1,LEL,1,R,R-JAX111419107,3,3,0.6901028336107604,0.8059021084305593
JAX111419107,JAX,LSR_1,LSR,1,R,R-JAX111419107,3,1,0.49459091687598183,0.8267685720286383
JAX111419107,JAX,LSR_1,LSR,1,R,R-JAX111419107,3,2,0.5806862620626317,0.8267685720286383
JAX111419107,JAX,LSR_1,LSR,1,R,R-JAX111419107,3,3,0.7067964086626466,0.8267685720286383
JAX111419107,JAX,MJS_1,MJS,1,R,R-JAX111419107,3,1,0.3883371463535185,0.7621779918813111
JAX111419107,JAX,MJS_1,MJS,1,R,R-JAX111419107,3,2,0.5366468466576403,0.7621779918813111
JAX111419107,JAX,MJS_1,MJS,1,R,R-JAX111419107,3,3,0.6551272722985952,0.7621779918813111
JAX111419108,JAX,CJF_1,CJF,1,R,R-JAX111419108,5,1,0.44540664242709405,0.9424999326329663
JAX111419108,JAX,CJF_1,CJF,1,R,R-JAX111419108,5,2,0.5928407306868653,0.9424999326329663
JAX111419108,JAX,CJF_1,CJF,1,R,R-JAX111419108,5,3,0.6985648243207381,0.9424999326329663
JAX111419108,JAX,CJF_1,CJF,1,R,R-JAX111419108,5,4,0.7804776544296071,0.9424999326329663
JAX111419108,JAX,CJF_1,CJF,1,R,R-JAX111419108,5,5,0.8623904845384758,0.9424999326329663
JAX111419108,JAX,CJF_2,CJF,2,R,R-JAX111419108,5,1,0.4462067209081079,0.9664205023627515
JAX111419108,JAX,CJF_2,CJF,2,R,R-JAX111419108,5,2,0.6103562372096301,0.9664205023627515
JAX111419108,JAX,CJF_2,CJF,2,R,R-JAX111419108,5,3,0.7246670956060368,0.9664205023627515
JAX111419108,JAX,CJF_2,CJF,2,R,R-JAX111419108,5,4,0.8133076987387484,0.9664205023627515
JAX111419108,JAX,CJF_2,CJF,2,R,R-JAX111419108,5,5,0.8943696584175744,0.9664205023627515
JAX111419108,JAX,JRS_1,JRS,1,R,R-JAX111419108,5,1,0.4522245139917365,0.9629545003037107
JAX111419108,JAX,JRS_1,JRS,1,R,R-JAX111419108,5,2,0.6109944080730138,0.9629545003037107
JAX111419108,JAX,JRS_1,JRS,1,R,R-JAX111419108,5,3,0.7187783671187697,0.9629545003037107
JAX111419108,JAX,JRS_1,JRS,1,R,R-JAX111419108,5,4,0.8058920545324366,0.9629545003037107
JAX111419108,JAX,JRS_1,JRS,1,R,R-JAX111419108,5,5,0.8953124883447818,0.9629545003037107
JAX111419108,JAX,LEL_1,LEL,1,R,R-JAX111419108,5,1,0.4513982670331807,0.9732127748595685
JAX111419108,JAX,LEL_1,LEL,1,R,R-JAX111419108,5,2,0.6281275340334384,0.9732127748595685
JAX111419108,JAX,LEL_1,LEL,1,R,R-JAX111419108,5,3,0.7233663257493994,0.9732127748595685
JAX111419108,JAX,LEL_1,LEL,1,R,R-JAX111419108,5,4,0.8179567415123128,0.9732127748595685
JAX111419108,JAX,LEL_1,LEL,1,R,R-JAX111419108,5,5,0.9057948039834631,0.9732127748595685
JAX111419108,JAX,LSR_1,LSR,1,R,R-JAX111419108,5,1,0.47056987920517884,0.9528989308658531
JAX111419108,JAX,LSR_1,LSR,1,R,R-JAX111419108,5,2,0.6246887905380217,0.9528989308658531
JAX111419108,JAX,LSR_1,LSR,1,R,R-JAX111419108,5,3,0.7318995907513235,0.9528989308658531
JAX111419108,JAX,LSR_1,LSR,1,R,R-JAX111419108,5,4,0.8106677706909493,0.9528989308658531
JAX111419108,JAX,LSR_1,LSR,1,R,R-JAX111419108,5,5,0.9019485364942091,0.9528989308658531
JAX111419108,JAX,MJS_1,MJS,1,R,R-JAX111419108,5,1,0.47434050659064064,0.9827929599465656
JAX111419108,JAX,MJS_1,MJS,1,R,R-JAX111419108,5,2,0.634251800960847,0.9827929599465656
JAX111419108,JAX,MJS_1,MJS,1,R,R-JAX111419108,5,3,0.742611018186397,0.9827929599465656
JAX111419108,JAX,MJS_1,MJS,1,R,R-JAX111419108,5,4,0.8330384182065976,0.9827929599465656
JAX111419108,JAX,MJS_1,MJS,1,R,R-JAX111419108,5,5,0.9126790651868423,0.9827929599465656
JAX111419109,JAX,CJF_1,CJF,1,R,R-JAX111419109,3,1,0.37692628956857355,0.819671134966651
JAX111419109,JAX,CJF_1,CJF,1,R,R-JAX111419109,3,2,0.557466484042852,0.819671134966651
JAX111419109,JAX,CJF_1,CJF,1,R,R-JAX111419109,3,3,0.6885093888161843,0.819671134966651
JAX111419109,JAX,CJF_2,CJF,2,R,R-JAX111419109,3,1,0.4359011124173161,0.787017618396436
JAX111419109,JAX,CJF_2,CJF,2,R,R-JAX111419109,3,2,0.5623313886169365,0.787017618396436
JAX111419109,JAX,CJF_2,CJF,2,R,R-JAX111419109,3,3,0.6955409448172272,0.787017618396436
JAX111419109,JAX,JRS_1,JRS,1,R,R-JAX111419109,2,1,0.5942350972426858,0.8178789311915443
JAX111419109,JAX,JRS_1,JRS,1,R,R-JAX111419109,2,2,0.7054667980007712,0.8178789311915443
JAX111419109,JAX,LEL_1,LEL,1,R,R-JAX111419109,3,1,0.4164445446354265,0.8191194823783761
JAX111419109,JAX,LEL_1,LEL,1,R,R-JAX111419109,3,2,0.5883684820643511,0.8191194823783761
JAX111419109,JAX,LEL_1,LEL,1,R,R-JAX111419109,3,3,0.7210580687009841,0.8191194823783761
JAX111419109,JAX,LSR_1,LSR,1,R,R-JAX111419109,3,1,0.42780318284091207,0.7871374348737658
JAX111419109,JAX,LSR_1,LSR,1,R,R-JAX111419109,3,2,0.5604298276041626,0.7871374348737658
JAX111419109,JAX,LSR_1,LSR,1,R,R-JAX111419109,3,3,0.69202121305735,0.7871374348737658
JAX111419109,JAX,MJS_1,MJS,1,R,R-JAX111419109,3,1,0.43278408841002547,0.774445895626167
JAX111419109,JAX,MJS_1,MJS,1,R,R-JAX111419109,3,2,0.5689241035625714,0.774445895626167
JAX111419109,JAX,MJS_1,MJS,1,R,R-JAX111419109,3,3,0.6783788199031757,0.774445895626167
JAX111419110,JAX,CJF_1,CJF,1,R,R-JAX111419110,3,1,0.39156126638605804,0.8076767326591621
JAX111419110,JAX,CJF_1,CJF,1,R,R-JAX111419110,3,2,0.5422327486807736,0.8076767326591621
JAX111419110,JAX,CJF_1,CJF,1,R,R-JAX111419110,3,3,0.6825702445158569,0.8076767326591621
JAX111419110,JAX,CJF_2,CJF,2,R,R-JAX111419110,3,1,0.46392142897356975,0.8714526447579375
JAX111419110,JAX,CJF_2,CJF,2,R,R-JAX111419110,3,2,0.6246024728156081,0.8714526447579375
JAX111419110,JAX,CJF_2,CJF,2,R,R-JAX111419110,3,3,0.7497670365429849,0.8714526447579375
JAX111419110,JAX,JRS_1,JRS,1,R,R-JAX111419110,3,1,0.40680314822561864,0.8058826772500576
JAX111419110,JAX,JRS_1,JRS,1,R,R-JAX111419110,3,2,0.5519492932886625,0.8058826772500576
JAX111419110,JAX,JRS_1,JRS,1,R,R-JAX111419110,3,3,0.6725584734081729,0.8058826772500576
JAX111419110,JAX,LEL_1,LEL,1,R,R-JAX111419110,3,1,0.5050691232163463,0.9081693821394747
JAX111419110,JAX,LEL_1,LEL,1,R,R-JAX111419110,3,2,0.6643620811204868,0.9081693821394747
JAX111419110,JAX,LEL_1,LEL,1,R,R-JAX111419110,3,3,0.7677614777086554,0.9081693821394747
JAX111419110,JAX,LSR_1,LSR,1,R,R-JAX111419110,3,1,0.4758522883894628,0.8628625894325557
JAX111419110,JAX,LSR_1,LSR,1,R,R-JAX111419110,3,2,0.6325427797709036,0.8628625894325557
JAX111419110,JAX,LSR_1,LSR,1,R,R-JAX111419110,3,3,0.7393357166153415,0.8628625894325557
JAX111419110,JAX,MJS_1,MJS,1,R,R-JAX111419110,3,1,0.400022617059119,0.800045234118238
JAX111419110,JAX,MJS_1,MJS,1,R,R-JAX111419110,3,2,0.5340685215880476,0.800045234118238
JAX111419110,JAX,MJS_1,MJS,1,R,R-JAX111419110,3,3,0.6542921151804564,0.800045234118238
JAX111419111,JAX,CJF_1,CJF,1,R,R-JAX111419111,4,1,0.4558535429885616,1.015717912286707
JAX111419111,JAX,CJF_1,CJF,1,R,R-JAX111419111,4,2,0.6235212748636711,1.015717912286707
JAX111419111,JAX,CJF_1,CJF,1,R,R-JAX111419111,4,3,0.7590387704309153,1.015717912286707
JAX111419111,JAX,CJF_1,CJF,1,R,R-JAX111419111,4,4,0.8924652715696337,1.015717912286707
JAX111419111,JAX,CJF_2,CJF,2,R,R-JAX111419111,5,1,0.48048686505775445,1.0381511531807914
JAX111419111,JAX,CJF_2,CJF,2,R,R-JAX111419111,5,2,0.6556875562387148,1.0381511531807914
JAX111419111,JAX,CJF_2,CJF,2,R,R-JAX111419111,5,3,0.7766607265086062,1.0381511531807914
JAX111419111,JAX,CJF_2,CJF,2,R,R-JAX111419111,5,4,0.892159428377922,1.0381511531807914
JAX111419111,JAX,CJF_2,CJF,2,R,R-JAX111419111,5,5,0.9732421281971796,1.0381511531807914
JAX111419111,JAX,JRS_1,JRS,1,R,R-JAX111419111,4,1,0.48443729542204234,1.01748053768345
JAX111419111,JAX,JRS_1,JRS,1,R,R-JAX111419111,4,2,0.6560344310338466,1.01748053768345
JAX111419111,JAX,JRS_1,JRS,1,R,R-JAX111419111,4,3,0.7930465203466197,1.01748053768345
JAX111419111,JAX,JRS_1,JRS,1,R,R-JAX111419111,4,4,0.907575839347736,1.01748053768345
JAX111419111,JAX,LEL_1,LEL,1,R,R-JAX111419111,4,1,0.2955532842167536,0.996116744441436
JAX111419111,JAX,LEL_1,LEL,1,R,R-JAX111419111,4,2,0.4551215348905059,0.996116744441436
JAX111419111,JAX,LEL_1,LEL,1,R,R-JAX111419111,4,3,0.603595659145979,0.996116744441436
JAX111419111,JAX,LEL_1,LEL,1,R,R-JAX111419111,4,4,0.7521621827673677,0.996116744441436
JAX111419111,JAX,LSR_1,LSR,1,R,R-JAX111419111,4,1,0.5171030204336036,1.0534695843438548
JAX111419111,JAX,LSR_1,LSR,1,R,R-JAX111419111,4,2,0.686805307413571,1.0534695843438548
JAX111419111,JAX,LSR_1,LSR,1,R,R-JAX111419111,4,3,0.8034418989680538,1.0534695843438548
JAX111419111,JAX,LSR_1,LSR,1,R,R-JAX111419111,4,4,0.9451222996982398,1.0534695843438548
JAX111419111,JAX,MJS_1,MJS,1,R,R-JAX111419111,5,1,0.4810687055308559,1.0134448797662414
JAX111419111,JAX,MJS_1,MJS,1,R,R-JAX111419111,5,2,0.6567176195082383,1.0134448797662414
JAX111419111,JAX,MJS_1,MJS,1,R,R-JAX111419111,5,3,0.7891417626800261,1.0134448797662414
JAX111419111,JAX,MJS_1,MJS,1,R,R-JAX111419111,5,4,0.8756088615929081,1.0134448797662414
JAX111419111,JAX,MJS_1,MJS,1,R,R-JAX111419111,5,5,0.9458754501045377,1.0134448797662414
JAX111419112,JAX,CJF_1,CJF,1,R,R-JAX111419112,3,1,0.4173868334481216,0.8492506185587858
JAX111419112,JAX,CJF_1,CJF,1,R,R-JAX111419112,3,2,0.5919038819948208,0.8492506185587858
JAX111419112,JAX,CJF_1,CJF,1,R,R-JAX111419112,3,3,0.7292570333766267,0.8492506185587858
JAX111419112,JAX,CJF_2,CJF,2,R,R-JAX111419112,3,1,0.4075863459597277,0.8322114630014098
JAX111419112,JAX,CJF_2,CJF,2,R,R-JAX111419112,3,2,0.5814873707743056,0.8322114630014098
JAX111419112,JAX,CJF_2,CJF,2,R,R-JAX111419112,3,3,0.7312786023290538,0.8322114630014098
JAX111419112,JAX,JRS_1,JRS,1,R,R-JAX111419112,3,1,0.38420926952716866,0.7781287697279301
JAX111419112,JAX,JRS_1,JRS,1,R,R-JAX111419112,3,2,0.5340322474575834,0.7781287697279301
JAX111419112,JAX,JRS_1,JRS,1,R,R-JAX111419112,3,3,0.6597218450953538,0.7781287697279301
JAX111419112,JAX,LEL_1,LEL,1,R,R-JAX111419112,3,1,0.4044011927294078,0.8214625490719389
JAX111419112,JAX,LEL_1,LEL,1,R,R-JAX111419112,3,2,0.57844513702819,0.8214625490719389
JAX111419112,JAX,LEL_1,LEL,1,R,R-JAX111419112,3,3,0.6917291774190902,0.8214625490719389
JAX111419112,JAX,LSR_1,LSR,1,R,R-JAX111419112,3,1,0.4267296116324901,0.8356828245926949
JAX111419112,JAX,LSR_1,LSR,1,R,R-JAX111419112,3,2,0.6130874034921918,0.8356828245926949
JAX111419112,JAX,LSR_1,LSR,1,R,R-JAX111419112,3,3,0.7533735471133864,0.8356828245926949
JAX111419112,JAX,MJS_1,MJS,1,R,R-JAX111419112,3,1,0.390841055060091,0.8294977888074271
JAX111419112,JAX,MJS_1,MJS,1,R,R-JAX111419112,3,2,0.5758704655979232,0.8294977888074271
JAX111419112,JAX,MJS_1,MJS,1,R,R-JAX111419112,3,3,0.7046074133212012,0.8294977888074271
JAX111419113,JAX,CJF_1,CJF,1,R,R-JAX111419113,4,1,0.3707081803016469,0.7670397834254457
JAX111419113,JAX,CJF_1,CJF,1,R,R-JAX111419113,4,2,0.49774500972013164,0.7670397834254457
JAX111419113,JAX,CJF_1,CJF,1,R,R-JAX111419113,4,3,0.602265757403642,0.7670397834254457
JAX111419113,JAX,CJF_1,CJF,1,R,R-JAX111419113,4,4,0.6901695149589898,0.7670397834254457
JAX111419113,JAX,CJF_2,CJF,2,R,R-JAX111419113,4,1,0.3958142746172242,0.7856091051539641
JAX111419113,JAX,CJF_2,CJF,2,R,R-JAX111419113,4,2,0.538412939007882,0.7856091051539641
JAX111419113,JAX,CJF_2,CJF,2,R,R-JAX111419113,4,3,0.6220679931581294,0.7856091051539641
JAX111419113,JAX,CJF_2,CJF,2,R,R-JAX111419113,4,4,0.7084924264016417,0.7856091051539641
JAX111419113,JAX,JRS_1,JRS,1,R,R-JAX111419113,4,1,0.46776233162255276,0.9006856104096154
JAX111419113,JAX,JRS_1,JRS,1,R,R-JAX111419113,4,2,0.6115138587587279,0.9006856104096154
JAX111419113,JAX,JRS_1,JRS,1,R,R-JAX111419113,4,3,0.7304385173306381,0.9006856104096154
JAX111419113,JAX,JRS_1,JRS,1,R,R-JAX111419113,4,4,0.8203605678451259,0.9006856104096154
JAX111419113,JAX,LEL_1,LEL,1,R,R-JAX111419113,5,1,0.28554991356296344,0.9334598075354128
JAX111419113,JAX,LEL_1,LEL,1,R,R-JAX111419113,5,2,0.5211274055894509,0.9334598075354128
JAX111419113,JAX,LEL_1,LEL,1,R,R-JAX111419113,5,3,0.6564728909445455,0.9334598075354128
JAX111419113,JAX,LEL_1,LEL,1,R,R-JAX111419113,5,4,0.7659588081065091,0.9334598075354128
JAX111419113,JAX,LEL_1,LEL,1,R,R-JAX111419113,5,5,0.8376064546180668,0.9334598075354128
JAX111419113,JAX,LSR_1,LSR,1,R,R-JAX111419113,4,1,0.4944093470793425,0.9327011380363892
JAX111419113,JAX,LSR_1,LSR,1,R,R-JAX111419113,4,2,0.6283434607612309,0.9327011380363892
JAX111419113,JAX,LSR_1,LSR,1,R,R-JAX111419113,4,3,0.7610681600089119,0.9327011380363892
JAX111419113,JAX,LSR_1,LSR,1,R,R-JAX111419113,4,4,0.8548845804767955,0.9327011380363892
JAX111419113,JAX,MJS_1,MJS,1,R,R-JAX111419113,4,1,0.4797780670407939,0.9106963094892129
JAX111419113,JAX,MJS_1,MJS,1,R,R-JAX111419113,4,2,0.6241524960971789,0.9106963094892129
JAX111419113,JAX,MJS_1,MJS,1,R,R-JAX111419113,4,3,0.7397900458594909,0.9106963094892129
JAX111419113,JAX,MJS_1,MJS,1,R,R-JAX111419113,4,4,0.8512924993632293,0.9106963094892129
JAX111419114,JAX,CJF_1,CJF,1,R,R-JAX111419114,4,1,0.3764481288195053,0.8239979516231553
JAX111419114,JAX,CJF_1,CJF,1,R,R-JAX111419114,4,2,0.5594193406553545,0.8239979516231553
JAX111419114,JAX,CJF_1,CJF,1,R,R-JAX111419114,4,3,0.6760218398143798,0.8239979516231553
JAX111419114,JAX,CJF_1,CJF,1,R,R-JAX111419114,4,4,0.75874073287632815,0.8239979516231553
JAX111419114,JAX,CJF_2,CJF,2,R,R-JAX111419114,4,1,0.3711230277332464,0.8141795402271632
JAX111419114,JAX,CJF_2,CJF,2,R,R-JAX111419114,4,2,0.5573355868596069,0.8141795402271632
JAX111419114,JAX,CJF_2,CJF,2,R,R-JAX111419114,4,3,0.6576933935596663,0.8141795402271632
JAX111419114,JAX,CJF_2,CJF,2,R,R-JAX111419114,4,4,0.7441991912457024,0.8141795402271632
JAX111419114,JAX,JRS_1,JRS,1,R,R-JAX111419114,3,1,0.48166619375513886,0.7382091854998544
JAX111419114,JAX,JRS_1,JRS,1,R,R-JAX111419114,3,2,0.5904549078668192,0.7382091854998544
JAX111419114,JAX,JRS_1,JRS,1,R,R-JAX111419114,3,3,0.6795547244534821,0.7382091854998544
JAX111419114,JAX,LEL_1,LEL,1,R,R-JAX111419114,4,1,0.2970460240291748,0.7465592049229207
JAX111419114,JAX,LEL_1,LEL,1,R,R-JAX111419114,4,2,0.4879546073069703,0.7465592049229207
JAX111419114,JAX,LEL_1,LEL,1,R,R-JAX111419114,4,3,0.6068386903722108,0.7465592049229207
JAX111419114,JAX,LEL_1,LEL,1,R,R-JAX111419114,4,4,0.6969607364142973,0.7465592049229207
JAX111419114,JAX,LSR_1,LSR,1,R,R-JAX111419114,3,1,0.5090024947868196,0.76191890496975
JAX111419114,JAX,LSR_1,LSR,1,R,R-JAX111419114,3,2,0.6133577950471221,0.76191890496975
JAX111419114,JAX,LSR_1,LSR,1,R,R-JAX111419114,3,3,0.6895252899809675,0.76191890496975
JAX111419114,JAX,MJS_1,MJS,1,R,R-JAX111419114,4,1,0.30540428425311605,0.755077299708503
JAX111419114,JAX,MJS_1,MJS,1,R,R-JAX111419114,4,2,0.5048279660217745,0.755077299708503
JAX111419114,JAX,MJS_1,MJS,1,R,R-JAX111419114,4,3,0.6045398069061039,0.755077299708503
JAX111419114,JAX,MJS_1,MJS,1,R,R-JAX111419114,4,4,0.6926838560660834,0.755077299708503
JAX111419115,JAX,CJF_1,CJF,1,R,R-JAX111419115,3,1,0.41576612389754347,0.7389057029355879
JAX111419115,JAX,CJF_1,CJF,1,R,R-JAX111419115,3,2,0.5232391392798914,0.7389057029355879
JAX111419115,JAX,CJF_1,CJF,1,R,R-JAX111419115,3,3,0.6462654223929403,0.7389057029355879
JAX111419115,JAX,CJF_2,CJF,2,R,R-JAX111419115,3,1,0.37159430653875264,0.714238682285458
JAX111419115,JAX,CJF_2,CJF,2,R,R-JAX111419115,3,2,0.5037776737887136,0.714238682285458
JAX111419115,JAX,CJF_2,CJF,2,R,R-JAX111419115,3,3,0.6307363300094394,0.714238682285458
JAX111419115,JAX,JRS_1,JRS,1,R,R-JAX111419115,3,1,0.3268859930685144,0.6477135161645595
JAX111419115,JAX,JRS_1,JRS,1,R,R-JAX111419115,3,2,0.45358860973157183,0.6477135161645595
JAX111419115,JAX,JRS_1,JRS,1,R,R-JAX111419115,3,3,0.5763162493264938,0.6477135161645595
JAX111419115,JAX,LEL_1,LEL,1,R,R-JAX111419115,4,1,0.2733473778016123,0.7935980256641725
JAX111419115,JAX,LEL_1,LEL,1,R,R-JAX111419115,4,2,0.47082235749847884,0.7935980256641725
JAX111419115,JAX,LEL_1,LEL,1,R,R-JAX111419115,4,3,0.5998481515389452,0.7935980256641725
JAX111419115,JAX,LEL_1,LEL,1,R,R-JAX111419115,4,4,0.6995764632201541,0.7935980256641725
JAX111419115,JAX,LSR_1,LSR,1,R,R-JAX111419115,3,1,0.5248473779415062,0.8197186447398912
JAX111419115,JAX,LSR_1,LSR,1,R,R-JAX111419115,3,2,0.6264882261071698,0.8197186447398912
JAX111419115,JAX,LSR_1,LSR,1,R,R-JAX111419115,3,3,0.7429345997833429,0.8197186447398912
JAX111419115,JAX,MJS_1,MJS,1,R,R-JAX111419115,3,1,0.3913866963378039,0.7215692327491356
JAX111419115,JAX,MJS_1,MJS,1,R,R-JAX111419115,3,2,0.512824317766872,0.7215692327491356
JAX111419115,JAX,MJS_1,MJS,1,R,R-JAX111419115,3,3,0.6373554872941922,0.7215692327491356
JAX111419116,JAX,CJF_1,CJF,1,R,R-JAX111419116,4,1,0.29044915913565567,0.7484870238182543
JAX111419116,JAX,CJF_1,CJF,1,R,R-JAX111419116,4,2,0.4452987712144678,0.7484870238182543
JAX111419116,JAX,CJF_1,CJF,1,R,R-JAX111419116,4,3,0.5574019792573709,0.7484870238182543
JAX111419116,JAX,CJF_1,CJF,1,R,R-JAX111419116,4,4,0.6485566669799608,0.7484870238182543
JAX111419116,JAX,CJF_2,CJF,2,R,R-JAX111419116,4,1,0.37560433428785284,0.8530528480249916
JAX111419116,JAX,CJF_2,CJF,2,R,R-JAX111419116,4,2,0.5662196864000958,0.8530528480249916
JAX111419116,JAX,CJF_2,CJF,2,R,R-JAX111419116,4,3,0.688565057671312,0.8530528480249916
JAX111419116,JAX,CJF_2,CJF,2,R,R-JAX111419116,4,4,0.7618913907296702,0.8530528480249916
JAX111419116,JAX,LEL_1,LEL,1,R,R-JAX111419116,4,1,0.4854878352629537,0.94405604976043
JAX111419116,JAX,LEL_1,LEL,1,R,R-JAX111419116,4,2,0.6641359849856421,0.94405604976043
JAX111419116,JAX,LEL_1,LEL,1,R,R-JAX111419116,4,3,0.7717987569096313,0.94405604976043
JAX111419116,JAX,LEL_1,LEL,1,R,R-JAX111419116,4,4,0.8528848841721033,0.94405604976043
JAX111419116,JAX,LSR_1,LSR,1,R,R-JAX111419116,4,1,0.519547415862179,0.9570300045262246
JAX111419116,JAX,LSR_1,LSR,1,R,R-JAX111419116,4,2,0.6619631692654429,0.9570300045262246
JAX111419116,JAX,LSR_1,LSR,1,R,R-JAX111419116,4,3,0.7948831100923005,0.9570300045262246
JAX111419116,JAX,LSR_1,LSR,1,R,R-JAX111419116,4,4,0.8883407688578379,0.9570300045262246
JAX111419116,JAX,MJS_1,MJS,1,R,R-JAX111419116,4,1,0.451799589140628,0.9201015287357581
JAX111419116,JAX,MJS_1,MJS,1,R,R-JAX111419116,4,2,0.6372512570919651,0.9201015287357581
JAX111419116,JAX,MJS_1,MJS,1,R,R-JAX111419116,4,3,0.7375508004846644,0.9201015287357581
JAX111419116,JAX,MJS_1,MJS,1,R,R-JAX111419116,4,4,0.8169010456428145,0.9201015287357581
JAX111419117,JAX,CJF_1,CJF,1,R,R-JAX111419117,4,1,0.29225959892188574,0.6318673501670609
JAX111419117,JAX,CJF_1,CJF,1,R,R-JAX111419117,4,2,0.41367455607485515,0.6318673501670609
JAX111419117,JAX,CJF_1,CJF,1,R,R-JAX111419117,4,3,0.47925978754542214,0.6318673501670609
JAX111419117,JAX,CJF_1,CJF,1,R,R-JAX111419117,4,4,0.5770006685367464,0.6318673501670609
JAX111419117,JAX,CJF_2,CJF,2,R,R-JAX111419117,4,1,0.37692977199277095,0.761293949810193
JAX111419117,JAX,CJF_2,CJF,2,R,R-JAX111419117,4,2,0.5289164999004234,0.761293949810193
JAX111419117,JAX,CJF_2,CJF,2,R,R-JAX111419117,4,3,0.6156329466566087,0.761293949810193
JAX111419117,JAX,CJF_2,CJF,2,R,R-JAX111419117,4,4,0.6979894015985425,0.761293949810193
JAX111419117,JAX,LEL_1,LEL,1,R,R-JAX111419117,4,1,0.27994372934595485,0.6044508397514943
JAX111419117,JAX,LEL_1,LEL,1,R,R-JAX111419117,4,2,0.4071556274091991,0.6044508397514943
JAX111419117,JAX,LEL_1,LEL,1,R,R-JAX111419117,4,3,0.45609708907345914,0.6044508397514943
JAX111419117,JAX,LEL_1,LEL,1,R,R-JAX111419117,4,4,0.5313985497615213,0.6044508397514943
JAX111419117,JAX,LSR_1,LSR,1,R,R-JAX111419117,4,1,0.2728365503528324,0.5861637415323744
JAX111419117,JAX,LSR_1,LSR,1,R,R-JAX111419117,4,2,0.351645560309391,0.5861637415323744
JAX111419117,JAX,LSR_1,LSR,1,R,R-JAX111419117,4,3,0.43150826246665697,0.5861637415323744
JAX111419117,JAX,LSR_1,LSR,1,R,R-JAX111419117,4,4,0.5253285124149427,0.5861637415323744
JAX111419117,JAX,MJS_1,MJS,1,R,R-JAX111419117,4,1,0.3170929720673666,0.5903215256913306
JAX111419117,JAX,MJS_1,MJS,1,R,R-JAX111419117,4,2,0.39206781505714017,0.5903215256913306
JAX111419117,JAX,MJS_1,MJS,1,R,R-JAX111419117,4,3,0.4574366765362689,0.5903215256913306
JAX111419117,JAX,MJS_1,MJS,1,R,R-JAX111419117,4,4,0.5357048857300641,0.5903215256913306
JAX111419118,JAX,CJF_1,CJF,1,R,R-JAX111419118,2,1,0.3623656645602754,0.6587861751330393
JAX111419118,JAX,CJF_1,CJF,1,R,R-JAX111419118,2,2,0.5479737086643457,0.6587861751330393
JAX111419118,JAX,CJF_2,CJF,2,R,R-JAX111419118,2,1,0.36140429509044714,0.6340035269311998
JAX111419118,JAX,CJF_2,CJF,2,R,R-JAX111419118,2,2,0.5207758009070591,0.6340035269311998
JAX111419118,JAX,JRS_1,JRS,1,R,R-JAX111419118,2,1,0.30238923480020213,0.5830530065698998
JAX111419118,JAX,JRS_1,JRS,1,R,R-JAX111419118,2,2,0.4450562005104214,0.5830530065698998
JAX111419118,JAX,LEL_1,LEL,1,R,R-JAX111419118,2,1,0.39363609416490153,0.6658688237817229
JAX111419118,JAX,LEL_1,LEL,1,R,R-JAX111419118,2,2,0.5444781279370902,0.6658688237817229
JAX111419118,JAX,LSR_1,LSR,1,R,R-JAX111419118,2,1,0.3800478471951533,0.6313068145080081
JAX111419118,JAX,LSR_1,LSR,1,R,R-JAX111419118,2,2,0.5013409931155794,0.6313068145080081
JAX111419118,JAX,MJS_1,MJS,1,R,R-JAX111419118,2,1,0.3735454467146178,0.6513829755041425
JAX111419118,JAX,MJS_1,MJS,1,R,R-JAX111419118,2,2,0.5320692304409804,0.6513829755041425
JAX111419119,JAX,CJF_1,CJF,1,R,R-JAX111419119,5,1,0.4024412869573296,0.9710946036642938
JAX111419119,JAX,CJF_1,CJF,1,R,R-JAX111419119,5,2,0.6024971581126688,0.9710946036642938
JAX111419119,JAX,CJF_1,CJF,1,R,R-JAX111419119,5,3,0.7264996325757483,0.9710946036642938
JAX111419119,JAX,CJF_1,CJF,1,R,R-JAX111419119,5,4,0.8099444637666843,0.9710946036642938
JAX111419119,JAX,CJF_1,CJF,1,R,R-JAX111419119,5,5,0.8895983312377073,0.9710946036642938
JAX111419119,JAX,CJF_2,CJF,2,R,R-JAX111419119,5,1,0.3986779411881676,0.9593017578472656
JAX111419119,JAX,CJF_2,CJF,2,R,R-JAX111419119,5,2,0.5867176845676891,0.9593017578472656
JAX111419119,JAX,CJF_2,CJF,2,R,R-JAX111419119,5,3,0.7190208348121935,0.9593017578472656
JAX111419119,JAX,CJF_2,CJF,2,R,R-JAX111419119,5,4,0.7921394840763228,0.9593017578472656
JAX111419119,JAX,CJF_2,CJF,2,R,R-JAX111419119,5,5,0.8878922169951576,0.9593017578472656
JAX111419119,JAX,JRS_1,JRS,1,R,R-JAX111419119,5,1,0.38261764957242667,0.9339328130932489
JAX111419119,JAX,JRS_1,JRS,1,R,R-JAX111419119,5,2,0.5637176610638921,0.9339328130932489
JAX111419119,JAX,JRS_1,JRS,1,R,R-JAX111419119,5,3,0.690601610299946,0.9339328130932489
JAX111419119,JAX,JRS_1,JRS,1,R,R-JAX111419119,5,4,0.7688630596946376,0.9339328130932489
JAX111419119,JAX,JRS_1,JRS,1,R,R-JAX111419119,5,5,0.8574852439734496,0.9339328130932489
JAX111419119,JAX,LEL_1,LEL,1,R,R-JAX111419119,5,1,0.488435064171913,1.034795043187017
JAX111419119,JAX,LEL_1,LEL,1,R,R-JAX111419119,5,2,0.6784947560742672,1.034795043187017
JAX111419119,JAX,LEL_1,LEL,1,R,R-JAX111419119,5,3,0.800551380028627,1.034795043187017
JAX111419119,JAX,LEL_1,LEL,1,R,R-JAX111419119,5,4,0.8846308269949287,1.034795043187017
JAX111419119,JAX,LEL_1,LEL,1,R,R-JAX111419119,5,5,0.9567138221342201,1.034795043187017
JAX111419119,JAX,LSR_1,LSR,1,R,R-JAX111419119,5,1,0.4635707382885219,0.9585834337037668
JAX111419119,JAX,LSR_1,LSR,1,R,R-JAX111419119,5,2,0.5899665014747758,0.9585834337037668
JAX111419119,JAX,LSR_1,LSR,1,R,R-JAX111419119,5,3,0.708299939232411,0.9585834337037668
JAX111419119,JAX,LSR_1,LSR,1,R,R-JAX111419119,5,4,0.8213481983251621,0.9585834337037668
JAX111419119,JAX,LSR_1,LSR,1,R,R-JAX111419119,5,5,0.8844115224869977,0.9585834337037668
JAX111419119,JAX,MJS_1,MJS,1,R,R-JAX111419119,5,1,0.38734078059140387,0.9715542025994465
JAX111419119,JAX,MJS_1,MJS,1,R,R-JAX111419119,5,2,0.5813911269693329,0.9715542025994465
JAX111419119,JAX,MJS_1,MJS,1,R,R-JAX111419119,5,3,0.712301815840668,0.9715542025994465
JAX111419119,JAX,MJS_1,MJS,1,R,R-JAX111419119,5,4,0.7970066174376667,0.9715542025994465
JAX111419119,JAX,MJS_1,MJS,1,R,R-JAX111419119,5,5,0.891987382970231,0.9715542025994465
JAX111419120,JAX,CJF_1,CJF,1,R,R-JAX111419120,4,1,0.4764062776932687,0.9769208526601648
JAX111419120,JAX,CJF_1,CJF,1,R,R-JAX111419120,4,2,0.6761267439789029,0.9769208526601648
JAX111419120,JAX,CJF_1,CJF,1,R,R-JAX111419120,4,3,0.7891212951925146,0.9769208526601648
JAX111419120,JAX,CJF_1,CJF,1,R,R-JAX111419120,4,4,0.8808607350583784,0.9769208526601648
JAX111419120,JAX,CJF_2,CJF,2,R,R-JAX111419120,4,1,0.5241266509887003,1.0162315020840984
JAX111419120,JAX,CJF_2,CJF,2,R,R-JAX111419120,4,2,0.717001825870593,1.0162315020840984
JAX111419120,JAX,CJF_2,CJF,2,R,R-JAX111419120,4,3,0.8376197807411919,1.0162315020840984
JAX111419120,JAX,CJF_2,CJF,2,R,R-JAX111419120,4,4,0.9267837002738135,1.0162315020840984
JAX111419120,JAX,JRS_1,JRS,1,R,R-JAX111419120,4,1,0.5349198455849372,1.0131653087511465
JAX111419120,JAX,JRS_1,JRS,1,R,R-JAX111419120,4,2,0.7368532799755327,1.0131653087511465
JAX111419120,JAX,JRS_1,JRS,1,R,R-JAX111419120,4,3,0.8642263968665093,1.0131653087511465
JAX111419120,JAX,JRS_1,JRS,1,R,R-JAX111419120,4,4,0.9427982156472551,1.0131653087511465
JAX111419120,JAX,LEL_1,LEL,1,R,R-JAX111419120,5,1,0.26136165083596563,0.9196871853776147
JAX111419120,JAX,LEL_1,LEL,1,R,R-JAX111419120,5,2,0.49895045272146726,0.9196871853776147
JAX111419120,JAX,LEL_1,LEL,1,R,R-JAX111419120,5,3,0.7002745604651158,0.9196871853776147
JAX111419120,JAX,LEL_1,LEL,1,R,R-JAX111419120,5,4,0.8289816201209064,0.9196871853776147
JAX111419120,JAX,LEL_1,LEL,1,R,R-JAX111419120,5,5,0.8983880471067649,0.9196871853776147
JAX111419120,JAX,LSR_1,LSR,1,R,R-JAX111419120,4,1,0.4825179602853303,0.9503719074012902
JAX111419120,JAX,LSR_1,LSR,1,R,R-JAX111419120,4,2,0.708893308216877,0.9503719074012902
JAX111419120,JAX,LSR_1,LSR,1,R,R-JAX111419120,4,3,0.8391934989080745,0.9503719074012902
JAX111419120,JAX,LSR_1,LSR,1,R,R-JAX111419120,4,4,0.9308108871198133,0.9503719074012902
JAX111419120,JAX,MJS_1,MJS,1,R,R-JAX111419120,4,1,0.5296505478239948,1.0062272680183657
JAX111419120,JAX,MJS_1,MJS,1,R,R-JAX111419120,4,2,0.7301345914970986,1.0062272680183657
JAX111419120,JAX,MJS_1,MJS,1,R,R-JAX111419120,4,3,0.849414737604722,1.0062272680183657
JAX111419120,JAX,MJS_1,MJS,1,R,R-JAX111419120,4,4,0.9507444879135154,1.0062272680183657
JAX111419121,JAX,CJF_1,CJF,1,R,R-JAX111419121,3,1,0.44369992336774505,0.8276706934411199
JAX111419121,JAX,CJF_1,CJF,1,R,R-JAX111419121,3,2,0.6021062837630666,0.8276706934411199
JAX111419121,JAX,CJF_1,CJF,1,R,R-JAX111419121,3,3,0.721936860537876,0.8276706934411199
JAX111419121,JAX,CJF_2,CJF,2,R,R-JAX111419121,3,1,0.43042555961912443,0.8192306172439107
JAX111419121,JAX,CJF_2,CJF,2,R,R-JAX111419121,3,2,0.5744288013826906,0.8192306172439107
JAX111419121,JAX,CJF_2,CJF,2,R,R-JAX111419121,3,3,0.7060302420929976,0.8192306172439107
JAX111419121,JAX,JRS_1,JRS,1,R,R-JAX111419121,0,NA,NA,0.8103723381211507
JAX111419121,JAX,LEL_1,LEL,1,R,R-JAX111419121,3,1,0.5144609850547985,0.9001008068297723
JAX111419121,JAX,LEL_1,LEL,1,R,R-JAX111419121,3,2,0.6643173396519102,0.9001008068297723
JAX111419121,JAX,LEL_1,LEL,1,R,R-JAX111419121,3,3,0.7932543455839038,0.9001008068297723
JAX111419121,JAX,LSR_1,LSR,1,R,R-JAX111419121,3,1,0.4437062077435323,0.8133188026071253
JAX111419121,JAX,LSR_1,LSR,1,R,R-JAX111419121,3,2,0.5718629272920444,0.8133188026071253
JAX111419121,JAX,LSR_1,LSR,1,R,R-JAX111419121,3,3,0.7075262716442877,0.8133188026071253
JAX111419121,JAX,MJS_1,MJS,1,R,R-JAX111419121,3,1,0.4545119586771233,0.8340286596387839
JAX111419121,JAX,MJS_1,MJS,1,R,R-JAX111419121,3,2,0.6059303705367505,0.8340286596387839
JAX111419121,JAX,MJS_1,MJS,1,R,R-JAX111419121,3,3,0.7238006727949756,0.8340286596387839
JAX111419122,JAX,CJF_1,CJF,1,R,R-JAX111419122,3,1,0.33842957612515556,0.7944280818184971
JAX111419122,JAX,CJF_1,CJF,1,R,R-JAX111419122,3,2,0.5114929364103301,0.7944280818184971
JAX111419122,JAX,CJF_1,CJF,1,R,R-JAX111419122,3,3,0.6580342871325136,0.7944280818184971
JAX111419122,JAX,CJF_2,CJF,2,R,R-JAX111419122,3,1,0.43513664885371867,0.8761957420803759
JAX111419122,JAX,CJF_2,CJF,2,R,R-JAX111419122,3,2,0.6289992296985991,0.8761957420803759
JAX111419122,JAX,CJF_2,CJF,2,R,R-JAX111419122,3,3,0.7601131419009877,0.8761957420803759
JAX111419122,JAX,JRS_1,JRS,1,R,R-JAX111419122,3,1,0.4193791433222692,0.864812256904324
JAX111419122,JAX,JRS_1,JRS,1,R,R-JAX111419122,3,2,0.601036293949458,0.864812256904324
JAX111419122,JAX,JRS_1,JRS,1,R,R-JAX111419122,3,3,0.7418404091105997,0.864812256904324
JAX111419122,JAX,LEL_1,LEL,1,R,R-JAX111419122,3,1,0.4966785361184694,0.920821050866845
JAX111419122,JAX,LEL_1,LEL,1,R,R-JAX111419122,3,2,0.6710228244081731,0.920821050866845
JAX111419122,JAX,LEL_1,LEL,1,R,R-JAX111419122,3,3,0.8200417244099667,0.920821050866845
JAX111419122,JAX,LSR_1,LSR,1,R,R-JAX111419122,3,1,0.42995115383778726,0.88673204619896
JAX111419122,JAX,LSR_1,LSR,1,R,R-JAX111419122,3,2,0.61060353767850994,0.88673204619896
JAX111419122,JAX,LSR_1,LSR,1,R,R-JAX111419122,3,3,0.7656721844930326,0.88673204619896
JAX111419122,JAX,MJS_1,MJS,1,R,R-JAX111419122,3,1,0.45461965426454953,0.9084286118456402
JAX111419122,JAX,MJS_1,MJS,1,R,R-JAX111419122,3,2,0.6477456997026473,0.9084286118456402
JAX111419122,JAX,MJS_1,MJS,1,R,R-JAX111419122,3,3,0.787172196638438,0.9084286118456402
JAX111419123,JAX,CJF_1,CJF,1,R,R-JAX111419123,3,1,0.3608074386097003,0.7460309040236813
JAX111419123,JAX,CJF_1,CJF,1,R,R-JAX111419123,3,2,0.516130739090265,0.7460309040236813
JAX111419123,JAX,CJF_1,CJF,1,R,R-JAX111419123,3,3,0.6301910379538167,0.7460309040236813
JAX111419123,JAX,CJF_2,CJF,2,R,R-JAX111419123,4,1,0.4145653568114009,0.9319723940997842
JAX111419123,JAX,CJF_2,CJF,2,R,R-JAX111419123,4,2,0.6110654941570426,0.9319723940997842
JAX111419123,JAX,CJF_2,CJF,2,R,R-JAX111419123,4,3,0.7230903982423487,0.9319723940997842
JAX111419123,JAX,CJF_2,CJF,2,R,R-JAX111419123,4,4,0.8339183845866844,0.9319723940997842
JAX111419123,JAX,JRS_1,JRS,1,R,R-JAX111419123,4,1,0.39464558961391233,0.8911893973147783
JAX111419123,JAX,JRS_1,JRS,1,R,R-JAX111419123,4,2,0.586120065717413,0.8911893973147783
JAX111419123,JAX,JRS_1,JRS,1,R,R-JAX111419123,4,3,0.7285642221763888,0.8911893973147783
JAX111419123,JAX,JRS_1,JRS,1,R,R-JAX111419123,4,4,0.824393410734737,0.8911893973147783
JAX111419123,JAX,LEL_1,LEL,1,R,R-JAX111419123,4,1,0.4596109330554622,0.9950440029011497
JAX111419123,JAX,LEL_1,LEL,1,R,R-JAX111419123,4,2,0.6485498850501423,0.9950440029011497
JAX111419123,JAX,LEL_1,LEL,1,R,R-JAX111419123,4,3,0.7721134934008627,0.9950440029011497
JAX111419123,JAX,LEL_1,LEL,1,R,R-JAX111419123,4,4,0.8892841770999225,0.9950440029011497
JAX111419123,JAX,LSR_1,LSR,1,R,R-JAX111419123,4,1,0.37525974601346845,0.7085687407812301
JAX111419123,JAX,LSR_1,LSR,1,R,R-JAX111419123,4,2,0.4962560290252208,0.7085687407812301
JAX111419123,JAX,LSR_1,LSR,1,R,R-JAX111419123,4,3,0.5933754435325727,0.7085687407812301
JAX111419123,JAX,LSR_1,LSR,1,R,R-JAX111419123,4,4,0.6600090335275546,0.7085687407812301
JAX111419123,JAX,MJS_1,MJS,1,R,R-JAX111419123,4,1,0.41828849876455554,0.9482332186818823
JAX111419123,JAX,MJS_1,MJS,1,R,R-JAX111419123,4,2,0.6161362174744105,0.9482332186818823
JAX111419123,JAX,MJS_1,MJS,1,R,R-JAX111419123,4,3,0.7385892346654712,0.9482332186818823
JAX111419123,JAX,MJS_1,MJS,1,R,R-JAX111419123,4,4,0.860605889999378,0.9482332186818823
JAX111419124,JAX,CJF_1,CJF,1,R,R-JAX111419124,4,1,0.4451227281533587,0.9641824970655541
JAX111419124,JAX,CJF_1,CJF,1,R,R-JAX111419124,4,2,0.638935913373361,0.9641824970655541
JAX111419124,JAX,CJF_1,CJF,1,R,R-JAX111419124,4,3,0.7765690926969874,0.9641824970655541
JAX111419124,JAX,CJF_1,CJF,1,R,R-JAX111419124,4,4,0.8608391015415519,0.9641824970655541
JAX111419124,JAX,CJF_2,CJF,2,R,R-JAX111419124,4,1,0.45284989964569394,0.9633499185667491
JAX111419124,JAX,CJF_2,CJF,2,R,R-JAX111419124,4,2,0.6697727430909306,0.9633499185667491
JAX111419124,JAX,CJF_2,CJF,2,R,R-JAX111419124,4,3,0.7584047594185266,0.9633499185667491
JAX111419124,JAX,CJF_2,CJF,2,R,R-JAX111419124,4,4,0.8522004252548285,0.9633499185667491
JAX111419124,JAX,LEL_1,LEL,1,R,R-JAX111419124,3,1,0.4887572612582897,1.029925611463393
JAX111419124,JAX,LEL_1,LEL,1,R,R-JAX111419124,3,2,0.7881351275748134,1.029925611463393
JAX111419124,JAX,LEL_1,LEL,1,R,R-JAX111419124,3,3,0.9493232384056938,1.029925611463393
JAX111419124,JAX,LSR_1,LSR,1,R,R-JAX111419124,4,1,0.35294095836201067,0.7077078729579916
JAX111419124,JAX,LSR_1,LSR,1,R,R-JAX111419124,4,2,0.45080741786932504,0.7077078729579916
JAX111419124,JAX,LSR_1,LSR,1,R,R-JAX111419124,4,3,0.5310975503017371,0.7077078729579916
JAX111419124,JAX,LSR_1,LSR,1,R,R-JAX111419124,4,4,0.597467263655048,0.7077078729579916
JAX111419124,JAX,MJS_1,MJS,1,R,R-JAX111419124,4,1,0.43196993343985846,0.9378042478157476
JAX111419124,JAX,MJS_1,MJS,1,R,R-JAX111419124,4,2,0.6392452475716388,0.9378042478157476
JAX111419124,JAX,MJS_1,MJS,1,R,R-JAX111419124,4,3,0.7482555882351006,0.9378042478157476
JAX111419124,JAX,MJS_1,MJS,1,R,R-JAX111419124,4,4,0.8485562763104129,0.9378042478157476
JAX111419125,JAX,CJF_1,CJF,1,R,R-JAX111419125,4,1,0.4924419772019019,1.0241395829860513
JAX111419125,JAX,CJF_1,CJF,1,R,R-JAX111419125,4,2,0.6946284271805531,1.0241395829860513
JAX111419125,JAX,CJF_1,CJF,1,R,R-JAX111419125,4,3,0.8183182003381858,1.0241395829860513
JAX111419125,JAX,CJF_1,CJF,1,R,R-JAX111419125,4,4,0.9273474894579711,1.0241395829860513
JAX111419125,JAX,CJF_2,CJF,2,R,R-JAX111419125,4,1,0.5345254851927047,1.005212282362251
JAX111419125,JAX,CJF_2,CJF,2,R,R-JAX111419125,4,2,0.7279478953658324,1.005212282362251
JAX111419125,JAX,CJF_2,CJF,2,R,R-JAX111419125,4,3,0.8352192266822781,1.005212282362251
JAX111419125,JAX,CJF_2,CJF,2,R,R-JAX111419125,4,4,0.9199365136073567,1.005212282362251
JAX111419125,JAX,JRS_1,JRS,1,R,R-JAX111419125,4,1,0.45917306581931594,0.9718588684719722
JAX111419125,JAX,JRS_1,JRS,1,R,R-JAX111419125,4,2,0.6671440451466555,0.9718588684719722
JAX111419125,JAX,JRS_1,JRS,1,R,R-JAX111419125,4,3,0.7824999198621938,0.9718588684719722
JAX111419125,JAX,JRS_1,JRS,1,R,R-JAX111419125,4,4,0.8768474862643195,0.9718588684719722
JAX111419125,JAX,LEL_1,LEL,1,R,R-JAX111419125,4,1,0.5059101742214881,1.0390274950351224
JAX111419125,JAX,LEL_1,LEL,1,R,R-JAX111419125,4,2,0.721269352510637,1.0390274950351224
JAX111419125,JAX,LEL_1,LEL,1,R,R-JAX111419125,4,3,0.8256757146894161,1.0390274950351224
JAX111419125,JAX,LEL_1,LEL,1,R,R-JAX111419125,4,4,0.9449134552900028,1.0390274950351224
JAX111419125,JAX,LSR_1,LSR,1,R,R-JAX111419125,4,1,0.3729694454843068,0.7295126221567421
JAX111419125,JAX,LSR_1,LSR,1,R,R-JAX111419125,4,2,0.5206002638539875,0.7295126221567421
JAX111419125,JAX,LSR_1,LSR,1,R,R-JAX111419125,4,3,0.6033281621476373,0.7295126221567421
JAX111419125,JAX,LSR_1,LSR,1,R,R-JAX111419125,4,4,0.6888425761727923,0.7295126221567421
JAX111419125,JAX,MJS_1,MJS,1,R,R-JAX111419125,4,1,0.4925020356151695,1.0044110237999337
JAX111419125,JAX,MJS_1,MJS,1,R,R-JAX111419125,4,2,0.7182498303941593,1.0044110237999337
JAX111419125,JAX,MJS_1,MJS,1,R,R-JAX111419125,4,3,0.8407605388818233,1.0044110237999337
JAX111419125,JAX,MJS_1,MJS,1,R,R-JAX111419125,4,4,0.9165711075528515,1.0044110237999337
JAX111419126,JAX,CJF_1,CJF,1,R,R-JAX111419126,4,1,0.42459266652322813,0.9205558272307302
JAX111419126,JAX,CJF_1,CJF,1,R,R-JAX111419126,4,2,0.5995781621052754,0.9205558272307302
JAX111419126,JAX,CJF_1,CJF,1,R,R-JAX111419126,4,3,0.6918604000964796,0.9205558272307302
JAX111419126,JAX,CJF_1,CJF,1,R,R-JAX111419126,4,4,0.7929933748320528,0.9205558272307302
JAX111419126,JAX,CJF_2,CJF,2,R,R-JAX111419126,5,1,0.48390252935102457,0.9788082632280245
JAX111419126,JAX,CJF_2,CJF,2,R,R-JAX111419126,5,2,0.6634878444600789,0.9788082632280245
JAX111419126,JAX,CJF_2,CJF,2,R,R-JAX111419126,5,3,0.7869730744292724,0.9788082632280245
JAX111419126,JAX,CJF_2,CJF,2,R,R-JAX111419126,5,4,0.8554639608405777,0.9788082632280245
JAX111419126,JAX,CJF_2,CJF,2,R,R-JAX111419126,5,5,0.9190874191067522,0.9788082632280245
JAX111419126,JAX,JRS_1,JRS,1,R,R-JAX111419126,2,1,0.4362528102429734,0.7758756574709682
JAX111419126,JAX,JRS_1,JRS,1,R,R-JAX111419126,2,2,0.6392742303509622,0.7758756574709682
JAX111419126,JAX,LEL_1,LEL,1,R,R-JAX111419126,4,1,0.30747551082604563,0.8086324044849857
JAX111419126,JAX,LEL_1,LEL,1,R,R-JAX111419126,4,2,0.45496230001353455,0.8086324044849857
JAX111419126,JAX,LEL_1,LEL,1,R,R-JAX111419126,4,3,0.6361417503953611,0.8086324044849857
JAX111419126,JAX,LEL_1,LEL,1,R,R-JAX111419126,4,4,0.7576692566857784,0.8086324044849857
JAX111419126,JAX,LSR_1,LSR,1,R,R-JAX111419126,5,1,0.40096036481549174,0.7590643274730199
JAX111419126,JAX,LSR_1,LSR,1,R,R-JAX111419126,5,2,0.5235148034817414,0.7590643274730199
JAX111419126,JAX,LSR_1,LSR,1,R,R-JAX111419126,5,3,0.6055223343865699,0.7590643274730199
JAX111419126,JAX,LSR_1,LSR,1,R,R-JAX111419126,5,4,0.6673367553494497,0.7590643274730199
JAX111419126,JAX,LSR_1,LSR,1,R,R-JAX111419126,5,5,0.7245321875192425,0.7590643274730199
JAX111419126,JAX,MJS_1,MJS,1,R,R-JAX111419126,3,1,0.4366728179060182,0.8257715671456084
JAX111419126,JAX,MJS_1,MJS,1,R,R-JAX111419126,3,2,0.6237489002931795,0.8257715671456084
JAX111419126,JAX,MJS_1,MJS,1,R,R-JAX111419126,3,3,0.7580863756362908,0.8257715671456084
JAX111419127,JAX,CJF_1,CJF,1,R,R-JAX111419127,3,1,0.3611226056156883,0.746173560215789
JAX111419127,JAX,CJF_1,CJF,1,R,R-JAX111419127,3,2,0.5285581247255147,0.746173560215789
JAX111419127,JAX,CJF_1,CJF,1,R,R-JAX111419127,3,3,0.6464050193546427,0.746173560215789
JAX111419127,JAX,CJF_2,CJF,2,R,R-JAX111419127,3,1,0.4296359086182971,0.7266337112819734
JAX111419127,JAX,CJF_2,CJF,2,R,R-JAX111419127,3,2,0.546070345569003,0.7266337112819734
JAX111419127,JAX,CJF_2,CJF,2,R,R-JAX111419127,3,3,0.639307883568944,0.7266337112819734
JAX111419127,JAX,JRS_1,JRS,1,R,R-JAX111419127,3,1,0.10871679573075589,0.7189763762074112
JAX111419127,JAX,JRS_1,JRS,1,R,R-JAX111419127,3,2,0.2136378019656331,0.7189763762074112
JAX111419127,JAX,JRS_1,JRS,1,R,R-JAX111419127,3,3,0.3764254861085441,0.7189763762074112
JAX111419127,JAX,LEL_1,LEL,1,R,R-JAX111419127,3,1,0.3782810500235822,0.7504150588118917
JAX111419127,JAX,LEL_1,LEL,1,R,R-JAX111419127,3,2,0.5416007777758973,0.7504150588118917
JAX111419127,JAX,LEL_1,LEL,1,R,R-JAX111419127,3,3,0.6529683943284281,0.7504150588118917
JAX111419127,JAX,LSR_1,LSR,1,R,R-JAX111419127,3,1,0.38206604163998037,0.6111966992657475
JAX111419127,JAX,LSR_1,LSR,1,R,R-JAX111419127,3,2,0.46570101614675746,0.6111966992657475
JAX111419127,JAX,LSR_1,LSR,1,R,R-JAX111419127,3,3,0.5671619587632176,0.6111966992657475
JAX111419127,JAX,MJS_1,MJS,1,R,R-JAX111419127,3,1,0.36409014330891326,0.7414590072923936
JAX111419127,JAX,MJS_1,MJS,1,R,R-JAX111419127,3,2,0.5378377532521128,0.7414590072923936
JAX111419127,JAX,MJS_1,MJS,1,R,R-JAX111419127,3,3,0.6394305750831191,0.7414590072923936
JAX111419128,JAX,CJF_1,CJF,1,R,R-JAX111419128,4,1,0.4064508965556312,0.8822143732067893
JAX111419128,JAX,CJF_1,CJF,1,R,R-JAX111419128,4,2,0.5981341917380838,0.8822143732067893
JAX111419128,JAX,CJF_1,CJF,1,R,R-JAX111419128,4,3,0.7177610300857006,0.8822143732067893
JAX111419128,JAX,CJF_1,CJF,1,R,R-JAX111419128,4,4,0.7891166023548719,0.8822143732067893
JAX111419128,JAX,CJF_2,CJF,2,R,R-JAX111419128,4,1,0.4108641922015288,0.8817183230942738
JAX111419128,JAX,CJF_2,CJF,2,R,R-JAX111419128,4,2,0.6065464912674998,0.8817183230942738
JAX111419128,JAX,CJF_2,CJF,2,R,R-JAX111419128,4,3,0.7122079623795152,0.8817183230942738
JAX111419128,JAX,CJF_2,CJF,2,R,R-JAX111419128,4,4,0.810535970766083,0.8817183230942738
JAX111419128,JAX,JRS_1,JRS,1,R,R-JAX111419128,3,1,0.6212625752642931,0.8915197533909087
JAX111419128,JAX,JRS_1,JRS,1,R,R-JAX111419128,3,2,0.7114432780100467,0.8915197533909087
JAX111419128,JAX,JRS_1,JRS,1,R,R-JAX111419128,3,3,0.8105686548850722,0.8915197533909087
JAX111419128,JAX,LEL_1,LEL,1,R,R-JAX111419128,4,1,0.46153694841090775,0.9428139712520575
JAX111419128,JAX,LEL_1,LEL,1,R,R-JAX111419128,4,2,0.6603626285791138,0.9428139712520575
JAX111419128,JAX,LEL_1,LEL,1,R,R-JAX111419128,4,3,0.7455678225025938,0.9428139712520575
JAX111419128,JAX,LEL_1,LEL,1,R,R-JAX111419128,4,4,0.8568068067071303,0.9428139712520575
JAX111419128,JAX,LSR_1,LSR,1,R,R-JAX111419128,4,1,0.43737141873867336,0.8665004328387451
JAX111419128,JAX,LSR_1,LSR,1,R,R-JAX111419128,4,2,0.5920104140961957,0.8665004328387451
JAX111419128,JAX,LSR_1,LSR,1,R,R-JAX111419128,4,3,0.7041765017194848,0.8665004328387451
JAX111419128,JAX,LSR_1,LSR,1,R,R-JAX111419128,4,4,0.7966900170056292,0.8665004328387451
JAX111419128,JAX,MJS_1,MJS,1,R,R-JAX111419128,4,1,0.40275671841374283,0.8764721222975966
JAX111419128,JAX,MJS_1,MJS,1,R,R-JAX111419128,4,2,0.6096460195117053,0.8764721222975966
JAX111419128,JAX,MJS_1,MJS,1,R,R-JAX111419128,4,3,0.6965924686695468,0.8764721222975966
JAX111419128,JAX,MJS_1,MJS,1,R,R-JAX111419128,4,4,0.7788671640146005,0.8764721222975966
JAX111419129,JAX,CJF_1,CJF,1,R,R-JAX111419129,2,1,0.35538146758445466,0.7655906774517378
JAX111419129,JAX,CJF_1,CJF,1,R,R-JAX111419129,2,2,0.570284443199069,0.7655906774517378
JAX111419129,JAX,CJF_2,CJF,2,R,R-JAX111419129,2,1,0.39266174191789,0.801423929149535
JAX111419129,JAX,CJF_2,CJF,2,R,R-JAX111419129,2,2,0.6078508315237866,0.801423929149535
JAX111419129,JAX,JRS_1,JRS,1,R,R-JAX111419129,2,1,0.4913368461779387,0.897072663811314
JAX111419129,JAX,JRS_1,JRS,1,R,R-JAX111419129,2,2,0.7080380561380339,0.897072663811314
JAX111419129,JAX,LEL_1,LEL,1,R,R-JAX111419129,2,1,0.4534220870756845,0.8568694919060931
JAX111419129,JAX,LEL_1,LEL,1,R,R-JAX111419129,2,2,0.6698765481653037,0.8568694919060931
JAX111419129,JAX,LSR_1,LSR,1,R,R-JAX111419129,4,1,0.44006681885864984,0.870057020038182
JAX111419129,JAX,LSR_1,LSR,1,R,R-JAX111419129,4,2,0.5762458280677007,0.870057020038182
JAX111419129,JAX,LSR_1,LSR,1,R,R-JAX111419129,4,3,0.6988216130773937,0.870057020038182
JAX111419129,JAX,LSR_1,LSR,1,R,R-JAX111419129,4,4,0.8193007235804037,0.870057020038182
JAX111419129,JAX,MJS_1,MJS,1,R,R-JAX111419129,3,1,0.43890449063222253,0.850854858089265
JAX111419129,JAX,MJS_1,MJS,1,R,R-JAX111419129,3,2,0.640859578537411,0.850854858089265
JAX111419129,JAX,MJS_1,MJS,1,R,R-JAX111419129,3,3,0.7862198249609555,0.850854858089265
JAX111419130,JAX,CJF_1,CJF,1,R,R-JAX111419130,5,1,0.38471313466079554,0.9822460063159704
JAX111419130,JAX,CJF_1,CJF,1,R,R-JAX111419130,5,2,0.5655752895903314,0.9822460063159704
JAX111419130,JAX,CJF_1,CJF,1,R,R-JAX111419130,5,3,0.7072084345124647,0.9822460063159704
JAX111419130,JAX,CJF_1,CJF,1,R,R-JAX111419130,5,4,0.7973781178039759,0.9822460063159704
JAX111419130,JAX,CJF_1,CJF,1,R,R-JAX111419130,5,5,0.8718304042363221,0.9822460063159704
JAX111419130,JAX,CJF_2,CJF,2,R,R-JAX111419130,5,1,0.45354055201449617,1.038674008577456
JAX111419130,JAX,CJF_2,CJF,2,R,R-JAX111419130,5,2,0.6438952949320633,1.038674008577456
JAX111419130,JAX,CJF_2,CJF,2,R,R-JAX111419130,5,3,0.7719708925279631,1.038674008577456
JAX111419130,JAX,CJF_2,CJF,2,R,R-JAX111419130,5,4,0.8335617846333007,1.038674008577456
JAX111419130,JAX,CJF_2,CJF,2,R,R-JAX111419130,5,5,0.9016330802960627,1.038674008577456
JAX111419130,JAX,JRS_1,JRS,1,R,R-JAX111419130,5,1,0.5696970792945749,1.1496334626286553
JAX111419130,JAX,JRS_1,JRS,1,R,R-JAX111419130,5,2,0.7512092839211761,1.1496334626286553
JAX111419130,JAX,JRS_1,JRS,1,R,R-JAX111419130,5,3,0.8836131470473106,1.1496334626286553
JAX111419130,JAX,JRS_1,JRS,1,R,R-JAX111419130,5,4,0.9833959640710422,1.1496334626286553
JAX111419130,JAX,JRS_1,JRS,1,R,R-JAX111419130,5,5,1.0628686729963042,1.1496334626286553
JAX111419130,JAX,LEL_1,LEL,1,R,R-JAX111419130,4,1,0.4665340824241769,1.0062754816738095
JAX111419130,JAX,LEL_1,LEL,1,R,R-JAX111419130,4,2,0.6269143259402659,1.0062754816738095
JAX111419130,JAX,LEL_1,LEL,1,R,R-JAX111419130,4,3,0.751011430173085,1.0062754816738095
JAX111419130,JAX,LEL_1,LEL,1,R,R-JAX111419130,4,4,0.8871510294943358,1.0062754816738095
JAX111419130,JAX,LSR_1,LSR,1,R,R-JAX111419130,5,1,0.5591226172328753,1.1589670848027334
JAX111419130,JAX,LSR_1,LSR,1,R,R-JAX111419130,5,2,0.750697238760504,1.1589670848027334
JAX111419130,JAX,LSR_1,LSR,1,R,R-JAX111419130,5,3,0.9098637402778382,1.1589670848027334
JAX111419130,JAX,LSR_1,LSR,1,R,R-JAX111419130,5,4,1.0053944977158118,1.1589670848027334
JAX111419130,JAX,LSR_1,LSR,1,R,R-JAX111419130,5,5,1.0944845394269171,1.1589670848027334
JAX111419130,JAX,MJS_1,MJS,1,R,R-JAX111419130,5,1,0.6311049328138771,1.2061393419639719
JAX111419130,JAX,MJS_1,MJS,1,R,R-JAX111419130,5,2,0.8057606589620724,1.2061393419639719
JAX111419130,JAX,MJS_1,MJS,1,R,R-JAX111419130,5,3,0.9157536545706926,1.2061393419639719
JAX111419130,JAX,MJS_1,MJS,1,R,R-JAX111419130,5,4,1.0043455824632637,1.2061393419639719
JAX111419130,JAX,MJS_1,MJS,1,R,R-JAX111419130,5,5,1.0789884157615788,1.2061393419639719
JAX111419131,JAX,CJF_1,CJF,1,R,R-JAX111419131,1,1,0.42052710641400326,0.6094052946021865
JAX111419131,JAX,CJF_2,CJF,2,R,R-JAX111419131,1,1,0.4710004545915969,0.6701200624065569
JAX111419131,JAX,JRS_1,JRS,1,R,R-JAX111419131,1,1,0.45821375739257036,0.6521418748672237
JAX111419131,JAX,LEL_1,LEL,1,R,R-JAX111419131,1,1,0.49382626698854254,0.6783237150889644
JAX111419131,JAX,LSR_1,LSR,1,R,R-JAX111419131,1,1,0.5174636084293605,0.6844342858080008
JAX111419131,JAX,MJS_1,MJS,1,R,R-JAX111419131,1,1,0.46729672855663035,0.6627072590961525
JAX111419132,JAX,CJF_1,CJF,1,R,R-JAX111419132,0,NA,NA,0.4202602185738833
JAX111419132,JAX,CJF_2,CJF,2,R,R-JAX111419132,0,NA,NA,0.47473697237914203
JAX111419132,JAX,JRS_1,JRS,1,R,R-JAX111419132,0,NA,NA,0.4967683172989553
JAX111419132,JAX,LEL_1,LEL,1,R,R-JAX111419132,1,1,0.24058954095309418,0.4717197280300843
JAX111419132,JAX,LSR_1,LSR,1,R,R-JAX111419132,1,1,0.2083565508948317,0.4078756818264432
JAX111419132,JAX,MJS_1,MJS,1,R,R-JAX111419132,0,NA,NA,0.48167368277608025
JUM071819J001,JUM,CJF_1,CJF,1,R,R-JUM071819J001,1,1,0.47068467089432486,0.564312935857314
JUM071819J002,JUM,CJF_1,CJF,1,R,R-JUM071819J002,1,1,0.5420138132865383,0.6073354793984811
JUM071819J003,JUM,CJF_1,CJF,1,R,R-JUM071819J003,1,1,0.503074869877143,0.5602307917107058
JUM071819J004,JUM,CJF_1,CJF,1,R,R-JUM071819J004,1,1,0.40507934127989564,0.5076707653003114
JUM071819J005,JUM,CJF_1,CJF,1,R,R-JUM071819J005,1,1,0.5312950660312731,0.6175835876406721
JUM071819J006,JUM,CJF_1,CJF,1,R,R-JUM071819J006,1,1,0.5277944122609425,0.6642238950905471
JUM071819J007,JUM,CJF_1,CJF,1,R,R-JUM071819J007,1,1,0.5819211712990481,0.6707313428751001
JUM071819J008,JUM,CJF_1,CJF,1,R,R-JUM071819J008,0,NA,NA,0.5372303706526264
JUM071819J009,JUM,CJF_1,CJF,1,R,R-JUM071819J009,1,1,0.49523169440524,0.5702698421396555
JUM071819J010,JUM,CJF_1,CJF,1,R,R-JUM071819J010,1,1,0.4534092590729825,0.503793402624397
JUM071819J011,JUM,CJF_1,CJF,1,R,R-JUM071819J011,1,1,0.5060307185166033,0.5802491616330874
JUM071819J012,JUM,CJF_1,CJF,1,R,R-JUM071819J012,1,1,0.4444838808866584,0.5411259050219879
JUM071819J013,JUM,CJF_1,CJF,1,R,R-JUM071819J013,1,1,0.4407292144841042,0.5410636974346517
JUM071819J014,JUM,CJF_1,CJF,1,R,R-JUM071819J014,3,1,0.4974021109202726,0.9586746717509371
JUM071819J014,JUM,CJF_1,CJF,1,R,R-JUM071819J014,3,2,0.7281189187925565,0.9586746717509371
JUM071819J014,JUM,CJF_1,CJF,1,R,R-JUM071819J014,3,3,0.9143362261831305,0.9586746717509371
JUM071819J015,JUM,CJF_1,CJF,1,R,R-JUM071819J015,1,1,0.48628962168541323,0.6013627856024408
JUM071819J018,JUM,CJF_1,CJF,1,R,R-JUM071819J018,1,1,0.4914544518546326,0.5585189653772503
JUM090919J001,JUM,CJF_1,CJF,1,R,R-JUM090919J001,0,NA,NA,0.4383214646332554
JUM090919J002,JUM,CJF_1,CJF,1,R,R-JUM090919J002,3,1,0.5343690200032791,1.077525146525476
JUM090919J002,JUM,CJF_1,CJF,1,R,R-JUM090919J002,3,2,0.7776355839458,1.077525146525476
JUM090919J002,JUM,CJF_1,CJF,1,R,R-JUM090919J002,3,3,0.9750872122643226,1.077525146525476
JUM090919J003,JUM,CJF_1,CJF,1,R,R-JUM090919J003,2,1,0.5152382920697351,0.8611159306789054
JUM090919J003,JUM,CJF_1,CJF,1,R,R-JUM090919J003,2,2,0.7390062726855249,0.8611159306789054
JUM090919J004,JUM,CJF_1,CJF,1,R,R-JUM090919J004,0,NA,NA,0.43492126035633716
JUM090919J005,JUM,CJF_1,CJF,1,R,R-JUM090919J005,0,NA,NA,0.4641667462997024
JUM090919J006,JUM,CJF_1,CJF,1,R,R-JUM090919J006,1,1,0.48877995203630453,0.7000256311719528
JUM090919J007,JUM,CJF_1,CJF,1,R,R-JUM090919J007,0,NA,NA,0.38449662822546493
JUM090919J008,JUM,CJF_1,CJF,1,R,R-JUM090919J008,0,NA,NA,0.4381000249691795
JUM090919J009,JUM,CJF_1,CJF,1,R,R-JUM090919J009,0,NA,NA,0.47991725512875044
JUM090919J010,JUM,CJF_1,CJF,1,R,R-JUM090919J010,0,NA,NA,0.45417991702996124
JUM090919J011,JUM,CJF_1,CJF,1,R,R-JUM090919J011,0,NA,NA,0.4021804096400514
JUM090919J012,JUM,CJF_1,CJF,1,R,R-JUM090919J012,2,1,0.3993572201563275,0.7170309004068622
JUM090919J012,JUM,CJF_1,CJF,1,R,R-JUM090919J012,2,2,0.6102259808864576,0.7170309004068622
JUM090919J013,JUM,CJF_1,CJF,1,R,R-JUM090919J013,0,NA,NA,0.43941647167001063
JUM090919J014,JUM,CJF_1,CJF,1,R,R-JUM090919J014,0,NA,NA,0.5074918384490579
JUM090919J015,JUM,CJF_1,CJF,1,R,R-JUM090919J015,0,NA,NA,0.5345235127481887
JUM090919J016,JUM,CJF_1,CJF,1,R,R-JUM090919J016,0,NA,NA,0.42049370743928405
JUM090919J017,JUM,CJF_1,CJF,1,R,R-JUM090919J017,0,NA,NA,0.48518062301770426
JUM090919J018,JUM,CJF_1,CJF,1,R,R-JUM090919J018,0,NA,NA,0.31944757816256986
JUM090919J019,JUM,CJF_1,CJF,1,R,R-JUM090919J019,0,NA,NA,0.5581903438017336
JUM090919J020,JUM,CJF_1,CJF,1,R,R-JUM090919J020,0,NA,NA,0.4684704760844108
JUM090919J021,JUM,CJF_1,CJF,1,R,R-JUM090919J021,0,NA,NA,0.4832117400002479
JUM090919J022,JUM,CJF_1,CJF,1,R,R-JUM090919J022,0,NA,NA,0.4611872609609227
JUM090919J023,JUM,CJF_1,CJF,1,R,R-JUM090919J023,0,NA,NA,0.37960893482789587
JUM090919J024,JUM,CJF_1,CJF,1,R,R-JUM090919J024,0,NA,NA,0.43157964036929214
JUM090919J025,JUM,CJF_1,CJF,1,R,R-JUM090919J025,0,NA,NA,0.429409491741953
JUM090919J026,JUM,CJF_1,CJF,1,R,R-JUM090919J026,0,NA,NA,0.4320063707605052
JUM090919J027,JUM,CJF_1,CJF,1,R,R-JUM090919J027,0,NA,NA,0.48780257322865006
JUM090919J028,JUM,CJF_1,CJF,1,R,R-JUM090919J028,0,NA,NA,0.5536873578970567
JUM090919J029,JUM,CJF_1,CJF,1,R,R-JUM090919J029,0,NA,NA,0.4998789754810685
JUM090919J030,JUM,CJF_1,CJF,1,R,R-JUM090919J030,0,NA,NA,0.4893373652275029
JUM090919J031,JUM,CJF_1,CJF,1,R,R-JUM090919J031,0,NA,NA,0.4313093953230586
JUM090919J032,JUM,CJF_1,CJF,1,R,R-JUM090919J032,0,NA,NA,0.46944983630256787
JUM090919J033,JUM,CJF_1,CJF,1,R,R-JUM090919J033,0,NA,NA,0.4183122363376448
JUM090919J034,JUM,CJF_1,CJF,1,R,R-JUM090919J034,0,NA,NA,0.5227173031792506
JUM090919J035,JUM,CJF_1,CJF,1,R,R-JUM090919J035,0,NA,NA,0.4331381481720406
JUM090919J036,JUM,CJF_1,CJF,1,R,R-JUM090919J036,0,NA,NA,0.43285090874716187
JUM090919J037,JUM,CJF_1,CJF,1,R,R-JUM090919J037,0,NA,NA,0.4789386231073194
JUM090919J038,JUM,CJF_1,CJF,1,R,R-JUM090919J038,0,NA,NA,0.2420187930238118
JUM090919J039,JUM,CJF_1,CJF,1,R,R-JUM090919J039,0,NA,NA,0.47800217552017477
JUM090919J040,JUM,CJF_1,CJF,1,R,R-JUM090919J040,1,1,0.5680563353517039,0.774716980115481
JUM090919J041,JUM,CJF_1,CJF,1,R,R-JUM090919J041,1,1,0.5377140394238206,0.6900777714820018
JUM090919J042,JUM,CJF_1,CJF,1,R,R-JUM090919J042,1,1,0.6904852966912133,0.8757439350489471
JUM090919J044,JUM,CJF_1,CJF,1,R,R-JUM090919J044,0,NA,NA,0.5428877667754883
JUM090919J045,JUM,CJF_1,CJF,1,R,R-JUM090919J045,0,NA,NA,0.45261978675733694
JUM090919J046,JUM,CJF_1,CJF,1,R,R-JUM090919J046,0,NA,NA,0.49783989098270004
JUM090919J047,JUM,CJF_1,CJF,1,R,R-JUM090919J047,0,NA,NA,0.4625538415068689
JUM090919J048,JUM,CJF_1,CJF,1,R,R-JUM090919J048,0,NA,NA,0.2544579148850062
JUM090919J049,JUM,CJF_1,CJF,1,R,R-JUM090919J049,0,NA,NA,0.4286989337083033
JUM090919J050,JUM,CJF_1,CJF,1,R,R-JUM090919J050,0,NA,NA,0.5362190516072173
JUM090919J051,JUM,CJF_1,CJF,1,R,R-JUM090919J051,0,NA,NA,0.42178688812109966
JUM090919J052,JUM,CJF_1,CJF,1,R,R-JUM090919J052,0,NA,NA,0.4521581162211249
JUM090919J053,JUM,CJF_1,CJF,1,R,R-JUM090919J053,0,NA,NA,0.5099461819625408
JUM090919J054,JUM,CJF_1,CJF,1,R,R-JUM090919J054,0,NA,NA,0.4621881650329069
JUM090919J055,JUM,CJF_1,CJF,1,R,R-JUM090919J055,0,NA,NA,0.41669266238931923
JUM090919J056,JUM,CJF_1,CJF,1,R,R-JUM090919J056,0,NA,NA,0.49189227829686766
JUM090919J057,JUM,CJF_1,CJF,1,R,R-JUM090919J057,0,NA,NA,0.44678897316057054
JUM090919J058,JUM,CJF_1,CJF,1,R,R-JUM090919J058,0,NA,NA,0.46908289895471234
JUM090919J059,JUM,CJF_1,CJF,1,R,R-JUM090919J059,0,NA,NA,0.5675095178600035
JUM090919J060,JUM,CJF_1,CJF,1,R,R-JUM090919J060,0,NA,NA,0.35859819110073365
JUM090919J061,JUM,CJF_1,CJF,1,R,R-JUM090919J061,0,NA,NA,0.4491334534222444
JUM090919J062,JUM,CJF_1,CJF,1,R,R-JUM090919J062,0,NA,NA,0.49946867936963696
JUM090919J063,JUM,CJF_1,CJF,1,R,R-JUM090919J063,0,NA,NA,0.538752883836177
JUM090919J064,JUM,CJF_1,CJF,1,R,R-JUM090919J064,0,NA,NA,0.3861664514931989
JUM090919J065,JUM,CJF_1,CJF,1,R,R-JUM090919J065,0,NA,NA,0.49482297581461043
JUM090919J066,JUM,CJF_1,CJF,1,R,R-JUM090919J066,0,NA,NA,0.47734296431275536
JUM090919J067,JUM,CJF_1,CJF,1,R,R-JUM090919J067,0,NA,NA,0.6616970206192793
JUM090919J068,JUM,CJF_1,CJF,1,R,R-JUM090919J068,0,NA,NA,0.4669279201095493
JUM090919J069,JUM,CJF_1,CJF,1,R,R-JUM090919J069,0,NA,NA,0.4056986703564268
JUM090919J070,JUM,CJF_1,CJF,1,R,R-JUM090919J070,0,NA,NA,0.49152980020936043
JUM090919J071,JUM,CJF_1,CJF,1,R,R-JUM090919J071,0,NA,NA,0.4585171766698932
JUM090919J072,JUM,CJF_1,CJF,1,R,R-JUM090919J072,0,NA,NA,0.43524193189789034
JUM090919J073,JUM,CJF_1,CJF,1,R,R-JUM090919J073,2,1,0.5044754173981376,0.7512569750065026
JUM090919J073,JUM,CJF_1,CJF,1,R,R-JUM090919J073,2,2,0.6497124706161467,0.7512569750065026
JUM090919J074,JUM,CJF_1,CJF,1,R,R-JUM090919J074,1,1,0.38949430267798407,0.6184133503363807
JUM090919J075,JUM,CJF_1,CJF,1,R,R-JUM090919J075,0,NA,NA,0.4964140239489008
JUM090919J076,JUM,CJF_1,CJF,1,R,R-JUM090919J076,0,NA,NA,0.6271925708534365
JUM090919J077,JUM,CJF_1,CJF,1,R,R-JUM090919J077,0,NA,NA,0.5570706122012549
JUM090919J078,JUM,CJF_1,CJF,1,R,R-JUM090919J078,0,NA,NA,0.45477681212456206
JUM090919J079,JUM,CJF_1,CJF,1,R,R-JUM090919J079,0,NA,NA,0.4817989321177362
JUM090919J080,JUM,CJF_1,CJF,1,R,R-JUM090919J080,0,NA,NA,0.40842324330685426
JUM090919J081,JUM,CJF_1,CJF,1,R,R-JUM090919J081,0,NA,NA,0.4642046436677894
JUM090919J082,JUM,CJF_1,CJF,1,R,R-JUM090919J082,0,NA,NA,0.4312184133715945
JUM090919J083,JUM,CJF_1,CJF,1,R,R-JUM090919J083,0,NA,NA,0.5283507284722448
JUM090919J084,JUM,CJF_1,CJF,1,R,R-JUM090919J084,0,NA,NA,0.5681696271147756
JUM090919J085,JUM,CJF_1,CJF,1,R,R-JUM090919J085,0,NA,NA,0.4424250046686427
JUM090919J086,JUM,CJF_1,CJF,1,R,R-JUM090919J086,0,NA,NA,0.43374407238052387
JUM090919J087,JUM,CJF_1,CJF,1,R,R-JUM090919J087,0,NA,NA,0.3834799527896793
JUM090919J088,JUM,CJF_1,CJF,1,R,R-JUM090919J088,0,NA,NA,0.4817843033192948
JUM090919J089,JUM,CJF_1,CJF,1,R,R-JUM090919J089,0,NA,NA,0.4574141900878283
JUM090919J090,JUM,CJF_1,CJF,1,R,R-JUM090919J090,0,NA,NA,0.3958907465822741
JUM090919J091,JUM,CJF_1,CJF,1,R,R-JUM090919J091,0,NA,NA,0.3967152239768943
JUM090919J092,JUM,CJF_1,CJF,1,R,R-JUM090919J092,0,NA,NA,0.4647072009811294
JUM090919J093,JUM,CJF_1,CJF,1,R,R-JUM090919J093,0,NA,NA,0.4514574348167171
JUM090919J094,JUM,CJF_1,CJF,1,R,R-JUM090919J094,0,NA,NA,0.5725367651067971
JUM090919J095,JUM,CJF_1,CJF,1,R,R-JUM090919J095,1,1,0.5441337272444756,0.7442890861551537
JUM090919J096,JUM,CJF_1,CJF,1,R,R-JUM090919J096,0,NA,NA,0.526491857960966
JUM090919J097,JUM,CJF_1,CJF,1,R,R-JUM090919J097,0,NA,NA,0.4112042303388072
JUM090919J098,JUM,CJF_1,CJF,1,R,R-JUM090919J098,2,1,0.3413643833257516,0.6126090848491238
JUM090919J098,JUM,CJF_1,CJF,1,R,R-JUM090919J098,2,2,0.527543833669133,0.6126090848491238
JUM090919J099,JUM,CJF_1,CJF,1,R,R-JUM090919J099,1,1,0.6841814948144396,0.9349490906614458
JUM090919J100,JUM,CJF_1,CJF,1,R,R-JUM090919J100,2,1,0.49215497436105154,0.8297171763700797
JUM090919J100,JUM,CJF_1,CJF,1,R,R-JUM090919J100,2,2,0.7102993967851167,0.8297171763700797
JUM090919J101,JUM,CJF_1,CJF,1,R,R-JUM090919J101,0,NA,NA,0.40761986665360683
JUM090919J102,JUM,CJF_1,CJF,1,R,R-JUM090919J102,0,NA,NA,0.3769393425585466
JUM090919J103,JUM,CJF_1,CJF,1,R,R-JUM090919J103,0,NA,NA,0.49972377663579765
JUM090919J104,JUM,CJF_1,CJF,1,R,R-JUM090919J104,0,NA,NA,0.3967320972581568
JUM090919J105,JUM,CJF_1,CJF,1,R,R-JUM090919J105,0,NA,NA,0.534626913238248
JUM090919J106,JUM,CJF_1,CJF,1,R,R-JUM090919J106,0,NA,NA,0.4414701468442544
JUM090919J107,JUM,CJF_1,CJF,1,R,R-JUM090919J107,0,NA,NA,0.34206851092432367
JUM090919J108,JUM,CJF_1,CJF,1,R,R-JUM090919J108,0,NA,NA,0.443587293991997
JUM090919J109,JUM,CJF_1,CJF,1,R,R-JUM090919J109,1,1,0.40886061169422455,0.6401757600797704
JUM090919J110,JUM,CJF_1,CJF,1,R,R-JUM090919J110,0,NA,NA,0.48727288179233597
JUM090919J111,JUM,CJF_1,CJF,1,R,R-JUM090919J111,0,NA,NA,0.48589769480508355
JUM090919J112,JUM,CJF_1,CJF,1,R,R-JUM090919J112,0,NA,NA,0.49737039334714855
JUM090919J113,JUM,CJF_1,CJF,1,R,R-JUM090919J113,1,1,0.4154909196009789,1.652478358711271
JUM090919J114,JUM,CJF_1,CJF,1,R,R-JUM090919J114,0,NA,NA,0.3954821158533592
JUM090919J115,JUM,CJF_1,CJF,1,R,R-JUM090919J115,1,1,0.41612886661867926,0.608557183167391
JUM090919J116,JUM,CJF_1,CJF,1,R,R-JUM090919J116,0,NA,NA,0.4860082330624047
JUM090919J117,JUM,CJF_1,CJF,1,R,R-JUM090919J117,0,NA,NA,0.6050101401285267
JUM090919J118,JUM,CJF_1,CJF,1,R,R-JUM090919J118,0,NA,NA,0.3862861005345804
JUM090919J119,JUM,CJF_1,CJF,1,R,R-JUM090919J119,0,NA,NA,0.4866950108519233
JUM090919J120,JUM,CJF_1,CJF,1,R,R-JUM090919J120,0,NA,NA,0.3590987716655864
JUM090919J121,JUM,CJF_1,CJF,1,R,R-JUM090919J121,0,NA,NA,0.46188708925323835
JUM090919J122,JUM,CJF_1,CJF,1,R,R-JUM090919J122,0,NA,NA,0.4692152199333532
JUM090919J123,JUM,CJF_1,CJF,1,R,R-JUM090919J123,0,NA,NA,0.435181741490525
JUM090919J124,JUM,CJF_1,CJF,1,R,R-JUM090919J124,0,NA,NA,0.44867973188838733
JUM090919J125,JUM,CJF_1,CJF,1,R,R-JUM090919J125,0,NA,NA,0.4524879841989814
JUM090919J126,JUM,CJF_1,CJF,1,R,R-JUM090919J126,0,NA,NA,0.49044943703315874
JUM090919J127,JUM,CJF_1,CJF,1,R,R-JUM090919J127,0,NA,NA,0.3719126295823263
JUM090919J128,JUM,CJF_1,CJF,1,R,R-JUM090919J128,0,NA,NA,0.48085646860697423
JUM091020J001,JUM,CJF_1,CJF,1,R,R-JUM091020J001,5,1,0.5356607899962932,1.2286237948285241
JUM091020J001,JUM,CJF_1,CJF,1,R,R-JUM091020J001,5,2,0.7047716088268071,1.2286237948285241
JUM091020J001,JUM,CJF_1,CJF,1,R,R-JUM091020J001,5,3,0.8584423924019465,1.2286237948285241
JUM091020J001,JUM,CJF_1,CJF,1,R,R-JUM091020J001,5,4,0.9694796294859604,1.2286237948285241
JUM091020J001,JUM,CJF_1,CJF,1,R,R-JUM091020J001,5,5,1.104189202573333,1.2286237948285241
JUM091020J002,JUM,CJF_1,CJF,1,R,R-JUM091020J002,4,1,0.576761145858848,1.1651360021096406
JUM091020J002,JUM,CJF_1,CJF,1,R,R-JUM091020J002,4,2,0.7445218456714227,1.1651360021096406
JUM091020J002,JUM,CJF_1,CJF,1,R,R-JUM091020J002,4,3,0.916079329553449,1.1651360021096406
JUM091020J002,JUM,CJF_1,CJF,1,R,R-JUM091020J002,4,4,1.0544441476402227,1.1651360021096406
JUM091020J003,JUM,CJF_1,CJF,1,R,R-JUM091020J003,5,1,0.4637405646315826,1.0715329147263624
JUM091020J003,JUM,CJF_1,CJF,1,R,R-JUM091020J003,5,2,0.6497929551796647,1.0715329147263624
JUM091020J003,JUM,CJF_1,CJF,1,R,R-JUM091020J003,5,3,0.7685051871098715,1.0715329147263624
JUM091020J003,JUM,CJF_1,CJF,1,R,R-JUM091020J003,5,4,0.8806222950439566,1.0715329147263624
JUM091020J003,JUM,CJF_1,CJF,1,R,R-JUM091020J003,5,5,0.9726060547845234,1.0715329147263624
JUM091020J004,JUM,CJF_1,CJF,1,R,R-JUM091020J004,5,1,0.45426022501457775,0.9639247191824603
JUM091020J004,JUM,CJF_1,CJF,1,R,R-JUM091020J004,5,2,0.6276779316430467,0.9639247191824603
JUM091020J004,JUM,CJF_1,CJF,1,R,R-JUM091020J004,5,3,0.7113348896288876,0.9639247191824603
JUM091020J004,JUM,CJF_1,CJF,1,R,R-JUM091020J004,5,4,0.7862974546211944,0.9639247191824603
JUM091020J004,JUM,CJF_1,CJF,1,R,R-JUM091020J004,5,5,0.8732086773849352,0.9639247191824603
JUM091020J005,JUM,CJF_1,CJF,1,R,R-JUM091020J005,3,1,0.4427904653034157,0.9228716271731956
JUM091020J005,JUM,CJF_1,CJF,1,R,R-JUM091020J005,3,2,0.6614589640610586,0.9228716271731956
JUM091020J005,JUM,CJF_1,CJF,1,R,R-JUM091020J005,3,3,0.8167881245246893,0.9228716271731956
JUM091020J006,JUM,CJF_1,CJF,1,R,R-JUM091020J006,2,1,0.5593249546846878,0.9470103559287526
JUM091020J006,JUM,CJF_1,CJF,1,R,R-JUM091020J006,2,2,0.8160786738652056,0.9470103559287526
JUM091020J007,JUM,CJF_1,CJF,1,R,R-JUM091020J007,6,1,0.488226528973353,1.2648290731514398
JUM091020J007,JUM,CJF_1,CJF,1,R,R-JUM091020J007,6,2,0.6681057470937305,1.2648290731514398
JUM091020J007,JUM,CJF_1,CJF,1,R,R-JUM091020J007,6,3,0.8477568288653103,1.2648290731514398
JUM091020J007,JUM,CJF_1,CJF,1,R,R-JUM091020J007,6,4,0.9860783854351136,1.2648290731514398
JUM091020J007,JUM,CJF_1,CJF,1,R,R-JUM091020J007,6,5,1.0870574296077817,1.2648290731514398
JUM091020J007,JUM,CJF_1,CJF,1,R,R-JUM091020J007,6,6,1.1727728316082744,1.2648290731514398
JUM091020J008,JUM,CJF_1,CJF,1,R,R-JUM091020J008,5,1,0.3927501548554314,1.0608908159022221
JUM091020J008,JUM,CJF_1,CJF,1,R,R-JUM091020J008,5,2,0.638960090647145,1.0608908159022221
JUM091020J008,JUM,CJF_1,CJF,1,R,R-JUM091020J008,5,3,0.756570777489972,1.0608908159022221
JUM091020J008,JUM,CJF_1,CJF,1,R,R-JUM091020J008,5,4,0.8645157384745061,1.0608908159022221
JUM091020J008,JUM,CJF_1,CJF,1,R,R-JUM091020J008,5,5,0.9813056654270781,1.0608908159022221
JUM091020J009,JUM,CJF_1,CJF,1,R,R-JUM091020J009,2,1,0.4684855519384387,0.783220896454932
JUM091020J009,JUM,CJF_1,CJF,1,R,R-JUM091020J009,2,2,0.6566647613461434,0.783220896454932
JUM091020J010,JUM,CJF_1,CJF,1,R,R-JUM091020J010,5,1,0.3589698339030009,0.8475048962537676
JUM091020J010,JUM,CJF_1,CJF,1,R,R-JUM091020J010,5,2,0.5185433658684947,0.8475048962537676
JUM091020J010,JUM,CJF_1,CJF,1,R,R-JUM091020J010,5,3,0.6156525709905142,0.8475048962537676
JUM091020J010,JUM,CJF_1,CJF,1,R,R-JUM091020J010,5,4,0.6993933687627197,0.8475048962537676
JUM091020J010,JUM,CJF_1,CJF,1,R,R-JUM091020J010,5,5,0.7804039946494751,0.8475048962537676
JUM091020J011,JUM,CJF_1,CJF,1,R,R-JUM091020J011,6,1,0.4297155275511797,1.1567213433678696
JUM091020J011,JUM,CJF_1,CJF,1,R,R-JUM091020J011,6,2,0.6222920391106643,1.1567213433678696
JUM091020J011,JUM,CJF_1,CJF,1,R,R-JUM091020J011,6,3,0.7694645302306261,1.1567213433678696
JUM091020J011,JUM,CJF_1,CJF,1,R,R-JUM091020J011,6,4,0.8794481428355239,1.1567213433678696
JUM091020J011,JUM,CJF_1,CJF,1,R,R-JUM091020J011,6,5,0.9902732714477306,1.1567213433678696
JUM091020J011,JUM,CJF_1,CJF,1,R,R-JUM091020J011,6,6,1.0700208734510546,1.1567213433678696
JUM091020J012,JUM,CJF_1,CJF,1,R,R-JUM091020J012,5,1,0.46898399281641606,1.1496524118376044
JUM091020J012,JUM,CJF_1,CJF,1,R,R-JUM091020J012,5,2,0.7030026817944413,1.1496524118376044
JUM091020J012,JUM,CJF_1,CJF,1,R,R-JUM091020J012,5,3,0.8579048362057209,1.1496524118376044
JUM091020J012,JUM,CJF_1,CJF,1,R,R-JUM091020J012,5,4,0.953967799055736,1.1496524118376044
JUM091020J012,JUM,CJF_1,CJF,1,R,R-JUM091020J012,5,5,1.0552549063486947,1.1496524118376044
JUM091020J013,JUM,CJF_1,CJF,1,R,R-JUM091020J013,3,1,0.5443657703137857,1.016286729511181
JUM091020J013,JUM,CJF_1,CJF,1,R,R-JUM091020J013,3,2,0.795021258203339,1.016286729511181
JUM091020J013,JUM,CJF_1,CJF,1,R,R-JUM091020J013,3,3,0.9189449823918724,1.016286729511181
JUM091020J015,JUM,CJF_1,CJF,1,R,R-JUM091020J015,4,1,0.4338290615190325,0.8812306970611992
JUM091020J015,JUM,CJF_1,CJF,1,R,R-JUM091020J015,4,2,0.589588322935906,0.8812306970611992
JUM091020J015,JUM,CJF_1,CJF,1,R,R-JUM091020J015,4,3,0.718616189729008,0.8812306970611992
JUM091020J015,JUM,CJF_1,CJF,1,R,R-JUM091020J015,4,4,0.7925067989150042,0.8812306970611992
JUM091020J016,JUM,CJF_1,CJF,1,R,R-JUM091020J016,6,1,0.5678155554404105,1.3845943145248345
JUM091020J016,JUM,CJF_1,CJF,1,R,R-JUM091020J016,6,2,0.8337141710482968,1.3845943145248345
JUM091020J016,JUM,CJF_1,CJF,1,R,R-JUM091020J016,6,3,0.971679452694429,1.3845943145248345
JUM091020J016,JUM,CJF_1,CJF,1,R,R-JUM091020J016,6,4,1.122909169373646,1.3845943145248345
JUM091020J016,JUM,CJF_1,CJF,1,R,R-JUM091020J016,6,5,1.2164291858817424,1.3845943145248345
JUM091020J016,JUM,CJF_1,CJF,1,R,R-JUM091020J016,6,6,1.3017527431708564,1.3845943145248345
JUM091020J017,JUM,CJF_1,CJF,1,R,R-JUM091020J017,4,1,0.5594143450064768,1.2956223252630887
JUM091020J017,JUM,CJF_1,CJF,1,R,R-JUM091020J017,4,2,0.8127734014116488,1.2956223252630887
JUM091020J017,JUM,CJF_1,CJF,1,R,R-JUM091020J017,4,3,1.0003126791198549,1.2956223252630887
JUM091020J017,JUM,CJF_1,CJF,1,R,R-JUM091020J017,4,4,1.149724043264676,1.2956223252630887
JUM091020J018,JUM,CJF_1,CJF,1,R,R-JUM091020J018,4,1,0.5595173207445188,1.196903289104561
JUM091020J018,JUM,CJF_1,CJF,1,R,R-JUM091020J018,4,2,0.7354277674314813,1.196903289104561
JUM091020J018,JUM,CJF_1,CJF,1,R,R-JUM091020J018,4,3,0.9224422921795739,1.196903289104561
JUM091020J018,JUM,CJF_1,CJF,1,R,R-JUM091020J018,4,4,1.063374149995778,1.196903289104561
JUM091020J019,JUM,CJF_1,CJF,1,R,R-JUM091020J019,6,1,0.4538877577594154,1.2582424319972836
JUM091020J019,JUM,CJF_1,CJF,1,R,R-JUM091020J019,6,2,0.6614278066474326,1.2582424319972836
JUM091020J019,JUM,CJF_1,CJF,1,R,R-JUM091020J019,6,3,0.8358465041728852,1.2582424319972836
JUM091020J019,JUM,CJF_1,CJF,1,R,R-JUM091020J019,6,4,0.9693624427366798,1.2582424319972836
JUM091020J019,JUM,CJF_1,CJF,1,R,R-JUM091020J019,6,5,1.0624411998895469,1.2582424319972836
JUM091020J019,JUM,CJF_1,CJF,1,R,R-JUM091020J019,6,6,1.1863134206513377,1.2582424319972836
JUM091020J020,JUM,CJF_1,CJF,1,R,R-JUM091020J020,4,1,0.46836498162052853,1.0635558600354151
JUM091020J020,JUM,CJF_1,CJF,1,R,R-JUM091020J020,4,2,0.691338566275597,1.0635558600354151
JUM091020J020,JUM,CJF_1,CJF,1,R,R-JUM091020J020,4,3,0.834974966094105,1.0635558600354151
JUM091020J020,JUM,CJF_1,CJF,1,R,R-JUM091020J020,4,4,0.969470415121876,1.0635558600354151
JUM091020J021,JUM,CJF_1,CJF,1,R,R-JUM091020J021,4,1,0.4377359830322063,1.0255447915378588
JUM091020J021,JUM,CJF_1,CJF,1,R,R-JUM091020J021,4,2,0.6196582906996477,1.0255447915378588
JUM091020J021,JUM,CJF_1,CJF,1,R,R-JUM091020J021,4,3,0.7658671485724498,1.0255447915378588
JUM091020J021,JUM,CJF_1,CJF,1,R,R-JUM091020J021,4,4,0.9225228642077833,1.0255447915378588
JUM091020J022,JUM,CJF_1,CJF,1,R,R-JUM091020J022,5,1,0.5416615032521764,1.2860206271821064
JUM091020J022,JUM,CJF_1,CJF,1,R,R-JUM091020J022,5,2,0.7656623981497579,1.2860206271821064
JUM091020J022,JUM,CJF_1,CJF,1,R,R-JUM091020J022,5,3,0.9193873858253185,1.2860206271821064
JUM091020J022,JUM,CJF_1,CJF,1,R,R-JUM091020J022,5,4,1.0488465590530045,1.2860206271821064
JUM091020J022,JUM,CJF_1,CJF,1,R,R-JUM091020J022,5,5,1.1710576395052668,1.2860206271821064
JUM091020J023,JUM,CJF_1,CJF,1,R,R-JUM091020J023,2,1,0.5621819559269217,0.7954228071836749
JUM091020J023,JUM,CJF_1,CJF,1,R,R-JUM091020J023,2,2,0.718912579526628,0.7954228071836749
JUM091020J024,JUM,CJF_1,CJF,1,R,R-JUM091020J024,5,1,0.5624337792861827,1.1632463639524127
JUM091020J024,JUM,CJF_1,CJF,1,R,R-JUM091020J024,5,2,0.7641902387210215,1.1632463639524127
JUM091020J024,JUM,CJF_1,CJF,1,R,R-JUM091020J024,5,3,0.9022917371210315,1.1632463639524127
JUM091020J024,JUM,CJF_1,CJF,1,R,R-JUM091020J024,5,4,0.9811950681244987,1.1632463639524127
JUM091020J024,JUM,CJF_1,CJF,1,R,R-JUM091020J024,5,5,1.0572715648161524,1.1632463639524127
JUM091020J025,JUM,CJF_1,CJF,1,R,R-JUM091020J025,5,1,0.47985985459641883,1.0352501546591824
JUM091020J025,JUM,CJF_1,CJF,1,R,R-JUM091020J025,5,2,0.6835243664664502,1.0352501546591824
JUM091020J025,JUM,CJF_1,CJF,1,R,R-JUM091020J025,5,3,0.7792882419559886,1.0352501546591824
JUM091020J025,JUM,CJF_1,CJF,1,R,R-JUM091020J025,5,4,0.8631293750247563,1.0352501546591824
JUM091020J025,JUM,CJF_1,CJF,1,R,R-JUM091020J025,5,5,0.9591533698014765,1.0352501546591824
JUM091020J026,JUM,CJF_1,CJF,1,R,R-JUM091020J026,3,1,0.44227607194047164,0.8320411115647816
JUM091020J026,JUM,CJF_1,CJF,1,R,R-JUM091020J026,3,2,0.6242072028173915,0.8320411115647816
JUM091020J026,JUM,CJF_1,CJF,1,R,R-JUM091020J026,3,3,0.7468579992772301,0.8320411115647816
JUM091020J027,JUM,CJF_1,CJF,1,R,R-JUM091020J027,1,1,0.4541595520680299,0.6485917227528277
JUM091020J028,JUM,CJF_1,CJF,1,R,R-JUM091020J028,0,NA,NA,0.7344127578405434
JUM091020J029,JUM,CJF_1,CJF,1,R,R-JUM091020J029,2,1,0.6422257411727452,1.0911136656440172
JUM091020J029,JUM,CJF_1,CJF,1,R,R-JUM091020J029,2,2,0.8877244336977956,1.0911136656440172
JUM091020J030,JUM,CJF_1,CJF,1,R,R-JUM091020J030,3,1,0.3804013566557538,0.8572433325171355
JUM091020J030,JUM,CJF_1,CJF,1,R,R-JUM091020J030,3,2,0.575858831827427,0.8572433325171355
JUM091020J030,JUM,CJF_1,CJF,1,R,R-JUM091020J030,3,3,0.7283527942400844,0.8572433325171355
JUM091020J031,JUM,CJF_1,CJF,1,R,R-JUM091020J031,4,1,0.5156228615556331,0.9453326299562561
JUM091020J031,JUM,CJF_1,CJF,1,R,R-JUM091020J031,4,2,0.6395830301623202,0.9453326299562561
JUM091020J031,JUM,CJF_1,CJF,1,R,R-JUM091020J031,4,3,0.763182442205077,0.9453326299562561
JUM091020J031,JUM,CJF_1,CJF,1,R,R-JUM091020J031,4,4,0.862812769739774,0.9453326299562561
JUM091120J032,JUM,CJF_1,CJF,1,R,R-JUM091120J032,5,1,0.5032351270927675,1.0429507083480043
JUM091120J032,JUM,CJF_1,CJF,1,R,R-JUM091120J032,5,2,0.6433591545007219,1.0429507083480043
JUM091120J032,JUM,CJF_1,CJF,1,R,R-JUM091120J032,5,3,0.7638383143844732,1.0429507083480043
JUM091120J032,JUM,CJF_1,CJF,1,R,R-JUM091120J032,5,4,0.8720842735294883,1.0429507083480043
JUM091120J032,JUM,CJF_1,CJF,1,R,R-JUM091120J032,5,5,0.9597091098616422,1.0429507083480043
JUM091120J033,JUM,CJF_1,CJF,1,R,R-JUM091120J033,3,1,0.5183037423643091,1.00404494775956
JUM091120J033,JUM,CJF_1,CJF,1,R,R-JUM091120J033,3,2,0.7247973567176145,1.00404494775956
JUM091120J033,JUM,CJF_1,CJF,1,R,R-JUM091120J033,3,3,0.8761666874371172,1.00404494775956
JUM091120J034,JUM,CJF_1,CJF,1,R,R-JUM091120J034,5,1,0.617984826012828,1.3849594482461993
JUM091120J034,JUM,CJF_1,CJF,1,R,R-JUM091120J034,5,2,0.8773023659657915,1.3849594482461993
JUM091120J034,JUM,CJF_1,CJF,1,R,R-JUM091120J034,5,3,1.040066110331305,1.3849594482461993
JUM091120J034,JUM,CJF_1,CJF,1,R,R-JUM091120J034,5,4,1.1593263399127278,1.3849594482461993
JUM091120J034,JUM,CJF_1,CJF,1,R,R-JUM091120J034,5,5,1.2942698708429745,1.3849594482461993
JUM091120J035,JUM,CJF_1,CJF,1,R,R-JUM091120J035,2,1,0.623396979928629,0.9854893607355312
JUM091120J035,JUM,CJF_1,CJF,1,R,R-JUM091120J035,2,2,0.8462606509300584,0.9854893607355312
JUM091120J036,JUM,CJF_1,CJF,1,R,R-JUM091120J036,5,1,0.4740697453366965,1.1404923860626761
JUM091120J036,JUM,CJF_1,CJF,1,R,R-JUM091120J036,5,2,0.6574334876594551,1.1404923860626761
JUM091120J036,JUM,CJF_1,CJF,1,R,R-JUM091120J036,5,3,0.8203784758655972,1.1404923860626761
JUM091120J036,JUM,CJF_1,CJF,1,R,R-JUM091120J036,5,4,0.9644499876906221,1.1404923860626761
JUM091120J036,JUM,CJF_1,CJF,1,R,R-JUM091120J036,5,5,1.0471427057854772,1.1404923860626761
JUM091120J037,JUM,CJF_1,CJF,1,R,R-JUM091120J037,2,1,0.4455876159427397,0.7975676360896544
JUM091120J037,JUM,CJF_1,CJF,1,R,R-JUM091120J037,2,2,0.6735255127436955,0.7975676360896544
JUM091120J038,JUM,CJF_1,CJF,1,R,R-JUM091120J038,3,1,0.2985647041505607,0.8534551825408785
JUM091120J038,JUM,CJF_1,CJF,1,R,R-JUM091120J038,3,2,0.48498021797547236,0.8534551825408785
JUM091120J038,JUM,CJF_1,CJF,1,R,R-JUM091120J038,3,3,0.7105783091832896,0.8534551825408785
JUM091120J039,JUM,CJF_1,CJF,1,R,R-JUM091120J039,2,1,0.6391450385265842,1.0912764475188774
JUM091120J039,JUM,CJF_1,CJF,1,R,R-JUM091120J039,2,2,0.9391915203089491,1.0912764475188774
JUM091120J040,JUM,CJF_1,CJF,1,R,R-JUM091120J040,3,1,0.5912382973151534,1.141009615716661
JUM091120J040,JUM,CJF_1,CJF,1,R,R-JUM091120J040,3,2,0.8013981720676383,1.141009615716661
JUM091120J040,JUM,CJF_1,CJF,1,R,R-JUM091120J040,3,3,0.9919373833489722,1.141009615716661
JUM091120J041,JUM,CJF_1,CJF,1,R,R-JUM091120J041,5,1,0.3802342150735488,1.0104103653786618
JUM091120J041,JUM,CJF_1,CJF,1,R,R-JUM091120J041,5,2,0.5628395348700593,1.0104103653786618
JUM091120J041,JUM,CJF_1,CJF,1,R,R-JUM091120J041,5,3,0.6934318421478796,1.0104103653786618
JUM091120J041,JUM,CJF_1,CJF,1,R,R-JUM091120J041,5,4,0.8131815066827368,1.0104103653786618
JUM091120J041,JUM,CJF_1,CJF,1,R,R-JUM091120J041,5,5,0.9117459314580608,1.0104103653786618
JUM091120J042,JUM,CJF_1,CJF,1,R,R-JUM091120J042,1,1,0.4756411707240616,0.6413498778101506
JUM091120J043,JUM,CJF_1,CJF,1,R,R-JUM091120J043,1,1,0.6039126050533739,0.7979651655289093
JUM091120J044,JUM,CJF_1,CJF,1,R,R-JUM091120J044,3,1,0.34120113081182973,1.0638908748470461
JUM091120J044,JUM,CJF_1,CJF,1,R,R-JUM091120J044,3,2,0.6824712877173491,1.0638908748470461
JUM091120J044,JUM,CJF_1,CJF,1,R,R-JUM091120J044,3,3,0.9152413464864196,1.0638908748470461
JUM091120J045,JUM,CJF_1,CJF,1,R,R-JUM091120J045,2,1,0.6041397867383225,0.9725965047136831
JUM091120J045,JUM,CJF_1,CJF,1,R,R-JUM091120J045,2,2,0.838927789127867,0.9725965047136831
JUM091120J046,JUM,CJF_1,CJF,1,R,R-JUM091120J046,1,1,0.503843440622796,0.6850393294244963
JUM091120J047,JUM,CJF_1,CJF,1,R,R-JUM091120J047,5,1,0.5715446643509638,1.265175524603819
JUM091120J047,JUM,CJF_1,CJF,1,R,R-JUM091120J047,5,2,0.7816748038790492,1.265175524603819
JUM091120J047,JUM,CJF_1,CJF,1,R,R-JUM091120J047,5,3,0.9331680987300192,1.265175524603819
JUM091120J047,JUM,CJF_1,CJF,1,R,R-JUM091120J047,5,4,1.0550453850757329,1.265175524603819
JUM091120J047,JUM,CJF_1,CJF,1,R,R-JUM091120J047,5,5,1.1650116379979558,1.265175524603819
JUM091120J048,JUM,CJF_1,CJF,1,R,R-JUM091120J048,5,1,0.589580368933814,1.5485295093858735
JUM091120J048,JUM,CJF_1,CJF,1,R,R-JUM091120J048,5,2,0.9211114273607052,1.5485295093858735
JUM091120J048,JUM,CJF_1,CJF,1,R,R-JUM091120J048,5,3,1.1059126362919967,1.5485295093858735
JUM091120J048,JUM,CJF_1,CJF,1,R,R-JUM091120J048,5,4,1.2453734910152705,1.5485295093858735
JUM091120J048,JUM,CJF_1,CJF,1,R,R-JUM091120J048,5,5,1.4090686546626006,1.5485295093858735
JUM091120J049,JUM,CJF_1,CJF,1,R,R-JUM091120J049,2,1,0.5412070351851987,0.8669583718762154
JUM091120J049,JUM,CJF_1,CJF,1,R,R-JUM091120J049,2,2,0.7287503110777196,0.8669583718762154
JUM091120J050,JUM,CJF_1,CJF,1,R,R-JUM091120J050,5,1,0.4139673164397408,1.1185489944123248
JUM091120J050,JUM,CJF_1,CJF,1,R,R-JUM091120J050,5,2,0.6353080452242862,1.1185489944123248
JUM091120J050,JUM,CJF_1,CJF,1,R,R-JUM091120J050,5,3,0.7771515443532926,1.1185489944123248
JUM091120J050,JUM,CJF_1,CJF,1,R,R-JUM091120J050,5,4,0.907990022551703,1.1185489944123248
JUM091120J050,JUM,CJF_1,CJF,1,R,R-JUM091120J050,5,5,1.0286049038428737,1.1185489944123248
JUM091120J051,JUM,CJF_1,CJF,1,R,R-JUM091120J051,2,1,0.4927270373638116,1.0655062025776432
JUM091120J051,JUM,CJF_1,CJF,1,R,R-JUM091120J051,2,2,0.8387582989970954,1.0655062025776432
JUM091120J052,JUM,CJF_1,CJF,1,R,R-JUM091120J052,1,1,0.49465551734033286,0.6906782313371916
JUM091120J053,JUM,CJF_1,CJF,1,R,R-JUM091120J053,2,1,0.5095364948470099,0.8455117987287738
JUM091120J053,JUM,CJF_1,CJF,1,R,R-JUM091120J053,2,2,0.6927779506793574,0.8455117987287738
JUM091120J054,JUM,CJF_1,CJF,1,R,R-JUM091120J054,4,1,0.4882323177608483,1.0457355786954947
JUM091120J054,JUM,CJF_1,CJF,1,R,R-JUM091120J054,4,2,0.689066273070411,1.0457355786954947
JUM091120J054,JUM,CJF_1,CJF,1,R,R-JUM091120J054,4,3,0.8483465621450533,1.0457355786954947
JUM091120J054,JUM,CJF_1,CJF,1,R,R-JUM091120J054,4,4,0.9591549903367556,1.0457355786954947
JUM091120J055,JUM,CJF_1,CJF,1,R,R-JUM091120J055,1,1,0.5233096803597413,0.7698263868298574
JUM091120J056,JUM,CJF_1,CJF,1,R,R-JUM091120J056,0,NA,NA,0.6413451997781602
JUM091120J057,JUM,CJF_1,CJF,1,R,R-JUM091120J057,5,1,0.5499543234882522,1.090814741050011
JUM091120J057,JUM,CJF_1,CJF,1,R,R-JUM091120J057,5,2,0.6949727527420496,1.090814741050011
JUM091120J057,JUM,CJF_1,CJF,1,R,R-JUM091120J057,5,3,0.8038091845179134,1.090814741050011
JUM091120J057,JUM,CJF_1,CJF,1,R,R-JUM091120J057,5,4,0.8898624449205323,1.090814741050011
JUM091120J057,JUM,CJF_1,CJF,1,R,R-JUM091120J057,5,5,1.0167898754353635,1.090814741050011
JUM091120J058,JUM,CJF_1,CJF,1,R,R-JUM091120J058,4,1,0.48926366113848924,1.0378399481911078
JUM091120J058,JUM,CJF_1,CJF,1,R,R-JUM091120J058,4,2,0.6719973799357837,1.0378399481911078
JUM091120J058,JUM,CJF_1,CJF,1,R,R-JUM091120J058,4,3,0.7933196849196656,1.0378399481911078
JUM091120J058,JUM,CJF_1,CJF,1,R,R-JUM091120J058,4,4,0.9085687608013069,1.0378399481911078
JUM091120J059,JUM,CJF_1,CJF,1,R,R-JUM091120J059,5,1,0.45735681464800854,1.0097383288173891
JUM091120J059,JUM,CJF_1,CJF,1,R,R-JUM091120J059,5,2,0.6205851283215225,1.0097383288173891
JUM091120J059,JUM,CJF_1,CJF,1,R,R-JUM091120J059,5,3,0.771557119586542,1.0097383288173891
JUM091120J059,JUM,CJF_1,CJF,1,R,R-JUM091120J059,5,4,0.8513062560469429,1.0097383288173891
JUM091120J059,JUM,CJF_1,CJF,1,R,R-JUM091120J059,5,5,0.944553955317724,1.0097383288173891
JUM091120J060,JUM,CJF_1,CJF,1,R,R-JUM091120J060,5,1,0.3872806714842354,0.9036473776634711
JUM091120J060,JUM,CJF_1,CJF,1,R,R-JUM091120J060,5,2,0.5401413574582878,0.9036473776634711
JUM091120J060,JUM,CJF_1,CJF,1,R,R-JUM091120J060,5,3,0.6284665485512507,0.9036473776634711
JUM091120J060,JUM,CJF_1,CJF,1,R,R-JUM091120J060,5,4,0.7371796839116435,0.9036473776634711
JUM091120J060,JUM,CJF_1,CJF,1,R,R-JUM091120J060,5,5,0.8187013711157194,0.9036473776634711
JUM091120J061,JUM,CJF_1,CJF,1,R,R-JUM091120J061,2,1,0.40989202965976207,0.827825637575513
JUM091120J061,JUM,CJF_1,CJF,1,R,R-JUM091120J061,2,2,0.6591851934228365,0.827825637575513
JUM091120J062,JUM,CJF_1,CJF,1,R,R-JUM091120J062,6,1,0.5058704178909813,1.1465707104980414
JUM091120J062,JUM,CJF_1,CJF,1,R,R-JUM091120J062,6,2,0.6545905047556557,1.1465707104980414
JUM091120J062,JUM,CJF_1,CJF,1,R,R-JUM091120J062,6,3,0.7909204619621382,1.1465707104980414
JUM091120J062,JUM,CJF_1,CJF,1,R,R-JUM091120J062,6,4,0.8938206036784532,1.1465707104980414
JUM091120J062,JUM,CJF_1,CJF,1,R,R-JUM091120J062,6,5,0.9910906196849719,1.1465707104980414
JUM091120J062,JUM,CJF_1,CJF,1,R,R-JUM091120J062,6,6,1.069580706336707,1.1465707104980414
JUM091120J063,JUM,CJF_1,CJF,1,R,R-JUM091120J063,2,1,0.49530192359918784,0.8988076556807352
JUM091120J063,JUM,CJF_1,CJF,1,R,R-JUM091120J063,2,2,0.7450149560854161,0.8988076556807352
JUM091120J064,JUM,CJF_1,CJF,1,R,R-JUM091120J064,6,1,0.48742932170639797,1.213641134163199
JUM091120J064,JUM,CJF_1,CJF,1,R,R-JUM091120J064,6,2,0.6568111373475273,1.213641134163199
JUM091120J064,JUM,CJF_1,CJF,1,R,R-JUM091120J064,6,3,0.8278175489301365,1.213641134163199
JUM091120J064,JUM,CJF_1,CJF,1,R,R-JUM091120J064,6,4,0.9406228371218854,1.213641134163199
JUM091120J064,JUM,CJF_1,CJF,1,R,R-JUM091120J064,6,5,1.0244722558325319,1.213641134163199
JUM091120J064,JUM,CJF_1,CJF,1,R,R-JUM091120J064,6,6,1.1161552698219195,1.213641134163199
JUM091120J065,JUM,CJF_1,CJF,1,R,R-JUM091120J065,6,1,0.3473927405548199,1.0789395068553564
JUM091120J065,JUM,CJF_1,CJF,1,R,R-JUM091120J065,6,2,0.5599809484357566,1.0789395068553564
JUM091120J065,JUM,CJF_1,CJF,1,R,R-JUM091120J065,6,3,0.7079947436259694,1.0789395068553564
JUM091120J065,JUM,CJF_1,CJF,1,R,R-JUM091120J065,6,4,0.8085558428502546,1.0789395068553564
JUM091120J065,JUM,CJF_1,CJF,1,R,R-JUM091120J065,6,5,0.9112861431990467,1.0789395068553564
JUM091120J065,JUM,CJF_1,CJF,1,R,R-JUM091120J065,6,6,0.9936795738481559,1.0789395068553564
JUM091120J066,JUM,CJF_1,CJF,1,R,R-JUM091120J066,5,1,0.39884708914402395,0.9989439153923427
JUM091120J066,JUM,CJF_1,CJF,1,R,R-JUM091120J066,5,2,0.5923732037160975,0.9989439153923427
JUM091120J066,JUM,CJF_1,CJF,1,R,R-JUM091120J066,5,3,0.7324873860922061,0.9989439153923427
JUM091120J066,JUM,CJF_1,CJF,1,R,R-JUM091120J066,5,4,0.8317049145151608,0.9989439153923427
JUM091120J066,JUM,CJF_1,CJF,1,R,R-JUM091120J066,5,5,0.9208029925506002,0.9989439153923427
JUM091120J067,JUM,CJF_1,CJF,1,R,R-JUM091120J067,5,1,0.691571162084243,1.5819035880259222
JUM091120J067,JUM,CJF_1,CJF,1,R,R-JUM091120J067,5,2,0.9767252748513768,1.5819035880259222
JUM091120J067,JUM,CJF_1,CJF,1,R,R-JUM091120J067,5,3,1.1850712013524072,1.5819035880259222
JUM091120J067,JUM,CJF_1,CJF,1,R,R-JUM091120J067,5,4,1.336468407915881,1.5819035880259222
JUM091120J067,JUM,CJF_1,CJF,1,R,R-JUM091120J067,5,5,1.4720339670089198,1.5819035880259222
JUM091120J068,JUM,CJF_1,CJF,1,R,R-JUM091120J068,6,1,0.63493365741607255,1.5600838419528245
JUM091120J068,JUM,CJF_1,CJF,1,R,R-JUM091120J068,6,2,0.9056784824563159,1.5600838419528245
JUM091120J068,JUM,CJF_1,CJF,1,R,R-JUM091120J068,6,3,1.0853269756788857,1.5600838419528245
JUM091120J068,JUM,CJF_1,CJF,1,R,R-JUM091120J068,6,4,1.2404154259954672,1.5600838419528245
JUM091120J068,JUM,CJF_1,CJF,1,R,R-JUM091120J068,6,5,1.3741731701457454,1.5600838419528245
JUM091120J068,JUM,CJF_1,CJF,1,R,R-JUM091120J068,6,6,1.4733906846337936,1.5600838419528245
JUM091120J069,JUM,CJF_1,CJF,1,R,R-JUM091120J069,5,1,0.4937130743109031,1.2304297889070714
JUM091120J069,JUM,CJF_1,CJF,1,R,R-JUM091120J069,5,2,0.6908743753575064,1.2304297889070714
JUM091120J069,JUM,CJF_1,CJF,1,R,R-JUM091120J069,5,3,0.8642760260147546,1.2304297889070714
JUM091120J069,JUM,CJF_1,CJF,1,R,R-JUM091120J069,5,4,0.9747835332041801,1.2304297889070714
JUM091120J069,JUM,CJF_1,CJF,1,R,R-JUM091120J069,5,5,1.1340537327895375,1.2304297889070714
JUM091120J070,JUM,CJF_1,CJF,1,R,R-JUM091120J070,4,1,0.5370111388362617,1.077908035702153
JUM091120J070,JUM,CJF_1,CJF,1,R,R-JUM091120J070,4,2,0.6918592982164837,1.077908035702153
JUM091120J070,JUM,CJF_1,CJF,1,R,R-JUM091120J070,4,3,0.8449848633225918,1.077908035702153
JUM091120J070,JUM,CJF_1,CJF,1,R,R-JUM091120J070,4,4,0.9606552736512576,1.077908035702153
JUM091120J071,JUM,CJF_1,CJF,1,R,R-JUM091120J071,3,1,0.38178402189743654,1.016852585925094
JUM091120J071,JUM,CJF_1,CJF,1,R,R-JUM091120J071,3,2,0.7059039132801688,1.016852585925094
JUM091120J071,JUM,CJF_1,CJF,1,R,R-JUM091120J071,3,3,0.8611674432427531,1.016852585925094
JUM091120J072,JUM,CJF_1,CJF,1,R,R-JUM091120J072,1,1,0.6224529878277728,0.790412877416837
JUM091120J073,JUM,CJF_1,CJF,1,R,R-JUM091120J073,5,1,0.5461358132632099,1.2381266100990402
JUM091120J073,JUM,CJF_1,CJF,1,R,R-JUM091120J073,5,2,0.7357482878090286,1.2381266100990402
JUM091120J073,JUM,CJF_1,CJF,1,R,R-JUM091120J073,5,3,0.8888945267081635,1.2381266100990402
JUM091120J073,JUM,CJF_1,CJF,1,R,R-JUM091120J073,5,4,1.0286701445039845,1.2381266100990402
JUM091120J073,JUM,CJF_1,CJF,1,R,R-JUM091120J073,5,5,1.1477838858699783,1.2381266100990402
JUM091120J074,JUM,CJF_1,CJF,1,R,R-JUM091120J074,4,1,0.4978890763548494,1.044718741069896
JUM091120J074,JUM,CJF_1,CJF,1,R,R-JUM091120J074,4,2,0.7002247439270213,1.044718741069896
JUM091120J074,JUM,CJF_1,CJF,1,R,R-JUM091120J074,4,3,0.8429660029364603,1.044718741069896
JUM091120J074,JUM,CJF_1,CJF,1,R,R-JUM091120J074,4,4,0.9560775190932262,1.044718741069896
JUM091120J075,JUM,CJF_1,CJF,1,R,R-JUM091120J075,4,1,0.4202916722605346,0.9185950998257654
JUM091120J075,JUM,CJF_1,CJF,1,R,R-JUM091120J075,4,2,0.5641882074526974,0.9185950998257654
JUM091120J075,JUM,CJF_1,CJF,1,R,R-JUM091120J075,4,3,0.6973331817508112,0.9185950998257654
JUM091120J075,JUM,CJF_1,CJF,1,R,R-JUM091120J075,4,4,0.7924023753163816,0.9185950998257654
JUM091120J076,JUM,CJF_1,CJF,1,R,R-JUM091120J076,4,1,0.48708002183289456,0.9492854878568874
JUM091120J076,JUM,CJF_1,CJF,1,R,R-JUM091120J076,4,2,0.6524784736995601,0.9492854878568874
JUM091120J076,JUM,CJF_1,CJF,1,R,R-JUM091120J076,4,3,0.8054396476617742,0.9492854878568874
JUM091120J076,JUM,CJF_1,CJF,1,R,R-JUM091120J076,4,4,0.8833719174854215,0.9492854878568874
JUM091120J077,JUM,CJF_1,CJF,1,R,R-JUM091120J077,2,1,0.4662832606818067,0.8158722900843033
JUM091120J077,JUM,CJF_1,CJF,1,R,R-JUM091120J077,2,2,0.684204952940292,0.8158722900843033
JUM091120J078,JUM,CJF_1,CJF,1,R,R-JUM091120J078,3,1,0.47506789918772385,0.9557892884322996
JUM091120J078,JUM,CJF_1,CJF,1,R,R-JUM091120J078,3,2,0.6930730307213211,0.9557892884322996
JUM091120J078,JUM,CJF_1,CJF,1,R,R-JUM091120J078,3,3,0.8258316582530798,0.9557892884322996
JUM091120J079,JUM,CJF_1,CJF,1,R,R-JUM091120J079,1,1,0.5666243953936185,0.784963322075457
JUM091120J080,JUM,CJF_1,CJF,1,R,R-JUM091120J080,4,1,0.3902889639526857,0.9624535751035694
JUM091120J080,JUM,CJF_1,CJF,1,R,R-JUM091120J080,4,2,0.592053301155564,0.9624535751035694
JUM091120J080,JUM,CJF_1,CJF,1,R,R-JUM091120J080,4,3,0.768297363170992,0.9624535751035694
JUM091120J080,JUM,CJF_1,CJF,1,R,R-JUM091120J080,4,4,0.8667234188255551,0.9624535751035694
JUM091120J081,JUM,CJF_1,CJF,1,R,R-JUM091120J081,5,1,0.6138134355916912,1.2813027095025886
JUM091120J081,JUM,CJF_1,CJF,1,R,R-JUM091120J081,5,2,0.7785808565976692,1.2813027095025886
JUM091120J081,JUM,CJF_1,CJF,1,R,R-JUM091120J081,5,3,0.9298368796402193,1.2813027095025886
JUM091120J081,JUM,CJF_1,CJF,1,R,R-JUM091120J081,5,4,1.0810929026827694,1.2813027095025886
JUM091120J081,JUM,CJF_1,CJF,1,R,R-JUM091120J081,5,5,1.1801097308408215,1.2813027095025886
JUM091120J082,JUM,CJF_1,CJF,1,R,R-JUM091120J082,1,1,0.4986243237218002,0.6868792206386947
JUM091120J083,JUM,CJF_1,CJF,1,R,R-JUM091120J083,1,1,0.5830011991980086,0.7229034273488766
JUM091120J084,JUM,CJF_1,CJF,1,R,R-JUM091120J084,1,1,0.48463723508012263,0.6901125098217007
JUM091120J085,JUM,CJF_1,CJF,1,R,R-JUM091120J085,1,1,0.48678800483350215,0.6974011702856417
JUM091120J086,JUM,CJF_1,CJF,1,R,R-JUM091120J086,6,1,0.47967813103083534,1.0421237980053868
JUM091120J086,JUM,CJF_1,CJF,1,R,R-JUM091120J086,6,2,0.6292032626035836,1.0421237980053868
JUM091120J086,JUM,CJF_1,CJF,1,R,R-JUM091120J086,6,3,0.7370849848696833,1.0421237980053868
JUM091120J086,JUM,CJF_1,CJF,1,R,R-JUM091120J086,6,4,0.8025963020917177,1.0421237980053868
JUM091120J086,JUM,CJF_1,CJF,1,R,R-JUM091120J086,6,5,0.8997296382959263,1.0421237980053868
JUM091120J086,JUM,CJF_1,CJF,1,R,R-JUM091120J086,6,6,0.9831203134431408,1.0421237980053868
JUM091120J087,JUM,CJF_1,CJF,1,R,R-JUM091120J087,5,1,0.42636148036608124,1.0517160012696523
JUM091120J087,JUM,CJF_1,CJF,1,R,R-JUM091120J087,5,2,0.604738596826436,1.0517160012696523
JUM091120J087,JUM,CJF_1,CJF,1,R,R-JUM091120J087,5,3,0.7527319616609893,1.0517160012696523
JUM091120J087,JUM,CJF_1,CJF,1,R,R-JUM091120J087,5,4,0.8840956699628231,1.0517160012696523
JUM091120J087,JUM,CJF_1,CJF,1,R,R-JUM091120J087,5,5,0.9723104891506316,1.0517160012696523
JUM091120J089,JUM,CJF_1,CJF,1,R,R-JUM091120J089,5,1,0.45710878692855456,1.0507602432793115
JUM091120J089,JUM,CJF_1,CJF,1,R,R-JUM091120J089,5,2,0.6443557552413708,1.0507602432793115
JUM091120J089,JUM,CJF_1,CJF,1,R,R-JUM091120J089,5,3,0.787787766608034,1.0507602432793115
JUM091120J089,JUM,CJF_1,CJF,1,R,R-JUM091120J089,5,4,0.9100012336960678,1.0507602432793115
JUM091120J089,JUM,CJF_1,CJF,1,R,R-JUM091120J089,5,5,0.9683935979594822,1.0507602432793115
JUM091120J090,JUM,CJF_1,CJF,1,R,R-JUM091120J090,0,NA,NA,0.38004987171316046
JUM091120J091,JUM,CJF_1,CJF,1,R,R-JUM091120J091,6,1,0.4266562464295245,1.2327440372733485
JUM091120J091,JUM,CJF_1,CJF,1,R,R-JUM091120J091,6,2,0.6824249035134891,1.2327440372733485
JUM091120J091,JUM,CJF_1,CJF,1,R,R-JUM091120J091,6,3,0.8502838265524744,1.2327440372733485
JUM091120J091,JUM,CJF_1,CJF,1,R,R-JUM091120J091,6,4,0.9423476807727736,1.2327440372733485
JUM091120J091,JUM,CJF_1,CJF,1,R,R-JUM091120J091,6,5,1.0481339914604308,1.2327440372733485
JUM091120J091,JUM,CJF_1,CJF,1,R,R-JUM091120J091,6,6,1.13700840025005,1.2327440372733485
JUM091120J092,JUM,CJF_1,CJF,1,R,R-JUM091120J092,0,NA,NA,0.5748821898024444
JUM091120J093,JUM,CJF_1,CJF,1,R,R-JUM091120J093,4,1,0.4186671111783403,1.172508962170329
JUM091120J093,JUM,CJF_1,CJF,1,R,R-JUM091120J093,4,2,0.6784990098054839,1.172508962170329
JUM091120J093,JUM,CJF_1,CJF,1,R,R-JUM091120J093,4,3,0.9180411771408215,1.172508962170329
JUM091120J093,JUM,CJF_1,CJF,1,R,R-JUM091120J093,4,4,1.1289934262118069,1.172508962170329
JUM091120J094,JUM,CJF_1,CJF,1,R,R-JUM091120J094,1,1,0.3822702850113548,0.5270964260725977
JUM091120J095,JUM,CJF_1,CJF,1,R,R-JUM091120J095,4,1,0.5989630786428849,1.250224259047653
JUM091120J095,JUM,CJF_1,CJF,1,R,R-JUM091120J095,4,2,0.8072410292929185,1.250224259047653
JUM091120J095,JUM,CJF_1,CJF,1,R,R-JUM091120J095,4,3,0.9706104166325169,1.250224259047653
JUM091120J095,JUM,CJF_1,CJF,1,R,R-JUM091120J095,4,4,1.1319473114616108,1.250224259047653
JUM091120J096,JUM,CJF_1,CJF,1,R,R-JUM091120J096,6,1,0.6026202995055934,1.425238105140013
JUM091120J096,JUM,CJF_1,CJF,1,R,R-JUM091120J096,6,2,0.856891023711374,1.425238105140013
JUM091120J096,JUM,CJF_1,CJF,1,R,R-JUM091120J096,6,3,1.0298793901869405,1.425238105140013
JUM091120J096,JUM,CJF_1,CJF,1,R,R-JUM091120J096,6,4,1.1574203213125298,1.425238105140013
JUM091120J096,JUM,CJF_1,CJF,1,R,R-JUM091120J096,6,5,1.263829524960168,1.425238105140013
JUM091120J096,JUM,CJF_1,CJF,1,R,R-JUM091120J096,6,6,1.3566916689861037,1.425238105140013
JUM091120J097,JUM,CJF_1,CJF,1,R,R-JUM091120J097,2,1,0.5211679494465542,0.8450240479561149
JUM091120J097,JUM,CJF_1,CJF,1,R,R-JUM091120J097,2,2,0.697299229185666,0.8450240479561149
JUM091120J098,JUM,CJF_1,CJF,1,R,R-JUM091120J098,4,1,0.5307484408814503,1.1518771477122391
JUM091120J098,JUM,CJF_1,CJF,1,R,R-JUM091120J098,4,2,0.7419459405092208,1.1518771477122391
JUM091120J098,JUM,CJF_1,CJF,1,R,R-JUM091120J098,4,3,0.9088898689231162,1.1518771477122391
JUM091120J098,JUM,CJF_1,CJF,1,R,R-JUM091120J098,4,4,1.0131908007751012,1.1518771477122391
JUM091120J099,JUM,CJF_1,CJF,1,R,R-JUM091120J099,4,1,0.4559001059449006,0.9837875989623397
JUM091120J099,JUM,CJF_1,CJF,1,R,R-JUM091120J099,4,2,0.6506081811466177,0.9837875989623397
JUM091120J099,JUM,CJF_1,CJF,1,R,R-JUM091120J099,4,3,0.7869590349053517,0.9837875989623397
JUM091120J099,JUM,CJF_1,CJF,1,R,R-JUM091120J099,4,4,0.9092261067855674,0.9837875989623397
JUM091120J100,JUM,CJF_1,CJF,1,R,R-JUM091120J100,1,1,0.5470994525232452,0.7435808900171895
JUM091120J101,JUM,CJF_1,CJF,1,R,R-JUM091120J101,2,1,0.5796696816953109,0.8801705481550572
JUM091120J101,JUM,CJF_1,CJF,1,R,R-JUM091120J101,2,2,0.7570969481073356,0.8801705481550572
JUM091120J102,JUM,CJF_1,CJF,1,R,R-JUM091120J102,1,1,0.5067216494941287,0.6783466752482277
JUM091120J103,JUM,CJF_1,CJF,1,R,R-JUM091120J103,4,1,0.47808828963426525,1.0223943505153625
JUM091120J103,JUM,CJF_1,CJF,1,R,R-JUM091120J103,4,2,0.6436383347201778,1.0223943505153625
JUM091120J103,JUM,CJF_1,CJF,1,R,R-JUM091120J103,4,3,0.8014533413015035,1.0223943505153625
JUM091120J103,JUM,CJF_1,CJF,1,R,R-JUM091120J103,4,4,0.941114244499535,1.0223943505153625
JUM091120J104,JUM,CJF_1,CJF,1,R,R-JUM091120J104,5,1,0.44219779450340835,1.1759826921011316
JUM091120J104,JUM,CJF_1,CJF,1,R,R-JUM091120J104,5,2,0.6308625870866031,1.1759826921011316
JUM091120J104,JUM,CJF_1,CJF,1,R,R-JUM091120J104,5,3,0.8064571342581168,1.1759826921011316
JUM091120J104,JUM,CJF_1,CJF,1,R,R-JUM091120J104,5,4,0.9231402772679818,1.1759826921011316
JUM091120J104,JUM,CJF_1,CJF,1,R,R-JUM091120J104,5,5,1.060680723265394,1.1759826921011316
JUM091120J105,JUM,CJF_1,CJF,1,R,R-JUM091120J105,5,1,0.4962616458616728,1.1589888143688356
JUM091120J105,JUM,CJF_1,CJF,1,R,R-JUM091120J105,5,2,0.6775249918125208,1.1589888143688356
JUM091120J105,JUM,CJF_1,CJF,1,R,R-JUM091120J105,5,3,0.844629987579896,1.1589888143688356
JUM091120J105,JUM,CJF_1,CJF,1,R,R-JUM091120J105,5,4,0.9756147058565786,1.1589888143688356
JUM091120J105,JUM,CJF_1,CJF,1,R,R-JUM091120J105,5,5,1.0803085574175986,1.1589888143688356
JUM091120J106,JUM,CJF_1,CJF,1,R,R-JUM091120J106,4,1,0.5463906828167024,1.0882888750207265
JUM091120J106,JUM,CJF_1,CJF,1,R,R-JUM091120J106,4,2,0.7013425046115828,1.0882888750207265
JUM091120J106,JUM,CJF_1,CJF,1,R,R-JUM091120J106,4,3,0.8736292343734924,1.0882888750207265
JUM091120J106,JUM,CJF_1,CJF,1,R,R-JUM091120J106,4,4,1.0005402079704782,1.0882888750207265
JUM091120J107,JUM,CJF_1,CJF,1,R,R-JUM091120J107,5,1,0.4865220027907582,1.2151563417610083
JUM091120J107,JUM,CJF_1,CJF,1,R,R-JUM091120J107,5,2,0.7207982706897338,1.2151563417610083
JUM091120J107,JUM,CJF_1,CJF,1,R,R-JUM091120J107,5,3,0.8748257018131526,1.2151563417610083
JUM091120J107,JUM,CJF_1,CJF,1,R,R-JUM091120J107,5,4,0.9882692484624377,1.2151563417610083
JUM091120J107,JUM,CJF_1,CJF,1,R,R-JUM091120J107,5,5,1.1326101745536783,1.2151563417610083
JUM091120J108,JUM,CJF_1,CJF,1,R,R-JUM091120J108,5,1,0.5558752353426525,1.1749556428593868
JUM091120J108,JUM,CJF_1,CJF,1,R,R-JUM091120J108,5,2,0.70552043248472,1.1749556428593868
JUM091120J108,JUM,CJF_1,CJF,1,R,R-JUM091120J108,5,3,0.8525658751437352,1.1749556428593868
JUM091120J108,JUM,CJF_1,CJF,1,R,R-JUM091120J108,5,4,0.9621052735432372,1.1749556428593868
JUM091120J108,JUM,CJF_1,CJF,1,R,R-JUM091120J108,5,5,1.069830335442839,1.1749556428593868
JUM091120J109,JUM,CJF_1,CJF,1,R,R-JUM091120J109,5,1,0.49373358335636397,1.068610070037311
JUM091120J109,JUM,CJF_1,CJF,1,R,R-JUM091120J109,5,2,0.6704399845038413,1.068610070037311
JUM091120J109,JUM,CJF_1,CJF,1,R,R-JUM091120J109,5,3,0.7804073437321618,1.068610070037311
JUM091120J109,JUM,CJF_1,CJF,1,R,R-JUM091120J109,5,4,0.8911350026519359,1.068610070037311
JUM091120J109,JUM,CJF_1,CJF,1,R,R-JUM091120J109,5,5,0.9806328360360774,1.068610070037311
JUM091120J110,JUM,CJF_1,CJF,1,R,R-JUM091120J110,5,1,0.5475823003041201,1.2484767898477962
JUM091120J110,JUM,CJF_1,CJF,1,R,R-JUM091120J110,5,2,0.8159694295609232,1.2484767898477962
JUM091120J110,JUM,CJF_1,CJF,1,R,R-JUM091120J110,5,3,0.9661026626123524,1.2484767898477962
JUM091120J110,JUM,CJF_1,CJF,1,R,R-JUM091120J110,5,4,1.060015509486478,1.2484767898477962
JUM091120J110,JUM,CJF_1,CJF,1,R,R-JUM091120J110,5,5,1.1682785466895678,1.2484767898477962
JUM091120J111,JUM,CJF_1,CJF,1,R,R-JUM091120J111,4,1,0.3786513956210526,0.8873503328307344
JUM091120J111,JUM,CJF_1,CJF,1,R,R-JUM091120J111,4,2,0.510301931367579,0.8873503328307344
JUM091120J111,JUM,CJF_1,CJF,1,R,R-JUM091120J111,4,3,0.6283689574319992,0.8873503328307344
JUM091120J111,JUM,CJF_1,CJF,1,R,R-JUM091120J111,4,4,0.7692833067663145,0.8873503328307344
JUM091120J112,JUM,CJF_1,CJF,1,R,R-JUM091120J112,3,1,0.4099041923158744,0.8499473324378151
JUM091120J112,JUM,CJF_1,CJF,1,R,R-JUM091120J112,3,2,0.6231601150351092,0.8499473324378151
JUM091120J112,JUM,CJF_1,CJF,1,R,R-JUM091120J112,3,3,0.7351477229106252,0.8499473324378151
JUM091120J114,JUM,CJF_1,CJF,1,R,R-JUM091120J114,1,1,0.4828717412134996,0.6771256907187462
JUM091120J115,JUM,CJF_1,CJF,1,R,R-JUM091120J115,6,1,0.5255115201322199,1.310828524691087
JUM091120J115,JUM,CJF_1,CJF,1,R,R-JUM091120J115,6,2,0.7454758221243665,1.310828524691087
JUM091120J115,JUM,CJF_1,CJF,1,R,R-JUM091120J115,6,3,0.9060087699536383,1.310828524691087
JUM091120J115,JUM,CJF_1,CJF,1,R,R-JUM091120J115,6,4,0.9941880424917384,1.310828524691087
JUM091120J115,JUM,CJF_1,CJF,1,R,R-JUM091120J115,6,5,1.0916785215409217,1.310828524691087
JUM091120J115,JUM,CJF_1,CJF,1,R,R-JUM091120J115,6,6,1.2086057124542489,1.310828524691087
JUM091120J116,JUM,CJF_1,CJF,1,R,R-JUM091120J116,6,1,0.5613500373734734,1.546648418139191
JUM091120J116,JUM,CJF_1,CJF,1,R,R-JUM091120J116,6,2,0.7682862794467464,1.546648418139191
JUM091120J116,JUM,CJF_1,CJF,1,R,R-JUM091120J116,6,3,0.947519862430059,1.546648418139191
JUM091120J116,JUM,CJF_1,CJF,1,R,R-JUM091120J116,6,4,1.1334706849105034,1.546648418139191
JUM091120J116,JUM,CJF_1,CJF,1,R,R-JUM091120J116,6,5,1.2676527093267371,1.546648418139191
JUM091120J116,JUM,CJF_1,CJF,1,R,R-JUM091120J116,6,6,1.3918978246808442,1.546648418139191
JUM091120J117,JUM,CJF_1,CJF,1,R,R-JUM091120J117,1,1,0.5247281755089624,0.6998576425200627
JUM091120J118,JUM,CJF_1,CJF,1,R,R-JUM091120J118,5,1,0.4742489742179493,1.1963153004648241
JUM091120J118,JUM,CJF_1,CJF,1,R,R-JUM091120J118,5,2,0.7046120266323689,1.1963153004648241
JUM091120J118,JUM,CJF_1,CJF,1,R,R-JUM091120J118,5,3,0.841867343914944,1.1963153004648241
JUM091120J118,JUM,CJF_1,CJF,1,R,R-JUM091120J118,5,4,0.9831422054834128,1.1963153004648241
JUM091120J118,JUM,CJF_1,CJF,1,R,R-JUM091120J118,5,5,1.1035600215749746,1.1963153004648241
JUM091120J119,JUM,CJF_1,CJF,1,R,R-JUM091120J119,4,1,0.5099368963644961,1.1281433593527994
JUM091120J119,JUM,CJF_1,CJF,1,R,R-JUM091120J119,4,2,0.7827648598710364,1.1281433593527994
JUM091120J119,JUM,CJF_1,CJF,1,R,R-JUM091120J119,4,3,0.9076374144333729,1.1281433593527994
JUM091120J119,JUM,CJF_1,CJF,1,R,R-JUM091120J119,4,4,1.0126581850343754,1.1281433593527994
JUM092319J001,JUM,CJF_1,CJF,1,R,R-JUM092319J001,3,1,0.5063588778723227,1.110097063076691
JUM092319J001,JUM,CJF_1,CJF,1,R,R-JUM092319J001,3,2,0.7218196275314678,1.110097063076691
JUM092319J001,JUM,CJF_1,CJF,1,R,R-JUM092319J001,3,3,0.9515756348128909,1.110097063076691
JUM092319J002,JUM,CJF_1,CJF,1,R,R-JUM092319J002,3,1,0.5305700321126438,0.9236547742369134
JUM092319J002,JUM,CJF_1,CJF,1,R,R-JUM092319J002,3,2,0.6745318618447129,0.9236547742369134
JUM092319J002,JUM,CJF_1,CJF,1,R,R-JUM092319J002,3,3,0.8191033261475036,0.9236547742369134
JUM092319J003,JUM,CJF_1,CJF,1,R,R-JUM092319J003,0,NA,NA,0.5168571998156668
JUM092319J004,JUM,CJF_1,CJF,1,R,R-JUM092319J004,0,NA,NA,0.5260186451431055
JUM092319J005,JUM,CJF_1,CJF,1,R,R-JUM092319J005,0,NA,NA,0.48250078493989246
JUM092319J006,JUM,CJF_1,CJF,1,R,R-JUM092319J006,0,NA,NA,0.39103237403766167
JUM092319J007,JUM,CJF_1,CJF,1,R,R-JUM092319J007,0,NA,NA,0.4332967316969443
JUM092319J008,JUM,CJF_1,CJF,1,R,R-JUM092319J008,0,NA,NA,0.5482038127280735
JUM092319J009,JUM,CJF_1,CJF,1,R,R-JUM092319J009,0,NA,NA,0.44886503110939985
JUM092319J010,JUM,CJF_1,CJF,1,R,R-JUM092319J010,0,NA,NA,0.4548096759836333
JUM092319J011,JUM,CJF_1,CJF,1,R,R-JUM092319J011,0,NA,NA,0.5732050517916388
JUM092319J012,JUM,CJF_1,CJF,1,R,R-JUM092319J012,2,1,0.5039459233058765,0.8419594526103982
JUM092319J012,JUM,CJF_1,CJF,1,R,R-JUM092319J012,2,2,0.686422693035619,0.8419594526103982
JUM092319J013,JUM,CJF_1,CJF,1,R,R-JUM092319J013,0,NA,NA,0.4726434086125738
JUM092319J014,JUM,CJF_1,CJF,1,R,R-JUM092319J014,0,NA,NA,0.41386501123314945
JUM092319J015,JUM,CJF_1,CJF,1,R,R-JUM092319J015,0,NA,NA,0.4658510277746962
JUM092319J016,JUM,CJF_1,CJF,1,R,R-JUM092319J016,0,NA,NA,0.43636119459011996
JUM092319J017,JUM,CJF_1,CJF,1,R,R-JUM092319J017,0,NA,NA,0.49953462330397536
JUM092319J018,JUM,CJF_1,CJF,1,R,R-JUM092319J018,0,NA,NA,0.44746656842439164
JUM092319J019,JUM,CJF_1,CJF,1,R,R-JUM092319J019,0,NA,NA,0.46648091877355663
JUM092319J020,JUM,CJF_1,CJF,1,R,R-JUM092319J020,0,NA,NA,0.40735517264819526
JUM092319J022,JUM,CJF_1,CJF,1,R,R-JUM092319J022,0,NA,NA,0.5053269010406153
JUM092319J023,JUM,CJF_1,CJF,1,R,R-JUM092319J023,0,NA,NA,0.46082037082406785
JUM092319J024,JUM,CJF_1,CJF,1,R,R-JUM092319J024,0,NA,NA,0.4715991188105364
JUM092319J025,JUM,CJF_1,CJF,1,R,R-JUM092319J025,0,NA,NA,0.49020941487421843
JUM092319J026,JUM,CJF_1,CJF,1,R,R-JUM092319J026,0,NA,NA,0.4807248343190042
JUM092319J027,JUM,CJF_1,CJF,1,R,R-JUM092319J027,0,NA,NA,0.5397143095519681
JUM092319J028,JUM,CJF_1,CJF,1,R,R-JUM092319J028,0,NA,NA,0.4043025717621739
JUM092319J029,JUM,CJF_1,CJF,1,R,R-JUM092319J029,0,NA,NA,0.46348886077755624
JUM092319J030,JUM,CJF_1,CJF,1,R,R-JUM092319J030,0,NA,NA,0.42383588917092396
JUM092319J031,JUM,CJF_1,CJF,1,R,R-JUM092319J031,0,NA,NA,0.5137349113530179
JUM092319J032,JUM,CJF_1,CJF,1,R,R-JUM092319J032,0,NA,NA,0.5417763254475604
JUM092319J033,JUM,CJF_1,CJF,1,R,R-JUM092319J033,0,NA,NA,0.5253523578434812
JUM092319J034,JUM,CJF_1,CJF,1,R,R-JUM092319J034,0,NA,NA,0.3612003104113343
JUM092319J035,JUM,CJF_1,CJF,1,R,R-JUM092319J035,0,NA,NA,0.4800153000336793
JUM092319J036,JUM,CJF_1,CJF,1,R,R-JUM092319J036,0,NA,NA,0.36498968116200403
JUM092319J037,JUM,CJF_1,CJF,1,R,R-JUM092319J037,0,NA,NA,0.4048656492367898
JUM092319J038,JUM,CJF_1,CJF,1,R,R-JUM092319J038,0,NA,NA,0.4225036073430193
JUM092319J039,JUM,CJF_1,CJF,1,R,R-JUM092319J039,0,NA,NA,0.4800153000336797
JUM092319J040,JUM,CJF_1,CJF,1,R,R-JUM092319J040,0,NA,NA,0.5015951618170196
JUM092319J041,JUM,CJF_1,CJF,1,R,R-JUM092319J041,0,NA,NA,0.4803428544754838
JUM092319J042,JUM,CJF_1,CJF,1,R,R-JUM092319J042,0,NA,NA,0.4412127087168417
JUM092319J043,JUM,CJF_1,CJF,1,R,R-JUM092319J043,0,NA,NA,0.4856091637379919
JUM092319J044,JUM,CJF_1,CJF,1,R,R-JUM092319J044,0,NA,NA,0.5131085613445678
JUM092319J045,JUM,CJF_1,CJF,1,R,R-JUM092319J045,0,NA,NA,0.49216240952040846
JUM092319J046,JUM,CJF_1,CJF,1,R,R-JUM092319J046,0,NA,NA,0.5073927016669483
JUM092319J047,JUM,CJF_1,CJF,1,R,R-JUM092319J047,0,NA,NA,0.3348861422023483
JUM092319J048,JUM,CJF_1,CJF,1,R,R-JUM092319J048,0,NA,NA,0.5033691631574772
JUM092319J049,JUM,CJF_1,CJF,1,R,R-JUM092319J049,0,NA,NA,0.4555578304665008
JUM092319J050,JUM,CJF_1,CJF,1,R,R-JUM092319J050,0,NA,NA,0.5195815202079564
JUM092319J051,JUM,CJF_1,CJF,1,R,R-JUM092319J051,0,NA,NA,0.4623048134586003
JUM092319J052,JUM,CJF_1,CJF,1,R,R-JUM092319J052,0,NA,NA,0.536101870957236
JUM092319J053,JUM,CJF_1,CJF,1,R,R-JUM092319J053,0,NA,NA,0.5182177964304483
JUM092319J054,JUM,CJF_1,CJF,1,R,R-JUM092319J054,0,NA,NA,0.40520700187211034
JUM092319J055,JUM,CJF_1,CJF,1,R,R-JUM092319J055,0,NA,NA,0.4710532339489761
JUM092319J056,JUM,CJF_1,CJF,1,R,R-JUM092319J056,0,NA,NA,0.40797725521712536
JUM092319J057,JUM,CJF_1,CJF,1,R,R-JUM092319J057,0,NA,NA,0.35781165265973325
JUM092319J059,JUM,CJF_1,CJF,1,R,R-JUM092319J059,0,NA,NA,0.3952011581845948
JUM092319J060,JUM,CJF_1,CJF,1,R,R-JUM092319J060,0,NA,NA,0.5043455538031287
JUM092319J061,JUM,CJF_1,CJF,1,R,R-JUM092319J061,0,NA,NA,0.41485611799593175
JUM092319J062,JUM,CJF_1,CJF,1,R,R-JUM092319J062,0,NA,NA,0.5005634109828933
JUM092319J063,JUM,CJF_1,CJF,1,R,R-JUM092319J063,0,NA,NA,0.5478992964965073
JUM092319J064,JUM,CJF_1,CJF,1,R,R-JUM092319J064,0,NA,NA,0.5358472062472134
JUM092319J065,JUM,CJF_1,CJF,1,R,R-JUM092319J065,0,NA,NA,0.45159681486575076
JUM092319J066,JUM,CJF_1,CJF,1,R,R-JUM092319J066,0,NA,NA,0.4841212807022874
JUM092319J067,JUM,CJF_1,CJF,1,R,R-JUM092319J067,0,NA,NA,0.5225701546519813
JUM092319J068,JUM,CJF_1,CJF,1,R,R-JUM092319J068,0,NA,NA,0.49915011532759546
JUM092319J069,JUM,CJF_1,CJF,1,R,R-JUM092319J069,0,NA,NA,0.4495378267362047
JUM092319J070,JUM,CJF_1,CJF,1,R,R-JUM092319J070,0,NA,NA,0.4862906572419254
JUM092319J071,JUM,CJF_1,CJF,1,R,R-JUM092319J071,0,NA,NA,0.4766668796385597
JUM092319J072,JUM,CJF_1,CJF,1,R,R-JUM092319J072,0,NA,NA,0.5627068310411378
JUM092319J073,JUM,CJF_1,CJF,1,R,R-JUM092319J073,0,NA,NA,0.586637546548753
JUM092319J074,JUM,CJF_1,CJF,1,R,R-JUM092319J074,0,NA,NA,0.45984056266613194
JUM092319J075,JUM,CJF_1,CJF,1,R,R-JUM092319J075,0,NA,NA,0.5516630903123249
JUM092319J076,JUM,CJF_1,CJF,1,R,R-JUM092319J076,0,NA,NA,0.4429707185492985
JUM092319J077,JUM,CJF_1,CJF,1,R,R-JUM092319J077,0,NA,NA,0.4585744665302198
JUM092319J078,JUM,CJF_1,CJF,1,R,R-JUM092319J078,0,NA,NA,0.6051622881643319
JUM092319J080,JUM,CJF_1,CJF,1,R,R-JUM092319J080,0,NA,NA,0.35070749681969843
JUM092319J081,JUM,CJF_1,CJF,1,R,R-JUM092319J081,0,NA,NA,0.4896673449820905
JUM092319J082,JUM,CJF_1,CJF,1,R,R-JUM092319J082,0,NA,NA,0.4715755207961905
JUM092319J083,JUM,CJF_1,CJF,1,R,R-JUM092319J083,0,NA,NA,0.46779992794827724
JUM092319J084,JUM,CJF_1,CJF,1,R,R-JUM092319J084,0,NA,NA,0.4604496890693862
JUM092319J085,JUM,CJF_1,CJF,1,R,R-JUM092319J085,0,NA,NA,0.5240392520149405
JUM092319J086,JUM,CJF_1,CJF,1,R,R-JUM092319J086,0,NA,NA,0.45935960420626826
JUM092319J087,JUM,CJF_1,CJF,1,R,R-JUM092319J087,0,NA,NA,0.4741234057757995
JUM092319J088,JUM,CJF_1,CJF,1,R,R-JUM092319J088,1,1,0.5327272855037005,0.766965393889198
JUM092319J089,JUM,CJF_1,CJF,1,R,R-JUM092319J089,0,NA,NA,0.5600518374975361
JUM092319J090,JUM,CJF_1,CJF,1,R,R-JUM092319J090,0,NA,NA,0.4543155525144695
JUM092319J091,JUM,CJF_1,CJF,1,R,R-JUM092319J091,0,NA,NA,0.5090353205394433
JUM092319J093,JUM,CJF_1,CJF,1,R,R-JUM092319J093,0,NA,NA,0.5043648415500408
JUM092319J094,JUM,CJF_1,CJF,1,R,R-JUM092319J094,0,NA,NA,0.5336806387864177
JUM092319J095,JUM,CJF_1,CJF,1,R,R-JUM092319J095,0,NA,NA,0.45771097902536295
JUM092319J096,JUM,CJF_1,CJF,1,R,R-JUM092319J096,0,NA,NA,0.4966368356354987
JUM092319J097,JUM,CJF_1,CJF,1,R,R-JUM092319J097,0,NA,NA,0.4512491780672088
JUM092319J098,JUM,CJF_1,CJF,1,R,R-JUM092319J098,0,NA,NA,0.39807957637100466
JUM092319J099,JUM,CJF_1,CJF,1,R,R-JUM092319J099,0,NA,NA,0.5123502267135246
JUM092319J100,JUM,CJF_1,CJF,1,R,R-JUM092319J100,0,NA,NA,0.49428517577463754
JUM092319J101,JUM,CJF_1,CJF,1,R,R-JUM092319J101,2,1,0.4295543021958139,0.7999982016258049
JUM092319J101,JUM,CJF_1,CJF,1,R,R-JUM092319J101,2,2,0.6518645818198291,0.7999982016258049
JUM092319J102,JUM,CJF_1,CJF,1,R,R-JUM092319J102,2,1,0.4327500370281408,0.7811924786750173
JUM092319J102,JUM,CJF_1,CJF,1,R,R-JUM092319J102,2,2,0.6215975011906008,0.7811924786750173
JUM092319J103,JUM,CJF_1,CJF,1,R,R-JUM092319J103,0,NA,NA,0.4676302373913234
JUM092319J104,JUM,CJF_1,CJF,1,R,R-JUM092319J104,0,NA,NA,0.5187117482904268
JUM092319J105,JUM,CJF_1,CJF,1,R,R-JUM092319J105,0,NA,NA,0.520834768469009
JUM092319J106,JUM,CJF_1,CJF,1,R,R-JUM092319J106,0,NA,NA,0.6121408270290217
JUM092319J107,JUM,CJF_1,CJF,1,R,R-JUM092319J107,0,NA,NA,0.39956026111200166
JUM092319J108,JUM,CJF_1,CJF,1,R,R-JUM092319J108,0,NA,NA,0.5609488538674908
JUM092319J109,JUM,CJF_1,CJF,1,R,R-JUM092319J109,0,NA,NA,0.525431007934562
JUM092319J110,JUM,CJF_1,CJF,1,R,R-JUM092319J110,0,NA,NA,0.6545223846063557
JUM092319J111,JUM,CJF_1,CJF,1,R,R-JUM092319J111,0,NA,NA,0.5570910122770273
JUM092319J112,JUM,CJF_1,CJF,1,R,R-JUM092319J112,0,NA,NA,0.5161964572327445
JUM092319J113,JUM,CJF_1,CJF,1,R,R-JUM092319J113,0,NA,NA,0.5265120806950369
JUM092319J114,JUM,CJF_1,CJF,1,R,R-JUM092319J114,0,NA,NA,0.546772208716281
JUM092319J115,JUM,CJF_1,CJF,1,R,R-JUM092319J115,0,NA,NA,0.40240658076066804
JUM092319J116,JUM,CJF_1,CJF,1,R,R-JUM092319J116,0,NA,NA,0.5000360906960257
JUM092319J117,JUM,CJF_1,CJF,1,R,R-JUM092319J117,2,1,0.4585364527349377,0.787722353721906
JUM092319J117,JUM,CJF_1,CJF,1,R,R-JUM092319J117,2,2,0.6895266757779823,0.787722353721906
JUM092319J118,JUM,CJF_1,CJF,1,R,R-JUM092319J118,0,NA,NA,0.5535115150598527
JUM092319J119,JUM,CJF_1,CJF,1,R,R-JUM092319J119,0,NA,NA,0.5031517110654984
JUM092319J120,JUM,CJF_1,CJF,1,R,R-JUM092319J120,0,NA,NA,0.38387608309703564
JUM092319J121,JUM,CJF_1,CJF,1,R,R-JUM092319J121,0,NA,NA,0.48725558337638963
JUM092319J122,JUM,CJF_1,CJF,1,R,R-JUM092319J122,0,NA,NA,0.5212880213806527
JUM092319J123,JUM,CJF_1,CJF,1,R,R-JUM092319J123,0,NA,NA,0.6296912907563772
JUM092319J124,JUM,CJF_1,CJF,1,R,R-JUM092319J124,0,NA,NA,0.5219301502244563
JUM092319J125,JUM,CJF_1,CJF,1,R,R-JUM092319J125,0,NA,NA,0.4644443186547455
JUM092319J126,JUM,CJF_1,CJF,1,R,R-JUM092319J126,0,NA,NA,0.5027310269555321
JUM092319J127,JUM,CJF_1,CJF,1,R,R-JUM092319J127,0,NA,NA,0.46764163204753256
JUM092319J128,JUM,CJF_1,CJF,1,R,R-JUM092319J128,0,NA,NA,0.5577458972203515
JUM092319J129,JUM,CJF_1,CJF,1,R,R-JUM092319J129,0,NA,NA,0.541327207408362
JUM092319J130,JUM,CJF_1,CJF,1,R,R-JUM092319J130,0,NA,NA,0.43891836725161976
JUM092319J131,JUM,CJF_1,CJF,1,R,R-JUM092319J131,0,NA,NA,0.5418099539829055
JUM092319J132,JUM,CJF_1,CJF,1,R,R-JUM092319J132,0,NA,NA,0.5184683801496007
JUM092319J133,JUM,CJF_1,CJF,1,R,R-JUM092319J133,0,NA,NA,0.48286200285062025
JUM092319J134,JUM,CJF_1,CJF,1,R,R-JUM092319J134,0,NA,NA,0.44202445144789726
JUM092319J135,JUM,CJF_1,CJF,1,R,R-JUM092319J135,0,NA,NA,0.43431419691031614
JUM092319J136,JUM,CJF_1,CJF,1,R,R-JUM092319J136,1,1,0.514467318281038,0.679591952084466
JUM092319J137,JUM,CJF_1,CJF,1,R,R-JUM092319J137,0,NA,NA,0.495350101417928
JUM092319J138,JUM,CJF_1,CJF,1,R,R-JUM092319J138,0,NA,NA,0.4836604475705927
JUM092319J139,JUM,CJF_1,CJF,1,R,R-JUM092319J139,0,NA,NA,0.5180681945854915
JUM092319J140,JUM,CJF_1,CJF,1,R,R-JUM092319J140,0,NA,NA,0.5226571957256093
JUM092319J141,JUM,CJF_1,CJF,1,R,R-JUM092319J141,0,NA,NA,0.5015746888203424
JUM092319J142,JUM,CJF_1,CJF,1,R,R-JUM092319J142,0,NA,NA,0.5392565930295083
JUM092319J143,JUM,CJF_1,CJF,1,R,R-JUM092319J143,0,NA,NA,0.46974075180433517
JUM092319J144,JUM,CJF_1,CJF,1,R,R-JUM092319J144,0,NA,NA,0.47406902646651544
JUM092319J145,JUM,CJF_1,CJF,1,R,R-JUM092319J145,0,NA,NA,0.45981751119244724
JUM092319J146,JUM,CJF_1,CJF,1,R,R-JUM092319J146,0,NA,NA,0.4116849390375849
JUM092319J147,JUM,CJF_1,CJF,1,R,R-JUM092319J147,0,NA,NA,0.47628544153754154
JUM092319J148,JUM,CJF_1,CJF,1,R,R-JUM092319J148,0,NA,NA,0.47840904684524105
JUM092319J149,JUM,CJF_1,CJF,1,R,R-JUM092319J149,0,NA,NA,0.5001731873898605
JUM092319J200,JUM,CJF_1,CJF,1,R,R-JUM092319J200,0,NA,NA,0.4769570369396771
JUM092319J201,JUM,CJF_1,CJF,1,R,R-JUM092319J201,0,NA,NA,0.4676691715860834
JUM092319J202,JUM,CJF_1,CJF,1,R,R-JUM092319J202,0,NA,NA,0.43443664250366165
JUM092319J203,JUM,CJF_1,CJF,1,R,R-JUM092319J203,0,NA,NA,0.47810939112143697
JUM092319J204,JUM,CJF_1,CJF,1,R,R-JUM092319J204,0,NA,NA,0.45913627945161317
JUM092319J205,JUM,CJF_1,CJF,1,R,R-JUM092319J205,0,NA,NA,0.522671979784667
JUM092319J206,JUM,CJF_1,CJF,1,R,R-JUM092319J206,0,NA,NA,0.5217029147839004
JUM092319J207,JUM,CJF_1,CJF,1,R,R-JUM092319J207,0,NA,NA,0.4842559535334322
JUM092319J208,JUM,CJF_1,CJF,1,R,R-JUM092319J208,0,NA,NA,0.34279311959747094
JUM092319J209,JUM,CJF_1,CJF,1,R,R-JUM092319J209,0,NA,NA,0.36552045252291326
JUM092319J210,JUM,CJF_1,CJF,1,R,R-JUM092319J210,0,NA,NA,0.2959692069028939
JUM092319J211,JUM,CJF_1,CJF,1,R,R-JUM092319J211,0,NA,NA,0.4327993917003204
JUM092319J212,JUM,CJF_1,CJF,1,R,R-JUM092319J212,0,NA,NA,0.4290779008091284
JUM092319J213,JUM,CJF_1,CJF,1,R,R-JUM092319J213,0,NA,NA,0.431700537679245
JUM092319J214,JUM,CJF_1,CJF,1,R,R-JUM092319J214,0,NA,NA,0.45676328535083255
JUM092319J215,JUM,CJF_1,CJF,1,R,R-JUM092319J215,0,NA,NA,0.4931869411653814
JUM092319J216,JUM,CJF_1,CJF,1,R,R-JUM092319J216,0,NA,NA,0.49125877617669966
JUM092319J217,JUM,CJF_1,CJF,1,R,R-JUM092319J217,0,NA,NA,0.5438209248314999
JUM092319J218,JUM,CJF_1,CJF,1,R,R-JUM092319J218,0,NA,NA,0.4724670677707066
JUM092319J219,JUM,CJF_1,CJF,1,R,R-JUM092319J219,0,NA,NA,0.4977188729814641
JUM092319J220,JUM,CJF_1,CJF,1,R,R-JUM092319J220,0,NA,NA,0.4222178398180586
JUM092319J221,JUM,CJF_1,CJF,1,R,R-JUM092319J221,0,NA,NA,0.46548491918706436
JUM092319J222,JUM,CJF_1,CJF,1,R,R-JUM092319J222,0,NA,NA,0.5060964698786129
JUM092319J223,JUM,CJF_1,CJF,1,R,R-JUM092319J223,0,NA,NA,0.526674590051201
JUM092319J224,JUM,CJF_1,CJF,1,R,R-JUM092319J224,0,NA,NA,0.5412842855471348
JUM092319J225,JUM,CJF_1,CJF,1,R,R-JUM092319J225,0,NA,NA,0.5375276401821668
JUM092319J226,JUM,CJF_1,CJF,1,R,R-JUM092319J226,0,NA,NA,0.5612137011871534
JUM092319J227,JUM,CJF_1,CJF,1,R,R-JUM092319J227,0,NA,NA,0.46624875984110803
JUM092319J228,JUM,CJF_1,CJF,1,R,R-JUM092319J228,0,NA,NA,0.35910509407123264
JUM092319J229,JUM,CJF_1,CJF,1,R,R-JUM092319J229,0,NA,NA,0.43721528690054073
JUM092319J230,JUM,CJF_1,CJF,1,R,R-JUM092319J230,0,NA,NA,0.5952557766525556
JUM092319J231,JUM,CJF_1,CJF,1,R,R-JUM092319J231,0,NA,NA,0.5114695560493925
JUM092319J232,JUM,CJF_1,CJF,1,R,R-JUM092319J232,2,1,0.45351071104787244,0.8121041772981861
JUM092319J232,JUM,CJF_1,CJF,1,R,R-JUM092319J232,2,2,0.6794722775192126,0.8121041772981861
JUM092319J233,JUM,CJF_1,CJF,1,R,R-JUM092319J233,0,NA,NA,0.5163371121693652
JUM092319J234,JUM,CJF_1,CJF,1,R,R-JUM092319J234,0,NA,NA,0.45168534374947694
JUM092319J235,JUM,CJF_1,CJF,1,R,R-JUM092319J235,0,NA,NA,0.43985680617818135
JUM092319J236,JUM,CJF_1,CJF,1,R,R-JUM092319J236,0,NA,NA,0.5657455543744814
JUM092319J238,JUM,CJF_1,CJF,1,R,R-JUM092319J238,2,1,0.40854003820542095,0.7913828992012819
JUM092319J238,JUM,CJF_1,CJF,1,R,R-JUM092319J238,2,2,0.6387316877230529,0.7913828992012819
JUM092319J239,JUM,CJF_1,CJF,1,R,R-JUM092319J239,1,1,0.4843905668141882,0.6802602284585665
JUM092319J240,JUM,CJF_1,CJF,1,R,R-JUM092319J240,3,1,0.48456577405396317,0.9486852031329347
JUM092319J240,JUM,CJF_1,CJF,1,R,R-JUM092319J240,3,2,0.6771356637412961,0.9486852031329347
JUM092319J240,JUM,CJF_1,CJF,1,R,R-JUM092319J240,3,3,0.8231336059246116,0.9486852031329347
JUM092319J241,JUM,CJF_1,CJF,1,R,R-JUM092319J241,3,1,0.3930269256318782,0.9016538691095238
JUM092319J241,JUM,CJF_1,CJF,1,R,R-JUM092319J241,3,2,0.6149616791699688,0.9016538691095238
JUM092319J241,JUM,CJF_1,CJF,1,R,R-JUM092319J241,3,3,0.7824078719438333,0.9016538691095238
JUM092319J242,JUM,CJF_1,CJF,1,R,R-JUM092319J242,2,1,0.4239483661739435,0.7991739488246572
JUM092319J242,JUM,CJF_1,CJF,1,R,R-JUM092319J242,2,2,0.6558134323110008,0.7991739488246572
JUM092319J243,JUM,CJF_1,CJF,1,R,R-JUM092319J243,2,1,0.5137151935995075,0.8163325896222696
JUM092319J243,JUM,CJF_1,CJF,1,R,R-JUM092319J243,2,2,0.7074713783818084,0.8163325896222696
JUM092319J244,JUM,CJF_1,CJF,1,R,R-JUM092319J244,1,1,0.5208744585535392,0.7007278154259282
JUM092319J245,JUM,CJF_1,CJF,1,R,R-JUM092319J245,0,NA,NA,0.6330218502975257
JUM092319J246,JUM,CJF_1,CJF,1,R,R-JUM092319J246,0,NA,NA,0.5871045661480551
JUM092319J247,JUM,CJF_1,CJF,1,R,R-JUM092319J247,0,NA,NA,0.5483360661249524
JUM092319J248,JUM,CJF_1,CJF,1,R,R-JUM092319J248,0,NA,NA,0.5113183299744968
JUM092319J249,JUM,CJF_1,CJF,1,R,R-JUM092319J249,0,NA,NA,0.4430803738749597
JUM092319J300,JUM,CJF_1,CJF,1,R,R-JUM092319J300,0,NA,NA,0.46688825061967826
JUM092319J301,JUM,CJF_1,CJF,1,R,R-JUM092319J301,0,NA,NA,0.5220026178595636
JUM092319J302,JUM,CJF_1,CJF,1,R,R-JUM092319J302,0,NA,NA,0.5015313273340294
JUM092319J303,JUM,CJF_1,CJF,1,R,R-JUM092319J303,0,NA,NA,0.4269075190485103
JUM092319J304,JUM,CJF_1,CJF,1,R,R-JUM092319J304,0,NA,NA,0.5223108130737226
JUM092319J305,JUM,CJF_1,CJF,1,R,R-JUM092319J305,0,NA,NA,0.5438411252139632
JUM092319J306,JUM,CJF_1,CJF,1,R,R-JUM092319J306,0,NA,NA,0.5587030933205651
JUM092319J307,JUM,CJF_1,CJF,1,R,R-JUM092319J307,0,NA,NA,0.539285342733556
JUM092319J308,JUM,CJF_1,CJF,1,R,R-JUM092319J308,0,NA,NA,0.44649689204678333
JUM092319J309,JUM,CJF_1,CJF,1,R,R-JUM092319J309,0,NA,NA,0.6014893692753737
JUM092319J310,JUM,CJF_1,CJF,1,R,R-JUM092319J310,0,NA,NA,0.4034812471429661
JUM092319J311,JUM,CJF_1,CJF,1,R,R-JUM092319J311,0,NA,NA,0.4822749140104046
JUM092319J312,JUM,CJF_1,CJF,1,R,R-JUM092319J312,0,NA,NA,0.5217295855279072
JUM092319J313,JUM,CJF_1,CJF,1,R,R-JUM092319J313,0,NA,NA,0.4474009158198424
JUM092319J314,JUM,CJF_1,CJF,1,R,R-JUM092319J314,0,NA,NA,0.400551747662063
JUM092319J315,JUM,CJF_1,CJF,1,R,R-JUM092319J315,0,NA,NA,0.576713918161483
JUM092319J316,JUM,CJF_1,CJF,1,R,R-JUM092319J316,0,NA,NA,0.40284579811675453
JUM092319J317,JUM,CJF_1,CJF,1,R,R-JUM092319J317,0,NA,NA,0.5470741482689851
JUM092319J318,JUM,CJF_1,CJF,1,R,R-JUM092319J318,1,1,0.5058748764580173,0.6953377692082816
JUM092319J319,JUM,CJF_1,CJF,1,R,R-JUM092319J319,0,NA,NA,0.6123783925027565
JUM092319J320,JUM,CJF_1,CJF,1,R,R-JUM092319J320,0,NA,NA,0.4394269528009042
JUM092319J321,JUM,CJF_1,CJF,1,R,R-JUM092319J321,0,NA,NA,0.4315387303149735
JUM092319J322,JUM,CJF_1,CJF,1,R,R-JUM092319J322,0,NA,NA,0.4602015354872511
JUM092319J323,JUM,CJF_1,CJF,1,R,R-JUM092319J323,0,NA,NA,0.4433640680650079
JUM092319J324,JUM,CJF_1,CJF,1,R,R-JUM092319J324,0,NA,NA,0.3997698882754781
JUM092319J325,JUM,CJF_1,CJF,1,R,R-JUM092319J325,0,NA,NA,0.4442307873405356
JUM092319J326,JUM,CJF_1,CJF,1,R,R-JUM092319J326,0,NA,NA,0.4232713758619148
JUM092319J327,JUM,CJF_1,CJF,1,R,R-JUM092319J327,0,NA,NA,0.49878080143954057
JUM092319J328,JUM,CJF_1,CJF,1,R,R-JUM092319J328,0,NA,NA,0.3967364870710838
JUM092319J329,JUM,CJF_1,CJF,1,R,R-JUM092319J329,0,NA,NA,0.339521200883536
JUM092319J330,JUM,CJF_1,CJF,1,R,R-JUM092319J330,0,NA,NA,0.5282756274030778
JUM092319J331,JUM,CJF_1,CJF,1,R,R-JUM092319J331,0,NA,NA,0.5746801250653063
JUM092319J332,JUM,CJF_1,CJF,1,R,R-JUM092319J332,0,NA,NA,0.47350225925631806
JUM092319J333,JUM,CJF_1,CJF,1,R,R-JUM092319J333,0,NA,NA,0.48037315573126954
JUM092319J334,JUM,CJF_1,CJF,1,R,R-JUM092319J334,0,NA,NA,0.5726852100793223
JUM092319J335,JUM,CJF_1,CJF,1,R,R-JUM092319J335,0,NA,NA,0.5396639878377565
JUM092319J336,JUM,CJF_1,CJF,1,R,R-JUM092319J336,0,NA,NA,0.3912598444261056
JUM092319J337,JUM,CJF_1,CJF,1,R,R-JUM092319J337,0,NA,NA,0.46319896545214606
JUM092319J338,JUM,CJF_1,CJF,1,R,R-JUM092319J338,0,NA,NA,0.4673934684824623
JUM092319J339,JUM,CJF_1,CJF,1,R,R-JUM092319J339,0,NA,NA,0.47057253691497825
JUM092319J340,JUM,CJF_1,CJF,1,R,R-JUM092319J340,0,NA,NA,0.574853270235357
JUM092319J341,JUM,CJF_1,CJF,1,R,R-JUM092319J341,0,NA,NA,0.4686843011038816
JUM092319J342,JUM,CJF_1,CJF,1,R,R-JUM092319J342,0,NA,NA,0.37757042288119536
JUM092319J343,JUM,CJF_1,CJF,1,R,R-JUM092319J343,0,NA,NA,0.5321216725652002
JUM092319J344,JUM,CJF_1,CJF,1,R,R-JUM092319J344,0,NA,NA,0.5265331241085826
JUM092319J345,JUM,CJF_1,CJF,1,R,R-JUM092319J345,0,NA,NA,0.5056077196024903
JUM092319J346,JUM,CJF_1,CJF,1,R,R-JUM092319J346,0,NA,NA,0.3451641500446172
JUM092319J347,JUM,CJF_1,CJF,1,R,R-JUM092319J347,0,NA,NA,0.4135329981921386
JUM092319J348,JUM,CJF_1,CJF,1,R,R-JUM092319J348,0,NA,NA,0.5760527820940182
JUM092319J349,JUM,CJF_1,CJF,1,R,R-JUM092319J349,0,NA,NA,0.29194161753733966
JUM092518A001,JUM,CJF_1,CJF,1,R,R-JUM092518A001,4,1,0.5397350710962732,1.2031920869955666
JUM092518A001,JUM,CJF_1,CJF,1,R,R-JUM092518A001,4,2,0.7574720924330237,1.2031920869955666
JUM092518A001,JUM,CJF_1,CJF,1,R,R-JUM092518A001,4,3,0.9125323960806206,1.2031920869955666
JUM092518A001,JUM,CJF_1,CJF,1,R,R-JUM092518A001,4,4,1.063729215400194,1.2031920869955666
JUM092518A001,JUM,JRS_1,JRS,1,R,R-JUM092518A001,4,1,0.366492638065941,0.7103419473271853
JUM092518A001,JUM,JRS_1,JRS,1,R,R-JUM092518A001,5,1,0.31620172937522784,0.7102755152702243
JUM092518A001,JUM,JRS_1,JRS,1,R,R-JUM092518A001,4,2,0.5085610275313746,0.7103419473271853
JUM092518A001,JUM,JRS_1,JRS,1,R,R-JUM092518A001,5,2,0.46104367665719614,0.7102755152702243
JUM092518A001,JUM,JRS_1,JRS,1,R,R-JUM092518A001,4,3,0.557077458424802,0.7103419473271853
JUM092518A001,JUM,JRS_1,JRS,1,R,R-JUM092518A001,5,3,0.5428819262890712,0.7102755152702243
JUM092518A001,JUM,JRS_1,JRS,1,R,R-JUM092518A001,4,4,0.6391821876290612,0.7103419473271853
JUM092518A001,JUM,JRS_1,JRS,1,R,R-JUM092518A001,5,4,0.6210030862035181,0.7102755152702243
JUM092518A001,JUM,JRS_1,JRS,1,R,R-JUM092518A001,5,5,0.6841936113996311,0.7102755152702243
JUM092518A001,JUM,LEL_1,LEL,1,R,R-JUM092518A001,5,1,0.6435490838552923,1.2488233449302335
JUM092518A001,JUM,LEL_1,LEL,1,R,R-JUM092518A001,5,2,0.8156077530416833,1.2488233449302335
JUM092518A001,JUM,LEL_1,LEL,1,R,R-JUM092518A001,5,3,0.9045256203214647,1.2488233449302335
JUM092518A001,JUM,LEL_1,LEL,1,R,R-JUM092518A001,5,4,1.0007561888910996,1.2488233449302335
JUM092518A001,JUM,LEL_1,LEL,1,R,R-JUM092518A001,5,5,1.1092624331510232,1.2488233449302335
JUM092518A001,JUM,MJS_1,MJS,1,R,R-JUM092518A001,4,1,0.6284282770742206,1.2726019392480958
JUM092518A001,JUM,MJS_1,MJS,1,R,R-JUM092518A001,4,2,0.841405022677849,1.2726019392480958
JUM092518A001,JUM,MJS_1,MJS,1,R,R-JUM092518A001,4,3,1.0008776769640242,1.2726019392480958
JUM092518A001,JUM,MJS_1,MJS,1,R,R-JUM092518A001,4,4,1.1362124437676235,1.2726019392480958
JUM092518A002,JUM,CJF_1,CJF,1,R,R-JUM092518A002,3,1,0.4182806391237232,0.8166470963437833
JUM092518A002,JUM,CJF_1,CJF,1,R,R-JUM092518A002,3,2,0.5892590116324633,0.8166470963437833
JUM092518A002,JUM,CJF_1,CJF,1,R,R-JUM092518A002,3,3,0.7051276776832691,0.8166470963437833
JUM092518A002,JUM,JRS_1,JRS,1,R,R-JUM092518A002,3,1,0.39910069178114777,0.7917613878210532
JUM092518A002,JUM,JRS_1,JRS,1,R,R-JUM092518A002,3,1,0.46785685778816377,0.7898591519923518
JUM092518A002,JUM,JRS_1,JRS,1,R,R-JUM092518A002,3,2,0.5797281928430218,0.7917613878210532
JUM092518A002,JUM,JRS_1,JRS,1,R,R-JUM092518A002,3,2,0.6151319168982845,0.7898591519923518
JUM092518A002,JUM,JRS_1,JRS,1,R,R-JUM092518A002,3,3,0.690574787137969,0.7917613878210532
JUM092518A002,JUM,JRS_1,JRS,1,R,R-JUM092518A002,3,3,0.7137887881470795,0.7898591519923518
JUM092518A002,JUM,LEL_1,LEL,1,R,R-JUM092518A002,3,1,0.5408526348541153,0.8975405636623355
JUM092518A002,JUM,LEL_1,LEL,1,R,R-JUM092518A002,3,2,0.7004978375152602,0.8975405636623355
JUM092518A002,JUM,LEL_1,LEL,1,R,R-JUM092518A002,3,3,0.7987141285568458,0.8975405636623355
JUM092518A002,JUM,MJS_1,MJS,1,R,R-JUM092518A002,3,1,0.47126204793041526,0.8539181143997882
JUM092518A002,JUM,MJS_1,MJS,1,R,R-JUM092518A002,3,2,0.6464335281098523,0.8539181143997882
JUM092518A002,JUM,MJS_1,MJS,1,R,R-JUM092518A002,3,3,0.7609468566249865,0.8539181143997882
JUM092518A004,JUM,CJF_1,CJF,1,R,R-JUM092518A004,4,1,0.43131992697437216,0.9633601138280902
JUM092518A004,JUM,CJF_1,CJF,1,R,R-JUM092518A004,4,2,0.6233521227640576,0.9633601138280902
JUM092518A004,JUM,CJF_1,CJF,1,R,R-JUM092518A004,4,3,0.7468941579009912,0.9633601138280902
JUM092518A004,JUM,CJF_1,CJF,1,R,R-JUM092518A004,4,4,0.8706501085878969,0.9633601138280902
JUM092518A004,JUM,JRS_1,JRS,1,R,R-JUM092518A004,4,1,0.30833588768271913,0.6520667511484679
JUM092518A004,JUM,JRS_1,JRS,1,R,R-JUM092518A004,4,1,0.29373243524411285,0.6514009418036993
JUM092518A004,JUM,JRS_1,JRS,1,R,R-JUM092518A004,4,2,0.4568369381430529,0.6520667511484679
JUM092518A004,JUM,JRS_1,JRS,1,R,R-JUM092518A004,4,2,0.4108420877766077,0.6514009418036993
JUM092518A004,JUM,JRS_1,JRS,1,R,R-JUM092518A004,4,3,0.5444975943337353,0.6520667511484679
JUM092518A004,JUM,JRS_1,JRS,1,R,R-JUM092518A004,4,3,0.5003329301021103,0.6514009418036993
JUM092518A004,JUM,JRS_1,JRS,1,R,R-JUM092518A004,4,4,0.6177772817317058,0.6520667511484679
JUM092518A004,JUM,JRS_1,JRS,1,R,R-JUM092518A004,4,4,0.57139485102615,0.6514009418036993
JUM092518A004,JUM,LEL_1,LEL,1,R,R-JUM092518A004,4,1,0.3644267428802492,0.8653671991299479
JUM092518A004,JUM,LEL_1,LEL,1,R,R-JUM092518A004,4,2,0.5144747754181264,0.8653671991299479
JUM092518A004,JUM,LEL_1,LEL,1,R,R-JUM092518A004,4,3,0.6557925589316748,0.8653671991299479
JUM092518A004,JUM,LEL_1,LEL,1,R,R-JUM092518A004,4,4,0.769749073687076,0.8653671991299479
JUM092518A004,JUM,MJS_1,MJS,1,R,R-JUM092518A004,4,1,0.27646803555415356,0.6611215659800128
JUM092518A004,JUM,MJS_1,MJS,1,R,R-JUM092518A004,4,2,0.44854452724074606,0.6611215659800128
JUM092518A004,JUM,MJS_1,MJS,1,R,R-JUM092518A004,4,3,0.5617028250476598,0.6611215659800128
JUM092518A004,JUM,MJS_1,MJS,1,R,R-JUM092518A004,4,4,0.6223062891352888,0.6611215659800128
JUM092518A005,JUM,CJF_1,CJF,1,R,R-JUM092518A005,2,1,0.3388310859255212,0.7188989995301059
JUM092518A005,JUM,CJF_1,CJF,1,R,R-JUM092518A005,2,2,0.5373720071379935,0.7188989995301059
JUM092518A005,JUM,JRS_1,JRS,1,R,R-JUM092518A005,2,1,0.19153967108494888,0.5116668929302242
JUM092518A005,JUM,JRS_1,JRS,1,R,R-JUM092518A005,3,1,0.2103682314056407,0.5138285603119218
JUM092518A005,JUM,JRS_1,JRS,1,R,R-JUM092518A005,2,2,0.35749436981720606,0.5116668929302242
JUM092518A005,JUM,JRS_1,JRS,1,R,R-JUM092518A005,3,2,0.3554946696373773,0.5138285603119218
JUM092518A005,JUM,JRS_1,JRS,1,R,R-JUM092518A005,3,3,0.4412542312932578,0.5138285603119218
JUM092518A005,JUM,LEL_1,LEL,1,R,R-JUM092518A005,3,1,0.42039950255756425,0.7515078649444934
JUM092518A005,JUM,LEL_1,LEL,1,R,R-JUM092518A005,3,2,0.6135117164434505,0.7515078649444934
JUM092518A005,JUM,LEL_1,LEL,1,R,R-JUM092518A005,3,3,0.6883769469152701,0.7515078649444934
JUM092518A005,JUM,MJS_1,MJS,1,R,R-JUM092518A005,3,1,0.21908535334229542,0.5082741946172911
JUM092518A005,JUM,MJS_1,MJS,1,R,R-JUM092518A005,3,2,0.3796374887476117,0.5082741946172911
JUM092518A005,JUM,MJS_1,MJS,1,R,R-JUM092518A005,3,3,0.4562897481559904,0.5082741946172911
JUM092518A006,JUM,CJF_1,CJF,1,R,R-JUM092518A006,3,1,0.44183931472268845,0.8829045647581878
JUM092518A006,JUM,CJF_1,CJF,1,R,R-JUM092518A006,3,2,0.6029102640841346,0.8829045647581878
JUM092518A006,JUM,CJF_1,CJF,1,R,R-JUM092518A006,3,3,0.7615982106904297,0.8829045647581878
JUM092518A006,JUM,JRS_1,JRS,1,R,R-JUM092518A006,3,1,0.2766104156466203,0.5743792393943028
JUM092518A006,JUM,JRS_1,JRS,1,R,R-JUM092518A006,3,1,0.31822022466578975,0.6078564888765652
JUM092518A006,JUM,JRS_1,JRS,1,R,R-JUM092518A006,3,2,0.42678519169887774,0.5743792393943028
JUM092518A006,JUM,JRS_1,JRS,1,R,R-JUM092518A006,3,2,0.4436077292603987,0.6078564888765652
JUM092518A006,JUM,JRS_1,JRS,1,R,R-JUM092518A006,3,3,0.5010981384413975,0.5743792393943028
JUM092518A006,JUM,JRS_1,JRS,1,R,R-JUM092518A006,3,3,0.5367273858084756,0.6078564888765652
JUM092518A006,JUM,LEL_1,LEL,1,R,R-JUM092518A006,3,1,0.4475873418685773,0.7414880440344085
JUM092518A006,JUM,LEL_1,LEL,1,R,R-JUM092518A006,3,2,0.6155546235549145,0.7414880440344085
JUM092518A006,JUM,LEL_1,LEL,1,R,R-JUM092518A006,3,3,0.6612509145684848,0.7414880440344085
JUM092518A006,JUM,MJS_1,MJS,1,R,R-JUM092518A006,3,1,0.255698481325439,0.5471082911853099
JUM092518A006,JUM,MJS_1,MJS,1,R,R-JUM092518A006,3,2,0.41512929702525914,0.5471082911853099
JUM092518A006,JUM,MJS_1,MJS,1,R,R-JUM092518A006,3,3,0.4852485476026159,0.5471082911853099
JUM092518A007,JUM,CJF_1,CJF,1,R,R-JUM092518A007,3,1,0.5076354604970063,1.090912790641742
JUM092518A007,JUM,CJF_1,CJF,1,R,R-JUM092518A007,3,2,0.7504779285525857,1.090912790641742
JUM092518A007,JUM,CJF_1,CJF,1,R,R-JUM092518A007,3,3,0.9182101515582504,1.090912790641742
JUM092518A007,JUM,JRS_1,JRS,1,R,R-JUM092518A007,3,1,0.4754422646053364,1.0334071835695375
JUM092518A007,JUM,JRS_1,JRS,1,R,R-JUM092518A007,3,1,0.30526802626894756,0.6137109909215519
JUM092518A007,JUM,JRS_1,JRS,1,R,R-JUM092518A007,3,2,0.6859278117771974,1.0334071835695375
JUM092518A007,JUM,JRS_1,JRS,1,R,R-JUM092518A007,3,2,0.44456739204184004,0.6137109909215519
JUM092518A007,JUM,JRS_1,JRS,1,R,R-JUM092518A007,3,3,0.8724923448963389,1.0334071835695375
JUM092518A007,JUM,JRS_1,JRS,1,R,R-JUM092518A007,3,3,0.5411641650287919,0.6137109909215519
JUM092518A007,JUM,LEL_1,LEL,1,R,R-JUM092518A007,3,1,0.41374001391344156,0.9097017905252991
JUM092518A007,JUM,LEL_1,LEL,1,R,R-JUM092518A007,3,2,0.5584382470023215,0.9097017905252991
JUM092518A007,JUM,LEL_1,LEL,1,R,R-JUM092518A007,3,3,0.7231864689217788,0.9097017905252991
JUM092518A007,JUM,MJS_1,MJS,1,R,R-JUM092518A007,3,1,0.5391091650236036,1.1041810296266052
JUM092518A007,JUM,MJS_1,MJS,1,R,R-JUM092518A007,3,2,0.7508180410704631,1.1041810296266052
JUM092518A007,JUM,MJS_1,MJS,1,R,R-JUM092518A007,3,3,0.931638829582824,1.1041810296266052
JUM092518A008,JUM,CJF_1,CJF,1,R,R-JUM092518A008,2,1,0.5258207036974221,0.9017262424584982
JUM092518A008,JUM,CJF_1,CJF,1,R,R-JUM092518A008,2,2,0.7788834748844253,0.9017262424584982
JUM092518A008,JUM,JRS_1,JRS,1,R,R-JUM092518A008,2,1,0.41671791942702585,0.6305740713344886
JUM092518A008,JUM,JRS_1,JRS,1,R,R-JUM092518A008,2,1,0.34746433625429135,0.5737079025864185
JUM092518A008,JUM,JRS_1,JRS,1,R,R-JUM092518A008,2,2,0.5452148369743121,0.6305740713344886
JUM092518A008,JUM,JRS_1,JRS,1,R,R-JUM092518A008,2,2,0.5071891823581601,0.5737079025864185
JUM092518A008,JUM,LEL_1,LEL,1,R,R-JUM092518A008,2,1,0.5229181904440822,0.7547681086423205
JUM092518A008,JUM,LEL_1,LEL,1,R,R-JUM092518A008,2,2,0.6497981881990322,0.7547681086423205
JUM092518A008,JUM,MJS_1,MJS,1,R,R-JUM092518A008,2,1,0.580854268401866,0.9135346097322026
JUM092518A008,JUM,MJS_1,MJS,1,R,R-JUM092518A008,2,2,0.7862656698342467,0.9135346097322026
JUM092518A009,JUM,CJF_1,CJF,1,R,R-JUM092518A009,3,1,0.4172018024602804,0.8173667972435923
JUM092518A009,JUM,CJF_1,CJF,1,R,R-JUM092518A009,3,2,0.6095864039402641,0.8173667972435923
JUM092518A009,JUM,CJF_1,CJF,1,R,R-JUM092518A009,3,3,0.7299150938643987,0.8173667972435923
JUM092518A009,JUM,JRS_1,JRS,1,R,R-JUM092518A009,2,1,0.2826712982214747,0.5405978451160547
JUM092518A009,JUM,JRS_1,JRS,1,R,R-JUM092518A009,3,1,0.32148216986234324,0.6090527349572717
JUM092518A009,JUM,JRS_1,JRS,1,R,R-JUM092518A009,2,2,0.4092290699700243,0.5405978451160547
JUM092518A009,JUM,JRS_1,JRS,1,R,R-JUM092518A009,3,2,0.4800529238384438,0.6090527349572717
JUM092518A009,JUM,JRS_1,JRS,1,R,R-JUM092518A009,3,3,0.5694100464632463,0.6090527349572717
JUM092518A009,JUM,LEL_1,LEL,1,R,R-JUM092518A009,3,1,0.49510963076977893,0.751694786922834
JUM092518A009,JUM,LEL_1,LEL,1,R,R-JUM092518A009,3,2,0.6285295713101557,0.751694786922834
JUM092518A009,JUM,LEL_1,LEL,1,R,R-JUM092518A009,3,3,0.6984166941785487,0.751694786922834
JUM092518A009,JUM,MJS_1,MJS,1,R,R-JUM092518A009,2,1,0.4103227002071442,0.8396073573511302
JUM092518A009,JUM,MJS_1,MJS,1,R,R-JUM092518A009,2,2,0.674653212822144,0.8396073573511302
JUM092518A010,JUM,CJF_1,CJF,1,R,R-JUM092518A010,3,1,0.4956549960420549,1.0071626469635344
JUM092518A010,JUM,CJF_1,CJF,1,R,R-JUM092518A010,3,2,0.7142535512380965,1.0071626469635344
JUM092518A010,JUM,CJF_1,CJF,1,R,R-JUM092518A010,3,3,0.8688361916345051,1.0071626469635344
JUM092518A010,JUM,JRS_1,JRS,1,R,R-JUM092518A010,3,1,0.45405825115097165,0.9762581017210886
JUM092518A010,JUM,JRS_1,JRS,1,R,R-JUM092518A010,3,1,0.3263454045093661,0.5854288087948215
JUM092518A010,JUM,JRS_1,JRS,1,R,R-JUM092518A010,3,2,0.670684222275316,0.9762581017210886
JUM092518A010,JUM,JRS_1,JRS,1,R,R-JUM092518A010,3,2,0.41394724832176977,0.5854288087948215
JUM092518A010,JUM,JRS_1,JRS,1,R,R-JUM092518A010,3,3,0.8276548010978129,0.9762581017210886
JUM092518A010,JUM,JRS_1,JRS,1,R,R-JUM092518A010,3,3,0.5057694491164384,0.5854288087948215
JUM092518A010,JUM,LEL_1,LEL,1,R,R-JUM092518A010,3,1,0.46535488195792657,0.757062635568495
JUM092518A010,JUM,LEL_1,LEL,1,R,R-JUM092518A010,3,2,0.5823558735142269,0.757062635568495
JUM092518A010,JUM,LEL_1,LEL,1,R,R-JUM092518A010,3,3,0.6827034344729849,0.757062635568495
JUM092518A010,JUM,MJS_1,MJS,1,R,R-JUM092518A010,3,1,0.3522639401108356,0.6114636776567788
JUM092518A010,JUM,MJS_1,MJS,1,R,R-JUM092518A010,3,2,0.4622935899887615,0.6114636776567788
JUM092518A010,JUM,MJS_1,MJS,1,R,R-JUM092518A010,3,3,0.5605083711853805,0.6114636776567788
JUM092518A011,JUM,CJF_1,CJF,1,R,R-JUM092518A011,4,1,0.44360845413775707,1.0357045188420002
JUM092518A011,JUM,CJF_1,CJF,1,R,R-JUM092518A011,4,2,0.6484290683235553,1.0357045188420002
JUM092518A011,JUM,CJF_1,CJF,1,R,R-JUM092518A011,4,3,0.7855655714925559,1.0357045188420002
JUM092518A011,JUM,CJF_1,CJF,1,R,R-JUM092518A011,4,4,0.9158362424223081,1.0357045188420002
JUM092518A011,JUM,JRS_1,JRS,1,R,R-JUM092518A011,4,1,0.4145086637940761,0.9829873046061411
JUM092518A011,JUM,JRS_1,JRS,1,R,R-JUM092518A011,4,1,0.6026052182387028,1.1630564210143106
JUM092518A011,JUM,JRS_1,JRS,1,R,R-JUM092518A011,4,2,0.5860114142467024,0.9829873046061411
JUM092518A011,JUM,JRS_1,JRS,1,R,R-JUM092518A011,4,2,0.7796745685664186,1.1630564210143106
JUM092518A011,JUM,JRS_1,JRS,1,R,R-JUM092518A011,4,3,0.7549447605330274,0.9829873046061411
JUM092518A011,JUM,JRS_1,JRS,1,R,R-JUM092518A011,4,3,0.9498889157308135,1.1630564210143106
JUM092518A011,JUM,JRS_1,JRS,1,R,R-JUM092518A011,4,4,0.8738491906817422,0.9829873046061411
JUM092518A011,JUM,JRS_1,JRS,1,R,R-JUM092518A011,4,4,1.083318392197001,1.1630564210143106
JUM092518A011,JUM,LEL_1,LEL,1,R,R-JUM092518A011,4,1,0.6911848360489118,1.2710480229651584
JUM092518A011,JUM,LEL_1,LEL,1,R,R-JUM092518A011,4,2,0.9077085530681527,1.2710480229651584
JUM092518A011,JUM,LEL_1,LEL,1,R,R-JUM092518A011,4,3,1.0439309804314603,1.2710480229651584
JUM092518A011,JUM,LEL_1,LEL,1,R,R-JUM092518A011,4,4,1.1532127691487626,1.2710480229651584
JUM092518A011,JUM,MJS_1,MJS,1,R,R-JUM092518A011,4,1,0.5594445380883063,1.1415835108891845
JUM092518A011,JUM,MJS_1,MJS,1,R,R-JUM092518A011,4,2,0.765545852348514,1.1415835108891845
JUM092518A011,JUM,MJS_1,MJS,1,R,R-JUM092518A011,4,3,0.9080824143566053,1.1415835108891845
JUM092518A011,JUM,MJS_1,MJS,1,R,R-JUM092518A011,4,4,1.023864701504552,1.1415835108891845
JUM092518A012,JUM,CJF_1,CJF,1,R,R-JUM092518A012,3,1,0.3465273314618963,0.7751900005355983
JUM092518A012,JUM,CJF_1,CJF,1,R,R-JUM092518A012,3,2,0.5329171747847137,0.7751900005355983
JUM092518A012,JUM,CJF_1,CJF,1,R,R-JUM092518A012,3,3,0.6537027211231924,0.7751900005355983
JUM092518A012,JUM,JRS_1,JRS,1,R,R-JUM092518A012,2,1,0.22797265183354395,0.5375119947192629
JUM092518A012,JUM,JRS_1,JRS,1,R,R-JUM092518A012,2,1,0.5432001295416188,0.7336897428852895
JUM092518A012,JUM,JRS_1,JRS,1,R,R-JUM092518A012,2,2,0.4039240766105685,0.5375119947192629
JUM092518A012,JUM,JRS_1,JRS,1,R,R-JUM092518A012,2,2,0.6539408577890629,0.7336897428852895
JUM092518A012,JUM,LEL_1,LEL,1,R,R-JUM092518A012,3,1,0.39038683623549103,0.7572303403172043
JUM092518A012,JUM,LEL_1,LEL,1,R,R-JUM092518A012,3,2,0.5410651209309971,0.7572303403172043
JUM092518A012,JUM,LEL_1,LEL,1,R,R-JUM092518A012,3,3,0.6430192083599321,0.7572303403172043
JUM092518A012,JUM,MJS_1,MJS,1,R,R-JUM092518A012,3,1,0.2688420363558736,0.5266916198084354
JUM092518A012,JUM,MJS_1,MJS,1,R,R-JUM092518A012,3,2,0.3583181269775151,0.5266916198084354
JUM092518A012,JUM,MJS_1,MJS,1,R,R-JUM092518A012,3,3,0.4538223649439694,0.5266916198084354
JUM092518A013,JUM,CJF_1,CJF,1,R,R-JUM092518A013,4,1,0.3963045614307741,1.0332982186008544
JUM092518A013,JUM,CJF_1,CJF,1,R,R-JUM092518A013,4,2,0.6390736809077772,1.0332982186008544
JUM092518A013,JUM,CJF_1,CJF,1,R,R-JUM092518A013,4,3,0.7781995563760566,1.0332982186008544
JUM092518A013,JUM,CJF_1,CJF,1,R,R-JUM092518A013,4,4,0.921636078998112,1.0332982186008544
JUM092518A013,JUM,JRS_1,JRS,1,R,R-JUM092518A013,4,1,0.13197546305128033,1.0171657032720254
JUM092518A013,JUM,JRS_1,JRS,1,R,R-JUM092518A013,4,1,0.27896108049363677,0.6451041382112864
JUM092518A013,JUM,JRS_1,JRS,1,R,R-JUM092518A013,4,2,0.25649122560095466,1.0171657032720254
JUM092518A013,JUM,JRS_1,JRS,1,R,R-JUM092518A013,4,2,0.38419560523544194,0.6451041382112864
JUM092518A013,JUM,JRS_1,JRS,1,R,R-JUM092518A013,4,3,0.41027100366264774,1.0171657032720254
JUM092518A013,JUM,JRS_1,JRS,1,R,R-JUM092518A013,4,3,0.46922459130786315,0.6451041382112864
JUM092518A013,JUM,JRS_1,JRS,1,R,R-JUM092518A013,4,4,0.6225788127483747,1.0171657032720254
JUM092518A013,JUM,JRS_1,JRS,1,R,R-JUM092518A013,4,4,0.5425608524089719,0.6451041382112864
JUM092518A013,JUM,LEL_1,LEL,1,R,R-JUM092518A013,4,1,0.4545985898983651,1.0097261212135131
JUM092518A013,JUM,LEL_1,LEL,1,R,R-JUM092518A013,4,2,0.622738386532428,1.0097261212135131
JUM092518A013,JUM,LEL_1,LEL,1,R,R-JUM092518A013,4,3,0.77784404989806,1.0097261212135131
JUM092518A013,JUM,LEL_1,LEL,1,R,R-JUM092518A013,4,4,0.912400254275767,1.0097261212135131
JUM092518A013,JUM,MJS_1,MJS,1,R,R-JUM092518A013,4,1,0.5140478081852377,1.149225195271706
JUM092518A013,JUM,MJS_1,MJS,1,R,R-JUM092518A013,4,2,0.7455861849623189,1.149225195271706
JUM092518A013,JUM,MJS_1,MJS,1,R,R-JUM092518A013,4,3,0.8936124059480376,1.149225195271706
JUM092518A013,JUM,MJS_1,MJS,1,R,R-JUM092518A013,4,4,1.017374835345095,1.149225195271706
JUM092518A014,JUM,CJF_1,CJF,1,R,R-JUM092518A014,10,1,0.5457414222446051,1.7568660736488733
JUM092518A014,JUM,CJF_1,CJF,1,R,R-JUM092518A014,10,2,0.7541847590003623,1.7568660736488733
JUM092518A014,JUM,CJF_1,CJF,1,R,R-JUM092518A014,10,3,0.9121475913276642,1.7568660736488733
JUM092518A014,JUM,CJF_1,CJF,1,R,R-JUM092518A014,10,4,1.0250472894338722,1.7568660736488733
JUM092518A014,JUM,CJF_1,CJF,1,R,R-JUM092518A014,10,5,1.1483742730761435,1.7568660736488733
JUM092518A014,JUM,CJF_1,CJF,1,R,R-JUM092518A014,10,6,1.257588794455139,1.7568660736488733
JUM092518A014,JUM,CJF_1,CJF,1,R,R-JUM092518A014,10,7,1.3929648622301651,1.7568660736488733
JUM092518A014,JUM,CJF_1,CJF,1,R,R-JUM092518A014,10,8,1.4860035432153635,1.7568660736488733
JUM092518A014,JUM,CJF_1,CJF,1,R,R-JUM092518A014,10,9,1.5807744176807104,1.7568660736488733
JUM092518A014,JUM,CJF_1,CJF,1,R,R-JUM092518A014,10,10,1.66784375404126,1.7568660736488733
JUM092518A014,JUM,JRS_1,JRS,1,R,R-JUM092518A014,10,1,0.644999756457362,1.765774426622082
JUM092518A014,JUM,JRS_1,JRS,1,R,R-JUM092518A014,10,1,0.5578229308581336,1.587275506874003
JUM092518A014,JUM,JRS_1,JRS,1,R,R-JUM092518A014,10,2,0.8009560835206444,1.765774426622082
JUM092518A014,JUM,JRS_1,JRS,1,R,R-JUM092518A014,10,2,0.7018169814148896,1.587275506874003
JUM092518A014,JUM,JRS_1,JRS,1,R,R-JUM092518A014,10,3,0.9487857704883277,1.765774426622082
JUM092518A014,JUM,JRS_1,JRS,1,R,R-JUM092518A014,10,3,0.8468276818946432,1.587275506874003
JUM092518A014,JUM,JRS_1,JRS,1,R,R-JUM092518A014,10,4,1.0939617543186668,1.765774426622082
JUM092518A014,JUM,JRS_1,JRS,1,R,R-JUM092518A014,10,4,0.9765168100389774,1.587275506874003
JUM092518A014,JUM,JRS_1,JRS,1,R,R-JUM092518A014,10,5,1.2067967084501767,1.765774426622082
JUM092518A014,JUM,JRS_1,JRS,1,R,R-JUM092518A014,10,5,1.1022120887364955,1.587275506874003
JUM092518A014,JUM,JRS_1,JRS,1,R,R-JUM092518A014,10,6,1.3061976162113995,1.765774426622082
JUM092518A014,JUM,JRS_1,JRS,1,R,R-JUM092518A014,10,6,1.1937786982778587,1.587275506874003
JUM092518A014,JUM,JRS_1,JRS,1,R,R-JUM092518A014,10,7,1.424450330406642,1.765774426622082
JUM092518A014,JUM,JRS_1,JRS,1,R,R-JUM092518A014,10,7,1.282368108295402,1.587275506874003
JUM092518A014,JUM,JRS_1,JRS,1,R,R-JUM092518A014,10,8,1.5319227013689414,1.765774426622082
JUM092518A014,JUM,JRS_1,JRS,1,R,R-JUM092518A014,10,8,1.347720997329068,1.587275506874003
JUM092518A014,JUM,JRS_1,JRS,1,R,R-JUM092518A014,10,9,1.615291036517054,1.765774426622082
JUM092518A014,JUM,JRS_1,JRS,1,R,R-JUM092518A014,10,9,1.4397959318319293,1.587275506874003
JUM092518A014,JUM,JRS_1,JRS,1,R,R-JUM092518A014,10,10,1.7119830642464104,1.765774426622082
JUM092518A014,JUM,JRS_1,JRS,1,R,R-JUM092518A014,10,10,1.5095782450287365,1.587275506874003
JUM092518A014,JUM,LEL_1,LEL,1,R,R-JUM092518A014,10,1,0.5965056898069618,1.451785506404736
JUM092518A014,JUM,LEL_1,LEL,1,R,R-JUM092518A014,10,2,0.7683237633118224,1.451785506404736
JUM092518A014,JUM,LEL_1,LEL,1,R,R-JUM092518A014,10,3,0.8626673295561035,1.451785506404736
JUM092518A014,JUM,LEL_1,LEL,1,R,R-JUM092518A014,10,4,0.9635985470526551,1.451785506404736
JUM092518A014,JUM,LEL_1,LEL,1,R,R-JUM092518A014,10,5,1.016110999467029,1.451785506404736
JUM092518A014,JUM,LEL_1,LEL,1,R,R-JUM092518A014,10,6,1.101467329340858,1.451785506404736
JUM092518A014,JUM,LEL_1,LEL,1,R,R-JUM092518A014,10,7,1.1900231060389306,1.451785506404736
JUM092518A014,JUM,LEL_1,LEL,1,R,R-JUM092518A014,10,8,1.283166879724121,1.451785506404736
JUM092518A014,JUM,LEL_1,LEL,1,R,R-JUM092518A014,10,9,1.3504543580551553,1.451785506404736
JUM092518A014,JUM,LEL_1,LEL,1,R,R-JUM092518A014,10,10,1.4292230366767138,1.451785506404736
JUM092518A014,JUM,MJS_1,MJS,1,R,R-JUM092518A014,10,1,0.40552460365940535,1.2383564885849574
JUM092518A014,JUM,MJS_1,MJS,1,R,R-JUM092518A014,10,2,0.5286203015848077,1.2383564885849574
JUM092518A014,JUM,MJS_1,MJS,1,R,R-JUM092518A014,10,3,0.6351531501119475,1.2383564885849574
JUM092518A014,JUM,MJS_1,MJS,1,R,R-JUM092518A014,10,4,0.7440377729542584,1.2383564885849574
JUM092518A014,JUM,MJS_1,MJS,1,R,R-JUM092518A014,10,5,0.8049976783381675,1.2383564885849574
JUM092518A014,JUM,MJS_1,MJS,1,R,R-JUM092518A014,10,6,0.8856322442070134,1.2383564885849574
JUM092518A014,JUM,MJS_1,MJS,1,R,R-JUM092518A014,10,7,0.9571034700085407,1.2383564885849574
JUM092518A014,JUM,MJS_1,MJS,1,R,R-JUM092518A014,10,8,1.047489319523499,1.2383564885849574
JUM092518A014,JUM,MJS_1,MJS,1,R,R-JUM092518A014,10,9,1.1164366778171422,1.2383564885849574
JUM092518A014,JUM,MJS_1,MJS,1,R,R-JUM092518A014,10,10,1.1799204507089343,1.2383564885849574
JUM092518A015,JUM,CJF_1,CJF,1,R,R-JUM092518A015,5,1,0.559374107101032,1.191359163640744
JUM092518A015,JUM,CJF_1,CJF,1,R,R-JUM092518A015,5,2,0.7604925958937602,1.191359163640744
JUM092518A015,JUM,CJF_1,CJF,1,R,R-JUM092518A015,5,3,0.8809866093338939,1.191359163640744
JUM092518A015,JUM,CJF_1,CJF,1,R,R-JUM092518A015,5,4,0.9872123443179532,1.191359163640744
JUM092518A015,JUM,CJF_1,CJF,1,R,R-JUM092518A015,5,5,1.0984232746858646,1.191359163640744
JUM092518A015,JUM,JRS_1,JRS,1,R,R-JUM092518A015,5,1,0.25604987096265047,0.773493257213472
JUM092518A015,JUM,JRS_1,JRS,1,R,R-JUM092518A015,5,1,0.2482345046780049,0.7781289354612074
JUM092518A015,JUM,JRS_1,JRS,1,R,R-JUM092518A015,5,2,0.3643523235453461,0.773493257213472
JUM092518A015,JUM,JRS_1,JRS,1,R,R-JUM092518A015,5,2,0.3674813473984718,0.7781289354612074
JUM092518A015,JUM,JRS_1,JRS,1,R,R-JUM092518A015,5,3,0.47131511884702615,0.773493257213472
JUM092518A015,JUM,JRS_1,JRS,1,R,R-JUM092518A015,5,3,0.4798823800713156,0.7781289354612074
JUM092518A015,JUM,JRS_1,JRS,1,R,R-JUM092518A015,5,4,0.5809572287107396,0.773493257213472
JUM092518A015,JUM,JRS_1,JRS,1,R,R-JUM092518A015,5,4,0.5754378862820156,0.7781289354612074
JUM092518A015,JUM,JRS_1,JRS,1,R,R-JUM092518A015,5,5,0.6849132875294036,0.773493257213472
JUM092518A015,JUM,JRS_1,JRS,1,R,R-JUM092518A015,5,5,0.6841537495937771,0.7781289354612074
JUM092518A015,JUM,LEL_1,LEL,1,R,R-JUM092518A015,5,1,0.421977332328406,1.011117343596732
JUM092518A015,JUM,LEL_1,LEL,1,R,R-JUM092518A015,5,2,0.5716971122135034,1.011117343596732
JUM092518A015,JUM,LEL_1,LEL,1,R,R-JUM092518A015,5,3,0.6842049391938329,1.011117343596732
JUM092518A015,JUM,LEL_1,LEL,1,R,R-JUM092518A015,5,4,0.8224414024490998,1.011117343596732
JUM092518A015,JUM,LEL_1,LEL,1,R,R-JUM092518A015,5,5,0.9111103560780264,1.011117343596732
JUM092518A015,JUM,MJS_1,MJS,1,R,R-JUM092518A015,5,1,0.27608815503941353,0.8467830693427876
JUM092518A015,JUM,MJS_1,MJS,1,R,R-JUM092518A015,5,2,0.4309657418400299,0.8467830693427876
JUM092518A015,JUM,MJS_1,MJS,1,R,R-JUM092518A015,5,3,0.5622636262000309,0.8467830693427876
JUM092518A015,JUM,MJS_1,MJS,1,R,R-JUM092518A015,5,4,0.6616086538676273,0.8467830693427876
JUM092518A015,JUM,MJS_1,MJS,1,R,R-JUM092518A015,5,5,0.765968272670049,0.8467830693427876
JUM092518A017,JUM,CJF_1,CJF,1,R,R-JUM092518A017,3,1,0.6259739992819916,1.1847793795597363
JUM092518A017,JUM,CJF_1,CJF,1,R,R-JUM092518A017,3,2,0.8638985279184843,1.1847793795597363
JUM092518A017,JUM,CJF_1,CJF,1,R,R-JUM092518A017,3,3,1.0173109314108026,1.1847793795597363
JUM092518A017,JUM,JRS_1,JRS,1,R,R-JUM092518A017,3,1,0.3614818057651716,0.6591999768840043
JUM092518A017,JUM,JRS_1,JRS,1,R,R-JUM092518A017,3,1,0.37170242031091255,0.6771561162969559
JUM092518A017,JUM,JRS_1,JRS,1,R,R-JUM092518A017,3,2,0.5123835316430339,0.6591999768840043
JUM092518A017,JUM,JRS_1,JRS,1,R,R-JUM092518A017,3,2,0.5138881479041478,0.6771561162969559
JUM092518A017,JUM,JRS_1,JRS,1,R,R-JUM092518A017,3,3,0.5839386518177677,0.6591999768840043
JUM092518A017,JUM,JRS_1,JRS,1,R,R-JUM092518A017,3,3,0.6208685801815909,0.6771561162969559
JUM092518A017,JUM,LEL_1,LEL,1,R,R-JUM092518A017,3,1,0.5666300557205562,0.9005428414968212
JUM092518A017,JUM,LEL_1,LEL,1,R,R-JUM092518A017,3,2,0.7270990974887167,0.9005428414968212
JUM092518A017,JUM,LEL_1,LEL,1,R,R-JUM092518A017,3,3,0.8197612163876833,0.9005428414968212
JUM092518A017,JUM,MJS_1,MJS,1,R,R-JUM092518A017,3,1,0.3552265877492698,0.6756001942784996
JUM092518A017,JUM,MJS_1,MJS,1,R,R-JUM092518A017,3,2,0.5230673704543053,0.6756001942784996
JUM092518A017,JUM,MJS_1,MJS,1,R,R-JUM092518A017,3,3,0.6007006948269045,0.6756001942784996
JUM092518A018,JUM,CJF_1,CJF,1,R,R-JUM092518A018,4,1,0.4845623305211556,1.0559831534270312
JUM092518A018,JUM,CJF_1,CJF,1,R,R-JUM092518A018,4,2,0.7103112700529979,1.0559831534270312
JUM092518A018,JUM,CJF_1,CJF,1,R,R-JUM092518A018,4,3,0.85180529262915194,1.0559831534270312
JUM092518A018,JUM,CJF_1,CJF,1,R,R-JUM092518A018,4,4,0.9547901311465751,1.0559831534270312
JUM092518A018,JUM,JRS_1,JRS,1,R,R-JUM092518A018,4,1,0.432422431208698,0.976264855268874
JUM092518A018,JUM,JRS_1,JRS,1,R,R-JUM092518A018,4,1,0.341813929129105,0.7131857195591618
JUM092518A018,JUM,JRS_1,JRS,1,R,R-JUM092518A018,4,2,0.6409204243051698,0.976264855268874
JUM092518A018,JUM,JRS_1,JRS,1,R,R-JUM092518A018,4,2,0.49978932937449183,0.7131857195591618
JUM092518A018,JUM,JRS_1,JRS,1,R,R-JUM092518A018,4,3,0.7758963387730853,0.976264855268874
JUM092518A018,JUM,JRS_1,JRS,1,R,R-JUM092518A018,4,3,0.5743547187102362,0.7131857195591618
JUM092518A018,JUM,JRS_1,JRS,1,R,R-JUM092518A018,4,4,0.8788300658014748,0.976264855268874
JUM092518A018,JUM,JRS_1,JRS,1,R,R-JUM092518A018,4,4,0.6541268389982247,0.7131857195591618
JUM092518A018,JUM,LEL_1,LEL,1,R,R-JUM092518A018,4,1,0.46725910401931103,0.8357124778912841
JUM092518A018,JUM,LEL_1,LEL,1,R,R-JUM092518A018,4,2,0.6123443039220406,0.8357124778912841
JUM092518A018,JUM,LEL_1,LEL,1,R,R-JUM092518A018,4,3,0.6715460889776985,0.8357124778912841
JUM092518A018,JUM,LEL_1,LEL,1,R,R-JUM092518A018,4,4,0.7648697704864544,0.8357124778912841
JUM092518A018,JUM,MJS_1,MJS,1,R,R-JUM092518A018,4,1,0.3866479634664406,0.746716242850832
JUM092518A018,JUM,MJS_1,MJS,1,R,R-JUM092518A018,4,2,0.5392354840204627,0.746716242850832
JUM092518A018,JUM,MJS_1,MJS,1,R,R-JUM092518A018,4,3,0.6233092115472288,0.746716242850832
JUM092518A018,JUM,MJS_1,MJS,1,R,R-JUM092518A018,4,4,0.6799363199358223,0.746716242850832
JUM092518A019,JUM,CJF_1,CJF,1,R,R-JUM092518A019,2,1,0.43073760789457266,0.7133103987007388
JUM092518A019,JUM,CJF_1,CJF,1,R,R-JUM092518A019,2,2,0.6172859061687399,0.7133103987007388
JUM092518A019,JUM,JRS_1,JRS,1,R,R-JUM092518A019,1,1,0.3493144966785331,0.4641922458285914
JUM092518A019,JUM,JRS_1,JRS,1,R,R-JUM092518A019,2,1,0.24126227441104348,0.5669511945927052
JUM092518A019,JUM,JRS_1,JRS,1,R,R-JUM092518A019,2,2,0.41525733561077627,0.5669511945927052
JUM092518A019,JUM,LEL_1,LEL,1,R,R-JUM092518A019,2,1,0.3156446310892833,0.532497105440101
JUM092518A019,JUM,LEL_1,LEL,1,R,R-JUM092518A019,2,2,0.4587872052703512,0.532497105440101
JUM092518A019,JUM,MJS_1,MJS,1,R,R-JUM092518A019,2,1,0.21478579551369867,0.46395646442436267
JUM092518A019,JUM,MJS_1,MJS,1,R,R-JUM092518A019,2,2,0.36903204888254537,0.46395646442436267
JUM092518A020,JUM,CJF_1,CJF,1,R,R-JUM092518A020,2,1,0.47608836151806,0.7173616861503517
JUM092518A020,JUM,CJF_1,CJF,1,R,R-JUM092518A020,2,2,0.5928967396714718,0.7173616861503517
JUM092518A020,JUM,JRS_1,JRS,1,R,R-JUM092518A020,2,1,0.36911192104054213,0.594288260935843
JUM092518A020,JUM,JRS_1,JRS,1,R,R-JUM092518A020,2,1,0.5162611242090415,0.7392357927968767
JUM092518A020,JUM,JRS_1,JRS,1,R,R-JUM092518A020,2,2,0.5130475021857838,0.594288260935843
JUM092518A020,JUM,JRS_1,JRS,1,R,R-JUM092518A020,2,2,0.6226031752926063,0.7392357927968767
JUM092518A020,JUM,LEL_1,LEL,1,R,R-JUM092518A020,2,1,0.4565642983898668,0.6972751060912512
JUM092518A020,JUM,LEL_1,LEL,1,R,R-JUM092518A020,2,2,0.6113201819403336,0.6972751060912512
JUM092518A020,JUM,MJS_1,MJS,1,R,R-JUM092518A020,2,1,0.49473678724324294,0.744015803881824
JUM092518A020,JUM,MJS_1,MJS,1,R,R-JUM092518A020,2,2,0.6231756563395494,0.744015803881824
JUM092518A021,JUM,CJF_1,CJF,1,R,R-JUM092518A021,4,1,0.5165715053972303,1.1427447885664879
JUM092518A021,JUM,CJF_1,CJF,1,R,R-JUM092518A021,4,2,0.7393132823925059,1.1427447885664879
JUM092518A021,JUM,CJF_1,CJF,1,R,R-JUM092518A021,4,3,0.8870396004934442,1.1427447885664879
JUM092518A021,JUM,CJF_1,CJF,1,R,R-JUM092518A021,4,4,1.0154034634458269,1.1427447885664879
JUM092518A021,JUM,JRS_1,JRS,1,R,R-JUM092518A021,4,1,0.3443222834290109,0.6987698496104375
JUM092518A021,JUM,JRS_1,JRS,1,R,R-JUM092518A021,4,1,0.3492138956121813,0.7050952074097789
JUM092518A021,JUM,JRS_1,JRS,1,R,R-JUM092518A021,4,2,0.5020391947504785,0.6987698496104375
JUM092518A021,JUM,JRS_1,JRS,1,R,R-JUM092518A021,4,2,0.4656157663050472,0.7050952074097789
JUM092518A021,JUM,JRS_1,JRS,1,R,R-JUM092518A021,4,3,0.5918539017473822,0.6987698496104375
JUM092518A021,JUM,JRS_1,JRS,1,R,R-JUM092518A021,4,3,0.5783148974838337,0.7050952074097789
JUM092518A021,JUM,JRS_1,JRS,1,R,R-JUM092518A021,4,4,0.6589251374881929,0.6987698496104375
JUM092518A021,JUM,JRS_1,JRS,1,R,R-JUM092518A021,4,4,0.651714460258517,0.7050952074097789
JUM092518A021,JUM,LEL_1,LEL,1,R,R-JUM092518A021,4,1,0.5082024709715913,0.8988331559346466
JUM092518A021,JUM,LEL_1,LEL,1,R,R-JUM092518A021,4,2,0.6736155661175403,0.8988331559346466
JUM092518A021,JUM,LEL_1,LEL,1,R,R-JUM092518A021,4,3,0.7604636561059477,0.8988331559346466
JUM092518A021,JUM,LEL_1,LEL,1,R,R-JUM092518A021,4,4,0.8230253680548726,0.8988331559346466
JUM092518A021,JUM,MJS_1,MJS,1,R,R-JUM092518A021,4,1,0.3760248408732852,0.7348284496750758
JUM092518A021,JUM,MJS_1,MJS,1,R,R-JUM092518A021,4,2,0.5413869899844698,0.7348284496750758
JUM092518A021,JUM,MJS_1,MJS,1,R,R-JUM092518A021,4,3,0.6228811276618097,0.7348284496750758
JUM092518A021,JUM,MJS_1,MJS,1,R,R-JUM092518A021,4,4,0.6860935076737275,0.7348284496750758
JUM092518A022,JUM,CJF_1,CJF,1,R,R-JUM092518A022,3,1,0.49850239655014844,1.084035753324151
JUM092518A022,JUM,CJF_1,CJF,1,R,R-JUM092518A022,3,2,0.7265385436584322,1.084035753324151
JUM092518A022,JUM,CJF_1,CJF,1,R,R-JUM092518A022,3,3,0.9183326675092578,1.084035753324151
JUM092518A022,JUM,JRS_1,JRS,1,R,R-JUM092518A022,3,1,0.5347666198087702,1.1063052865291776
JUM092518A022,JUM,JRS_1,JRS,1,R,R-JUM092518A022,3,1,0.2997210374297438,0.5876321307230631
JUM092518A022,JUM,JRS_1,JRS,1,R,R-JUM092518A022,3,2,0.764529656551548,1.1063052865291776
JUM092518A022,JUM,JRS_1,JRS,1,R,R-JUM092518A022,3,2,0.4312377808514043,0.5876321307230631
JUM092518A022,JUM,JRS_1,JRS,1,R,R-JUM092518A022,3,3,0.9489138709730777,1.1063052865291776
JUM092518A022,JUM,JRS_1,JRS,1,R,R-JUM092518A022,3,3,0.505766200728591,0.5876321307230631
JUM092518A022,JUM,LEL_1,LEL,1,R,R-JUM092518A022,3,1,0.4877632549807905,0.7642490015795628
JUM092518A022,JUM,LEL_1,LEL,1,R,R-JUM092518A022,3,2,0.6151380885773858,0.7642490015795628
JUM092518A022,JUM,LEL_1,LEL,1,R,R-JUM092518A022,3,3,0.6901038633677642,0.7642490015795628
JUM092518A022,JUM,MJS_1,MJS,1,R,R-JUM092518A022,3,1,0.5270200742582457,1.107750346534373
JUM092518A022,JUM,MJS_1,MJS,1,R,R-JUM092518A022,3,2,0.7873114165886606,1.107750346534373
JUM092518A022,JUM,MJS_1,MJS,1,R,R-JUM092518A022,3,3,0.9411979531648629,1.107750346534373
JUM092518A023,JUM,CJF_1,CJF,1,R,R-JUM092518A023,2,1,0.5395801281342072,0.8932576551999947
JUM092518A023,JUM,CJF_1,CJF,1,R,R-JUM092518A023,2,2,0.7295344614874314,0.8932576551999947
JUM092518A023,JUM,JRS_1,JRS,1,R,R-JUM092518A023,2,1,0.3703202498886137,0.5841975615000459
JUM092518A023,JUM,JRS_1,JRS,1,R,R-JUM092518A023,2,1,0.4142804313710156,0.6097256249372363
JUM092518A023,JUM,JRS_1,JRS,1,R,R-JUM092518A023,2,2,0.48151556657381456,0.5841975615000459
JUM092518A023,JUM,JRS_1,JRS,1,R,R-JUM092518A023,2,2,0.5353361817568363,0.6097256249372363
JUM092518A023,JUM,LEL_1,LEL,1,R,R-JUM092518A023,2,1,0.4780792314922714,0.8020167343996106
JUM092518A023,JUM,LEL_1,LEL,1,R,R-JUM092518A023,2,2,0.7002159267415282,0.8020167343996106
JUM092518A023,JUM,MJS_1,MJS,1,R,R-JUM092518A023,2,1,0.3285090558131298,0.556181135206476
JUM092518A023,JUM,MJS_1,MJS,1,R,R-JUM092518A023,2,2,0.4740698934580583,0.556181135206476
JUM092518A024,JUM,CJF_1,CJF,1,R,R-JUM092518A024,3,1,0.41694945464728694,0.7862561123403781
JUM092518A024,JUM,CJF_1,CJF,1,R,R-JUM092518A024,3,2,0.5729692071159261,0.7862561123403781
JUM092518A024,JUM,CJF_1,CJF,1,R,R-JUM092518A024,3,3,0.7079474337310038,0.7862561123403781
JUM092518A024,JUM,JRS_1,JRS,1,R,R-JUM092518A024,3,1,0.25074013641913007,0.5932337076461611
JUM092518A024,JUM,JRS_1,JRS,1,R,R-JUM092518A024,3,1,0.36928576023403614,0.705801132350134
JUM092518A024,JUM,JRS_1,JRS,1,R,R-JUM092518A024,3,2,0.4082904981304422,0.5932337076461611
JUM092518A024,JUM,JRS_1,JRS,1,R,R-JUM092518A024,3,2,0.5027490360397688,0.705801132350134
JUM092518A024,JUM,JRS_1,JRS,1,R,R-JUM092518A024,3,3,0.4899485977565306,0.5932337076461611
JUM092518A024,JUM,JRS_1,JRS,1,R,R-JUM092518A024,3,3,0.590747072737749,0.705801132350134
JUM092518A024,JUM,LEL_1,LEL,1,R,R-JUM092518A024,3,1,0.48558782173403314,0.8368230907815464
JUM092518A024,JUM,LEL_1,LEL,1,R,R-JUM092518A024,3,2,0.6364659394714665,0.8368230907815464
JUM092518A024,JUM,LEL_1,LEL,1,R,R-JUM092518A024,3,3,0.7354240066167589,0.8368230907815464
JUM092518A024,JUM,MJS_1,MJS,1,R,R-JUM092518A024,3,1,0.3025895383753164,0.6542115753303913
JUM092518A024,JUM,MJS_1,MJS,1,R,R-JUM092518A024,3,2,0.472473295463484,0.6542115753303913
JUM092518A024,JUM,MJS_1,MJS,1,R,R-JUM092518A024,3,3,0.5432313184524887,0.6542115753303913
JUM092518A025,JUM,CJF_1,CJF,1,R,R-JUM092518A025,3,1,0.467541923057767,1.0139050581708613
JUM092518A025,JUM,CJF_1,CJF,1,R,R-JUM092518A025,3,2,0.6442103817908514,1.0139050581708613
JUM092518A025,JUM,CJF_1,CJF,1,R,R-JUM092518A025,3,3,0.8675831483621637,1.0139050581708613
JUM092518A025,JUM,JRS_1,JRS,1,R,R-JUM092518A025,1,1,0.7798493966630163,0.9170752591043702
JUM092518A025,JUM,JRS_1,JRS,1,R,R-JUM092518A025,3,1,0.3450408698431132,0.5704661859465004
JUM092518A025,JUM,JRS_1,JRS,1,R,R-JUM092518A025,3,2,0.4583869118719142,0.5704661859465004
JUM092518A025,JUM,JRS_1,JRS,1,R,R-JUM092518A025,3,3,0.5225318844912901,0.5704661859465004
JUM092518A025,JUM,LEL_1,LEL,1,R,R-JUM092518A025,3,1,0.5039724358175764,0.9522688484406399
JUM092518A025,JUM,LEL_1,LEL,1,R,R-JUM092518A025,3,2,0.6030701723912777,0.9522688484406399
JUM092518A025,JUM,LEL_1,LEL,1,R,R-JUM092518A025,3,3,0.8575433681770507,0.9522688484406399
JUM092518A025,JUM,MJS_1,MJS,1,R,R-JUM092518A025,3,1,0.2781806433679721,0.5461074601163878
JUM092518A025,JUM,MJS_1,MJS,1,R,R-JUM092518A025,3,2,0.40666059616019484,0.5461074601163878
JUM092518A025,JUM,MJS_1,MJS,1,R,R-JUM092518A025,3,3,0.4898467352077062,0.5461074601163878
JUM092518A026,JUM,CJF_1,CJF,1,R,R-JUM092518A026,11,1,0.5245138138965043,2.1890310226175047
JUM092518A026,JUM,CJF_1,CJF,1,R,R-JUM092518A026,11,2,0.7435741465901341,2.1890310226175047
JUM092518A026,JUM,CJF_1,CJF,1,R,R-JUM092518A026,11,3,0.9297202025841077,2.1890310226175047
JUM092518A026,JUM,CJF_1,CJF,1,R,R-JUM092518A026,11,4,1.091321107786597,2.1890310226175047
JUM092518A026,JUM,CJF_1,CJF,1,R,R-JUM092518A026,11,5,1.2565144720793961,2.1890310226175047
JUM092518A026,JUM,CJF_1,CJF,1,R,R-JUM092518A026,11,6,1.3849970933096947,2.1890310226175047
JUM092518A026,JUM,CJF_1,CJF,1,R,R-JUM092518A026,11,7,1.5041104702229764,2.1890310226175047
JUM092518A026,JUM,CJF_1,CJF,1,R,R-JUM092518A026,11,8,1.6746925231512417,2.1890310226175047
JUM092518A026,JUM,CJF_1,CJF,1,R,R-JUM092518A026,11,9,1.7929998299512984,2.1890310226175047
JUM092518A026,JUM,CJF_1,CJF,1,R,R-JUM092518A026,11,10,1.9334539951569931,2.1890310226175047
JUM092518A026,JUM,CJF_1,CJF,1,R,R-JUM092518A026,11,11,2.0775006194529992,2.1890310226175047
JUM092518A026,JUM,JRS_1,JRS,1,R,R-JUM092518A026,11,1,0.5298314539819724,2.1950617294317314
JUM092518A026,JUM,JRS_1,JRS,1,R,R-JUM092518A026,11,1,0.38822086934750133,1.1209360331189364
JUM092518A026,JUM,JRS_1,JRS,1,R,R-JUM092518A026,11,2,0.7432642941742884,2.1950617294317314
JUM092518A026,JUM,JRS_1,JRS,1,R,R-JUM092518A026,11,2,0.5007416302940327,1.1209360331189364
JUM092518A026,JUM,JRS_1,JRS,1,R,R-JUM092518A026,11,3,0.9224731772651993,2.1950617294317314
JUM092518A026,JUM,JRS_1,JRS,1,R,R-JUM092518A026,11,3,0.594064670039377,1.1209360331189364
JUM092518A026,JUM,JRS_1,JRS,1,R,R-JUM092518A026,11,4,1.0938868650653513,2.1950617294317314
JUM092518A026,JUM,JRS_1,JRS,1,R,R-JUM092518A026,11,4,0.6735211211047234,1.1209360331189364
JUM092518A026,JUM,JRS_1,JRS,1,R,R-JUM092518A026,11,5,1.2550760244744033,2.1950617294317314
JUM092518A026,JUM,JRS_1,JRS,1,R,R-JUM092518A026,11,5,0.7423127416163702,1.1209360331189364
JUM092518A026,JUM,JRS_1,JRS,1,R,R-JUM092518A026,11,6,1.3874070889724641,2.1950617294317314
JUM092518A026,JUM,JRS_1,JRS,1,R,R-JUM092518A026,11,6,0.8009731579287,1.1209360331189364
JUM092518A026,JUM,JRS_1,JRS,1,R,R-JUM092518A026,11,7,1.5084992330999663,2.1950617294317314
JUM092518A026,JUM,JRS_1,JRS,1,R,R-JUM092518A026,11,7,0.8665655858253677,1.1209360331189364
JUM092518A026,JUM,JRS_1,JRS,1,R,R-JUM092518A026,11,8,1.6657374714394877,2.1950617294317314
JUM092518A026,JUM,JRS_1,JRS,1,R,R-JUM092518A026,11,8,0.9241587494289316,1.1209360331189364
JUM092518A026,JUM,JRS_1,JRS,1,R,R-JUM092518A026,11,9,1.8117367894084502,2.1950617294317314
JUM092518A026,JUM,JRS_1,JRS,1,R,R-JUM092518A026,11,9,0.9662870108006678,1.1209360331189364
JUM092518A026,JUM,JRS_1,JRS,1,R,R-JUM092518A026,11,10,1.961179832457214,2.1950617294317314
JUM092518A026,JUM,JRS_1,JRS,1,R,R-JUM092518A026,11,10,1.0196137290804879,1.1209360331189364
JUM092518A026,JUM,JRS_1,JRS,1,R,R-JUM092518A026,11,11,2.0940180929450043,2.1950617294317314
JUM092518A026,JUM,JRS_1,JRS,1,R,R-JUM092518A026,11,11,1.0761396399752854,1.1209360331189364
JUM092518A026,JUM,LEL_1,LEL,1,R,R-JUM092518A026,12,1,0.5253207223637975,1.412546247325593
JUM092518A026,JUM,LEL_1,LEL,1,R,R-JUM092518A026,12,2,0.6163567719455632,1.412546247325593
JUM092518A026,JUM,LEL_1,LEL,1,R,R-JUM092518A026,12,3,0.6877427180583578,1.412546247325593
JUM092518A026,JUM,LEL_1,LEL,1,R,R-JUM092518A026,12,4,0.7511690940844955,1.412546247325593
JUM092518A026,JUM,LEL_1,LEL,1,R,R-JUM092518A026,12,5,0.7964382971277036,1.412546247325593
JUM092518A026,JUM,LEL_1,LEL,1,R,R-JUM092518A026,12,6,0.9096113047357263,1.412546247325593
JUM092518A026,JUM,LEL_1,LEL,1,R,R-JUM092518A026,12,7,0.9775151093005384,1.412546247325593
JUM092518A026,JUM,LEL_1,LEL,1,R,R-JUM092518A026,12,8,1.0571094472476683,1.412546247325593
JUM092518A026,JUM,LEL_1,LEL,1,R,R-JUM092518A026,12,9,1.1242667865694573,1.412546247325593
JUM092518A026,JUM,LEL_1,LEL,1,R,R-JUM092518A026,12,10,1.1954039109345773,1.412546247325593
JUM092518A026,JUM,LEL_1,LEL,1,R,R-JUM092518A026,12,11,1.3078304532995781,1.412546247325593
JUM092518A026,JUM,LEL_1,LEL,1,R,R-JUM092518A026,12,12,1.3647901897251002,1.412546247325593
JUM092518A026,JUM,MJS_1,MJS,1,R,R-JUM092518A026,10,1,0.3887229985288994,1.1766316728031792
JUM092518A026,JUM,MJS_1,MJS,1,R,R-JUM092518A026,10,2,0.5077905950623697,1.1766316728031792
JUM092518A026,JUM,MJS_1,MJS,1,R,R-JUM092518A026,10,3,0.6013141104809752,1.1766316728031792
JUM092518A026,JUM,MJS_1,MJS,1,R,R-JUM092518A026,10,4,0.7134065888701269,1.1766316728031792
JUM092518A026,JUM,MJS_1,MJS,1,R,R-JUM092518A026,10,5,0.7916224668683891,1.1766316728031792
JUM092518A026,JUM,MJS_1,MJS,1,R,R-JUM092518A026,10,6,0.8853722158089421,1.1766316728031792
JUM092518A026,JUM,MJS_1,MJS,1,R,R-JUM092518A026,10,7,0.9522204825029218,1.1766316728031792
JUM092518A026,JUM,MJS_1,MJS,1,R,R-JUM092518A026,10,8,0.9974646941980939,1.1766316728031792
JUM092518A026,JUM,MJS_1,MJS,1,R,R-JUM092518A026,10,9,1.0608254018199161,1.1766316728031792
JUM092518A026,JUM,MJS_1,MJS,1,R,R-JUM092518A026,10,10,1.1318399281519076,1.1766316728031792
JUM092518A027,JUM,CJF_1,CJF,1,R,R-JUM092518A027,8,1,0.52517581374944,1.5372130105748136
JUM092518A027,JUM,CJF_1,CJF,1,R,R-JUM092518A027,8,2,0.7829990851904323,1.5372130105748136
JUM092518A027,JUM,CJF_1,CJF,1,R,R-JUM092518A027,8,3,0.9056557099165669,1.5372130105748136
JUM092518A027,JUM,CJF_1,CJF,1,R,R-JUM092518A027,8,4,1.022802511428657,1.5372130105748136
JUM092518A027,JUM,CJF_1,CJF,1,R,R-JUM092518A027,8,5,1.1412067259094956,1.5372130105748136
JUM092518A027,JUM,CJF_1,CJF,1,R,R-JUM092518A027,8,6,1.253599576604318,1.5372130105748136
JUM092518A027,JUM,CJF_1,CJF,1,R,R-JUM092518A027,8,7,1.3572332749837424,1.5372130105748136
JUM092518A027,JUM,CJF_1,CJF,1,R,R-JUM092518A027,8,8,1.4541068602580136,1.5372130105748136
JUM092518A027,JUM,JRS_1,JRS,1,R,R-JUM092518A027,8,1,0.33626006420625065,1.4031575623831294
JUM092518A027,JUM,JRS_1,JRS,1,R,R-JUM092518A027,8,1,0.28553916074351327,0.9203643936310956
JUM092518A027,JUM,JRS_1,JRS,1,R,R-JUM092518A027,8,2,0.6227132223747717,1.4031575623831294
JUM092518A027,JUM,JRS_1,JRS,1,R,R-JUM092518A027,8,2,0.3702412780422585,0.9203643936310956
JUM092518A027,JUM,JRS_1,JRS,1,R,R-JUM092518A027,8,3,0.777322482653688,1.4031575623831294
JUM092518A027,JUM,JRS_1,JRS,1,R,R-JUM092518A027,8,3,0.48089259890651315,0.9203643936310956
JUM092518A027,JUM,JRS_1,JRS,1,R,R-JUM092518A027,8,4,0.9056597485538096,1.4031575623831294
JUM092518A027,JUM,JRS_1,JRS,1,R,R-JUM092518A027,8,4,0.5752889469712406,0.9203643936310956
JUM092518A027,JUM,JRS_1,JRS,1,R,R-JUM092518A027,8,5,1.0060431098988942,1.4031575623831294
JUM092518A027,JUM,JRS_1,JRS,1,R,R-JUM092518A027,8,5,0.6460862080197867,0.9203643936310956
JUM092518A027,JUM,JRS_1,JRS,1,R,R-JUM092518A027,8,6,1.1233328935587614,1.4031575623831294
JUM092518A027,JUM,JRS_1,JRS,1,R,R-JUM092518A027,8,6,0.714778156326225,0.9203643936310956
JUM092518A027,JUM,JRS_1,JRS,1,R,R-JUM092518A027,8,7,1.2299599696131867,1.4031575623831294
JUM092518A027,JUM,JRS_1,JRS,1,R,R-JUM092518A027,8,7,0.79869690144186,0.9203643936310956
JUM092518A027,JUM,JRS_1,JRS,1,R,R-JUM092518A027,8,8,1.3121397731020563,1.4031575623831294
JUM092518A027,JUM,JRS_1,JRS,1,R,R-JUM092518A027,8,8,0.873166219598732,0.9203643936310956
JUM092518A027,JUM,LEL_1,LEL,1,R,R-JUM092518A027,7,1,0.6034805367264683,1.3257768165462909
JUM092518A027,JUM,LEL_1,LEL,1,R,R-JUM092518A027,7,2,0.7066084853231546,1.3257768165462909
JUM092518A027,JUM,LEL_1,LEL,1,R,R-JUM092518A027,7,3,0.8273403003170205,1.3257768165462909
JUM092518A027,JUM,LEL_1,LEL,1,R,R-JUM092518A027,7,4,0.9536874987336987,1.3257768165462909
JUM092518A027,JUM,LEL_1,LEL,1,R,R-JUM092518A027,7,5,1.0736615975988186,1.3257768165462909
JUM092518A027,JUM,LEL_1,LEL,1,R,R-JUM092518A027,7,6,1.1683218365005719,1.3257768165462909
JUM092518A027,JUM,LEL_1,LEL,1,R,R-JUM092518A027,7,7,1.248141266155835,1.3257768165462909
JUM092518A027,JUM,MJS_1,MJS,1,R,R-JUM092518A027,8,1,0.5207118743020346,1.4160614738912494
JUM092518A027,JUM,MJS_1,MJS,1,R,R-JUM092518A027,8,2,0.655206391082139,1.4160614738912494
JUM092518A027,JUM,MJS_1,MJS,1,R,R-JUM092518A027,8,3,0.7718702035728219,1.4160614738912494
JUM092518A027,JUM,MJS_1,MJS,1,R,R-JUM092518A027,8,4,0.9304464966970202,1.4160614738912494
JUM092518A027,JUM,MJS_1,MJS,1,R,R-JUM092518A027,8,5,1.0351726765493972,1.4160614738912494
JUM092518A027,JUM,MJS_1,MJS,1,R,R-JUM092518A027,8,6,1.139898856401775,1.4160614738912494
JUM092518A027,JUM,MJS_1,MJS,1,R,R-JUM092518A027,8,7,1.2304843794631048,1.4160614738912494
JUM092518A027,JUM,MJS_1,MJS,1,R,R-JUM092518A027,8,8,1.323272926677177,1.4160614738912494
JUM092518A028,JUM,CJF_1,CJF,1,R,R-JUM092518A028,10,1,0.36155446221604065,1.3075652563723463
JUM092518A028,JUM,CJF_1,CJF,1,R,R-JUM092518A028,10,2,0.522427943732617,1.3075652563723463
JUM092518A028,JUM,CJF_1,CJF,1,R,R-JUM092518A028,10,3,0.6330889264953805,1.3075652563723463
JUM092518A028,JUM,CJF_1,CJF,1,R,R-JUM092518A028,10,4,0.7479624532069257,1.3075652563723463
JUM092518A028,JUM,CJF_1,CJF,1,R,R-JUM092518A028,10,5,0.8710502003571112,1.3075652563723463
JUM092518A028,JUM,CJF_1,CJF,1,R,R-JUM092518A028,10,6,0.9299823607536885,1.3075652563723463
JUM092518A028,JUM,CJF_1,CJF,1,R,R-JUM092518A028,10,7,1.027205696720781,1.3075652563723463
JUM092518A028,JUM,CJF_1,CJF,1,R,R-JUM092518A028,10,8,1.1049043639995217,1.3075652563723463
JUM092518A028,JUM,CJF_1,CJF,1,R,R-JUM092518A028,10,9,1.1831084724823886,1.3075652563723463
JUM092518A028,JUM,CJF_1,CJF,1,R,R-JUM092518A028,10,10,1.2422933534810274,1.3075652563723463
JUM092518A028,JUM,JRS_1,JRS,1,R,R-JUM092518A028,10,1,0.4138726338970257,1.3264822599107455
JUM092518A028,JUM,JRS_1,JRS,1,R,R-JUM092518A028,9,1,0.5273602939408149,1.3021782792731327
JUM092518A028,JUM,JRS_1,JRS,1,R,R-JUM092518A028,10,2,0.5891356374121787,1.3264822599107455
JUM092518A028,JUM,JRS_1,JRS,1,R,R-JUM092518A028,9,2,0.6359557640839101,1.3021782792731327
JUM092518A028,JUM,JRS_1,JRS,1,R,R-JUM092518A028,10,3,0.6710478468856979,1.3264822599107455
JUM092518A028,JUM,JRS_1,JRS,1,R,R-JUM092518A028,9,3,0.7466092712507435,1.3021782792731327
JUM092518A028,JUM,JRS_1,JRS,1,R,R-JUM092518A028,10,4,0.7940327976857672,1.3264822599107455
JUM092518A028,JUM,JRS_1,JRS,1,R,R-JUM092518A028,9,4,0.8297811807224904,1.3021782792731327
JUM092518A028,JUM,JRS_1,JRS,1,R,R-JUM092518A028,10,5,0.8800233205091352,1.3264822599107455
JUM092518A028,JUM,JRS_1,JRS,1,R,R-JUM092518A028,9,5,0.9096842555620084,1.3021782792731327
JUM092518A028,JUM,JRS_1,JRS,1,R,R-JUM092518A028,10,6,0.9632949677659376,1.3264822599107455
JUM092518A028,JUM,JRS_1,JRS,1,R,R-JUM092518A028,9,6,1.0035099083456909,1.3021782792731327
JUM092518A028,JUM,JRS_1,JRS,1,R,R-JUM092518A028,10,7,1.0427215748524725,1.3264822599107455
JUM092518A028,JUM,JRS_1,JRS,1,R,R-JUM092518A028,9,7,1.092008689473405,1.3021782792731327
JUM092518A028,JUM,JRS_1,JRS,1,R,R-JUM092518A028,10,8,1.1123023083337578,1.3264822599107455
JUM092518A028,JUM,JRS_1,JRS,1,R,R-JUM092518A028,9,8,1.160410781585739,1.3021782792731327
JUM092518A028,JUM,JRS_1,JRS,1,R,R-JUM092518A028,10,9,1.1865244374667427,1.3264822599107455
JUM092518A028,JUM,JRS_1,JRS,1,R,R-JUM092518A028,9,9,1.2583525084168992,1.3021782792731327
JUM092518A028,JUM,JRS_1,JRS,1,R,R-JUM092518A028,10,10,1.2470556528242105,1.3264822599107455
JUM092518A028,JUM,LEL_1,LEL,1,R,R-JUM092518A028,10,1,0.6487526709768415,1.5030154693143818
JUM092518A028,JUM,LEL_1,LEL,1,R,R-JUM092518A028,10,2,0.7893532156504242,1.5030154693143818
JUM092518A028,JUM,LEL_1,LEL,1,R,R-JUM092518A028,10,3,0.9183899091567473,1.5030154693143818
JUM092518A028,JUM,LEL_1,LEL,1,R,R-JUM092518A028,10,4,1.0172454579595684,1.5030154693143818
JUM092518A028,JUM,LEL_1,LEL,1,R,R-JUM092518A028,10,5,1.0937188918139447,1.5030154693143818
JUM092518A028,JUM,LEL_1,LEL,1,R,R-JUM092518A028,10,6,1.15216188603301,1.5030154693143818
JUM092518A028,JUM,LEL_1,LEL,1,R,R-JUM092518A028,10,7,1.2428640536286566,1.5030154693143818
JUM092518A028,JUM,LEL_1,LEL,1,R,R-JUM092518A028,10,8,1.3227479574431174,1.5030154693143818
JUM092518A028,JUM,LEL_1,LEL,1,R,R-JUM092518A028,10,9,1.3976933320435103,1.5030154693143818
JUM092518A028,JUM,LEL_1,LEL,1,R,R-JUM092518A028,10,10,1.443240033808311,1.5030154693143818
JUM092518A028,JUM,MJS_1,MJS,1,R,R-JUM092518A028,10,1,0.3695028212132149,1.3251205064356888
JUM092518A028,JUM,MJS_1,MJS,1,R,R-JUM092518A028,10,2,0.5191548380066041,1.3251205064356888
JUM092518A028,JUM,MJS_1,MJS,1,R,R-JUM092518A028,10,3,0.6502545445739281,1.3251205064356888
JUM092518A028,JUM,MJS_1,MJS,1,R,R-JUM092518A028,10,4,0.7732899174405741,1.3251205064356888
JUM092518A028,JUM,MJS_1,MJS,1,R,R-JUM092518A028,10,5,0.8632419799191701,1.3251205064356888
JUM092518A028,JUM,MJS_1,MJS,1,R,R-JUM092518A028,10,6,0.9556176852224744,1.3251205064356888
JUM092518A028,JUM,MJS_1,MJS,1,R,R-JUM092518A028,10,7,1.036701151987576,1.3251205064356888
JUM092518A028,JUM,MJS_1,MJS,1,R,R-JUM092518A028,10,8,1.0972053683151843,1.3251205064356888
JUM092518A028,JUM,MJS_1,MJS,1,R,R-JUM092518A028,10,9,1.179093097093102,1.3251205064356888
JUM092518A028,JUM,MJS_1,MJS,1,R,R-JUM092518A028,10,10,1.2484767659204645,1.3251205064356888
JUM092518A029,JUM,CJF_1,CJF,1,R,R-JUM092518A029,10,1,0.6255025707041013,1.7672233440220506
JUM092518A029,JUM,CJF_1,CJF,1,R,R-JUM092518A029,10,2,0.8106640505012186,1.7672233440220506
JUM092518A029,JUM,CJF_1,CJF,1,R,R-JUM092518A029,10,3,0.9165254401424885,1.7672233440220506
JUM092518A029,JUM,CJF_1,CJF,1,R,R-JUM092518A029,10,4,1.046660927594058,1.7672233440220506
JUM092518A029,JUM,CJF_1,CJF,1,R,R-JUM092518A029,10,5,1.171454395094542,1.7672233440220506
JUM092518A029,JUM,CJF_1,CJF,1,R,R-JUM092518A029,10,6,1.2635925746850767,1.7672233440220506
JUM092518A029,JUM,CJF_1,CJF,1,R,R-JUM092518A029,10,7,1.3819082454606135,1.7672233440220506
JUM092518A029,JUM,CJF_1,CJF,1,R,R-JUM092518A029,10,8,1.4919602301517079,1.7672233440220506
JUM092518A029,JUM,CJF_1,CJF,1,R,R-JUM092518A029,10,9,1.592863408142312,1.7672233440220506
JUM092518A029,JUM,CJF_1,CJF,1,R,R-JUM092518A029,10,10,1.6958031316502256,1.7672233440220506
JUM092518A029,JUM,JRS_1,JRS,1,R,R-JUM092518A029,9,1,0.5169038722486684,1.6293838350094403
JUM092518A029,JUM,JRS_1,JRS,1,R,R-JUM092518A029,10,1,0.6698135098679863,1.6658399156084565
JUM092518A029,JUM,JRS_1,JRS,1,R,R-JUM092518A029,9,2,0.6210071906554353,1.6293838350094403
JUM092518A029,JUM,JRS_1,JRS,1,R,R-JUM092518A029,10,2,0.783263653684221,1.6658399156084565
JUM092518A029,JUM,JRS_1,JRS,1,R,R-JUM092518A029,9,3,0.7823371563318449,1.6293838350094403
JUM092518A029,JUM,JRS_1,JRS,1,R,R-JUM092518A029,10,3,0.8952745393014955,1.6658399156084565
JUM092518A029,JUM,JRS_1,JRS,1,R,R-JUM092518A029,9,4,0.9078860457324031,1.6293838350094403
JUM092518A029,JUM,JRS_1,JRS,1,R,R-JUM092518A029,10,4,1.0279233255885845,1.6658399156084565
JUM092518A029,JUM,JRS_1,JRS,1,R,R-JUM092518A029,9,5,1.0416634289378208,1.6293838350094403
JUM092518A029,JUM,JRS_1,JRS,1,R,R-JUM092518A029,10,5,1.1391216655691596,1.6658399156084565
JUM092518A029,JUM,JRS_1,JRS,1,R,R-JUM092518A029,9,6,1.1503825213642829,1.6293838350094403
JUM092518A029,JUM,JRS_1,JRS,1,R,R-JUM092518A029,10,6,1.2405002445703956,1.6658399156084565
JUM092518A029,JUM,JRS_1,JRS,1,R,R-JUM092518A029,9,7,1.2573529408274615,1.6293838350094403
JUM092518A029,JUM,JRS_1,JRS,1,R,R-JUM092518A029,10,7,1.3106086162857795,1.6658399156084565
JUM092518A029,JUM,JRS_1,JRS,1,R,R-JUM092518A029,9,8,1.3639505509262637,1.6293838350094403
JUM092518A029,JUM,JRS_1,JRS,1,R,R-JUM092518A029,10,8,1.425683851375413,1.6658399156084565
JUM092518A029,JUM,JRS_1,JRS,1,R,R-JUM092518A029,9,9,1.4734152620814787,1.6293838350094403
JUM092518A029,JUM,JRS_1,JRS,1,R,R-JUM092518A029,10,9,1.5491395892454245,1.6658399156084565
JUM092518A029,JUM,JRS_1,JRS,1,R,R-JUM092518A029,10,10,1.6200605065975076,1.6658399156084565
JUM092518A029,JUM,LEL_1,LEL,1,R,R-JUM092518A029,9,1,0.7115406330575159,1.619864168236498
JUM092518A029,JUM,LEL_1,LEL,1,R,R-JUM092518A029,9,2,0.8222185030087199,1.619864168236498
JUM092518A029,JUM,LEL_1,LEL,1,R,R-JUM092518A029,9,3,0.9490631475684728,1.619864168236498
JUM092518A029,JUM,LEL_1,LEL,1,R,R-JUM092518A029,9,4,1.0597410175196764,1.619864168236498
JUM092518A029,JUM,LEL_1,LEL,1,R,R-JUM092518A029,9,5,1.1769619090621237,1.619864168236498
JUM092518A029,JUM,LEL_1,LEL,1,R,R-JUM092518A029,9,6,1.2950825248335522,1.619864168236498
JUM092518A029,JUM,LEL_1,LEL,1,R,R-JUM092518A029,9,7,1.4004986561616124,1.619864168236498
JUM092518A029,JUM,LEL_1,LEL,1,R,R-JUM092518A029,9,8,1.4846770536275387,1.619864168236498
JUM092518A029,JUM,LEL_1,LEL,1,R,R-JUM092518A029,9,9,1.5452459306646913,1.619864168236498
JUM092518A029,JUM,MJS_1,MJS,1,R,R-JUM092518A029,10,1,0.5689282639856207,1.8598564137558942
JUM092518A029,JUM,MJS_1,MJS,1,R,R-JUM092518A029,10,2,0.7092636872854492,1.8598564137558942
JUM092518A029,JUM,MJS_1,MJS,1,R,R-JUM092518A029,10,3,0.897897465959647,1.8598564137558942
JUM092518A029,JUM,MJS_1,MJS,1,R,R-JUM092518A029,10,4,1.0153021831089966,1.8598564137558942
JUM092518A029,JUM,MJS_1,MJS,1,R,R-JUM092518A029,10,5,1.1347248522336986,1.8598564137558942
JUM092518A029,JUM,MJS_1,MJS,1,R,R-JUM092518A029,10,6,1.2814283747831283,1.8598564137558942
JUM092518A029,JUM,MJS_1,MJS,1,R,R-JUM092518A029,10,7,1.3830699654702472,1.8598564137558942
JUM092518A029,JUM,MJS_1,MJS,1,R,R-JUM092518A029,10,8,1.4784482046822798,1.8598564137558942
JUM092518A029,JUM,MJS_1,MJS,1,R,R-JUM092518A029,10,9,1.6010025495445248,1.8598564137558942
JUM092518A029,JUM,MJS_1,MJS,1,R,R-JUM092518A029,10,10,1.7276975461319894,1.8598564137558942
JUM092518A030,JUM,CJF_1,CJF,1,R,R-JUM092518A030,10,1,0.639888671039146,1.9436502652991108
JUM092518A030,JUM,CJF_1,CJF,1,R,R-JUM092518A030,10,2,0.8520436826974114,1.9436502652991108
JUM092518A030,JUM,CJF_1,CJF,1,R,R-JUM092518A030,10,3,1.0588999296389088,1.9436502652991108
JUM092518A030,JUM,CJF_1,CJF,1,R,R-JUM092518A030,10,4,1.2072927499532815,1.9436502652991108
JUM092518A030,JUM,CJF_1,CJF,1,R,R-JUM092518A030,10,5,1.3422894476539071,1.9436502652991108
JUM092518A030,JUM,CJF_1,CJF,1,R,R-JUM092518A030,10,6,1.4676308801800106,1.9436502652991108
JUM092518A030,JUM,CJF_1,CJF,1,R,R-JUM092518A030,10,7,1.5695010963732166,1.9436502652991108
JUM092518A030,JUM,CJF_1,CJF,1,R,R-JUM092518A030,10,8,1.6911016714600957,1.9436502652991108
JUM092518A030,JUM,CJF_1,CJF,1,R,R-JUM092518A030,10,9,1.7700231070347878,1.9436502652991108
JUM092518A030,JUM,CJF_1,CJF,1,R,R-JUM092518A030,10,10,1.8638985725007697,1.9436502652991108
JUM092518A030,JUM,JRS_1,JRS,1,R,R-JUM092518A030,10,1,0.7138129408812506,1.998884155893226
JUM092518A030,JUM,JRS_1,JRS,1,R,R-JUM092518A030,10,1,0.7010848478535289,1.9946674471831318
JUM092518A030,JUM,JRS_1,JRS,1,R,R-JUM092518A030,10,2,0.939550754233968,1.998884155893226
JUM092518A030,JUM,JRS_1,JRS,1,R,R-JUM092518A030,10,2,0.9070020779508938,1.9946674471831318
JUM092518A030,JUM,JRS_1,JRS,1,R,R-JUM092518A030,10,3,1.1232908348699011,1.998884155893226
JUM092518A030,JUM,JRS_1,JRS,1,R,R-JUM092518A030,10,3,1.0950124096633929,1.9946674471831318
JUM092518A030,JUM,JRS_1,JRS,1,R,R-JUM092518A030,10,4,1.2691735499390921,1.998884155893226
JUM092518A030,JUM,JRS_1,JRS,1,R,R-JUM092518A030,10,4,1.2513431675147586,1.9946674471831318
JUM092518A030,JUM,JRS_1,JRS,1,R,R-JUM092518A030,10,5,1.407736364843664,1.998884155893226
JUM092518A030,JUM,JRS_1,JRS,1,R,R-JUM092518A030,10,5,1.3842627973221908,1.9946674471831318
JUM092518A030,JUM,JRS_1,JRS,1,R,R-JUM092518A030,10,6,1.5211599462398004,1.998884155893226
JUM092518A030,JUM,JRS_1,JRS,1,R,R-JUM092518A030,10,6,1.506622569175912,1.9946674471831318
JUM092518A030,JUM,JRS_1,JRS,1,R,R-JUM092518A030,10,7,1.630294645181805,1.998884155893226
JUM092518A030,JUM,JRS_1,JRS,1,R,R-JUM092518A030,10,7,1.603952702895823,1.9946674471831318
JUM092518A030,JUM,JRS_1,JRS,1,R,R-JUM092518A030,10,8,1.7405386935633647,1.998884155893226
JUM092518A030,JUM,JRS_1,JRS,1,R,R-JUM092518A030,10,8,1.742152261680111,1.9946674471831318
JUM092518A030,JUM,JRS_1,JRS,1,R,R-JUM092518A030,10,9,1.8308932250260874,1.998884155893226
JUM092518A030,JUM,JRS_1,JRS,1,R,R-JUM092518A030,10,9,1.8468294358311772,1.9946674471831318
JUM092518A030,JUM,JRS_1,JRS,1,R,R-JUM092518A030,10,10,1.9126699915805463,1.998884155893226
JUM092518A030,JUM,JRS_1,JRS,1,R,R-JUM092518A030,10,10,1.9386553398920208,1.9946674471831318
JUM092518A030,JUM,LEL_1,LEL,1,R,R-JUM092518A030,8,1,0.8576639808501731,1.626668719012056
JUM092518A030,JUM,LEL_1,LEL,1,R,R-JUM092518A030,8,2,0.9715045210786472,1.626668719012056
JUM092518A030,JUM,LEL_1,LEL,1,R,R-JUM092518A030,8,3,1.0719831274594387,1.626668719012056
JUM092518A030,JUM,LEL_1,LEL,1,R,R-JUM092518A030,8,4,1.161924341528414,1.626668719012056
JUM092518A030,JUM,LEL_1,LEL,1,R,R-JUM092518A030,8,5,1.2634313280126608,1.626668719012056
JUM092518A030,JUM,LEL_1,LEL,1,R,R-JUM092518A030,8,6,1.3464344801319301,1.626668719012056
JUM092518A030,JUM,LEL_1,LEL,1,R,R-JUM092518A030,8,7,1.430466012354656,1.626668719012056
JUM092518A030,JUM,LEL_1,LEL,1,R,R-JUM092518A030,8,8,1.5033191665752235,1.626668719012056
JUM092518A030,JUM,MJS_1,MJS,1,R,R-JUM092518A030,11,1,0.5678527530771766,2.0279804438068885
JUM092518A030,JUM,MJS_1,MJS,1,R,R-JUM092518A030,11,2,0.7364556248860853,2.0279804438068885
JUM092518A030,JUM,MJS_1,MJS,1,R,R-JUM092518A030,11,3,0.9481551559223523,2.0279804438068885
JUM092518A030,JUM,MJS_1,MJS,1,R,R-JUM092518A030,11,4,1.1367328260511251,2.0279804438068885
JUM092518A030,JUM,MJS_1,MJS,1,R,R-JUM092518A030,11,5,1.2989764697874613,2.0279804438068885
JUM092518A030,JUM,MJS_1,MJS,1,R,R-JUM092518A030,11,6,1.4222327338835286,2.0279804438068885
JUM092518A030,JUM,MJS_1,MJS,1,R,R-JUM092518A030,11,7,1.5507558032580824,2.0279804438068885
JUM092518A030,JUM,MJS_1,MJS,1,R,R-JUM092518A030,11,8,1.6613587141063173,2.0279804438068885
JUM092518A030,JUM,MJS_1,MJS,1,R,R-JUM092518A030,11,9,1.776201110336267,2.0279804438068885
JUM092518A030,JUM,MJS_1,MJS,1,R,R-JUM092518A030,11,10,1.841587619266286,2.0279804438068885
JUM092518A030,JUM,MJS_1,MJS,1,R,R-JUM092518A030,11,11,1.947951044732806,2.0279804438068885
JUM092518A031,JUM,CJF_1,CJF,1,R,R-JUM092518A031,8,1,0.41120575255434494,1.3442316719188914
JUM092518A031,JUM,CJF_1,CJF,1,R,R-JUM092518A031,8,2,0.6319215614362803,1.3442316719188914
JUM092518A031,JUM,CJF_1,CJF,1,R,R-JUM092518A031,8,3,0.7783025446409542,1.3442316719188914
JUM092518A031,JUM,CJF_1,CJF,1,R,R-JUM092518A031,8,4,0.8765530023437856,1.3442316719188914
JUM092518A031,JUM,CJF_1,CJF,1,R,R-JUM092518A031,8,5,1.007061483591105,1.3442316719188914
JUM092518A031,JUM,CJF_1,CJF,1,R,R-JUM092518A031,8,6,1.1013331278956433,1.3442316719188914
JUM092518A031,JUM,CJF_1,CJF,1,R,R-JUM092518A031,8,7,1.1636032584705838,1.3442316719188914
JUM092518A031,JUM,CJF_1,CJF,1,R,R-JUM092518A031,8,8,1.256013750983421,1.3442316719188914
JUM092518A031,JUM,JRS_1,JRS,1,R,R-JUM092518A031,7,1,0.3526209355664419,1.0292627780404584
JUM092518A031,JUM,JRS_1,JRS,1,R,R-JUM092518A031,9,1,0.5494704834341025,1.4315706081808048
JUM092518A031,JUM,JRS_1,JRS,1,R,R-JUM092518A031,7,2,0.4979944473794224,1.0292627780404584
JUM092518A031,JUM,JRS_1,JRS,1,R,R-JUM092518A031,9,2,0.732493807530217,1.4315706081808048
JUM092518A031,JUM,JRS_1,JRS,1,R,R-JUM092518A031,7,3,0.6071638064697548,1.0292627780404584
JUM092518A031,JUM,JRS_1,JRS,1,R,R-JUM092518A031,9,3,0.877489111812174,1.4315706081808048
JUM092518A031,JUM,JRS_1,JRS,1,R,R-JUM092518A031,7,4,0.6877331369012214,1.0292627780404584
JUM092518A031,JUM,JRS_1,JRS,1,R,R-JUM092518A031,9,4,1.007028793674388,1.4315706081808048
JUM092518A031,JUM,JRS_1,JRS,1,R,R-JUM092518A031,7,5,0.7673257108523424,1.0292627780404584
JUM092518A031,JUM,JRS_1,JRS,1,R,R-JUM092518A031,9,5,1.0976983553646917,1.4315706081808048
JUM092518A031,JUM,JRS_1,JRS,1,R,R-JUM092518A031,7,6,0.8469182848034633,1.0292627780404584
JUM092518A031,JUM,JRS_1,JRS,1,R,R-JUM092518A031,9,6,1.1712486329528617,1.4315706081808048
JUM092518A031,JUM,JRS_1,JRS,1,R,R-JUM092518A031,7,7,0.9237905170925274,1.0292627780404584
JUM092518A031,JUM,JRS_1,JRS,1,R,R-JUM092518A031,9,7,1.2686139194389607,1.4315706081808048
JUM092518A031,JUM,JRS_1,JRS,1,R,R-JUM092518A031,9,8,1.322097561672861,1.4315706081808048
JUM092518A031,JUM,JRS_1,JRS,1,R,R-JUM092518A031,9,9,1.3935425883666477,1.4315706081808048
JUM092518A031,JUM,LEL_1,LEL,1,R,R-JUM092518A031,8,1,0.514597382437919,1.4047530626078908
JUM092518A031,JUM,LEL_1,LEL,1,R,R-JUM092518A031,8,2,0.6522737350280062,1.4047530626078908
JUM092518A031,JUM,LEL_1,LEL,1,R,R-JUM092518A031,8,3,0.8249266570857079,1.4047530626078908
JUM092518A031,JUM,LEL_1,LEL,1,R,R-JUM092518A031,8,4,0.964531471018983,1.4047530626078908
JUM092518A031,JUM,LEL_1,LEL,1,R,R-JUM092518A031,8,5,1.0664177554384513,1.4047530626078908
JUM092518A031,JUM,LEL_1,LEL,1,R,R-JUM092518A031,8,6,1.2304194486825981,1.4047530626078908
JUM092518A031,JUM,LEL_1,LEL,1,R,R-JUM092518A031,8,7,1.3010622015830318,1.4047530626078908
JUM092518A031,JUM,LEL_1,LEL,1,R,R-JUM092518A031,8,8,1.3564548429373422,1.4047530626078908
JUM092518A031,JUM,MJS_1,MJS,1,R,R-JUM092518A031,8,1,0.5402545156555539,1.4339483125395638
JUM092518A031,JUM,MJS_1,MJS,1,R,R-JUM092518A031,8,2,0.7421518928172344,1.4339483125395638
JUM092518A031,JUM,MJS_1,MJS,1,R,R-JUM092518A031,8,3,0.8965442890603974,1.4339483125395638
JUM092518A031,JUM,MJS_1,MJS,1,R,R-JUM092518A031,8,4,1.0055689693883432,1.4339483125395638
JUM092518A031,JUM,MJS_1,MJS,1,R,R-JUM092518A031,8,5,1.11198089993093,1.4339483125395638
JUM092518A031,JUM,MJS_1,MJS,1,R,R-JUM092518A031,8,6,1.2130484597072848,1.4339483125395638
JUM092518A031,JUM,MJS_1,MJS,1,R,R-JUM092518A031,8,7,1.2876319080435068,1.4339483125395638
JUM092518A031,JUM,MJS_1,MJS,1,R,R-JUM092518A031,8,8,1.3487949938663915,1.4339483125395638
JUM092518A032,JUM,CJF_1,CJF,1,R,R-JUM092518A032,9,1,0.40008566615538665,1.4405271470026537
JUM092518A032,JUM,CJF_1,CJF,1,R,R-JUM092518A032,9,2,0.6610387817611914,1.4405271470026537
JUM092518A032,JUM,CJF_1,CJF,1,R,R-JUM092518A032,9,3,0.7909643921017588,1.4405271470026537
JUM092518A032,JUM,CJF_1,CJF,1,R,R-JUM092518A032,9,4,0.9220571941689386,1.4405271470026537
JUM092518A032,JUM,CJF_1,CJF,1,R,R-JUM092518A032,9,5,1.0359686043466456,1.4405271470026537
JUM092518A032,JUM,CJF_1,CJF,1,R,R-JUM092518A032,9,6,1.1350983028900472,1.4405271470026537
JUM092518A032,JUM,CJF_1,CJF,1,R,R-JUM092518A032,9,7,1.2149081164965794,1.4405271470026537
JUM092518A032,JUM,CJF_1,CJF,1,R,R-JUM092518A032,9,8,1.2935507383764988,1.4405271470026537
JUM092518A032,JUM,CJF_1,CJF,1,R,R-JUM092518A032,9,9,1.3921294894575655,1.4405271470026537
JUM092518A032,JUM,JRS_1,JRS,1,R,R-JUM092518A032,8,1,0.3612173423232985,1.3856316225584466
JUM092518A032,JUM,JRS_1,JRS,1,R,R-JUM092518A032,9,1,0.49870043657441365,1.444852914275757
JUM092518A032,JUM,JRS_1,JRS,1,R,R-JUM092518A032,8,2,0.6274720372021971,1.3856316225584466
JUM092518A032,JUM,JRS_1,JRS,1,R,R-JUM092518A032,9,2,0.6732175583783261,1.444852914275757
JUM092518A032,JUM,JRS_1,JRS,1,R,R-JUM092518A032,8,3,0.7496970501084289,1.3856316225584466
JUM092518A032,JUM,JRS_1,JRS,1,R,R-JUM092518A032,9,3,0.8232123906216442,1.444852914275757
JUM092518A032,JUM,JRS_1,JRS,1,R,R-JUM092518A032,8,4,0.8865869752421963,1.3856316225584466
JUM092518A032,JUM,JRS_1,JRS,1,R,R-JUM092518A032,9,4,0.9386034401976675,1.444852914275757
JUM092518A032,JUM,JRS_1,JRS,1,R,R-JUM092518A032,8,5,1.0003494529006078,1.3856316225584466
JUM092518A032,JUM,JRS_1,JRS,1,R,R-JUM092518A032,9,5,1.0489779078730412,1.444852914275757
JUM092518A032,JUM,JRS_1,JRS,1,R,R-JUM092518A032,8,6,1.097186860063377,1.3856316225584466
JUM092518A032,JUM,JRS_1,JRS,1,R,R-JUM092518A032,9,6,1.142988072739552,1.444852914275757
JUM092518A032,JUM,JRS_1,JRS,1,R,R-JUM092518A032,8,7,1.202486802473967,1.3856316225584466
JUM092518A032,JUM,JRS_1,JRS,1,R,R-JUM092518A032,9,7,1.2681319761455476,1.444852914275757
JUM092518A032,JUM,JRS_1,JRS,1,R,R-JUM092518A032,8,8,1.294059212516207,1.3856316225584466
JUM092518A032,JUM,JRS_1,JRS,1,R,R-JUM092518A032,9,8,1.3215841879193297,1.444852914275757
JUM092518A032,JUM,JRS_1,JRS,1,R,R-JUM092518A032,9,9,1.3936045188282717,1.444852914275757
JUM092518A032,JUM,LEL_1,LEL,1,R,R-JUM092518A032,7,1,0.8774682569464364,1.6345213611703677
JUM092518A032,JUM,LEL_1,LEL,1,R,R-JUM092518A032,7,2,0.9945158942512763,1.6345213611703677
JUM092518A032,JUM,LEL_1,LEL,1,R,R-JUM092518A032,7,3,1.1266835431667623,1.6345213611703677
JUM092518A032,JUM,LEL_1,LEL,1,R,R-JUM092518A032,7,4,1.2209214887756787,1.6345213611703677
JUM092518A032,JUM,LEL_1,LEL,1,R,R-JUM092518A032,7,5,1.2981714967688962,1.6345213611703677
JUM092518A032,JUM,LEL_1,LEL,1,R,R-JUM092518A032,7,6,1.4061388526083798,1.6345213611703677
JUM092518A032,JUM,LEL_1,LEL,1,R,R-JUM092518A032,7,7,1.5081754663351066,1.6345213611703677
JUM092518A032,JUM,MJS_1,MJS,1,R,R-JUM092518A032,9,1,0.44576543122052054,1.450578575470871
JUM092518A032,JUM,MJS_1,MJS,1,R,R-JUM092518A032,9,2,0.6843416831175527,1.450578575470871
JUM092518A032,JUM,MJS_1,MJS,1,R,R-JUM092518A032,9,3,0.8100458837967035,1.450578575470871
JUM092518A032,JUM,MJS_1,MJS,1,R,R-JUM092518A032,9,4,0.942859460286119,1.450578575470871
JUM092518A032,JUM,MJS_1,MJS,1,R,R-JUM092518A032,9,5,1.0579385748461168,1.450578575470871
JUM092518A032,JUM,MJS_1,MJS,1,R,R-JUM092518A032,9,6,1.153564349918496,1.450578575470871
JUM092518A032,JUM,MJS_1,MJS,1,R,R-JUM092518A032,9,7,1.255811315017224,1.450578575470871
JUM092518A032,JUM,MJS_1,MJS,1,R,R-JUM092518A032,9,8,1.3465347776214545,1.450578575470871
JUM092518A032,JUM,MJS_1,MJS,1,R,R-JUM092518A032,9,9,1.4080782309942579,1.450578575470871
JUM092518A033,JUM,CJF_1,CJF,1,R,R-JUM092518A033,10,1,0.5403621614470794,1.7729904985559375
JUM092518A033,JUM,CJF_1,CJF,1,R,R-JUM092518A033,10,2,0.8645289405501386,1.7729904985559375
JUM092518A033,JUM,CJF_1,CJF,1,R,R-JUM092518A033,10,3,0.9670083084643433,1.7729904985559375
JUM092518A033,JUM,CJF_1,CJF,1,R,R-JUM092518A033,10,4,1.1017614615076874,1.7729904985559375
JUM092518A033,JUM,CJF_1,CJF,1,R,R-JUM092518A033,10,5,1.2101550440776359,1.7729904985559375
JUM092518A033,JUM,CJF_1,CJF,1,R,R-JUM092518A033,10,6,1.2976810850190221,1.7729904985559375
JUM092518A033,JUM,CJF_1,CJF,1,R,R-JUM092518A033,10,7,1.3962741754910528,1.7729904985559375
JUM092518A033,JUM,CJF_1,CJF,1,R,R-JUM092518A033,10,8,1.502217635036522,1.7729904985559375
JUM092518A033,JUM,CJF_1,CJF,1,R,R-JUM092518A033,10,9,1.5942217362159583,1.7729904985559375
JUM092518A033,JUM,CJF_1,CJF,1,R,R-JUM092518A033,10,10,1.705487627621294,1.7729904985559375
JUM092518A033,JUM,JRS_1,JRS,1,R,R-JUM092518A033,10,1,0.5250027125072315,1.520563385090761
JUM092518A033,JUM,JRS_1,JRS,1,R,R-JUM092518A033,9,1,0.7334753298820962,1.6645010144523482
JUM092518A033,JUM,JRS_1,JRS,1,R,R-JUM092518A033,10,2,0.6193009804807125,1.520563385090761
JUM092518A033,JUM,JRS_1,JRS,1,R,R-JUM092518A033,9,2,0.8382504768207708,1.6645010144523482
JUM092518A033,JUM,JRS_1,JRS,1,R,R-JUM092518A033,10,3,0.7365671185833453,1.520563385090761
JUM092518A033,JUM,JRS_1,JRS,1,R,R-JUM092518A033,9,3,0.9619671875905379,1.6645010144523482
JUM092518A033,JUM,JRS_1,JRS,1,R,R-JUM092518A033,10,4,0.8411087793797918,1.520563385090761
JUM092518A033,JUM,JRS_1,JRS,1,R,R-JUM092518A033,9,4,1.1165761000692138,1.6645010144523482
JUM092518A033,JUM,JRS_1,JRS,1,R,R-JUM092518A033,10,5,0.9521060168084419,1.520563385090761
JUM092518A033,JUM,JRS_1,JRS,1,R,R-JUM092518A033,9,5,1.205880495497745,1.6645010144523482
JUM092518A033,JUM,JRS_1,JRS,1,R,R-JUM092518A033,10,6,1.0564610016466673,1.520563385090761
JUM092518A033,JUM,JRS_1,JRS,1,R,R-JUM092518A033,9,6,1.3364895295980348,1.6645010144523482
JUM092518A033,JUM,JRS_1,JRS,1,R,R-JUM092518A033,10,7,1.1505725936619269,1.520563385090761
JUM092518A033,JUM,JRS_1,JRS,1,R,R-JUM092518A033,9,7,1.4532153144145248,1.6645010144523482
JUM092518A033,JUM,JRS_1,JRS,1,R,R-JUM092518A033,10,8,1.2531270083838821,1.520563385090761
JUM092518A033,JUM,JRS_1,JRS,1,R,R-JUM092518A033,9,8,1.5167844253041947,1.6645010144523482
JUM092518A033,JUM,JRS_1,JRS,1,R,R-JUM092518A033,10,9,1.3540675289477864,1.520563385090761
JUM092518A033,JUM,JRS_1,JRS,1,R,R-JUM092518A033,9,9,1.5889319643734858,1.6645010144523482
JUM092518A033,JUM,JRS_1,JRS,1,R,R-JUM092518A033,10,10,1.4314801515078748,1.520563385090761
JUM092518A033,JUM,LEL_1,LEL,1,R,R-JUM092518A033,9,1,0.07934491347497895,1.6785437596858273
JUM092518A033,JUM,LEL_1,LEL,1,R,R-JUM092518A033,9,2,0.1539212575289049,1.6785437596858273
JUM092518A033,JUM,LEL_1,LEL,1,R,R-JUM092518A033,9,3,0.25491430997793785,1.6785437596858273
JUM092518A033,JUM,LEL_1,LEL,1,R,R-JUM092518A033,9,4,0.35707580770982117,1.6785437596858273
JUM092518A033,JUM,LEL_1,LEL,1,R,R-JUM092518A033,9,5,0.4617637725867151,1.6785437596858273
JUM092518A033,JUM,LEL_1,LEL,1,R,R-JUM092518A033,9,6,0.5374611677786622,1.6785437596858273
JUM092518A033,JUM,LEL_1,LEL,1,R,R-JUM092518A033,9,7,0.6721185710440405,1.6785437596858273
JUM092518A033,JUM,LEL_1,LEL,1,R,R-JUM092518A033,9,8,0.7755433023484288,1.6785437596858273
JUM092518A033,JUM,LEL_1,LEL,1,R,R-JUM092518A033,9,9,0.9162799027521944,1.6785437596858273
JUM092518A033,JUM,MJS_1,MJS,1,R,R-JUM092518A033,11,1,0.5268100271763023,1.7050020883891854
JUM092518A033,JUM,MJS_1,MJS,1,R,R-JUM092518A033,11,2,0.6747407520740683,1.7050020883891854
JUM092518A033,JUM,MJS_1,MJS,1,R,R-JUM092518A033,11,3,0.7926031811096619,1.7050020883891854
JUM092518A033,JUM,MJS_1,MJS,1,R,R-JUM092518A033,11,4,0.9299577339142082,1.7050020883891854
JUM092518A033,JUM,MJS_1,MJS,1,R,R-JUM092518A033,11,5,1.0302613363151174,1.7050020883891854
JUM092518A033,JUM,MJS_1,MJS,1,R,R-JUM092518A033,11,6,1.1546741907491203,1.7050020883891854
JUM092518A033,JUM,MJS_1,MJS,1,R,R-JUM092518A033,11,7,1.2432188579181487,1.7050020883891854
JUM092518A033,JUM,MJS_1,MJS,1,R,R-JUM092518A033,11,8,1.3643564996529465,1.7050020883891854
JUM092518A033,JUM,MJS_1,MJS,1,R,R-JUM092518A033,11,9,1.4796942499849421,1.7050020883891854
JUM092518A033,JUM,MJS_1,MJS,1,R,R-JUM092518A033,11,10,1.546654343824476,1.7050020883891854
JUM092518A033,JUM,MJS_1,MJS,1,R,R-JUM092518A033,11,11,1.6372914605540465,1.7050020883891854
JUM092518A034,JUM,CJF_1,CJF,1,R,R-JUM092518A034,10,1,0.45665006142931325,1.5213657184412726
JUM092518A034,JUM,CJF_1,CJF,1,R,R-JUM092518A034,10,2,0.6415567562390762,1.5213657184412726
JUM092518A034,JUM,CJF_1,CJF,1,R,R-JUM092518A034,10,3,0.790314168780444,1.5213657184412726
JUM092518A034,JUM,CJF_1,CJF,1,R,R-JUM092518A034,10,4,0.9253237521595454,1.5213657184412726
JUM092518A034,JUM,CJF_1,CJF,1,R,R-JUM092518A034,10,5,1.0238836208990871,1.5213657184412726
JUM092518A034,JUM,CJF_1,CJF,1,R,R-JUM092518A034,10,6,1.1154193588719132,1.5213657184412726
JUM092518A034,JUM,CJF_1,CJF,1,R,R-JUM092518A034,10,7,1.2090907480800146,1.5213657184412726
JUM092518A034,JUM,CJF_1,CJF,1,R,R-JUM092518A034,10,8,1.29879126718873,1.5213657184412726
JUM092518A034,JUM,CJF_1,CJF,1,R,R-JUM092518A034,10,9,1.3648722913880977,1.5213657184412726
JUM092518A034,JUM,CJF_1,CJF,1,R,R-JUM092518A034,10,10,1.4435778096307126,1.5213657184412726
JUM092518A034,JUM,JRS_1,JRS,1,R,R-JUM092518A034,9,1,0.26631542495630905,1.1830752345973423
JUM092518A034,JUM,JRS_1,JRS,1,R,R-JUM092518A034,10,1,0.4083876679306544,1.2569888162164697
JUM092518A034,JUM,JRS_1,JRS,1,R,R-JUM092518A034,9,2,0.4302363985855363,1.1830752345973423
JUM092518A034,JUM,JRS_1,JRS,1,R,R-JUM092518A034,10,2,0.5266808744957259,1.2569888162164697
JUM092518A034,JUM,JRS_1,JRS,1,R,R-JUM092518A034,9,3,0.5493223579462004,1.1830752345973423
JUM092518A034,JUM,JRS_1,JRS,1,R,R-JUM092518A034,10,3,0.6331447604042916,1.2569888162164697
JUM092518A034,JUM,JRS_1,JRS,1,R,R-JUM092518A034,9,4,0.6520910726116073,1.1830752345973423
JUM092518A034,JUM,JRS_1,JRS,1,R,R-JUM092518A034,10,4,0.7221407706092503,1.2569888162164697
JUM092518A034,JUM,JRS_1,JRS,1,R,R-JUM092518A034,9,5,0.7356982473531063,1.1830752345973423
JUM092518A034,JUM,JRS_1,JRS,1,R,R-JUM092518A034,10,5,0.8184610799042369,1.2569888162164697
JUM092518A034,JUM,JRS_1,JRS,1,R,R-JUM092518A034,9,6,0.8103234557835328,1.1830752345973423
JUM092518A034,JUM,JRS_1,JRS,1,R,R-JUM092518A034,10,6,0.8922562813668308,1.2569888162164697
JUM092518A034,JUM,JRS_1,JRS,1,R,R-JUM092518A034,9,7,0.9057568920647525,1.1830752345973423
JUM092518A034,JUM,JRS_1,JRS,1,R,R-JUM092518A034,10,7,0.9722422484388314,1.2569888162164697
JUM092518A034,JUM,JRS_1,JRS,1,R,R-JUM092518A034,9,8,0.9812054444586218,1.1830752345973423
JUM092518A034,JUM,JRS_1,JRS,1,R,R-JUM092518A034,10,8,1.059552514600861,1.2569888162164697
JUM092518A034,JUM,JRS_1,JRS,1,R,R-JUM092518A034,9,9,1.0639892752366782,1.1830752345973423
JUM092518A034,JUM,JRS_1,JRS,1,R,R-JUM092518A034,10,9,1.1468627807628908,1.2569888162164697
JUM092518A034,JUM,JRS_1,JRS,1,R,R-JUM092518A034,10,10,1.230510897379905,1.2569888162164697
JUM092518A034,JUM,LEL_1,LEL,1,R,R-JUM092518A034,10,1,0.6736598262563569,1.5549962043892671
JUM092518A034,JUM,LEL_1,LEL,1,R,R-JUM092518A034,10,2,0.8295849631725798,1.5549962043892671
JUM092518A034,JUM,LEL_1,LEL,1,R,R-JUM092518A034,10,3,0.9401515654599091,1.5549962043892671
JUM092518A034,JUM,LEL_1,LEL,1,R,R-JUM092518A034,10,4,1.0470291219006995,1.5549962043892671
JUM092518A034,JUM,LEL_1,LEL,1,R,R-JUM092518A034,10,5,1.1004679001210942,1.5549962043892671
JUM092518A034,JUM,LEL_1,LEL,1,R,R-JUM092518A034,10,6,1.1852111814826591,1.5549962043892671
JUM092518A034,JUM,LEL_1,LEL,1,R,R-JUM092518A034,10,7,1.2767351757476761,1.5549962043892671
JUM092518A034,JUM,LEL_1,LEL,1,R,R-JUM092518A034,10,8,1.3510086983592506,1.5549962043892671
JUM092518A034,JUM,LEL_1,LEL,1,R,R-JUM092518A034,10,9,1.4253869940796275,1.5549962043892671
JUM092518A034,JUM,LEL_1,LEL,1,R,R-JUM092518A034,10,10,1.4844117276242308,1.5549962043892671
JUM092518A034,JUM,MJS_1,MJS,1,R,R-JUM092518A034,9,1,0.3519517700666323,1.2104534101983992
JUM092518A034,JUM,MJS_1,MJS,1,R,R-JUM092518A034,9,2,0.47017074674141535,1.2104534101983992
JUM092518A034,JUM,MJS_1,MJS,1,R,R-JUM092518A034,9,3,0.5802215470338514,1.2104534101983992
JUM092518A034,JUM,MJS_1,MJS,1,R,R-JUM092518A034,9,4,0.6675244168095481,1.2104534101983992
JUM092518A034,JUM,MJS_1,MJS,1,R,R-JUM092518A034,9,5,0.7630130284706564,1.2104534101983992
JUM092518A034,JUM,MJS_1,MJS,1,R,R-JUM092518A034,9,6,0.8348578447968109,1.2104534101983992
JUM092518A034,JUM,MJS_1,MJS,1,R,R-JUM092518A034,9,7,0.9230741448937886,1.2104534101983992
JUM092518A034,JUM,MJS_1,MJS,1,R,R-JUM092518A034,9,8,1.005827428566137,1.2104534101983992
JUM092518A034,JUM,MJS_1,MJS,1,R,R-JUM092518A034,9,9,1.107692486973159,1.2104534101983992
JUM092518A035,JUM,CJF_1,CJF,1,R,R-JUM092518A035,10,1,0.37937024815386056,1.4952493392259472
JUM092518A035,JUM,CJF_1,CJF,1,R,R-JUM092518A035,10,2,0.6253421200836046,1.4952493392259472
JUM092518A035,JUM,CJF_1,CJF,1,R,R-JUM092518A035,10,3,0.7451364142171316,1.4952493392259472
JUM092518A035,JUM,CJF_1,CJF,1,R,R-JUM092518A035,10,4,0.8711513468402642,1.4952493392259472
JUM092518A035,JUM,CJF_1,CJF,1,R,R-JUM092518A035,10,5,0.9704703397012654,1.4952493392259472
JUM092518A035,JUM,CJF_1,CJF,1,R,R-JUM092518A035,10,6,1.06473149918404,1.4952493392259472
JUM092518A035,JUM,CJF_1,CJF,1,R,R-JUM092518A035,10,7,1.161480914062658,1.4952493392259472
JUM092518A035,JUM,CJF_1,CJF,1,R,R-JUM092518A035,10,8,1.2519283678651294,1.4952493392259472
JUM092518A035,JUM,CJF_1,CJF,1,R,R-JUM092518A035,10,9,1.338562115987295,1.4952493392259472
JUM092518A035,JUM,CJF_1,CJF,1,R,R-JUM092518A035,10,10,1.4098597188017017,1.4952493392259472
JUM092518A035,JUM,JRS_1,JRS,1,R,R-JUM092518A035,8,1,0.49385208018979015,1.2621219959923853
JUM092518A035,JUM,JRS_1,JRS,1,R,R-JUM092518A035,9,1,0.31621420312256987,1.2600576492867703
JUM092518A035,JUM,JRS_1,JRS,1,R,R-JUM092518A035,8,2,0.6274642394598068,1.2621219959923853
JUM092518A035,JUM,JRS_1,JRS,1,R,R-JUM092518A035,9,2,0.48176804884038116,1.2600576492867703
JUM092518A035,JUM,JRS_1,JRS,1,R,R-JUM092518A035,8,3,0.715725840421557,1.2621219959923853
JUM092518A035,JUM,JRS_1,JRS,1,R,R-JUM092518A035,9,3,0.5905375582510854,1.2600576492867703
JUM092518A035,JUM,JRS_1,JRS,1,R,R-JUM092518A035,8,4,0.8134954442192888,1.2621219959923853
JUM092518A035,JUM,JRS_1,JRS,1,R,R-JUM092518A035,9,4,0.7235148103976886,1.2600576492867703
JUM092518A035,JUM,JRS_1,JRS,1,R,R-JUM092518A035,8,5,0.9041965608358206,1.2621219959923853
JUM092518A035,JUM,JRS_1,JRS,1,R,R-JUM092518A035,9,5,0.8321189869075517,1.2600576492867703
JUM092518A035,JUM,JRS_1,JRS,1,R,R-JUM092518A035,8,6,1.0032484374067283,1.2621219959923853
JUM092518A035,JUM,JRS_1,JRS,1,R,R-JUM092518A035,9,6,0.8976028398516499,1.2600576492867703
JUM092518A035,JUM,JRS_1,JRS,1,R,R-JUM092518A035,8,7,1.0723690028049457,1.2621219959923853
JUM092518A035,JUM,JRS_1,JRS,1,R,R-JUM092518A035,9,7,1.0028026616305552,1.2600576492867703
JUM092518A035,JUM,JRS_1,JRS,1,R,R-JUM092518A035,8,8,1.1547193594671012,1.2621219959923853
JUM092518A035,JUM,JRS_1,JRS,1,R,R-JUM092518A035,9,8,1.0802250530417616,1.2600576492867703
JUM092518A035,JUM,JRS_1,JRS,1,R,R-JUM092518A035,9,9,1.144148764612467,1.2600576492867703
JUM092518A035,JUM,LEL_1,LEL,1,R,R-JUM092518A035,8,1,0.7438864984177561,1.6354678212852438
JUM092518A035,JUM,LEL_1,LEL,1,R,R-JUM092518A035,8,2,0.8423063360272688,1.6354678212852438
JUM092518A035,JUM,LEL_1,LEL,1,R,R-JUM092518A035,8,3,0.961952494840907,1.6354678212852438
JUM092518A035,JUM,LEL_1,LEL,1,R,R-JUM092518A035,8,4,1.0981718865978158,1.6354678212852438
JUM092518A035,JUM,LEL_1,LEL,1,R,R-JUM092518A035,8,5,1.1723067228529347,1.6354678212852438
JUM092518A035,JUM,LEL_1,LEL,1,R,R-JUM092518A035,8,6,1.2846858252450302,1.6354678212852438
JUM092518A035,JUM,LEL_1,LEL,1,R,R-JUM092518A035,8,7,1.375838606432997,1.6354678212852438
JUM092518A035,JUM,LEL_1,LEL,1,R,R-JUM092518A035,8,8,1.480950652403546,1.6354678212852438
JUM092518A035,JUM,MJS_1,MJS,1,R,R-JUM092518A035,9,1,0.4386740497213448,1.4748387748814396
JUM092518A035,JUM,MJS_1,MJS,1,R,R-JUM092518A035,9,2,0.6172526769932083,1.4748387748814396
JUM092518A035,JUM,MJS_1,MJS,1,R,R-JUM092518A035,9,3,0.7580043186484398,1.4748387748814396
JUM092518A035,JUM,MJS_1,MJS,1,R,R-JUM092518A035,9,4,0.8675635700988986,1.4748387748814396
JUM092518A035,JUM,MJS_1,MJS,1,R,R-JUM092518A035,9,5,0.968598265778339,1.4748387748814396
JUM092518A035,JUM,MJS_1,MJS,1,R,R-JUM092518A035,9,6,1.055296739928166,1.4748387748814396
JUM092518A035,JUM,MJS_1,MJS,1,R,R-JUM092518A035,9,7,1.1789992700413616,1.4748387748814396
JUM092518A035,JUM,MJS_1,MJS,1,R,R-JUM092518A035,9,8,1.257996118073434,1.4748387748814396
JUM092518A035,JUM,MJS_1,MJS,1,R,R-JUM092518A035,9,9,1.3540420776475415,1.4748387748814396
JUM092518A036,JUM,CJF_1,CJF,1,R,R-JUM092518A036,10,1,0.48800398495203184,1.6986463936664455
JUM092518A036,JUM,CJF_1,CJF,1,R,R-JUM092518A036,10,2,0.6807068253393185,1.6986463936664455
JUM092518A036,JUM,CJF_1,CJF,1,R,R-JUM092518A036,10,3,0.8000265961761869,1.6986463936664455
JUM092518A036,JUM,CJF_1,CJF,1,R,R-JUM092518A036,10,4,0.9253318428276821,1.6986463936664455
JUM092518A036,JUM,CJF_1,CJF,1,R,R-JUM092518A036,10,5,1.0419036500660857,1.6986463936664455
JUM092518A036,JUM,CJF_1,CJF,1,R,R-JUM092518A036,10,6,1.1532353936566344,1.6986463936664455
JUM092518A036,JUM,CJF_1,CJF,1,R,R-JUM092518A036,10,7,1.2555778342850175,1.6986463936664455
JUM092518A036,JUM,CJF_1,CJF,1,R,R-JUM092518A036,10,8,1.3579202749134005,1.6986463936664455
JUM092518A036,JUM,CJF_1,CJF,1,R,R-JUM092518A036,10,9,1.4590166655170882,1.6986463936664455
JUM092518A036,JUM,CJF_1,CJF,1,R,R-JUM092518A036,10,10,1.5568644546643884,1.6986463936664455
JUM092518A036,JUM,JRS_1,JRS,1,R,R-JUM092518A036,10,1,0.4190510254135622,1.6267529210639857
JUM092518A036,JUM,JRS_1,JRS,1,R,R-JUM092518A036,10,1,0.45072945251378677,1.6204926355686642
JUM092518A036,JUM,JRS_1,JRS,1,R,R-JUM092518A036,10,2,0.601003852102967,1.6267529210639857
JUM092518A036,JUM,JRS_1,JRS,1,R,R-JUM092518A036,10,2,0.6401207075918837,1.6204926355686642
JUM092518A036,JUM,JRS_1,JRS,1,R,R-JUM092518A036,10,3,0.7372686421100445,1.6267529210639857
JUM092518A036,JUM,JRS_1,JRS,1,R,R-JUM092518A036,10,3,0.7749601899277483,1.6204926355686642
JUM092518A036,JUM,JRS_1,JRS,1,R,R-JUM092518A036,10,4,0.8447841835609587,1.6267529210639857
JUM092518A036,JUM,JRS_1,JRS,1,R,R-JUM092518A036,10,4,0.9047766824480938,1.6204926355686642
JUM092518A036,JUM,JRS_1,JRS,1,R,R-JUM092518A036,10,5,0.963921564192431,1.6267529210639857
JUM092518A036,JUM,JRS_1,JRS,1,R,R-JUM092518A036,10,5,1.0144486320642232,1.6204926355686642
JUM092518A036,JUM,JRS_1,JRS,1,R,R-JUM092518A036,10,6,1.0852234486520338,1.6267529210639857
JUM092518A036,JUM,JRS_1,JRS,1,R,R-JUM092518A036,10,6,1.1348801964546742,1.6204926355686642
JUM092518A036,JUM,JRS_1,JRS,1,R,R-JUM092518A036,10,7,1.1777760845554741,1.6267529210639857
JUM092518A036,JUM,JRS_1,JRS,1,R,R-JUM092518A036,10,7,1.2290074198620557,1.6204926355686642
JUM092518A036,JUM,JRS_1,JRS,1,R,R-JUM092518A036,10,8,1.2947489613588155,1.6267529210639857
JUM092518A036,JUM,JRS_1,JRS,1,R,R-JUM092518A036,10,8,1.350007388384173,1.6204926355686642
JUM092518A036,JUM,JRS_1,JRS,1,R,R-JUM092518A036,10,9,1.3947830500359928,1.6267529210639857
JUM092518A036,JUM,JRS_1,JRS,1,R,R-JUM092518A036,10,9,1.4585425297369696,1.6204926355686642
JUM092518A036,JUM,JRS_1,JRS,1,R,R-JUM092518A036,10,10,1.4989575251199905,1.6267529210639857
JUM092518A036,JUM,JRS_1,JRS,1,R,R-JUM092518A036,10,10,1.5947566987172617,1.6204926355686642
JUM092518A036,JUM,LEL_1,LEL,1,R,R-JUM092518A036,9,1,0.6866010930285839,1.7032976330987661
JUM092518A036,JUM,LEL_1,LEL,1,R,R-JUM092518A036,9,2,0.7881570374904897,1.7032976330987661
JUM092518A036,JUM,LEL_1,LEL,1,R,R-JUM092518A036,9,3,0.9028744062192472,1.7032976330987661
JUM092518A036,JUM,LEL_1,LEL,1,R,R-JUM092518A036,9,4,1.0269354467957057,1.7032976330987661
JUM092518A036,JUM,LEL_1,LEL,1,R,R-JUM092518A036,9,5,1.1455528706898594,1.7032976330987661
JUM092518A036,JUM,LEL_1,LEL,1,R,R-JUM092518A036,9,6,1.2711574727832269,1.7032976330987661
JUM092518A036,JUM,LEL_1,LEL,1,R,R-JUM092518A036,9,7,1.3537019102301882,1.7032976330987661
JUM092518A036,JUM,LEL_1,LEL,1,R,R-JUM092518A036,9,8,1.4800371417088878,1.7032976330987661
JUM092518A036,JUM,LEL_1,LEL,1,R,R-JUM092518A036,9,9,1.583543113753492,1.7032976330987661
JUM092518A036,JUM,MJS_1,MJS,1,R,R-JUM092518A036,10,1,0.49496102385033786,1.675766030026386
JUM092518A036,JUM,MJS_1,MJS,1,R,R-JUM092518A036,10,2,0.6783890748406634,1.675766030026386
JUM092518A036,JUM,MJS_1,MJS,1,R,R-JUM092518A036,10,3,0.8394524033758463,1.675766030026386
JUM092518A036,JUM,MJS_1,MJS,1,R,R-JUM092518A036,10,4,0.9369536266489045,1.675766030026386
JUM092518A036,JUM,MJS_1,MJS,1,R,R-JUM092518A036,10,5,1.0705520333127656,1.675766030026386
JUM092518A036,JUM,MJS_1,MJS,1,R,R-JUM092518A036,10,6,1.1670725452403872,1.675766030026386
JUM092518A036,JUM,MJS_1,MJS,1,R,R-JUM092518A036,10,7,1.2614349917881382,1.675766030026386
JUM092518A036,JUM,MJS_1,MJS,1,R,R-JUM092518A036,10,8,1.3748267413767274,1.675766030026386
JUM092518A036,JUM,MJS_1,MJS,1,R,R-JUM092518A036,10,9,1.4701698992699155,1.675766030026386
JUM092518A036,JUM,MJS_1,MJS,1,R,R-JUM092518A036,10,10,1.5814035834786346,1.675766030026386
JUM092518A037,JUM,CJF_1,CJF,1,R,R-JUM092518A037,10,1,0.5496745129576174,1.8549037792315752
JUM092518A037,JUM,CJF_1,CJF,1,R,R-JUM092518A037,10,2,0.7724704111946977,1.8549037792315752
JUM092518A037,JUM,CJF_1,CJF,1,R,R-JUM092518A037,10,3,0.9321683432642884,1.8549037792315752
JUM092518A037,JUM,CJF_1,CJF,1,R,R-JUM092518A037,10,4,1.0951165365266202,1.8549037792315752
JUM092518A037,JUM,CJF_1,CJF,1,R,R-JUM092518A037,10,5,1.2252185021633304,1.8549037792315752
JUM092518A037,JUM,CJF_1,CJF,1,R,R-JUM092518A037,10,6,1.321818468065431,1.8549037792315752
JUM092518A037,JUM,CJF_1,CJF,1,R,R-JUM092518A037,10,7,1.430125094131842,1.8549037792315752
JUM092518A037,JUM,CJF_1,CJF,1,R,R-JUM092518A037,10,8,1.5563238864020421,1.8549037792315752
JUM092518A037,JUM,CJF_1,CJF,1,R,R-JUM092518A037,10,9,1.6298284082567456,1.8549037792315752
JUM092518A037,JUM,CJF_1,CJF,1,R,R-JUM092518A037,10,10,1.729681495286808,1.8549037792315752
JUM092518A037,JUM,JRS_1,JRS,1,R,R-JUM092518A037,10,1,0.5579710692519185,1.8193929804219626
JUM092518A037,JUM,JRS_1,JRS,1,R,R-JUM092518A037,10,1,0.6309107646955636,1.8705908167100538
JUM092518A037,JUM,JRS_1,JRS,1,R,R-JUM092518A037,10,2,0.7125139497643704,1.8193929804219626
JUM092518A037,JUM,JRS_1,JRS,1,R,R-JUM092518A037,10,2,0.8035694725640253,1.8705908167100538
JUM092518A037,JUM,JRS_1,JRS,1,R,R-JUM092518A037,10,3,0.864008181795939,1.8193929804219626
JUM092518A037,JUM,JRS_1,JRS,1,R,R-JUM092518A037,10,3,0.9569836555665368,1.8705908167100538
JUM092518A037,JUM,JRS_1,JRS,1,R,R-JUM092518A037,10,4,1.0231033256306146,1.8193929804219626
JUM092518A037,JUM,JRS_1,JRS,1,R,R-JUM092518A037,10,4,1.1079245209701685,1.8705908167100538
JUM092518A037,JUM,JRS_1,JRS,1,R,R-JUM092518A037,10,5,1.1593543152577683,1.8193929804219626
JUM092518A037,JUM,JRS_1,JRS,1,R,R-JUM092518A037,10,5,1.2268306386016434,1.8705908167100538
JUM092518A037,JUM,JRS_1,JRS,1,R,R-JUM092518A037,10,6,1.2758512179564858,1.8193929804219626
JUM092518A037,JUM,JRS_1,JRS,1,R,R-JUM092518A037,10,6,1.3546051852851018,1.8705908167100538
JUM092518A037,JUM,JRS_1,JRS,1,R,R-JUM092518A037,10,7,1.3984039988187673,1.8193929804219626
JUM092518A037,JUM,JRS_1,JRS,1,R,R-JUM092518A037,10,7,1.461144714922178,1.8705908167100538
JUM092518A037,JUM,JRS_1,JRS,1,R,R-JUM092518A037,10,8,1.5088036045557187,1.8193929804219626
JUM092518A037,JUM,JRS_1,JRS,1,R,R-JUM092518A037,10,8,1.5672014191408066,1.8705908167100538
JUM092518A037,JUM,JRS_1,JRS,1,R,R-JUM092518A037,10,9,1.599366285767831,1.8193929804219626
JUM092518A037,JUM,JRS_1,JRS,1,R,R-JUM092518A037,10,9,1.6584774082727962,1.8705908167100538
JUM092518A037,JUM,JRS_1,JRS,1,R,R-JUM092518A037,10,10,1.678548308674383,1.8193929804219626
JUM092518A037,JUM,JRS_1,JRS,1,R,R-JUM092518A037,10,10,1.7536751912590103,1.8705908167100538
JUM092518A037,JUM,LEL_1,LEL,1,R,R-JUM092518A037,10,1,0.1188613345276338,1.833360443703598
JUM092518A037,JUM,LEL_1,LEL,1,R,R-JUM092518A037,10,2,0.2044341604653331,1.833360443703598
JUM092518A037,JUM,LEL_1,LEL,1,R,R-JUM092518A037,10,3,0.2826914155189176,1.833360443703598
JUM092518A037,JUM,LEL_1,LEL,1,R,R-JUM092518A037,10,4,0.4270955592887863,1.833360443703598
JUM092518A037,JUM,LEL_1,LEL,1,R,R-JUM092518A037,10,5,0.52576238619529,1.833360443703598
JUM092518A037,JUM,LEL_1,LEL,1,R,R-JUM092518A037,10,6,0.6594699267229462,1.833360443703598
JUM092518A037,JUM,LEL_1,LEL,1,R,R-JUM092518A037,10,7,0.7644686898820612,1.833360443703598
JUM092518A037,JUM,LEL_1,LEL,1,R,R-JUM092518A037,10,8,0.9199995653577236,1.833360443703598
JUM092518A037,JUM,LEL_1,LEL,1,R,R-JUM092518A037,10,9,1.0043736924321278,1.833360443703598
JUM092518A037,JUM,LEL_1,LEL,1,R,R-JUM092518A037,10,10,1.102825455106841,1.833360443703598
JUM092518A037,JUM,MJS_1,MJS,1,R,R-JUM092518A037,10,1,0.6195197008493073,1.879012018103051
JUM092518A037,JUM,MJS_1,MJS,1,R,R-JUM092518A037,10,2,0.7764926676023775,1.879012018103051
JUM092518A037,JUM,MJS_1,MJS,1,R,R-JUM092518A037,10,3,0.922088963422286,1.879012018103051
JUM092518A037,JUM,MJS_1,MJS,1,R,R-JUM092518A037,10,4,1.1070888379673594,1.879012018103051
JUM092518A037,JUM,MJS_1,MJS,1,R,R-JUM092518A037,10,5,1.210214319980511,1.879012018103051
JUM092518A037,JUM,MJS_1,MJS,1,R,R-JUM092518A037,10,6,1.3307882127786042,1.879012018103051
JUM092518A037,JUM,MJS_1,MJS,1,R,R-JUM092518A037,10,7,1.4498284880359014,1.879012018103051
JUM092518A037,JUM,MJS_1,MJS,1,R,R-JUM092518A037,10,8,1.550684908893561,1.879012018103051
JUM092518A037,JUM,MJS_1,MJS,1,R,R-JUM092518A037,10,9,1.6553126432918066,1.879012018103051
JUM092518A037,JUM,MJS_1,MJS,1,R,R-JUM092518A037,10,10,1.7417565232904144,1.879012018103051
JUM092518A038,JUM,CJF_1,CJF,1,R,R-JUM092518A038,3,1,0.5119049228577984,1.0457331190666692
JUM092518A038,JUM,CJF_1,CJF,1,R,R-JUM092518A038,3,2,0.76569322156433,1.0457331190666692
JUM092518A038,JUM,CJF_1,CJF,1,R,R-JUM092518A038,3,3,0.942997444148918,1.0457331190666692
JUM092518A038,JUM,JRS_1,JRS,1,R,R-JUM092518A038,1,1,0.42781674840214445,0.768083213751237
JUM092518A038,JUM,JRS_1,JRS,1,R,R-JUM092518A038,3,1,0.340113251442702,0.5841191177187769
JUM092518A038,JUM,JRS_1,JRS,1,R,R-JUM092518A038,3,2,0.43971135828453745,0.5841191177187769
JUM092518A038,JUM,JRS_1,JRS,1,R,R-JUM092518A038,3,3,0.5274335758116604,0.5841191177187769
JUM092518A038,JUM,LEL_1,LEL,1,R,R-JUM092518A038,2,1,0.7216270544585072,0.9918569841113384
JUM092518A038,JUM,LEL_1,LEL,1,R,R-JUM092518A038,2,2,0.8875605802607297,0.9918569841113384
JUM092518A038,JUM,MJS_1,MJS,1,R,R-JUM092518A038,2,1,0.2925012115712722,0.5410281399966794
JUM092518A038,JUM,MJS_1,MJS,1,R,R-JUM092518A038,2,2,0.43985995900124947,0.5410281399966794
JUM092518A039,JUM,CJF_1,CJF,1,R,R-JUM092518A039,4,1,0.5420087741678158,1.1307746008217114
JUM092518A039,JUM,CJF_1,CJF,1,R,R-JUM092518A039,4,2,0.7164327878113474,1.1307746008217114
JUM092518A039,JUM,CJF_1,CJF,1,R,R-JUM092518A039,4,3,0.857981725781545,1.1307746008217114
JUM092518A039,JUM,CJF_1,CJF,1,R,R-JUM092518A039,4,4,0.9883738091768732,1.1307746008217114
JUM092518A039,JUM,JRS_1,JRS,1,R,R-JUM092518A039,3,1,0.36724581003364554,0.678681640374767
JUM092518A039,JUM,JRS_1,JRS,1,R,R-JUM092518A039,4,1,0.382795343171496,0.734425804714989
JUM092518A039,JUM,JRS_1,JRS,1,R,R-JUM092518A039,3,2,0.4852398959314051,0.678681640374767
JUM092518A039,JUM,JRS_1,JRS,1,R,R-JUM092518A039,4,2,0.5111071378949372,0.734425804714989
JUM092518A039,JUM,JRS_1,JRS,1,R,R-JUM092518A039,3,3,0.5628122633145778,0.678681640374767
JUM092518A039,JUM,JRS_1,JRS,1,R,R-JUM092518A039,4,3,0.5855466935016207,0.734425804714989
JUM092518A039,JUM,JRS_1,JRS,1,R,R-JUM092518A039,4,4,0.6536174460398526,0.734425804714989
JUM092518A039,JUM,LEL_1,LEL,1,R,R-JUM092518A039,4,1,0.35329281848806493,0.9993605693288411
JUM092518A039,JUM,LEL_1,LEL,1,R,R-JUM092518A039,4,2,0.5736724771820918,0.9993605693288411
JUM092518A039,JUM,LEL_1,LEL,1,R,R-JUM092518A039,4,3,0.7387909766580067,0.9993605693288411
JUM092518A039,JUM,LEL_1,LEL,1,R,R-JUM092518A039,4,4,0.8632535718168294,0.9993605693288411
JUM092518A039,JUM,MJS_1,MJS,1,R,R-JUM092518A039,4,1,0.3755870435631706,0.6834499869565065
JUM092518A039,JUM,MJS_1,MJS,1,R,R-JUM092518A039,4,2,0.4837551047554239,0.6834499869565065
JUM092518A039,JUM,MJS_1,MJS,1,R,R-JUM092518A039,4,3,0.5717011854364684,0.6834499869565065
JUM092518A039,JUM,MJS_1,MJS,1,R,R-JUM092518A039,4,4,0.6311046655145919,0.6834499869565065
JUM092518A040,JUM,CJF_1,CJF,1,R,R-JUM092518A040,1,1,0.4832653087299922,0.7372156448578131
JUM092518A040,JUM,JRS_1,JRS,1,R,R-JUM092518A040,3,1,0.27826455030204944,0.5909792855319242
JUM092518A040,JUM,JRS_1,JRS,1,R,R-JUM092518A040,3,2,0.42114473399481356,0.5909792855319242
JUM092518A040,JUM,JRS_1,JRS,1,R,R-JUM092518A040,3,3,0.5238911955027855,0.5909792855319242
JUM092518A040,JUM,JRS_1,JRS,1,R,R-JUM092518A040,0,NA,NA,0.5274842928966769
JUM092518A040,JUM,LEL_1,LEL,1,R,R-JUM092518A040,1,1,0.6307002034909599,0.82763339552314
JUM092518A040,JUM,MJS_1,MJS,1,R,R-JUM092518A040,2,1,0.3182935741392755,0.6226859860131393
JUM092518A040,JUM,MJS_1,MJS,1,R,R-JUM092518A040,2,2,0.4587905757929015,0.6226859860131393
JUM092518A041,JUM,CJF_1,CJF,1,R,R-JUM092518A041,2,1,0.4600536644484518,0.778920150842447
JUM092518A041,JUM,CJF_1,CJF,1,R,R-JUM092518A041,2,2,0.6317863938204238,0.778920150842447
JUM092518A041,JUM,JRS_1,JRS,1,R,R-JUM092518A041,2,1,0.1574645455797467,0.7719934087174396
JUM092518A041,JUM,JRS_1,JRS,1,R,R-JUM092518A041,3,1,0.27173534386590203,0.556781601023165
JUM092518A041,JUM,JRS_1,JRS,1,R,R-JUM092518A041,2,2,0.3081810103090934,0.7719934087174396
JUM092518A041,JUM,JRS_1,JRS,1,R,R-JUM092518A041,3,2,0.3802954565817493,0.556781601023165
JUM092518A041,JUM,JRS_1,JRS,1,R,R-JUM092518A041,3,3,0.46595896704125583,0.556781601023165
JUM092518A041,JUM,LEL_1,LEL,1,R,R-JUM092518A041,1,1,0.5096283392362236,0.708171092607043
JUM092518A041,JUM,MJS_1,MJS,1,R,R-JUM092518A041,2,1,0.55187970086026,0.9586446436863794
JUM092518A041,JUM,MJS_1,MJS,1,R,R-JUM092518A041,2,2,0.7779734160441281,0.9586446436863794
JUM092518A042,JUM,CJF_1,CJF,1,R,R-JUM092518A042,3,1,0.5379044790567492,1.0115394480366335
JUM092518A042,JUM,CJF_1,CJF,1,R,R-JUM092518A042,3,2,0.7489616127848702,1.0115394480366335
JUM092518A042,JUM,CJF_1,CJF,1,R,R-JUM092518A042,3,3,0.8771373876552849,1.0115394480366335
JUM092518A042,JUM,JRS_1,JRS,1,R,R-JUM092518A042,3,1,0.2364335940027103,0.5815240779472649
JUM092518A042,JUM,JRS_1,JRS,1,R,R-JUM092518A042,3,1,0.3242316300871945,0.6422056606216087
JUM092518A042,JUM,JRS_1,JRS,1,R,R-JUM092518A042,3,2,0.3970487360606778,0.5815240779472649
JUM092518A042,JUM,JRS_1,JRS,1,R,R-JUM092518A042,3,2,0.46485285987974667,0.6422056606216087
JUM092518A042,JUM,JRS_1,JRS,1,R,R-JUM092518A042,3,3,0.5161202272237471,0.5815240779472649
JUM092518A042,JUM,JRS_1,JRS,1,R,R-JUM092518A042,3,3,0.5681082717215034,0.6422056606216087
JUM092518A042,JUM,LEL_1,LEL,1,R,R-JUM092518A042,3,1,0.4016389390530706,0.8281430928721856
JUM092518A042,JUM,LEL_1,LEL,1,R,R-JUM092518A042,3,2,0.5848268542364542,0.8281430928721856
JUM092518A042,JUM,LEL_1,LEL,1,R,R-JUM092518A042,3,3,0.7534347923331819,0.8281430928721856
JUM092518A042,JUM,MJS_1,MJS,1,R,R-JUM092518A042,3,1,0.43882112816241475,0.9880145682834803
JUM092518A042,JUM,MJS_1,MJS,1,R,R-JUM092518A042,3,2,0.7134178482229473,0.9880145682834803
JUM092518A042,JUM,MJS_1,MJS,1,R,R-JUM092518A042,3,3,0.8722539209485947,0.9880145682834803
JUM092518A043,JUM,CJF_1,CJF,1,R,R-JUM092518A043,3,1,0.6123502974775139,1.1827466949986603
JUM092518A043,JUM,CJF_1,CJF,1,R,R-JUM092518A043,3,2,0.8367236213897348,1.1827466949986603
JUM092518A043,JUM,CJF_1,CJF,1,R,R-JUM092518A043,3,3,1.0247773791051862,1.1827466949986603
JUM092518A043,JUM,JRS_1,JRS,1,R,R-JUM092518A043,2,1,0.6050362547538327,1.1082223803826223
JUM092518A043,JUM,JRS_1,JRS,1,R,R-JUM092518A043,3,1,0.40208863018989416,0.6826282007812221
JUM092518A043,JUM,JRS_1,JRS,1,R,R-JUM092518A043,2,2,0.8376816426112692,1.1082223803826223
JUM092518A043,JUM,JRS_1,JRS,1,R,R-JUM092518A043,3,2,0.5500155239027327,0.6826282007812221
JUM092518A043,JUM,JRS_1,JRS,1,R,R-JUM092518A043,3,3,0.6107900537020107,0.6826282007812221
JUM092518A043,JUM,LEL_1,LEL,1,R,R-JUM092518A043,3,1,0.6316917749371749,1.1638699665128964
JUM092518A043,JUM,LEL_1,LEL,1,R,R-JUM092518A043,3,2,0.8767386323770779,1.1638699665128964
JUM092518A043,JUM,LEL_1,LEL,1,R,R-JUM092518A043,3,3,1.0616413559481561,1.1638699665128964
JUM092518A043,JUM,MJS_1,MJS,1,R,R-JUM092518A043,3,1,0.6651084466481215,1.1857534534171914
JUM092518A043,JUM,MJS_1,MJS,1,R,R-JUM092518A043,3,2,0.8823488344443453,1.1857534534171914
JUM092518A043,JUM,MJS_1,MJS,1,R,R-JUM092518A043,3,3,1.0319688125401023,1.1857534534171914
JUM092518A044,JUM,CJF_1,CJF,1,R,R-JUM092518A044,4,1,0.414663698509447,1.0637300842648352
JUM092518A044,JUM,CJF_1,CJF,1,R,R-JUM092518A044,4,2,0.6211025701822327,1.0637300842648352
JUM092518A044,JUM,CJF_1,CJF,1,R,R-JUM092518A044,4,3,0.7676071957512653,1.0637300842648352
JUM092518A044,JUM,CJF_1,CJF,1,R,R-JUM092518A044,4,4,0.9189996296984007,1.0637300842648352
JUM092518A044,JUM,JRS_1,JRS,1,R,R-JUM092518A044,4,1,0.3262084797257283,0.926669417308376
JUM092518A044,JUM,JRS_1,JRS,1,R,R-JUM092518A044,4,1,0.558276890705318,1.1379190028025656
JUM092518A044,JUM,JRS_1,JRS,1,R,R-JUM092518A044,4,2,0.5010354464729836,0.926669417308376
JUM092518A044,JUM,JRS_1,JRS,1,R,R-JUM092518A044,4,2,0.7587175587996202,1.1379190028025656
JUM092518A044,JUM,JRS_1,JRS,1,R,R-JUM092518A044,4,3,0.663560709336026,0.926669417308376
JUM092518A044,JUM,JRS_1,JRS,1,R,R-JUM092518A044,4,3,0.9809167867780131,1.1379190028025656
JUM092518A044,JUM,JRS_1,JRS,1,R,R-JUM092518A044,4,4,0.7888919949913162,0.926669417308376
JUM092518A044,JUM,JRS_1,JRS,1,R,R-JUM092518A044,4,4,1.0839159415844999,1.1379190028025656
JUM092518A044,JUM,LEL_1,LEL,1,R,R-JUM092518A044,3,1,0.6121102250329336,1.029220180871869
JUM092518A044,JUM,LEL_1,LEL,1,R,R-JUM092518A044,3,2,0.7796619142900761,1.029220180871869
JUM092518A044,JUM,LEL_1,LEL,1,R,R-JUM092518A044,3,3,0.9154012542819929,1.029220180871869
JUM092518A044,JUM,MJS_1,MJS,1,R,R-JUM092518A044,4,1,0.5834725249393071,1.1783380983398353
JUM092518A044,JUM,MJS_1,MJS,1,R,R-JUM092518A044,4,2,0.7465236808707375,1.1783380983398353
JUM092518A044,JUM,MJS_1,MJS,1,R,R-JUM092518A044,4,3,0.8789441688928529,1.1783380983398353
JUM092518A044,JUM,MJS_1,MJS,1,R,R-JUM092518A044,4,4,1.0375876286474313,1.1783380983398353
JUM092518A045,JUM,CJF_1,CJF,1,R,R-JUM092518A045,4,1,0.5162193217719697,1.1599809050851688
JUM092518A045,JUM,CJF_1,CJF,1,R,R-JUM092518A045,4,2,0.7215689216151526,1.1599809050851688
JUM092518A045,JUM,CJF_1,CJF,1,R,R-JUM092518A045,4,3,0.8823171611729966,1.1599809050851688
JUM092518A045,JUM,CJF_1,CJF,1,R,R-JUM092518A045,4,4,1.0099087852379907,1.1599809050851688
JUM092518A045,JUM,JRS_1,JRS,1,R,R-JUM092518A045,3,1,0.6368373281585695,1.072287756774375
JUM092518A045,JUM,JRS_1,JRS,1,R,R-JUM092518A045,5,1,0.2712917906622083,0.6978865862537633
JUM092518A045,JUM,JRS_1,JRS,1,R,R-JUM092518A045,3,2,0.7907885649887398,1.072287756774375
JUM092518A045,JUM,JRS_1,JRS,1,R,R-JUM092518A045,5,2,0.35984660339504687,0.6978865862537633
JUM092518A045,JUM,JRS_1,JRS,1,R,R-JUM092518A045,3,3,0.9149742344617299,1.072287756774375
JUM092518A045,JUM,JRS_1,JRS,1,R,R-JUM092518A045,5,3,0.5298435307527101,0.6978865862537633
JUM092518A045,JUM,JRS_1,JRS,1,R,R-JUM092518A045,5,4,0.6056582929138457,0.6978865862537633
JUM092518A045,JUM,JRS_1,JRS,1,R,R-JUM092518A045,5,5,0.6730320263794463,0.6978865862537633
JUM092518A045,JUM,LEL_1,LEL,1,R,R-JUM092518A045,4,1,0.5500452222911484,1.0767604547528014
JUM092518A045,JUM,LEL_1,LEL,1,R,R-JUM092518A045,4,2,0.6777249905044009,1.0767604547528014
JUM092518A045,JUM,LEL_1,LEL,1,R,R-JUM092518A045,4,3,0.8268061140611803,1.0767604547528014
JUM092518A045,JUM,LEL_1,LEL,1,R,R-JUM092518A045,4,4,0.9928311886705234,1.0767604547528014
JUM092518A045,JUM,MJS_1,MJS,1,R,R-JUM092518A045,4,1,0.538197718725126,1.1791584646231208
JUM092518A045,JUM,MJS_1,MJS,1,R,R-JUM092518A045,4,2,0.7491547116663217,1.1791584646231208
JUM092518A045,JUM,MJS_1,MJS,1,R,R-JUM092518A045,4,3,0.8978541536254707,1.1791584646231208
JUM092518A045,JUM,MJS_1,MJS,1,R,R-JUM092518A045,4,4,1.0115073783986461,1.1791584646231208
JUM092518A046,JUM,CJF_1,CJF,1,R,R-JUM092518A046,1,1,0.5805285353848252,0.8874868746658282
JUM092518A046,JUM,JRS_1,JRS,1,R,R-JUM092518A046,3,1,0.4308994430284443,0.738990831100084
JUM092518A046,JUM,JRS_1,JRS,1,R,R-JUM092518A046,3,2,0.5561066691630079,0.738990831100084
JUM092518A046,JUM,JRS_1,JRS,1,R,R-JUM092518A046,3,3,0.6473274300485243,0.738990831100084
JUM092518A046,JUM,JRS_1,JRS,1,R,R-JUM092518A046,0,NA,NA,0.7183579519753129
JUM092518A046,JUM,LEL_1,LEL,1,R,R-JUM092518A046,0,NA,NA,0.8761749567499212
JUM092518A046,JUM,MJS_1,MJS,1,R,R-JUM092518A046,1,1,0.6376566058588248,0.9212255373304545
JUM092518A047,JUM,CJF_1,CJF,1,R,R-JUM092518A047,3,1,0.586320790785801,1.1436898032542304
JUM092518A047,JUM,CJF_1,CJF,1,R,R-JUM092518A047,3,2,0.7965138663671276,1.1436898032542304
JUM092518A047,JUM,CJF_1,CJF,1,R,R-JUM092518A047,3,3,0.9832817189225177,1.1436898032542304
JUM092518A047,JUM,JRS_1,JRS,1,R,R-JUM092518A047,2,1,0.40570792303522885,0.6821229616433793
JUM092518A047,JUM,JRS_1,JRS,1,R,R-JUM092518A047,4,1,0.30315328593647334,0.6789917078749097
JUM092518A047,JUM,JRS_1,JRS,1,R,R-JUM092518A047,2,2,0.5650593683288245,0.6821229616433793
JUM092518A047,JUM,JRS_1,JRS,1,R,R-JUM092518A047,4,2,0.4476382885211381,0.6789917078749097
JUM092518A047,JUM,JRS_1,JRS,1,R,R-JUM092518A047,4,3,0.5690764761123507,0.6789917078749097
JUM092518A047,JUM,JRS_1,JRS,1,R,R-JUM092518A047,4,4,0.6213751220593527,0.6789917078749097
JUM092518A047,JUM,LEL_1,LEL,1,R,R-JUM092518A047,3,1,0.47172458862229344,0.9448092255681029
JUM092518A047,JUM,LEL_1,LEL,1,R,R-JUM092518A047,3,2,0.5953488243141867,0.9448092255681029
JUM092518A047,JUM,LEL_1,LEL,1,R,R-JUM092518A047,3,3,0.8142489622113148,0.9448092255681029
JUM092518A047,JUM,MJS_1,MJS,1,R,R-JUM092518A047,3,1,0.39016895903485016,0.670178818190486
JUM092518A047,JUM,MJS_1,MJS,1,R,R-JUM092518A047,3,2,0.5254631484800101,0.670178818190486
JUM092518A047,JUM,MJS_1,MJS,1,R,R-JUM092518A047,3,3,0.6095978336668939,0.670178818190486
JUM092518A049,JUM,CJF_1,CJF,1,R,R-JUM092518A049,2,1,0.4419745543910074,0.717753341739408
JUM092518A049,JUM,CJF_1,CJF,1,R,R-JUM092518A049,2,2,0.6222206377347536,0.717753341739408
JUM092518A049,JUM,JRS_1,JRS,1,R,R-JUM092518A049,2,1,0.38862373479883944,0.6516683161780494
JUM092518A049,JUM,JRS_1,JRS,1,R,R-JUM092518A049,2,1,0.4476603970178419,0.6783029871937228
JUM092518A049,JUM,JRS_1,JRS,1,R,R-JUM092518A049,2,2,0.5277829937084213,0.6516683161780494
JUM092518A049,JUM,JRS_1,JRS,1,R,R-JUM092518A049,2,2,0.5813134670759457,0.6783029871937228
JUM092518A049,JUM,LEL_1,LEL,1,R,R-JUM092518A049,2,1,0.42108162303773705,0.6647824784649882
JUM092518A049,JUM,LEL_1,LEL,1,R,R-JUM092518A049,2,2,0.5488345310592341,0.6647824784649882
JUM092518A049,JUM,MJS_1,MJS,1,R,R-JUM092518A049,2,1,0.513345323285766,0.7734113736356538
JUM092518A049,JUM,MJS_1,MJS,1,R,R-JUM092518A049,2,2,0.660529063912473,0.7734113736356538
JUM092518A050,JUM,CJF_1,CJF,1,R,R-JUM092518A050,4,1,0.39382116673986467,0.8923217132589706
JUM092518A050,JUM,CJF_1,CJF,1,R,R-JUM092518A050,4,2,0.6119837418131209,0.8923217132589706
JUM092518A050,JUM,CJF_1,CJF,1,R,R-JUM092518A050,4,3,0.6860466435013753,0.8923217132589706
JUM092518A050,JUM,CJF_1,CJF,1,R,R-JUM092518A050,4,4,0.7713469288548256,0.8923217132589706
JUM092518A050,JUM,JRS_1,JRS,1,R,R-JUM092518A050,3,1,0.5119507666396826,0.8235749155284151
JUM092518A050,JUM,JRS_1,JRS,1,R,R-JUM092518A050,4,1,0.44623471007808196,0.8646039843996791
JUM092518A050,JUM,JRS_1,JRS,1,R,R-JUM092518A050,3,2,0.6338480626477294,0.8235749155284151
JUM092518A050,JUM,JRS_1,JRS,1,R,R-JUM092518A050,4,2,0.5949451478397223,0.8646039843996791
JUM092518A050,JUM,JRS_1,JRS,1,R,R-JUM092518A050,3,3,0.7334769141311623,0.8235749155284151
JUM092518A050,JUM,JRS_1,JRS,1,R,R-JUM092518A050,4,3,0.6858050798286262,0.8646039843996791
JUM092518A050,JUM,JRS_1,JRS,1,R,R-JUM092518A050,4,4,0.7704095058313812,0.8646039843996791
JUM092518A050,JUM,LEL_1,LEL,1,R,R-JUM092518A050,3,1,0.42868403191783655,0.8370952984731275
JUM092518A050,JUM,LEL_1,LEL,1,R,R-JUM092518A050,3,2,0.5881938663260993,0.8370952984731275
JUM092518A050,JUM,LEL_1,LEL,1,R,R-JUM092518A050,3,3,0.737118667677617,0.8370952984731275
JUM092518A050,JUM,MJS_1,MJS,1,R,R-JUM092518A050,4,1,0.44634763075577744,0.9114260088287486
JUM092518A050,JUM,MJS_1,MJS,1,R,R-JUM092518A050,4,2,0.6336551039277198,0.9114260088287486
JUM092518A050,JUM,MJS_1,MJS,1,R,R-JUM092518A050,4,3,0.718720122310582,0.9114260088287486
JUM092518A050,JUM,MJS_1,MJS,1,R,R-JUM092518A050,4,4,0.7958512200686989,0.9114260088287486
JUM092518A051,JUM,CJF_1,CJF,1,R,R-JUM092518A051,3,1,0.4570504203539729,0.7546109260769025
JUM092518A051,JUM,CJF_1,CJF,1,R,R-JUM092518A051,3,2,0.5851947916834612,0.7546109260769025
JUM092518A051,JUM,CJF_1,CJF,1,R,R-JUM092518A051,3,3,0.6739331124905868,0.7546109260769025
JUM092518A051,JUM,JRS_1,JRS,1,R,R-JUM092518A051,2,1,0.35134312758005,0.5602508345833043
JUM092518A051,JUM,JRS_1,JRS,1,R,R-JUM092518A051,3,1,0.47901291078668856,0.7227633043070197
JUM092518A051,JUM,JRS_1,JRS,1,R,R-JUM092518A051,2,2,0.44945492307995843,0.5602508345833043
JUM092518A051,JUM,JRS_1,JRS,1,R,R-JUM092518A051,3,2,0.5819752501963364,0.7227633043070197
JUM092518A051,JUM,JRS_1,JRS,1,R,R-JUM092518A051,3,3,0.6661444970513536,0.7227633043070197
JUM092518A051,JUM,LEL_1,LEL,1,R,R-JUM092518A051,2,1,0.5653692720623356,0.829931393013856
JUM092518A051,JUM,LEL_1,LEL,1,R,R-JUM092518A051,2,2,0.6996668572616783,0.829931393013856
JUM092518A051,JUM,MJS_1,MJS,1,R,R-JUM092518A051,4,1,0.2815651594397802,0.6356433170441544
JUM092518A051,JUM,MJS_1,MJS,1,R,R-JUM092518A051,4,2,0.38802549047875984,0.6356433170441544
JUM092518A051,JUM,MJS_1,MJS,1,R,R-JUM092518A051,4,3,0.4894726828391376,0.6356433170441544
JUM092518A051,JUM,MJS_1,MJS,1,R,R-JUM092518A051,4,4,0.5851171239953552,0.6356433170441544
JUM092518A052,JUM,CJF_1,CJF,1,R,R-JUM092518A052,3,1,0.4466463164529858,0.98402423667608
JUM092518A052,JUM,CJF_1,CJF,1,R,R-JUM092518A052,3,2,0.6780911586896864,0.98402423667608
JUM092518A052,JUM,CJF_1,CJF,1,R,R-JUM092518A052,3,3,0.8802096474908832,0.98402423667608
JUM092518A052,JUM,JRS_1,JRS,1,R,R-JUM092518A052,3,1,0.5185282580340836,1.0160382975998679
JUM092518A052,JUM,JRS_1,JRS,1,R,R-JUM092518A052,3,1,0.5555403432875332,1.0239372556105293
JUM092518A052,JUM,JRS_1,JRS,1,R,R-JUM092518A052,3,2,0.7577283282288733,1.0160382975998679
JUM092518A052,JUM,JRS_1,JRS,1,R,R-JUM092518A052,3,2,0.7750070652843948,1.0239372556105293
JUM092518A052,JUM,JRS_1,JRS,1,R,R-JUM092518A052,3,3,0.8800210004544817,1.0160382975998679
JUM092518A052,JUM,JRS_1,JRS,1,R,R-JUM092518A052,3,3,0.9210774329074777,1.0239372556105293
JUM092518A052,JUM,LEL_1,LEL,1,R,R-JUM092518A052,3,1,0.5771462280598343,0.8880388625926554
JUM092518A052,JUM,LEL_1,LEL,1,R,R-JUM092518A052,3,2,0.7319435052244563,0.8880388625926554
JUM092518A052,JUM,LEL_1,LEL,1,R,R-JUM092518A052,3,3,0.8149421378394447,0.8880388625926554
JUM092518A052,JUM,MJS_1,MJS,1,R,R-JUM092518A052,3,1,0.4954470365386033,1.0375351393510566
JUM092518A052,JUM,MJS_1,MJS,1,R,R-JUM092518A052,3,2,0.7653653949835069,1.0375351393510566
JUM092518A052,JUM,MJS_1,MJS,1,R,R-JUM092518A052,3,3,0.9256079585900517,1.0375351393510566
JUM092518A053,JUM,CJF_1,CJF,1,R,R-JUM092518A053,2,1,0.6901482307175322,0.985934320968081
JUM092518A053,JUM,CJF_1,CJF,1,R,R-JUM092518A053,2,2,0.836031358963557,0.985934320968081
JUM092518A053,JUM,JRS_1,JRS,1,R,R-JUM092518A053,3,1,0.3720321233168531,0.7846507818697191
JUM092518A053,JUM,JRS_1,JRS,1,R,R-JUM092518A053,3,1,0.3709077914504997,0.8103605026930566
JUM092518A053,JUM,JRS_1,JRS,1,R,R-JUM092518A053,3,2,0.5556737956693397,0.7846507818697191
JUM092518A053,JUM,JRS_1,JRS,1,R,R-JUM092518A053,3,2,0.5724286987121497,0.8103605026930566
JUM092518A053,JUM,JRS_1,JRS,1,R,R-JUM092518A053,3,3,0.6797338183383035,0.7846507818697191
JUM092518A053,JUM,JRS_1,JRS,1,R,R-JUM092518A053,3,3,0.7034228852544016,0.8103605026930566
JUM092518A053,JUM,LEL_1,LEL,1,R,R-JUM092518A053,3,1,0.444794468145418,0.8616391544193357
JUM092518A053,JUM,LEL_1,LEL,1,R,R-JUM092518A053,3,2,0.635666340727914,0.8616391544193357
JUM092518A053,JUM,LEL_1,LEL,1,R,R-JUM092518A053,3,3,0.7639869788843914,0.8616391544193357
JUM092518A053,JUM,MJS_1,MJS,1,R,R-JUM092518A053,3,1,0.40068223480067355,0.8397022119894005
JUM092518A053,JUM,MJS_1,MJS,1,R,R-JUM092518A053,3,2,0.6032764852814679,0.8397022119894005
JUM092518A053,JUM,MJS_1,MJS,1,R,R-JUM092518A053,3,3,0.7466656523647678,0.8397022119894005
JUM092518A055,JUM,JRS_1,JRS,1,R,R-JUM092518A055,2,1,0.4710667683296832,0.7102490426144572
JUM092518A055,JUM,JRS_1,JRS,1,R,R-JUM092518A055,2,2,0.6068861863463575,0.7102490426144572
JUM092518A055,JUM,JRS_1,JRS,1,R,R-JUM092518A055,0,NA,NA,0.5464861606993427
JUM092518A055,JUM,LEL_1,LEL,1,R,R-JUM092518A055,1,1,0.7270999405087205,0.8198966230198756
JUM092518A055,JUM,MJS_1,MJS,1,R,R-JUM092518A055,2,1,0.4637810990029149,0.7118122028909585
JUM092518A055,JUM,MJS_1,MJS,1,R,R-JUM092518A055,2,2,0.6025205761645056,0.7118122028909585
JUM092518A057,JUM,CJF_1,CJF,1,R,R-JUM092518A057,2,1,0.42381066289080394,0.740130962191321
JUM092518A057,JUM,CJF_1,CJF,1,R,R-JUM092518A057,2,2,0.6024734507755454,0.740130962191321
JUM092518A057,JUM,JRS_1,JRS,1,R,R-JUM092518A057,2,1,0.3886389343964854,0.6986595065844681
JUM092518A057,JUM,JRS_1,JRS,1,R,R-JUM092518A057,2,1,0.4957309614505034,0.7955341834520864
JUM092518A057,JUM,JRS_1,JRS,1,R,R-JUM092518A057,2,2,0.5557997051475045,0.6986595065844681
JUM092518A057,JUM,JRS_1,JRS,1,R,R-JUM092518A057,2,2,0.6667206366997904,0.7955341834520864
JUM092518A057,JUM,LEL_1,LEL,1,R,R-JUM092518A057,2,1,0.5217137376925833,0.720644066136768
JUM092518A057,JUM,LEL_1,LEL,1,R,R-JUM092518A057,2,2,0.6738799189664867,0.720644066136768
JUM092518A057,JUM,MJS_1,MJS,1,R,R-JUM092518A057,2,1,0.46049625386520154,0.7475968138102833
JUM092518A057,JUM,MJS_1,MJS,1,R,R-JUM092518A057,2,2,0.6149526111958434,0.7475968138102833
JUM092518A058,JUM,CJF_1,CJF,1,R,R-JUM092518A058,3,1,0.516639809967503,1.0704595464741649
JUM092518A058,JUM,CJF_1,CJF,1,R,R-JUM092518A058,3,2,0.733420756935977,1.0704595464741649
JUM092518A058,JUM,CJF_1,CJF,1,R,R-JUM092518A058,3,3,0.9151670166822511,1.0704595464741649
JUM092518A058,JUM,JRS_1,JRS,1,R,R-JUM092518A058,3,1,0.5452654795225442,1.0698426957990357
JUM092518A058,JUM,JRS_1,JRS,1,R,R-JUM092518A058,4,1,0.31786313545066436,0.5763539217063701
JUM092518A058,JUM,JRS_1,JRS,1,R,R-JUM092518A058,3,2,0.7733133491764368,1.0698426957990357
JUM092518A058,JUM,JRS_1,JRS,1,R,R-JUM092518A058,4,2,0.44695062339448854,0.5763539217063701
JUM092518A058,JUM,JRS_1,JRS,1,R,R-JUM092518A058,3,3,0.9223122944252702,1.0698426957990357
JUM092518A058,JUM,JRS_1,JRS,1,R,R-JUM092518A058,4,3,0.5091652659019712,0.5763539217063701
JUM092518A058,JUM,JRS_1,JRS,1,R,R-JUM092518A058,4,4,0.5466677471088921,0.5763539217063701
JUM092518A058,JUM,LEL_1,LEL,1,R,R-JUM092518A058,3,1,0.4847516205758877,0.7616615495245543
JUM092518A058,JUM,LEL_1,LEL,1,R,R-JUM092518A058,3,2,0.5949672926286688,0.7616615495245543
JUM092518A058,JUM,LEL_1,LEL,1,R,R-JUM092518A058,3,3,0.7040526438776896,0.7616615495245543
JUM092518A058,JUM,MJS_1,MJS,1,R,R-JUM092518A058,4,1,0.5341807731100233,1.0661327601376165
JUM092518A058,JUM,MJS_1,MJS,1,R,R-JUM092518A058,4,2,0.629987062626347,1.0661327601376165
JUM092518A058,JUM,MJS_1,MJS,1,R,R-JUM092518A058,4,3,0.7697987472589258,1.0661327601376165
JUM092518A058,JUM,MJS_1,MJS,1,R,R-JUM092518A058,4,4,0.9324476112293721,1.0661327601376165
JUM092518A059,JUM,CJF_1,CJF,1,R,R-JUM092518A059,5,1,0.4770307261817258,1.1907295637079829
JUM092518A059,JUM,CJF_1,CJF,1,R,R-JUM092518A059,5,2,0.6870184564391029,1.1907295637079829
JUM092518A059,JUM,CJF_1,CJF,1,R,R-JUM092518A059,5,3,0.8440160607347771,1.1907295637079829
JUM092518A059,JUM,CJF_1,CJF,1,R,R-JUM092518A059,5,4,0.9736248743080349,1.1907295637079829
JUM092518A059,JUM,CJF_1,CJF,1,R,R-JUM092518A059,5,5,1.0819156732435296,1.1907295637079829
JUM092518A059,JUM,JRS_1,JRS,1,R,R-JUM092518A059,5,1,0.4430322065947387,1.121541536782219
JUM092518A059,JUM,JRS_1,JRS,1,R,R-JUM092518A059,5,1,0.5338723349427635,1.223435628431645
JUM092518A059,JUM,JRS_1,JRS,1,R,R-JUM092518A059,5,2,0.6246201260565039,1.121541536782219
JUM092518A059,JUM,JRS_1,JRS,1,R,R-JUM092518A059,5,2,0.6967147530591982,1.223435628431645
JUM092518A059,JUM,JRS_1,JRS,1,R,R-JUM092518A059,5,3,0.7804195643359002,1.121541536782219
JUM092518A059,JUM,JRS_1,JRS,1,R,R-JUM092518A059,5,3,0.8478912733614593,1.223435628431645
JUM092518A059,JUM,JRS_1,JRS,1,R,R-JUM092518A059,5,4,0.9065172243699076,1.121541536782219
JUM092518A059,JUM,JRS_1,JRS,1,R,R-JUM092518A059,5,4,1.002863275226085,1.223435628431645
JUM092518A059,JUM,JRS_1,JRS,1,R,R-JUM092518A059,5,5,1.0189201161643406,1.121541536782219
JUM092518A059,JUM,JRS_1,JRS,1,R,R-JUM092518A059,5,5,1.1569562699818898,1.223435628431645
JUM092518A059,JUM,LEL_1,LEL,1,R,R-JUM092518A059,5,1,0.48453548989763096,0.8737025693584465
JUM092518A059,JUM,LEL_1,LEL,1,R,R-JUM092518A059,5,2,0.6234473521564281,0.8737025693584465
JUM092518A059,JUM,LEL_1,LEL,1,R,R-JUM092518A059,5,3,0.702419035184385,0.8737025693584465
JUM092518A059,JUM,LEL_1,LEL,1,R,R-JUM092518A059,5,4,0.7656415335819549,0.8737025693584465
JUM092518A059,JUM,LEL_1,LEL,1,R,R-JUM092518A059,5,5,0.8301739859612575,0.8737025693584465
JUM092518A059,JUM,MJS_1,MJS,1,R,R-JUM092518A059,5,1,0.49994777200414736,1.2244986791583348
JUM092518A059,JUM,MJS_1,MJS,1,R,R-JUM092518A059,5,2,0.7213696987597564,1.2244986791583348
JUM092518A059,JUM,MJS_1,MJS,1,R,R-JUM092518A059,5,3,0.8543491208985721,1.2244986791583348
JUM092518A059,JUM,MJS_1,MJS,1,R,R-JUM092518A059,5,4,0.9946461408865162,1.2244986791583348
JUM092518A059,JUM,MJS_1,MJS,1,R,R-JUM092518A059,5,5,1.1368535229949968,1.2244986791583348
JUM092518A060,JUM,CJF_1,CJF,1,R,R-JUM092518A060,3,1,0.5891091303353728,1.0731874586734866
JUM092518A060,JUM,CJF_1,CJF,1,R,R-JUM092518A060,3,2,0.7889849966558362,1.0731874586734866
JUM092518A060,JUM,CJF_1,CJF,1,R,R-JUM092518A060,3,3,0.9831281796124997,1.0731874586734866
JUM092518A060,JUM,JRS_1,JRS,1,R,R-JUM092518A060,2,1,0.5266404550632364,1.0003720135937455
JUM092518A060,JUM,JRS_1,JRS,1,R,R-JUM092518A060,3,1,0.4037705668736018,0.6671105330743909
JUM092518A060,JUM,JRS_1,JRS,1,R,R-JUM092518A060,2,2,0.7275564966023559,1.0003720135937455
JUM092518A060,JUM,JRS_1,JRS,1,R,R-JUM092518A060,3,2,0.5212534313277182,0.6671105330743909
JUM092518A060,JUM,JRS_1,JRS,1,R,R-JUM092518A060,3,3,0.6146042743124921,0.6671105330743909
JUM092518A060,JUM,LEL_1,LEL,1,R,R-JUM092518A060,2,1,0.6285113624871164,0.8643123367067286
JUM092518A060,JUM,LEL_1,LEL,1,R,R-JUM092518A060,2,2,0.726949291140894,0.8643123367067286
JUM092518A060,JUM,MJS_1,MJS,1,R,R-JUM092518A060,2,1,0.6225044796244326,1.109381035263635
JUM092518A060,JUM,MJS_1,MJS,1,R,R-JUM092518A060,2,2,0.8411201008763998,1.109381035263635
JUM092518A064,JUM,JRS_1,JRS,1,R,R-JUM092518A064,2,1,0.4447684025373249,0.7213723650352791
JUM092518A064,JUM,JRS_1,JRS,1,R,R-JUM092518A064,3,1,0.3003165775706621,0.5111364817961116
JUM092518A064,JUM,JRS_1,JRS,1,R,R-JUM092518A064,2,2,0.5969972235889971,0.7213723650352791
JUM092518A064,JUM,JRS_1,JRS,1,R,R-JUM092518A064,3,2,0.42527083775895824,0.5111364817961116
JUM092518A064,JUM,JRS_1,JRS,1,R,R-JUM092518A064,3,3,0.47930992426108776,0.5111364817961116
JUM092518A064,JUM,LEL_1,LEL,1,R,R-JUM092518A064,2,1,0.3693678192537793,0.6314285930094407
JUM092518A064,JUM,LEL_1,LEL,1,R,R-JUM092518A064,2,2,0.5051428744075539,0.6314285930094407
JUM092518A064,JUM,MJS_1,MJS,1,R,R-JUM092518A064,2,1,0.4529099811596349,0.7468475637310776
JUM092518A064,JUM,MJS_1,MJS,1,R,R-JUM092518A064,2,2,0.6208037603171264,0.7468475637310776
JUM092518A066,JUM,JRS_1,JRS,1,R,R-JUM092518A066,2,1,0.2331292499477778,0.5057439478347265
JUM092518A066,JUM,JRS_1,JRS,1,R,R-JUM092518A066,3,1,0.3647076391602473,0.6184538843766699
JUM092518A066,JUM,JRS_1,JRS,1,R,R-JUM092518A066,2,2,0.3727070937221567,0.5057439478347265
JUM092518A066,JUM,JRS_1,JRS,1,R,R-JUM092518A066,3,2,0.4872009044448812,0.6184538843766699
JUM092518A066,JUM,JRS_1,JRS,1,R,R-JUM092518A066,3,3,0.546344003552717,0.6184538843766699
JUM092518A066,JUM,LEL_1,LEL,1,R,R-JUM092518A066,3,1,0.40073632262078096,0.6296155037517135
JUM092518A066,JUM,LEL_1,LEL,1,R,R-JUM092518A066,3,2,0.48785642940460605,0.6296155037517135
JUM092518A066,JUM,LEL_1,LEL,1,R,R-JUM092518A066,3,3,0.5599957390811116,0.6296155037517135
JUM092518A066,JUM,MJS_1,MJS,1,R,R-JUM092518A066,2,1,0.2823517401355895,0.5449896921694468
JUM092518A066,JUM,MJS_1,MJS,1,R,R-JUM092518A066,2,2,0.3993004282216607,0.5449896921694468
JUM092518A067,JUM,CJF_1,CJF,1,R,R-JUM092518A067,2,1,0.4545176677781957,0.8407130526804187
JUM092518A067,JUM,CJF_1,CJF,1,R,R-JUM092518A067,2,2,0.6934285391968338,0.8407130526804187
JUM092518A067,JUM,JRS_1,JRS,1,R,R-JUM092518A067,1,1,0.4412122706057681,0.7636722896929916
JUM092518A067,JUM,JRS_1,JRS,1,R,R-JUM092518A067,2,1,0.43565502612684287,0.6907619064424112
JUM092518A067,JUM,JRS_1,JRS,1,R,R-JUM092518A067,2,2,0.557159249305471,0.6907619064424112
JUM092518A067,JUM,LEL_1,LEL,1,R,R-JUM092518A067,2,1,0.3805205440832039,0.7689542540235408
JUM092518A067,JUM,LEL_1,LEL,1,R,R-JUM092518A067,2,2,0.6041691203541097,0.7689542540235408
JUM092518A067,JUM,MJS_1,MJS,1,R,R-JUM092518A067,2,1,0.5524182272374115,0.8890558235640001
JUM092518A067,JUM,MJS_1,MJS,1,R,R-JUM092518A067,2,2,0.7516753597737547,0.8890558235640001
JUM092518A068,JUM,CJF_1,CJF,1,R,R-JUM092518A068,3,1,0.4753240336727561,0.8901083593651861
JUM092518A068,JUM,CJF_1,CJF,1,R,R-JUM092518A068,3,2,0.6549005193847179,0.8901083593651861
JUM092518A068,JUM,CJF_1,CJF,1,R,R-JUM092518A068,3,3,0.7596187563059704,0.8901083593651861
JUM092518A068,JUM,JRS_1,JRS,1,R,R-JUM092518A068,3,1,0.2563790117334084,0.6132542424771995
JUM092518A068,JUM,JRS_1,JRS,1,R,R-JUM092518A068,3,1,0.4245148157534492,0.6512501710027968
JUM092518A068,JUM,JRS_1,JRS,1,R,R-JUM092518A068,3,2,0.41341917259323835,0.6132542424771995
JUM092518A068,JUM,JRS_1,JRS,1,R,R-JUM092518A068,3,2,0.5233280463928991,0.6512501710027968
JUM092518A068,JUM,JRS_1,JRS,1,R,R-JUM092518A068,3,3,0.5074313176023441,0.6132542424771995
JUM092518A068,JUM,JRS_1,JRS,1,R,R-JUM092518A068,3,3,0.5923117039528347,0.6512501710027968
JUM092518A068,JUM,LEL_1,LEL,1,R,R-JUM092518A068,3,1,0.39104648908441864,0.7565099748333017
JUM092518A068,JUM,LEL_1,LEL,1,R,R-JUM092518A068,3,2,0.516777407804274,0.7565099748333017
JUM092518A068,JUM,LEL_1,LEL,1,R,R-JUM092518A068,3,3,0.6372920043725119,0.7565099748333017
JUM092518A068,JUM,MJS_1,MJS,1,R,R-JUM092518A068,3,1,0.4305872269212474,0.8124194571989315
JUM092518A068,JUM,MJS_1,MJS,1,R,R-JUM092518A068,3,2,0.5926693602148476,0.8124194571989315
JUM092518A068,JUM,MJS_1,MJS,1,R,R-JUM092518A068,3,3,0.7173571567043318,0.8124194571989315
JUM092518A069,JUM,CJF_1,CJF,1,R,R-JUM092518A069,2,1,0.5244771493691258,0.8098872896380462
JUM092518A069,JUM,CJF_1,CJF,1,R,R-JUM092518A069,2,2,0.7012629868914098,0.8098872896380462
JUM092518A069,JUM,JRS_1,JRS,1,R,R-JUM092518A069,2,1,0.35768995969425993,0.6366092398596748
JUM092518A069,JUM,JRS_1,JRS,1,R,R-JUM092518A069,3,1,0.5171072389561713,0.7736310213349501
JUM092518A069,JUM,JRS_1,JRS,1,R,R-JUM092518A069,2,2,0.5134648032515104,0.6366092398596748
JUM092518A069,JUM,JRS_1,JRS,1,R,R-JUM092518A069,3,2,0.6602044071124564,0.7736310213349501
JUM092518A069,JUM,JRS_1,JRS,1,R,R-JUM092518A069,3,3,0.7424309761729985,0.7736310213349501
JUM092518A069,JUM,LEL_1,LEL,1,R,R-JUM092518A069,2,1,0.602554368433154,0.7651671084080864
JUM092518A069,JUM,LEL_1,LEL,1,R,R-JUM092518A069,2,2,0.6932783898850842,0.7651671084080864
JUM092518A069,JUM,MJS_1,MJS,1,R,R-JUM092518A069,2,1,0.5172241739547551,0.8060864453038782
JUM092518A069,JUM,MJS_1,MJS,1,R,R-JUM092518A069,2,2,0.6722883254040554,0.8060864453038782
JUM092518A070,JUM,CJF_1,CJF,1,R,R-JUM092518A070,3,1,0.3607480632190769,0.7878437353363048
JUM092518A070,JUM,CJF_1,CJF,1,R,R-JUM092518A070,3,2,0.5536074415950665,0.7878437353363048
JUM092518A070,JUM,CJF_1,CJF,1,R,R-JUM092518A070,3,3,0.7038401678499996,0.7878437353363048
JUM092518A070,JUM,JRS_1,JRS,1,R,R-JUM092518A070,1,1,0.4692145664866415,0.6468597229625408
JUM092518A070,JUM,JRS_1,JRS,1,R,R-JUM092518A070,3,1,0.40675088825495764,0.5818236213227153
JUM092518A070,JUM,JRS_1,JRS,1,R,R-JUM092518A070,3,2,0.4576508708843977,0.5818236213227153
JUM092518A070,JUM,JRS_1,JRS,1,R,R-JUM092518A070,3,3,0.522073339635305,0.5818236213227153
JUM092518A070,JUM,LEL_1,LEL,1,R,R-JUM092518A070,3,1,0.41398673586055446,0.7270462575965254
JUM092518A070,JUM,LEL_1,LEL,1,R,R-JUM092518A070,3,2,0.5797594413392877,0.7270462575965254
JUM092518A070,JUM,LEL_1,LEL,1,R,R-JUM092518A070,3,3,0.6239400289663254,0.7270462575965254
JUM092518A070,JUM,MJS_1,MJS,1,R,R-JUM092518A070,2,1,0.2335365697545746,0.4292120652632986
JUM092518A070,JUM,MJS_1,MJS,1,R,R-JUM092518A070,2,2,0.33941764506886074,0.4292120652632986
JUM092518A071,JUM,CJF_1,CJF,1,R,R-JUM092518A071,2,1,0.30535365481871374,0.5560869622192447
JUM092518A071,JUM,CJF_1,CJF,1,R,R-JUM092518A071,2,2,0.4704703774147137,0.5560869622192447
JUM092518A071,JUM,JRS_1,JRS,1,R,R-JUM092518A071,2,1,0.2160569289364504,0.5927940470736437
JUM092518A071,JUM,JRS_1,JRS,1,R,R-JUM092518A071,3,1,0.24493076478194165,0.5541523680718881
JUM092518A071,JUM,JRS_1,JRS,1,R,R-JUM092518A071,2,2,0.4205635169566042,0.5927940470736437
JUM092518A071,JUM,JRS_1,JRS,1,R,R-JUM092518A071,3,2,0.37666522444486,0.5541523680718881
JUM092518A071,JUM,JRS_1,JRS,1,R,R-JUM092518A071,3,3,0.49664623485205855,0.5541523680718881
JUM092518A071,JUM,LEL_1,LEL,1,R,R-JUM092518A071,3,1,0.3632052568772932,0.7274826918517129
JUM092518A071,JUM,LEL_1,LEL,1,R,R-JUM092518A071,3,2,0.5671081174074182,0.7274826918517129
JUM092518A071,JUM,LEL_1,LEL,1,R,R-JUM092518A071,3,3,0.6161444544143834,0.7274826918517129
JUM092518A071,JUM,MJS_1,MJS,1,R,R-JUM092518A071,2,1,0.4704246303700469,0.614496747455825
JUM092518A071,JUM,MJS_1,MJS,1,R,R-JUM092518A071,2,2,0.5445230257106757,0.614496747455825
JUM092518A072,JUM,CJF_1,CJF,1,R,R-JUM092518A072,3,1,0.4462116118326082,0.859375505453353
JUM092518A072,JUM,CJF_1,CJF,1,R,R-JUM092518A072,3,2,0.5926574360235495,0.859375505453353
JUM092518A072,JUM,CJF_1,CJF,1,R,R-JUM092518A072,3,3,0.7232874759939495,0.859375505453353
JUM092518A072,JUM,JRS_1,JRS,1,R,R-JUM092518A072,3,1,0.19539853099028695,0.4963927254729886
JUM092518A072,JUM,JRS_1,JRS,1,R,R-JUM092518A072,3,1,0.273878130900693,0.5473674945428327
JUM092518A072,JUM,JRS_1,JRS,1,R,R-JUM092518A072,3,2,0.3513777126240296,0.4963927254729886
JUM092518A072,JUM,JRS_1,JRS,1,R,R-JUM092518A072,3,2,0.38310380468651595,0.5473674945428327
JUM092518A072,JUM,JRS_1,JRS,1,R,R-JUM092518A072,3,3,0.4301831588161737,0.4963927254729886
JUM092518A072,JUM,JRS_1,JRS,1,R,R-JUM092518A072,3,3,0.48358165497150524,0.5473674945428327
JUM092518A072,JUM,LEL_1,LEL,1,R,R-JUM092518A072,3,1,0.3110112695840947,0.6347129696754397
JUM092518A072,JUM,LEL_1,LEL,1,R,R-JUM092518A072,3,2,0.4510144139207613,0.6347129696754397
JUM092518A072,JUM,LEL_1,LEL,1,R,R-JUM092518A072,3,3,0.5578173838890853,0.6347129696754397
JUM092518A072,JUM,MJS_1,MJS,1,R,R-JUM092518A072,4,1,0.233670071075475,0.4892490260658491
JUM092518A072,JUM,MJS_1,MJS,1,R,R-JUM092518A072,4,2,0.24097303238044093,0.4892490260658491
JUM092518A072,JUM,MJS_1,MJS,1,R,R-JUM092518A072,4,3,0.35315960660213397,0.4892490260658491
JUM092518A072,JUM,MJS_1,MJS,1,R,R-JUM092518A072,4,4,0.4331557389550038,0.4892490260658491
JUM092518A073,JUM,JRS_1,JRS,1,R,R-JUM092518A073,3,1,0.33931255887875084,0.5490494526500335
JUM092518A073,JUM,JRS_1,JRS,1,R,R-JUM092518A073,3,2,0.4166033817227652,0.5490494526500335
JUM092518A073,JUM,JRS_1,JRS,1,R,R-JUM092518A073,3,3,0.49426158220407507,0.5490494526500335
JUM092518A073,JUM,LEL_1,LEL,1,R,R-JUM092518A073,0,NA,NA,0.6355041990091552
JUM092518A073,JUM,MJS_1,MJS,1,R,R-JUM092518A073,1,1,0.3642237918451078,0.5264629334331592
JUM092518A074,JUM,JRS_1,JRS,1,R,R-JUM092518A074,1,1,0.666833140860915,0.7473497133966971
JUM092518A074,JUM,JRS_1,JRS,1,R,R-JUM092518A074,0,NA,NA,0.5362645802972961
JUM092518A074,JUM,LEL_1,LEL,1,R,R-JUM092518A074,0,NA,NA,0.8101513139925871
JUM092518A074,JUM,MJS_1,MJS,1,R,R-JUM092518A074,0,NA,NA,0.6460641599310956
JUM092518A075,JUM,CJF_1,CJF,1,R,R-JUM092518A075,4,1,0.505265066524267,1.2188246306418622
JUM092518A075,JUM,CJF_1,CJF,1,R,R-JUM092518A075,4,2,0.7604104532599323,1.2188246306418622
JUM092518A075,JUM,CJF_1,CJF,1,R,R-JUM092518A075,4,3,0.9582400745242408,1.2188246306418622
JUM092518A075,JUM,CJF_1,CJF,1,R,R-JUM092518A075,4,4,1.1053558637357062,1.2188246306418622
JUM092518A075,JUM,JRS_1,JRS,1,R,R-JUM092518A075,4,1,0.31259814482016646,0.7032357561611312
JUM092518A075,JUM,JRS_1,JRS,1,R,R-JUM092518A075,4,1,0.37834801136592483,0.7834620250841907
JUM092518A075,JUM,JRS_1,JRS,1,R,R-JUM092518A075,4,2,0.4875873635032127,0.7032357561611312
JUM092518A075,JUM,JRS_1,JRS,1,R,R-JUM092518A075,4,2,0.5184132477820815,0.7834620250841907
JUM092518A075,JUM,JRS_1,JRS,1,R,R-JUM092518A075,4,3,0.584222630853348,0.7032357561611312
JUM092518A075,JUM,JRS_1,JRS,1,R,R-JUM092518A075,4,3,0.6202146926110133,0.7834620250841907
JUM092518A075,JUM,JRS_1,JRS,1,R,R-JUM092518A075,4,4,0.6622620973741618,0.7032357561611312
JUM092518A075,JUM,JRS_1,JRS,1,R,R-JUM092518A075,4,4,0.7071209594969667,0.7834620250841907
JUM092518A075,JUM,LEL_1,LEL,1,R,R-JUM092518A075,4,1,0.4871996947004506,0.8746561786754175
JUM092518A075,JUM,LEL_1,LEL,1,R,R-JUM092518A075,4,2,0.6534367354393519,0.8746561786754175
JUM092518A075,JUM,LEL_1,LEL,1,R,R-JUM092518A075,4,3,0.7418215233304153,0.8746561786754175
JUM092518A075,JUM,LEL_1,LEL,1,R,R-JUM092518A075,4,4,0.8053737445140041,0.8746561786754175
JUM092518A075,JUM,MJS_1,MJS,1,R,R-JUM092518A075,4,1,0.7180153086357803,1.2960589010461627
JUM092518A075,JUM,MJS_1,MJS,1,R,R-JUM092518A075,4,2,0.8592916641542238,1.2960589010461627
JUM092518A075,JUM,MJS_1,MJS,1,R,R-JUM092518A075,4,3,1.015199043756598,1.2960589010461627
JUM092518A075,JUM,MJS_1,MJS,1,R,R-JUM092518A075,4,4,1.1714946378132485,1.2960589010461627
JUM092518A076,JUM,CJF_1,CJF,1,R,R-JUM092518A076,2,1,0.48640339140546335,0.9204748241536557
JUM092518A076,JUM,CJF_1,CJF,1,R,R-JUM092518A076,2,2,0.7461533600071689,0.9204748241536557
JUM092518A076,JUM,JRS_1,JRS,1,R,R-JUM092518A076,2,1,0.40512459015551966,0.668613075294348
JUM092518A076,JUM,JRS_1,JRS,1,R,R-JUM092518A076,4,1,0.16089784062857498,0.6658440968371468
JUM092518A076,JUM,JRS_1,JRS,1,R,R-JUM092518A076,2,2,0.5755500753317608,0.668613075294348
JUM092518A076,JUM,JRS_1,JRS,1,R,R-JUM092518A076,4,2,0.3989165610568041,0.6658440968371468
JUM092518A076,JUM,JRS_1,JRS,1,R,R-JUM092518A076,4,3,0.5405374716133969,0.6658440968371468
JUM092518A076,JUM,JRS_1,JRS,1,R,R-JUM092518A076,4,4,0.6317407835577492,0.6658440968371468
JUM092518A076,JUM,LEL_1,LEL,1,R,R-JUM092518A076,3,1,0.3721535946867058,0.8855236738142722
JUM092518A076,JUM,LEL_1,LEL,1,R,R-JUM092518A076,3,2,0.6222305370704077,0.8855236738142722
JUM092518A076,JUM,LEL_1,LEL,1,R,R-JUM092518A076,3,3,0.7782222991209754,0.8855236738142722
JUM092518A076,JUM,MJS_1,MJS,1,R,R-JUM092518A076,2,1,0.3887281262040599,0.6842443975476228
JUM092518A076,JUM,MJS_1,MJS,1,R,R-JUM092518A076,2,2,0.6048856831488437,0.6842443975476228
JUM092518A077,JUM,CJF_1,CJF,1,R,R-JUM092518A077,3,1,0.4619449358781765,1.0085809489421789
JUM092518A077,JUM,CJF_1,CJF,1,R,R-JUM092518A077,3,2,0.6857579172086568,1.0085809489421789
JUM092518A077,JUM,CJF_1,CJF,1,R,R-JUM092518A077,3,3,0.8612767743876871,1.0085809489421789
JUM092518A077,JUM,JRS_1,JRS,1,R,R-JUM092518A077,3,1,0.4608026718930446,0.9676776839819439
JUM092518A077,JUM,JRS_1,JRS,1,R,R-JUM092518A077,3,1,0.33485238596298694,0.5952118993319385
JUM092518A077,JUM,JRS_1,JRS,1,R,R-JUM092518A077,3,2,0.6676261215233825,0.9676776839819439
JUM092518A077,JUM,JRS_1,JRS,1,R,R-JUM092518A077,3,2,0.4421705126468847,0.5952118993319385
JUM092518A077,JUM,JRS_1,JRS,1,R,R-JUM092518A077,3,3,0.8244376744966899,0.9676776839819439
JUM092518A077,JUM,JRS_1,JRS,1,R,R-JUM092518A077,3,3,0.5321880550724053,0.5952118993319385
JUM092518A077,JUM,LEL_1,LEL,1,R,R-JUM092518A077,3,1,0.5201311338218332,1.0439502213590057
JUM092518A077,JUM,LEL_1,LEL,1,R,R-JUM092518A077,3,2,0.7340334621622848,1.0439502213590057
JUM092518A077,JUM,LEL_1,LEL,1,R,R-JUM092518A077,3,3,0.8943966250236937,1.0439502213590057
JUM092518A077,JUM,MJS_1,MJS,1,R,R-JUM092518A077,3,1,0.5231215201788784,1.0438631750384364
JUM092518A077,JUM,MJS_1,MJS,1,R,R-JUM092518A077,3,2,0.7224300779328054,1.0438631750384364
JUM092518A077,JUM,MJS_1,MJS,1,R,R-JUM092518A077,3,3,0.8941164088138245,1.0438631750384364
JUM092518A079,JUM,CJF_1,CJF,1,R,R-JUM092518A079,3,1,0.47328757542866257,0.9538575610651372
JUM092518A079,JUM,CJF_1,CJF,1,R,R-JUM092518A079,3,2,0.6561659681121261,0.9538575610651372
JUM092518A079,JUM,CJF_1,CJF,1,R,R-JUM092518A079,3,3,0.8102373554269106,0.9538575610651372
JUM092518A079,JUM,JRS_1,JRS,1,R,R-JUM092518A079,2,1,0.42868945157508265,0.7560567323083027
JUM092518A079,JUM,JRS_1,JRS,1,R,R-JUM092518A079,3,1,0.4320697178379068,0.7791219276029278
JUM092518A079,JUM,JRS_1,JRS,1,R,R-JUM092518A079,2,2,0.6154797970646821,0.7560567323083027
JUM092518A079,JUM,JRS_1,JRS,1,R,R-JUM092518A079,3,2,0.5859658171969626,0.7791219276029278
JUM092518A079,JUM,JRS_1,JRS,1,R,R-JUM092518A079,3,3,0.7080491248218117,0.7791219276029278
JUM092518A079,JUM,LEL_1,LEL,1,R,R-JUM092518A079,3,1,0.5649698098189849,0.8482212690927395
JUM092518A079,JUM,LEL_1,LEL,1,R,R-JUM092518A079,3,2,0.7092277871075194,0.8482212690927395
JUM092518A079,JUM,LEL_1,LEL,1,R,R-JUM092518A079,3,3,0.8135046256695617,0.8482212690927395
JUM092518A079,JUM,MJS_1,MJS,1,R,R-JUM092518A079,3,1,0.5510200124567183,0.961089406939071
JUM092518A079,JUM,MJS_1,MJS,1,R,R-JUM092518A079,3,2,0.6723016562968633,0.961089406939071
JUM092518A079,JUM,MJS_1,MJS,1,R,R-JUM092518A079,3,3,0.8125175656539719,0.961089406939071
JUM092518A080,JUM,CJF_1,CJF,1,R,R-JUM092518A080,4,1,0.4177699230241566,1.019545723158182
JUM092518A080,JUM,CJF_1,CJF,1,R,R-JUM092518A080,4,2,0.6039761590568684,1.019545723158182
JUM092518A080,JUM,CJF_1,CJF,1,R,R-JUM092518A080,4,3,0.7671784336993427,1.019545723158182
JUM092518A080,JUM,CJF_1,CJF,1,R,R-JUM092518A080,4,4,0.8867985730954433,1.019545723158182
JUM092518A080,JUM,JRS_1,JRS,1,R,R-JUM092518A080,4,1,0.46598343363898714,1.0531060147634774
JUM092518A080,JUM,JRS_1,JRS,1,R,R-JUM092518A080,4,1,0.40615430404899266,0.7668159302025286
JUM092518A080,JUM,JRS_1,JRS,1,R,R-JUM092518A080,4,2,0.6652616272795856,1.0531060147634774
JUM092518A080,JUM,JRS_1,JRS,1,R,R-JUM092518A080,4,2,0.5159878042965597,0.7668159302025286
JUM092518A080,JUM,JRS_1,JRS,1,R,R-JUM092518A080,4,3,0.8241693234032699,1.0531060147634774
JUM092518A080,JUM,JRS_1,JRS,1,R,R-JUM092518A080,4,3,0.6168766812269616,0.7668159302025286
JUM092518A080,JUM,JRS_1,JRS,1,R,R-JUM092518A080,4,4,0.9373090397092464,1.0531060147634774
JUM092518A080,JUM,JRS_1,JRS,1,R,R-JUM092518A080,4,4,0.7163714917373274,0.7668159302025286
JUM092518A080,JUM,LEL_1,LEL,1,R,R-JUM092518A080,4,1,0.4353885466823117,0.8016731058503849
JUM092518A080,JUM,LEL_1,LEL,1,R,R-JUM092518A080,4,2,0.5994321745676737,0.8016731058503849
JUM092518A080,JUM,LEL_1,LEL,1,R,R-JUM092518A080,4,3,0.6705736982512883,0.8016731058503849
JUM092518A080,JUM,LEL_1,LEL,1,R,R-JUM092518A080,4,4,0.7512557009682586,0.8016731058503849
JUM092518A080,JUM,MJS_1,MJS,1,R,R-JUM092518A080,4,1,0.4716530130142279,1.0819942142432648
JUM092518A080,JUM,MJS_1,MJS,1,R,R-JUM092518A080,4,2,0.6941357137671159,1.0819942142432648
JUM092518A080,JUM,MJS_1,MJS,1,R,R-JUM092518A080,4,3,0.8433850626358189,1.0819942142432648
JUM092518A080,JUM,MJS_1,MJS,1,R,R-JUM092518A080,4,4,0.9548162195947413,1.0819942142432648
JUM092518A081,JUM,CJF_1,CJF,1,R,R-JUM092518A081,2,1,0.5259512263108038,0.81875599754623
JUM092518A081,JUM,CJF_1,CJF,1,R,R-JUM092518A081,2,2,0.7037725030020938,0.81875599754623
JUM092518A081,JUM,JRS_1,JRS,1,R,R-JUM092518A081,3,1,0.29051146889687696,0.7790065211282489
JUM092518A081,JUM,JRS_1,JRS,1,R,R-JUM092518A081,2,1,0.4719539923971202,0.6880031218632991
JUM092518A081,JUM,JRS_1,JRS,1,R,R-JUM092518A081,3,2,0.4677059140298549,0.7790065211282489
JUM092518A081,JUM,JRS_1,JRS,1,R,R-JUM092518A081,2,2,0.6288766419286427,0.6880031218632991
JUM092518A081,JUM,JRS_1,JRS,1,R,R-JUM092518A081,3,3,0.6560135087362051,0.7790065211282489
JUM092518A081,JUM,LEL_1,LEL,1,R,R-JUM092518A081,2,1,0.5142929123795595,0.8330871637348667
JUM092518A081,JUM,LEL_1,LEL,1,R,R-JUM092518A081,2,2,0.7128436831823267,0.8330871637348667
JUM092518A081,JUM,MJS_1,MJS,1,R,R-JUM092518A081,2,1,0.5564477008838458,0.8693031073548587
JUM092518A081,JUM,MJS_1,MJS,1,R,R-JUM092518A081,2,2,0.7384014179606687,0.8693031073548587
JUM092518A082,JUM,CJF_1,CJF,1,R,R-JUM092518A082,3,1,0.4038329439061012,0.8497389757112809
JUM092518A082,JUM,CJF_1,CJF,1,R,R-JUM092518A082,3,2,0.6045720656621499,0.8497389757112809
JUM092518A082,JUM,CJF_1,CJF,1,R,R-JUM092518A082,3,3,0.7275025612824045,0.8497389757112809
JUM092518A082,JUM,JRS_1,JRS,1,R,R-JUM092518A082,2,1,0.3391278378293592,0.6187710097790349
JUM092518A082,JUM,JRS_1,JRS,1,R,R-JUM092518A082,3,1,0.3723292349562703,0.6541461411259049
JUM092518A082,JUM,JRS_1,JRS,1,R,R-JUM092518A082,2,2,0.4462437312895644,0.6187710097790349
JUM092518A082,JUM,JRS_1,JRS,1,R,R-JUM092518A082,3,2,0.49008303224126637,0.6541461411259049
JUM092518A082,JUM,JRS_1,JRS,1,R,R-JUM092518A082,3,3,0.5740395082757612,0.6541461411259049
JUM092518A082,JUM,LEL_1,LEL,1,R,R-JUM092518A082,3,1,0.5235916283038183,0.8016857735058659
JUM092518A082,JUM,LEL_1,LEL,1,R,R-JUM092518A082,3,2,0.6397992499796711,0.8016857735058659
JUM092518A082,JUM,LEL_1,LEL,1,R,R-JUM092518A082,3,3,0.7376362779553965,0.8016857735058659
JUM092518A082,JUM,MJS_1,MJS,1,R,R-JUM092518A082,3,1,0.3369603940757945,0.6229472458538605
JUM092518A082,JUM,MJS_1,MJS,1,R,R-JUM092518A082,3,2,0.48475752126469596,0.6229472458538605
JUM092518A082,JUM,MJS_1,MJS,1,R,R-JUM092518A082,3,3,0.5733078782162722,0.6229472458538605
JUM092518A083,JUM,CJF_1,CJF,1,R,R-JUM092518A083,3,1,0.519116559888059,1.0363596351900657
JUM092518A083,JUM,CJF_1,CJF,1,R,R-JUM092518A083,3,2,0.714225700053355,1.0363596351900657
JUM092518A083,JUM,CJF_1,CJF,1,R,R-JUM092518A083,3,3,0.8910257332672697,1.0363596351900657
JUM092518A083,JUM,JRS_1,JRS,1,R,R-JUM092518A083,3,1,0.5046129337124674,1.0620768478566909
JUM092518A083,JUM,JRS_1,JRS,1,R,R-JUM092518A083,3,1,0.3442633851123083,0.5935285378542509
JUM092518A083,JUM,JRS_1,JRS,1,R,R-JUM092518A083,3,2,0.7483056148559627,1.0620768478566909
JUM092518A083,JUM,JRS_1,JRS,1,R,R-JUM092518A083,3,2,0.45502127092082,0.5935285378542509
JUM092518A083,JUM,JRS_1,JRS,1,R,R-JUM092518A083,3,3,0.8977123853860156,1.0620768478566909
JUM092518A083,JUM,JRS_1,JRS,1,R,R-JUM092518A083,3,3,0.5432764991436512,0.5935285378542509
JUM092518A083,JUM,LEL_1,LEL,1,R,R-JUM092518A083,3,1,0.6303629198223416,1.1114391704549873
JUM092518A083,JUM,LEL_1,LEL,1,R,R-JUM092518A083,3,2,0.8410356198688267,1.1114391704549873
JUM092518A083,JUM,LEL_1,LEL,1,R,R-JUM092518A083,3,3,0.9985858926649226,1.1114391704549873
JUM092518A083,JUM,MJS_1,MJS,1,R,R-JUM092518A083,3,1,0.5760911182357725,1.129714785002413
JUM092518A083,JUM,MJS_1,MJS,1,R,R-JUM092518A083,3,2,0.7941293664951057,1.129714785002413
JUM092518A083,JUM,MJS_1,MJS,1,R,R-JUM092518A083,3,3,0.9755048927171657,1.129714785002413
JUM092518A084,JUM,CJF_1,CJF,1,R,R-JUM092518A084,2,1,0.5914542496684462,0.9813295837961429
JUM092518A084,JUM,CJF_1,CJF,1,R,R-JUM092518A084,2,2,0.7686234545674197,0.9813295837961429
JUM092518A084,JUM,JRS_1,JRS,1,R,R-JUM092518A084,2,1,0.38706867181558735,0.6429782593562221
JUM092518A084,JUM,JRS_1,JRS,1,R,R-JUM092518A084,2,1,0.412788037471616,0.6682284365402906
JUM092518A084,JUM,JRS_1,JRS,1,R,R-JUM092518A084,2,2,0.557402720670021,0.6429782593562221
JUM092518A084,JUM,JRS_1,JRS,1,R,R-JUM092518A084,2,2,0.5752226413206645,0.6682284365402906
JUM092518A084,JUM,LEL_1,LEL,1,R,R-JUM092518A084,2,1,0.6891405155348768,1.0913709845071633
JUM092518A084,JUM,LEL_1,LEL,1,R,R-JUM092518A084,2,2,0.8666241981708024,1.0913709845071633
JUM092518A084,JUM,MJS_1,MJS,1,R,R-JUM092518A084,2,1,0.32378074127143536,0.5924125755323894
JUM092518A084,JUM,MJS_1,MJS,1,R,R-JUM092518A084,2,2,0.4879031102938113,0.5924125755323894
JUM092518A085,JUM,CJF_1,CJF,1,R,R-JUM092518A085,1,1,0.7107808469562908,0.8879694425958163
JUM092518A085,JUM,JRS_1,JRS,1,R,R-JUM092518A085,2,1,0.4767552313582254,0.8782997764838748
JUM092518A085,JUM,JRS_1,JRS,1,R,R-JUM092518A085,2,1,0.5972501437358365,0.9546891715517735
JUM092518A085,JUM,JRS_1,JRS,1,R,R-JUM092518A085,2,2,0.7398241573282143,0.8782997764838748
JUM092518A085,JUM,JRS_1,JRS,1,R,R-JUM092518A085,2,2,0.8011982083372726,0.9546891715517735
JUM092518A085,JUM,LEL_1,LEL,1,R,R-JUM092518A085,2,1,0.6111310137407435,0.8969839686026488
JUM092518A085,JUM,LEL_1,LEL,1,R,R-JUM092518A085,2,2,0.7588625714506569,0.8969839686026488
JUM092518A085,JUM,MJS_1,MJS,1,R,R-JUM092518A085,2,1,0.5415055161845235,0.9424630564384003
JUM092518A085,JUM,MJS_1,MJS,1,R,R-JUM092518A085,2,2,0.7747386339651755,0.9424630564384003
JUM092518A086,JUM,CJF_1,CJF,1,R,R-JUM092518A086,2,1,0.4845621632915977,0.8135018932621512
JUM092518A086,JUM,CJF_1,CJF,1,R,R-JUM092518A086,2,2,0.679984592365617,0.8135018932621512
JUM092518A086,JUM,JRS_1,JRS,1,R,R-JUM092518A086,2,1,0.3774969400248169,0.694608230624965
JUM092518A086,JUM,JRS_1,JRS,1,R,R-JUM092518A086,2,1,0.32722295101350884,0.5069615431357234
JUM092518A086,JUM,JRS_1,JRS,1,R,R-JUM092518A086,2,2,0.5406173711246305,0.694608230624965
JUM092518A086,JUM,JRS_1,JRS,1,R,R-JUM092518A086,2,2,0.4423869528980431,0.5069615431357234
JUM092518A086,JUM,LEL_1,LEL,1,R,R-JUM092518A086,2,1,0.4895937361286336,0.769537095886026
JUM092518A086,JUM,LEL_1,LEL,1,R,R-JUM092518A086,2,2,0.6444526876204746,0.769537095886026
JUM092518A086,JUM,MJS_1,MJS,1,R,R-JUM092518A086,2,1,0.4818987049998622,0.7626379312146291
JUM092518A086,JUM,MJS_1,MJS,1,R,R-JUM092518A086,2,2,0.6496053619935649,0.7626379312146291
JUM092518A087,JUM,CJF_1,CJF,1,R,R-JUM092518A087,3,1,0.4190966046671414,0.9208528345353998
JUM092518A087,JUM,CJF_1,CJF,1,R,R-JUM092518A087,3,2,0.6519875457882895,0.9208528345353998
JUM092518A087,JUM,CJF_1,CJF,1,R,R-JUM092518A087,3,3,0.7916038892448001,0.9208528345353998
JUM092518A087,JUM,JRS_1,JRS,1,R,R-JUM092518A087,3,1,0.43858063365328337,0.939407968076105
JUM092518A087,JUM,JRS_1,JRS,1,R,R-JUM092518A087,3,1,0.4139327308648333,0.7068852372208417
JUM092518A087,JUM,JRS_1,JRS,1,R,R-JUM092518A087,3,2,0.6670999635614036,0.939407968076105
JUM092518A087,JUM,JRS_1,JRS,1,R,R-JUM092518A087,3,2,0.5212537652020893,0.7068852372208417
JUM092518A087,JUM,JRS_1,JRS,1,R,R-JUM092518A087,3,3,0.7955320379925821,0.939407968076105
JUM092518A087,JUM,JRS_1,JRS,1,R,R-JUM092518A087,3,3,0.6132060416736425,0.7068852372208417
JUM092518A087,JUM,LEL_1,LEL,1,R,R-JUM092518A087,3,1,0.6041496700896679,1.0434895146407772
JUM092518A087,JUM,LEL_1,LEL,1,R,R-JUM092518A087,3,2,0.7716365001010099,1.0434895146407772
JUM092518A087,JUM,LEL_1,LEL,1,R,R-JUM092518A087,3,3,0.9313217087033298,1.0434895146407772
JUM092518A087,JUM,MJS_1,MJS,1,R,R-JUM092518A087,3,1,0.470023580617279,0.9747214237031464
JUM092518A087,JUM,MJS_1,MJS,1,R,R-JUM092518A087,3,2,0.715492877843478,0.9747214237031464
JUM092518A087,JUM,MJS_1,MJS,1,R,R-JUM092518A087,3,3,0.8409006494861968,0.9747214237031464
JUM092518A088,JUM,CJF_1,CJF,1,R,R-JUM092518A088,4,1,0.5681268342741512,1.1008198476521087
JUM092518A088,JUM,CJF_1,CJF,1,R,R-JUM092518A088,4,2,0.7734867622106764,1.1008198476521087
JUM092518A088,JUM,CJF_1,CJF,1,R,R-JUM092518A088,4,3,0.8954338808386829,1.1008198476521087
JUM092518A088,JUM,CJF_1,CJF,1,R,R-JUM092518A088,4,4,0.9953781334192758,1.1008198476521087
JUM092518A088,JUM,JRS_1,JRS,1,R,R-JUM092518A088,4,1,0.4954749824789711,1.0094702072565456
JUM092518A088,JUM,JRS_1,JRS,1,R,R-JUM092518A088,4,1,0.6247498664142035,1.1493795619286953
JUM092518A088,JUM,JRS_1,JRS,1,R,R-JUM092518A088,4,2,0.702747599055278,1.0094702072565456
JUM092518A088,JUM,JRS_1,JRS,1,R,R-JUM092518A088,4,2,0.8050953613509757,1.1493795619286953
JUM092518A088,JUM,JRS_1,JRS,1,R,R-JUM092518A088,4,3,0.8291574322922658,1.0094702072565456
JUM092518A088,JUM,JRS_1,JRS,1,R,R-JUM092518A088,4,3,0.9557277733110588,1.1493795619286953
JUM092518A088,JUM,JRS_1,JRS,1,R,R-JUM092518A088,4,4,0.9218423512690799,1.0094702072565456
JUM092518A088,JUM,JRS_1,JRS,1,R,R-JUM092518A088,4,4,1.05817331592199,1.1493795619286953
JUM092518A088,JUM,LEL_1,LEL,1,R,R-JUM092518A088,4,1,0.6500167450074456,1.1826026788545296
JUM092518A088,JUM,LEL_1,LEL,1,R,R-JUM092518A088,4,2,0.8373304488721302,1.1826026788545296
JUM092518A088,JUM,LEL_1,LEL,1,R,R-JUM092518A088,4,3,0.9710131414450939,1.1826026788545296
JUM092518A088,JUM,LEL_1,LEL,1,R,R-JUM092518A088,4,4,1.086630332314346,1.1826026788545296
JUM092518A088,JUM,MJS_1,MJS,1,R,R-JUM092518A088,4,1,0.44396201337193686,0.8153061090288224
JUM092518A088,JUM,MJS_1,MJS,1,R,R-JUM092518A088,4,2,0.5873058141169489,0.8153061090288224
JUM092518A088,JUM,MJS_1,MJS,1,R,R-JUM092518A088,4,3,0.6983179548767046,0.8153061090288224
JUM092518A088,JUM,MJS_1,MJS,1,R,R-JUM092518A088,4,4,0.7537807504230384,0.8153061090288224
JUM092518A089,JUM,CJF_1,CJF,1,R,R-JUM092518A089,2,1,0.5195174668710989,0.9206011220970218
JUM092518A089,JUM,CJF_1,CJF,1,R,R-JUM092518A089,2,2,0.7572184678393645,0.9206011220970218
JUM092518A089,JUM,JRS_1,JRS,1,R,R-JUM092518A089,2,1,0.4107757851904894,0.6568463194052384
JUM092518A089,JUM,JRS_1,JRS,1,R,R-JUM092518A089,2,1,0.43906808642945117,0.6353828342300873
JUM092518A089,JUM,JRS_1,JRS,1,R,R-JUM092518A089,2,2,0.5678020944500184,0.6568463194052384
JUM092518A089,JUM,JRS_1,JRS,1,R,R-JUM092518A089,2,2,0.5443452844738248,0.6353828342300873
JUM092518A089,JUM,LEL_1,LEL,1,R,R-JUM092518A089,2,1,0.5177693307755036,0.7675537568108071
JUM092518A089,JUM,LEL_1,LEL,1,R,R-JUM092518A089,2,2,0.6969375450010976,0.7675537568108071
JUM092518A089,JUM,MJS_1,MJS,1,R,R-JUM092518A089,2,1,0.37939535470704827,0.639633483542901
JUM092518A089,JUM,MJS_1,MJS,1,R,R-JUM092518A089,2,2,0.5392345846411521,0.639633483542901
JUM092518A090,JUM,CJF_1,CJF,1,R,R-JUM092518A090,2,1,0.3967579550822377,0.7066501510754581
JUM092518A090,JUM,CJF_1,CJF,1,R,R-JUM092518A090,2,2,0.5877044576896859,0.7066501510754581
JUM092518A090,JUM,JRS_1,JRS,1,R,R-JUM092518A090,2,1,0.3122251319841916,0.5457717741892669
JUM092518A090,JUM,JRS_1,JRS,1,R,R-JUM092518A090,2,1,0.49652642843910477,0.7678214157402428
JUM092518A090,JUM,JRS_1,JRS,1,R,R-JUM092518A090,2,2,0.4636549681544767,0.5457717741892669
JUM092518A090,JUM,JRS_1,JRS,1,R,R-JUM092518A090,2,2,0.6484763845618772,0.7678214157402428
JUM092518A090,JUM,LEL_1,LEL,1,R,R-JUM092518A090,2,1,0.4105526070883758,0.6482915023958888
JUM092518A090,JUM,LEL_1,LEL,1,R,R-JUM092518A090,2,2,0.5611493368264941,0.6482915023958888
JUM092518A090,JUM,MJS_1,MJS,1,R,R-JUM092518A090,2,1,0.42947971255774603,0.70340473696775
JUM092518A090,JUM,MJS_1,MJS,1,R,R-JUM092518A090,2,2,0.5911518552595796,0.70340473696775
JUM092518A091,JUM,CJF_1,CJF,1,R,R-JUM092518A091,3,1,0.48177129815580755,0.9915165359222401
JUM092518A091,JUM,CJF_1,CJF,1,R,R-JUM092518A091,3,2,0.6772101356891449,0.9915165359222401
JUM092518A091,JUM,CJF_1,CJF,1,R,R-JUM092518A091,3,3,0.8947913953066619,0.9915165359222401
JUM092518A091,JUM,JRS_1,JRS,1,R,R-JUM092518A091,2,1,0.47985400473359263,0.9809019001525626
JUM092518A091,JUM,JRS_1,JRS,1,R,R-JUM092518A091,3,1,0.3765734676307933,0.67618223549088885
JUM092518A091,JUM,JRS_1,JRS,1,R,R-JUM092518A091,2,2,0.7170396603537837,0.9809019001525626
JUM092518A091,JUM,JRS_1,JRS,1,R,R-JUM092518A091,3,2,0.5087658283854019,0.67618223549088885
JUM092518A091,JUM,JRS_1,JRS,1,R,R-JUM092518A091,3,3,0.5885350382643708,0.67618223549088885
JUM092518A091,JUM,LEL_1,LEL,1,R,R-JUM092518A091,3,1,0.4522602947760992,0.9268501109997371
JUM092518A091,JUM,LEL_1,LEL,1,R,R-JUM092518A091,3,2,0.6292809906655447,0.9268501109997371
JUM092518A091,JUM,LEL_1,LEL,1,R,R-JUM092518A091,3,3,0.7929406247286439,0.9268501109997371
JUM092518A091,JUM,MJS_1,MJS,1,R,R-JUM092518A091,3,1,0.36771330921320244,0.6819370735681891
JUM092518A091,JUM,MJS_1,MJS,1,R,R-JUM092518A091,3,2,0.5089426895201931,0.6819370735681891
JUM092518A091,JUM,MJS_1,MJS,1,R,R-JUM092518A091,3,3,0.5972502599706251,0.6819370735681891
JUM092518A092,JUM,CJF_1,CJF,1,R,R-JUM092518A092,4,1,0.42782484576671787,1.0189067216461347
JUM092518A092,JUM,CJF_1,CJF,1,R,R-JUM092518A092,4,2,0.6557911533753064,1.0189067216461347
JUM092518A092,JUM,CJF_1,CJF,1,R,R-JUM092518A092,4,3,0.7947608844845215,1.0189067216461347
JUM092518A092,JUM,CJF_1,CJF,1,R,R-JUM092518A092,4,4,0.8898292857347656,1.0189067216461347
JUM092518A092,JUM,JRS_1,JRS,1,R,R-JUM092518A092,4,1,0.49251395782907814,1.062490626548255
JUM092518A092,JUM,JRS_1,JRS,1,R,R-JUM092518A092,5,1,0.5988058987385617,1.1669444119442276
JUM092518A092,JUM,JRS_1,JRS,1,R,R-JUM092518A092,4,2,0.7004543355387849,1.062490626548255
JUM092518A092,JUM,JRS_1,JRS,1,R,R-JUM092518A092,5,2,0.7500887354784583,1.1669444119442276
JUM092518A092,JUM,JRS_1,JRS,1,R,R-JUM092518A092,4,3,0.8466083743051268,1.062490626548255
JUM092518A092,JUM,JRS_1,JRS,1,R,R-JUM092518A092,5,3,0.891149110374057,1.1669444119442276
JUM092518A092,JUM,JRS_1,JRS,1,R,R-JUM092518A092,4,4,0.9560459604490184,1.062490626548255
JUM092518A092,JUM,JRS_1,JRS,1,R,R-JUM092518A092,5,4,0.9886704365130934,1.1669444119442276
JUM092518A092,JUM,JRS_1,JRS,1,R,R-JUM092518A092,5,5,1.0613698975541428,1.1669444119442276
JUM092518A092,JUM,LEL_1,LEL,1,R,R-JUM092518A092,4,1,0.293388252462242,0.8013977177995566
JUM092518A092,JUM,LEL_1,LEL,1,R,R-JUM092518A092,4,2,0.421678225061638,0.8013977177995566
JUM092518A092,JUM,LEL_1,LEL,1,R,R-JUM092518A092,4,3,0.5575220278159604,0.8013977177995566
JUM092518A092,JUM,LEL_1,LEL,1,R,R-JUM092518A092,4,4,0.7020471264050798,0.8013977177995566
JUM092518A092,JUM,MJS_1,MJS,1,R,R-JUM092518A092,4,1,0.4610374361315443,1.0307932113050553
JUM092518A092,JUM,MJS_1,MJS,1,R,R-JUM092518A092,4,2,0.6526313476471082,1.0307932113050553
JUM092518A092,JUM,MJS_1,MJS,1,R,R-JUM092518A092,4,3,0.8169565531893724,1.0307932113050553
JUM092518A092,JUM,MJS_1,MJS,1,R,R-JUM092518A092,4,4,0.9346397706960407,1.0307932113050553
JUM092518A093,JUM,CJF_1,CJF,1,R,R-JUM092518A093,2,1,0.5416466833419983,0.8808275925797349
JUM092518A093,JUM,CJF_1,CJF,1,R,R-JUM092518A093,2,2,0.7265296441530278,0.8808275925797349
JUM092518A093,JUM,JRS_1,JRS,1,R,R-JUM092518A093,2,1,0.3342388868098455,0.6473040111843366
JUM092518A093,JUM,JRS_1,JRS,1,R,R-JUM092518A093,2,1,0.35894175865857747,0.5360479960422183
JUM092518A093,JUM,JRS_1,JRS,1,R,R-JUM092518A093,2,2,0.4976133156240099,0.6473040111843366
JUM092518A093,JUM,JRS_1,JRS,1,R,R-JUM092518A093,2,2,0.453621730300477,0.5360479960422183
JUM092518A093,JUM,LEL_1,LEL,1,R,R-JUM092518A093,2,1,0.43926852348377116,0.7346170396326164
JUM092518A093,JUM,LEL_1,LEL,1,R,R-JUM092518A093,2,2,0.5971671546277081,0.7346170396326164
JUM092518A093,JUM,MJS_1,MJS,1,R,R-JUM092518A093,2,1,0.5522488695423725,0.8942247951486161
JUM092518A093,JUM,MJS_1,MJS,1,R,R-JUM092518A093,2,2,0.7532475665774483,0.8942247951486161
JUM092518A094,JUM,CJF_1,CJF,1,R,R-JUM092518A094,3,1,0.5993212449858216,1.2756828124371826
JUM092518A094,JUM,CJF_1,CJF,1,R,R-JUM092518A094,3,2,0.8659682973393823,1.2756828124371826
JUM092518A094,JUM,CJF_1,CJF,1,R,R-JUM092518A094,3,3,1.095975877643561,1.2756828124371826
JUM092518A094,JUM,JRS_1,JRS,1,R,R-JUM092518A094,3,1,0.5843614499577585,1.2361332011506623
JUM092518A094,JUM,JRS_1,JRS,1,R,R-JUM092518A094,3,1,0.371638614883839,0.6974672122635674
JUM092518A094,JUM,JRS_1,JRS,1,R,R-JUM092518A094,3,2,0.8764671332423264,1.2361332011506623
JUM092518A094,JUM,JRS_1,JRS,1,R,R-JUM092518A094,3,2,0.5483480130118663,0.6974672122635674
JUM092518A094,JUM,JRS_1,JRS,1,R,R-JUM092518A094,3,3,1.0603861510956913,1.2361332011506623
JUM092518A094,JUM,JRS_1,JRS,1,R,R-JUM092518A094,3,3,0.6203283752122366,0.6974672122635674
JUM092518A094,JUM,LEL_1,LEL,1,R,R-JUM092518A094,3,1,0.4562691212915735,0.8607425437563867
JUM092518A094,JUM,LEL_1,LEL,1,R,R-JUM092518A094,3,2,0.663513583541701,0.8607425437563867
JUM092518A094,JUM,LEL_1,LEL,1,R,R-JUM092518A094,3,3,0.7865724970237813,0.8607425437563867
JUM092518A094,JUM,MJS_1,MJS,1,R,R-JUM092518A094,3,1,0.3614421982168768,0.7368894094684317
JUM092518A094,JUM,MJS_1,MJS,1,R,R-JUM092518A094,3,2,0.5034786809574672,0.7368894094684317
JUM092518A094,JUM,MJS_1,MJS,1,R,R-JUM092518A094,3,3,0.6234491455851406,0.7368894094684317
JUM092518A095,JUM,CJF_1,CJF,1,R,R-JUM092518A095,4,1,0.46026141074033344,1.0472605532481916
JUM092518A095,JUM,CJF_1,CJF,1,R,R-JUM092518A095,4,2,0.6642632009241184,1.0472605532481916
JUM092518A095,JUM,CJF_1,CJF,1,R,R-JUM092518A095,4,3,0.8328661937784274,1.0472605532481916
JUM092518A095,JUM,CJF_1,CJF,1,R,R-JUM092518A095,4,4,0.9494551550528352,1.0472605532481916
JUM092518A095,JUM,JRS_1,JRS,1,R,R-JUM092518A095,4,1,0.4657305901895116,1.0453314366198467
JUM092518A095,JUM,JRS_1,JRS,1,R,R-JUM092518A095,4,1,0.2613340449093334,0.6045194678273386
JUM092518A095,JUM,JRS_1,JRS,1,R,R-JUM092518A095,4,2,0.6568541984513672,1.0453314366198467
JUM092518A095,JUM,JRS_1,JRS,1,R,R-JUM092518A095,4,2,0.4031210769602299,0.6045194678273386
JUM092518A095,JUM,JRS_1,JRS,1,R,R-JUM092518A095,4,3,0.8223538936476811,1.0453314366198467
JUM092518A095,JUM,JRS_1,JRS,1,R,R-JUM092518A095,4,3,0.47401459298565063,0.6045194678273386
JUM092518A095,JUM,JRS_1,JRS,1,R,R-JUM092518A095,4,4,0.9464737151147216,1.0453314366198467
JUM092518A095,JUM,JRS_1,JRS,1,R,R-JUM092518A095,4,4,0.5374456336399841,0.6045194678273386
JUM092518A095,JUM,LEL_1,LEL,1,R,R-JUM092518A095,4,1,0.4184463564550996,0.7760796401195211
JUM092518A095,JUM,LEL_1,LEL,1,R,R-JUM092518A095,4,2,0.5679029840034784,0.7760796401195211
JUM092518A095,JUM,LEL_1,LEL,1,R,R-JUM092518A095,4,3,0.6308263381249852,0.7760796401195211
JUM092518A095,JUM,LEL_1,LEL,1,R,R-JUM092518A095,4,4,0.7163935911412341,0.7760796401195211
JUM092518A095,JUM,MJS_1,MJS,1,R,R-JUM092518A095,4,1,0.5102020300648789,1.1039146991096023
JUM092518A095,JUM,MJS_1,MJS,1,R,R-JUM092518A095,4,2,0.7011594162714437,1.1039146991096023
JUM092518A095,JUM,MJS_1,MJS,1,R,R-JUM092518A095,4,3,0.8724097537999485,1.1039146991096023
JUM092518A095,JUM,MJS_1,MJS,1,R,R-JUM092518A095,4,4,1.011758296177562,1.1039146991096023
JUM092518A096,JUM,CJF_1,CJF,1,R,R-JUM092518A096,2,1,0.5158541625542331,0.8968445925758721
JUM092518A096,JUM,CJF_1,CJF,1,R,R-JUM092518A096,2,2,0.7361717664740556,0.8968445925758721
JUM092518A096,JUM,JRS_1,JRS,1,R,R-JUM092518A096,1,1,0.6293415845341801,0.7712709087877025
JUM092518A096,JUM,JRS_1,JRS,1,R,R-JUM092518A096,2,1,0.39927091007137816,0.5800011162519485
JUM092518A096,JUM,JRS_1,JRS,1,R,R-JUM092518A096,2,2,0.5022395123984106,0.5800011162519485
JUM092518A096,JUM,LEL_1,LEL,1,R,R-JUM092518A096,2,1,0.5655270027248285,0.8977972336067829
JUM092518A096,JUM,LEL_1,LEL,1,R,R-JUM092518A096,2,2,0.7468375947186339,0.8977972336067829
JUM092518A096,JUM,MJS_1,MJS,1,R,R-JUM092518A096,2,1,0.544684675698183,0.8655133994791799
JUM092518A096,JUM,MJS_1,MJS,1,R,R-JUM092518A096,2,2,0.728472885484315,0.8655133994791799
JUM092518A097,JUM,CJF_1,CJF,1,R,R-JUM092518A097,2,1,0.5688655017025736,0.9434200413523162
JUM092518A097,JUM,CJF_1,CJF,1,R,R-JUM092518A097,2,2,0.7876827134872271,0.9434200413523162
JUM092518A097,JUM,JRS_1,JRS,1,R,R-JUM092518A097,2,1,0.6016939117681028,0.9511027742504266
JUM092518A097,JUM,JRS_1,JRS,1,R,R-JUM092518A097,2,1,0.3446172310044827,0.5356178774061909
JUM092518A097,JUM,JRS_1,JRS,1,R,R-JUM092518A097,2,2,0.7908630649375822,0.9511027742504266
JUM092518A097,JUM,JRS_1,JRS,1,R,R-JUM092518A097,2,2,0.45697055241724543,0.5356178774061909
JUM092518A097,JUM,LEL_1,LEL,1,R,R-JUM092518A097,2,1,0.5270898828959596,0.7327246551286724
JUM092518A097,JUM,LEL_1,LEL,1,R,R-JUM092518A097,2,2,0.6654005985313558,0.7327246551286724
JUM092518A097,JUM,MJS_1,MJS,1,R,R-JUM092518A097,2,1,0.6265793189911204,0.9965020375614146
JUM092518A097,JUM,MJS_1,MJS,1,R,R-JUM092518A097,2,2,0.83371976118507,0.9965020375614146
JUM092518A098,JUM,CJF_1,CJF,1,R,R-JUM092518A098,3,1,0.5185516203232003,1.0222787018888362
JUM092518A098,JUM,CJF_1,CJF,1,R,R-JUM092518A098,3,2,0.7512619288614587,1.0222787018888362
JUM092518A098,JUM,CJF_1,CJF,1,R,R-JUM092518A098,3,3,0.8861030175855269,1.0222787018888362
JUM092518A098,JUM,JRS_1,JRS,1,R,R-JUM092518A098,3,1,0.3544866001573834,0.5860305429732128
JUM092518A098,JUM,JRS_1,JRS,1,R,R-JUM092518A098,3,1,0.3329489315916736,0.565685424949238
JUM092518A098,JUM,JRS_1,JRS,1,R,R-JUM092518A098,3,2,0.4819756963210214,0.5860305429732128
JUM092518A098,JUM,JRS_1,JRS,1,R,R-JUM092518A098,3,2,0.4374587394796165,0.565685424949238
JUM092518A098,JUM,JRS_1,JRS,1,R,R-JUM092518A098,3,3,0.5405613200996354,0.5860305429732128
JUM092518A098,JUM,JRS_1,JRS,1,R,R-JUM092518A098,3,3,0.5058158835484753,0.565685424949238
JUM092518A098,JUM,LEL_1,LEL,1,R,R-JUM092518A098,3,1,0.6023155272018362,0.8893039246321452
JUM092518A098,JUM,LEL_1,LEL,1,R,R-JUM092518A098,3,2,0.7282811321766686,0.8893039246321452
JUM092518A098,JUM,LEL_1,LEL,1,R,R-JUM092518A098,3,3,0.8157202566557636,0.8893039246321452
JUM092518A098,JUM,MJS_1,MJS,1,R,R-JUM092518A098,3,1,0.3156404847418417,0.5656058417481813
JUM092518A098,JUM,MJS_1,MJS,1,R,R-JUM092518A098,3,2,0.4272643961983194,0.5656058417481813
JUM092518A098,JUM,MJS_1,MJS,1,R,R-JUM092518A098,3,3,0.5067714777245149,0.5656058417481813
JUM092518A099,JUM,CJF_1,CJF,1,R,R-JUM092518A099,4,1,0.47625585306364643,1.1038361598999313
JUM092518A099,JUM,CJF_1,CJF,1,R,R-JUM092518A099,4,2,0.7296323422914373,1.1038361598999313
JUM092518A099,JUM,CJF_1,CJF,1,R,R-JUM092518A099,4,3,0.887277566504161,1.1038361598999313
JUM092518A099,JUM,CJF_1,CJF,1,R,R-JUM092518A099,4,4,1.0304808958279477,1.1038361598999313
JUM092518A099,JUM,JRS_1,JRS,1,R,R-JUM092518A099,3,1,0.4409838409928826,1.028127727154532
JUM092518A099,JUM,JRS_1,JRS,1,R,R-JUM092518A099,4,1,0.3565667797349903,0.6818403611499482
JUM092518A099,JUM,JRS_1,JRS,1,R,R-JUM092518A099,3,2,0.6396419624703261,1.028127727154532
JUM092518A099,JUM,JRS_1,JRS,1,R,R-JUM092518A099,4,2,0.42923288025498085,0.6818403611499482
JUM092518A099,JUM,JRS_1,JRS,1,R,R-JUM092518A099,3,3,0.8137201827844859,1.028127727154532
JUM092518A099,JUM,JRS_1,JRS,1,R,R-JUM092518A099,4,3,0.5330604182599712,0.6818403611499482
JUM092518A099,JUM,JRS_1,JRS,1,R,R-JUM092518A099,4,4,0.6216915399579702,0.6818403611499482
JUM092518A099,JUM,LEL_1,LEL,1,R,R-JUM092518A099,3,1,0.5776918514458952,0.9443241080287864
JUM092518A099,JUM,LEL_1,LEL,1,R,R-JUM092518A099,3,2,0.7367397699308613,0.9443241080287864
JUM092518A099,JUM,LEL_1,LEL,1,R,R-JUM092518A099,3,3,0.8549944242592288,0.9443241080287864
JUM092518A099,JUM,MJS_1,MJS,1,R,R-JUM092518A099,4,1,0.5064990339902414,1.1044281716914723
JUM092518A099,JUM,MJS_1,MJS,1,R,R-JUM092518A099,4,2,0.7075963204922653,1.1044281716914723
JUM092518A099,JUM,MJS_1,MJS,1,R,R-JUM092518A099,4,3,0.841928198641976,1.1044281716914723
JUM092518A099,JUM,MJS_1,MJS,1,R,R-JUM092518A099,4,4,0.992348242206208,1.1044281716914723
JUM092518A100,JUM,JRS_1,JRS,1,R,R-JUM092518A100,1,1,0.6358429458766551,0.7747825002248081
JUM092518A100,JUM,JRS_1,JRS,1,R,R-JUM092518A100,2,1,0.5514192921051048,0.8859463385808464
JUM092518A100,JUM,JRS_1,JRS,1,R,R-JUM092518A100,2,2,0.7254824370864317,0.8859463385808464
JUM092518A100,JUM,LEL_1,LEL,1,R,R-JUM092518A100,1,1,0.487986403554855,0.6295612028639294
JUM092518A100,JUM,MJS_1,MJS,1,R,R-JUM092518A100,1,1,0.769606980276332,0.9044376413533566
JUM092518A101,JUM,CJF_1,CJF,1,R,R-JUM092518A101,4,1,0.5279417856317077,1.1919859460140652
JUM092518A101,JUM,CJF_1,CJF,1,R,R-JUM092518A101,4,2,0.758431966398363,1.1919859460140652
JUM092518A101,JUM,CJF_1,CJF,1,R,R-JUM092518A101,4,3,0.9070670225026376,1.1919859460140652
JUM092518A101,JUM,CJF_1,CJF,1,R,R-JUM092518A101,4,4,1.0633304215454078,1.1919859460140652
JUM092518A101,JUM,JRS_1,JRS,1,R,R-JUM092518A101,4,1,0.5216384290979316,1.1347182656401984
JUM092518A101,JUM,JRS_1,JRS,1,R,R-JUM092518A101,4,1,0.41407114441460396,0.8150029720151125
JUM092518A101,JUM,JRS_1,JRS,1,R,R-JUM092518A101,4,2,0.7016373128148504,1.1347182656401984
JUM092518A101,JUM,JRS_1,JRS,1,R,R-JUM092518A101,4,2,0.5668305554229324,0.8150029720151125
JUM092518A101,JUM,JRS_1,JRS,1,R,R-JUM092518A101,4,3,0.8766861496220939,1.1347182656401984
JUM092518A101,JUM,JRS_1,JRS,1,R,R-JUM092518A101,4,3,0.6588057731215938,0.8150029720151125
JUM092518A101,JUM,JRS_1,JRS,1,R,R-JUM092518A101,4,4,1.0123282764337154,1.1347182656401984
JUM092518A101,JUM,JRS_1,JRS,1,R,R-JUM092518A101,4,4,0.7529906810152442,0.8150029720151125
JUM092518A101,JUM,LEL_1,LEL,1,R,R-JUM092518A101,4,1,0.6435666925757766,1.0753979856172986
JUM092518A101,JUM,LEL_1,LEL,1,R,R-JUM092518A101,4,2,0.7794085127866555,1.0753979856172986
JUM092518A101,JUM,LEL_1,LEL,1,R,R-JUM092518A101,4,3,0.9090474608209334,1.0753979856172986
JUM092518A101,JUM,LEL_1,LEL,1,R,R-JUM092518A101,4,4,1.0108216971341861,1.0753979856172986
JUM092518A101,JUM,MJS_1,MJS,1,R,R-JUM092518A101,4,1,0.4200309084634005,0.8272980303324238
JUM092518A101,JUM,MJS_1,MJS,1,R,R-JUM092518A101,4,2,0.5744115004196999,0.8272980303324238
JUM092518A101,JUM,MJS_1,MJS,1,R,R-JUM092518A101,4,3,0.6770013766236674,0.8272980303324238
JUM092518A101,JUM,MJS_1,MJS,1,R,R-JUM092518A101,4,4,0.7556525354332824,0.8272980303324238
JUM092718A001,JUM,CJF_1,CJF,1,R,R-JUM092718A001,9,1,0.4795967827441766,1.7322239217989568
JUM092718A001,JUM,CJF_1,CJF,1,R,R-JUM092718A001,9,2,0.7053583676751163,1.7322239217989568
JUM092718A001,JUM,CJF_1,CJF,1,R,R-JUM092718A001,9,3,0.897211560358708,1.7322239217989568
JUM092718A001,JUM,CJF_1,CJF,1,R,R-JUM092718A001,9,4,1.023072231786612,1.7322239217989568
JUM092718A001,JUM,CJF_1,CJF,1,R,R-JUM092718A001,9,5,1.1769341181672082,1.7322239217989568
JUM092718A001,JUM,CJF_1,CJF,1,R,R-JUM092718A001,9,6,1.288649386259557,1.7322239217989568
JUM092718A001,JUM,CJF_1,CJF,1,R,R-JUM092718A001,9,7,1.4344902403880686,1.7322239217989568
JUM092718A001,JUM,CJF_1,CJF,1,R,R-JUM092718A001,9,8,1.5282667828076337,1.7322239217989568
JUM092718A001,JUM,CJF_1,CJF,1,R,R-JUM092718A001,9,9,1.624157180184627,1.7322239217989568
JUM092718A001,JUM,JRS_1,JRS,1,R,R-JUM092718A001,9,1,0.4328847457684979,1.5956279512848328
JUM092718A001,JUM,JRS_1,JRS,1,R,R-JUM092718A001,9,1,0.35386978653596457,1.1892401068452747
JUM092718A001,JUM,JRS_1,JRS,1,R,R-JUM092718A001,9,2,0.6460935799459914,1.5956279512848328
JUM092718A001,JUM,JRS_1,JRS,1,R,R-JUM092718A001,9,2,0.5329860688990324,1.1892401068452747
JUM092718A001,JUM,JRS_1,JRS,1,R,R-JUM092718A001,9,3,0.8200904169631937,1.5956279512848328
JUM092718A001,JUM,JRS_1,JRS,1,R,R-JUM092718A001,9,3,0.6409206310260217,1.1892401068452747
JUM092718A001,JUM,JRS_1,JRS,1,R,R-JUM092718A001,9,4,0.9572641515776751,1.5956279512848328
JUM092718A001,JUM,JRS_1,JRS,1,R,R-JUM092718A001,9,4,0.7133037786329866,1.1892401068452747
JUM092718A001,JUM,JRS_1,JRS,1,R,R-JUM092718A001,9,5,1.089660096677016,1.5956279512848328
JUM092718A001,JUM,JRS_1,JRS,1,R,R-JUM092718A001,9,5,0.7899708132340901,1.1892401068452747
JUM092718A001,JUM,JRS_1,JRS,1,R,R-JUM092718A001,9,6,1.2049071934003197,1.5956279512848328
JUM092718A001,JUM,JRS_1,JRS,1,R,R-JUM092718A001,9,6,0.8856544280641087,1.1892401068452747
JUM092718A001,JUM,JRS_1,JRS,1,R,R-JUM092718A001,9,7,1.3212804820558703,1.5956279512848328
JUM092718A001,JUM,JRS_1,JRS,1,R,R-JUM092718A001,9,7,0.9800577243272097,1.1892401068452747
JUM092718A001,JUM,JRS_1,JRS,1,R,R-JUM092718A001,9,8,1.4394795695028675,1.5956279512848328
JUM092718A001,JUM,JRS_1,JRS,1,R,R-JUM092718A001,9,8,1.0487576986254812,1.1892401068452747
JUM092718A001,JUM,JRS_1,JRS,1,R,R-JUM092718A001,9,9,1.514251966240557,1.5956279512848328
JUM092718A001,JUM,JRS_1,JRS,1,R,R-JUM092718A001,9,9,1.1254247332265856,1.1892401068452747
JUM092718A001,JUM,LEL_1,LEL,1,R,R-JUM092718A001,9,1,0.5577696475630096,1.382812846023221
JUM092718A001,JUM,LEL_1,LEL,1,R,R-JUM092718A001,9,2,0.7404321917652447,1.382812846023221
JUM092718A001,JUM,LEL_1,LEL,1,R,R-JUM092718A001,9,3,0.8413786282096588,1.382812846023221
JUM092718A001,JUM,LEL_1,LEL,1,R,R-JUM092718A001,9,4,0.9191536755264407,1.382812846023221
JUM092718A001,JUM,LEL_1,LEL,1,R,R-JUM092718A001,9,5,0.9969287228432203,1.382812846023221
JUM092718A001,JUM,LEL_1,LEL,1,R,R-JUM092718A001,9,6,1.075178743678563,1.382812846023221
JUM092718A001,JUM,LEL_1,LEL,1,R,R-JUM092718A001,9,7,1.142080556709372,1.382812846023221
JUM092718A001,JUM,LEL_1,LEL,1,R,R-JUM092718A001,9,8,1.2312038118306918,1.382812846023221
JUM092718A001,JUM,LEL_1,LEL,1,R,R-JUM092718A001,9,9,1.311969972551378,1.382812846023221
JUM092718A001,JUM,MJS_1,MJS,1,R,R-JUM092718A001,10,1,0.501648201607381,1.72894932693756
JUM092718A001,JUM,MJS_1,MJS,1,R,R-JUM092718A001,10,2,0.720431054525819,1.72894932693756
JUM092718A001,JUM,MJS_1,MJS,1,R,R-JUM092718A001,10,3,0.9018087838213499,1.72894932693756
JUM092718A001,JUM,MJS_1,MJS,1,R,R-JUM092718A001,10,4,1.0457813894939734,1.72894932693756
JUM092718A001,JUM,MJS_1,MJS,1,R,R-JUM092718A001,10,5,1.1603236818798344,1.72894932693756
JUM092718A001,JUM,MJS_1,MJS,1,R,R-JUM092718A001,10,6,1.3015433464132928,1.72894932693756
JUM092718A001,JUM,MJS_1,MJS,1,R,R-JUM092718A001,10,7,1.438109167912473,1.72894932693756
JUM092718A001,JUM,MJS_1,MJS,1,R,R-JUM092718A001,10,8,1.5394547807652097,1.72894932693756
JUM092718A001,JUM,MJS_1,MJS,1,R,R-JUM092718A001,10,9,1.6113700803311841,1.72894932693756
JUM092718A001,JUM,MJS_1,MJS,1,R,R-JUM092718A001,10,10,1.6861803275769982,1.72894932693756
JUM092718A002,JUM,CJF_1,CJF,1,R,R-JUM092718A002,3,1,0.47307189123997623,0.9281590256733785
JUM092718A002,JUM,CJF_1,CJF,1,R,R-JUM092718A002,3,2,0.6269088207014737,0.9281590256733785
JUM092718A002,JUM,CJF_1,CJF,1,R,R-JUM092718A002,3,3,0.7607347315126353,0.9281590256733785
JUM092718A002,JUM,JRS_1,JRS,1,R,R-JUM092718A002,3,1,0.3317231967249495,0.7380836079605879
JUM092718A002,JUM,JRS_1,JRS,1,R,R-JUM092718A002,4,1,0.2502579382120666,0.6173140111206958
JUM092718A002,JUM,JRS_1,JRS,1,R,R-JUM092718A002,3,2,0.4647804959085962,0.7380836079605879
JUM092718A002,JUM,JRS_1,JRS,1,R,R-JUM092718A002,4,2,0.3585669717465375,0.6173140111206958
JUM092718A002,JUM,JRS_1,JRS,1,R,R-JUM092718A002,3,3,0.621059428367839,0.7380836079605879
JUM092718A002,JUM,JRS_1,JRS,1,R,R-JUM092718A002,4,3,0.4704915819572431,0.6173140111206958
JUM092718A002,JUM,JRS_1,JRS,1,R,R-JUM092718A002,4,4,0.5330560665102598,0.6173140111206958
JUM092718A002,JUM,LEL_1,LEL,1,R,R-JUM092718A002,3,1,0.5300456541490792,0.7673872192789861
JUM092718A002,JUM,LEL_1,LEL,1,R,R-JUM092718A002,3,2,0.6508898621678992,0.7673872192789861
JUM092718A002,JUM,LEL_1,LEL,1,R,R-JUM092718A002,3,3,0.7086555572892494,0.7673872192789861
JUM092718A002,JUM,MJS_1,MJS,1,R,R-JUM092718A002,3,1,0.44046978771019474,0.8543745842188999
JUM092718A002,JUM,MJS_1,MJS,1,R,R-JUM092718A002,3,2,0.5708202853365025,0.8543745842188999
JUM092718A002,JUM,MJS_1,MJS,1,R,R-JUM092718A002,3,3,0.7180559576367571,0.8543745842188999
JUM101118A001,JUM,CJF_1,CJF,1,R,R-JUM101118A001,2,1,0.5526122729477267,0.8510914183924536
JUM101118A001,JUM,CJF_1,CJF,1,R,R-JUM101118A001,2,2,0.7015244230216707,0.8510914183924536
JUM101118A001,JUM,JRS_1,JRS,1,R,R-JUM101118A001,2,1,0.3443924243218536,0.6634356036861138
JUM101118A001,JUM,JRS_1,JRS,1,R,R-JUM101118A001,2,1,0.3164859816529334,0.5326748167251046
JUM101118A001,JUM,JRS_1,JRS,1,R,R-JUM101118A001,2,2,0.4854982019829689,0.6634356036861138
JUM101118A001,JUM,JRS_1,JRS,1,R,R-JUM101118A001,2,2,0.45159043523611153,0.5326748167251046
JUM101118A001,JUM,LEL_1,LEL,1,R,R-JUM101118A001,2,1,0.5505354836221049,0.7567094890070454
JUM101118A001,JUM,LEL_1,LEL,1,R,R-JUM101118A001,2,2,0.6566189962220415,0.7567094890070454
JUM101118A001,JUM,MJS_1,MJS,1,R,R-JUM101118A001,2,1,0.39375108985053414,0.5998279610316428
JUM101118A001,JUM,MJS_1,MJS,1,R,R-JUM101118A001,2,2,0.5161646146377394,0.5998279610316428
JUM101118A002,JUM,CJF_1,CJF,1,R,R-JUM101118A002,3,1,0.509855560788885,0.9482562840836798
JUM101118A002,JUM,CJF_1,CJF,1,R,R-JUM101118A002,3,2,0.6879229350990868,0.9482562840836798
JUM101118A002,JUM,CJF_1,CJF,1,R,R-JUM101118A002,3,3,0.8339304287220433,0.9482562840836798
JUM101118A002,JUM,JRS_1,JRS,1,R,R-JUM101118A002,3,1,0.5053816753727943,0.9257842476263047
JUM101118A002,JUM,JRS_1,JRS,1,R,R-JUM101118A002,3,1,0.39663717701325973,0.6670771194907285
JUM101118A002,JUM,JRS_1,JRS,1,R,R-JUM101118A002,3,2,0.6883287968368449,0.9257842476263047
JUM101118A002,JUM,JRS_1,JRS,1,R,R-JUM101118A002,3,2,0.5325859525327747,0.6670771194907285
JUM101118A002,JUM,JRS_1,JRS,1,R,R-JUM101118A002,3,3,0.817809098856628,0.9257842476263047
JUM101118A002,JUM,JRS_1,JRS,1,R,R-JUM101118A002,3,3,0.6125588337713108,0.6670771194907285
JUM101118A002,JUM,LEL_1,LEL,1,R,R-JUM101118A002,3,1,0.5295417009105662,0.7986558020472863
JUM101118A002,JUM,LEL_1,LEL,1,R,R-JUM101118A002,3,2,0.6487705269908373,0.7986558020472863
JUM101118A002,JUM,LEL_1,LEL,1,R,R-JUM101118A002,3,3,0.7351966481748219,0.7986558020472863
JUM101118A002,JUM,MJS_1,MJS,1,R,R-JUM101118A002,3,1,0.37129602275784623,0.6568918466589507
JUM101118A002,JUM,MJS_1,MJS,1,R,R-JUM101118A002,3,2,0.5224244087856923,0.6568918466589507
JUM101118A002,JUM,MJS_1,MJS,1,R,R-JUM101118A002,3,3,0.605729149558628,0.6568918466589507
JUM101118A003,JUM,CJF_1,CJF,1,R,R-JUM101118A003,3,1,0.4333191437773783,0.9424994016183131
JUM101118A003,JUM,CJF_1,CJF,1,R,R-JUM101118A003,3,2,0.6590227986127485,0.9424994016183131
JUM101118A003,JUM,CJF_1,CJF,1,R,R-JUM101118A003,3,3,0.8024735046571678,0.9424994016183131
JUM101118A003,JUM,JRS_1,JRS,1,R,R-JUM101118A003,2,1,0.3693948870306688,0.6348159079363859
JUM101118A003,JUM,JRS_1,JRS,1,R,R-JUM101118A003,3,1,0.4958345719703287,0.9743379723150193
JUM101118A003,JUM,JRS_1,JRS,1,R,R-JUM101118A003,2,2,0.5003486207360968,0.6348159079363859
JUM101118A003,JUM,JRS_1,JRS,1,R,R-JUM101118A003,3,2,0.7108791107260864,0.9743379723150193
JUM101118A003,JUM,JRS_1,JRS,1,R,R-JUM101118A003,3,3,0.8638159502930304,0.9743379723150193
JUM101118A003,JUM,LEL_1,LEL,1,R,R-JUM101118A003,2,1,0.5205309480350725,0.7909655578410222
JUM101118A003,JUM,LEL_1,LEL,1,R,R-JUM101118A003,2,2,0.6769396652704736,0.7909655578410222
JUM101118A003,JUM,MJS_1,MJS,1,R,R-JUM101118A003,3,1,0.505628189889151,0.9872740715301979
JUM101118A003,JUM,MJS_1,MJS,1,R,R-JUM101118A003,3,2,0.7169797210327686,0.9872740715301979
JUM101118A003,JUM,MJS_1,MJS,1,R,R-JUM101118A003,3,3,0.853421057705911,0.9872740715301979
JUM101118A004,JUM,CJF_1,CJF,1,R,R-JUM101118A004,3,1,0.5035228544818298,1.020613714786344
JUM101118A004,JUM,CJF_1,CJF,1,R,R-JUM101118A004,3,2,0.7139382311157139,1.020613714786344
JUM101118A004,JUM,CJF_1,CJF,1,R,R-JUM101118A004,3,3,0.898134203655887,1.020613714786344
JUM101118A004,JUM,JRS_1,JRS,1,R,R-JUM101118A004,2,1,0.389034884756217,0.6100291718596459
JUM101118A004,JUM,JRS_1,JRS,1,R,R-JUM101118A004,3,1,0.39114499480698156,0.6583242421836553
JUM101118A004,JUM,JRS_1,JRS,1,R,R-JUM101118A004,2,2,0.5006109617401,0.6100291718596459
JUM101118A004,JUM,JRS_1,JRS,1,R,R-JUM101118A004,3,2,0.49388644090437595,0.6583242421836553
JUM101118A004,JUM,JRS_1,JRS,1,R,R-JUM101118A004,3,3,0.5874621543551715,0.6583242421836553
JUM101118A004,JUM,LEL_1,LEL,1,R,R-JUM101118A004,2,1,0.4948499034798727,0.914824413672051
JUM101118A004,JUM,LEL_1,LEL,1,R,R-JUM101118A004,2,2,0.6402813049505113,0.914824413672051
JUM101118A004,JUM,MJS_1,MJS,1,R,R-JUM101118A004,3,1,0.39990347272087456,0.6076488170904968
JUM101118A004,JUM,MJS_1,MJS,1,R,R-JUM101118A004,3,2,0.5027019302008573,0.6076488170904968
JUM101118A004,JUM,MJS_1,MJS,1,R,R-JUM101118A004,3,3,0.5659397262906845,0.6076488170904968
JUM101118A005,JUM,CJF_1,CJF,1,R,R-JUM101118A005,4,1,0.49166476929470987,0.9456526109901136
JUM101118A005,JUM,CJF_1,CJF,1,R,R-JUM101118A005,4,2,0.6753401304881479,0.9456526109901136
JUM101118A005,JUM,CJF_1,CJF,1,R,R-JUM101118A005,4,3,0.7957293278643108,0.9456526109901136
JUM101118A005,JUM,CJF_1,CJF,1,R,R-JUM101118A005,4,4,0.8765782437247192,0.9456526109901136
JUM101118A005,JUM,JRS_1,JRS,1,R,R-JUM101118A005,3,1,0.39721687602224437,0.731285398061595
JUM101118A005,JUM,JRS_1,JRS,1,R,R-JUM101118A005,3,1,0.3427475247542966,0.6594317234194103
JUM101118A005,JUM,JRS_1,JRS,1,R,R-JUM101118A005,3,2,0.5634986441147624,0.731285398061595
JUM101118A005,JUM,JRS_1,JRS,1,R,R-JUM101118A005,3,2,0.4961801135309783,0.6594317234194103
JUM101118A005,JUM,JRS_1,JRS,1,R,R-JUM101118A005,3,3,0.6488251888160242,0.731285398061595
JUM101118A005,JUM,JRS_1,JRS,1,R,R-JUM101118A005,3,3,0.5775389828758788,0.6594317234194103
JUM101118A005,JUM,LEL_1,LEL,1,R,R-JUM101118A005,3,1,0.5672066171932845,0.9806023272910536
JUM101118A005,JUM,LEL_1,LEL,1,R,R-JUM101118A005,3,2,0.7418229397576768,0.9806023272910536
JUM101118A005,JUM,LEL_1,LEL,1,R,R-JUM101118A005,3,3,0.8728025325300152,0.9806023272910536
JUM101118A005,JUM,MJS_1,MJS,1,R,R-JUM101118A005,3,1,0.40875377363389825,0.7476545191091093
JUM101118A005,JUM,MJS_1,MJS,1,R,R-JUM101118A005,3,2,0.5863019892525891,0.7476545191091093
JUM101118A005,JUM,MJS_1,MJS,1,R,R-JUM101118A005,3,3,0.6723730856832691,0.7476545191091093
JUM101118A006,JUM,CJF_1,CJF,1,R,R-JUM101118A006,3,1,0.6739942172851884,1.280060921467153
JUM101118A006,JUM,CJF_1,CJF,1,R,R-JUM101118A006,3,2,0.9021882203606593,1.280060921467153
JUM101118A006,JUM,CJF_1,CJF,1,R,R-JUM101118A006,3,3,1.1115623671458559,1.280060921467153
JUM101118A006,JUM,JRS_1,JRS,1,R,R-JUM101118A006,3,1,0.6284521549615906,1.2309961693083924
JUM101118A006,JUM,JRS_1,JRS,1,R,R-JUM101118A006,3,1,0.29845043579260977,0.6118868284608249
JUM101118A006,JUM,JRS_1,JRS,1,R,R-JUM101118A006,3,2,0.8692205310512667,1.2309961693083924
JUM101118A006,JUM,JRS_1,JRS,1,R,R-JUM101118A006,3,2,0.4417038132159191,0.6118868284608249
JUM101118A006,JUM,JRS_1,JRS,1,R,R-JUM101118A006,3,3,1.0711463997329662,1.2309961693083924
JUM101118A006,JUM,JRS_1,JRS,1,R,R-JUM101118A006,3,3,0.5175725486463367,0.6118868284608249
JUM101118A006,JUM,LEL_1,LEL,1,R,R-JUM101118A006,3,1,0.6722658878135129,1.2601179982370687
JUM101118A006,JUM,LEL_1,LEL,1,R,R-JUM101118A006,3,2,0.8981426830731121,1.2601179982370687
JUM101118A006,JUM,LEL_1,LEL,1,R,R-JUM101118A006,3,3,1.1179114088450404,1.2601179982370687
JUM101118A006,JUM,MJS_1,MJS,1,R,R-JUM101118A006,3,1,0.6920866780934766,1.3149076488705866
JUM101118A006,JUM,MJS_1,MJS,1,R,R-JUM101118A006,3,2,0.9527302764921124,1.3149076488705866
JUM101118A006,JUM,MJS_1,MJS,1,R,R-JUM101118A006,3,3,1.1457349987171712,1.3149076488705866
JUM101118A007,JUM,CJF_1,CJF,1,R,R-JUM101118A007,2,1,0.4742611928698957,0.8300134773312975
JUM101118A007,JUM,CJF_1,CJF,1,R,R-JUM101118A007,2,2,0.7160571429092414,0.8300134773312975
JUM101118A007,JUM,JRS_1,JRS,1,R,R-JUM101118A007,2,1,0.1114679081581958,0.60980935621916
JUM101118A007,JUM,JRS_1,JRS,1,R,R-JUM101118A007,2,1,0.37450184103892675,0.5744144272262743
JUM101118A007,JUM,JRS_1,JRS,1,R,R-JUM101118A007,2,2,0.23517017482684002,0.60980935621916
JUM101118A007,JUM,JRS_1,JRS,1,R,R-JUM101118A007,2,2,0.4681753710274178,0.5744144272262743
JUM101118A007,JUM,LEL_1,LEL,1,R,R-JUM101118A007,2,1,0.5193040671617705,0.7448563434572593
JUM101118A007,JUM,LEL_1,LEL,1,R,R-JUM101118A007,2,2,0.655068746304043,0.7448563434572593
JUM101118A007,JUM,MJS_1,MJS,1,R,R-JUM101118A007,2,1,0.529182257610805,0.8599639382957767
JUM101118A007,JUM,MJS_1,MJS,1,R,R-JUM101118A007,2,2,0.6874938588724394,0.8599639382957767
JUM101118A008,JUM,CJF_1,CJF,1,R,R-JUM101118A008,1,1,0.5031596500469087,0.7351701164995211
JUM101118A008,JUM,JRS_1,JRS,1,R,R-JUM101118A008,1,1,0.4586575845234409,0.6812752110861555
JUM101118A008,JUM,JRS_1,JRS,1,R,R-JUM101118A008,1,1,0.28118967964014474,0.37077337131006677
JUM101118A008,JUM,LEL_1,LEL,1,R,R-JUM101118A008,2,1,0.35218112504609633,0.7353299518125787
JUM101118A008,JUM,LEL_1,LEL,1,R,R-JUM101118A008,2,2,0.5280216131720536,0.7353299518125787
JUM101118A008,JUM,MJS_1,MJS,1,R,R-JUM101118A008,1,1,0.5486766251757936,0.7655903110858718
JUM101118A009,JUM,CJF_1,CJF,1,R,R-JUM101118A009,9,1,0.5818628829045593,2.2007432163790472
JUM101118A009,JUM,CJF_1,CJF,1,R,R-JUM101118A009,9,2,0.828467220970663,2.2007432163790472
JUM101118A009,JUM,CJF_1,CJF,1,R,R-JUM101118A009,9,3,1.0179809018570405,2.2007432163790472
JUM101118A009,JUM,CJF_1,CJF,1,R,R-JUM101118A009,9,4,1.2871793071317335,2.2007432163790472
JUM101118A009,JUM,CJF_1,CJF,1,R,R-JUM101118A009,9,5,1.519553571215031,2.2007432163790472
JUM101118A009,JUM,CJF_1,CJF,1,R,R-JUM101118A009,9,6,1.6618922889609706,2.2007432163790472
JUM101118A009,JUM,CJF_1,CJF,1,R,R-JUM101118A009,9,7,1.810721565581124,2.2007432163790472
JUM101118A009,JUM,CJF_1,CJF,1,R,R-JUM101118A009,9,8,1.9330965119178598,2.2007432163790472
JUM101118A009,JUM,CJF_1,CJF,1,R,R-JUM101118A009,9,9,2.0624351229564355,2.2007432163790472
JUM101118A009,JUM,JRS_1,JRS,1,R,R-JUM101118A009,8,1,0.363534996086647,1.0786982652302204
JUM101118A009,JUM,JRS_1,JRS,1,R,R-JUM101118A009,8,1,0.30249252486063166,1.0911599348769558
JUM101118A009,JUM,JRS_1,JRS,1,R,R-JUM101118A009,8,2,0.4598454915081636,1.0786982652302204
JUM101118A009,JUM,JRS_1,JRS,1,R,R-JUM101118A009,8,2,0.4142178413480635,1.0911599348769558
JUM101118A009,JUM,JRS_1,JRS,1,R,R-JUM101118A009,8,3,0.5674307718213969,1.0786982652302204
JUM101118A009,JUM,JRS_1,JRS,1,R,R-JUM101118A009,8,3,0.5099369180688075,1.0911599348769558
JUM101118A009,JUM,JRS_1,JRS,1,R,R-JUM101118A009,8,4,0.6485677900232916,1.0786982652302204
JUM101118A009,JUM,JRS_1,JRS,1,R,R-JUM101118A009,8,4,0.5638634798017108,1.0911599348769558
JUM101118A009,JUM,JRS_1,JRS,1,R,R-JUM101118A009,8,5,0.7522543780086186,1.0786982652302204
JUM101118A009,JUM,JRS_1,JRS,1,R,R-JUM101118A009,8,5,0.6701984215364869,1.0911599348769558
JUM101118A009,JUM,JRS_1,JRS,1,R,R-JUM101118A009,8,6,0.8715357353055698,1.0786982652302204
JUM101118A009,JUM,JRS_1,JRS,1,R,R-JUM101118A009,8,6,0.7844540409089676,1.0911599348769558
JUM101118A009,JUM,JRS_1,JRS,1,R,R-JUM101118A009,8,7,0.9084161981246137,1.0786982652302204
JUM101118A009,JUM,JRS_1,JRS,1,R,R-JUM101118A009,8,7,0.8727585005690167,1.0911599348769558
JUM101118A009,JUM,JRS_1,JRS,1,R,R-JUM101118A009,8,8,0.9750116772448939,1.0786982652302204
JUM101118A009,JUM,JRS_1,JRS,1,R,R-JUM101118A009,8,8,0.9531422825913616,1.0911599348769558
JUM101118A009,JUM,LEL_1,LEL,1,R,R-JUM101118A009,7,1,0.9253874715619804,1.644860738550712
JUM101118A009,JUM,LEL_1,LEL,1,R,R-JUM101118A009,7,2,1.1070368586161095,1.644860738550712
JUM101118A009,JUM,LEL_1,LEL,1,R,R-JUM101118A009,7,3,1.2377664461195352,1.644860738550712
JUM101118A009,JUM,LEL_1,LEL,1,R,R-JUM101118A009,7,4,1.2937934121924324,1.644860738550712
JUM101118A009,JUM,LEL_1,LEL,1,R,R-JUM101118A009,7,5,1.3576676529520555,1.644860738550712
JUM101118A009,JUM,LEL_1,LEL,1,R,R-JUM101118A009,7,6,1.4526899946389364,1.644860738550712
JUM101118A009,JUM,LEL_1,LEL,1,R,R-JUM101118A009,7,7,1.5652919484176366,1.644860738550712
JUM101118A009,JUM,MJS_1,MJS,1,R,R-JUM101118A009,10,1,0.27147984525206487,1.0636087031576502
JUM101118A009,JUM,MJS_1,MJS,1,R,R-JUM101118A009,10,2,0.3457822419485189,1.0636087031576502
JUM101118A009,JUM,MJS_1,MJS,1,R,R-JUM101118A009,10,3,0.4201511681172617,1.0636087031576502
JUM101118A009,JUM,MJS_1,MJS,1,R,R-JUM101118A009,10,4,0.5429596905041334,1.0636087031576502
JUM101118A009,JUM,MJS_1,MJS,1,R,R-JUM101118A009,10,5,0.6471094518765215,1.0636087031576502
JUM101118A009,JUM,MJS_1,MJS,1,R,R-JUM101118A009,10,6,0.7400040801151704,1.0636087031576502
JUM101118A009,JUM,MJS_1,MJS,1,R,R-JUM101118A009,10,7,0.844220370959838,1.0636087031576502
JUM101118A009,JUM,MJS_1,MJS,1,R,R-JUM101118A009,10,8,0.9037155118948397,1.0636087031576502
JUM101118A009,JUM,MJS_1,MJS,1,R,R-JUM101118A009,10,9,0.963110858621408,1.0636087031576502
JUM101118A009,JUM,MJS_1,MJS,1,R,R-JUM101118A009,10,10,1.004113562222648,1.0636087031576502
JUM101118A010,JUM,CJF_1,CJF,1,R,R-JUM101118A010,5,1,0.6372157198577402,1.4430007370915432
JUM101118A010,JUM,CJF_1,CJF,1,R,R-JUM101118A010,5,2,0.8874721771654053,1.4430007370915432
JUM101118A010,JUM,CJF_1,CJF,1,R,R-JUM101118A010,5,3,1.0492525779137094,1.4430007370915432
JUM101118A010,JUM,CJF_1,CJF,1,R,R-JUM101118A010,5,4,1.1964161899039214,1.4430007370915432
JUM101118A010,JUM,CJF_1,CJF,1,R,R-JUM101118A010,5,5,1.334862462937631,1.4430007370915432
JUM101118A010,JUM,JRS_1,JRS,1,R,R-JUM101118A010,5,1,0.5718316002799655,1.331060697461727
JUM101118A010,JUM,JRS_1,JRS,1,R,R-JUM101118A010,5,1,0.378812391581037,0.8058060225369275
JUM101118A010,JUM,JRS_1,JRS,1,R,R-JUM101118A010,5,2,0.7994940509100145,1.331060697461727
JUM101118A010,JUM,JRS_1,JRS,1,R,R-JUM101118A010,5,2,0.50525556156451,0.8058060225369275
JUM101118A010,JUM,JRS_1,JRS,1,R,R-JUM101118A010,5,3,0.9753925640588386,1.331060697461727
JUM101118A010,JUM,JRS_1,JRS,1,R,R-JUM101118A010,5,3,0.599980264609032,0.8058060225369275
JUM101118A010,JUM,JRS_1,JRS,1,R,R-JUM101118A010,5,4,1.1273446620196708,1.331060697461727
JUM101118A010,JUM,JRS_1,JRS,1,R,R-JUM101118A010,5,4,0.6660892109308578,0.8058060225369275
JUM101118A010,JUM,JRS_1,JRS,1,R,R-JUM101118A010,5,5,1.2466596828999816,1.331060697461727
JUM101118A010,JUM,JRS_1,JRS,1,R,R-JUM101118A010,5,5,0.7560734280539496,0.8058060225369275
JUM101118A010,JUM,LEL_1,LEL,1,R,R-JUM101118A010,5,1,0.637646925541057,1.0879805539653626
JUM101118A010,JUM,LEL_1,LEL,1,R,R-JUM101118A010,5,2,0.7975145128259199,1.0879805539653626
JUM101118A010,JUM,LEL_1,LEL,1,R,R-JUM101118A010,5,3,0.8774051494619188,1.0879805539653626
JUM101118A010,JUM,LEL_1,LEL,1,R,R-JUM101118A010,5,4,0.9742959463239264,1.0879805539653626
JUM101118A010,JUM,LEL_1,LEL,1,R,R-JUM101118A010,5,5,1.0499881302650669,1.0879805539653626
JUM101118A010,JUM,MJS_1,MJS,1,R,R-JUM101118A010,5,1,0.3973004106816247,0.8341355301186022
JUM101118A010,JUM,MJS_1,MJS,1,R,R-JUM101118A010,5,2,0.5546759612641966,0.8341355301186022
JUM101118A010,JUM,MJS_1,MJS,1,R,R-JUM101118A010,5,3,0.6431632811972074,0.8341355301186022
JUM101118A010,JUM,MJS_1,MJS,1,R,R-JUM101118A010,5,4,0.713409815630233,0.8341355301186022
JUM101118A010,JUM,MJS_1,MJS,1,R,R-JUM101118A010,5,5,0.7828930656244106,0.8341355301186022
JUM101118A011,JUM,CJF_1,CJF,1,R,R-JUM101118A011,4,1,0.44942745466663875,1.0706486999093998
JUM101118A011,JUM,CJF_1,CJF,1,R,R-JUM101118A011,4,2,0.6543473479362112,1.0706486999093998
JUM101118A011,JUM,CJF_1,CJF,1,R,R-JUM101118A011,4,3,0.8110896823169945,1.0706486999093998
JUM101118A011,JUM,CJF_1,CJF,1,R,R-JUM101118A011,4,4,0.9549733811482287,1.0706486999093998
JUM101118A011,JUM,JRS_1,JRS,1,R,R-JUM101118A011,4,1,0.46471503554549,1.0717508570049434
JUM101118A011,JUM,JRS_1,JRS,1,R,R-JUM101118A011,4,1,0.3133763310539428,0.6191524032214726
JUM101118A011,JUM,JRS_1,JRS,1,R,R-JUM101118A011,4,2,0.6660116238707637,1.0717508570049434
JUM101118A011,JUM,JRS_1,JRS,1,R,R-JUM101118A011,4,2,0.43045102602142504,0.6191524032214726
JUM101118A011,JUM,JRS_1,JRS,1,R,R-JUM101118A011,4,3,0.8356979985296116,1.0717508570049434
JUM101118A011,JUM,JRS_1,JRS,1,R,R-JUM101118A011,4,3,0.4994291331875128,0.6191524032214726
JUM101118A011,JUM,JRS_1,JRS,1,R,R-JUM101118A011,4,4,0.940041633394836,1.0717508570049434
JUM101118A011,JUM,JRS_1,JRS,1,R,R-JUM101118A011,4,4,0.5776964456592166,0.6191524032214726
JUM101118A011,JUM,LEL_1,LEL,1,R,R-JUM101118A011,5,1,0.3831087621266601,1.1516890347802575
JUM101118A011,JUM,LEL_1,LEL,1,R,R-JUM101118A011,5,2,0.5708415722152569,1.1516890347802575
JUM101118A011,JUM,LEL_1,LEL,1,R,R-JUM101118A011,5,3,0.7820423467446167,1.1516890347802575
JUM101118A011,JUM,LEL_1,LEL,1,R,R-JUM101118A011,5,4,0.9250260986336801,1.1516890347802575
JUM101118A011,JUM,LEL_1,LEL,1,R,R-JUM101118A011,5,5,1.0087052828911942,1.1516890347802575
JUM101118A011,JUM,MJS_1,MJS,1,R,R-JUM101118A011,4,1,0.3590332027710805,0.6774476007081511
JUM101118A011,JUM,MJS_1,MJS,1,R,R-JUM101118A011,4,2,0.4878263895578221,0.6774476007081511
JUM101118A011,JUM,MJS_1,MJS,1,R,R-JUM101118A011,4,3,0.579235397582248,0.6774476007081511
JUM101118A011,JUM,MJS_1,MJS,1,R,R-JUM101118A011,4,4,0.6452159097156568,0.6774476007081511
JUM101118A012,JUM,CJF_1,CJF,1,R,R-JUM101118A012,2,1,0.4395697009876715,0.9154333573835949
JUM101118A012,JUM,CJF_1,CJF,1,R,R-JUM101118A012,2,2,0.6894484702652011,0.9154333573835949
JUM101118A012,JUM,JRS_1,JRS,1,R,R-JUM101118A012,2,1,0.5367585234615869,0.9336053229783098
JUM101118A012,JUM,JRS_1,JRS,1,R,R-JUM101118A012,2,2,0.7405484295876049,0.9336053229783098
JUM101118A012,JUM,LEL_1,LEL,1,R,R-JUM101118A012,2,1,0.5749770539827147,0.7975416613356624
JUM101118A012,JUM,LEL_1,LEL,1,R,R-JUM101118A012,2,2,0.719659576151704,0.7975416613356624
JUM101118A012,JUM,LSR_1,LSR,1,R,R-JUM101118A012,2,1,0.45025685804732674,0.691257552426986
JUM101118A012,JUM,LSR_1,LSR,1,R,R-JUM101118A012,2,2,0.6146512402943498,0.691257552426986
JUM101118A012,JUM,MJS_1,MJS,1,R,R-JUM101118A012,2,1,0.5365760541846288,0.9368325904200943
JUM101118A012,JUM,MJS_1,MJS,1,R,R-JUM101118A012,2,2,0.7527080178656167,0.9368325904200943
JUM101118A013,JUM,CJF_1,CJF,1,R,R-JUM101118A013,3,1,0.4941081561584407,0.8203852044113217
JUM101118A013,JUM,CJF_1,CJF,1,R,R-JUM101118A013,3,2,0.6396133533656501,0.8203852044113217
JUM101118A013,JUM,CJF_1,CJF,1,R,R-JUM101118A013,3,3,0.7411622342376607,0.8203852044113217
JUM101118A013,JUM,JRS_1,JRS,1,R,R-JUM101118A013,2,1,0.36699214362959376,0.6656334759511955
JUM101118A013,JUM,JRS_1,JRS,1,R,R-JUM101118A013,2,2,0.5142556624158825,0.6656334759511955
JUM101118A013,JUM,LEL_1,LEL,1,R,R-JUM101118A013,2,1,0.38766165964068716,0.6864687137289562
JUM101118A013,JUM,LEL_1,LEL,1,R,R-JUM101118A013,2,2,0.5551763211450266,0.6864687137289562
JUM101118A013,JUM,LSR_1,LSR,1,R,R-JUM101118A013,2,1,0.3384368362486885,0.4977753378630736
JUM101118A013,JUM,LSR_1,LSR,1,R,R-JUM101118A013,2,2,0.42569604823351914,0.4977753378630736
JUM101118A013,JUM,MJS_1,MJS,1,R,R-JUM101118A013,2,1,0.49320316869778363,0.8281786212461612
JUM101118A013,JUM,MJS_1,MJS,1,R,R-JUM101118A013,2,2,0.6832901363355032,0.8281786212461612
JUM101118A014,JUM,CJF_1,CJF,1,R,R-JUM101118A014,5,1,0.49352982159747427,1.1339047894210958
JUM101118A014,JUM,CJF_1,CJF,1,R,R-JUM101118A014,5,2,0.7067168699409805,1.1339047894210958
JUM101118A014,JUM,CJF_1,CJF,1,R,R-JUM101118A014,5,3,0.8339915017393352,1.1339047894210958
JUM101118A014,JUM,CJF_1,CJF,1,R,R-JUM101118A014,5,4,0.9531299398385891,1.1339047894210958
JUM101118A014,JUM,CJF_1,CJF,1,R,R-JUM101118A014,5,5,1.0375472868329358,1.1339047894210958
JUM101118A014,JUM,JRS_1,JRS,1,R,R-JUM101118A014,5,1,0.349164017117434,0.7180192483141864
JUM101118A014,JUM,JRS_1,JRS,1,R,R-JUM101118A014,5,2,0.442475482112951,0.7180192483141864
JUM101118A014,JUM,JRS_1,JRS,1,R,R-JUM101118A014,5,3,0.5204863618144672,0.7180192483141864
JUM101118A014,JUM,JRS_1,JRS,1,R,R-JUM101118A014,5,4,0.590469960561105,0.7180192483141864
JUM101118A014,JUM,JRS_1,JRS,1,R,R-JUM101118A014,5,5,0.6524262783528648,0.7180192483141864
JUM101118A014,JUM,LEL_1,LEL,1,R,R-JUM101118A014,5,1,0.518170572987215,0.9487679261637832
JUM101118A014,JUM,LEL_1,LEL,1,R,R-JUM101118A014,5,2,0.6558602521613006,0.9487679261637832
JUM101118A014,JUM,LEL_1,LEL,1,R,R-JUM101118A014,5,3,0.7389504746135303,0.9487679261637832
JUM101118A014,JUM,LEL_1,LEL,1,R,R-JUM101118A014,5,4,0.82228574038574,0.9487679261637832
JUM101118A014,JUM,LEL_1,LEL,1,R,R-JUM101118A014,5,5,0.8929251984423332,0.9487679261637832
JUM101118A014,JUM,LSR_1,LSR,1,R,R-JUM101118A014,5,1,0.31509700058545026,0.6649392821708572
JUM101118A014,JUM,LSR_1,LSR,1,R,R-JUM101118A014,5,2,0.41363948425546254,0.6649392821708572
JUM101118A014,JUM,LSR_1,LSR,1,R,R-JUM101118A014,5,3,0.4853244761676183,0.6649392821708572
JUM101118A014,JUM,LSR_1,LSR,1,R,R-JUM101118A014,5,4,0.5543151911078689,0.6649392821708572
JUM101118A014,JUM,LSR_1,LSR,1,R,R-JUM101118A014,5,5,0.6122239927744592,0.6649392821708572
JUM101118A014,JUM,MJS_1,MJS,1,R,R-JUM101118A014,5,1,0.3932106625731873,0.769913709929534
JUM101118A014,JUM,MJS_1,MJS,1,R,R-JUM101118A014,5,2,0.48597814997414174,0.769913709929534
JUM101118A014,JUM,MJS_1,MJS,1,R,R-JUM101118A014,5,3,0.5727323974623467,0.769913709929534
JUM101118A014,JUM,MJS_1,MJS,1,R,R-JUM101118A014,5,4,0.6356871134063684,0.769913709929534
JUM101118A014,JUM,MJS_1,MJS,1,R,R-JUM101118A014,5,5,0.697489866989202,0.769913709929534
JUM101118A015,JUM,CJF_1,CJF,1,R,R-JUM101118A015,3,1,0.2877553177586966,0.838733230332111
JUM101118A015,JUM,CJF_1,CJF,1,R,R-JUM101118A015,3,2,0.4609828306830759,0.838733230332111
JUM101118A015,JUM,CJF_1,CJF,1,R,R-JUM101118A015,3,3,0.6211046886417274,0.838733230332111
JUM101118A015,JUM,JRS_1,JRS,1,R,R-JUM101118A015,2,1,0.5030878487739946,0.844755874569163
JUM101118A015,JUM,JRS_1,JRS,1,R,R-JUM101118A015,2,2,0.6689577956579454,0.844755874569163
JUM101118A015,JUM,LEL_1,LEL,1,R,R-JUM101118A015,2,1,0.6929652180345872,0.9203776946872256
JUM101118A015,JUM,LEL_1,LEL,1,R,R-JUM101118A015,2,2,0.8152287409630515,0.9203776946872256
JUM101118A015,JUM,LSR_1,LSR,1,R,R-JUM101118A015,2,1,0.4237568683863482,0.6282527881040892
JUM101118A015,JUM,LSR_1,LSR,1,R,R-JUM101118A015,2,2,0.5431294668464045,0.6282527881040892
JUM101118A015,JUM,MJS_1,MJS,1,R,R-JUM101118A015,3,1,0.3091705172726659,0.6360966809197834
JUM101118A015,JUM,MJS_1,MJS,1,R,R-JUM101118A015,3,2,0.4392307116900954,0.6360966809197834
JUM101118A015,JUM,MJS_1,MJS,1,R,R-JUM101118A015,3,3,0.5605611501923434,0.6360966809197834
JUM101118A016,JUM,CJF_1,CJF,1,R,R-JUM101118A016,1,1,0.42459641417461264,0.6363197919012187
JUM101118A016,JUM,JRS_1,JRS,1,R,R-JUM101118A016,0,NA,NA,0.41807754622095356
JUM101118A016,JUM,LEL_1,LEL,1,R,R-JUM101118A016,1,1,0.5012487184118373,0.6449059245399129
JUM101118A016,JUM,LSR_1,LSR,1,R,R-JUM101118A016,1,1,0.34881831899417814,0.4496353474776615
JUM101118A016,JUM,MJS_1,MJS,1,R,R-JUM101118A016,1,1,0.3173934913645601,0.49168564500940093
JUM101118A017,JUM,CJF_1,CJF,1,R,R-JUM101118A017,2,1,0.3989836766094418,0.8106960241568192
JUM101118A017,JUM,CJF_1,CJF,1,R,R-JUM101118A017,2,2,0.6439097606724099,0.8106960241568192
JUM101118A017,JUM,JRS_1,JRS,1,R,R-JUM101118A017,0,NA,NA,0.43446521502392066
JUM101118A017,JUM,LEL_1,LEL,1,R,R-JUM101118A017,0,NA,NA,0.6698791034636871
JUM101118A017,JUM,LSR_1,LSR,1,R,R-JUM101118A017,2,1,0.290955640388408,0.4552264967405045
JUM101118A017,JUM,LSR_1,LSR,1,R,R-JUM101118A017,2,2,0.3954685075307458,0.4552264967405045
JUM101118A017,JUM,MJS_1,MJS,1,R,R-JUM101118A017,2,1,0.5223896896521609,0.8202418679117285
JUM101118A017,JUM,MJS_1,MJS,1,R,R-JUM101118A017,2,2,0.6825264550097976,0.8202418679117285
JUM101118A018,JUM,CJF_1,CJF,1,R,R-JUM101118A018,5,1,0.5159564109466505,1.310871408293726
JUM101118A018,JUM,CJF_1,CJF,1,R,R-JUM101118A018,5,2,0.767903763901787,1.310871408293726
JUM101118A018,JUM,CJF_1,CJF,1,R,R-JUM101118A018,5,3,0.9410347070405937,1.310871408293726
JUM101118A018,JUM,CJF_1,CJF,1,R,R-JUM101118A018,5,4,1.0718772586088994,1.310871408293726
JUM101118A018,JUM,CJF_1,CJF,1,R,R-JUM101118A018,5,5,1.1934239907575974,1.310871408293726
JUM101118A018,JUM,JRS_1,JRS,1,R,R-JUM101118A018,5,1,0.4901534144762424,1.2304785098984083
JUM101118A018,JUM,JRS_1,JRS,1,R,R-JUM101118A018,5,2,0.6908738796458622,1.2304785098984083
JUM101118A018,JUM,JRS_1,JRS,1,R,R-JUM101118A018,5,3,0.8731299514608938,1.2304785098984083
JUM101118A018,JUM,JRS_1,JRS,1,R,R-JUM101118A018,5,4,1.00773954881759,1.2304785098984083
JUM101118A018,JUM,JRS_1,JRS,1,R,R-JUM101118A018,5,5,1.1095575824346016,1.2304785098984083
JUM101118A018,JUM,LEL_1,LEL,1,R,R-JUM101118A018,6,1,0.4886431271187871,1.2832630210643103
JUM101118A018,JUM,LEL_1,LEL,1,R,R-JUM101118A018,6,2,0.5758588848219588,1.2832630210643103
JUM101118A018,JUM,LEL_1,LEL,1,R,R-JUM101118A018,6,3,0.7470447909469242,1.2832630210643103
JUM101118A018,JUM,LEL_1,LEL,1,R,R-JUM101118A018,6,4,0.9141132746290351,1.2832630210643103
JUM101118A018,JUM,LEL_1,LEL,1,R,R-JUM101118A018,6,5,1.0596934563218194,1.2832630210643103
JUM101118A018,JUM,LEL_1,LEL,1,R,R-JUM101118A018,6,6,1.1659333799017155,1.2832630210643103
JUM101118A018,JUM,LSR_1,LSR,1,R,R-JUM101118A018,5,1,0.32667528716504834,0.7486705180395572
JUM101118A018,JUM,LSR_1,LSR,1,R,R-JUM101118A018,5,2,0.4712555471984412,0.7486705180395572
JUM101118A018,JUM,LSR_1,LSR,1,R,R-JUM101118A018,5,3,0.5534743917781138,0.7486705180395572
JUM101118A018,JUM,LSR_1,LSR,1,R,R-JUM101118A018,5,4,0.624792228381638,0.7486705180395572
JUM101118A018,JUM,LSR_1,LSR,1,R,R-JUM101118A018,5,5,0.6790417639350738,0.7486705180395572
JUM101118A018,JUM,MJS_1,MJS,1,R,R-JUM101118A018,5,1,0.3323054324785652,0.7808318764267043
JUM101118A018,JUM,MJS_1,MJS,1,R,R-JUM101118A018,5,2,0.5002656887067125,0.7808318764267043
JUM101118A018,JUM,MJS_1,MJS,1,R,R-JUM101118A018,5,3,0.5729262563827887,0.7808318764267043
JUM101118A018,JUM,MJS_1,MJS,1,R,R-JUM101118A018,5,4,0.6537656250239426,0.7808318764267043
JUM101118A018,JUM,MJS_1,MJS,1,R,R-JUM101118A018,5,5,0.7146323117572139,0.7808318764267043
JUM101118A019,JUM,CJF_1,CJF,1,R,R-JUM101118A019,5,1,0.49583057685693205,1.241170969207707
JUM101118A019,JUM,CJF_1,CJF,1,R,R-JUM101118A019,5,2,0.7094858153899302,1.241170969207707
JUM101118A019,JUM,CJF_1,CJF,1,R,R-JUM101118A019,5,3,0.8575333965382439,1.241170969207707
JUM101118A019,JUM,CJF_1,CJF,1,R,R-JUM101118A019,5,4,1.006218788512708,1.241170969207707
JUM101118A019,JUM,CJF_1,CJF,1,R,R-JUM101118A019,5,5,1.111885088945737,1.241170969207707
JUM101118A019,JUM,JRS_1,JRS,1,R,R-JUM101118A019,4,1,0.24989853762163047,0.6815899811971383
JUM101118A019,JUM,JRS_1,JRS,1,R,R-JUM101118A019,4,2,0.36725086599604967,0.6815899811971383
JUM101118A019,JUM,JRS_1,JRS,1,R,R-JUM101118A019,4,3,0.4657442594093846,0.6815899811971383
JUM101118A019,JUM,JRS_1,JRS,1,R,R-JUM101118A019,4,4,0.5830965877838044,0.6815899811971383
JUM101118A019,JUM,LEL_1,LEL,1,R,R-JUM101118A019,5,1,0.6958074993764336,1.4473052690439836
JUM101118A019,JUM,LEL_1,LEL,1,R,R-JUM101118A019,5,2,0.9005093201570712,1.4473052690439836
JUM101118A019,JUM,LEL_1,LEL,1,R,R-JUM101118A019,5,3,1.0794317992206484,1.4473052690439836
JUM101118A019,JUM,LEL_1,LEL,1,R,R-JUM101118A019,5,4,1.2191325369092347,1.4473052690439836
JUM101118A019,JUM,LEL_1,LEL,1,R,R-JUM101118A019,5,5,1.3106499334508779,1.4473052690439836
JUM101118A019,JUM,LSR_1,LSR,1,R,R-JUM101118A019,5,1,0.28532605849954584,0.688412220878962
JUM101118A019,JUM,LSR_1,LSR,1,R,R-JUM101118A019,5,2,0.41618940553211436,0.688412220878962
JUM101118A019,JUM,LSR_1,LSR,1,R,R-JUM101118A019,5,3,0.5188011490411563,0.688412220878962
JUM101118A019,JUM,LSR_1,LSR,1,R,R-JUM101118A019,5,4,0.5774509240029867,0.688412220878962
JUM101118A019,JUM,LSR_1,LSR,1,R,R-JUM101118A019,5,5,0.6360668820659352,0.688412220878962
JUM101118A019,JUM,MJS_1,MJS,1,R,R-JUM101118A019,5,1,0.5713342569824996,1.3150656820550837
JUM101118A019,JUM,MJS_1,MJS,1,R,R-JUM101118A019,5,2,0.765324849076809,1.3150656820550837
JUM101118A019,JUM,MJS_1,MJS,1,R,R-JUM101118A019,5,3,0.9162241087836798,1.3150656820550837
JUM101118A019,JUM,MJS_1,MJS,1,R,R-JUM101118A019,5,4,1.0456254601073391,1.3150656820550837
JUM101118A019,JUM,MJS_1,MJS,1,R,R-JUM101118A019,5,5,1.185728007812099,1.3150656820550837
JUM101118A020,JUM,CJF_1,CJF,1,R,R-JUM101118A020,5,1,0.3989801981716858,1.0700397695486525
JUM101118A020,JUM,CJF_1,CJF,1,R,R-JUM101118A020,5,2,0.6129538550261466,1.0700397695486525
JUM101118A020,JUM,CJF_1,CJF,1,R,R-JUM101118A020,5,3,0.7362915492376307,1.0700397695486525
JUM101118A020,JUM,CJF_1,CJF,1,R,R-JUM101118A020,5,4,0.8585632692277029,1.0700397695486525
JUM101118A020,JUM,CJF_1,CJF,1,R,R-JUM101118A020,5,5,0.9623857806689569,1.0700397695486525
JUM101118A020,JUM,JRS_1,JRS,1,R,R-JUM101118A020,5,1,0.2935726104951719,0.688711245049776
JUM101118A020,JUM,JRS_1,JRS,1,R,R-JUM101118A020,5,2,0.39710181425352586,0.688711245049776
JUM101118A020,JUM,JRS_1,JRS,1,R,R-JUM101118A020,5,3,0.4700041719525882,0.688711245049776
JUM101118A020,JUM,JRS_1,JRS,1,R,R-JUM101118A020,5,4,0.5539008019991551,0.688711245049776
JUM101118A020,JUM,JRS_1,JRS,1,R,R-JUM101118A020,5,5,0.6207824312658292,0.688711245049776
JUM101118A020,JUM,LEL_1,LEL,1,R,R-JUM101118A020,5,1,0.503148760640599,0.9607090607618567
JUM101118A020,JUM,LEL_1,LEL,1,R,R-JUM101118A020,5,2,0.6227866702908909,0.9607090607618567
JUM101118A020,JUM,LEL_1,LEL,1,R,R-JUM101118A020,5,3,0.6876668107154418,0.9607090607618567
JUM101118A020,JUM,LEL_1,LEL,1,R,R-JUM101118A020,5,4,0.7972855823719841,0.9607090607618567
JUM101118A020,JUM,LEL_1,LEL,1,R,R-JUM101118A020,5,5,0.8831570612764447,0.9607090607618567
JUM101118A020,JUM,LSR_1,LSR,1,R,R-JUM101118A020,5,1,0.2745312392704242,0.7085039428286815
JUM101118A020,JUM,LSR_1,LSR,1,R,R-JUM101118A020,5,2,0.3822290660354775,0.7085039428286815
JUM101118A020,JUM,LSR_1,LSR,1,R,R-JUM101118A020,5,3,0.4782222941312099,0.7085039428286815
JUM101118A020,JUM,LSR_1,LSR,1,R,R-JUM101118A020,5,4,0.5623067260930492,0.7085039428286815
JUM101118A020,JUM,LSR_1,LSR,1,R,R-JUM101118A020,5,5,0.6472120318624721,0.7085039428286815
JUM101118A020,JUM,MJS_1,MJS,1,R,R-JUM101118A020,5,1,0.28575950794102467,0.7426769308431502
JUM101118A020,JUM,MJS_1,MJS,1,R,R-JUM101118A020,5,2,0.3879926048299927,0.7426769308431502
JUM101118A020,JUM,MJS_1,MJS,1,R,R-JUM101118A020,5,3,0.5082821295162048,0.7426769308431502
JUM101118A020,JUM,MJS_1,MJS,1,R,R-JUM101118A020,5,4,0.5986430466534074,0.7426769308431502
JUM101118A020,JUM,MJS_1,MJS,1,R,R-JUM101118A020,5,5,0.6796054832570352,0.7426769308431502
JUM101118A021,JUM,CJF_1,CJF,1,R,R-JUM101118A021,1,1,0.5773159149265159,0.7975129292673536
JUM101118A021,JUM,JRS_1,JRS,1,R,R-JUM101118A021,1,1,0.48124188379526955,0.6873002344972747
JUM101118A021,JUM,LEL_1,LEL,1,R,R-JUM101118A021,2,1,0.4517954497243182,0.8006464806274519
JUM101118A021,JUM,LEL_1,LEL,1,R,R-JUM101118A021,2,2,0.6272640135241789,0.8006464806274519
JUM101118A021,JUM,LSR_1,LSR,1,R,R-JUM101118A021,2,1,0.24666224330983746,0.4497746660952026
JUM101118A021,JUM,LSR_1,LSR,1,R,R-JUM101118A021,2,2,0.34178101394192484,0.4497746660952026
JUM101118A021,JUM,MJS_1,MJS,1,R,R-JUM101118A021,2,1,0.42587690562799435,0.8106729463540099
JUM101118A021,JUM,MJS_1,MJS,1,R,R-JUM101118A021,2,2,0.5984165382163049,0.8106729463540099
JUM101118A022,JUM,CJF_1,CJF,1,R,R-JUM101118A022,1,1,0.49080710997516686,0.6510017861058877
JUM101118A022,JUM,JRS_1,JRS,1,R,R-JUM101118A022,1,1,0.45777381761911184,0.6197713472564603
JUM101118A022,JUM,LEL_1,LEL,1,R,R-JUM101118A022,1,1,0.5701759330728438,0.7556773133808636
JUM101118A022,JUM,LSR_1,LSR,1,R,R-JUM101118A022,1,1,0.43476518299019234,0.5517101417429329
JUM101118A022,JUM,MJS_1,MJS,1,R,R-JUM101118A022,1,1,0.5140859077190685,0.6741706173160769
JUM101118A023,JUM,CJF_1,CJF,1,R,R-JUM101118A023,1,1,0.3880710139206964,0.6295991381116246
JUM101118A023,JUM,JRS_1,JRS,1,R,R-JUM101118A023,1,1,0.45053336764560054,0.6782825562684504
JUM101118A023,JUM,LEL_1,LEL,1,R,R-JUM101118A023,1,1,0.6473790833192825,0.7737977232860596
JUM101118A023,JUM,LSR_1,LSR,1,R,R-JUM101118A023,1,1,0.5466864138004047,0.7379621638049098
JUM101118A023,JUM,MJS_1,MJS,1,R,R-JUM101118A023,1,1,0.4877548652439139,0.7030441324331724
JUM101819J001,JUM,CJF_1,CJF,1,R,R-JUM101819J001,1,1,0.6446595546068484,0.9077062081909537
JUM101819J003,JUM,CJF_1,CJF,1,R,R-JUM101819J003,1,1,0.5686369516793272,0.7903459978673051
JUM101819J004,JUM,CJF_1,CJF,1,R,R-JUM101819J004,1,1,0.5572412555003621,0.7893765091585652
JUM101819J005,JUM,CJF_1,CJF,1,R,R-JUM101819J005,1,1,0.3930003339926419,0.6124811946360124
JUM101819J006,JUM,CJF_1,CJF,1,R,R-JUM101819J006,0,NA,NA,0.5162565114931299
JUM101819J007,JUM,CJF_1,CJF,1,R,R-JUM101819J007,1,1,0.5375308741829994,0.7514436595293356
JUM101819J008,JUM,CJF_1,CJF,1,R,R-JUM101819J008,1,1,0.5897270775693695,0.8584615543652396
JUM101819J009,JUM,CJF_1,CJF,1,R,R-JUM101819J009,1,1,0.5279473205410694,0.6972644329958495
JUM101819J010,JUM,CJF_1,CJF,1,R,R-JUM101819J010,1,1,0.5627808530176066,0.7399422615126642
JUM101819J011,JUM,CJF_1,CJF,1,R,R-JUM101819J011,1,1,0.4572941269801733,0.644496686774643
JUM101819J012,JUM,CJF_1,CJF,1,R,R-JUM101819J012,1,1,0.4081444185433592,0.6278873169429102
JUM101819J013,JUM,CJF_1,CJF,1,R,R-JUM101819J013,1,1,0.4589886601948002,0.6927885506259723
JUM101819J014,JUM,CJF_1,CJF,1,R,R-JUM101819J014,1,1,0.5354633674185905,0.7529116232263038
JUM101819J015,JUM,CJF_1,CJF,1,R,R-JUM101819J015,1,1,0.5348073792278566,0.7189000349976964
JUM101819J016,JUM,CJF_1,CJF,1,R,R-JUM101819J016,1,1,0.4649687183816269,0.7043023305964223
JUM101819J017,JUM,CJF_1,CJF,1,R,R-JUM101819J017,1,1,0.43342709104583255,0.6855267926096404
JUM101819J019,JUM,CJF_1,CJF,1,R,R-JUM101819J019,1,1,0.4422488899800952,0.64322242726887
JUM101819J020,JUM,CJF_1,CJF,1,R,R-JUM101819J020,1,1,0.4786071273813809,0.7196405164354329
JUM101819J021,JUM,CJF_1,CJF,1,R,R-JUM101819J021,1,1,0.6187148440994757,0.8101387100337414
JUM101819J022,JUM,CJF_1,CJF,1,R,R-JUM101819J022,1,1,0.4881912948310538,0.6698583998568418
JUM101819J023,JUM,CJF_1,CJF,1,R,R-JUM101819J023,1,1,0.5216176785636488,0.7929144519479148
JUM101819J024,JUM,CJF_1,CJF,1,R,R-JUM101819J024,1,1,0.5284276589515322,0.6983550875685314
JUM101819J026,JUM,CJF_1,CJF,1,R,R-JUM101819J026,1,1,0.47212095092684064,0.6922408432399761
JUM101819J028,JUM,CJF_1,CJF,1,R,R-JUM101819J028,1,1,0.5554084680367254,0.8042796341986875
JUM101819J029,JUM,CJF_1,CJF,1,R,R-JUM101819J029,1,1,0.5797267663288049,0.796659946683022
JUM101819J030,JUM,CJF_1,CJF,1,R,R-JUM101819J030,2,1,0.4858095153373431,0.8255966263237897
JUM101819J030,JUM,CJF_1,CJF,1,R,R-JUM101819J030,2,2,0.6724307095349886,0.8255966263237897
JUM101819J031,JUM,CJF_1,CJF,1,R,R-JUM101819J031,1,1,0.5080774159481756,0.7182328127713768
JUM101819J032,JUM,CJF_1,CJF,1,R,R-JUM101819J032,1,1,0.5408982218438033,0.73714068099177
JUM101819J033,JUM,CJF_1,CJF,1,R,R-JUM101819J033,1,1,0.6192168360473739,0.8653933911531746
JUM101819J034,JUM,CJF_1,CJF,1,R,R-JUM101819J034,1,1,0.4781485032662662,0.6854724480392582
JUM101819J035,JUM,CJF_1,CJF,1,R,R-JUM101819J035,1,1,0.38160576891332115,0.5577910213759375
JUM101819J036,JUM,CJF_1,CJF,1,R,R-JUM101819J036,1,1,0.5111588859164259,0.7148277145315151
JUM101819J037,JUM,CJF_1,CJF,1,R,R-JUM101819J037,1,1,0.5570359529057528,0.7408105856395466
JUM101819J038,JUM,CJF_1,CJF,1,R,R-JUM101819J038,1,1,0.5222966443620044,0.7007416388988421
JUM101819J039,JUM,CJF_1,CJF,1,R,R-JUM101819J039,1,1,0.4237019310522876,0.6068267691889215
JUM101819J040,JUM,CJF_1,CJF,1,R,R-JUM101819J040,1,1,0.41093152828414975,0.5934905868176655
JUM101819J041,JUM,CJF_1,CJF,1,R,R-JUM101819J041,1,1,0.557314796120668,0.7432005860941757
JUM101819J042,JUM,CJF_1,CJF,1,R,R-JUM101819J042,1,1,0.5584617163726786,0.781302212026409
JUM101819J043,JUM,CJF_1,CJF,1,R,R-JUM101819J043,1,1,0.5581642335899366,0.76298102955974
JUM101819J044,JUM,CJF_1,CJF,1,R,R-JUM101819J044,1,1,0.5714427182973836,0.7590088053645785
JUM101819J045,JUM,CJF_1,CJF,1,R,R-JUM101819J045,1,1,0.4384235021465809,0.6015474894166809
JUM101819J046,JUM,CJF_1,CJF,1,R,R-JUM101819J046,1,1,0.5116922896069055,0.6993895981708778
JUM101819J047,JUM,CJF_1,CJF,1,R,R-JUM101819J047,1,1,0.4696253314898123,0.6227322885152639
JUM101819J048,JUM,CJF_1,CJF,1,R,R-JUM101819J048,1,1,0.386479611049638,0.627759701492724
JUM101819J049,JUM,CJF_1,CJF,1,R,R-JUM101819J049,1,1,0.6015776530729977,0.8412682781964638
JUM101819J050,JUM,CJF_1,CJF,1,R,R-JUM101819J050,1,1,0.4316079647702807,0.6665661133275431
JUM101819J051,JUM,CJF_1,CJF,1,R,R-JUM101819J051,1,1,0.49577247329599394,0.6917569517994546
JUM101819J052,JUM,CJF_1,CJF,1,R,R-JUM101819J052,1,1,0.4150242301440826,0.6758856448551989
JUM101819J053,JUM,CJF_1,CJF,1,R,R-JUM101819J053,1,1,0.5312817371108808,0.7183264544962982
JUM101819J054,JUM,CJF_1,CJF,1,R,R-JUM101819J054,1,1,0.5357531312076894,0.7250805039159277
JUM101819J055,JUM,CJF_1,CJF,1,R,R-JUM101819J055,1,1,0.5655707658661304,0.8108608884006875
JUM101819J056,JUM,CJF_1,CJF,1,R,R-JUM101819J056,1,1,0.5273630175880271,0.7204345141404858
JUM101819J057,JUM,CJF_1,CJF,1,R,R-JUM101819J057,1,1,0.5759419647768166,0.7724808058270671
JUM101819J058,JUM,CJF_1,CJF,1,R,R-JUM101819J058,1,1,0.5131805234970392,0.6929616573933601
JUM101819J059,JUM,CJF_1,CJF,1,R,R-JUM101819J059,3,1,0.523964222664975,0.8958385622614676
JUM101819J059,JUM,CJF_1,CJF,1,R,R-JUM101819J059,3,2,0.675335509947657,0.8958385622614676
JUM101819J059,JUM,CJF_1,CJF,1,R,R-JUM101819J059,3,3,0.8085500693522341,0.8958385622614676
JUM101819J060,JUM,CJF_1,CJF,1,R,R-JUM101819J060,1,1,0.5248608596372211,0.6961543641789094
JUM101819J061,JUM,CJF_1,CJF,1,R,R-JUM101819J061,1,1,0.6662934732388006,0.7576960404055444
JUM101819J062,JUM,CJF_1,CJF,1,R,R-JUM101819J062,1,1,0.41793339892493026,0.6911542952303631
JUM101819J063,JUM,CJF_1,CJF,1,R,R-JUM101819J063,1,1,0.6449603132723497,0.7838187720916949
JUM101819J064,JUM,CJF_1,CJF,1,R,R-JUM101819J064,1,1,0.4253417121194807,0.5901736157880134
JUM101819J065,JUM,CJF_1,CJF,1,R,R-JUM101819J065,1,1,0.5207435344237655,0.6686552926471082
JUM111518A001,JUM,CJF_1,CJF,1,R,R-JUM111518A001,11,1,0.4187427553054154,1.6946543406900885
JUM111518A001,JUM,CJF_1,CJF,1,R,R-JUM111518A001,11,2,0.6006479748893327,1.6946543406900885
JUM111518A001,JUM,CJF_1,CJF,1,R,R-JUM111518A001,11,3,0.7641331041660542,1.6946543406900885
JUM111518A001,JUM,CJF_1,CJF,1,R,R-JUM111518A001,11,4,0.8754249429944496,1.6946543406900885
JUM111518A001,JUM,CJF_1,CJF,1,R,R-JUM111518A001,11,5,0.9950492463078245,1.6946543406900885
JUM111518A001,JUM,CJF_1,CJF,1,R,R-JUM111518A001,11,6,1.1165926883504405,1.6946543406900885
JUM111518A001,JUM,CJF_1,CJF,1,R,R-JUM111518A001,11,7,1.2334779659745587,1.6946543406900885
JUM111518A001,JUM,CJF_1,CJF,1,R,R-JUM111518A001,11,8,1.338684433831224,1.6946543406900885
JUM111518A001,JUM,CJF_1,CJF,1,R,R-JUM111518A001,11,9,1.417138346895715,1.6946543406900885
JUM111518A001,JUM,CJF_1,CJF,1,R,R-JUM111518A001,11,10,1.4965761243122229,1.6946543406900885
JUM111518A001,JUM,CJF_1,CJF,1,R,R-JUM111518A001,11,11,1.5934501276839097,1.6946543406900885
JUM111518A001,JUM,JRS_1,JRS,1,R,R-JUM111518A001,12,1,0.5100682447312586,1.6850817461523497
JUM111518A001,JUM,JRS_1,JRS,1,R,R-JUM111518A001,12,2,0.6462640444581552,1.6850817461523497
JUM111518A001,JUM,JRS_1,JRS,1,R,R-JUM111518A001,12,3,0.6969961938877453,1.6850817461523497
JUM111518A001,JUM,JRS_1,JRS,1,R,R-JUM111518A001,12,4,0.8278639596578133,1.6850817461523497
JUM111518A001,JUM,JRS_1,JRS,1,R,R-JUM111518A001,12,5,0.9293448052083821,1.6850817461523497
JUM111518A001,JUM,JRS_1,JRS,1,R,R-JUM111518A001,12,6,1.0601794775956732,1.6850817461523497
JUM111518A001,JUM,JRS_1,JRS,1,R,R-JUM111518A001,12,7,1.180358082069307,1.6850817461523497
JUM111518A001,JUM,JRS_1,JRS,1,R,R-JUM111518A001,12,8,1.2658051856752253,1.6850817461523497
JUM111518A001,JUM,JRS_1,JRS,1,R,R-JUM111518A001,12,9,1.3486048189941178,1.6850817461523497
JUM111518A001,JUM,JRS_1,JRS,1,R,R-JUM111518A001,12,10,1.4260433249734046,1.6850817461523497
JUM111518A001,JUM,JRS_1,JRS,1,R,R-JUM111518A001,12,11,1.5221795898757566,1.6850817461523497
JUM111518A001,JUM,JRS_1,JRS,1,R,R-JUM111518A001,12,12,1.5943066085896034,1.6850817461523497
JUM111518A001,JUM,LEL_1,LEL,1,R,R-JUM111518A001,10,1,0.5408271213470593,1.4430129480868006
JUM111518A001,JUM,LEL_1,LEL,1,R,R-JUM111518A001,10,2,0.6256605100972181,1.4430129480868006
JUM111518A001,JUM,LEL_1,LEL,1,R,R-JUM111518A001,10,3,0.7460228064838685,1.4430129480868006
JUM111518A001,JUM,LEL_1,LEL,1,R,R-JUM111518A001,10,4,0.8732457079858355,1.4430129480868006
JUM111518A001,JUM,LEL_1,LEL,1,R,R-JUM111518A001,10,5,0.9988621847020651,1.4430129480868006
JUM111518A001,JUM,LEL_1,LEL,1,R,R-JUM111518A001,10,6,1.0955929059109346,1.4430129480868006
JUM111518A001,JUM,LEL_1,LEL,1,R,R-JUM111518A001,10,7,1.1871781732833162,1.4430129480868006
JUM111518A001,JUM,LEL_1,LEL,1,R,R-JUM111518A001,10,8,1.24816253386951,1.4430129480868006
JUM111518A001,JUM,LEL_1,LEL,1,R,R-JUM111518A001,10,9,1.3193834388821308,1.4430129480868006
JUM111518A001,JUM,LEL_1,LEL,1,R,R-JUM111518A001,10,10,1.3786526481894956,1.4430129480868006
JUM111518A001,JUM,LSR_1,LSR,1,R,R-JUM111518A001,11,1,0.54094661563221,1.715041180416966
JUM111518A001,JUM,LSR_1,LSR,1,R,R-JUM111518A001,11,2,0.724899319560577,1.715041180416966
JUM111518A001,JUM,LSR_1,LSR,1,R,R-JUM111518A001,11,3,0.8547445058367993,1.715041180416966
JUM111518A001,JUM,LSR_1,LSR,1,R,R-JUM111518A001,11,4,1.0061555626403416,1.715041180416966
JUM111518A001,JUM,LSR_1,LSR,1,R,R-JUM111518A001,11,5,1.144232581364693,1.715041180416966
JUM111518A001,JUM,LSR_1,LSR,1,R,R-JUM111518A001,11,6,1.2442800646654675,1.715041180416966
JUM111518A001,JUM,LSR_1,LSR,1,R,R-JUM111518A001,11,7,1.3172095086955549,1.715041180416966
JUM111518A001,JUM,LSR_1,LSR,1,R,R-JUM111518A001,11,8,1.4119619450314222,1.715041180416966
JUM111518A001,JUM,LSR_1,LSR,1,R,R-JUM111518A001,11,9,1.4984182684745453,1.715041180416966
JUM111518A001,JUM,LSR_1,LSR,1,R,R-JUM111518A001,11,10,1.5661169459843403,1.715041180416966
JUM111518A001,JUM,LSR_1,LSR,1,R,R-JUM111518A001,11,11,1.6635490460249684,1.715041180416966
JUM111518A001,JUM,MJS_1,MJS,1,R,R-JUM111518A001,11,1,0.5211473506451719,1.7312238193281955
JUM111518A001,JUM,MJS_1,MJS,1,R,R-JUM111518A001,11,2,0.7183877552397724,1.7312238193281955
JUM111518A001,JUM,MJS_1,MJS,1,R,R-JUM111518A001,11,3,0.8374760194082294,1.7312238193281955
JUM111518A001,JUM,MJS_1,MJS,1,R,R-JUM111518A001,11,4,0.9614970669720969,1.7312238193281955
JUM111518A001,JUM,MJS_1,MJS,1,R,R-JUM111518A001,11,5,1.0669101061940502,1.7312238193281955
JUM111518A001,JUM,MJS_1,MJS,1,R,R-JUM111518A001,11,6,1.2046959298016207,1.7312238193281955
JUM111518A001,JUM,MJS_1,MJS,1,R,R-JUM111518A001,11,7,1.2990792379691722,1.7312238193281955
JUM111518A001,JUM,MJS_1,MJS,1,R,R-JUM111518A001,11,8,1.3747649866976106,1.7312238193281955
JUM111518A001,JUM,MJS_1,MJS,1,R,R-JUM111518A001,11,9,1.4530962293181509,1.7312238193281955
JUM111518A001,JUM,MJS_1,MJS,1,R,R-JUM111518A001,11,10,1.5502145824750029,1.7312238193281955
JUM111518A001,JUM,MJS_1,MJS,1,R,R-JUM111518A001,11,11,1.6259898823006391,1.7312238193281955
JUM111518A002,JUM,CJF_1,CJF,1,R,R-JUM111518A002,10,1,0.6927054130381602,1.7618538030218611
JUM111518A002,JUM,CJF_1,CJF,1,R,R-JUM111518A002,10,2,0.859089506753577,1.7618538030218611
JUM111518A002,JUM,CJF_1,CJF,1,R,R-JUM111518A002,10,3,0.9647419693205188,1.7618538030218611
JUM111518A002,JUM,CJF_1,CJF,1,R,R-JUM111518A002,10,4,1.1164271858790553,1.7618538030218611
JUM111518A002,JUM,CJF_1,CJF,1,R,R-JUM111518A002,10,5,1.2065517003502804,1.7618538030218611
JUM111518A002,JUM,CJF_1,CJF,1,R,R-JUM111518A002,10,6,1.2900192923557656,1.7618538030218611
JUM111518A002,JUM,CJF_1,CJF,1,R,R-JUM111518A002,10,7,1.3561569330752117,1.7618538030218611
JUM111518A002,JUM,CJF_1,CJF,1,R,R-JUM111518A002,10,8,1.4480834507367606,1.7618538030218611
JUM111518A002,JUM,CJF_1,CJF,1,R,R-JUM111518A002,10,9,1.5444479167088017,1.7618538030218611
JUM111518A002,JUM,CJF_1,CJF,1,R,R-JUM111518A002,10,10,1.6340164698934632,1.7618538030218611
JUM111518A002,JUM,JRS_1,JRS,1,R,R-JUM111518A002,11,1,0.5581680624002858,1.7952695530643552
JUM111518A002,JUM,JRS_1,JRS,1,R,R-JUM111518A002,11,2,0.7432976693664175,1.7952695530643552
JUM111518A002,JUM,JRS_1,JRS,1,R,R-JUM111518A002,11,3,0.8560249972553634,1.7952695530643552
JUM111518A002,JUM,JRS_1,JRS,1,R,R-JUM111518A002,11,4,0.9982451101530723,1.7952695530643552
JUM111518A002,JUM,JRS_1,JRS,1,R,R-JUM111518A002,11,5,1.135116520618785,1.7952695530643552
JUM111518A002,JUM,JRS_1,JRS,1,R,R-JUM111518A002,11,6,1.2585262690451675,1.7952695530643552
JUM111518A002,JUM,JRS_1,JRS,1,R,R-JUM111518A002,11,7,1.3336928052976886,1.7952695530643552
JUM111518A002,JUM,JRS_1,JRS,1,R,R-JUM111518A002,11,8,1.4329884398004191,1.7952695530643552
JUM111518A002,JUM,JRS_1,JRS,1,R,R-JUM111518A002,11,9,1.556443141206471,1.7952695530643552
JUM111518A002,JUM,JRS_1,JRS,1,R,R-JUM111518A002,11,10,1.6450114021920954,1.7952695530643552
JUM111518A002,JUM,JRS_1,JRS,1,R,R-JUM111518A002,11,11,1.6960038872147385,1.7952695530643552
JUM111518A002,JUM,LEL_1,LEL,1,R,R-JUM111518A002,9,1,0.5610528859208405,1.5291396218587983
JUM111518A002,JUM,LEL_1,LEL,1,R,R-JUM111518A002,9,2,0.6654487297853572,1.5291396218587983
JUM111518A002,JUM,LEL_1,LEL,1,R,R-JUM111518A002,9,3,0.7796584619785208,1.5291396218587983
JUM111518A002,JUM,LEL_1,LEL,1,R,R-JUM111518A002,9,4,0.9064427442332006,1.5291396218587983
JUM111518A002,JUM,LEL_1,LEL,1,R,R-JUM111518A002,9,5,1.0633436996806813,1.5291396218587983
JUM111518A002,JUM,LEL_1,LEL,1,R,R-JUM111518A002,9,6,1.143204822723577,1.5291396218587983
JUM111518A002,JUM,LEL_1,LEL,1,R,R-JUM111518A002,9,7,1.2412830771046137,1.5291396218587983
JUM111518A002,JUM,LEL_1,LEL,1,R,R-JUM111518A002,9,8,1.3421826221239614,1.5291396218587983
JUM111518A002,JUM,LEL_1,LEL,1,R,R-JUM111518A002,9,9,1.4416108929187095,1.5291396218587983
JUM111518A002,JUM,LSR_1,LSR,1,R,R-JUM111518A002,9,1,0.9498466066784558,1.7496260011876896
JUM111518A002,JUM,LSR_1,LSR,1,R,R-JUM111518A002,9,2,1.055120644392511,1.7496260011876896
JUM111518A002,JUM,LSR_1,LSR,1,R,R-JUM111518A002,9,3,1.1952516804625881,1.7496260011876896
JUM111518A002,JUM,LSR_1,LSR,1,R,R-JUM111518A002,9,4,1.2798063555550254,1.7496260011876896
JUM111518A002,JUM,LSR_1,LSR,1,R,R-JUM111518A002,9,5,1.352044587296361,1.7496260011876896
JUM111518A002,JUM,LSR_1,LSR,1,R,R-JUM111518A002,9,6,1.4224616266543955,1.7496260011876896
JUM111518A002,JUM,LSR_1,LSR,1,R,R-JUM111518A002,9,7,1.5183585631379604,1.7496260011876896
JUM111518A002,JUM,LSR_1,LSR,1,R,R-JUM111518A002,9,8,1.6485534231088923,1.7496260011876896
JUM111518A002,JUM,LSR_1,LSR,1,R,R-JUM111518A002,9,9,1.71659019521497,1.7496260011876896
JUM111518A002,JUM,MJS_1,MJS,1,R,R-JUM111518A002,10,1,0.7046578212275048,1.83243495443401
JUM111518A002,JUM,MJS_1,MJS,1,R,R-JUM111518A002,10,2,0.8946230955906775,1.83243495443401
JUM111518A002,JUM,MJS_1,MJS,1,R,R-JUM111518A002,10,3,1.011380458422201,1.83243495443401
JUM111518A002,JUM,MJS_1,MJS,1,R,R-JUM111518A002,10,4,1.1440856344410073,1.83243495443401
JUM111518A002,JUM,MJS_1,MJS,1,R,R-JUM111518A002,10,5,1.2740126122461934,1.83243495443401
JUM111518A002,JUM,MJS_1,MJS,1,R,R-JUM111518A002,10,6,1.3583333166323226,1.83243495443401
JUM111518A002,JUM,MJS_1,MJS,1,R,R-JUM111518A002,10,7,1.4530454377784945,1.83243495443401
JUM111518A002,JUM,MJS_1,MJS,1,R,R-JUM111518A002,10,8,1.5338665678565653,1.83243495443401
JUM111518A002,JUM,MJS_1,MJS,1,R,R-JUM111518A002,10,9,1.6405932019752658,1.83243495443401
JUM111518A002,JUM,MJS_1,MJS,1,R,R-JUM111518A002,10,10,1.7325271249078176,1.83243495443401
JUM111518A003,JUM,CJF_1,CJF,1,R,R-JUM111518A003,9,1,0.6013261121216825,1.7460358421251105
JUM111518A003,JUM,CJF_1,CJF,1,R,R-JUM111518A003,9,2,0.7798212383903587,1.7460358421251105
JUM111518A003,JUM,CJF_1,CJF,1,R,R-JUM111518A003,9,3,0.9410217669745192,1.7460358421251105
JUM111518A003,JUM,CJF_1,CJF,1,R,R-JUM111518A003,9,4,1.1072262059208033,1.7460358421251105
JUM111518A003,JUM,CJF_1,CJF,1,R,R-JUM111518A003,9,5,1.2077937322565828,1.7460358421251105
JUM111518A003,JUM,CJF_1,CJF,1,R,R-JUM111518A003,9,6,1.3005649298692208,1.7460358421251105
JUM111518A003,JUM,CJF_1,CJF,1,R,R-JUM111518A003,9,7,1.4250309941372985,1.7460358421251105
JUM111518A003,JUM,CJF_1,CJF,1,R,R-JUM111518A003,9,8,1.522704191759486,1.7460358421251105
JUM111518A003,JUM,CJF_1,CJF,1,R,R-JUM111518A003,9,9,1.6548646743981306,1.7460358421251105
JUM111518A003,JUM,JRS_1,JRS,1,R,R-JUM111518A003,7,1,0.34453163197148423,0.9656935386932285
JUM111518A003,JUM,JRS_1,JRS,1,R,R-JUM111518A003,7,2,0.4490294892326635,0.9656935386932285
JUM111518A003,JUM,JRS_1,JRS,1,R,R-JUM111518A003,7,3,0.5389421058765301,0.9656935386932285
JUM111518A003,JUM,JRS_1,JRS,1,R,R-JUM111518A003,7,4,0.6622718071443433,0.9656935386932285
JUM111518A003,JUM,JRS_1,JRS,1,R,R-JUM111518A003,7,5,0.7482046173922194,0.9656935386932285
JUM111518A003,JUM,JRS_1,JRS,1,R,R-JUM111518A003,7,6,0.8078795648281285,0.9656935386932285
JUM111518A003,JUM,JRS_1,JRS,1,R,R-JUM111518A003,7,7,0.8755141250560278,0.9656935386932285
JUM111518A003,JUM,LEL_1,LEL,1,R,R-JUM111518A003,6,1,0.6550620313134407,1.1875522342251752
JUM111518A003,JUM,LEL_1,LEL,1,R,R-JUM111518A003,6,2,0.7630506568814955,1.1875522342251752
JUM111518A003,JUM,LEL_1,LEL,1,R,R-JUM111518A003,6,3,0.8672790545990201,1.1875522342251752
JUM111518A003,JUM,LEL_1,LEL,1,R,R-JUM111518A003,6,4,0.9417032560199234,1.1875522342251752
JUM111518A003,JUM,LEL_1,LEL,1,R,R-JUM111518A003,6,5,1.012449767200932,1.1875522342251752
JUM111518A003,JUM,LEL_1,LEL,1,R,R-JUM111518A003,6,6,1.1056225839413254,1.1875522342251752
JUM111518A003,JUM,LSR_1,LSR,1,R,R-JUM111518A003,16,1,0.42378010878090494,0.973950776321027
JUM111518A003,JUM,LSR_1,LSR,1,R,R-JUM111518A003,16,2,0.42378010878090494,0.973950776321027
JUM111518A003,JUM,LSR_1,LSR,1,R,R-JUM111518A003,16,3,0.5315838206637666,0.973950776321027
JUM111518A003,JUM,LSR_1,LSR,1,R,R-JUM111518A003,16,4,0.5315838206637666,0.973950776321027
JUM111518A003,JUM,LSR_1,LSR,1,R,R-JUM111518A003,16,5,0.5947791000433753,0.973950776321027
JUM111518A003,JUM,LSR_1,LSR,1,R,R-JUM111518A003,16,6,0.5947791000433753,0.973950776321027
JUM111518A003,JUM,LSR_1,LSR,1,R,R-JUM111518A003,16,7,0.6691264875487971,0.973950776321027
JUM111518A003,JUM,LSR_1,LSR,1,R,R-JUM111518A003,16,8,0.6691264875487971,0.973950776321027
JUM111518A003,JUM,LSR_1,LSR,1,R,R-JUM111518A003,16,9,0.7471912444294901,0.973950776321027
JUM111518A003,JUM,LSR_1,LSR,1,R,R-JUM111518A003,16,10,0.7471912444294901,0.973950776321027
JUM111518A003,JUM,LSR_1,LSR,1,R,R-JUM111518A003,16,11,0.8141038931843698,0.973950776321027
JUM111518A003,JUM,LSR_1,LSR,1,R,R-JUM111518A003,16,12,0.8141038931843698,0.973950776321027
JUM111518A003,JUM,LSR_1,LSR,1,R,R-JUM111518A003,16,13,0.8698644338134363,0.973950776321027
JUM111518A003,JUM,LSR_1,LSR,1,R,R-JUM111518A003,16,14,0.8698644338134363,0.973950776321027
JUM111518A003,JUM,LSR_1,LSR,1,R,R-JUM111518A003,16,15,0.9181902356919606,0.973950776321027
JUM111518A003,JUM,LSR_1,LSR,1,R,R-JUM111518A003,16,16,0.9181902356919606,0.973950776321027
JUM111518A003,JUM,MJS_1,MJS,1,R,R-JUM111518A003,9,1,0.6668314841411352,1.8282178925120063
JUM111518A003,JUM,MJS_1,MJS,1,R,R-JUM111518A003,9,2,0.8828158818194333,1.8282178925120063
JUM111518A003,JUM,MJS_1,MJS,1,R,R-JUM111518A003,9,3,1.0556302925005583,1.8282178925120063
JUM111518A003,JUM,MJS_1,MJS,1,R,R-JUM111518A003,9,4,1.1933880776509982,1.8282178925120063
JUM111518A003,JUM,MJS_1,MJS,1,R,R-JUM111518A003,9,5,1.2959305803240555,1.8282178925120063
JUM111518A003,JUM,MJS_1,MJS,1,R,R-JUM111518A003,9,6,1.422788973142312,1.8282178925120063
JUM111518A003,JUM,MJS_1,MJS,1,R,R-JUM111518A003,9,7,1.5103874998770748,1.8282178925120063
JUM111518A003,JUM,MJS_1,MJS,1,R,R-JUM111518A003,9,8,1.6323461444260985,1.8282178925120063
JUM111518A003,JUM,MJS_1,MJS,1,R,R-JUM111518A003,9,9,1.743136471258076,1.8282178925120063
JUM111518A004,JUM,CJF_1,CJF,1,R,R-JUM111518A004,6,1,0.5253512397140916,1.259748638947014
JUM111518A004,JUM,CJF_1,CJF,1,R,R-JUM111518A004,6,2,0.7142869515460144,1.259748638947014
JUM111518A004,JUM,CJF_1,CJF,1,R,R-JUM111518A004,6,3,0.8655545795907494,1.259748638947014
JUM111518A004,JUM,CJF_1,CJF,1,R,R-JUM111518A004,6,4,1.0064009251312616,1.259748638947014
JUM111518A004,JUM,CJF_1,CJF,1,R,R-JUM111518A004,6,5,1.1327453292444458,1.259748638947014
JUM111518A004,JUM,CJF_1,CJF,1,R,R-JUM111518A004,6,6,1.1993440841541352,1.259748638947014
JUM111518A004,JUM,JRS_1,JRS,1,R,R-JUM111518A004,5,1,0.46863974117747276,1.1824398418718396
JUM111518A004,JUM,JRS_1,JRS,1,R,R-JUM111518A004,5,2,0.6484278050471155,1.1824398418718396
JUM111518A004,JUM,JRS_1,JRS,1,R,R-JUM111518A004,5,3,0.8125964443228023,1.1824398418718396
JUM111518A004,JUM,JRS_1,JRS,1,R,R-JUM111518A004,5,4,0.9388629603504111,1.1824398418718396
JUM111518A004,JUM,JRS_1,JRS,1,R,R-JUM111518A004,5,5,1.066003555895329,1.1824398418718396
JUM111518A004,JUM,LEL_1,LEL,1,R,R-JUM111518A004,5,1,0.5240347805336081,1.2873615259577056
JUM111518A004,JUM,LEL_1,LEL,1,R,R-JUM111518A004,5,2,0.7326818995567637,1.2873615259577056
JUM111518A004,JUM,LEL_1,LEL,1,R,R-JUM111518A004,5,3,0.9196716231577343,1.2873615259577056
JUM111518A004,JUM,LEL_1,LEL,1,R,R-JUM111518A004,5,4,1.029367810792148,1.2873615259577056
JUM111518A004,JUM,LEL_1,LEL,1,R,R-JUM111518A004,5,5,1.172861031202556,1.2873615259577056
JUM111518A004,JUM,LSR_1,LSR,1,R,R-JUM111518A004,5,1,0.40038065423736846,0.8437233707494207
JUM111518A004,JUM,LSR_1,LSR,1,R,R-JUM111518A004,5,2,0.5297217442055988,0.8437233707494207
JUM111518A004,JUM,LSR_1,LSR,1,R,R-JUM111518A004,5,3,0.6435330436307358,0.8437233707494207
JUM111518A004,JUM,LSR_1,LSR,1,R,R-JUM111518A004,5,4,0.7133617276564945,0.8437233707494207
JUM111518A004,JUM,LSR_1,LSR,1,R,R-JUM111518A004,5,5,0.7718535804742717,0.8437233707494207
JUM111518A004,JUM,MJS_1,MJS,1,R,R-JUM111518A004,5,1,0.4068720028591885,0.8731709642665831
JUM111518A004,JUM,MJS_1,MJS,1,R,R-JUM111518A004,5,2,0.5720248119306969,0.8731709642665831
JUM111518A004,JUM,MJS_1,MJS,1,R,R-JUM111518A004,5,3,0.663500529801535,0.8731709642665831
JUM111518A004,JUM,MJS_1,MJS,1,R,R-JUM111518A004,5,4,0.7520869541568713,0.8731709642665831
JUM111518A004,JUM,MJS_1,MJS,1,R,R-JUM111518A004,5,5,0.8237583655601115,0.8731709642665831
JUM111518A005,JUM,CJF_1,CJF,1,R,R-JUM111518A005,5,1,0.5605170273563957,1.4215193687389525
JUM111518A005,JUM,CJF_1,CJF,1,R,R-JUM111518A005,5,2,0.8219604756924379,1.4215193687389525
JUM111518A005,JUM,CJF_1,CJF,1,R,R-JUM111518A005,5,3,1.0071254209448774,1.4215193687389525
JUM111518A005,JUM,CJF_1,CJF,1,R,R-JUM111518A005,5,4,1.1600759204029105,1.4215193687389525
JUM111518A005,JUM,CJF_1,CJF,1,R,R-JUM111518A005,5,5,1.3080042282618654,1.4215193687389525
JUM111518A005,JUM,JRS_1,JRS,1,R,R-JUM111518A005,5,1,0.6206286894168858,1.4660797675154906
JUM111518A005,JUM,JRS_1,JRS,1,R,R-JUM111518A005,5,2,0.8454510780986052,1.4660797675154906
JUM111518A005,JUM,JRS_1,JRS,1,R,R-JUM111518A005,5,3,1.0332747880544648,1.4660797675154906
JUM111518A005,JUM,JRS_1,JRS,1,R,R-JUM111518A005,5,4,1.2045030834051502,1.4660797675154906
JUM111518A005,JUM,JRS_1,JRS,1,R,R-JUM111518A005,5,5,1.3402700498418727,1.4660797675154906
JUM111518A005,JUM,LEL_1,LEL,1,R,R-JUM111518A005,5,1,0.6615588005086407,1.435113004970019
JUM111518A005,JUM,LEL_1,LEL,1,R,R-JUM111518A005,5,2,0.8691429920801206,1.435113004970019
JUM111518A005,JUM,LEL_1,LEL,1,R,R-JUM111518A005,5,3,1.0274835121914987,1.435113004970019
JUM111518A005,JUM,LEL_1,LEL,1,R,R-JUM111518A005,5,4,1.2047744942530805,1.435113004970019
JUM111518A005,JUM,LEL_1,LEL,1,R,R-JUM111518A005,5,5,1.3365912500367805,1.435113004970019
JUM111518A005,JUM,LSR_1,LSR,1,R,R-JUM111518A005,5,1,0.6073936270370875,1.4499829140220635
JUM111518A005,JUM,LSR_1,LSR,1,R,R-JUM111518A005,5,2,0.8550648756576987,1.4499829140220635
JUM111518A005,JUM,LSR_1,LSR,1,R,R-JUM111518A005,5,3,1.0380449620341177,1.4499829140220635
JUM111518A005,JUM,LSR_1,LSR,1,R,R-JUM111518A005,5,4,1.2023116654014523,1.4499829140220635
JUM111518A005,JUM,LSR_1,LSR,1,R,R-JUM111518A005,5,5,1.3465937921900941,1.4499829140220635
JUM111518A005,JUM,MJS_1,MJS,1,R,R-JUM111518A005,5,1,0.5724863619926727,1.4497232137859581
JUM111518A005,JUM,MJS_1,MJS,1,R,R-JUM111518A005,5,2,0.8283813110733202,1.4497232137859581
JUM111518A005,JUM,MJS_1,MJS,1,R,R-JUM111518A005,5,3,1.027066767540054,1.4497232137859581
JUM111518A005,JUM,MJS_1,MJS,1,R,R-JUM111518A005,5,4,1.1684868119852265,1.4497232137859581
JUM111518A005,JUM,MJS_1,MJS,1,R,R-JUM111518A005,5,5,1.3217477795418113,1.4497232137859581
JUM111518A006,JUM,CJF_1,CJF,1,R,R-JUM111518A006,4,1,0.5701353127270534,1.2529838560212854
JUM111518A006,JUM,CJF_1,CJF,1,R,R-JUM111518A006,4,2,0.7813004724413926,1.2529838560212854
JUM111518A006,JUM,CJF_1,CJF,1,R,R-JUM111518A006,4,3,0.9403847526727321,1.2529838560212854
JUM111518A006,JUM,CJF_1,CJF,1,R,R-JUM111518A006,4,4,1.097837652955832,1.2529838560212854
JUM111518A006,JUM,JRS_1,JRS,1,R,R-JUM111518A006,4,1,0.5613885756527253,1.2514108903944916
JUM111518A006,JUM,JRS_1,JRS,1,R,R-JUM111518A006,4,2,0.7765481795441556,1.2514108903944916
JUM111518A006,JUM,JRS_1,JRS,1,R,R-JUM111518A006,4,3,0.9562537875838177,1.2514108903944916
JUM111518A006,JUM,JRS_1,JRS,1,R,R-JUM111518A006,4,4,1.1044726243222955,1.2514108903944916
JUM111518A006,JUM,LEL_1,LEL,1,R,R-JUM111518A006,4,1,0.3906595210242301,0.9456153540723472
JUM111518A006,JUM,LEL_1,LEL,1,R,R-JUM111518A006,4,2,0.5217152440076643,0.9456153540723472
JUM111518A006,JUM,LEL_1,LEL,1,R,R-JUM111518A006,4,3,0.6615713346748976,0.9456153540723472
JUM111518A006,JUM,LEL_1,LEL,1,R,R-JUM111518A006,4,4,0.8109042021838162,0.9456153540723472
JUM111518A006,JUM,LSR_1,LSR,1,R,R-JUM111518A006,4,1,0.27238815067731037,0.566773445404061
JUM111518A006,JUM,LSR_1,LSR,1,R,R-JUM111518A006,4,2,0.39968064542676807,0.566773445404061
JUM111518A006,JUM,LSR_1,LSR,1,R,R-JUM111518A006,4,3,0.473067269964903,0.566773445404061
JUM111518A006,JUM,LSR_1,LSR,1,R,R-JUM111518A006,4,4,0.5345309234295917,0.566773445404061
JUM111518A006,JUM,MJS_1,MJS,1,R,R-JUM111518A006,4,1,0.6065072315475735,1.2962282387081119
JUM111518A006,JUM,MJS_1,MJS,1,R,R-JUM111518A006,4,2,0.8195594241173781,1.2962282387081119
JUM111518A006,JUM,MJS_1,MJS,1,R,R-JUM111518A006,4,3,0.9829705035347948,1.2962282387081119
JUM111518A006,JUM,MJS_1,MJS,1,R,R-JUM111518A006,4,4,1.1432829368395934,1.2962282387081119
JUM111518A007,JUM,CJF_1,CJF,1,R,R-JUM111518A007,4,1,0.5839709099485068,1.241465461608701
JUM111518A007,JUM,CJF_1,CJF,1,R,R-JUM111518A007,4,2,0.8073109022147626,1.241465461608701
JUM111518A007,JUM,CJF_1,CJF,1,R,R-JUM111518A007,4,3,0.9751908121702932,1.241465461608701
JUM111518A007,JUM,CJF_1,CJF,1,R,R-JUM111518A007,4,4,1.117109972752752,1.241465461608701
JUM111518A007,JUM,JRS_1,JRS,1,R,R-JUM111518A007,4,1,0.5826169964693774,1.2041453325731375
JUM111518A007,JUM,JRS_1,JRS,1,R,R-JUM111518A007,4,2,0.7917398146992366,1.2041453325731375
JUM111518A007,JUM,JRS_1,JRS,1,R,R-JUM111518A007,4,3,0.9517481739728311,1.2041453325731375
JUM111518A007,JUM,JRS_1,JRS,1,R,R-JUM111518A007,4,4,1.093743804872391,1.2041453325731375
JUM111518A007,JUM,LEL_1,LEL,1,R,R-JUM111518A007,4,1,0.5093741850543073,1.110590655263514
JUM111518A007,JUM,LEL_1,LEL,1,R,R-JUM111518A007,4,2,0.6921639192371201,1.110590655263514
JUM111518A007,JUM,LEL_1,LEL,1,R,R-JUM111518A007,4,3,0.8652048990464004,1.110590655263514
JUM111518A007,JUM,LEL_1,LEL,1,R,R-JUM111518A007,4,4,1.0027404858300375,1.110590655263514
JUM111518A007,JUM,LSR_1,LSR,1,R,R-JUM111518A007,4,1,0.3412629626321542,0.6443845632595581
JUM111518A007,JUM,LSR_1,LSR,1,R,R-JUM111518A007,4,2,0.45625106139324106,0.6443845632595581
JUM111518A007,JUM,LSR_1,LSR,1,R,R-JUM111518A007,4,3,0.5305244899921416,0.6443845632595581
JUM111518A007,JUM,LSR_1,LSR,1,R,R-JUM111518A007,4,4,0.5977125084589215,0.6443845632595581
JUM111518A007,JUM,MJS_1,MJS,1,R,R-JUM111518A007,4,1,0.6243244415566591,1.259567903614089
JUM111518A007,JUM,MJS_1,MJS,1,R,R-JUM111518A007,4,2,0.8268489735485245,1.259567903614089
JUM111518A007,JUM,MJS_1,MJS,1,R,R-JUM111518A007,4,3,1.0087848892050295,1.259567903614089
JUM111518A007,JUM,MJS_1,MJS,1,R,R-JUM111518A007,4,4,1.1232126275309129,1.259567903614089
JUM111518A008,JUM,CJF_1,CJF,1,R,R-JUM111518A008,5,1,0.5769453635337319,1.454272217514023
JUM111518A008,JUM,CJF_1,CJF,1,R,R-JUM111518A008,5,2,0.8214858431208447,1.454272217514023
JUM111518A008,JUM,CJF_1,CJF,1,R,R-JUM111518A008,5,3,1.0101248259844193,1.454272217514023
JUM111518A008,JUM,CJF_1,CJF,1,R,R-JUM111518A008,5,4,1.1742002165924472,1.454272217514023
JUM111518A008,JUM,CJF_1,CJF,1,R,R-JUM111518A008,5,5,1.3210038057095057,1.454272217514023
JUM111518A008,JUM,JRS_1,JRS,1,R,R-JUM111518A008,5,1,0.5932069757831189,1.4629950167893333
JUM111518A008,JUM,JRS_1,JRS,1,R,R-JUM111518A008,5,2,0.8479658125717484,1.4629950167893333
JUM111518A008,JUM,JRS_1,JRS,1,R,R-JUM111518A008,5,3,1.0390121105034589,1.4629950167893333
JUM111518A008,JUM,JRS_1,JRS,1,R,R-JUM111518A008,5,4,1.1982135538365906,1.4629950167893333
JUM111518A008,JUM,JRS_1,JRS,1,R,R-JUM111518A008,5,5,1.322221657296519,1.4629950167893333
JUM111518A008,JUM,LEL_1,LEL,1,R,R-JUM111518A008,5,1,0.540323902586147,1.2961872546326043
JUM111518A008,JUM,LEL_1,LEL,1,R,R-JUM111518A008,5,2,0.7045652697340685,1.2961872546326043
JUM111518A008,JUM,LEL_1,LEL,1,R,R-JUM111518A008,5,3,0.8669651167292518,1.2961872546326043
JUM111518A008,JUM,LEL_1,LEL,1,R,R-JUM111518A008,5,4,1.0657019648678692,1.2961872546326043
JUM111518A008,JUM,LEL_1,LEL,1,R,R-JUM111518A008,5,5,1.2050980508183537,1.2961872546326043
JUM111518A008,JUM,LSR_1,LSR,1,R,R-JUM111518A008,5,1,0.2714808200246875,0.6584544616165128
JUM111518A008,JUM,LSR_1,LSR,1,R,R-JUM111518A008,5,2,0.36378305248617304,0.6584544616165128
JUM111518A008,JUM,LSR_1,LSR,1,R,R-JUM111518A008,5,3,0.4538913729252209,0.6584544616165128
JUM111518A008,JUM,LSR_1,LSR,1,R,R-JUM111518A008,5,4,0.5298092655242026,0.6584544616165128
JUM111518A008,JUM,LSR_1,LSR,1,R,R-JUM111518A008,5,5,0.5840936489898749,0.6584544616165128
JUM111518A008,JUM,MJS_1,MJS,1,R,R-JUM111518A008,5,1,0.553499460327188,1.4460588261868565
JUM111518A008,JUM,MJS_1,MJS,1,R,R-JUM111518A008,5,2,0.819687304665088,1.4460588261868565
JUM111518A008,JUM,MJS_1,MJS,1,R,R-JUM111518A008,5,3,1.0074075130112272,1.4460588261868565
JUM111518A008,JUM,MJS_1,MJS,1,R,R-JUM111518A008,5,4,1.1768418417222715,1.4460588261868565
JUM111518A008,JUM,MJS_1,MJS,1,R,R-JUM111518A008,5,5,1.3003147037976959,1.4460588261868565
JUM111518A009,JUM,CJF_1,CJF,1,R,R-JUM111518A009,1,1,0.4587291728812306,0.6634194847182124
JUM111518A009,JUM,JRS_1,JRS,1,R,R-JUM111518A009,1,1,0.4939668188296665,0.6993738925604644
JUM111518A009,JUM,LEL_1,LEL,1,R,R-JUM111518A009,1,1,0.6422760797690809,0.7877049364602613
JUM111518A009,JUM,LSR_1,LSR,1,R,R-JUM111518A009,1,1,0.515444921553274,0.7282132878751721
JUM111518A009,JUM,MJS_1,MJS,1,R,R-JUM111518A009,1,1,0.4724532748802443,0.6789159934521701
JUM111518A010,JUM,CJF_1,CJF,1,R,R-JUM111518A010,1,1,0.4791247567805297,0.6722364777933705
JUM111518A010,JUM,JRS_1,JRS,1,R,R-JUM111518A010,1,1,0.4761720439092455,0.669767257751984
JUM111518A010,JUM,LEL_1,LEL,1,R,R-JUM111518A010,1,1,0.5148086154338266,0.6917650024774296
JUM111518A010,JUM,LSR_1,LSR,1,R,R-JUM111518A010,2,1,0.345766697857698,0.4926507838089248
JUM111518A010,JUM,LSR_1,LSR,1,R,R-JUM111518A010,2,2,0.4306114578541054,0.4926507838089248
JUM111518A010,JUM,MJS_1,MJS,1,R,R-JUM111518A010,1,1,0.5138286360134363,0.7161424266758452
JUM111518A011,JUM,CJF_1,CJF,1,R,R-JUM111518A011,1,1,0.49248425323443207,0.6983494917764509
JUM111518A011,JUM,JRS_1,JRS,1,R,R-JUM111518A011,1,1,0.5727583833639979,0.7520451613137591
JUM111518A011,JUM,LEL_1,LEL,1,R,R-JUM111518A011,1,1,0.5552301381286647,0.7726359060101322
JUM111518A011,JUM,LSR_1,LSR,1,R,R-JUM111518A011,2,1,0.26762591844478484,0.5055621486982771
JUM111518A011,JUM,LSR_1,LSR,1,R,R-JUM111518A011,2,2,0.36517708271781435,0.5055621486982771
JUM111518A011,JUM,MJS_1,MJS,1,R,R-JUM111518A011,1,1,0.5629426679071233,0.7624890548129336
JUM111518A012,JUM,CJF_1,CJF,1,R,R-JUM111518A012,4,1,0.5412091091922384,1.1983198926253302
JUM111518A012,JUM,CJF_1,CJF,1,R,R-JUM111518A012,4,2,0.7689219311012537,1.1983198926253302
JUM111518A012,JUM,CJF_1,CJF,1,R,R-JUM111518A012,4,3,0.9266526534982851,1.1983198926253302
JUM111518A012,JUM,CJF_1,CJF,1,R,R-JUM111518A012,4,4,1.0524602210688434,1.1983198926253302
JUM111518A012,JUM,JRS_1,JRS,1,R,R-JUM111518A012,4,1,0.5825973571808248,1.2314174669729845
JUM111518A012,JUM,JRS_1,JRS,1,R,R-JUM111518A012,4,2,0.7872677268451764,1.2314174669729845
JUM111518A012,JUM,JRS_1,JRS,1,R,R-JUM111518A012,4,3,0.9362741929626481,1.2314174669729845
JUM111518A012,JUM,JRS_1,JRS,1,R,R-JUM111518A012,4,4,1.0824110008555128,1.2314174669729845
JUM111518A012,JUM,LEL_1,LEL,1,R,R-JUM111518A012,4,1,0.6902924748224634,1.3115417703782013
JUM111518A012,JUM,LEL_1,LEL,1,R,R-JUM111518A012,4,2,0.8774763037216551,1.3115417703782013
JUM111518A012,JUM,LEL_1,LEL,1,R,R-JUM111518A012,4,3,1.0338579308581368,1.3115417703782013
JUM111518A012,JUM,LEL_1,LEL,1,R,R-JUM111518A012,4,4,1.177895531480791,1.3115417703782013
JUM111518A012,JUM,LSR_1,LSR,1,R,R-JUM111518A012,4,1,0.5760599972109869,1.2571708056250073
JUM111518A012,JUM,LSR_1,LSR,1,R,R-JUM111518A012,4,2,0.8167513899579855,1.2571708056250073
JUM111518A012,JUM,LSR_1,LSR,1,R,R-JUM111518A012,4,3,0.9685349943748891,1.2571708056250073
JUM111518A012,JUM,LSR_1,LSR,1,R,R-JUM111518A012,4,4,1.107471892375635,1.2571708056250073
JUM111518A012,JUM,MJS_1,MJS,1,R,R-JUM111518A012,4,1,0.5834556276817284,1.2401945620316615
JUM111518A012,JUM,MJS_1,MJS,1,R,R-JUM111518A012,4,2,0.7970220092258684,1.2401945620316615
JUM111518A012,JUM,MJS_1,MJS,1,R,R-JUM111518A012,4,3,0.9563862564187009,1.2401945620316615
JUM111518A012,JUM,MJS_1,MJS,1,R,R-JUM111518A012,4,4,1.0915904324044081,1.2401945620316615
JUM111518A013,JUM,CJF_1,CJF,1,R,R-JUM111518A013,1,1,0.44210194339111664,0.6660188616585185
JUM111518A013,JUM,JRS_1,JRS,1,R,R-JUM111518A013,1,1,0.47129603519789987,0.7034619302931384
JUM111518A013,JUM,LEL_1,LEL,1,R,R-JUM111518A013,1,1,0.5133890543695602,0.7206153589371971
JUM111518A013,JUM,LSR_1,LSR,1,R,R-JUM111518A013,1,1,0.35752420255421785,0.5285407091295173
JUM111518A013,JUM,MJS_1,MJS,1,R,R-JUM111518A013,1,1,0.4982692144431222,0.6768097278970953
JUM111518A014,JUM,CJF_1,CJF,1,R,R-JUM111518A014,1,1,0.4601386165124144,0.6691438118383695
JUM111518A014,JUM,JRS_1,JRS,1,R,R-JUM111518A014,1,1,0.4400419554588843,0.6356385464222989
JUM111518A014,JUM,LEL_1,LEL,1,R,R-JUM111518A014,1,1,0.5977536952097012,0.7264891885125189
JUM111518A014,JUM,LSR_1,LSR,1,R,R-JUM111518A014,2,1,0.3858042275708179,0.6414254530317473
JUM111518A014,JUM,LSR_1,LSR,1,R,R-JUM111518A014,2,2,0.5057367170790461,0.6414254530317473
JUM111518A014,JUM,MJS_1,MJS,1,R,R-JUM111518A014,1,1,0.4219553139834747,0.614279277493627
JUM111518A015,JUM,CJF_1,CJF,1,R,R-JUM111518A015,1,1,0.46944988138964644,0.6898882722126904
JUM111518A015,JUM,JRS_1,JRS,1,R,R-JUM111518A015,2,1,0.525093615482676,0.7282395546694875
JUM111518A015,JUM,JRS_1,JRS,1,R,R-JUM111518A015,2,2,0.525093615482676,0.7282395546694875
JUM111518A015,JUM,LEL_1,LEL,1,R,R-JUM111518A015,1,1,0.3855112510742927,0.5686943236273615
JUM111518A015,JUM,LSR_1,LSR,1,R,R-JUM111518A015,1,1,0.3251561156843958,0.4188988955544096
JUM111518A015,JUM,MJS_1,MJS,1,R,R-JUM111518A015,1,1,0.49864375455625076,0.7001961686069785
JUM111518A016,JUM,CJF_1,CJF,1,R,R-JUM111518A016,1,1,0.5140185514209243,0.7163533350413147
JUM111518A016,JUM,JRS_1,JRS,1,R,R-JUM111518A016,1,1,0.49180013971727427,0.6875400469245815
JUM111518A016,JUM,LEL_1,LEL,1,R,R-JUM111518A016,1,1,0.45817995708506076,0.5866854375693136
JUM111518A016,JUM,LSR_1,LSR,1,R,R-JUM111518A016,3,1,0.25482942182350615,0.49588006640527593
JUM111518A016,JUM,LSR_1,LSR,1,R,R-JUM111518A016,3,2,0.3253717149147773,0.49588006640527593
JUM111518A016,JUM,LSR_1,LSR,1,R,R-JUM111518A016,3,3,0.43265741398401114,0.49588006640527593
JUM111518A016,JUM,MJS_1,MJS,1,R,R-JUM111518A016,1,1,0.51522502846026,0.6951965868712224
JUM111518A017,JUM,CJF_1,CJF,1,R,R-JUM111518A017,2,1,0.420865172290593,0.7246425789740193
JUM111518A017,JUM,CJF_1,CJF,1,R,R-JUM111518A017,2,2,0.5917057707277571,0.7246425789740193
JUM111518A017,JUM,JRS_1,JRS,1,R,R-JUM111518A017,2,1,0.46791070233535226,0.7391045935611504
JUM111518A017,JUM,JRS_1,JRS,1,R,R-JUM111518A017,2,2,0.6312773105786245,0.7391045935611504
JUM111518A017,JUM,LEL_1,LEL,1,R,R-JUM111518A017,1,1,0.5716896576200716,0.7554249840514491
JUM111518A017,JUM,LSR_1,LSR,1,R,R-JUM111518A017,2,1,0.514019990562071,0.7984475889545252
JUM111518A017,JUM,LSR_1,LSR,1,R,R-JUM111518A017,2,2,0.6730260705344255,0.7984475889545252
JUM111518A017,JUM,MJS_1,MJS,1,R,R-JUM111518A017,2,1,0.38122974836105417,0.5727589017673858
JUM111518A017,JUM,MJS_1,MJS,1,R,R-JUM111518A017,2,2,0.5157599036029038,0.5727589017673858
JUM111518A018,JUM,CJF_1,CJF,1,R,R-JUM111518A018,1,1,0.5200808419100729,0.716569106864027
JUM111518A018,JUM,JRS_1,JRS,1,R,R-JUM111518A018,1,1,0.4453985921991405,0.649100818819062
JUM111518A018,JUM,LEL_1,LEL,1,R,R-JUM111518A018,1,1,0.4493185943476024,0.6548292807341896
JUM111518A018,JUM,LSR_1,LSR,1,R,R-JUM111518A018,1,1,0.32619757598523086,0.4023781602589829
JUM111518A018,JUM,MJS_1,MJS,1,R,R-JUM111518A018,1,1,0.5695980536395325,0.7737278125207367
JUM111518A019,JUM,CJF_1,CJF,1,R,R-JUM111518A019,1,1,0.4413089431155664,0.6162178218271912
JUM111518A019,JUM,JRS_1,JRS,1,R,R-JUM111518A019,0,NA,NA,0.34923365897452785
JUM111518A019,JUM,LEL_1,LEL,1,R,R-JUM111518A019,0,NA,NA,0.5595635423515832
JUM111518A019,JUM,LSR_1,LSR,1,R,R-JUM111518A019,1,1,0.32793425174171836,0.42753026698574237
JUM111518A019,JUM,MJS_1,MJS,1,R,R-JUM111518A019,1,1,0.46038738242891164,0.6388514246403957
JUM111518A020,JUM,CJF_1,CJF,1,R,R-JUM111518A020,1,1,0.5245532343194088,0.7387938463218947
JUM111518A020,JUM,JRS_1,JRS,1,R,R-JUM111518A020,1,1,0.49456715669910356,0.7353348207575893
JUM111518A020,JUM,LEL_1,LEL,1,R,R-JUM111518A020,0,NA,NA,0.6313075525631201
JUM111518A020,JUM,LSR_1,LSR,1,R,R-JUM111518A020,2,1,0.2894448075392283,0.5195031993489736
JUM111518A020,JUM,LSR_1,LSR,1,R,R-JUM111518A020,2,2,0.3919775451074225,0.5195031993489736
JUM111518A020,JUM,MJS_1,MJS,1,R,R-JUM111518A020,1,1,0.5075977655433545,0.723532952138249
JUM111518A021,JUM,CJF_1,CJF,1,R,R-JUM111518A021,1,1,0.4520466834323866,0.7167603820667338
JUM111518A021,JUM,JRS_1,JRS,1,R,R-JUM111518A021,0,NA,NA,0.7297812663708766
JUM111518A021,JUM,LEL_1,LEL,1,R,R-JUM111518A021,1,1,0.5683668450156063,0.6815333633544323
JUM111518A021,JUM,LSR_1,LSR,1,R,R-JUM111518A021,2,1,0.3687173363865016,0.5356815211510277
JUM111518A021,JUM,LSR_1,LSR,1,R,R-JUM111518A021,2,2,0.4180199592775551,0.5356815211510277
JUM111518A021,JUM,MJS_1,MJS,1,R,R-JUM111518A021,1,1,0.47057806317386736,0.7044678278694445
JUM111518A025,JUM,CJF_1,CJF,1,R,R-JUM111518A025,5,1,0.5401791865145484,1.333243988101787
JUM111518A025,JUM,CJF_1,CJF,1,R,R-JUM111518A025,5,2,0.7576530532996942,1.333243988101787
JUM111518A025,JUM,CJF_1,CJF,1,R,R-JUM111518A025,5,3,0.9330649340903698,1.333243988101787
JUM111518A025,JUM,CJF_1,CJF,1,R,R-JUM111518A025,5,4,1.0776959173169902,1.333243988101787
JUM111518A025,JUM,CJF_1,CJF,1,R,R-JUM111518A025,5,5,1.2094381402915215,1.333243988101787
JUM111518A025,JUM,JRS_1,JRS,1,R,R-JUM111518A025,5,1,0.37729307076464663,0.8028605062541251
JUM111518A025,JUM,JRS_1,JRS,1,R,R-JUM111518A025,5,2,0.5145839809045935,0.8028605062541251
JUM111518A025,JUM,JRS_1,JRS,1,R,R-JUM111518A025,5,3,0.5886883430283297,0.8028605062541251
JUM111518A025,JUM,JRS_1,JRS,1,R,R-JUM111518A025,5,4,0.6772483341102936,0.8028605062541251
JUM111518A025,JUM,JRS_1,JRS,1,R,R-JUM111518A025,5,5,0.751200511456315,0.8028605062541251
JUM111518A025,JUM,LEL_1,LEL,1,R,R-JUM111518A025,5,1,0.5563875146072079,0.9868772132996887
JUM111518A025,JUM,LEL_1,LEL,1,R,R-JUM111518A025,5,2,0.6640569997669555,0.9868772132996887
JUM111518A025,JUM,LEL_1,LEL,1,R,R-JUM111518A025,5,3,0.7490995202345876,0.9868772132996887
JUM111518A025,JUM,LEL_1,LEL,1,R,R-JUM111518A025,5,4,0.8457692596258455,0.9868772132996887
JUM111518A025,JUM,LEL_1,LEL,1,R,R-JUM111518A025,5,5,0.9159781262274411,0.9868772132996887
JUM111518A025,JUM,LSR_1,LSR,1,R,R-JUM111518A025,10,1,0.33458410182232146,0.7819493615622793
JUM111518A025,JUM,LSR_1,LSR,1,R,R-JUM111518A025,10,2,0.33458410182232146,0.7819493615622793
JUM111518A025,JUM,LSR_1,LSR,1,R,R-JUM111518A025,10,3,0.46992149132348526,0.7819493615622793
JUM111518A025,JUM,LSR_1,LSR,1,R,R-JUM111518A025,10,4,0.46992149132348526,0.7819493615622793
JUM111518A025,JUM,LSR_1,LSR,1,R,R-JUM111518A025,10,5,0.56766516151877,0.7819493615622793
JUM111518A025,JUM,LSR_1,LSR,1,R,R-JUM111518A025,10,6,0.56766516151877,0.7819493615622793
JUM111518A025,JUM,LSR_1,LSR,1,R,R-JUM111518A025,10,7,0.6315744843387641,0.7819493615622793
JUM111518A025,JUM,LSR_1,LSR,1,R,R-JUM111518A025,10,8,0.6315744843387641,0.7819493615622793
JUM111518A025,JUM,LSR_1,LSR,1,R,R-JUM111518A025,10,9,0.7217994106728733,0.7819493615622793
JUM111518A025,JUM,LSR_1,LSR,1,R,R-JUM111518A025,10,10,0.7217994106728733,0.7819493615622793
JUM111518A025,JUM,MJS_1,MJS,1,R,R-JUM111518A025,5,1,0.3884290060060107,0.816804846103915
JUM111518A025,JUM,MJS_1,MJS,1,R,R-JUM111518A025,5,2,0.49245971699063806,0.816804846103915
JUM111518A025,JUM,MJS_1,MJS,1,R,R-JUM111518A025,5,3,0.5747515570412247,0.816804846103915
JUM111518A025,JUM,MJS_1,MJS,1,R,R-JUM111518A025,5,4,0.6641052126441733,0.816804846103915
JUM111518A025,JUM,MJS_1,MJS,1,R,R-JUM111518A025,5,5,0.7571742507822867,0.816804846103915
JUM111518A026,JUM,CJF_1,CJF,1,R,R-JUM111518A026,6,1,0.47217801371928647,1.1639675761605055
JUM111518A026,JUM,CJF_1,CJF,1,R,R-JUM111518A026,6,2,0.7102777345315544,1.1639675761605055
JUM111518A026,JUM,CJF_1,CJF,1,R,R-JUM111518A026,6,3,0.8158941896229673,1.1639675761605055
JUM111518A026,JUM,CJF_1,CJF,1,R,R-JUM111518A026,6,4,0.9239131051837136,1.1639675761605055
JUM111518A026,JUM,CJF_1,CJF,1,R,R-JUM111518A026,6,5,0.9979177749141359,1.1639675761605055
JUM111518A026,JUM,CJF_1,CJF,1,R,R-JUM111518A026,6,6,1.082031978195785,1.1639675761605055
JUM111518A026,JUM,JRS_1,JRS,1,R,R-JUM111518A026,6,1,0.4492325535678116,1.1088995221274123
JUM111518A026,JUM,JRS_1,JRS,1,R,R-JUM111518A026,6,2,0.6617206749438772,1.1088995221274123
JUM111518A026,JUM,JRS_1,JRS,1,R,R-JUM111518A026,6,3,0.7654090333035299,1.1088995221274123
JUM111518A026,JUM,JRS_1,JRS,1,R,R-JUM111518A026,6,4,0.8747107922640465,1.1088995221274123
JUM111518A026,JUM,JRS_1,JRS,1,R,R-JUM111518A026,6,5,0.9602582363529868,1.1088995221274123
JUM111518A026,JUM,JRS_1,JRS,1,R,R-JUM111518A026,6,6,1.0292164766113874,1.1088995221274123
JUM111518A026,JUM,LEL_1,LEL,1,R,R-JUM111518A026,7,1,0.4566630708858365,1.1080088058431508
JUM111518A026,JUM,LEL_1,LEL,1,R,R-JUM111518A026,7,2,0.5589449271001523,1.1080088058431508
JUM111518A026,JUM,LEL_1,LEL,1,R,R-JUM111518A026,7,3,0.6632678407886666,1.1080088058431508
JUM111518A026,JUM,LEL_1,LEL,1,R,R-JUM111518A026,7,4,0.7635276908306732,1.1080088058431508
JUM111518A026,JUM,LEL_1,LEL,1,R,R-JUM111518A026,7,5,0.8669921952890074,1.1080088058431508
JUM111518A026,JUM,LEL_1,LEL,1,R,R-JUM111518A026,7,6,0.9529646430116241,1.1080088058431508
JUM111518A026,JUM,LEL_1,LEL,1,R,R-JUM111518A026,7,7,1.024077415594732,1.1080088058431508
JUM111518A026,JUM,LSR_1,LSR,1,R,R-JUM111518A026,6,1,0.38216189421911817,0.9401689408517465
JUM111518A026,JUM,LSR_1,LSR,1,R,R-JUM111518A026,6,2,0.5540395168171952,0.9401689408517465
JUM111518A026,JUM,LSR_1,LSR,1,R,R-JUM111518A026,6,3,0.6406924705045047,0.9401689408517465
JUM111518A026,JUM,LSR_1,LSR,1,R,R-JUM111518A026,6,4,0.7211559738516754,0.9401689408517465
JUM111518A026,JUM,LSR_1,LSR,1,R,R-JUM111518A026,6,5,0.7909861858093017,0.9401689408517465
JUM111518A026,JUM,LSR_1,LSR,1,R,R-JUM111518A026,6,6,0.8633556428058196,0.9401689408517465
JUM111518A026,JUM,MJS_1,MJS,1,R,R-JUM111518A026,6,1,0.5241129361144438,1.2122334054225865
JUM111518A026,JUM,MJS_1,MJS,1,R,R-JUM111518A026,6,2,0.7359442098095537,1.2122334054225865
JUM111518A026,JUM,MJS_1,MJS,1,R,R-JUM111518A026,6,3,0.8484018678372839,1.2122334054225865
JUM111518A026,JUM,MJS_1,MJS,1,R,R-JUM111518A026,6,4,0.9589964585327353,1.2122334054225865
JUM111518A026,JUM,MJS_1,MJS,1,R,R-JUM111518A026,6,5,1.0252455356443217,1.2122334054225865
JUM111518A026,JUM,MJS_1,MJS,1,R,R-JUM111518A026,6,6,1.1312851263653827,1.2122334054225865
JUM111518A027,JUM,CJF_1,CJF,1,R,R-JUM111518A027,4,1,0.5801680476416774,1.2025499598554612
JUM111518A027,JUM,CJF_1,CJF,1,R,R-JUM111518A027,4,2,0.7850586786720367,1.2025499598554612
JUM111518A027,JUM,CJF_1,CJF,1,R,R-JUM111518A027,4,3,0.946913847560088,1.2025499598554612
JUM111518A027,JUM,CJF_1,CJF,1,R,R-JUM111518A027,4,4,1.093776487041493,1.2025499598554612
JUM111518A027,JUM,JRS_1,JRS,1,R,R-JUM111518A027,4,1,0.5700553956308094,1.1913593304936398
JUM111518A027,JUM,JRS_1,JRS,1,R,R-JUM111518A027,4,2,0.7883629352157976,1.1913593304936398
JUM111518A027,JUM,JRS_1,JRS,1,R,R-JUM111518A027,4,3,0.9525038466014485,1.1913593304936398
JUM111518A027,JUM,JRS_1,JRS,1,R,R-JUM111518A027,4,4,1.0692465635328383,1.1913593304936398
JUM111518A027,JUM,LEL_1,LEL,1,R,R-JUM111518A027,5,1,0.4746791211843743,1.0360034026586176
JUM111518A027,JUM,LEL_1,LEL,1,R,R-JUM111518A027,5,2,0.6419336614221286,1.0360034026586176
JUM111518A027,JUM,LEL_1,LEL,1,R,R-JUM111518A027,5,3,0.7626759748045823,1.0360034026586176
JUM111518A027,JUM,LEL_1,LEL,1,R,R-JUM111518A027,5,4,0.8883080967757596,1.0360034026586176
JUM111518A027,JUM,LEL_1,LEL,1,R,R-JUM111518A027,5,5,0.972449307508841,1.0360034026586176
JUM111518A027,JUM,LSR_1,LSR,1,R,R-JUM111518A027,4,1,0.37530719485000325,0.8010869747454745
JUM111518A027,JUM,LSR_1,LSR,1,R,R-JUM111518A027,4,2,0.5429579372636089,0.8010869747454745
JUM111518A027,JUM,LSR_1,LSR,1,R,R-JUM111518A027,4,3,0.6327264891568095,0.8010869747454745
JUM111518A027,JUM,LSR_1,LSR,1,R,R-JUM111518A027,4,4,0.7205436146804873,0.8010869747454745
JUM111518A027,JUM,MJS_1,MJS,1,R,R-JUM111518A027,4,1,0.38164381139664943,0.8136803669017016
JUM111518A027,JUM,MJS_1,MJS,1,R,R-JUM111518A027,4,2,0.5284555934599111,0.8136803669017016
JUM111518A027,JUM,MJS_1,MJS,1,R,R-JUM111518A027,4,3,0.6633412462332029,0.8136803669017016
JUM111518A027,JUM,MJS_1,MJS,1,R,R-JUM111518A027,4,4,0.7500173800290663,0.8136803669017016
NAR031620001,NAR,CJF_1,CJF,1,R,R-NAR031620001,3,1,0.5790540336720938,0.8919806839596757
NAR031620001,NAR,CJF_1,CJF,1,R,R-NAR031620001,3,2,0.7697622973763392,0.8919806839596757
NAR031620001,NAR,CJF_1,CJF,1,R,R-NAR031620001,3,3,0.8919806839596757,0.8919806839596757
NAR031620001,NAR,CJF_2,CJF,2,R,R-NAR031620001,3,1,0.5857848609610179,0.9188835039046113
NAR031620001,NAR,CJF_2,CJF,2,R,R-NAR031620001,3,2,0.7656963935072688,0.9188835039046113
NAR031620001,NAR,CJF_2,CJF,2,R,R-NAR031620001,3,3,0.9188835039046113,0.9188835039046113
NAR031620001,NAR,CJF_3,CJF,3,R,R-NAR031620001,3,1,0.5790050847366314,0.8749576221338682
NAR031620001,NAR,CJF_3,CJF,3,R,R-NAR031620001,3,2,0.7525453123646286,0.8749576221338682
NAR031620001,NAR,CJF_3,CJF,3,R,R-NAR031620001,3,3,0.8749576221338682,0.8749576221338682
NAR031620001,NAR,JRS_1,JRS,1,R,R-NAR031620001,1,1,0.35545524809304574,0.555690126290651
NAR031620001,NAR,LEL_1,LEL,1,R,R-NAR031620001,2,1,0.45932569958944686,0.7178301879894614
NAR031620001,NAR,LEL_1,LEL,1,R,R-NAR031620001,2,2,0.590613831084431,0.7178301879894614
NAR031620002,NAR,CJF_1,CJF,1,R,R-NAR031620002,4,1,0.31331401130936576,0.8949222781277247
NAR031620002,NAR,CJF_1,CJF,1,R,R-NAR031620002,3,1,0.6133485360049622,0.8993903426301918
NAR031620002,NAR,CJF_1,CJF,1,R,R-NAR031620002,4,2,0.6206151311614876,0.8949222781277247
NAR031620002,NAR,CJF_1,CJF,1,R,R-NAR031620002,3,2,0.7614690524591384,0.8993903426301918
NAR031620002,NAR,CJF_1,CJF,1,R,R-NAR031620002,4,3,0.7373564833799391,0.8949222781277247
NAR031620002,NAR,CJF_1,CJF,1,R,R-NAR031620002,3,3,0.8993903426301918,0.8993903426301918
NAR031620002,NAR,CJF_1,CJF,1,R,R-NAR031620002,4,4,0.8949222781277247,0.8949222781277247
NAR031620002,NAR,CJF_2,CJF,2,R,R-NAR031620002,3,1,0.5933950468344417,0.9179444833119214
NAR031620002,NAR,CJF_2,CJF,2,R,R-NAR031620002,3,1,0.5826321690049316,0.8652716496262997
NAR031620002,NAR,CJF_2,CJF,2,R,R-NAR031620002,3,2,0.7763475261676709,0.9179444833119214
NAR031620002,NAR,CJF_2,CJF,2,R,R-NAR031620002,3,2,0.7328008287967591,0.8652716496262997
NAR031620002,NAR,CJF_2,CJF,2,R,R-NAR031620002,3,3,0.9179444833119214,0.9179444833119214
NAR031620002,NAR,CJF_2,CJF,2,R,R-NAR031620002,3,3,0.8652716496262997,0.8652716496262997
NAR031620002,NAR,CJF_3,CJF,3,R,R-NAR031620002,3,1,0.5874555162921408,0.8927826907718768
NAR031620002,NAR,CJF_3,CJF,3,R,R-NAR031620002,3,2,0.7541881504977279,0.8927826907718768
NAR031620002,NAR,CJF_3,CJF,3,R,R-NAR031620002,3,3,0.8927826907718768,0.8927826907718768
NAR031620002,NAR,JRS_1,JRS,1,R,R-NAR031620002,1,1,0.46580355481847757,0.7634097979179195
NAR031620002,NAR,LEL_1,LEL,1,R,R-NAR031620002,1,1,0.4397164483977778,0.6863476846244095
NAR031620002,NAR,NGA_1,NGA,1,R,R-NAR031620002,3,1,0.6785622589863354,0.9663381161928272
NAR031620002,NAR,NGA_1,NGA,1,R,R-NAR031620002,3,2,0.8430254384594079,0.9663381161928272
NAR031620002,NAR,NGA_1,NGA,1,R,R-NAR031620002,3,3,0.9663381161928272,0.9663381161928272
NAR031620002,NAR,NGA_2,NGA,2,R,R-NAR031620002,3,1,0.6922369799866226,0.9685233842310343
NAR031620002,NAR,NGA_2,NGA,2,R,R-NAR031620002,3,2,0.8508043073018441,0.9685233842310343
NAR031620002,NAR,NGA_2,NGA,2,R,R-NAR031620002,3,3,0.9685233842310343,0.9685233842310343
NAR031620003,NAR,CJF_1,CJF,1,R,R-NAR031620003,4,1,0.45180469873788065,0.890351382634872
NAR031620003,NAR,CJF_1,CJF,1,R,R-NAR031620003,4,2,0.6486063990322385,0.890351382634872
NAR031620003,NAR,CJF_1,CJF,1,R,R-NAR031620003,4,3,0.8018809546034462,0.890351382634872
NAR031620003,NAR,CJF_1,CJF,1,R,R-NAR031620003,4,4,0.890351382634872,0.890351382634872
NAR031620003,NAR,CJF_2,CJF,2,R,R-NAR031620003,4,1,0.49342334696480905,0.939805690425759
NAR031620003,NAR,CJF_2,CJF,2,R,R-NAR031620003,4,2,0.6934702250638525,0.939805690425759
NAR031620003,NAR,CJF_2,CJF,2,R,R-NAR031620003,4,3,0.8416673305147171,0.939805690425759
NAR031620003,NAR,CJF_2,CJF,2,R,R-NAR031620003,4,4,0.939805690425759,0.939805690425759
NAR031620003,NAR,CJF_3,CJF,3,R,R-NAR031620003,4,1,0.4707974958213806,0.930645835069672
NAR031620003,NAR,CJF_3,CJF,3,R,R-NAR031620003,4,2,0.6722244412570969,0.930645835069672
NAR031620003,NAR,CJF_3,CJF,3,R,R-NAR031620003,4,3,0.809522932024927,0.930645835069672
NAR031620003,NAR,CJF_3,CJF,3,R,R-NAR031620003,4,4,0.930645835069672,0.930645835069672
NAR031620003,NAR,JRS_1,JRS,1,R,R-NAR031620003,2,1,0.2560176796006577,0.4894542436076921
NAR031620003,NAR,JRS_1,JRS,1,R,R-NAR031620003,2,2,0.36954475151727206,0.4894542436076921
NAR031620003,NAR,LEL_1,LEL,1,R,R-NAR031620003,0,NA,NA,0.6597210872033833
NAR031620003,NAR,NGA_1,NGA,1,R,R-NAR031620003,3,1,0.5594661532012688,0.9539106638753857
NAR031620003,NAR,NGA_1,NGA,1,R,R-NAR031620003,3,2,0.7315626095120622,0.9539106638753857
NAR031620003,NAR,NGA_1,NGA,1,R,R-NAR031620003,3,3,0.9539106638753857,0.9539106638753857
NAR031620003,NAR,NGA_2,NGA,2,R,R-NAR031620003,3,1,0.541674354850586,0.9403198296885514
NAR031620003,NAR,NGA_2,NGA,2,R,R-NAR031620003,3,2,0.7041137981363828,0.9403198296885514
NAR031620003,NAR,NGA_2,NGA,2,R,R-NAR031620003,3,3,0.9403198296885514,0.9403198296885514
NAR031620004,NAR,CJF_1,CJF,1,R,R-NAR031620004,5,1,0.3888225433196898,1.0376158198630452
NAR031620004,NAR,CJF_1,CJF,1,R,R-NAR031620004,5,2,0.6478135082318135,1.0376158198630452
NAR031620004,NAR,CJF_1,CJF,1,R,R-NAR031620004,5,3,0.8362872658548981,1.0376158198630452
NAR031620004,NAR,CJF_1,CJF,1,R,R-NAR031620004,5,4,0.9467454958112511,1.0376158198630452
NAR031620004,NAR,CJF_1,CJF,1,R,R-NAR031620004,5,5,1.0376158198630452,1.0376158198630452
NAR031620004,NAR,CJF_2,CJF,2,R,R-NAR031620004,5,1,0.4235708330494854,1.0776758029355606
NAR031620004,NAR,CJF_2,CJF,2,R,R-NAR031620004,5,2,0.6923639651055834,1.0776758029355606
NAR031620004,NAR,CJF_2,CJF,2,R,R-NAR031620004,5,3,0.8557337529076543,1.0776758029355606
NAR031620004,NAR,CJF_2,CJF,2,R,R-NAR031620004,5,4,0.9666441182688221,1.0776758029355606
NAR031620004,NAR,CJF_2,CJF,2,R,R-NAR031620004,5,5,1.0776758029355606,1.0776758029355606
NAR031620004,NAR,CJF_3,CJF,3,R,R-NAR031620004,5,1,0.310727563944754,0.9555128732852214
NAR031620004,NAR,CJF_3,CJF,3,R,R-NAR031620004,5,2,0.5943357990164033,0.9555128732852214
NAR031620004,NAR,CJF_3,CJF,3,R,R-NAR031620004,5,3,0.7478765521587046,0.9555128732852214
NAR031620004,NAR,CJF_3,CJF,3,R,R-NAR031620004,5,4,0.8731303204618475,0.9555128732852214
NAR031620004,NAR,CJF_3,CJF,3,R,R-NAR031620004,5,5,0.9555128732852214,0.9555128732852214
NAR031620004,NAR,JRS_1,JRS,1,R,R-NAR031620004,3,1,0.4495830423521844,1.0763315993504121
NAR031620004,NAR,JRS_1,JRS,1,R,R-NAR031620004,3,2,0.7223018885033159,1.0763315993504121
NAR031620004,NAR,JRS_1,JRS,1,R,R-NAR031620004,3,3,0.8671718587760485,1.0763315993504121
NAR031620004,NAR,LEL_1,LEL,1,R,R-NAR031620004,2,1,0.5383458321311347,0.8045958100787076
NAR031620004,NAR,LEL_1,LEL,1,R,R-NAR031620004,2,2,0.7158350062769951,0.8045958100787076
NAR031620005,NAR,CJF_1,CJF,1,R,R-NAR031620005,7,1,0.4108178878503348,1.134398018486018
NAR031620005,NAR,CJF_1,CJF,1,R,R-NAR031620005,7,2,0.6150724111887197,1.134398018486018
NAR031620005,NAR,CJF_1,CJF,1,R,R-NAR031620005,7,3,0.7726400746824658,1.134398018486018
NAR031620005,NAR,CJF_1,CJF,1,R,R-NAR031620005,7,4,0.8769155699537752,1.134398018486018
NAR031620005,NAR,CJF_1,CJF,1,R,R-NAR031620005,7,5,0.9700965605573157,1.134398018486018
NAR031620005,NAR,CJF_1,CJF,1,R,R-NAR031620005,7,6,1.0412812709110566,1.134398018486018
NAR031620005,NAR,CJF_1,CJF,1,R,R-NAR031620005,7,7,1.134398018486018,1.134398018486018
NAR031620005,NAR,CJF_2,CJF,2,R,R-NAR031620005,7,1,0.38789083401076485,1.0994162937409901
NAR031620005,NAR,CJF_2,CJF,2,R,R-NAR031620005,7,2,0.5941875506236769,1.0994162937409901
NAR031620005,NAR,CJF_2,CJF,2,R,R-NAR031620005,7,3,0.7381756232133799,1.0994162937409901
NAR031620005,NAR,CJF_2,CJF,2,R,R-NAR031620005,7,4,0.8445576509949324,1.0994162937409901
NAR031620005,NAR,CJF_2,CJF,2,R,R-NAR031620005,7,5,0.9310379450091809,1.0994162937409901
NAR031620005,NAR,CJF_2,CJF,2,R,R-NAR031620005,7,6,0.9997514633679927,1.0994162937409901
NAR031620005,NAR,CJF_2,CJF,2,R,R-NAR031620005,7,7,1.0994162937409901,1.0994162937409901
NAR031620005,NAR,CJF_3,CJF,3,R,R-NAR031620005,7,1,0.4309808660285427,1.131563726836222
NAR031620005,NAR,CJF_3,CJF,3,R,R-NAR031620005,7,2,0.6320706193487644,1.131563726836222
NAR031620005,NAR,CJF_3,CJF,3,R,R-NAR031620005,7,3,0.784590199311558,1.131563726836222
NAR031620005,NAR,CJF_3,CJF,3,R,R-NAR031620005,7,4,0.8818691493321401,1.131563726836222
NAR031620005,NAR,CJF_3,CJF,3,R,R-NAR031620005,7,5,0.9813022832281207,1.131563726836222
NAR031620005,NAR,CJF_3,CJF,3,R,R-NAR031620005,7,6,1.0542961465699883,1.131563726836222
NAR031620005,NAR,CJF_3,CJF,3,R,R-NAR031620005,7,7,1.131563726836222,1.131563726836222
NAR031620005,NAR,JRS_1,JRS,1,R,R-NAR031620005,6,1,0.36818152524705194,1.059314628205015
NAR031620005,NAR,JRS_1,JRS,1,R,R-NAR031620005,6,2,0.5610874443065242,1.059314628205015
NAR031620005,NAR,JRS_1,JRS,1,R,R-NAR031620005,6,3,0.7014248930265257,1.059314628205015
NAR031620005,NAR,JRS_1,JRS,1,R,R-NAR031620005,6,4,0.8176406754944785,1.059314628205015
NAR031620005,NAR,JRS_1,JRS,1,R,R-NAR031620005,6,5,0.9276948661126774,1.059314628205015
NAR031620005,NAR,JRS_1,JRS,1,R,R-NAR031620005,6,6,0.9933735718721046,1.059314628205015
NAR031620005,NAR,LEL_1,LEL,1,R,R-NAR031620005,4,1,0.4923546251393482,0.837514580182886
NAR031620005,NAR,LEL_1,LEL,1,R,R-NAR031620005,4,2,0.6103740389799546,0.837514580182886
NAR031620005,NAR,LEL_1,LEL,1,R,R-NAR031620005,4,3,0.7045519334102122,0.837514580182886
NAR031620005,NAR,LEL_1,LEL,1,R,R-NAR031620005,4,4,0.751454409023268,0.837514580182886
NAR031620006,NAR,CJF_1,CJF,1,R,R-NAR031620006,6,1,0.33951031481944616,1.0747359820252722
NAR031620006,NAR,CJF_1,CJF,1,R,R-NAR031620006,6,2,0.5939488971925693,1.0747359820252722
NAR031620006,NAR,CJF_1,CJF,1,R,R-NAR031620006,6,3,0.761020516316292,1.0747359820252722
NAR031620006,NAR,CJF_1,CJF,1,R,R-NAR031620006,6,4,0.8926036669350853,1.0747359820252722
NAR031620006,NAR,CJF_1,CJF,1,R,R-NAR031620006,6,5,0.9883597970457181,1.0747359820252722
NAR031620006,NAR,CJF_1,CJF,1,R,R-NAR031620006,6,6,1.0747359820252722,1.0747359820252722
NAR031620006,NAR,CJF_2,CJF,2,R,R-NAR031620006,6,1,0.36835457237875047,1.1110763727927868
NAR031620006,NAR,CJF_2,CJF,2,R,R-NAR031620006,6,2,0.6096174558341545,1.1110763727927868
NAR031620006,NAR,CJF_2,CJF,2,R,R-NAR031620006,6,3,0.7866908274011691,1.1110763727927868
NAR031620006,NAR,CJF_2,CJF,2,R,R-NAR031620006,6,4,0.9138725875594662,1.1110763727927868
NAR031620006,NAR,CJF_2,CJF,2,R,R-NAR031620006,6,5,1.0255009792200716,1.1110763727927868
NAR031620006,NAR,CJF_2,CJF,2,R,R-NAR031620006,6,6,1.1110763727927868,1.1110763727927868
NAR031620006,NAR,CJF_3,CJF,3,R,R-NAR031620006,6,1,0.3490753965148078,1.0707039845485542
NAR031620006,NAR,CJF_3,CJF,3,R,R-NAR031620006,6,2,0.5889008657129065,1.0707039845485542
NAR031620006,NAR,CJF_3,CJF,3,R,R-NAR031620006,6,3,0.7664319976025582,1.0707039845485542
NAR031620006,NAR,CJF_3,CJF,3,R,R-NAR031620006,6,4,0.876604287964747,1.0707039845485542
NAR031620006,NAR,CJF_3,CJF,3,R,R-NAR031620006,6,5,0.9718905200183743,1.0707039845485542
NAR031620006,NAR,CJF_3,CJF,3,R,R-NAR031620006,6,6,1.0707039845485542,1.0707039845485542
NAR031620006,NAR,JRS_1,JRS,1,R,R-NAR031620006,5,1,0.3212057979530991,1.0382427035054078
NAR031620006,NAR,JRS_1,JRS,1,R,R-NAR031620006,5,2,0.5568903496340264,1.0382427035054078
NAR031620006,NAR,JRS_1,JRS,1,R,R-NAR031620006,5,3,0.7175845172222297,1.0382427035054078
NAR031620006,NAR,JRS_1,JRS,1,R,R-NAR031620006,5,4,0.8423052049127215,1.0382427035054078
NAR031620006,NAR,JRS_1,JRS,1,R,R-NAR031620006,5,5,0.94986057015924,1.0382427035054078
NAR031620006,NAR,LEL_1,LEL,1,R,R-NAR031620006,5,1,0.30066872335722417,0.9409182686951736
NAR031620006,NAR,LEL_1,LEL,1,R,R-NAR031620006,5,2,0.494882675998169,0.9409182686951736
NAR031620006,NAR,LEL_1,LEL,1,R,R-NAR031620006,5,3,0.6394453303077563,0.9409182686951736
NAR031620006,NAR,LEL_1,LEL,1,R,R-NAR031620006,5,4,0.7661822426210055,0.9409182686951736
NAR031620006,NAR,LEL_1,LEL,1,R,R-NAR031620006,5,5,0.8597240705422107,0.9409182686951736
NAR031620007,NAR,CJF_1,CJF,1,R,R-NAR031620007,9,1,0.6121548152066946,1.3112423931866533
NAR031620007,NAR,CJF_1,CJF,1,R,R-NAR031620007,9,2,0.7572808653685297,1.3112423931866533
NAR031620007,NAR,CJF_1,CJF,1,R,R-NAR031620007,9,3,0.8563278545633064,1.3112423931866533
NAR031620007,NAR,CJF_1,CJF,1,R,R-NAR031620007,9,4,0.9382431966881928,1.3112423931866533
NAR031620007,NAR,CJF_1,CJF,1,R,R-NAR031620007,9,5,1.0257997749988843,1.3112423931866533
NAR031620007,NAR,CJF_1,CJF,1,R,R-NAR031620007,9,6,1.1002929554074423,1.3112423931866533
NAR031620007,NAR,CJF_1,CJF,1,R,R-NAR031620007,9,7,1.1798035564643778,1.3112423931866533
NAR031620007,NAR,CJF_1,CJF,1,R,R-NAR031620007,9,8,1.2345524102226197,1.3112423931866533
NAR031620007,NAR,CJF_1,CJF,1,R,R-NAR031620007,9,9,1.3112423931866533,1.3112423931866533
NAR031620007,NAR,CJF_2,CJF,2,R,R-NAR031620007,9,1,0.5816814948520022,1.2668876465268646
NAR031620007,NAR,CJF_2,CJF,2,R,R-NAR031620007,9,2,0.7156441101532931,1.2668876465268646
NAR031620007,NAR,CJF_2,CJF,2,R,R-NAR031620007,9,3,0.8183177575890604,1.2668876465268646
NAR031620007,NAR,CJF_2,CJF,2,R,R-NAR031620007,9,4,0.9025346960628885,1.2668876465268646
NAR031620007,NAR,CJF_2,CJF,2,R,R-NAR031620007,9,5,0.9843094782592037,1.2668876465268646
NAR031620007,NAR,CJF_2,CJF,2,R,R-NAR031620007,9,6,1.0631314985457503,1.2668876465268646
NAR031620007,NAR,CJF_2,CJF,2,R,R-NAR031620007,9,7,1.136558600645016,1.2668876465268646
NAR031620007,NAR,CJF_2,CJF,2,R,R-NAR031620007,9,8,1.1856234699628043,1.2668876465268646
NAR031620007,NAR,CJF_2,CJF,2,R,R-NAR031620007,9,9,1.2668876465268646,1.2668876465268646
NAR031620007,NAR,CJF_3,CJF,3,R,R-NAR031620007,9,1,0.573145834186808,1.2679392887866738
NAR031620007,NAR,CJF_3,CJF,3,R,R-NAR031620007,9,2,0.7253596866291523,1.2679392887866738
NAR031620007,NAR,CJF_3,CJF,3,R,R-NAR031620007,9,3,0.8175799962560407,1.2679392887866738
NAR031620007,NAR,CJF_3,CJF,3,R,R-NAR031620007,9,4,0.909572521634306,1.2679392887866738
NAR031620007,NAR,CJF_3,CJF,3,R,R-NAR031620007,9,5,0.9747094080030436,1.2679392887866738
NAR031620007,NAR,CJF_3,CJF,3,R,R-NAR031620007,9,6,1.0645858301019144,1.2679392887866738
NAR031620007,NAR,CJF_3,CJF,3,R,R-NAR031620007,9,7,1.1432644280997282,1.2679392887866738
NAR031620007,NAR,CJF_3,CJF,3,R,R-NAR031620007,9,8,1.2034857551638065,1.2679392887866738
NAR031620007,NAR,CJF_3,CJF,3,R,R-NAR031620007,9,9,1.2679392887866738,1.2679392887866738
NAR031620007,NAR,LEL_1,LEL,1,R,R-NAR031620007,4,1,0.5192263931814997,1.0416441598732882
NAR031620007,NAR,LEL_1,LEL,1,R,R-NAR031620007,4,2,0.6358294888234152,1.0416441598732882
NAR031620007,NAR,LEL_1,LEL,1,R,R-NAR031620007,4,3,0.7289640806337394,1.0416441598732882
NAR031620007,NAR,LEL_1,LEL,1,R,R-NAR031620007,4,4,0.8464234395147571,1.0416441598732882
NAR031620007,NAR,NGA_1,NGA,1,R,R-NAR031620007,10,1,0.41216847579859933,1.272195664857511
NAR031620007,NAR,NGA_1,NGA,1,R,R-NAR031620007,10,2,0.6225325595029368,1.272195664857511
NAR031620007,NAR,NGA_1,NGA,1,R,R-NAR031620007,10,3,0.7485835395462384,1.272195664857511
NAR031620007,NAR,NGA_1,NGA,1,R,R-NAR031620007,10,4,0.8334176720096791,1.272195664857511
NAR031620007,NAR,NGA_1,NGA,1,R,R-NAR031620007,10,5,0.91825180447312,1.272195664857511
NAR031620007,NAR,NGA_1,NGA,1,R,R-NAR031620007,10,6,1.0036069657389648,1.272195664857511
NAR031620007,NAR,NGA_1,NGA,1,R,R-NAR031620007,10,7,1.074875825276588,1.272195664857511
NAR031620007,NAR,NGA_1,NGA,1,R,R-NAR031620007,10,8,1.1519876170264611,1.272195664857511
NAR031620007,NAR,NGA_1,NGA,1,R,R-NAR031620007,10,9,1.217413544351833,1.272195664857511
NAR031620007,NAR,NGA_1,NGA,1,R,R-NAR031620007,10,10,1.272195664857511,1.272195664857511
NAR031620007,NAR,NGA_2,NGA,2,R,R-NAR031620007,9,1,0.5850678601371259,1.2544424856948964
NAR031620007,NAR,NGA_2,NGA,2,R,R-NAR031620007,9,2,0.7232133663823235,1.2544424856948964
NAR031620007,NAR,NGA_2,NGA,2,R,R-NAR031620007,9,3,0.8199839163082681,1.2544424856948964
NAR031620007,NAR,NGA_2,NGA,2,R,R-NAR031620007,9,4,0.9060215139588644,1.2544424856948964
NAR031620007,NAR,NGA_2,NGA,2,R,R-NAR031620007,9,5,0.986692635471788,1.2544424856948964
NAR031620007,NAR,NGA_2,NGA,2,R,R-NAR031620007,9,6,1.0602664486170843,1.2544424856948964
NAR031620007,NAR,NGA_2,NGA,2,R,R-NAR031620007,9,7,1.1486698157235562,1.2544424856948964
NAR031620007,NAR,NGA_2,NGA,2,R,R-NAR031620007,9,8,1.1875050231391189,1.2544424856948964
NAR031620007,NAR,NGA_2,NGA,2,R,R-NAR031620007,9,9,1.2544424856948964,1.2544424856948964
NAR031620008,NAR,CJF_1,CJF,1,R,R-NAR031620008,8,1,0.3586981816342386,1.2165632872715968
NAR031620008,NAR,CJF_1,CJF,1,R,R-NAR031620008,8,2,0.5801911136847087,1.2165632872715968
NAR031620008,NAR,CJF_1,CJF,1,R,R-NAR031620008,8,3,0.7156519685818881,1.2165632872715968
NAR031620008,NAR,CJF_1,CJF,1,R,R-NAR031620008,8,4,0.7957395904664495,1.2165632872715968
NAR031620008,NAR,CJF_1,CJF,1,R,R-NAR031620008,8,5,0.9329126548233516,1.2165632872715968
NAR031620008,NAR,CJF_1,CJF,1,R,R-NAR031620008,8,6,1.0666291150339422,1.2165632872715968
NAR031620008,NAR,CJF_1,CJF,1,R,R-NAR031620008,8,7,1.1458123543483432,1.2165632872715968
NAR031620008,NAR,CJF_1,CJF,1,R,R-NAR031620008,8,8,1.2165632872715968,1.2165632872715968
NAR031620008,NAR,LEL_1,LEL,1,R,R-NAR031620008,7,1,0.5053559855491748,1.2974345728034042
NAR031620008,NAR,LEL_1,LEL,1,R,R-NAR031620008,7,2,0.5906097516252119,1.2974345728034042
NAR031620008,NAR,LEL_1,LEL,1,R,R-NAR031620008,7,3,0.6937713469011216,1.2974345728034042
NAR031620008,NAR,LEL_1,LEL,1,R,R-NAR031620008,7,4,0.8446871533766925,1.2974345728034042
NAR031620008,NAR,LEL_1,LEL,1,R,R-NAR031620008,7,5,0.9633294003910737,1.2974345728034042
NAR031620008,NAR,LEL_1,LEL,1,R,R-NAR031620008,7,6,1.0532401868828232,1.2974345728034042
NAR031620008,NAR,LEL_1,LEL,1,R,R-NAR031620008,7,7,1.1552868606815772,1.2974345728034042
NAR031620009,NAR,CJF_1,CJF,1,R,R-NAR031620009,4,1,0.3258428073373898,0.7511196347302262
NAR031620009,NAR,CJF_1,CJF,1,R,R-NAR031620009,3,1,0.5663256907691874,0.8802337571976422
NAR031620009,NAR,CJF_1,CJF,1,R,R-NAR031620009,4,2,0.4587312446589987,0.7511196347302262
NAR031620009,NAR,CJF_1,CJF,1,R,R-NAR031620009,3,2,0.7256448989841481,0.8802337571976422
NAR031620009,NAR,CJF_1,CJF,1,R,R-NAR031620009,4,3,0.5935989596227138,0.7511196347302262
NAR031620009,NAR,CJF_1,CJF,1,R,R-NAR031620009,3,3,0.8802337571976422,0.8802337571976422
NAR031620009,NAR,CJF_1,CJF,1,R,R-NAR031620009,4,4,0.7511196347302262,0.7511196347302262
NAR031620009,NAR,CJF_2,CJF,2,R,R-NAR031620009,3,1,0.5164382905217557,0.7855794253574104
NAR031620009,NAR,CJF_2,CJF,2,R,R-NAR031620009,3,2,0.6535959077651194,0.7855794253574104
NAR031620009,NAR,CJF_2,CJF,2,R,R-NAR031620009,3,3,0.7855794253574104,0.7855794253574104
NAR031620009,NAR,CJF_3,CJF,3,R,R-NAR031620009,3,1,0.47648144437564416,0.7706801675345496
NAR031620009,NAR,CJF_3,CJF,3,R,R-NAR031620009,3,2,0.6195573444731082,0.7706801675345496
NAR031620009,NAR,CJF_3,CJF,3,R,R-NAR031620009,3,3,0.7706801675345496,0.7706801675345496
NAR031620009,NAR,JRS_1,JRS,1,R,R-NAR031620009,2,1,0.5028328628603577,0.7093717121570426
NAR031620009,NAR,JRS_1,JRS,1,R,R-NAR031620009,2,2,0.6050539096112779,0.7093717121570426
NAR031620009,NAR,LEL_1,LEL,1,R,R-NAR031620009,3,1,0.5900463452875607,0.880862806908552
NAR031620009,NAR,LEL_1,LEL,1,R,R-NAR031620009,3,2,0.6610669673964927,0.880862806908552
NAR031620009,NAR,LEL_1,LEL,1,R,R-NAR031620009,3,3,0.7742642396892208,0.880862806908552
NAR031620009,NAR,NGA_1,NGA,1,R,R-NAR031620009,3,1,0.5865059284254374,0.8752435795153329
NAR031620009,NAR,NGA_1,NGA,1,R,R-NAR031620009,3,2,0.7465393169167461,0.8752435795153329
NAR031620009,NAR,NGA_1,NGA,1,R,R-NAR031620009,3,3,0.8752435795153329,0.8752435795153329
NAR031620009,NAR,NGA_2,NGA,2,R,R-NAR031620009,3,1,0.6333566833579685,0.8879688402671179
NAR031620009,NAR,NGA_2,NGA,2,R,R-NAR031620009,3,2,0.7571167255234628,0.8879688402671179
NAR031620009,NAR,NGA_2,NGA,2,R,R-NAR031620009,3,3,0.8879688402671179,0.8879688402671179
NAR031620010,NAR,CJF_1,CJF,1,R,R-NAR031620010,8,1,0.4423390863868997,1.272834470357747
NAR031620010,NAR,CJF_1,CJF,1,R,R-NAR031620010,8,2,0.6626797591646082,1.272834470357747
NAR031620010,NAR,CJF_1,CJF,1,R,R-NAR031620010,8,3,0.7825085925778389,1.272834470357747
NAR031620010,NAR,CJF_1,CJF,1,R,R-NAR031620010,8,4,0.8698200974148043,1.272834470357747
NAR031620010,NAR,CJF_1,CJF,1,R,R-NAR031620010,8,5,0.9792703048669138,1.272834470357747
NAR031620010,NAR,CJF_1,CJF,1,R,R-NAR031620010,8,6,1.0821894175899123,1.272834470357747
NAR031620010,NAR,CJF_1,CJF,1,R,R-NAR031620010,8,7,1.2025708312803038,1.272834470357747
NAR031620010,NAR,CJF_1,CJF,1,R,R-NAR031620010,8,8,1.272834470357747,1.272834470357747
NAR031620010,NAR,CJF_2,CJF,2,R,R-NAR031620010,8,1,0.37696039797782976,1.2588307316748815
NAR031620010,NAR,CJF_2,CJF,2,R,R-NAR031620010,8,2,0.6172292474213006,1.2588307316748815
NAR031620010,NAR,CJF_2,CJF,2,R,R-NAR031620010,8,3,0.7622205305464634,1.2588307316748815
NAR031620010,NAR,CJF_2,CJF,2,R,R-NAR031620010,8,4,0.8572769587636901,1.2588307316748815
NAR031620010,NAR,CJF_2,CJF,2,R,R-NAR031620010,8,5,0.9792228336630608,1.2588307316748815
NAR031620010,NAR,CJF_2,CJF,2,R,R-NAR031620010,8,6,1.081830891429879,1.2588307316748815
NAR031620010,NAR,CJF_2,CJF,2,R,R-NAR031620010,8,7,1.151324701571449,1.2588307316748815
NAR031620010,NAR,CJF_2,CJF,2,R,R-NAR031620010,8,8,1.2588307316748815,1.2588307316748815
NAR031620010,NAR,CJF_3,CJF,3,R,R-NAR031620010,8,1,0.3845908960726946,1.2788998820401332
NAR031620010,NAR,CJF_3,CJF,3,R,R-NAR031620010,8,2,0.6383107475869575,1.2788998820401332
NAR031620010,NAR,CJF_3,CJF,3,R,R-NAR031620010,8,3,0.774516188199787,1.2788998820401332
NAR031620010,NAR,CJF_3,CJF,3,R,R-NAR031620010,8,4,0.8715251173052502,1.2788998820401332
NAR031620010,NAR,CJF_3,CJF,3,R,R-NAR031620010,8,5,0.9816859527267198,1.2788998820401332
NAR031620010,NAR,CJF_3,CJF,3,R,R-NAR031620010,8,6,1.0719893249538535,1.2788998820401332
NAR031620010,NAR,CJF_3,CJF,3,R,R-NAR031620010,8,7,1.1710174334848826,1.2788998820401332
NAR031620010,NAR,CJF_3,CJF,3,R,R-NAR031620010,8,8,1.2788998820401332,1.2788998820401332
NAR031620010,NAR,JRS_1,JRS,1,R,R-NAR031620010,9,1,0.3662448744285524,1.2784621767709334
NAR031620010,NAR,JRS_1,JRS,1,R,R-NAR031620010,9,2,0.4599221723678458,1.2784621767709334
NAR031620010,NAR,JRS_1,JRS,1,R,R-NAR031620010,9,3,0.5573076056347384,1.2784621767709334
NAR031620010,NAR,JRS_1,JRS,1,R,R-NAR031620010,9,4,0.6336347254405702,1.2784621767709334
NAR031620010,NAR,JRS_1,JRS,1,R,R-NAR031620010,9,5,0.7679590601523453,1.2784621767709334
NAR031620010,NAR,JRS_1,JRS,1,R,R-NAR031620010,9,6,0.8854230801138719,1.2784621767709334
NAR031620010,NAR,JRS_1,JRS,1,R,R-NAR031620010,9,7,1.015760187852943,1.2784621767709334
NAR031620010,NAR,JRS_1,JRS,1,R,R-NAR031620010,9,8,1.1062192138478504,1.2784621767709334
NAR031620010,NAR,JRS_1,JRS,1,R,R-NAR031620010,9,9,1.2053533289094878,1.2784621767709334
NAR031620010,NAR,LEL_1,LEL,1,R,R-NAR031620010,7,1,0.10140053433344676,1.0823841240446876
NAR031620010,NAR,LEL_1,LEL,1,R,R-NAR031620010,7,2,0.19611694652210068,1.0823841240446876
NAR031620010,NAR,LEL_1,LEL,1,R,R-NAR031620010,7,3,0.2975174808555476,1.0823841240446876
NAR031620010,NAR,LEL_1,LEL,1,R,R-NAR031620010,7,4,0.39695266425562997,1.0823841240446876
NAR031620010,NAR,LEL_1,LEL,1,R,R-NAR031620010,7,5,0.4819784890966352,1.0823841240446876
NAR031620010,NAR,LEL_1,LEL,1,R,R-NAR031620010,7,6,0.586521655952109,1.0823841240446876
NAR031620010,NAR,LEL_1,LEL,1,R,R-NAR031620010,7,7,0.6756047051222389,1.0823841240446876
NAR031620011,NAR,CJF_1,CJF,1,R,R-NAR031620011,16,1,0.3767445585189659,1.79068234627257
NAR031620011,NAR,CJF_1,CJF,1,R,R-NAR031620011,16,2,0.5286426723743389,1.79068234627257
NAR031620011,NAR,CJF_1,CJF,1,R,R-NAR031620011,16,3,0.6834383978251153,1.79068234627257
NAR031620011,NAR,CJF_1,CJF,1,R,R-NAR031620011,16,4,0.8310856771142743,1.79068234627257
NAR031620011,NAR,CJF_1,CJF,1,R,R-NAR031620011,16,5,0.9303187413292483,1.79068234627257
NAR031620011,NAR,CJF_1,CJF,1,R,R-NAR031620011,16,6,1.0056867695984193,1.79068234627257
NAR031620011,NAR,CJF_1,CJF,1,R,R-NAR031620011,16,7,1.1018310565642102,1.79068234627257
NAR031620011,NAR,CJF_1,CJF,1,R,R-NAR031620011,16,8,1.179809947948114,1.79068234627257
NAR031620011,NAR,CJF_1,CJF,1,R,R-NAR031620011,16,9,1.235563774837696,1.79068234627257
NAR031620011,NAR,CJF_1,CJF,1,R,R-NAR031620011,16,10,1.3122850260776784,1.79068234627257
NAR031620011,NAR,CJF_1,CJF,1,R,R-NAR031620011,16,11,1.4002143923917119,1.79068234627257
NAR031620011,NAR,CJF_1,CJF,1,R,R-NAR031620011,16,12,1.4770312264585845,1.79068234627257
NAR031620011,NAR,CJF_1,CJF,1,R,R-NAR031620011,16,13,1.552208089073975,1.79068234627257
NAR031620011,NAR,CJF_1,CJF,1,R,R-NAR031620011,16,14,1.6373354266194957,1.79068234627257
NAR031620011,NAR,CJF_1,CJF,1,R,R-NAR031620011,16,15,1.7085482031493429,1.79068234627257
NAR031620011,NAR,CJF_1,CJF,1,R,R-NAR031620011,16,16,1.79068234627257,1.79068234627257
NAR031620011,NAR,CJF_2,CJF,2,R,R-NAR031620011,16,1,0.2656728075137977,1.7555591822769958
NAR031620011,NAR,CJF_2,CJF,2,R,R-NAR031620011,16,2,0.48031372120872773,1.7555591822769958
NAR031620011,NAR,CJF_2,CJF,2,R,R-NAR031620011,16,3,0.6657191984381862,1.7555591822769958
NAR031620011,NAR,CJF_2,CJF,2,R,R-NAR031620011,16,4,0.8015476551170069,1.7555591822769958
NAR031620011,NAR,CJF_2,CJF,2,R,R-NAR031620011,16,5,0.9010309217601251,1.7555591822769958
NAR031620011,NAR,CJF_2,CJF,2,R,R-NAR031620011,16,6,0.9825885125417736,1.7555591822769958
NAR031620011,NAR,CJF_2,CJF,2,R,R-NAR031620011,16,7,1.069965596396345,1.7555591822769958
NAR031620011,NAR,CJF_2,CJF,2,R,R-NAR031620011,16,8,1.1615426872846868,1.7555591822769958
NAR031620011,NAR,CJF_2,CJF,2,R,R-NAR031620011,16,9,1.2363197500379468,1.7555591822769958
NAR031620011,NAR,CJF_2,CJF,2,R,R-NAR031620011,16,10,1.2972065311925862,1.7555591822769958
NAR031620011,NAR,CJF_2,CJF,2,R,R-NAR031620011,16,11,1.364873840375614,1.7555591822769958
NAR031620011,NAR,CJF_2,CJF,2,R,R-NAR031620011,16,12,1.4716314733598856,1.7555591822769958
NAR031620011,NAR,CJF_2,CJF,2,R,R-NAR031620011,16,13,1.535263388280065,1.7555591822769958
NAR031620011,NAR,CJF_2,CJF,2,R,R-NAR031620011,16,14,1.601640436965784,1.7555591822769958
NAR031620011,NAR,CJF_2,CJF,2,R,R-NAR031620011,16,15,1.6933821406250478,1.7555591822769958
NAR031620011,NAR,CJF_2,CJF,2,R,R-NAR031620011,16,16,1.7555591822769958,1.7555591822769958
NAR031620011,NAR,CJF_3,CJF,3,R,R-NAR031620011,16,1,0.3152440558958736,1.8004268606873737
NAR031620011,NAR,CJF_3,CJF,3,R,R-NAR031620011,16,2,0.5434481300575849,1.8004268606873737
NAR031620011,NAR,CJF_3,CJF,3,R,R-NAR031620011,16,3,0.7120895895979389,1.8004268606873737
NAR031620011,NAR,CJF_3,CJF,3,R,R-NAR031620011,16,4,0.8545319230152086,1.8004268606873737
NAR031620011,NAR,CJF_3,CJF,3,R,R-NAR031620011,16,5,0.9457728601837567,1.8004268606873737
NAR031620011,NAR,CJF_3,CJF,3,R,R-NAR031620011,16,6,1.0274150304860847,1.8004268606873737
NAR031620011,NAR,CJF_3,CJF,3,R,R-NAR031620011,16,7,1.1186559676546333,1.8004268606873737
NAR031620011,NAR,CJF_3,CJF,3,R,R-NAR031620011,16,8,1.1891769751242038,1.8004268606873737
NAR031620011,NAR,CJF_3,CJF,3,R,R-NAR031620011,16,9,1.251458841709546,1.8004268606873737
NAR031620011,NAR,CJF_3,CJF,3,R,R-NAR031620011,16,10,1.3343385605054583,1.8004268606873737
NAR031620011,NAR,CJF_3,CJF,3,R,R-NAR031620011,16,11,1.4284208271264005,1.8004268606873737
NAR031620011,NAR,CJF_3,CJF,3,R,R-NAR031620011,16,12,1.5072623604724706,1.8004268606873737
NAR031620011,NAR,CJF_3,CJF,3,R,R-NAR031620011,16,13,1.5708224680475338,1.8004268606873737
NAR031620011,NAR,CJF_3,CJF,3,R,R-NAR031620011,16,14,1.6482636829154755,1.8004268606873737
NAR031620011,NAR,CJF_3,CJF,3,R,R-NAR031620011,16,15,1.722944953323296,1.8004268606873737
NAR031620011,NAR,CJF_3,CJF,3,R,R-NAR031620011,16,16,1.8004268606873737,1.8004268606873737
NAR031620011,NAR,JRS_1,JRS,1,R,R-NAR031620011,14,1,0.4973646840238555,1.7840872798687335
NAR031620011,NAR,JRS_1,JRS,1,R,R-NAR031620011,14,2,0.684512383468077,1.7840872798687335
NAR031620011,NAR,JRS_1,JRS,1,R,R-NAR031620011,14,3,0.8169593491380167,1.7840872798687335
NAR031620011,NAR,JRS_1,JRS,1,R,R-NAR031620011,14,4,0.9140959840340824,1.7840872798687335
NAR031620011,NAR,JRS_1,JRS,1,R,R-NAR031620011,14,5,0.9960806341596811,1.7840872798687335
NAR031620011,NAR,JRS_1,JRS,1,R,R-NAR031620011,14,6,1.0894292728631296,1.7840872798687335
NAR031620011,NAR,JRS_1,JRS,1,R,R-NAR031620011,14,7,1.1609507784855253,1.7840872798687335
NAR031620011,NAR,JRS_1,JRS,1,R,R-NAR031620011,14,8,1.2408162194961538,1.7840872798687335
NAR031620011,NAR,JRS_1,JRS,1,R,R-NAR031620011,14,9,1.3228008696217524,1.7840872798687335
NAR031620011,NAR,JRS_1,JRS,1,R,R-NAR031620011,14,10,1.3946398962098248,1.7840872798687335
NAR031620011,NAR,JRS_1,JRS,1,R,R-NAR031620011,14,11,1.4623734056396025,1.7840872798687335
NAR031620011,NAR,JRS_1,JRS,1,R,R-NAR031620011,14,12,1.5540532572654047,1.7840872798687335
NAR031620011,NAR,JRS_1,JRS,1,R,R-NAR031620011,14,13,1.6322499111983864,1.7840872798687335
NAR031620011,NAR,JRS_1,JRS,1,R,R-NAR031620011,14,14,1.6957450023982246,1.7840872798687335
NAR031620011,NAR,LEL_1,LEL,1,R,R-NAR031620011,14,1,0.07857666514179455,1.7457964040443334
NAR031620011,NAR,LEL_1,LEL,1,R,R-NAR031620011,14,2,0.14286627634806232,1.7457964040443334
NAR031620011,NAR,LEL_1,LEL,1,R,R-NAR031620011,14,3,0.20611425642383963,1.7457964040443334
NAR031620011,NAR,LEL_1,LEL,1,R,R-NAR031620011,14,4,0.3028465866281824,1.7457964040443334
NAR031620011,NAR,LEL_1,LEL,1,R,R-NAR031620011,14,5,0.36535084896841,1.7457964040443334
NAR031620011,NAR,LEL_1,LEL,1,R,R-NAR031620011,14,6,0.4357423560119508,1.7457964040443334
NAR031620011,NAR,LEL_1,LEL,1,R,R-NAR031620011,14,7,0.5037526873995705,1.7457964040443334
NAR031620011,NAR,LEL_1,LEL,1,R,R-NAR031620011,14,8,0.5957226662920705,1.7457964040443334
NAR031620011,NAR,LEL_1,LEL,1,R,R-NAR031620011,14,9,0.6555478395814364,1.7457964040443334
NAR031620011,NAR,LEL_1,LEL,1,R,R-NAR031620011,14,10,0.7317433290673098,1.7457964040443334
NAR031620011,NAR,LEL_1,LEL,1,R,R-NAR031620011,14,11,0.8260944836157308,1.7457964040443334
NAR031620011,NAR,LEL_1,LEL,1,R,R-NAR031620011,14,12,0.9080939555439373,1.7457964040443334
NAR031620011,NAR,LEL_1,LEL,1,R,R-NAR031620011,14,13,1.0232798642057677,1.7457964040443334
NAR031620011,NAR,LEL_1,LEL,1,R,R-NAR031620011,14,14,1.1223933700660307,1.7457964040443334
NAR031620012,NAR,CJF_1,CJF,1,R,R-NAR031620012,3,1,0.5761339489362481,0.8552277730705354
NAR031620012,NAR,CJF_1,CJF,1,R,R-NAR031620012,3,2,0.6995396497257298,0.8552277730705354
NAR031620012,NAR,CJF_1,CJF,1,R,R-NAR031620012,3,3,0.8552277730705354,0.8552277730705354
NAR031620012,NAR,CJF_2,CJF,2,R,R-NAR031620012,3,1,0.5280564201683633,0.8070750156745402
NAR031620012,NAR,CJF_2,CJF,2,R,R-NAR031620012,3,2,0.660782169731411,0.8070750156745402
NAR031620012,NAR,CJF_2,CJF,2,R,R-NAR031620012,3,3,0.8070750156745402,0.8070750156745402
NAR031620012,NAR,CJF_3,CJF,3,R,R-NAR031620012,3,1,0.536832548048588,0.8175660338994588
NAR031620012,NAR,CJF_3,CJF,3,R,R-NAR031620012,3,2,0.6677106983565436,0.8175660338994588
NAR031620012,NAR,CJF_3,CJF,3,R,R-NAR031620012,3,3,0.8175660338994588,0.8175660338994588
NAR031620012,NAR,NGA_1,NGA,1,R,R-NAR031620012,3,1,0.601234426760379,0.8751033422710859
NAR031620012,NAR,NGA_1,NGA,1,R,R-NAR031620012,3,2,0.7686674609960229,0.8751033422710859
NAR031620012,NAR,NGA_1,NGA,1,R,R-NAR031620012,3,3,0.8751033422710859,0.8751033422710859
NAR031620012,NAR,NGA_2,NGA,2,R,R-NAR031620012,3,1,0.6387300088093767,0.8949116343224482
NAR031620012,NAR,NGA_2,NGA,2,R,R-NAR031620012,3,2,0.7676905872628649,0.8949116343224482
NAR031620012,NAR,NGA_2,NGA,2,R,R-NAR031620012,3,3,0.8949116343224482,0.8949116343224482
NAR031620013,NAR,CJF_1,CJF,1,R,R-NAR031620013,3,1,0.5427819007902872,0.7967899280045431
NAR031620013,NAR,CJF_1,CJF,1,R,R-NAR031620013,3,2,0.6886200711764043,0.7967899280045431
NAR031620013,NAR,CJF_1,CJF,1,R,R-NAR031620013,3,3,0.7967899280045431,0.7967899280045431
NAR031620013,NAR,CJF_2,CJF,2,R,R-NAR031620013,3,1,0.6155451735653115,0.8694168280279387
NAR031620013,NAR,CJF_2,CJF,2,R,R-NAR031620013,3,2,0.768668534990001,0.8694168280279387
NAR031620013,NAR,CJF_2,CJF,2,R,R-NAR031620013,3,3,0.8694168280279387,0.8694168280279387
NAR031620013,NAR,CJF_3,CJF,3,R,R-NAR031620013,3,1,0.5307573628239796,0.766394767892729
NAR031620013,NAR,CJF_3,CJF,3,R,R-NAR031620013,3,2,0.6511501354286436,0.766394767892729
NAR031620013,NAR,CJF_3,CJF,3,R,R-NAR031620013,3,3,0.766394767892729,0.766394767892729
NAR031620013,NAR,JRS_1,JRS,1,R,R-NAR031620013,2,1,0.4156602885057801,0.6654894792332466
NAR031620013,NAR,JRS_1,JRS,1,R,R-NAR031620013,2,2,0.5361894299544783,0.6654894792332466
NAR031620013,NAR,LEL_1,LEL,1,R,R-NAR031620013,2,1,0.5665914438315286,0.8178977102862415
NAR031620013,NAR,LEL_1,LEL,1,R,R-NAR031620013,2,2,0.7393831011275827,0.8178977102862415
NAR031620015,NAR,CJF_1,CJF,1,R,R-NAR031620015,5,1,0.3678781604529628,0.9505976903615191
NAR031620015,NAR,CJF_1,CJF,1,R,R-NAR031620015,5,2,0.628287120154281,0.9505976903615191
NAR031620015,NAR,CJF_1,CJF,1,R,R-NAR031620015,5,3,0.75861140711662145,0.9505976903615191
NAR031620015,NAR,CJF_1,CJF,1,R,R-NAR031620015,5,4,0.8601186417722764,0.9505976903615191
NAR031620015,NAR,CJF_1,CJF,1,R,R-NAR031620015,5,5,0.9505976903615191,0.9505976903615191
NAR031620015,NAR,CJF_2,CJF,2,R,R-NAR031620015,5,1,0.38390597640992763,0.9445531432052512
NAR031620015,NAR,CJF_2,CJF,2,R,R-NAR031620015,5,2,0.6419856690671626,0.9445531432052512
NAR031620015,NAR,CJF_2,CJF,2,R,R-NAR031620015,5,3,0.7636024584709238,0.9445531432052512
NAR031620015,NAR,CJF_2,CJF,2,R,R-NAR031620015,5,4,0.8593961105884775,0.9445531432052512
NAR031620015,NAR,CJF_2,CJF,2,R,R-NAR031620015,5,5,0.9445531432052512,0.9445531432052512
NAR031620015,NAR,CJF_3,CJF,3,R,R-NAR031620015,5,1,0.3334304561670296,0.8980145733855276
NAR031620015,NAR,CJF_3,CJF,3,R,R-NAR031620015,5,2,0.5656970482933901,0.8980145733855276
NAR031620015,NAR,CJF_3,CJF,3,R,R-NAR031620015,5,3,0.7175159295395275,0.8980145733855276
NAR031620015,NAR,CJF_3,CJF,3,R,R-NAR031620015,5,4,0.8170834821529929,0.8980145733855276
NAR031620015,NAR,CJF_3,CJF,3,R,R-NAR031620015,5,5,0.8980145733855276,0.8980145733855276
NAR031620015,NAR,JRS_1,JRS,1,R,R-NAR031620015,4,1,0.3359028748076677,0.8711673551142618
NAR031620015,NAR,JRS_1,JRS,1,R,R-NAR031620015,4,2,0.5619416704401361,0.8711673551142618
NAR031620015,NAR,JRS_1,JRS,1,R,R-NAR031620015,4,3,0.7107278160801902,0.8711673551142618
NAR031620015,NAR,JRS_1,JRS,1,R,R-NAR031620015,4,4,0.7762195303263507,0.8711673551142618
NAR031620015,NAR,LEL_1,LEL,1,R,R-NAR031620015,3,1,0.6479736687436312,0.9418328797494241
NAR031620015,NAR,LEL_1,LEL,1,R,R-NAR031620015,3,2,0.785540550083698,0.9418328797494241
NAR031620015,NAR,LEL_1,LEL,1,R,R-NAR031620015,3,3,0.8500700544341586,0.9418328797494241
NAR031620016,NAR,CJF_1,CJF,1,R,R-NAR031620016,7,1,0.3341411107503896,1.0878850552698858
NAR031620016,NAR,CJF_1,CJF,1,R,R-NAR031620016,7,2,0.5073394213800815,1.0878850552698858
NAR031620016,NAR,CJF_1,CJF,1,R,R-NAR031620016,7,3,0.6403589035944051,1.0878850552698858
NAR031620016,NAR,CJF_1,CJF,1,R,R-NAR031620016,7,4,0.7565069033918768,1.0878850552698858
NAR031620016,NAR,CJF_1,CJF,1,R,R-NAR031620016,7,5,0.8904363314431036,1.0878850552698858
NAR031620016,NAR,CJF_1,CJF,1,R,R-NAR031620016,7,6,0.9837319581605107,1.0878850552698858
NAR031620016,NAR,CJF_1,CJF,1,R,R-NAR031620016,7,7,1.0878850552698858,1.0878850552698858
NAR031620016,NAR,CJF_2,CJF,2,R,R-NAR031620016,6,1,0.4914235013444253,1.0970164569298677
NAR031620016,NAR,CJF_2,CJF,2,R,R-NAR031620016,6,2,0.6384304710817508,1.0970164569298677
NAR031620016,NAR,CJF_2,CJF,2,R,R-NAR031620016,6,3,0.7740642321886866,1.0970164569298677
NAR031620016,NAR,CJF_2,CJF,2,R,R-NAR031620016,6,4,0.8986792601406667,1.0970164569298677
NAR031620016,NAR,CJF_2,CJF,2,R,R-NAR031620016,6,5,0.9911657235472067,1.0970164569298677
NAR031620016,NAR,CJF_2,CJF,2,R,R-NAR031620016,6,6,1.0970164569298677,1.0970164569298677
NAR031620016,NAR,CJF_3,CJF,3,R,R-NAR031620016,6,1,0.5099223444608394,1.1022530564366564
NAR031620016,NAR,CJF_3,CJF,3,R,R-NAR031620016,6,2,0.6563361058753552,1.1022530564366564
NAR031620016,NAR,CJF_3,CJF,3,R,R-NAR031620016,6,3,0.783399214700716,1.1022530564366564
NAR031620016,NAR,CJF_3,CJF,3,R,R-NAR031620016,6,4,0.9077110542480757,1.1022530564366564
NAR031620016,NAR,CJF_3,CJF,3,R,R-NAR031620016,6,5,1.0023435104583827,1.1022530564366564
NAR031620016,NAR,CJF_3,CJF,3,R,R-NAR031620016,6,6,1.1022530564366564,1.1022530564366564
NAR031620016,NAR,JRS_1,JRS,1,R,R-NAR031620016,5,1,0.6189365325232876,1.218328756654741
NAR031620016,NAR,JRS_1,JRS,1,R,R-NAR031620016,5,2,0.7479906370681231,1.218328756654741
NAR031620016,NAR,JRS_1,JRS,1,R,R-NAR031620016,5,3,0.8955518599390311,1.218328756654741
NAR031620016,NAR,JRS_1,JRS,1,R,R-NAR031620016,5,4,1.0176746473211908,1.218328756654741
NAR031620016,NAR,JRS_1,JRS,1,R,R-NAR031620016,5,5,1.115750277664416,1.218328756654741
NAR031620016,NAR,LEL_1,LEL,1,R,R-NAR031620016,5,1,0.4396460086431645,0.9094088469575221
NAR031620016,NAR,LEL_1,LEL,1,R,R-NAR031620016,5,2,0.47802390912858733,0.9094088469575221
NAR031620016,NAR,LEL_1,LEL,1,R,R-NAR031620016,5,3,0.5766395564272531,0.9094088469575221
NAR031620016,NAR,LEL_1,LEL,1,R,R-NAR031620016,5,4,0.6849718263912985,0.9094088469575221
NAR031620016,NAR,LEL_1,LEL,1,R,R-NAR031620016,5,5,0.814192893537254,0.9094088469575221
NAR031620017,NAR,CJF_1,CJF,1,R,R-NAR031620017,9,1,0.40501121696711684,1.0980311486772176
NAR031620017,NAR,CJF_1,CJF,1,R,R-NAR031620017,9,2,0.5599316652800596,1.0980311486772176
NAR031620017,NAR,CJF_1,CJF,1,R,R-NAR031620017,9,3,0.6628070492966611,1.0980311486772176
NAR031620017,NAR,CJF_1,CJF,1,R,R-NAR031620017,9,4,0.7536504902383656,1.0980311486772176
NAR031620017,NAR,CJF_1,CJF,1,R,R-NAR031620017,9,5,0.8529428962777379,1.0980311486772176
NAR031620017,NAR,CJF_1,CJF,1,R,R-NAR031620017,9,6,0.9268884070241099,1.0980311486772176
NAR031620017,NAR,CJF_1,CJF,1,R,R-NAR031620017,9,7,0.9938044909502783,1.0980311486772176
NAR031620017,NAR,CJF_1,CJF,1,R,R-NAR031620017,9,8,1.049432533223849,1.0980311486772176
NAR031620017,NAR,CJF_1,CJF,1,R,R-NAR031620017,9,9,1.0980311486772176,1.0980311486772176
NAR031620017,NAR,CJF_2,CJF,2,R,R-NAR031620017,9,1,0.4233958180427365,1.090514937172902
NAR031620017,NAR,CJF_2,CJF,2,R,R-NAR031620017,9,2,0.5301096997870077,1.090514937172902
NAR031620017,NAR,CJF_2,CJF,2,R,R-NAR031620017,9,3,0.6527150078662003,1.090514937172902
NAR031620017,NAR,CJF_2,CJF,2,R,R-NAR031620017,9,4,0.7490176841137721,1.090514937172902
NAR031620017,NAR,CJF_2,CJF,2,R,R-NAR031620017,9,5,0.8234636343957662,1.090514937172902
NAR031620017,NAR,CJF_2,CJF,2,R,R-NAR031620017,9,6,0.898911820956282,1.090514937172902
NAR031620017,NAR,CJF_2,CJF,2,R,R-NAR031620017,9,7,0.9793230708689323,1.090514937172902
NAR031620017,NAR,CJF_2,CJF,2,R,R-NAR031620017,9,8,1.047334682074662,1.090514937172902
NAR031620017,NAR,CJF_2,CJF,2,R,R-NAR031620017,9,9,1.090514937172902,1.090514937172902
NAR031620017,NAR,CJF_3,CJF,3,R,R-NAR031620017,9,1,0.3824195083267454,1.0493885499239313
NAR031620017,NAR,CJF_3,CJF,3,R,R-NAR031620017,9,2,0.49725218609797384,1.0493885499239313
NAR031620017,NAR,CJF_3,CJF,3,R,R-NAR031620017,9,3,0.6155345070574686,1.0493885499239313
NAR031620017,NAR,CJF_3,CJF,3,R,R-NAR031620017,9,4,0.7007639904427543,1.0493885499239313
NAR031620017,NAR,CJF_3,CJF,3,R,R-NAR031620017,9,5,0.7810596080970514,1.0493885499239313
NAR031620017,NAR,CJF_3,CJF,3,R,R-NAR031620017,9,6,0.883863448884348,1.0493885499239313
NAR031620017,NAR,CJF_3,CJF,3,R,R-NAR031620017,9,7,0.9472615921158597,1.0493885499239313
NAR031620017,NAR,CJF_3,CJF,3,R,R-NAR031620017,9,8,1.0028878811152042,1.0493885499239313
NAR031620017,NAR,CJF_3,CJF,3,R,R-NAR031620017,9,9,1.0493885499239313,1.0493885499239313
NAR031620017,NAR,NGA_1,NGA,1,R,R-NAR031620017,8,1,0.6013344741770705,1.1392247725620552
NAR031620017,NAR,NGA_1,NGA,1,R,R-NAR031620017,8,2,0.7034292205403849,1.1392247725620552
NAR031620017,NAR,NGA_1,NGA,1,R,R-NAR031620017,8,3,0.80427574423672,1.1392247725620552
NAR031620017,NAR,NGA_1,NGA,1,R,R-NAR031620017,8,4,0.8881532146497269,1.1392247725620552
NAR031620017,NAR,NGA_1,NGA,1,R,R-NAR031620017,8,5,0.9617370824273984,1.1392247725620552
NAR031620017,NAR,NGA_1,NGA,1,R,R-NAR031620017,8,6,1.0365691728720487,1.1392247725620552
NAR031620017,NAR,NGA_1,NGA,1,R,R-NAR031620017,8,7,1.084419034061383,1.1392247725620552
NAR031620017,NAR,NGA_1,NGA,1,R,R-NAR031620017,8,8,1.1392247725620552,1.1392247725620552
NAR031620017,NAR,NGA_2,NGA,2,R,R-NAR031620017,8,1,0.6093137714694014,1.1454324206987918
NAR031620017,NAR,NGA_2,NGA,2,R,R-NAR031620017,8,2,0.716537867102955,1.1454324206987918
NAR031620017,NAR,NGA_2,NGA,2,R,R-NAR031620017,8,3,0.8186558792360183,1.1454324206987918
NAR031620017,NAR,NGA_2,NGA,2,R,R-NAR031620017,8,4,0.8935426653253806,1.1454324206987918
NAR031620017,NAR,NGA_2,NGA,2,R,R-NAR031620017,8,5,0.9820450644365946,1.1454324206987918
NAR031620017,NAR,NGA_2,NGA,2,R,R-NAR031620017,8,6,1.0467196835249755,1.1454324206987918
NAR031620017,NAR,NGA_2,NGA,2,R,R-NAR031620017,8,7,1.0960760521118833,1.1454324206987918
NAR031620017,NAR,NGA_2,NGA,2,R,R-NAR031620017,8,8,1.1454324206987918,1.1454324206987918
NAR031620018,NAR,CJF_1,CJF,1,R,R-NAR031620018,5,1,0.3962081316016386,1.0305153260277422
NAR031620018,NAR,CJF_1,CJF,1,R,R-NAR031620018,5,2,0.5961439014337757,1.0305153260277422
NAR031620018,NAR,CJF_1,CJF,1,R,R-NAR031620018,5,3,0.7189834345073164,1.0305153260277422
NAR031620018,NAR,CJF_1,CJF,1,R,R-NAR031620018,5,4,0.8858320273589644,1.0305153260277422
NAR031620018,NAR,CJF_1,CJF,1,R,R-NAR031620018,5,5,1.0305153260277422,1.0305153260277422
NAR031620018,NAR,CJF_2,CJF,2,R,R-NAR031620018,5,1,0.33033033691154906,0.9831614543673103
NAR031620018,NAR,CJF_2,CJF,2,R,R-NAR031620018,5,2,0.5368480049345377,0.9831614543673103
NAR031620018,NAR,CJF_2,CJF,2,R,R-NAR031620018,5,3,0.7017683435772322,0.9831614543673103
NAR031620018,NAR,CJF_2,CJF,2,R,R-NAR031620018,5,4,0.831944088780262,0.9831614543673103
NAR031620018,NAR,CJF_2,CJF,2,R,R-NAR031620018,5,5,0.9831614543673103,0.9831614543673103
NAR031620018,NAR,CJF_3,CJF,3,R,R-NAR031620018,5,1,0.3257325304041484,0.9640916977449937
NAR031620018,NAR,CJF_3,CJF,3,R,R-NAR031620018,5,2,0.5352055702044104,0.9640916977449937
NAR031620018,NAR,CJF_3,CJF,3,R,R-NAR031620018,5,3,0.661615436594673,0.9640916977449937
NAR031620018,NAR,CJF_3,CJF,3,R,R-NAR031620018,5,4,0.8205687809746185,0.9640916977449937
NAR031620018,NAR,CJF_3,CJF,3,R,R-NAR031620018,5,5,0.9640916977449937,0.9640916977449937
NAR031620018,NAR,JRS_1,JRS,1,R,R-NAR031620018,5,1,0.3660436389071474,1.017495310811047
NAR031620018,NAR,JRS_1,JRS,1,R,R-NAR031620018,5,2,0.5681692558454332,1.017495310811047
NAR031620018,NAR,JRS_1,JRS,1,R,R-NAR031620018,5,3,0.7164170933893919,1.017495310811047
NAR031620018,NAR,JRS_1,JRS,1,R,R-NAR031620018,5,4,0.8303156255732861,1.017495310811047
NAR031620018,NAR,JRS_1,JRS,1,R,R-NAR031620018,5,5,0.9334886420282029,1.017495310811047
NAR031620018,NAR,LEL_1,LEL,1,R,R-NAR031620018,2,1,0.5908551636062609,0.9039696901809331
NAR031620018,NAR,LEL_1,LEL,1,R,R-NAR031620018,2,2,0.7381844592968498,0.9039696901809331
NAR031620019,NAR,CJF_1,CJF,1,R,R-NAR031620019,6,1,0.5073820591207422,1.0187172920412453
NAR031620019,NAR,CJF_1,CJF,1,R,R-NAR031620019,6,2,0.6206719619701304,1.0187172920412453
NAR031620019,NAR,CJF_1,CJF,1,R,R-NAR031620019,6,3,0.7290732815152676,1.0187172920412453
NAR031620019,NAR,CJF_1,CJF,1,R,R-NAR031620019,6,4,0.8345626046560342,1.0187172920412453
NAR031620019,NAR,CJF_1,CJF,1,R,R-NAR031620019,6,5,0.9023453183321248,1.0187172920412453
NAR031620019,NAR,CJF_1,CJF,1,R,R-NAR031620019,6,6,1.0187172920412453,1.0187172920412453
NAR031620019,NAR,CJF_2,CJF,2,R,R-NAR031620019,6,1,0.3760632463574844,0.8923998087059175
NAR031620019,NAR,CJF_2,CJF,2,R,R-NAR031620019,6,2,0.5128314187158118,0.8923998087059175
NAR031620019,NAR,CJF_2,CJF,2,R,R-NAR031620019,6,3,0.606485744238236,0.8923998087059175
NAR031620019,NAR,CJF_2,CJF,2,R,R-NAR031620019,6,4,0.7163077623241234,0.8923998087059175
NAR031620019,NAR,CJF_2,CJF,2,R,R-NAR031620019,6,5,0.8119994888426751,0.8923998087059175
NAR031620019,NAR,CJF_2,CJF,2,R,R-NAR031620019,6,6,0.8923998087059175,0.8923998087059175
NAR031620019,NAR,CJF_3,CJF,3,R,R-NAR031620019,6,1,0.45445751999714384,0.9930393426095301
NAR031620019,NAR,CJF_3,CJF,3,R,R-NAR031620019,6,2,0.5517672423279751,0.9930393426095301
NAR031620019,NAR,CJF_3,CJF,3,R,R-NAR031620019,6,3,0.6687399334144362,0.9930393426095301
NAR031620019,NAR,CJF_3,CJF,3,R,R-NAR031620019,6,4,0.7871958922168328,0.9930393426095301
NAR031620019,NAR,CJF_3,CJF,3,R,R-NAR031620019,6,5,0.878324719050811,0.9930393426095301
NAR031620019,NAR,CJF_3,CJF,3,R,R-NAR031620019,6,6,0.9930393426095301,0.9930393426095301
NAR031620019,NAR,NGA_1,NGA,1,R,R-NAR031620019,6,1,0.8037778213334451,1.3979799241919655
NAR031620019,NAR,NGA_1,NGA,1,R,R-NAR031620019,6,2,0.9563293212993333,1.3979799241919655
NAR031620019,NAR,NGA_1,NGA,1,R,R-NAR031620019,6,3,1.0844110279764054,1.3979799241919655
NAR031620019,NAR,NGA_1,NGA,1,R,R-NAR031620019,6,4,1.194633046523375,1.3979799241919655
NAR031620019,NAR,NGA_1,NGA,1,R,R-NAR031620019,6,5,1.2673304283218838,1.3979799241919655
NAR031620019,NAR,NGA_1,NGA,1,R,R-NAR031620019,6,6,1.3979799241919655,1.3979799241919655
NAR031620019,NAR,NGA_2,NGA,2,R,R-NAR031620019,6,1,0.7282689840014175,1.3706442618061307
NAR031620019,NAR,NGA_2,NGA,2,R,R-NAR031620019,6,2,0.9244387136500949,1.3706442618061307
NAR031620019,NAR,NGA_2,NGA,2,R,R-NAR031620019,6,3,1.0521864318438563,1.3706442618061307
NAR031620019,NAR,NGA_2,NGA,2,R,R-NAR031620019,6,4,1.1329832713187247,1.3706442618061307
NAR031620019,NAR,NGA_2,NGA,2,R,R-NAR031620019,6,5,1.2281569516238164,1.3706442618061307
NAR031620019,NAR,NGA_2,NGA,2,R,R-NAR031620019,6,6,1.3706442618061307,1.3706442618061307
NAR031620020,NAR,CJF_1,CJF,1,R,R-NAR031620020,4,1,0.5207692626331122,0.8426675493811034
NAR031620020,NAR,CJF_1,CJF,1,R,R-NAR031620020,4,2,0.6631096184458838,0.8426675493811034
NAR031620020,NAR,CJF_1,CJF,1,R,R-NAR031620020,4,3,0.7594226234857723,0.8426675493811034
NAR031620020,NAR,CJF_1,CJF,1,R,R-NAR031620020,4,4,0.8426675493811034,0.8426675493811034
NAR031620020,NAR,CJF_2,CJF,2,R,R-NAR031620020,5,1,0.3098137585938161,0.8270187634261237
NAR031620020,NAR,CJF_2,CJF,2,R,R-NAR031620020,5,2,0.5280621394196297,0.8270187634261237
NAR031620020,NAR,CJF_2,CJF,2,R,R-NAR031620020,5,3,0.6519428262920921,0.8270187634261237
NAR031620020,NAR,CJF_2,CJF,2,R,R-NAR031620020,5,4,0.7354213738259321,0.8270187634261237
NAR031620020,NAR,CJF_2,CJF,2,R,R-NAR031620020,5,5,0.8270187634261237,0.8270187634261237
NAR031620020,NAR,CJF_3,CJF,3,R,R-NAR031620020,5,1,0.3073128328890115,0.8737470328873502
NAR031620020,NAR,CJF_3,CJF,3,R,R-NAR031620020,5,2,0.5760092110263046,0.8737470328873502
NAR031620020,NAR,CJF_3,CJF,3,R,R-NAR031620020,5,3,0.7023797555685405,0.8737470328873502
NAR031620020,NAR,CJF_3,CJF,3,R,R-NAR031620020,5,4,0.7745010922670015,0.8737470328873502
NAR031620020,NAR,CJF_3,CJF,3,R,R-NAR031620020,5,5,0.8737470328873502,0.8737470328873502
NAR031620020,NAR,JRS_1,JRS,1,R,R-NAR031620020,4,1,0.5008737227854224,0.9299099961081191
NAR031620020,NAR,JRS_1,JRS,1,R,R-NAR031620020,4,2,0.6170940339812767,0.9299099961081191
NAR031620020,NAR,JRS_1,JRS,1,R,R-NAR031620020,4,3,0.7576771252471186,0.9299099961081191
NAR031620020,NAR,JRS_1,JRS,1,R,R-NAR031620020,4,4,0.8344827184903083,0.9299099961081191
NAR031620020,NAR,LEL_1,LEL,1,R,R-NAR031620020,0,NA,NA,0.9328717464972476
NAR031620020,NAR,NGA_1,NGA,1,R,R-NAR031620020,5,1,0.4141708313891555,0.9640136081210898
NAR031620020,NAR,NGA_1,NGA,1,R,R-NAR031620020,5,2,0.6459792372994227,0.9640136081210898
NAR031620020,NAR,NGA_1,NGA,1,R,R-NAR031620020,5,3,0.7949203644012811,0.9640136081210898
NAR031620020,NAR,NGA_1,NGA,1,R,R-NAR031620020,5,4,0.8913879502745453,0.9640136081210898
NAR031620020,NAR,NGA_1,NGA,1,R,R-NAR031620020,5,5,0.9640136081210898,0.9640136081210898
NAR031620020,NAR,NGA_2,NGA,2,R,R-NAR031620020,4,1,0.6847882434103013,0.9856526480675817
NAR031620020,NAR,NGA_2,NGA,2,R,R-NAR031620020,4,2,0.8143359812683262,0.9856526480675817
NAR031620020,NAR,NGA_2,NGA,2,R,R-NAR031620020,4,3,0.9035176300222059,0.9856526480675817
NAR031620020,NAR,NGA_2,NGA,2,R,R-NAR031620020,4,4,0.9856526480675817,0.9856526480675817
NAR031620021,NAR,CJF_1,CJF,1,R,R-NAR031620021,7,1,0.480261511059744,1.2046648790605958
NAR031620021,NAR,CJF_1,CJF,1,R,R-NAR031620021,7,2,0.652746873713498,1.2046648790605958
NAR031620021,NAR,CJF_1,CJF,1,R,R-NAR031620021,7,3,0.8040820651106791,1.2046648790605958
NAR031620021,NAR,CJF_1,CJF,1,R,R-NAR031620021,7,4,0.9541414819358359,1.2046648790605958
NAR031620021,NAR,CJF_1,CJF,1,R,R-NAR031620021,7,5,1.0593463397802692,1.2046648790605958
NAR031620021,NAR,CJF_1,CJF,1,R,R-NAR031620021,7,6,1.1326434967064443,1.2046648790605958
NAR031620021,NAR,CJF_1,CJF,1,R,R-NAR031620021,7,7,1.2046648790605958,1.2046648790605958
NAR031620021,NAR,CJF_2,CJF,2,R,R-NAR031620021,7,1,0.46343662747709413,1.2242556360302324
NAR031620021,NAR,CJF_2,CJF,2,R,R-NAR031620021,7,2,0.6274389078633675,1.2242556360302324
NAR031620021,NAR,CJF_2,CJF,2,R,R-NAR031620021,7,3,0.7672906825124066,1.2242556360302324
NAR031620021,NAR,CJF_2,CJF,2,R,R-NAR031620021,7,4,0.9194542532501158,1.2242556360302324
NAR031620021,NAR,CJF_2,CJF,2,R,R-NAR031620021,7,5,1.0354712980768566,1.2242556360302324
NAR031620021,NAR,CJF_2,CJF,2,R,R-NAR031620021,7,6,1.1300213550110116,1.2242556360302324
NAR031620021,NAR,CJF_2,CJF,2,R,R-NAR031620021,7,7,1.2242556360302324,1.2242556360302324
NAR031620021,NAR,CJF_3,CJF,3,R,R-NAR031620021,7,1,0.5238387264597356,1.3077600390316408
NAR031620021,NAR,CJF_3,CJF,3,R,R-NAR031620021,7,2,0.6937414354968972,1.3077600390316408
NAR031620021,NAR,CJF_3,CJF,3,R,R-NAR031620021,7,3,0.8701284153532155,1.3077600390316408
NAR031620021,NAR,CJF_3,CJF,3,R,R-NAR031620021,7,4,1.0030370816077105,1.3077600390316408
NAR031620021,NAR,CJF_3,CJF,3,R,R-NAR031620021,7,5,1.1161181731935677,1.3077600390316408
NAR031620021,NAR,CJF_3,CJF,3,R,R-NAR031620021,7,6,1.229386645885009,1.3077600390316408
NAR031620021,NAR,CJF_3,CJF,3,R,R-NAR031620021,7,7,1.3077600390316408,1.3077600390316408
NAR031620021,NAR,JRS_1,JRS,1,R,R-NAR031620021,5,1,0.47811298168824423,1.1816979123646634
NAR031620021,NAR,JRS_1,JRS,1,R,R-NAR031620021,5,2,0.6486840603373567,1.1816979123646634
NAR031620021,NAR,JRS_1,JRS,1,R,R-NAR031620021,5,3,0.801253183184774,1.1816979123646634
NAR031620021,NAR,JRS_1,JRS,1,R,R-NAR031620021,5,4,0.9483437391431137,1.1816979123646634
NAR031620021,NAR,JRS_1,JRS,1,R,R-NAR031620021,5,5,1.0677601091984275,1.1816979123646634
NAR031620021,NAR,LEL_1,LEL,1,R,R-NAR031620021,5,1,0.4754365302736908,1.1591646750663605
NAR031620021,NAR,LEL_1,LEL,1,R,R-NAR031620021,5,2,0.6070009584373129,1.1591646750663605
NAR031620021,NAR,LEL_1,LEL,1,R,R-NAR031620021,5,3,0.7277161724132952,1.1591646750663605
NAR031620021,NAR,LEL_1,LEL,1,R,R-NAR031620021,5,4,0.8836739876219031,1.1591646750663605
NAR031620021,NAR,LEL_1,LEL,1,R,R-NAR031620021,5,5,1.0032068598577522,1.1591646750663605
NAR031620022,NAR,JRS_1,JRS,1,R,R-NAR031620022,6,1,0.5774474016515089,1.4709374331479936
NAR031620022,NAR,JRS_1,JRS,1,R,R-NAR031620022,6,2,0.771892109130353,1.4709374331479936
NAR031620022,NAR,JRS_1,JRS,1,R,R-NAR031620022,6,3,0.9393569360791418,1.4709374331479936
NAR031620022,NAR,JRS_1,JRS,1,R,R-NAR031620022,6,4,1.063774424986469,1.4709374331479936
NAR031620022,NAR,JRS_1,JRS,1,R,R-NAR031620022,6,5,1.1920554205594562,1.4709374331479936
NAR031620022,NAR,JRS_1,JRS,1,R,R-NAR031620022,6,6,1.3621568924763743,1.4709374331479936
NAR031620022,NAR,LEL_1,LEL,1,R,R-NAR031620022,6,1,0.44424346679563664,1.136190409018647
NAR031620022,NAR,LEL_1,LEL,1,R,R-NAR031620022,6,2,0.552839662558211,1.136190409018647
NAR031620022,NAR,LEL_1,LEL,1,R,R-NAR031620022,6,3,0.6561087050165989,1.136190409018647
NAR031620022,NAR,LEL_1,LEL,1,R,R-NAR031620022,6,4,0.7667580304580093,1.136190409018647
NAR031620022,NAR,LEL_1,LEL,1,R,R-NAR031620022,6,5,0.8753542262205838,1.136190409018647
NAR031620022,NAR,LEL_1,LEL,1,R,R-NAR031620022,6,6,1.0048520705510677,1.136190409018647
NAR031620023,NAR,CJF_1,CJF,1,R,R-NAR031620023,4,1,0.5505599950171296,1.008170114938379
NAR031620023,NAR,CJF_1,CJF,1,R,R-NAR031620023,4,2,0.7274684931616979,1.008170114938379
NAR031620023,NAR,CJF_1,CJF,1,R,R-NAR031620023,4,3,0.8645413305508893,1.008170114938379
NAR031620023,NAR,CJF_1,CJF,1,R,R-NAR031620023,4,4,1.008170114938379,1.008170114938379
NAR031620023,NAR,CJF_2,CJF,2,R,R-NAR031620023,4,1,0.5306812442883025,0.9697506433482836
NAR031620023,NAR,CJF_2,CJF,2,R,R-NAR031620023,4,2,0.7060146466067865,0.9697506433482836
NAR031620023,NAR,CJF_2,CJF,2,R,R-NAR031620023,4,3,0.8381502425279973,0.9697506433482836
NAR031620023,NAR,CJF_2,CJF,2,R,R-NAR031620023,4,4,0.9697506433482836,0.9697506433482836
NAR031620023,NAR,CJF_3,CJF,3,R,R-NAR031620023,4,1,0.5061788791250496,0.9244097706257817
NAR031620023,NAR,CJF_3,CJF,3,R,R-NAR031620023,4,2,0.6681858637058151,0.9244097706257817
NAR031620023,NAR,CJF_3,CJF,3,R,R-NAR031620023,4,3,0.8040362124365656,0.9244097706257817
NAR031620023,NAR,CJF_3,CJF,3,R,R-NAR031620023,4,4,0.9244097706257817,0.9244097706257817
NAR031620023,NAR,JRS_1,JRS,1,R,R-NAR031620023,0,NA,NA,0.5693407771117639
NAR031620023,NAR,LEL_1,LEL,1,R,R-NAR031620023,3,1,0.49438059501688253,1.0699605047268568
NAR031620023,NAR,LEL_1,LEL,1,R,R-NAR031620023,3,2,0.7650449773271892,1.0699605047268568
NAR031620023,NAR,LEL_1,LEL,1,R,R-NAR031620023,3,3,0.926524887104033,1.0699605047268568
NAR031620024,NAR,CJF_1,CJF,1,R,R-NAR031620024,7,1,0.4800015382082355,1.2289405605644097
NAR031620024,NAR,CJF_1,CJF,1,R,R-NAR031620024,7,2,0.6830017843580298,1.2289405605644097
NAR031620024,NAR,CJF_1,CJF,1,R,R-NAR031620024,7,3,0.8417051640552682,1.2289405605644097
NAR031620024,NAR,CJF_1,CJF,1,R,R-NAR031620024,7,4,0.9329363769298304,1.2289405605644097
NAR031620024,NAR,CJF_1,CJF,1,R,R-NAR031620024,7,5,1.0403384195171612,1.2289405605644097
NAR031620024,NAR,CJF_1,CJF,1,R,R-NAR031620024,7,6,1.1322398058570275,1.2289405605644097
NAR031620024,NAR,CJF_1,CJF,1,R,R-NAR031620024,7,7,1.2289405605644097,1.2289405605644097
NAR031620024,NAR,CJF_2,CJF,2,R,R-NAR031620024,7,1,0.4873166655870453,1.185748878060071
NAR031620024,NAR,CJF_2,CJF,2,R,R-NAR031620024,7,2,0.6684366002884712,1.185748878060071
NAR031620024,NAR,CJF_2,CJF,2,R,R-NAR031620024,7,3,0.8302502754744959,1.185748878060071
NAR031620024,NAR,CJF_2,CJF,2,R,R-NAR031620024,7,4,0.9168621569733337,1.185748878060071
NAR031620024,NAR,CJF_2,CJF,2,R,R-NAR031620024,7,5,1.0259092457999839,1.185748878060071
NAR031620024,NAR,CJF_2,CJF,2,R,R-NAR031620024,7,6,1.1007260711916795,1.185748878060071
NAR031620024,NAR,CJF_2,CJF,2,R,R-NAR031620024,7,7,1.185748878060071,1.185748878060071
NAR031620024,NAR,CJF_3,CJF,3,R,R-NAR031620024,7,1,0.39192669215446985,1.0976746569266465
NAR031620024,NAR,CJF_3,CJF,3,R,R-NAR031620024,7,2,0.5488997411714727,1.0976746569266465
NAR031620024,NAR,CJF_3,CJF,3,R,R-NAR031620024,7,3,0.70160221114295,1.0976746569266465
NAR031620024,NAR,CJF_3,CJF,3,R,R-NAR031620024,7,4,0.8079656961408238,1.0976746569266465
NAR031620024,NAR,CJF_3,CJF,3,R,R-NAR031620024,7,5,0.9144540065549963,1.0976746569266465
NAR031620024,NAR,CJF_3,CJF,3,R,R-NAR031620024,7,6,0.9960810526394928,1.0976746569266465
NAR031620024,NAR,CJF_3,CJF,3,R,R-NAR031620024,7,7,1.0976746569266465,1.0976746569266465
NAR031620024,NAR,JRS_1,JRS,1,R,R-NAR031620024,6,1,0.5025580320958961,1.1957896074039065
NAR031620024,NAR,JRS_1,JRS,1,R,R-NAR031620024,6,2,0.6815676153712593,1.1957896074039065
NAR031620024,NAR,JRS_1,JRS,1,R,R-NAR031620024,6,3,0.8176074438278967,1.1957896074039065
NAR031620024,NAR,JRS_1,JRS,1,R,R-NAR031620024,6,4,0.9256461783627584,1.1957896074039065
NAR031620024,NAR,JRS_1,JRS,1,R,R-NAR031620024,6,5,1.031748685025494,1.1957896074039065
NAR031620024,NAR,JRS_1,JRS,1,R,R-NAR031620024,6,6,1.1170272544709066,1.1957896074039065
NAR031620024,NAR,LEL_1,LEL,1,R,R-NAR031620024,4,1,0.7646801706637482,1.2386223422676874
NAR031620024,NAR,LEL_1,LEL,1,R,R-NAR031620024,4,2,0.8835927792336806,1.2386223422676874
NAR031620024,NAR,LEL_1,LEL,1,R,R-NAR031620024,4,3,0.9749977582739242,1.2386223422676874
NAR031620024,NAR,LEL_1,LEL,1,R,R-NAR031620024,4,4,1.108199546822284,1.2386223422676874
NAR031720001,NAR,CJF_1,CJF,1,R,R-NAR031720001,3,1,0.4970343495371355,0.874229675593166
NAR031720001,NAR,CJF_1,CJF,1,R,R-NAR031720001,3,2,0.6800153200605283,0.874229675593166
NAR031720001,NAR,CJF_1,CJF,1,R,R-NAR031720001,3,3,0.874229675593166,0.874229675593166
NAR031720001,NAR,CJF_2,CJF,2,R,R-NAR031720001,3,1,0.4877704286711551,0.8685614785610546
NAR031720001,NAR,CJF_2,CJF,2,R,R-NAR031720001,3,2,0.6539155704514682,0.8685614785610546
NAR031720001,NAR,CJF_2,CJF,2,R,R-NAR031720001,3,3,0.8685614785610546,0.8685614785610546
NAR031720001,NAR,CJF_3,CJF,3,R,R-NAR031720001,3,1,0.500250716467296,0.8759518978663157
NAR031720001,NAR,CJF_3,CJF,3,R,R-NAR031720001,3,2,0.6500180449783555,0.8759518978663157
NAR031720001,NAR,CJF_3,CJF,3,R,R-NAR031720001,3,3,0.8759518978663157,0.8759518978663157
NAR031720001,NAR,LEL_1,LEL,1,R,R-NAR031720001,1,1,0.6468859306108373,0.8070319672491425
NAR031720001,NAR,NGA_1,NGA,1,R,R-NAR031720001,3,1,0.5380593352602607,0.86112190079069
NAR031720001,NAR,NGA_1,NGA,1,R,R-NAR031720001,3,2,0.7121327662196607,0.86112190079069
NAR031720001,NAR,NGA_1,NGA,1,R,R-NAR031720001,3,3,0.86112190079069,0.86112190079069
NAR031720001,NAR,NGA_2,NGA,2,R,R-NAR031720001,3,1,0.5631382688233229,0.9242361295337947
NAR031720001,NAR,NGA_2,NGA,2,R,R-NAR031720001,3,2,0.7432209812706525,0.9242361295337947
NAR031720001,NAR,NGA_2,NGA,2,R,R-NAR031720001,3,3,0.9242361295337947,0.9242361295337947
NAR031720002,NAR,JRS_1,JRS,1,R,R-NAR031720002,2,1,0.5518103785512573,0.8515503716715768
NAR031720002,NAR,JRS_1,JRS,1,R,R-NAR031720002,2,2,0.7016997963240513,0.8515503716715768
NAR031720002,NAR,LEL_1,LEL,1,R,R-NAR031720002,0,NA,NA,0.7129755111537543
NAR031720003,NAR,CJF_1,CJF,1,R,R-NAR031720003,4,1,0.4512229546246663,0.9067898547391094
NAR031720003,NAR,CJF_1,CJF,1,R,R-NAR031720003,4,2,0.6622234191540636,0.9067898547391094
NAR031720003,NAR,CJF_1,CJF,1,R,R-NAR031720003,4,3,0.7954312908279617,0.9067898547391094
NAR031720003,NAR,CJF_1,CJF,1,R,R-NAR031720003,4,4,0.9067898547391094,0.9067898547391094
NAR031720003,NAR,CJF_2,CJF,2,R,R-NAR031720003,4,1,0.4807401573185278,0.9202635215077026
NAR031720003,NAR,CJF_2,CJF,2,R,R-NAR031720003,4,2,0.6968798752780859,0.9202635215077026
NAR031720003,NAR,CJF_2,CJF,2,R,R-NAR031720003,4,3,0.8055267905692828,0.9202635215077026
NAR031720003,NAR,CJF_2,CJF,2,R,R-NAR031720003,4,4,0.9202635215077026,0.9202635215077026
NAR031720003,NAR,CJF_3,CJF,3,R,R-NAR031720003,4,1,0.3532281250585521,0.8081228567414538
NAR031720003,NAR,CJF_3,CJF,3,R,R-NAR031720003,4,2,0.5520191107010604,0.8081228567414538
NAR031720003,NAR,CJF_3,CJF,3,R,R-NAR031720003,4,3,0.6841213634322215,0.8081228567414538
NAR031720003,NAR,CJF_3,CJF,3,R,R-NAR031720003,4,4,0.8081228567414538,0.8081228567414538
NAR031720003,NAR,JRS_1,JRS,1,R,R-NAR031720003,2,1,0.39454939891650886,0.5979162604087834
NAR031720003,NAR,JRS_1,JRS,1,R,R-NAR031720003,2,2,0.49623282966266663,0.5979162604087834
NAR031720003,NAR,LEL_1,LEL,1,R,R-NAR031720003,4,1,0.44002852332807996,0.8566893666388031
NAR031720003,NAR,LEL_1,LEL,1,R,R-NAR031720003,4,2,0.5135640788476866,0.8566893666388031
NAR031720003,NAR,LEL_1,LEL,1,R,R-NAR031720003,4,3,0.634067137738026,0.8566893666388031
NAR031720003,NAR,LEL_1,LEL,1,R,R-NAR031720003,4,4,0.7197690708146771,0.8566893666388031
NAR031720004,NAR,CJF_1,CJF,1,R,R-NAR031720004,4,1,0.4854547189638041,0.8903130448300072
NAR031720004,NAR,CJF_1,CJF,1,R,R-NAR031720004,4,2,0.6527436124355136,0.8903130448300072
NAR031720004,NAR,CJF_1,CJF,1,R,R-NAR031720004,4,3,0.7857002537452543,0.8903130448300072
NAR031720004,NAR,CJF_1,CJF,1,R,R-NAR031720004,4,4,0.8903130448300072,0.8903130448300072
NAR031720004,NAR,CJF_2,CJF,2,R,R-NAR031720004,4,1,0.45977864983268746,0.8438182996426246
NAR031720004,NAR,CJF_2,CJF,2,R,R-NAR031720004,4,2,0.6150072758251952,0.8438182996426246
NAR031720004,NAR,CJF_2,CJF,2,R,R-NAR031720004,4,3,0.7511311991607604,0.8438182996426246
NAR031720004,NAR,CJF_2,CJF,2,R,R-NAR031720004,4,4,0.8438182996426246,0.8438182996426246
NAR031720004,NAR,CJF_3,CJF,3,R,R-NAR031720004,4,1,0.5382039307750127,0.9158309861443265
NAR031720004,NAR,CJF_3,CJF,3,R,R-NAR031720004,4,2,0.6900425470883814,0.9158309861443265
NAR031720004,NAR,CJF_3,CJF,3,R,R-NAR031720004,4,3,0.8369770959619252,0.9158309861443265
NAR031720004,NAR,CJF_3,CJF,3,R,R-NAR031720004,4,4,0.9158309861443265,0.9158309861443265
NAR031720004,NAR,JRS_1,JRS,1,R,R-NAR031720004,4,1,0.351600836074856,0.8765500368948784
NAR031720004,NAR,JRS_1,JRS,1,R,R-NAR031720004,4,2,0.5208980082898024,0.8765500368948784
NAR031720004,NAR,JRS_1,JRS,1,R,R-NAR031720004,4,3,0.6702590854952972,0.8765500368948784
NAR031720004,NAR,JRS_1,JRS,1,R,R-NAR031720004,4,4,0.7777222769316345,0.8765500368948784
NAR031720004,NAR,LEL_1,LEL,1,R,R-NAR031720004,3,1,0.5717421415957639,0.9478121231853128
NAR031720004,NAR,LEL_1,LEL,1,R,R-NAR031720004,3,2,0.7200602001879205,0.9478121231853128
NAR031720004,NAR,LEL_1,LEL,1,R,R-NAR031720004,3,3,0.831011665479773,0.9478121231853128
NAR031720005,NAR,CJF_1,CJF,1,R,R-NAR031720005,6,1,0.4236648661647491,1.2235760700943716
NAR031720005,NAR,CJF_1,CJF,1,R,R-NAR031720005,6,2,0.7399586539490826,1.2235760700943716
NAR031720005,NAR,CJF_1,CJF,1,R,R-NAR031720005,6,3,0.9154997598119361,1.2235760700943716
NAR031720005,NAR,CJF_1,CJF,1,R,R-NAR031720005,6,4,1.0441340308083886,1.2235760700943716
NAR031720005,NAR,CJF_1,CJF,1,R,R-NAR031720005,6,5,1.1374681843299923,1.2235760700943716
NAR031720005,NAR,CJF_1,CJF,1,R,R-NAR031720005,6,6,1.2235760700943716,1.2235760700943716
NAR031720005,NAR,CJF_2,CJF,2,R,R-NAR031720005,6,1,0.3620796604724485,1.168188172458431
NAR031720005,NAR,CJF_2,CJF,2,R,R-NAR031720005,6,2,0.6762819389213378,1.168188172458431
NAR031720005,NAR,CJF_2,CJF,2,R,R-NAR031720005,6,3,0.8624460872121802,1.168188172458431
NAR031720005,NAR,CJF_2,CJF,2,R,R-NAR031720005,6,4,0.983812467074187,1.168188172458431
NAR031720005,NAR,CJF_2,CJF,2,R,R-NAR031720005,6,5,1.092699644422811,1.168188172458431
NAR031720005,NAR,CJF_2,CJF,2,R,R-NAR031720005,6,6,1.168188172458431,1.168188172458431
NAR031720005,NAR,CJF_3,CJF,3,R,R-NAR031720005,6,1,0.3652414513860966,1.1783412638797983
NAR031720005,NAR,CJF_3,CJF,3,R,R-NAR031720005,6,2,0.6616273524431631,1.1783412638797983
NAR031720005,NAR,CJF_3,CJF,3,R,R-NAR031720005,6,3,0.8608634751978027,1.1783412638797983
NAR031720005,NAR,CJF_3,CJF,3,R,R-NAR031720005,6,4,0.9752963485495967,1.1783412638797983
NAR031720005,NAR,CJF_3,CJF,3,R,R-NAR031720005,6,5,1.0897292219013908,1.1783412638797983
NAR031720005,NAR,CJF_3,CJF,3,R,R-NAR031720005,6,6,1.1783412638797983,1.1783412638797983
NAR031720005,NAR,JRS_1,JRS,1,R,R-NAR031720005,5,1,0.2886231310231578,1.055426159019316
NAR031720005,NAR,JRS_1,JRS,1,R,R-NAR031720005,5,2,0.5582194018460576,1.055426159019316
NAR031720005,NAR,JRS_1,JRS,1,R,R-NAR031720005,5,3,0.7421037015384587,1.055426159019316
NAR031720005,NAR,JRS_1,JRS,1,R,R-NAR031720005,5,4,0.873685850376112,1.055426159019316
NAR031720005,NAR,JRS_1,JRS,1,R,R-NAR031720005,5,5,0.9712332016691231,1.055426159019316
NAR031720005,NAR,LEL_1,LEL,1,R,R-NAR031720005,5,1,0.4964646674688378,1.1538843281673148
NAR031720005,NAR,LEL_1,LEL,1,R,R-NAR031720005,5,2,0.6761075961598139,1.1538843281673148
NAR031720005,NAR,LEL_1,LEL,1,R,R-NAR031720005,5,3,0.8458360250506071,1.1538843281673148
NAR031720005,NAR,LEL_1,LEL,1,R,R-NAR031720005,5,4,0.9662830096287764,1.1538843281673148
NAR031720005,NAR,LEL_1,LEL,1,R,R-NAR031720005,5,5,1.0481140727453093,1.1538843281673148
NAR031720007,NAR,CJF_1,CJF,1,R,R-NAR031720007,9,1,0.3998150228466379,1.16127633219067
NAR031720007,NAR,CJF_1,CJF,1,R,R-NAR031720007,9,2,0.5548574972683705,1.16127633219067
NAR031720007,NAR,CJF_1,CJF,1,R,R-NAR031720007,9,3,0.6794526606293999,1.16127633219067
NAR031720007,NAR,CJF_1,CJF,1,R,R-NAR031720007,9,4,0.76118277651759,1.16127633219067
NAR031720007,NAR,CJF_1,CJF,1,R,R-NAR031720007,9,5,0.8636091197593404,1.16127633219067
NAR031720007,NAR,CJF_1,CJF,1,R,R-NAR031720007,9,6,0.9689806485325277,1.16127633219067
NAR031720007,NAR,CJF_1,CJF,1,R,R-NAR031720007,9,7,1.01598494147608,1.16127633219067
NAR031720007,NAR,CJF_1,CJF,1,R,R-NAR031720007,9,8,1.0851580545389115,1.16127633219067
NAR031720007,NAR,CJF_1,CJF,1,R,R-NAR031720007,9,9,1.16127633219067,1.16127633219067
NAR031720007,NAR,CJF_2,CJF,2,R,R-NAR031720007,9,1,0.4783977008732307,1.252482793507923
NAR031720007,NAR,CJF_2,CJF,2,R,R-NAR031720007,9,2,0.6652962860983247,1.252482793507923
NAR031720007,NAR,CJF_2,CJF,2,R,R-NAR031720007,9,3,0.7643211976161188,1.252482793507923
NAR031720007,NAR,CJF_2,CJF,2,R,R-NAR031720007,9,4,0.8772968988059431,1.252482793507923
NAR031720007,NAR,CJF_2,CJF,2,R,R-NAR031720007,9,5,0.95818965183774,1.252482793507923
NAR031720007,NAR,CJF_2,CJF,2,R,R-NAR031720007,9,6,1.0432679180631197,1.252482793507923
NAR031720007,NAR,CJF_2,CJF,2,R,R-NAR031720007,9,7,1.1130052889048059,1.252482793507923
NAR031720007,NAR,CJF_2,CJF,2,R,R-NAR031720007,9,8,1.1911109232139154,1.252482793507923
NAR031720007,NAR,CJF_2,CJF,2,R,R-NAR031720007,9,9,1.252482793507923,1.252482793507923
NAR031720007,NAR,CJF_3,CJF,3,R,R-NAR031720007,9,1,0.39303790352429335,1.161710639250065
NAR031720007,NAR,CJF_3,CJF,3,R,R-NAR031720007,9,2,0.5525594720204151,1.161710639250065
NAR031720007,NAR,CJF_3,CJF,3,R,R-NAR031720007,9,3,0.6723962317467825,1.161710639250065
NAR031720007,NAR,CJF_3,CJF,3,R,R-NAR031720007,9,4,0.7574014780994511,1.161710639250065
NAR031720007,NAR,CJF_3,CJF,3,R,R-NAR031720007,9,5,0.8657062023937951,1.161710639250065
NAR031720007,NAR,CJF_3,CJF,3,R,R-NAR031720007,9,6,0.9468758938451468,1.161710639250065
NAR031720007,NAR,CJF_3,CJF,3,R,R-NAR031720007,9,7,1.0213922159886004,1.161710639250065
NAR031720007,NAR,CJF_3,CJF,3,R,R-NAR031720007,9,8,1.1069190179526733,1.161710639250065
NAR031720007,NAR,CJF_3,CJF,3,R,R-NAR031720007,9,9,1.161710639250065,1.161710639250065
NAR031720007,NAR,JRS_1,JRS,1,R,R-NAR031720007,8,1,0.37873489576544495,1.1481611401343288
NAR031720007,NAR,JRS_1,JRS,1,R,R-NAR031720007,8,2,0.5520489066278563,1.1481611401343288
NAR031720007,NAR,JRS_1,JRS,1,R,R-NAR031720007,8,3,0.6334587533175456,1.1481611401343288
NAR031720007,NAR,JRS_1,JRS,1,R,R-NAR031720007,8,4,0.746960448105726,1.1481611401343288
NAR031720007,NAR,JRS_1,JRS,1,R,R-NAR031720007,8,5,0.8304112739155095,1.1481611401343288
NAR031720007,NAR,JRS_1,JRS,1,R,R-NAR031720007,8,6,0.9234881515606264,1.1481611401343288
NAR031720007,NAR,JRS_1,JRS,1,R,R-NAR031720007,8,7,0.9999327484203002,1.1481611401343288
NAR031720007,NAR,JRS_1,JRS,1,R,R-NAR031720007,8,8,1.075798501514842,1.1481611401343288
NAR031720007,NAR,LEL_1,LEL,1,R,R-NAR031720007,7,1,0.4586397575712754,1.027126850506275
NAR031720007,NAR,LEL_1,LEL,1,R,R-NAR031720007,7,2,0.5423354178901115,1.027126850506275
NAR031720007,NAR,LEL_1,LEL,1,R,R-NAR031720007,7,3,0.6280235747878783,1.027126850506275
NAR031720007,NAR,LEL_1,LEL,1,R,R-NAR031720007,7,4,0.7492136448319578,1.027126850506275
NAR031720007,NAR,LEL_1,LEL,1,R,R-NAR031720007,7,5,0.8275440602072291,1.027126850506275
NAR031720007,NAR,LEL_1,LEL,1,R,R-NAR031720007,7,6,0.880490807530083,1.027126850506275
NAR031720007,NAR,LEL_1,LEL,1,R,R-NAR031720007,7,7,0.9581466732324287,1.027126850506275
NAR031720008,NAR,CJF_1,CJF,1,R,R-NAR031720008,4,1,0.3668310828091051,0.8428519308850548
NAR031720008,NAR,CJF_1,CJF,1,R,R-NAR031720008,4,2,0.5866547125440404,0.8428519308850548
NAR031720008,NAR,CJF_1,CJF,1,R,R-NAR031720008,4,3,0.7197041697459989,0.8428519308850548
NAR031720008,NAR,CJF_1,CJF,1,R,R-NAR031720008,4,4,0.8428519308850548,0.8428519308850548
NAR031720008,NAR,CJF_2,CJF,2,R,R-NAR031720008,3,1,0.5187780370095121,0.7893685714749955
NAR031720008,NAR,CJF_2,CJF,2,R,R-NAR031720008,3,2,0.6516215732658361,0.7893685714749955
NAR031720008,NAR,CJF_2,CJF,2,R,R-NAR031720008,3,3,0.7893685714749955,0.7893685714749955
NAR031720008,NAR,CJF_3,CJF,3,R,R-NAR031720008,3,1,0.5429775302519776,0.8090932691040199
NAR031720008,NAR,CJF_3,CJF,3,R,R-NAR031720008,3,2,0.6814427717882862,0.8090932691040199
NAR031720008,NAR,CJF_3,CJF,3,R,R-NAR031720008,3,3,0.8090932691040199,0.8090932691040199
NAR031720008,NAR,JRS_1,JRS,1,R,R-NAR031720008,2,1,0.5700163489716772,0.8137433402600283
NAR031720008,NAR,JRS_1,JRS,1,R,R-NAR031720008,2,2,0.6969562687943914,0.8137433402600283
NAR031720008,NAR,LEL_1,LEL,1,R,R-NAR031720008,2,1,0.3933339943589171,0.6238129479584881
NAR031720008,NAR,LEL_1,LEL,1,R,R-NAR031720008,2,2,0.529705943921275,0.6238129479584881
NAR031720009,NAR,CJF_1,CJF,1,R,R-NAR031720009,5,1,0.41236425254856063,0.9114851483767751
NAR031720009,NAR,CJF_1,CJF,1,R,R-NAR031720009,5,2,0.5907361222088231,0.9114851483767751
NAR031720009,NAR,CJF_1,CJF,1,R,R-NAR031720009,5,3,0.7355384552829023,0.9114851483767751
NAR031720009,NAR,CJF_1,CJF,1,R,R-NAR031720009,5,4,0.8322078474201947,0.9114851483767751
NAR031720009,NAR,CJF_1,CJF,1,R,R-NAR031720009,5,5,0.9114851483767751,0.9114851483767751
NAR031720009,NAR,CJF_2,CJF,2,R,R-NAR031720009,5,1,0.33375652117859744,0.8573437548939223
NAR031720009,NAR,CJF_2,CJF,2,R,R-NAR031720009,5,2,0.5509687774604726,0.8573437548939223
NAR031720009,NAR,CJF_2,CJF,2,R,R-NAR031720009,5,3,0.6773383682397851,0.8573437548939223
NAR031720009,NAR,CJF_2,CJF,2,R,R-NAR031720009,5,4,0.7872790327720095,0.8573437548939223
NAR031720009,NAR,CJF_2,CJF,2,R,R-NAR031720009,5,5,0.8573437548939223,0.8573437548939223
NAR031720009,NAR,CJF_3,CJF,3,R,R-NAR031720009,4,1,0.3659614125623849,0.8865657427784142
NAR031720009,NAR,CJF_3,CJF,3,R,R-NAR031720009,4,2,0.5668304167018291,0.8865657427784142
NAR031720009,NAR,CJF_3,CJF,3,R,R-NAR031720009,4,3,0.7035349468222896,0.8865657427784142
NAR031720009,NAR,CJF_3,CJF,3,R,R-NAR031720009,4,4,0.8865657427784142,0.8865657427784142
NAR031720009,NAR,JRS_1,JRS,1,R,R-NAR031720009,4,1,0.39002706122540676,0.8830587656187161
NAR031720009,NAR,JRS_1,JRS,1,R,R-NAR031720009,4,2,0.5962460177304033,0.8830587656187161
NAR031720009,NAR,JRS_1,JRS,1,R,R-NAR031720009,4,3,0.7220738181536979,0.8830587656187161
NAR031720009,NAR,JRS_1,JRS,1,R,R-NAR031720009,4,4,0.8108926143504263,0.8830587656187161
NAR031720009,NAR,LEL_1,LEL,1,R,R-NAR031720009,4,1,0.4352447107809285,0.7659643263272076
NAR031720009,NAR,LEL_1,LEL,1,R,R-NAR031720009,4,2,0.5737630633505413,0.7659643263272076
NAR031720009,NAR,LEL_1,LEL,1,R,R-NAR031720009,4,3,0.6426462612498393,0.7659643263272076
NAR031720009,NAR,LEL_1,LEL,1,R,R-NAR031720009,4,4,0.7206752918134784,0.7659643263272076
NAR031720010,NAR,CJF_1,CJF,1,R,R-NAR031720010,4,1,0.3648283353213882,0.8413057725965791
NAR031720010,NAR,CJF_1,CJF,1,R,R-NAR031720010,4,2,0.5479563855354985,0.8413057725965791
NAR031720010,NAR,CJF_1,CJF,1,R,R-NAR031720010,4,3,0.7210052339810873,0.8413057725965791
NAR031720010,NAR,CJF_1,CJF,1,R,R-NAR031720010,4,4,0.8413057725965791,0.8413057725965791
NAR031720010,NAR,CJF_2,CJF,2,R,R-NAR031720010,4,1,0.33782170434332,0.8178315893268135
NAR031720010,NAR,CJF_2,CJF,2,R,R-NAR031720010,4,2,0.5358308729061139,0.8178315893268135
NAR031720010,NAR,CJF_2,CJF,2,R,R-NAR031720010,4,3,0.6653816619824438,0.8178315893268135
NAR031720010,NAR,CJF_2,CJF,2,R,R-NAR031720010,4,4,0.8178315893268135,0.8178315893268135
NAR031720010,NAR,CJF_3,CJF,3,R,R-NAR031720010,4,1,0.31768923388389825,0.8041311043530964
NAR031720010,NAR,CJF_3,CJF,3,R,R-NAR031720010,4,2,0.5083581623446828,0.8041311043530964
NAR031720010,NAR,CJF_3,CJF,3,R,R-NAR031720010,4,3,0.6899119378023206,0.8041311043530964
NAR031720010,NAR,CJF_3,CJF,3,R,R-NAR031720010,4,4,0.8041311043530964,0.8041311043530964
NAR031720010,NAR,JRS_1,JRS,1,R,R-NAR031720010,2,1,0.40594199608686155,0.8285748081812632
NAR031720010,NAR,JRS_1,JRS,1,R,R-NAR031720010,2,2,0.5667792645445444,0.8285748081812632
NAR031720010,NAR,LEL_1,LEL,1,R,R-NAR031720010,2,1,0.48339647356602433,0.8993948579198835
NAR031720010,NAR,LEL_1,LEL,1,R,R-NAR031720010,2,2,0.6519551605567928,0.8993948579198835
NAR031720011,NAR,CJF_1,CJF,1,R,R-NAR031720011,4,1,0.524505787799042,1.0575507696543225
NAR031720011,NAR,CJF_1,CJF,1,R,R-NAR031720011,4,2,0.7599437767412431,1.0575507696543225
NAR031720011,NAR,CJF_1,CJF,1,R,R-NAR031720011,4,3,0.8899294005772016,1.0575507696543225
NAR031720011,NAR,CJF_1,CJF,1,R,R-NAR031720011,4,4,1.0575507696543225,1.0575507696543225
NAR031720011,NAR,CJF_2,CJF,2,R,R-NAR031720011,4,1,0.4921260186707146,0.9986370697902452
NAR031720011,NAR,CJF_2,CJF,2,R,R-NAR031720011,4,2,0.7093362081122248,0.9986370697902452
NAR031720011,NAR,CJF_2,CJF,2,R,R-NAR031720011,4,3,0.8568378900163469,0.9986370697902452
NAR031720011,NAR,CJF_2,CJF,2,R,R-NAR031720011,4,4,0.9986370697902452,0.9986370697902452
NAR031720011,NAR,CJF_3,CJF,3,R,R-NAR031720011,4,1,0.4727367788433281,1.005371808843614
NAR031720011,NAR,CJF_3,CJF,3,R,R-NAR031720011,4,2,0.7296701189705477,1.005371808843614
NAR031720011,NAR,CJF_3,CJF,3,R,R-NAR031720011,4,3,0.8622245789238596,1.005371808843614
NAR031720011,NAR,CJF_3,CJF,3,R,R-NAR031720011,4,4,1.005371808843614,1.005371808843614
NAR031720011,NAR,LEL_1,LEL,1,R,R-NAR031720011,3,1,0.44272132150239685,0.8838973448403579
NAR031720011,NAR,LEL_1,LEL,1,R,R-NAR031720011,3,2,0.6365242511211402,0.8838973448403579
NAR031720011,NAR,LEL_1,LEL,1,R,R-NAR031720011,3,3,0.7746125106806026,0.8838973448403579
NAR031720011,NAR,NGA_1,NGA,1,R,R-NAR031720011,4,1,0.5902153760485099,1.0813851225718742
NAR031720011,NAR,NGA_1,NGA,1,R,R-NAR031720011,4,2,0.8009546389849502,1.0813851225718742
NAR031720011,NAR,NGA_1,NGA,1,R,R-NAR031720011,4,3,0.9566834853609965,1.0813851225718742
NAR031720011,NAR,NGA_1,NGA,1,R,R-NAR031720011,4,4,1.0813851225718742,1.0813851225718742
NAR031720011,NAR,NGA_2,NGA,2,R,R-NAR031720011,4,1,0.6335535487389368,1.1180594576297311
NAR031720011,NAR,NGA_2,NGA,2,R,R-NAR031720011,4,2,0.8510843385417178,1.1180594576297311
NAR031720011,NAR,NGA_2,NGA,2,R,R-NAR031720011,4,3,0.9803987216048733,1.1180594576297311
NAR031720011,NAR,NGA_2,NGA,2,R,R-NAR031720011,4,4,1.1180594576297311,1.1180594576297311
NAR031720012,NAR,LEL_1,LEL,1,R,R-NAR031720012,0,NA,NA,0.6970349117286602
NAR031720013,NAR,JRS_1,JRS,1,R,R-NAR031720013,0,NA,NA,0.5755698940515878
NAR031720013,NAR,LEL_1,LEL,1,R,R-NAR031720013,0,NA,NA,0.6970490431094696
NAR031720014,NAR,CJF_1,CJF,1,R,R-NAR031720014,8,1,0.47312374515520195,1.4172758519326127
NAR031720014,NAR,CJF_1,CJF,1,R,R-NAR031720014,8,2,0.651165752444967,1.4172758519326127
NAR031720014,NAR,CJF_1,CJF,1,R,R-NAR031720014,8,3,0.7858338190644422,1.4172758519326127
NAR031720014,NAR,CJF_1,CJF,1,R,R-NAR031720014,8,4,0.9518320562548301,1.4172758519326127
NAR031720014,NAR,CJF_1,CJF,1,R,R-NAR031720014,8,5,1.0844047393413108,1.4172758519326127
NAR031720014,NAR,CJF_1,CJF,1,R,R-NAR031720014,8,6,1.2061543976508813,1.4172758519326127
NAR031720014,NAR,CJF_1,CJF,1,R,R-NAR031720014,8,7,1.31524991319984,1.4172758519326127
NAR031720014,NAR,CJF_1,CJF,1,R,R-NAR031720014,8,8,1.4172758519326127,1.4172758519326127
NAR031720014,NAR,CJF_2,CJF,2,R,R-NAR031720014,8,1,0.4821527081520807,1.4173462881859726
NAR031720014,NAR,CJF_2,CJF,2,R,R-NAR031720014,8,2,0.7057003716407526,1.4173462881859726
NAR031720014,NAR,CJF_2,CJF,2,R,R-NAR031720014,8,3,0.848554469602319,1.4173462881859726
NAR031720014,NAR,CJF_2,CJF,2,R,R-NAR031720014,8,4,0.9888408528009878,1.4173462881859726
NAR031720014,NAR,CJF_2,CJF,2,R,R-NAR031720014,8,5,1.1303826641312475,1.4173462881859726
NAR031720014,NAR,CJF_2,CJF,2,R,R-NAR031720014,8,6,1.2314805791346535,1.4173462881859726
NAR031720014,NAR,CJF_2,CJF,2,R,R-NAR031720014,8,7,1.3369038082851865,1.4173462881859726
NAR031720014,NAR,CJF_2,CJF,2,R,R-NAR031720014,8,8,1.4173462881859726,1.4173462881859726
NAR031720014,NAR,CJF_3,CJF,3,R,R-NAR031720014,8,1,0.46623520757283904,1.3833981487641824
NAR031720014,NAR,CJF_3,CJF,3,R,R-NAR031720014,8,2,0.6751915174829659,1.3833981487641824
NAR031720014,NAR,CJF_3,CJF,3,R,R-NAR031720014,8,3,0.7829652090687644,1.3833981487641824
NAR031720014,NAR,CJF_3,CJF,3,R,R-NAR031720014,8,4,0.9457182839086139,1.3833981487641824
NAR031720014,NAR,CJF_3,CJF,3,R,R-NAR031720014,8,5,1.0864891650453896,1.3833981487641824
NAR031720014,NAR,CJF_3,CJF,3,R,R-NAR031720014,8,6,1.209659951821885,1.3833981487641824
NAR031720014,NAR,CJF_3,CJF,3,R,R-NAR031720014,8,7,1.3086216467293617,1.3833981487641824
NAR031720014,NAR,CJF_3,CJF,3,R,R-NAR031720014,8,8,1.3833981487641824,1.3833981487641824
NAR031720014,NAR,JRS_1,JRS,1,R,R-NAR031720014,7,1,0.2696598615666357,1.4279939250475928
NAR031720014,NAR,JRS_1,JRS,1,R,R-NAR031720014,7,2,0.5125269835438854,1.4279939250475928
NAR031720014,NAR,JRS_1,JRS,1,R,R-NAR031720014,7,3,0.7049608798575283,1.4279939250475928
NAR031720014,NAR,JRS_1,JRS,1,R,R-NAR031720014,7,4,0.8978680387853001,1.4279939250475928
NAR031720014,NAR,JRS_1,JRS,1,R,R-NAR031720014,7,5,0.9894880685066324,1.4279939250475928
NAR031720014,NAR,JRS_1,JRS,1,R,R-NAR031720014,7,6,1.14640865097404,1.4279939250475928
NAR031720014,NAR,JRS_1,JRS,1,R,R-NAR031720014,7,7,1.2559956765581026,1.4279939250475928
NAR031720014,NAR,LEL_1,LEL,1,R,R-NAR031720014,7,1,0.6174161630677922,1.4188613261512197
NAR031720014,NAR,LEL_1,LEL,1,R,R-NAR031720014,7,2,0.776661124824345,1.4188613261512197
NAR031720014,NAR,LEL_1,LEL,1,R,R-NAR031720014,7,3,0.8456928617001901,1.4188613261512197
NAR031720014,NAR,LEL_1,LEL,1,R,R-NAR031720014,7,4,0.9192610803543992,1.4188613261512197
NAR031720014,NAR,LEL_1,LEL,1,R,R-NAR031720014,7,5,0.9838563590526201,1.4188613261512197
NAR031720014,NAR,LEL_1,LEL,1,R,R-NAR031720014,7,6,1.151557283202719,1.4188613261512197
NAR031720014,NAR,LEL_1,LEL,1,R,R-NAR031720014,7,7,1.2563807563017806,1.4188613261512197
NAR031720015,NAR,CJF_1,CJF,1,R,R-NAR031720015,8,1,0.5406553624778849,1.1340572257048274
NAR031720015,NAR,CJF_1,CJF,1,R,R-NAR031720015,8,2,0.6617577074262391,1.1340572257048274
NAR031720015,NAR,CJF_1,CJF,1,R,R-NAR031720015,8,3,0.745291443646794,1.1340572257048274
NAR031720015,NAR,CJF_1,CJF,1,R,R-NAR031720015,8,4,0.8374908895504098,1.1340572257048274
NAR031720015,NAR,CJF_1,CJF,1,R,R-NAR031720015,8,5,0.9235542744411742,1.1340572257048274
NAR031720015,NAR,CJF_1,CJF,1,R,R-NAR031720015,8,6,1.0020287133213097,1.1340572257048274
NAR031720015,NAR,CJF_1,CJF,1,R,R-NAR031720015,8,7,1.0667781451779639,1.1340572257048274
NAR031720015,NAR,CJF_1,CJF,1,R,R-NAR031720015,8,8,1.1340572257048274,1.1340572257048274
NAR031720015,NAR,CJF_2,CJF,2,R,R-NAR031720015,9,1,0.40908562145233823,1.1489324917169117
NAR031720015,NAR,CJF_2,CJF,2,R,R-NAR031720015,9,2,0.5818455190589424,1.1489324917169117
NAR031720015,NAR,CJF_2,CJF,2,R,R-NAR031720015,9,3,0.6848124646126109,1.1489324917169117
NAR031720015,NAR,CJF_2,CJF,2,R,R-NAR031720015,9,4,0.7603816738375435,1.1489324917169117
NAR031720015,NAR,CJF_2,CJF,2,R,R-NAR031720015,9,5,0.849437815579523,1.1489324917169117
NAR031720015,NAR,CJF_2,CJF,2,R,R-NAR031720015,9,6,0.9412761180838406,1.1489324917169117
NAR031720015,NAR,CJF_2,CJF,2,R,R-NAR031720015,9,7,1.0033583947917242,1.1489324917169117
NAR031720015,NAR,CJF_2,CJF,2,R,R-NAR031720015,9,8,1.0817097647789937,1.1489324917169117
NAR031720015,NAR,CJF_2,CJF,2,R,R-NAR031720015,9,9,1.1489324917169117,1.1489324917169117
NAR031720015,NAR,CJF_3,CJF,3,R,R-NAR031720015,9,1,0.4134590222285413,1.1948553730093436
NAR031720015,NAR,CJF_3,CJF,3,R,R-NAR031720015,9,2,0.5936171587180301,1.1948553730093436
NAR031720015,NAR,CJF_3,CJF,3,R,R-NAR031720015,9,3,0.7059999428054056,1.1948553730093436
NAR031720015,NAR,CJF_3,CJF,3,R,R-NAR031720015,9,4,0.780075014911069,1.1948553730093436
NAR031720015,NAR,CJF_3,CJF,3,R,R-NAR031720015,9,5,0.8687826901692814,1.1948553730093436
NAR031720015,NAR,CJF_3,CJF,3,R,R-NAR031720015,9,6,0.9599283974035508,1.1948553730093436
NAR031720015,NAR,CJF_3,CJF,3,R,R-NAR031720015,9,7,1.041929279079503,1.1948553730093436
NAR031720015,NAR,CJF_3,CJF,3,R,R-NAR031720015,9,8,1.1236254067584475,1.1948553730093436
NAR031720015,NAR,CJF_3,CJF,3,R,R-NAR031720015,9,9,1.1948553730093436,1.1948553730093436
NAR031720015,NAR,JRS_1,JRS,1,R,R-NAR031720015,4,1,0.6131973154744667,1.2106876341218706
NAR031720015,NAR,JRS_1,JRS,1,R,R-NAR031720015,4,2,0.926584234477891,1.2106876341218706
NAR031720015,NAR,JRS_1,JRS,1,R,R-NAR031720015,4,3,1.0349865179652036,1.2106876341218706
NAR031720015,NAR,JRS_1,JRS,1,R,R-NAR031720015,4,4,1.0994635224133487,1.2106876341218706
NAR031720015,NAR,LEL_1,LEL,1,R,R-NAR031720015,3,1,0.6737717578472192,0.9763992750596773
NAR031720015,NAR,LEL_1,LEL,1,R,R-NAR031720015,3,2,0.7486599236770739,0.9763992750596773
NAR031720015,NAR,LEL_1,LEL,1,R,R-NAR031720015,3,3,0.8739630069070443,0.9763992750596773
NAR031720015,NAR,NGA_1,NGA,1,R,R-NAR031720015,9,1,0.5330420840359269,1.2681693816479223
NAR031720015,NAR,NGA_1,NGA,1,R,R-NAR031720015,9,2,0.6936510748377592,1.2681693816479223
NAR031720015,NAR,NGA_1,NGA,1,R,R-NAR031720015,9,3,0.8161574219488477,1.2681693816479223
NAR031720015,NAR,NGA_1,NGA,1,R,R-NAR031720015,9,4,0.9003065597730036,1.2681693816479223
NAR031720015,NAR,NGA_1,NGA,1,R,R-NAR031720015,9,5,0.9792870801001416,1.2681693816479223
NAR031720015,NAR,NGA_1,NGA,1,R,R-NAR031720015,9,6,1.0660841680718536,1.2681693816479223
NAR031720015,NAR,NGA_1,NGA,1,R,R-NAR031720015,9,7,1.1425440210495306,1.2681693816479223
NAR031720015,NAR,NGA_1,NGA,1,R,R-NAR031720015,9,8,1.201448417526439,1.2681693816479223
NAR031720015,NAR,NGA_1,NGA,1,R,R-NAR031720015,9,9,1.2681693816479223,1.2681693816479223
NAR031720015,NAR,NGA_2,NGA,2,R,R-NAR031720015,8,1,0.696768556718618,1.254242154553504
NAR031720015,NAR,NGA_2,NGA,2,R,R-NAR031720015,8,2,0.8093672047476322,1.254242154553504
NAR031720015,NAR,NGA_2,NGA,2,R,R-NAR031720015,8,3,0.8983128184788108,1.254242154553504
NAR031720015,NAR,NGA_2,NGA,2,R,R-NAR031720015,8,4,0.9772473156394701,1.254242154553504
NAR031720015,NAR,NGA_2,NGA,2,R,R-NAR031720015,8,5,1.05443985279672,1.254242154553504
NAR031720015,NAR,NGA_2,NGA,2,R,R-NAR031720015,8,6,1.1265533910937218,1.254242154553504
NAR031720015,NAR,NGA_2,NGA,2,R,R-NAR031720015,8,7,1.1786446962496844,1.254242154553504
NAR031720015,NAR,NGA_2,NGA,2,R,R-NAR031720015,8,8,1.254242154553504,1.254242154553504
NAR031720016,NAR,CJF_1,CJF,1,R,R-NAR031720016,5,1,0.415731808047934,0.9391955859522574
NAR031720016,NAR,CJF_1,CJF,1,R,R-NAR031720016,5,2,0.6062456674068751,0.9391955859522574
NAR031720016,NAR,CJF_1,CJF,1,R,R-NAR031720016,5,3,0.7313296819282907,0.9391955859522574
NAR031720016,NAR,CJF_1,CJF,1,R,R-NAR031720016,5,4,0.8517034983377116,0.9391955859522574
NAR031720016,NAR,CJF_1,CJF,1,R,R-NAR031720016,5,5,0.9391955859522574,0.9391955859522574
NAR031720016,NAR,CJF_2,CJF,2,R,R-NAR031720016,5,1,0.3891790325144645,0.910369298459701
NAR031720016,NAR,CJF_2,CJF,2,R,R-NAR031720016,5,2,0.592986737067229,0.910369298459701
NAR031720016,NAR,CJF_2,CJF,2,R,R-NAR031720016,5,3,0.7175259680994619,0.910369298459701
NAR031720016,NAR,CJF_2,CJF,2,R,R-NAR031720016,5,4,0.8225242291093753,0.910369298459701
NAR031720016,NAR,CJF_2,CJF,2,R,R-NAR031720016,5,5,0.910369298459701,0.910369298459701
NAR031720016,NAR,CJF_3,CJF,3,R,R-NAR031720016,5,1,0.4309487148967259,0.9516949066967691
NAR031720016,NAR,CJF_3,CJF,3,R,R-NAR031720016,5,2,0.6207777150955816,0.9516949066967691
NAR031720016,NAR,CJF_3,CJF,3,R,R-NAR031720016,5,3,0.7533203227132663,0.9516949066967691
NAR031720016,NAR,CJF_3,CJF,3,R,R-NAR031720016,5,4,0.8456677053190742,0.9516949066967691
NAR031720016,NAR,CJF_3,CJF,3,R,R-NAR031720016,5,5,0.9516949066967691,0.9516949066967691
NAR031720016,NAR,JRS_1,JRS,1,R,R-NAR031720016,4,1,0.3328140711889434,0.8569845606971627
NAR031720016,NAR,JRS_1,JRS,1,R,R-NAR031720016,4,2,0.5519681171583134,0.8569845606971627
NAR031720016,NAR,JRS_1,JRS,1,R,R-NAR031720016,4,3,0.684159894144616,0.8569845606971627
NAR031720016,NAR,JRS_1,JRS,1,R,R-NAR031720016,4,4,0.7639833910621134,0.8569845606971627
NAR031720016,NAR,LEL_1,LEL,1,R,R-NAR031720016,3,1,0.46486700806210973,0.7920233583697132
NAR031720016,NAR,LEL_1,LEL,1,R,R-NAR031720016,3,2,0.5862012016980895,0.7920233583697132
NAR031720016,NAR,LEL_1,LEL,1,R,R-NAR031720016,3,3,0.6919031680088614,0.7920233583697132
NAR031820001,NAR,CJF_1,CJF,1,R,R-NAR031820001,14,1,0.5209468458703734,1.7079452745473314
NAR031820001,NAR,CJF_1,CJF,1,R,R-NAR031820001,14,2,0.6919363199564322,1.7079452745473314
NAR031820001,NAR,CJF_1,CJF,1,R,R-NAR031820001,14,3,0.8270278462862408,1.7079452745473314
NAR031820001,NAR,CJF_1,CJF,1,R,R-NAR031820001,14,4,0.9205863276224189,1.7079452745473314
NAR031820001,NAR,CJF_1,CJF,1,R,R-NAR031820001,14,5,1.0122380029858205,1.7079452745473314
NAR031820001,NAR,CJF_1,CJF,1,R,R-NAR031820001,14,6,1.1076606299543006,1.7079452745473314
NAR031820001,NAR,CJF_1,CJF,1,R,R-NAR031820001,14,7,1.1838772991762962,1.7079452745473314
NAR031820001,NAR,CJF_1,CJF,1,R,R-NAR031820001,14,8,1.2687222141149077,1.7079452745473314
NAR031820001,NAR,CJF_1,CJF,1,R,R-NAR031820001,14,9,1.333754009543093,1.7079452745473314
NAR031820001,NAR,CJF_1,CJF,1,R,R-NAR031820001,14,10,1.416170277425936,1.7079452745473314
NAR031820001,NAR,CJF_1,CJF,1,R,R-NAR031820001,14,11,1.4973295614404198,1.7079452745473314
NAR031820001,NAR,CJF_1,CJF,1,R,R-NAR031820001,14,12,1.5692107776338697,1.7079452745473314
NAR031820001,NAR,CJF_1,CJF,1,R,R-NAR031820001,14,13,1.655312676440841,1.7079452745473314
NAR031820001,NAR,CJF_1,CJF,1,R,R-NAR031820001,14,14,1.7079452745473314,1.7079452745473314
NAR031820001,NAR,CJF_2,CJF,2,R,R-NAR031820001,13,1,0.5444760864472818,1.7769011858538843
NAR031820001,NAR,CJF_2,CJF,2,R,R-NAR031820001,13,2,0.7102082568826985,1.7769011858538843
NAR031820001,NAR,CJF_2,CJF,2,R,R-NAR031820001,13,3,0.8260178502340505,1.7769011858538843
NAR031820001,NAR,CJF_2,CJF,2,R,R-NAR031820001,13,4,0.9396917565259701,1.7769011858538843
NAR031820001,NAR,CJF_2,CJF,2,R,R-NAR031820001,13,5,1.0322391340129524,1.7769011858538843
NAR031820001,NAR,CJF_2,CJF,2,R,R-NAR031820001,13,6,1.1339663177987143,1.7769011858538843
NAR031820001,NAR,CJF_2,CJF,2,R,R-NAR031820001,13,7,1.233180242818896,1.7769011858538843
NAR031820001,NAR,CJF_2,CJF,2,R,R-NAR031820001,13,8,1.3012087750587193,1.7769011858538843
NAR031820001,NAR,CJF_2,CJF,2,R,R-NAR031820001,13,9,1.3945112959579964,1.7769011858538843
NAR031820001,NAR,CJF_2,CJF,2,R,R-NAR031820001,13,10,1.4746104649683258,1.7769011858538843
NAR031820001,NAR,CJF_2,CJF,2,R,R-NAR031820001,13,11,1.5459073993860237,1.7769011858538843
NAR031820001,NAR,CJF_2,CJF,2,R,R-NAR031820001,13,12,1.6656166240631964,1.7769011858538843
NAR031820001,NAR,CJF_2,CJF,2,R,R-NAR031820001,13,13,1.7769011858538843,1.7769011858538843
NAR031820001,NAR,CJF_3,CJF,3,R,R-NAR031820001,14,1,0.5681505772482972,1.7899910355822826
NAR031820001,NAR,CJF_3,CJF,3,R,R-NAR031820001,14,2,0.737708319547066,1.7899910355822826
NAR031820001,NAR,CJF_3,CJF,3,R,R-NAR031820001,14,3,0.8655887526053327,1.7899910355822826
NAR031820001,NAR,CJF_3,CJF,3,R,R-NAR031820001,14,4,0.9715381883651548,1.7899910355822826
NAR031820001,NAR,CJF_3,CJF,3,R,R-NAR031820001,14,5,1.0621558720062454,1.7899910355822826
NAR031820001,NAR,CJF_3,CJF,3,R,R-NAR031820001,14,6,1.1654952169551254,1.7899910355822826
NAR031820001,NAR,CJF_3,CJF,3,R,R-NAR031820001,14,7,1.2400207157894778,1.7899910355822826
NAR031820001,NAR,CJF_3,CJF,3,R,R-NAR031820001,14,8,1.3224730997642895,1.7899910355822826
NAR031820001,NAR,CJF_3,CJF,3,R,R-NAR031820001,14,9,1.4038814474147245,1.7899910355822826
NAR031820001,NAR,CJF_3,CJF,3,R,R-NAR031820001,14,10,1.4894207512521174,1.7899910355822826
NAR031820001,NAR,CJF_3,CJF,3,R,R-NAR031820001,14,11,1.5619999792559003,1.7899910355822826
NAR031820001,NAR,CJF_3,CJF,3,R,R-NAR031820001,14,12,1.6439303450685236,1.7899910355822826
NAR031820001,NAR,CJF_3,CJF,3,R,R-NAR031820001,14,13,1.7204021147334445,1.7899910355822826
NAR031820001,NAR,CJF_3,CJF,3,R,R-NAR031820001,14,14,1.7899910355822826,1.7899910355822826
NAR031820001,NAR,JRS_1,JRS,1,R,R-NAR031820001,13,1,0.5270033492294112,1.8134888753674483
NAR031820001,NAR,JRS_1,JRS,1,R,R-NAR031820001,13,2,0.732595225262781,1.8134888753674483
NAR031820001,NAR,JRS_1,JRS,1,R,R-NAR031820001,13,3,0.8579735665122614,1.8134888753674483
NAR031820001,NAR,JRS_1,JRS,1,R,R-NAR031820001,13,4,0.9550679887015416,1.8134888753674483
NAR031820001,NAR,JRS_1,JRS,1,R,R-NAR031820001,13,5,1.075415794354086,1.8134888753674483
NAR031820001,NAR,JRS_1,JRS,1,R,R-NAR031820001,13,6,1.1693239685144294,1.8134888753674483
NAR031820001,NAR,JRS_1,JRS,1,R,R-NAR031820001,13,7,1.2600458946458375,1.8134888753674483
NAR031820001,NAR,JRS_1,JRS,1,R,R-NAR031820001,13,8,1.3443953247193727,1.8134888753674483
NAR031820001,NAR,JRS_1,JRS,1,R,R-NAR031820001,13,9,1.4168944029844537,1.8134888753674483
NAR031820001,NAR,JRS_1,JRS,1,R,R-NAR031820001,13,10,1.5002941857972798,1.8134888753674483
NAR031820001,NAR,JRS_1,JRS,1,R,R-NAR031820001,13,11,1.5878298638997514,1.8134888753674483
NAR031820001,NAR,JRS_1,JRS,1,R,R-NAR031820001,13,12,1.6726266141269328,1.8134888753674483
NAR031820001,NAR,JRS_1,JRS,1,R,R-NAR031820001,13,13,1.7546844364788219,1.8134888753674483
NAR031820001,NAR,LEL_1,LEL,1,R,R-NAR031820001,11,1,0.569096187333401,1.496236877355892
NAR031820001,NAR,LEL_1,LEL,1,R,R-NAR031820001,11,2,0.6927674839593798,1.496236877355892
NAR031820001,NAR,LEL_1,LEL,1,R,R-NAR031820001,11,3,0.7662638929817687,1.496236877355892
NAR031820001,NAR,LEL_1,LEL,1,R,R-NAR031820001,11,4,0.8598030235817595,1.496236877355892
NAR031820001,NAR,LEL_1,LEL,1,R,R-NAR031820001,11,5,0.9443034688596318,1.496236877355892
NAR031820001,NAR,LEL_1,LEL,1,R,R-NAR031820001,11,6,1.0189771594706845,1.496236877355892
NAR031820001,NAR,LEL_1,LEL,1,R,R-NAR031820001,11,7,1.09417622964487,1.496236877355892
NAR031820001,NAR,LEL_1,LEL,1,R,R-NAR031820001,11,8,1.165181908170762,1.496236877355892
NAR031820001,NAR,LEL_1,LEL,1,R,R-NAR031820001,11,9,1.2344849255448571,1.496236877355892
NAR031820001,NAR,LEL_1,LEL,1,R,R-NAR031820001,11,10,1.3094213059374762,1.496236877355892
NAR031820001,NAR,LEL_1,LEL,1,R,R-NAR031820001,11,11,1.3694229482078855,1.496236877355892
NAR031820002,NAR,CJF_1,CJF,1,R,R-NAR031820002,10,1,0.6461195015462865,1.361480111773478
NAR031820002,NAR,CJF_1,CJF,1,R,R-NAR031820002,10,2,0.7255634072036059,1.361480111773478
NAR031820002,NAR,CJF_1,CJF,1,R,R-NAR031820002,10,3,0.8318212381630866,1.361480111773478
NAR031820002,NAR,CJF_1,CJF,1,R,R-NAR031820002,10,4,0.9248969471125805,1.361480111773478
NAR031820002,NAR,CJF_1,CJF,1,R,R-NAR031820002,10,5,0.9936883745112985,1.361480111773478
NAR031820002,NAR,CJF_1,CJF,1,R,R-NAR031820002,10,6,1.0844171693650648,1.361480111773478
NAR031820002,NAR,CJF_1,CJF,1,R,R-NAR031820002,10,7,1.1710845469652245,1.361480111773478
NAR031820002,NAR,CJF_1,CJF,1,R,R-NAR031820002,10,8,1.2298559070431885,1.361480111773478
NAR031820002,NAR,CJF_1,CJF,1,R,R-NAR031820002,10,9,1.2986473344419067,1.361480111773478
NAR031820002,NAR,CJF_1,CJF,1,R,R-NAR031820002,10,10,1.361480111773478,1.361480111773478
NAR031820002,NAR,CJF_2,CJF,2,R,R-NAR031820002,9,1,0.5801485499432016,1.3049524787530955
NAR031820002,NAR,CJF_2,CJF,2,R,R-NAR031820002,9,2,0.7813091274063118,1.3049524787530955
NAR031820002,NAR,CJF_2,CJF,2,R,R-NAR031820002,9,3,0.859104560947409,1.3049524787530955
NAR031820002,NAR,CJF_2,CJF,2,R,R-NAR031820002,9,4,0.9362440722415626,1.3049524787530955
NAR031820002,NAR,CJF_2,CJF,2,R,R-NAR031820002,9,5,1.0170287462742174,1.3049524787530955
NAR031820002,NAR,CJF_2,CJF,2,R,R-NAR031820002,9,6,1.0971574980599275,1.3049524787530955
NAR031820002,NAR,CJF_2,CJF,2,R,R-NAR031820002,9,7,1.171963691109468,1.3049524787530955
NAR031820002,NAR,CJF_2,CJF,2,R,R-NAR031820002,9,8,1.2324796039481678,1.3049524787530955
NAR031820002,NAR,CJF_2,CJF,2,R,R-NAR031820002,9,9,1.3049524787530955,1.3049524787530955
NAR031820002,NAR,CJF_3,CJF,3,R,R-NAR031820002,11,1,0.48806343194205093,1.348237281758913
NAR031820002,NAR,CJF_3,CJF,3,R,R-NAR031820002,11,2,0.6212548101128323,1.348237281758913
NAR031820002,NAR,CJF_3,CJF,3,R,R-NAR031820002,11,3,0.7299771230026756,1.348237281758913
NAR031820002,NAR,CJF_3,CJF,3,R,R-NAR031820002,11,4,0.8345722308756399,1.348237281758913
NAR031820002,NAR,CJF_3,CJF,3,R,R-NAR031820002,11,5,0.9223319842693225,1.348237281758913
NAR031820002,NAR,CJF_3,CJF,3,R,R-NAR031820002,11,6,1.0029698812895307,1.348237281758913
NAR031820002,NAR,CJF_3,CJF,3,R,R-NAR031820002,11,7,1.0782391748286528,1.348237281758913
NAR031820002,NAR,CJF_3,CJF,3,R,R-NAR031820002,11,8,1.1612510239733524,1.348237281758913
NAR031820002,NAR,CJF_3,CJF,3,R,R-NAR031820002,11,9,1.231151714031389,1.348237281758913
NAR031820002,NAR,CJF_3,CJF,3,R,R-NAR031820002,11,10,1.302805656981814,1.348237281758913
NAR031820002,NAR,CJF_3,CJF,3,R,R-NAR031820002,11,11,1.348237281758913,1.348237281758913
NAR031820002,NAR,LEL_1,LEL,1,R,R-NAR031820002,7,1,0.7427156742844524,1.4006075669033564
NAR031820002,NAR,LEL_1,LEL,1,R,R-NAR031820002,7,2,0.8441993126664201,1.4006075669033564
NAR031820002,NAR,LEL_1,LEL,1,R,R-NAR031820002,7,3,0.9139903820975769,1.4006075669033564
NAR031820002,NAR,LEL_1,LEL,1,R,R-NAR031820002,7,4,1.0153750696973287,1.4006075669033564
NAR031820002,NAR,LEL_1,LEL,1,R,R-NAR031820002,7,5,1.1376083919840687,1.4006075669033564
NAR031820002,NAR,LEL_1,LEL,1,R,R-NAR031820002,7,6,1.2423939469130199,1.4006075669033564
NAR031820002,NAR,LEL_1,LEL,1,R,R-NAR031820002,7,7,1.2934069568510083,1.4006075669033564
NAR031820002,NAR,NGA_1,NGA,1,R,R-NAR031820002,10,1,0.6438364039989833,1.348659241268052
NAR031820002,NAR,NGA_1,NGA,1,R,R-NAR031820002,10,2,0.7370606473709003,1.348659241268052
NAR031820002,NAR,NGA_1,NGA,1,R,R-NAR031820002,10,3,0.8666796869759172,1.348659241268052
NAR031820002,NAR,NGA_1,NGA,1,R,R-NAR031820002,10,4,0.9420180037970649,1.348659241268052
NAR031820002,NAR,NGA_1,NGA,1,R,R-NAR031820002,10,5,1.0020191184223919,1.348659241268052
NAR031820002,NAR,NGA_1,NGA,1,R,R-NAR031820002,10,6,1.08052910273005,1.348659241268052
NAR031820002,NAR,NGA_1,NGA,1,R,R-NAR031820002,10,7,1.1578950086694164,1.348659241268052
NAR031820002,NAR,NGA_1,NGA,1,R,R-NAR031820002,10,8,1.2115527883217232,1.348659241268052
NAR031820002,NAR,NGA_1,NGA,1,R,R-NAR031820002,10,9,1.2932344401158917,1.348659241268052
NAR031820002,NAR,NGA_1,NGA,1,R,R-NAR031820002,10,10,1.348659241268052,1.348659241268052
NAR031820002,NAR,NGA_2,NGA,2,R,R-NAR031820002,10,1,0.6105175803748796,1.3436454469201815
NAR031820002,NAR,NGA_2,NGA,2,R,R-NAR031820002,10,2,0.7514750823905068,1.3436454469201815
NAR031820002,NAR,NGA_2,NGA,2,R,R-NAR031820002,10,3,0.8399644744051653,1.3436454469201815
NAR031820002,NAR,NGA_2,NGA,2,R,R-NAR031820002,10,4,0.9359131565645519,1.3436454469201815
NAR031820002,NAR,NGA_2,NGA,2,R,R-NAR031820002,10,5,0.9928551919580904,1.3436454469201815
NAR031820002,NAR,NGA_2,NGA,2,R,R-NAR031820002,10,6,1.0672496581183195,1.3436454469201815
NAR031820002,NAR,NGA_2,NGA,2,R,R-NAR031820002,10,7,1.149847694743483,1.3436454469201815
NAR031820002,NAR,NGA_2,NGA,2,R,R-NAR031820002,10,8,1.2152546230611616,1.3436454469201815
NAR031820002,NAR,NGA_2,NGA,2,R,R-NAR031820002,10,9,1.303371874915717,1.3436454469201815
NAR031820002,NAR,NGA_2,NGA,2,R,R-NAR031820002,10,10,1.3436454469201815,1.3436454469201815
NAR031820003,NAR,CJF_1,CJF,1,R,R-NAR031820003,3,1,0.6238109761286497,0.8459385944145446
NAR031820003,NAR,CJF_1,CJF,1,R,R-NAR031820003,3,2,0.7339861309811634,0.8459385944145446
NAR031820003,NAR,CJF_1,CJF,1,R,R-NAR031820003,3,3,0.8459385944145446,0.8459385944145446
NAR031820003,NAR,CJF_2,CJF,2,R,R-NAR031820003,3,1,0.6201188679456835,0.8577334719934769
NAR031820003,NAR,CJF_2,CJF,2,R,R-NAR031820003,3,2,0.7664096477567466,0.8577334719934769
NAR031820003,NAR,CJF_2,CJF,2,R,R-NAR031820003,3,3,0.8577334719934769,0.8577334719934769
NAR031820003,NAR,CJF_3,CJF,3,R,R-NAR031820003,3,1,0.6361971459877767,0.8712918940347244
NAR031820003,NAR,CJF_3,CJF,3,R,R-NAR031820003,3,2,0.75887121719816375,0.8712918940347244
NAR031820003,NAR,CJF_3,CJF,3,R,R-NAR031820003,3,3,0.8712918940347244,0.8712918940347244
NAR031820003,NAR,JRS_1,JRS,1,R,R-NAR031820003,0,NA,NA,0.5919739055023365
NAR031820003,NAR,LEL_1,LEL,1,R,R-NAR031820003,0,NA,NA,0.761618007253071
NAR031820003,NAR,NGA_1,NGA,1,R,R-NAR031820003,4,1,0.38355495222249664,0.9004971860567776
NAR031820003,NAR,NGA_1,NGA,1,R,R-NAR031820003,4,2,0.6586861758233867,0.9004971860567776
NAR031820003,NAR,NGA_1,NGA,1,R,R-NAR031820003,4,3,0.7770440093318943,0.9004971860567776
NAR031820003,NAR,NGA_1,NGA,1,R,R-NAR031820003,4,4,0.9004971860567776,0.9004971860567776
NAR031820003,NAR,NGA_2,NGA,2,R,R-NAR031820003,4,1,0.3994680992041856,0.8830347456092513
NAR031820003,NAR,NGA_2,NGA,2,R,R-NAR031820003,4,2,0.654066980638768,0.8830347456092513
NAR031820003,NAR,NGA_2,NGA,2,R,R-NAR031820003,4,3,0.7884238800082601,0.8830347456092513
NAR031820003,NAR,NGA_2,NGA,2,R,R-NAR031820003,4,4,0.8830347456092513,0.8830347456092513
NAR031820004,NAR,CJF_1,CJF,1,R,R-NAR031820004,4,1,0.4593399498828934,1.114098848548611
NAR031820004,NAR,CJF_1,CJF,1,R,R-NAR031820004,4,1,0.694001647442012,1.0640709565380264
NAR031820004,NAR,CJF_1,CJF,1,R,R-NAR031820004,4,2,0.718903069398892,1.114098848548611
NAR031820004,NAR,CJF_1,CJF,1,R,R-NAR031820004,4,2,0.8681519105460187,1.0640709565380264
NAR031820004,NAR,CJF_1,CJF,1,R,R-NAR031820004,4,3,0.9734225848304334,1.114098848548611
NAR031820004,NAR,CJF_1,CJF,1,R,R-NAR031820004,4,3,0.9823893435532289,1.0640709565380264
NAR031820004,NAR,CJF_1,CJF,1,R,R-NAR031820004,4,4,1.114098848548611,1.114098848548611
NAR031820004,NAR,CJF_1,CJF,1,R,R-NAR031820004,4,4,1.0640709565380264,1.0640709565380264
NAR031820004,NAR,CJF_2,CJF,2,R,R-NAR031820004,4,1,0.7509237772194673,1.1190749079661282
NAR031820004,NAR,CJF_2,CJF,2,R,R-NAR031820004,4,2,0.9167988952190285,1.1190749079661282
NAR031820004,NAR,CJF_2,CJF,2,R,R-NAR031820004,4,3,1.0257010667425617,1.1190749079661282
NAR031820004,NAR,CJF_2,CJF,2,R,R-NAR031820004,4,4,1.1190749079661282,1.1190749079661282
NAR031820004,NAR,CJF_3,CJF,3,R,R-NAR031820004,4,1,0.6221280610555878,1.0061244432946346
NAR031820004,NAR,CJF_3,CJF,3,R,R-NAR031820004,4,2,0.7945321432091058,1.0061244432946346
NAR031820004,NAR,CJF_3,CJF,3,R,R-NAR031820004,4,3,0.9071670039663541,1.0061244432946346
NAR031820004,NAR,CJF_3,CJF,3,R,R-NAR031820004,4,4,1.0061244432946346,1.0061244432946346
NAR031820004,NAR,JRS_1,JRS,1,R,R-NAR031820004,2,1,0.46349725619813614,1.1063789298580722
NAR031820004,NAR,JRS_1,JRS,1,R,R-NAR031820004,2,2,0.7225379075092688,1.1063789298580722
NAR031820004,NAR,LEL_1,LEL,1,R,R-NAR031820004,3,1,0.40247802075672245,1.0392258687262905
NAR031820004,NAR,LEL_1,LEL,1,R,R-NAR031820004,3,2,0.6567702512480641,1.0392258687262905
NAR031820004,NAR,LEL_1,LEL,1,R,R-NAR031820004,3,3,0.8894561263204873,1.0392258687262905
NAR031820004,NAR,NGA_1,NGA,1,R,R-NAR031820004,4,1,0.734863811911957,1.0902644840578926
NAR031820004,NAR,NGA_1,NGA,1,R,R-NAR031820004,4,2,0.8895615991455309,1.0902644840578926
NAR031820004,NAR,NGA_1,NGA,1,R,R-NAR031820004,4,3,0.9909532313614139,1.0902644840578926
NAR031820004,NAR,NGA_1,NGA,1,R,R-NAR031820004,4,4,1.0902644840578926,1.0902644840578926
NAR031820004,NAR,NGA_2,NGA,2,R,R-NAR031820004,4,1,0.7689810894141598,1.1625155103016573
NAR031820004,NAR,NGA_2,NGA,2,R,R-NAR031820004,4,2,0.9327226455066246,1.1625155103016573
NAR031820004,NAR,NGA_2,NGA,2,R,R-NAR031820004,4,3,1.0537744529560655,1.1625155103016573
NAR031820004,NAR,NGA_2,NGA,2,R,R-NAR031820004,4,4,1.1625155103016573,1.1625155103016573
NAR031820005,NAR,CJF_1,CJF,1,R,R-NAR031820005,5,1,0.6018160814301652,1.063614394381543
NAR031820005,NAR,CJF_1,CJF,1,R,R-NAR031820005,5,2,0.7479378912462098,1.063614394381543
NAR031820005,NAR,CJF_1,CJF,1,R,R-NAR031820005,5,3,0.8625419290166867,1.063614394381543
NAR031820005,NAR,CJF_1,CJF,1,R,R-NAR031820005,5,4,0.9711226753109294,1.063614394381543
NAR031820005,NAR,CJF_1,CJF,1,R,R-NAR031820005,5,5,1.063614394381543,1.063614394381543
NAR031820005,NAR,CJF_2,CJF,2,R,R-NAR031820005,5,1,0.6050573746021043,1.0755922960289168
NAR031820005,NAR,CJF_2,CJF,2,R,R-NAR031820005,5,2,0.7710990464584749,1.0755922960289168
NAR031820005,NAR,CJF_2,CJF,2,R,R-NAR031820005,5,3,0.8690017431115622,1.0755922960289168
NAR031820005,NAR,CJF_2,CJF,2,R,R-NAR031820005,5,4,0.9830821791814195,1.0755922960289168
NAR031820005,NAR,CJF_2,CJF,2,R,R-NAR031820005,5,5,1.0755922960289168,1.0755922960289168
NAR031820005,NAR,CJF_3,CJF,3,R,R-NAR031820005,6,1,0.3760221958693476,1.0542706213254596
NAR031820005,NAR,CJF_3,CJF,3,R,R-NAR031820005,6,2,0.6158995004092052,1.0542706213254596
NAR031820005,NAR,CJF_3,CJF,3,R,R-NAR031820005,6,3,0.744616298164682,1.0542706213254596
NAR031820005,NAR,CJF_3,CJF,3,R,R-NAR031820005,6,4,0.8483487113750494,1.0542706213254596
NAR031820005,NAR,CJF_3,CJF,3,R,R-NAR031820005,6,5,0.9619852493507686,1.0542706213254596
NAR031820005,NAR,CJF_3,CJF,3,R,R-NAR031820005,6,6,1.0542706213254596,1.0542706213254596
NAR031820005,NAR,JRS_1,JRS,1,R,R-NAR031820005,0,NA,NA,0.9783443283712127
NAR031820005,NAR,LEL_1,LEL,1,R,R-NAR031820005,0,NA,NA,0.9195607087133038
NAR031820005,NAR,NGA_1,NGA,1,R,R-NAR031820005,5,1,0.7725926848233728,1.2120981154526465
NAR031820005,NAR,NGA_1,NGA,1,R,R-NAR031820005,5,2,0.9312839155978878,1.2120981154526465
NAR031820005,NAR,NGA_1,NGA,1,R,R-NAR031820005,5,3,1.040939132365653,1.2120981154526465
NAR031820005,NAR,NGA_1,NGA,1,R,R-NAR031820005,5,4,1.136609115289726,1.2120981154526465
NAR031820005,NAR,NGA_1,NGA,1,R,R-NAR031820005,5,5,1.2120981154526465,1.2120981154526465
NAR031820005,NAR,NGA_2,NGA,2,R,R-NAR031820005,4,1,0.914021385408649,1.2072393545403788
NAR031820005,NAR,NGA_2,NGA,2,R,R-NAR031820005,4,2,1.0267040438378003,1.2072393545403788
NAR031820005,NAR,NGA_2,NGA,2,R,R-NAR031820005,4,3,1.1195602888370175,1.2072393545403788
NAR031820005,NAR,NGA_2,NGA,2,R,R-NAR031820005,4,4,1.2072393545403788,1.2072393545403788
NAR031820006,NAR,CJF_1,CJF,1,R,R-NAR031820006,4,1,0.45239846134835143,0.920296350273794
NAR031820006,NAR,CJF_1,CJF,1,R,R-NAR031820006,4,2,0.6760719286414394,0.920296350273794
NAR031820006,NAR,CJF_1,CJF,1,R,R-NAR031820006,4,3,0.8004957183118583,0.920296350273794
NAR031820006,NAR,CJF_1,CJF,1,R,R-NAR031820006,4,4,0.920296350273794,0.920296350273794
NAR031820006,NAR,CJF_2,CJF,2,R,R-NAR031820006,4,1,0.40190610013474504,0.8768738829504529
NAR031820006,NAR,CJF_2,CJF,2,R,R-NAR031820006,4,2,0.6283710879624254,0.8768738829504529
NAR031820006,NAR,CJF_2,CJF,2,R,R-NAR031820006,4,3,0.7946792775708402,0.8768738829504529
NAR031820006,NAR,CJF_2,CJF,2,R,R-NAR031820006,4,4,0.8768738829504529,0.8768738829504529
NAR031820006,NAR,CJF_3,CJF,3,R,R-NAR031820006,4,1,0.4333295954618741,0.9228279368709936
NAR031820006,NAR,CJF_3,CJF,3,R,R-NAR031820006,4,2,0.6435133840450515,0.9228279368709936
NAR031820006,NAR,CJF_3,CJF,3,R,R-NAR031820006,4,3,0.7831706604580224,0.9228279368709936
NAR031820006,NAR,CJF_3,CJF,3,R,R-NAR031820006,4,4,0.9228279368709936,0.9228279368709936
NAR031820006,NAR,JRS_1,JRS,1,R,R-NAR031820006,3,1,0.4289525824095522,0.9080054830636761
NAR031820006,NAR,JRS_1,JRS,1,R,R-NAR031820006,3,2,0.6493204843371849,0.9080054830636761
NAR031820006,NAR,JRS_1,JRS,1,R,R-NAR031820006,3,3,0.7780332844872879,0.9080054830636761
NAR031820006,NAR,LEL_1,LEL,1,R,R-NAR031820006,3,1,0.4706437563689287,0.8908013176025298
NAR031820006,NAR,LEL_1,LEL,1,R,R-NAR031820006,3,2,0.6198303595896262,0.8908013176025298
NAR031820006,NAR,LEL_1,LEL,1,R,R-NAR031820006,3,3,0.7916854902844386,0.8908013176025298
NAR031820008,NAR,CJF_1,CJF,1,R,R-NAR031820008,7,1,0.3897255990722053,1.2055022022661368
NAR031820008,NAR,CJF_1,CJF,1,R,R-NAR031820008,7,2,0.5747948828289275,1.2055022022661368
NAR031820008,NAR,CJF_1,CJF,1,R,R-NAR031820008,7,3,0.7463311463270319,1.2055022022661368
NAR031820008,NAR,CJF_1,CJF,1,R,R-NAR031820008,7,4,0.8835601571255148,1.2055022022661368
NAR031820008,NAR,CJF_1,CJF,1,R,R-NAR031820008,7,5,1.0185336645475613,1.2055022022661368
NAR031820008,NAR,CJF_1,CJF,1,R,R-NAR031820008,7,6,1.1124334091406787,1.2055022022661368
NAR031820008,NAR,CJF_1,CJF,1,R,R-NAR031820008,7,7,1.2055022022661368,1.2055022022661368
NAR031820008,NAR,CJF_2,CJF,2,R,R-NAR031820008,7,1,0.38850640153103283,1.219309587607957
NAR031820008,NAR,CJF_2,CJF,2,R,R-NAR031820008,7,2,0.5911060163868977,1.219309587607957
NAR031820008,NAR,CJF_2,CJF,2,R,R-NAR031820008,7,3,0.761953165111871,1.219309587607957
NAR031820008,NAR,CJF_2,CJF,2,R,R-NAR031820008,7,4,0.8904636923289851,1.219309587607957
NAR031820008,NAR,CJF_2,CJF,2,R,R-NAR031820008,7,5,1.0303219590235304,1.219309587607957
NAR031820008,NAR,CJF_2,CJF,2,R,R-NAR031820008,7,6,1.1293442669037594,1.219309587607957
NAR031820008,NAR,CJF_2,CJF,2,R,R-NAR031820008,7,7,1.219309587607957,1.219309587607957
NAR031820008,NAR,CJF_3,CJF,3,R,R-NAR031820008,7,1,0.37027484127218413,1.2077596927699823
NAR031820008,NAR,CJF_3,CJF,3,R,R-NAR031820008,7,2,0.5927723181631008,1.2077596927699823
NAR031820008,NAR,CJF_3,CJF,3,R,R-NAR031820008,7,3,0.7614129399894721,1.2077596927699823
NAR031820008,NAR,CJF_3,CJF,3,R,R-NAR031820008,7,4,0.895722505523228,1.2077596927699823
NAR031820008,NAR,CJF_3,CJF,3,R,R-NAR031820008,7,5,1.0192607000440752,1.2077596927699823
NAR031820008,NAR,CJF_3,CJF,3,R,R-NAR031820008,7,6,1.1168753535782188,1.2077596927699823
NAR031820008,NAR,CJF_3,CJF,3,R,R-NAR031820008,7,7,1.2077596927699823,1.2077596927699823
NAR031820008,NAR,JRS_1,JRS,1,R,R-NAR031820008,1,1,0.21346208977113978,0.5354377445759023
NAR031820008,NAR,LEL_1,LEL,1,R,R-NAR031820008,2,1,0.303600023520716,0.7476034960211052
NAR031820008,NAR,LEL_1,LEL,1,R,R-NAR031820008,2,2,0.5940617707310732,0.7476034960211052
NAR031820008,NAR,NGA_1,NGA,1,R,R-NAR031820008,7,1,0.4835370424358734,1.2908758984186437
NAR031820008,NAR,NGA_1,NGA,1,R,R-NAR031820008,7,2,0.6804720897967558,1.2908758984186437
NAR031820008,NAR,NGA_1,NGA,1,R,R-NAR031820008,7,3,0.8532551687820601,1.2908758984186437
NAR031820008,NAR,NGA_1,NGA,1,R,R-NAR031820008,7,4,1.002108225459181,1.2908758984186437
NAR031820008,NAR,NGA_1,NGA,1,R,R-NAR031820008,7,5,1.1235339055392675,1.2908758984186437
NAR031820008,NAR,NGA_1,NGA,1,R,R-NAR031820008,7,6,1.1883830466756051,1.2908758984186437
NAR031820008,NAR,NGA_1,NGA,1,R,R-NAR031820008,7,7,1.2908758984186437,1.2908758984186437
NAR031820008,NAR,NGA_2,NGA,2,R,R-NAR031820008,7,1,0.539644510925468,1.301995113278172
NAR031820008,NAR,NGA_2,NGA,2,R,R-NAR031820008,7,2,0.7566833188574467,1.301995113278172
NAR031820008,NAR,NGA_2,NGA,2,R,R-NAR031820008,7,3,0.9232009914176527,1.301995113278172
NAR031820008,NAR,NGA_2,NGA,2,R,R-NAR031820008,7,4,1.0458886041217856,1.301995113278172
NAR031820008,NAR,NGA_2,NGA,2,R,R-NAR031820008,7,5,1.1471136493296792,1.301995113278172
NAR031820008,NAR,NGA_2,NGA,2,R,R-NAR031820008,7,6,1.2206055603036803,1.301995113278172
NAR031820008,NAR,NGA_2,NGA,2,R,R-NAR031820008,7,7,1.301995113278172,1.301995113278172
NAR031820009,NAR,CJF_1,CJF,1,R,R-NAR031820009,11,1,0.34560758074543346,1.3067918413274238
NAR031820009,NAR,CJF_1,CJF,1,R,R-NAR031820009,11,2,0.5544469230729604,1.3067918413274238
NAR031820009,NAR,CJF_1,CJF,1,R,R-NAR031820009,11,3,0.7014432196336348,1.3067918413274238
NAR031820009,NAR,CJF_1,CJF,1,R,R-NAR031820009,11,4,0.7913535440877421,1.3067918413274238
NAR031820009,NAR,CJF_1,CJF,1,R,R-NAR031820009,11,5,0.8760310097881684,1.3067918413274238
NAR031820009,NAR,CJF_1,CJF,1,R,R-NAR031820009,11,6,0.9376362407356899,1.3067918413274238
NAR031820009,NAR,CJF_1,CJF,1,R,R-NAR031820009,11,7,1.0104207891033006,1.3067918413274238
NAR031820009,NAR,CJF_1,CJF,1,R,R-NAR031820009,11,8,1.1038989576663054,1.3067918413274238
NAR031820009,NAR,CJF_1,CJF,1,R,R-NAR031820009,11,9,1.1662177885265534,1.3067918413274238
NAR031820009,NAR,CJF_1,CJF,1,R,R-NAR031820009,11,10,1.2461380251119594,1.3067918413274238
NAR031820009,NAR,CJF_1,CJF,1,R,R-NAR031820009,11,11,1.3067918413274238,1.3067918413274238
NAR031820009,NAR,CJF_2,CJF,2,R,R-NAR031820009,11,1,0.368691695041795,1.343322693521218
NAR031820009,NAR,CJF_2,CJF,2,R,R-NAR031820009,11,2,0.5770039097166775,1.343322693521218
NAR031820009,NAR,CJF_2,CJF,2,R,R-NAR031820009,11,3,0.7411170592705871,1.343322693521218
NAR031820009,NAR,CJF_2,CJF,2,R,R-NAR031820009,11,4,0.8278680463392452,1.343322693521218
NAR031820009,NAR,CJF_2,CJF,2,R,R-NAR031820009,11,5,0.9025398026443533,1.343322693521218
NAR031820009,NAR,CJF_2,CJF,2,R,R-NAR031820009,11,6,0.973697581182674,1.343322693521218
NAR031820009,NAR,CJF_2,CJF,2,R,R-NAR031820009,11,7,1.0647861176047642,1.343322693521218
NAR031820009,NAR,CJF_2,CJF,2,R,R-NAR031820009,11,8,1.1412148627932668,1.343322693521218
NAR031820009,NAR,CJF_2,CJF,2,R,R-NAR031820009,11,9,1.2339505423886463,1.343322693521218
NAR031820009,NAR,CJF_2,CJF,2,R,R-NAR031820009,11,10,1.2964332222201007,1.343322693521218
NAR031820009,NAR,CJF_2,CJF,2,R,R-NAR031820009,11,11,1.343322693521218,1.343322693521218
NAR031820009,NAR,CJF_3,CJF,3,R,R-NAR031820009,11,1,0.34409454677630985,1.3241194015635118
NAR031820009,NAR,CJF_3,CJF,3,R,R-NAR031820009,11,2,0.5794970516906974,1.3241194015635118
NAR031820009,NAR,CJF_3,CJF,3,R,R-NAR031820009,11,3,0.7071057537581154,1.3241194015635118
NAR031820009,NAR,CJF_3,CJF,3,R,R-NAR031820009,11,4,0.8104083615303255,1.3241194015635118
NAR031820009,NAR,CJF_3,CJF,3,R,R-NAR031820009,11,5,0.8927330406447694,1.3241194015635118
NAR031820009,NAR,CJF_3,CJF,3,R,R-NAR031820009,11,6,0.9636973368611306,1.3241194015635118
NAR031820009,NAR,CJF_3,CJF,3,R,R-NAR031820009,11,7,1.0330763045784503,1.3241194015635118
NAR031820009,NAR,CJF_3,CJF,3,R,R-NAR031820009,11,8,1.1237499252498286,1.3241194015635118
NAR031820009,NAR,CJF_3,CJF,3,R,R-NAR031820009,11,9,1.2034854620848476,1.3241194015635118
NAR031820009,NAR,CJF_3,CJF,3,R,R-NAR031820009,11,10,1.259918718405042,1.3241194015635118
NAR031820009,NAR,CJF_3,CJF,3,R,R-NAR031820009,11,11,1.3241194015635118,1.3241194015635118
NAR031820009,NAR,JRS_1,JRS,1,R,R-NAR031820009,11,1,0.19132749754869918,0.8507078244531823
NAR031820009,NAR,JRS_1,JRS,1,R,R-NAR031820009,11,2,0.26849269905919887,0.8507078244531823
NAR031820009,NAR,JRS_1,JRS,1,R,R-NAR031820009,11,3,0.34972446410578734,0.8507078244531823
NAR031820009,NAR,JRS_1,JRS,1,R,R-NAR031820009,11,4,0.4068553649627319,0.8507078244531823
NAR031820009,NAR,JRS_1,JRS,1,R,R-NAR031820009,11,5,0.49641926843291007,0.8507078244531823
NAR031820009,NAR,JRS_1,JRS,1,R,R-NAR031820009,11,6,0.5452180308662748,0.8507078244531823
NAR031820009,NAR,JRS_1,JRS,1,R,R-NAR031820009,11,7,0.5859831719030884,0.8507078244531823
NAR031820009,NAR,JRS_1,JRS,1,R,R-NAR031820009,11,8,0.6511476941565841,0.8507078244531823
NAR031820009,NAR,JRS_1,JRS,1,R,R-NAR031820009,11,9,0.7000459622656151,0.8507078244531823
NAR031820009,NAR,JRS_1,JRS,1,R,R-NAR031820009,11,10,0.7566793347441888,0.8507078244531823
NAR031820009,NAR,JRS_1,JRS,1,R,R-NAR031820009,11,11,0.8017100506684733,0.8507078244531823
NAR031820009,NAR,LEL_1,LEL,1,R,R-NAR031820009,9,1,0.5714149519666409,1.4587671373919282
NAR031820009,NAR,LEL_1,LEL,1,R,R-NAR031820009,9,2,0.7094219709558902,1.4587671373919282
NAR031820009,NAR,LEL_1,LEL,1,R,R-NAR031820009,9,3,0.8491541801876247,1.4587671373919282
NAR031820009,NAR,LEL_1,LEL,1,R,R-NAR031820009,9,4,0.9305618480534917,1.4587671373919282
NAR031820009,NAR,LEL_1,LEL,1,R,R-NAR031820009,9,5,1.0110659424638864,1.4587671373919282
NAR031820009,NAR,LEL_1,LEL,1,R,R-NAR031820009,9,6,1.0548503268225164,1.4587671373919282
NAR031820009,NAR,LEL_1,LEL,1,R,R-NAR031820009,9,7,1.144637050844229,1.4587671373919282
NAR031820009,NAR,LEL_1,LEL,1,R,R-NAR031820009,9,8,1.2547961809995227,1.4587671373919282
NAR031820009,NAR,LEL_1,LEL,1,R,R-NAR031820009,9,9,1.329139174558525,1.4587671373919282
NAR031820010,NAR,CJF_1,CJF,1,R,R-NAR031820010,12,1,0.6046459734323196,1.5710485739133455
NAR031820010,NAR,CJF_1,CJF,1,R,R-NAR031820010,12,2,0.7400791727771492,1.5710485739133455
NAR031820010,NAR,CJF_1,CJF,1,R,R-NAR031820010,12,3,0.9241376109004769,1.5710485739133455
NAR031820010,NAR,CJF_1,CJF,1,R,R-NAR031820010,12,4,1.0636530780380218,1.5710485739133455
NAR031820010,NAR,CJF_1,CJF,1,R,R-NAR031820010,12,5,1.1581518791720327,1.5710485739133455
NAR031820010,NAR,CJF_1,CJF,1,R,R-NAR031820010,12,6,1.2303791948131535,1.5710485739133455
NAR031820010,NAR,CJF_1,CJF,1,R,R-NAR031820010,12,7,1.2785307385739006,1.5710485739133455
NAR031820010,NAR,CJF_1,CJF,1,R,R-NAR031820010,12,8,1.350994901723896,1.5710485739133455
NAR031820010,NAR,CJF_1,CJF,1,R,R-NAR031820010,12,9,1.4094984687917849,1.5710485739133455
NAR031820010,NAR,CJF_1,CJF,1,R,R-NAR031820010,12,10,1.462826024206103,1.5710485739133455
NAR031820010,NAR,CJF_1,CJF,1,R,R-NAR031820010,12,11,1.5332490534597407,1.5710485739133455
NAR031820010,NAR,CJF_1,CJF,1,R,R-NAR031820010,12,12,1.5710485739133455,1.5710485739133455
NAR031820010,NAR,CJF_2,CJF,2,R,R-NAR031820010,11,1,0.44974485858754043,1.4188360866218261
NAR031820010,NAR,CJF_2,CJF,2,R,R-NAR031820010,11,2,0.6329758242760807,1.4188360866218261
NAR031820010,NAR,CJF_2,CJF,2,R,R-NAR031820010,11,3,0.8328633754067131,1.4188360866218261
NAR031820010,NAR,CJF_2,CJF,2,R,R-NAR031820010,11,4,0.9268696015286509,1.4188360866218261
NAR031820010,NAR,CJF_2,CJF,2,R,R-NAR031820010,11,5,1.0057854442554939,1.4188360866218261
NAR031820010,NAR,CJF_2,CJF,2,R,R-NAR031820010,11,6,1.0627659324988483,1.4188360866218261
NAR031820010,NAR,CJF_2,CJF,2,R,R-NAR031820010,11,7,1.131704400043305,1.4188360866218261
NAR031820010,NAR,CJF_2,CJF,2,R,R-NAR031820010,11,8,1.197096061422049,1.4188360866218261
NAR031820010,NAR,CJF_2,CJF,2,R,R-NAR031820010,11,9,1.262570603215138,1.4188360866218261
NAR031820010,NAR,CJF_2,CJF,2,R,R-NAR031820010,11,10,1.3297771078839098,1.4188360866218261
NAR031820010,NAR,CJF_2,CJF,2,R,R-NAR031820010,11,11,1.4188360866218261,1.4188360866218261
NAR031820010,NAR,CJF_3,CJF,3,R,R-NAR031820010,12,1,0.5237555454086583,1.4548198586734764
NAR031820010,NAR,CJF_3,CJF,3,R,R-NAR031820010,12,2,0.7154797446430241,1.4548198586734764
NAR031820010,NAR,CJF_3,CJF,3,R,R-NAR031820010,12,3,0.8173740641153873,1.4548198586734764
NAR031820010,NAR,CJF_3,CJF,3,R,R-NAR031820010,12,4,0.9085822080789251,1.4548198586734764
NAR031820010,NAR,CJF_3,CJF,3,R,R-NAR031820010,12,5,0.9901782166668024,1.4548198586734764
NAR031820010,NAR,CJF_3,CJF,3,R,R-NAR031820010,12,6,1.056416237074671,1.4548198586734764
NAR031820010,NAR,CJF_3,CJF,3,R,R-NAR031820010,12,7,1.0986596330784664,1.4548198586734764
NAR031820010,NAR,CJF_3,CJF,3,R,R-NAR031820010,12,8,1.176693583163402,1.4548198586734764
NAR031820010,NAR,CJF_3,CJF,3,R,R-NAR031820010,12,9,1.2445783778060957,1.4548198586734764
NAR031820010,NAR,CJF_3,CJF,3,R,R-NAR031820010,12,10,1.3106821431973181,1.4548198586734764
NAR031820010,NAR,CJF_3,CJF,3,R,R-NAR031820010,12,11,1.375273389370361,1.4548198586734764
NAR031820010,NAR,CJF_3,CJF,3,R,R-NAR031820010,12,12,1.4548198586734764,1.4548198586734764
NAR031820010,NAR,JRS_1,JRS,1,R,R-NAR031820010,13,1,0.25382186656839556,1.1507745231651867
NAR031820010,NAR,JRS_1,JRS,1,R,R-NAR031820010,13,2,0.40209691921755836,1.1507745231651867
NAR031820010,NAR,JRS_1,JRS,1,R,R-NAR031820010,13,3,0.5201269702801432,1.1507745231651867
NAR031820010,NAR,JRS_1,JRS,1,R,R-NAR031820010,13,4,0.5859931316115234,1.1507745231651867
NAR031820010,NAR,JRS_1,JRS,1,R,R-NAR031820010,13,5,0.6393760557995551,1.1507745231651867
NAR031820010,NAR,JRS_1,JRS,1,R,R-NAR031820010,13,6,0.7255396813461773,1.1507745231651867
NAR031820010,NAR,JRS_1,JRS,1,R,R-NAR031820010,13,7,0.7708036198481113,1.1507745231651867
NAR031820010,NAR,JRS_1,JRS,1,R,R-NAR031820010,13,8,0.8192127753504738,1.1507745231651867
NAR031820010,NAR,JRS_1,JRS,1,R,R-NAR031820010,13,9,0.8644767138524128,1.1507745231651867
NAR031820010,NAR,JRS_1,JRS,1,R,R-NAR031820010,13,10,0.9062906767397163,1.1507745231651867
NAR031820010,NAR,JRS_1,JRS,1,R,R-NAR031820010,13,11,0.9674878279996341,1.1507745231651867
NAR031820010,NAR,JRS_1,JRS,1,R,R-NAR031820010,13,12,1.0240159691880943,1.1507745231651867
NAR031820010,NAR,JRS_1,JRS,1,R,R-NAR031820010,13,13,1.0770941347619143,1.1507745231651867
NAR031820010,NAR,LEL_1,LEL,1,R,R-NAR031820010,12,1,0.5628310719230625,1.3080920142478376
NAR031820010,NAR,LEL_1,LEL,1,R,R-NAR031820010,12,2,0.6609359877467705,1.3080920142478376
NAR031820010,NAR,LEL_1,LEL,1,R,R-NAR031820010,12,3,0.730443279968859,1.3080920142478376
NAR031820010,NAR,LEL_1,LEL,1,R,R-NAR031820010,12,4,0.783371410362829,1.3080920142478376
NAR031820010,NAR,LEL_1,LEL,1,R,R-NAR031820010,12,5,0.8406645186478475,1.3080920142478376
NAR031820010,NAR,LEL_1,LEL,1,R,R-NAR031820010,12,6,0.9061004162242561,1.3080920142478376
NAR031820010,NAR,LEL_1,LEL,1,R,R-NAR031820010,12,7,0.9469122237629356,1.3080920142478376
NAR031820010,NAR,LEL_1,LEL,1,R,R-NAR031820010,12,8,0.9919911481108942,1.3080920142478376
NAR031820010,NAR,LEL_1,LEL,1,R,R-NAR031820010,12,9,1.0408478838591642,1.3080920142478376
NAR031820010,NAR,LEL_1,LEL,1,R,R-NAR031820010,12,10,1.0939717364167132,1.3080920142478376
NAR031820010,NAR,LEL_1,LEL,1,R,R-NAR031820010,12,11,1.1464105614017253,1.3080920142478376
NAR031820010,NAR,LEL_1,LEL,1,R,R-NAR031820010,12,12,1.2189127763698289,1.3080920142478376
NAR031820010,NAR,NGA_1,NGA,1,R,R-NAR031820010,9,1,1.019158257451966,1.5453315359418482
NAR031820010,NAR,NGA_1,NGA,1,R,R-NAR031820010,9,2,1.1083154150409453,1.5453315359418482
NAR031820010,NAR,NGA_1,NGA,1,R,R-NAR031820010,9,3,1.1798958845937535,1.5453315359418482
NAR031820010,NAR,NGA_1,NGA,1,R,R-NAR031820010,9,4,1.2292781538848927,1.5453315359418482
NAR031820010,NAR,NGA_1,NGA,1,R,R-NAR031820010,9,5,1.323639181971081,1.5453315359418482
NAR031820010,NAR,NGA_1,NGA,1,R,R-NAR031820010,9,6,1.3762602452148878,1.5453315359418482
NAR031820010,NAR,NGA_1,NGA,1,R,R-NAR031820010,9,7,1.4289903093233993,1.5453315359418482
NAR031820010,NAR,NGA_1,NGA,1,R,R-NAR031820010,9,8,1.4972229840588358,1.5453315359418482
NAR031820010,NAR,NGA_1,NGA,1,R,R-NAR031820010,9,9,1.5453315359418482,1.5453315359418482
NAR031820010,NAR,NGA_2,NGA,2,R,R-NAR031820010,8,1,1.1556704000052116,1.574277191628784
NAR031820010,NAR,NGA_2,NGA,2,R,R-NAR031820010,8,2,1.2606876417289876,1.574277191628784
NAR031820010,NAR,NGA_2,NGA,2,R,R-NAR031820010,8,3,1.3000666133578418,1.574277191628784
NAR031820010,NAR,NGA_2,NGA,2,R,R-NAR031820010,8,4,1.343905583595069,1.574277191628784
NAR031820010,NAR,NGA_2,NGA,2,R,R-NAR031820010,8,5,1.405731493853354,1.574277191628784
NAR031820010,NAR,NGA_2,NGA,2,R,R-NAR031820010,8,6,1.4679646723615354,1.574277191628784
NAR031820010,NAR,NGA_2,NGA,2,R,R-NAR031820010,8,7,1.5220923901527645,1.574277191628784
NAR031820010,NAR,NGA_2,NGA,2,R,R-NAR031820010,8,8,1.574277191628784,1.574277191628784
NAR031820011,NAR,CJF_1,CJF,1,R,R-NAR031820011,6,1,0.5179934681155878,1.1836227089199263
NAR031820011,NAR,CJF_1,CJF,1,R,R-NAR031820011,6,2,0.6941595102813105,1.1836227089199263
NAR031820011,NAR,CJF_1,CJF,1,R,R-NAR031820011,6,3,0.8471035094430865,1.1836227089199263
NAR031820011,NAR,CJF_1,CJF,1,R,R-NAR031820011,6,4,1.0095575984305194,1.1836227089199263
NAR031820011,NAR,CJF_1,CJF,1,R,R-NAR031820011,6,5,1.1177112650028538,1.1836227089199263
NAR031820011,NAR,CJF_1,CJF,1,R,R-NAR031820011,6,6,1.1836227089199263,1.1836227089199263
NAR031820011,NAR,CJF_2,CJF,2,R,R-NAR031820011,6,1,0.46407089811316854,1.2144258959010814
NAR031820011,NAR,CJF_2,CJF,2,R,R-NAR031820011,6,1,0.42790023233140995,1.1567469810322415
NAR031820011,NAR,CJF_2,CJF,2,R,R-NAR031820011,6,2,0.6938346998744268,1.2144258959010814
NAR031820011,NAR,CJF_2,CJF,2,R,R-NAR031820011,6,2,0.6715419649425338,1.1567469810322415
NAR031820011,NAR,CJF_2,CJF,2,R,R-NAR031820011,6,3,0.9090881725378832,1.2144258959010814
NAR031820011,NAR,CJF_2,CJF,2,R,R-NAR031820011,6,3,0.8225353327023701,1.1567469810322415
NAR031820011,NAR,CJF_2,CJF,2,R,R-NAR031820011,6,4,1.026892174286968,1.2144258959010814
NAR031820011,NAR,CJF_2,CJF,2,R,R-NAR031820011,6,4,0.9605339177559177,1.1567469810322415
NAR031820011,NAR,CJF_2,CJF,2,R,R-NAR031820011,6,5,1.1331479265023685,1.2144258959010814
NAR031820011,NAR,CJF_2,CJF,2,R,R-NAR031820011,6,5,1.0803406026878448,1.1567469810322415
NAR031820011,NAR,CJF_2,CJF,2,R,R-NAR031820011,6,6,1.2144258959010814,1.2144258959010814
NAR031820011,NAR,CJF_2,CJF,2,R,R-NAR031820011,6,6,1.1567469810322415,1.1567469810322415
NAR031820011,NAR,CJF_3,CJF,3,R,R-NAR031820011,6,1,0.38796128230717974,1.1453265274475384
NAR031820011,NAR,CJF_3,CJF,3,R,R-NAR031820011,6,2,0.6554715337979932,1.1453265274475384
NAR031820011,NAR,CJF_3,CJF,3,R,R-NAR031820011,6,3,0.8149356426816214,1.1453265274475384
NAR031820011,NAR,CJF_3,CJF,3,R,R-NAR031820011,6,4,0.9520025393620681,1.1453265274475384
NAR031820011,NAR,CJF_3,CJF,3,R,R-NAR031820011,6,5,1.0560517523716533,1.1453265274475384
NAR031820011,NAR,CJF_3,CJF,3,R,R-NAR031820011,6,6,1.1453265274475384,1.1453265274475384
NAR031820011,NAR,JRS_1,JRS,1,R,R-NAR031820011,6,1,0.41753011924628214,1.183566037575115
NAR031820011,NAR,JRS_1,JRS,1,R,R-NAR031820011,6,2,0.5334112348882568,1.183566037575115
NAR031820011,NAR,JRS_1,JRS,1,R,R-NAR031820011,6,3,0.6059806741905955,1.183566037575115
NAR031820011,NAR,JRS_1,JRS,1,R,R-NAR031820011,6,4,0.8465267953996168,1.183566037575115
NAR031820011,NAR,JRS_1,JRS,1,R,R-NAR031820011,6,5,1.0080194597988996,1.183566037575115
NAR031820011,NAR,JRS_1,JRS,1,R,R-NAR031820011,6,6,1.0929819660116207,1.183566037575115
NAR031820011,NAR,LEL_1,LEL,1,R,R-NAR031820011,5,1,0.5311036488764211,1.1917243405950746
NAR031820011,NAR,LEL_1,LEL,1,R,R-NAR031820011,5,2,0.6966605417556062,1.1917243405950746
NAR031820011,NAR,LEL_1,LEL,1,R,R-NAR031820011,5,3,0.8624785268439428,1.1917243405950746
NAR031820011,NAR,LEL_1,LEL,1,R,R-NAR031820011,5,4,0.9941246339025652,1.1917243405950746
NAR031820011,NAR,LEL_1,LEL,1,R,R-NAR031820011,5,5,1.094636206211203,1.1917243405950746
NAR031820011,NAR,NGA_1,NGA,1,R,R-NAR031820011,6,1,0.5897927246247038,1.2620563178371298
NAR031820011,NAR,NGA_1,NGA,1,R,R-NAR031820011,6,2,0.7628741748112742,1.2620563178371298
NAR031820011,NAR,NGA_1,NGA,1,R,R-NAR031820011,6,3,0.9183153855051749,1.2620563178371298
NAR031820011,NAR,NGA_1,NGA,1,R,R-NAR031820011,6,4,1.0744057786537504,1.2620563178371298
NAR031820011,NAR,NGA_1,NGA,1,R,R-NAR031820011,6,5,1.1707965537836065,1.2620563178371298
NAR031820011,NAR,NGA_1,NGA,1,R,R-NAR031820011,6,6,1.2620563178371298,1.2620563178371298
NAR031820011,NAR,NGA_2,NGA,2,R,R-NAR031820011,5,1,0.7090915519970943,1.2205975569563214
NAR031820011,NAR,NGA_2,NGA,2,R,R-NAR031820011,5,2,0.8905100950434552,1.2205975569563214
NAR031820011,NAR,NGA_2,NGA,2,R,R-NAR031820011,5,3,1.0290406893664283,1.2205975569563214
NAR031820011,NAR,NGA_2,NGA,2,R,R-NAR031820011,5,4,1.1197259542552553,1.2205975569563214
NAR031820011,NAR,NGA_2,NGA,2,R,R-NAR031820011,5,5,1.2205975569563214,1.2205975569563214
NAR031919001,NAR,CJF_1,CJF,1,R,R-NAR031919001,8,1,0.4323909414584799,1.2229121386854584
NAR031919001,NAR,CJF_1,CJF,1,R,R-NAR031919001,8,2,0.6030690146381937,1.2229121386854584
NAR031919001,NAR,CJF_1,CJF,1,R,R-NAR031919001,8,3,0.7296659917161487,1.2229121386854584
NAR031919001,NAR,CJF_1,CJF,1,R,R-NAR031919001,8,4,0.8422296028622446,1.2229121386854584
NAR031919001,NAR,CJF_1,CJF,1,R,R-NAR031919001,8,5,0.9415855229566702,1.2229121386854584
NAR031919001,NAR,CJF_1,CJF,1,R,R-NAR031919001,8,6,1.0259835076753068,1.2229121386854584
NAR031919001,NAR,CJF_1,CJF,1,R,R-NAR031919001,8,7,1.126329926922824,1.2229121386854584
NAR031919001,NAR,CJF_1,CJF,1,R,R-NAR031919001,8,8,1.2229121386854584,1.2229121386854584
NAR031919001,NAR,CJF_2,CJF,2,R,R-NAR031919001,8,1,0.46582781356552233,1.2672388017881335
NAR031919001,NAR,CJF_2,CJF,2,R,R-NAR031919001,8,2,0.6687432162524839,1.2672388017881335
NAR031919001,NAR,CJF_2,CJF,2,R,R-NAR031919001,8,3,0.7749943365965573,1.2672388017881335
NAR031919001,NAR,CJF_2,CJF,2,R,R-NAR031919001,8,4,0.8990181002287793,1.2672388017881335
NAR031919001,NAR,CJF_2,CJF,2,R,R-NAR031919001,8,5,0.9767877517085279,1.2672388017881335
NAR031919001,NAR,CJF_2,CJF,2,R,R-NAR031919001,8,6,1.0556793907632667,1.2672388017881335
NAR031919001,NAR,CJF_2,CJF,2,R,R-NAR031919001,8,7,1.156984357756434,1.2672388017881335
NAR031919001,NAR,CJF_2,CJF,2,R,R-NAR031919001,8,8,1.2672388017881335,1.2672388017881335
NAR031919001,NAR,CJF_3,CJF,3,R,R-NAR031919001,8,1,0.49578101965345767,1.265501339315458
NAR031919001,NAR,CJF_3,CJF,3,R,R-NAR031919001,8,2,0.6767882620514906,1.265501339315458
NAR031919001,NAR,CJF_3,CJF,3,R,R-NAR031919001,8,3,0.7888354321856224,1.265501339315458
NAR031919001,NAR,CJF_3,CJF,3,R,R-NAR031919001,8,4,0.8926271721577625,1.265501339315458
NAR031919001,NAR,CJF_3,CJF,3,R,R-NAR031919001,8,5,0.9881634819679104,1.265501339315458
NAR031919001,NAR,CJF_3,CJF,3,R,R-NAR031919001,8,6,1.091160916800684,1.265501339315458
NAR031919001,NAR,CJF_3,CJF,3,R,R-NAR031919001,8,7,1.1856815846899273,1.265501339315458
NAR031919001,NAR,CJF_3,CJF,3,R,R-NAR031919001,8,8,1.265501339315458,1.265501339315458
NAR031919001,NAR,JRS_1,JRS,1,R,R-NAR031919001,7,1,0.49743468232616134,1.2537700194053596
NAR031919001,NAR,JRS_1,JRS,1,R,R-NAR031919001,7,2,0.6638579581151259,1.2537700194053596
NAR031919001,NAR,JRS_1,JRS,1,R,R-NAR031919001,7,3,0.7881338730312207,1.2537700194053596
NAR031919001,NAR,JRS_1,JRS,1,R,R-NAR031919001,7,4,0.8876208094964531,1.2537700194053596
NAR031919001,NAR,JRS_1,JRS,1,R,R-NAR031919001,7,5,1.0033830445324348,1.2537700194053596
NAR031919001,NAR,JRS_1,JRS,1,R,R-NAR031919001,7,6,1.093995273167134,1.2537700194053596
NAR031919001,NAR,JRS_1,JRS,1,R,R-NAR031919001,7,7,1.1583444062606554,1.2537700194053596
NAR031919002,NAR,CJF_1,CJF,1,R,R-NAR031919002,12,1,0.3813148646621391,1.453645837139119
NAR031919002,NAR,CJF_1,CJF,1,R,R-NAR031919002,12,2,0.5829754096397004,1.453645837139119
NAR031919002,NAR,CJF_1,CJF,1,R,R-NAR031919002,12,3,0.7450852422368379,1.453645837139119
NAR031919002,NAR,CJF_1,CJF,1,R,R-NAR031919002,12,4,0.8852459975986479,1.453645837139119
NAR031919002,NAR,CJF_1,CJF,1,R,R-NAR031919002,12,5,0.9768349935000917,1.453645837139119
NAR031919002,NAR,CJF_1,CJF,1,R,R-NAR031919002,12,6,1.0666621533423806,1.453645837139119
NAR031919002,NAR,CJF_1,CJF,1,R,R-NAR031919002,12,7,1.125576336927055,1.453645837139119
NAR031919002,NAR,CJF_1,CJF,1,R,R-NAR031919002,12,8,1.1887808145443057,1.453645837139119
NAR031919002,NAR,CJF_1,CJF,1,R,R-NAR031919002,12,9,1.2769032863850955,1.453645837139119
NAR031919002,NAR,CJF_1,CJF,1,R,R-NAR031919002,12,10,1.3426933700334236,1.453645837139119
NAR031919002,NAR,CJF_1,CJF,1,R,R-NAR031919002,12,11,1.3921460475233671,1.453645837139119
NAR031919002,NAR,CJF_1,CJF,1,R,R-NAR031919002,12,12,1.453645837139119,1.453645837139119
NAR031919002,NAR,CJF_2,CJF,2,R,R-NAR031919002,12,1,0.3686927891900145,1.4699300829822006
NAR031919002,NAR,CJF_2,CJF,2,R,R-NAR031919002,12,2,0.6074959142523989,1.4699300829822006
NAR031919002,NAR,CJF_2,CJF,2,R,R-NAR031919002,12,3,0.7574844653358423,1.4699300829822006
NAR031919002,NAR,CJF_2,CJF,2,R,R-NAR031919002,12,4,0.883796177085644,1.4699300829822006
NAR031919002,NAR,CJF_2,CJF,2,R,R-NAR031919002,12,5,1.0028119344538697,1.4699300829822006
NAR031919002,NAR,CJF_2,CJF,2,R,R-NAR031919002,12,6,1.0971334866254718,1.4699300829822006
NAR031919002,NAR,CJF_2,CJF,2,R,R-NAR031919002,12,7,1.156132682378094,1.4699300829822006
NAR031919002,NAR,CJF_2,CJF,2,R,R-NAR031919002,12,8,1.2194814408344787,1.4699300829822006
NAR031919002,NAR,CJF_2,CJF,2,R,R-NAR031919002,12,9,1.2809011734760294,1.4699300829822006
NAR031919002,NAR,CJF_2,CJF,2,R,R-NAR031919002,12,10,1.352703301802889,1.4699300829822006
NAR031919002,NAR,CJF_2,CJF,2,R,R-NAR031919002,12,11,1.4091419110406638,1.4699300829822006
NAR031919002,NAR,CJF_2,CJF,2,R,R-NAR031919002,12,12,1.4699300829822006,1.4699300829822006
NAR031919002,NAR,CJF_3,CJF,3,R,R-NAR031919002,12,1,0.4705159948714503,1.5387027084077112
NAR031919002,NAR,CJF_3,CJF,3,R,R-NAR031919002,12,2,0.6422727352413626,1.5387027084077112
NAR031919002,NAR,CJF_3,CJF,3,R,R-NAR031919002,12,3,0.8304182493252491,1.5387027084077112
NAR031919002,NAR,CJF_3,CJF,3,R,R-NAR031919002,12,4,0.9567904641849269,1.5387027084077112
NAR031919002,NAR,CJF_3,CJF,3,R,R-NAR031919002,12,5,1.06779545906942,1.5387027084077112
NAR031919002,NAR,CJF_3,CJF,3,R,R-NAR031919002,12,6,1.1548910102265857,1.5387027084077112
NAR031919002,NAR,CJF_3,CJF,3,R,R-NAR031919002,12,7,1.215251501245164,1.5387027084077112
NAR031919002,NAR,CJF_3,CJF,3,R,R-NAR031919002,12,8,1.2740469743963787,1.5387027084077112
NAR031919002,NAR,CJF_3,CJF,3,R,R-NAR031919002,12,9,1.3707063030444748,1.5387027084077112
NAR031919002,NAR,CJF_3,CJF,3,R,R-NAR031919002,12,10,1.4165689181649244,1.5387027084077112
NAR031919002,NAR,CJF_3,CJF,3,R,R-NAR031919002,12,11,1.4765381547166618,1.5387027084077112
NAR031919002,NAR,CJF_3,CJF,3,R,R-NAR031919002,12,12,1.5387027084077112,1.5387027084077112
NAR031919002,NAR,JRS_1,JRS,1,R,R-NAR031919002,12,1,0.4142441832941498,1.5048385690628592
NAR031919002,NAR,JRS_1,JRS,1,R,R-NAR031919002,12,2,0.6119207922298958,1.5048385690628592
NAR031919002,NAR,JRS_1,JRS,1,R,R-NAR031919002,12,3,0.6947359475309768,1.5048385690628592
NAR031919002,NAR,JRS_1,JRS,1,R,R-NAR031919002,12,4,0.7747674899705657,1.5048385690628592
NAR031919002,NAR,JRS_1,JRS,1,R,R-NAR031919002,12,5,0.9053994825889037,1.5048385690628592
NAR031919002,NAR,JRS_1,JRS,1,R,R-NAR031919002,12,6,1.0133464561906114,1.5048385690628592
NAR031919002,NAR,JRS_1,JRS,1,R,R-NAR031919002,12,7,1.1093169444026199,1.5048385690628592
NAR031919002,NAR,JRS_1,JRS,1,R,R-NAR031919002,12,8,1.1602542081588625,1.5048385690628592
NAR031919002,NAR,JRS_1,JRS,1,R,R-NAR031919002,12,9,1.236660103793226,1.5048385690628592
NAR031919002,NAR,JRS_1,JRS,1,R,R-NAR031919002,12,10,1.3068251465496195,1.5048385690628592
NAR031919002,NAR,JRS_1,JRS,1,R,R-NAR031919002,12,11,1.3738697628670282,1.5048385690628592
NAR031919002,NAR,JRS_1,JRS,1,R,R-NAR031919002,12,12,1.437625545956704,1.5048385690628592
NAR031919003,NAR,CJF_1,CJF,1,R,R-NAR031919003,6,1,0.49865114293713836,1.0799362261937149
NAR031919003,NAR,CJF_1,CJF,1,R,R-NAR031919003,6,2,0.6934413819765267,1.0799362261937149
NAR031919003,NAR,CJF_1,CJF,1,R,R-NAR031919003,6,3,0.820946472390727,1.0799362261937149
NAR031919003,NAR,CJF_1,CJF,1,R,R-NAR031919003,6,4,0.896962175430488,1.0799362261937149
NAR031919003,NAR,CJF_1,CJF,1,R,R-NAR031919003,6,5,0.9904389872993953,1.0799362261937149
NAR031919003,NAR,CJF_1,CJF,1,R,R-NAR031919003,6,6,1.0799362261937149,1.0799362261937149
NAR031919003,NAR,CJF_2,CJF,2,R,R-NAR031919003,7,1,0.4439672016225833,1.033956912902824
NAR031919003,NAR,CJF_2,CJF,2,R,R-NAR031919003,7,2,0.5808087546624416,1.033956912902824
NAR031919003,NAR,CJF_2,CJF,2,R,R-NAR031919003,7,3,0.684347699159536,1.033956912902824
NAR031919003,NAR,CJF_2,CJF,2,R,R-NAR031919003,7,4,0.7690183653273381,1.033956912902824
NAR031919003,NAR,CJF_2,CJF,2,R,R-NAR031919003,7,5,0.8532526333815706,1.033956912902824
NAR031919003,NAR,CJF_2,CJF,2,R,R-NAR031919003,7,6,0.949652677868469,1.033956912902824
NAR031919003,NAR,CJF_2,CJF,2,R,R-NAR031919003,7,7,1.033956912902824,1.033956912902824
NAR031919003,NAR,CJF_3,CJF,3,R,R-NAR031919003,6,1,0.5479652531212169,1.0934152086142948
NAR031919003,NAR,CJF_3,CJF,3,R,R-NAR031919003,6,2,0.6925854632071449,1.0934152086142948
NAR031919003,NAR,CJF_3,CJF,3,R,R-NAR031919003,6,3,0.8132831829527254,1.0934152086142948
NAR031919003,NAR,CJF_3,CJF,3,R,R-NAR031919003,6,4,0.9077681500843184,1.0934152086142948
NAR031919003,NAR,CJF_3,CJF,3,R,R-NAR031919003,6,5,0.9944422802483456,1.0934152086142948
NAR031919003,NAR,CJF_3,CJF,3,R,R-NAR031919003,6,6,1.0934152086142948,1.0934152086142948
NAR031919003,NAR,JRS_1,JRS,1,R,R-NAR031919003,6,1,0.5711035067989912,1.0942021862726086
NAR031919003,NAR,JRS_1,JRS,1,R,R-NAR031919003,6,2,0.6746473403891343,1.0942021862726086
NAR031919003,NAR,JRS_1,JRS,1,R,R-NAR031919003,6,3,0.7822954142499559,1.0942021862726086
NAR031919003,NAR,JRS_1,JRS,1,R,R-NAR031919003,6,4,0.8772790088330336,1.0942021862726086
NAR031919003,NAR,JRS_1,JRS,1,R,R-NAR031919003,6,5,0.963277273991639,1.0942021862726086
NAR031919003,NAR,JRS_1,JRS,1,R,R-NAR031919003,6,6,1.0255736103126876,1.0942021862726086
NAR031920001,NAR,CJF_1,CJF,1,R,R-NAR031920001,21,1,0.5390237812481645,2.151472088220464
NAR031920001,NAR,CJF_1,CJF,1,R,R-NAR031920001,21,2,0.6812792790909943,2.151472088220464
NAR031920001,NAR,CJF_1,CJF,1,R,R-NAR031920001,21,3,0.8155302944002782,2.151472088220464
NAR031920001,NAR,CJF_1,CJF,1,R,R-NAR031920001,21,4,0.9627978935153942,2.151472088220464
NAR031920001,NAR,CJF_1,CJF,1,R,R-NAR031920001,21,5,1.0322349195561331,2.151472088220464
NAR031920001,NAR,CJF_1,CJF,1,R,R-NAR031920001,21,6,1.080845411507542,2.151472088220464
NAR031920001,NAR,CJF_1,CJF,1,R,R-NAR031920001,21,7,1.1400637027536618,2.151472088220464
NAR031920001,NAR,CJF_1,CJF,1,R,R-NAR031920001,21,8,1.1824948999325071,2.151472088220464
NAR031920001,NAR,CJF_1,CJF,1,R,R-NAR031920001,21,9,1.244705572439886,2.151472088220464
NAR031920001,NAR,CJF_1,CJF,1,R,R-NAR031920001,21,10,1.3197382965030493,2.151472088220464
NAR031920001,NAR,CJF_1,CJF,1,R,R-NAR031920001,21,11,1.3919731715550017,2.151472088220464
NAR031920001,NAR,CJF_1,CJF,1,R,R-NAR031920001,21,12,1.4672004278682116,2.151472088220464
NAR031920001,NAR,CJF_1,CJF,1,R,R-NAR031920001,21,13,1.5314308203866187,2.151472088220464
NAR031920001,NAR,CJF_1,CJF,1,R,R-NAR031920001,21,14,1.61726587599454,2.151472088220464
NAR031920001,NAR,CJF_1,CJF,1,R,R-NAR031920001,21,15,1.7032954638525077,2.151472088220464
NAR031920001,NAR,CJF_1,CJF,1,R,R-NAR031920001,21,16,1.797135001993974,2.151472088220464
NAR031920001,NAR,CJF_1,CJF,1,R,R-NAR031920001,21,17,1.8881766911242284,2.151472088220464
NAR031920001,NAR,CJF_1,CJF,1,R,R-NAR031920001,21,18,1.9686105809597712,2.151472088220464
NAR031920001,NAR,CJF_1,CJF,1,R,R-NAR031920001,21,19,2.0330355057282237,2.151472088220464
NAR031920001,NAR,CJF_1,CJF,1,R,R-NAR031920001,21,20,2.0812569331795405,2.151472088220464
NAR031920001,NAR,CJF_1,CJF,1,R,R-NAR031920001,21,21,2.151472088220464,2.151472088220464
NAR031920001,NAR,CJF_2,CJF,2,R,R-NAR031920001,21,1,0.5176065453965824,2.1552781040642994
NAR031920001,NAR,CJF_2,CJF,2,R,R-NAR031920001,21,2,0.6547187630110511,2.1552781040642994
NAR031920001,NAR,CJF_2,CJF,2,R,R-NAR031920001,21,3,0.7862550906558327,2.1552781040642994
NAR031920001,NAR,CJF_2,CJF,2,R,R-NAR031920001,21,4,0.9313812827687941,2.1552781040642994
NAR031920001,NAR,CJF_2,CJF,2,R,R-NAR031920001,21,5,1.0197099324802334,2.1552781040642994
NAR031920001,NAR,CJF_2,CJF,2,R,R-NAR031920001,21,6,1.0683185701552451,2.1552781040642994
NAR031920001,NAR,CJF_2,CJF,2,R,R-NAR031920001,21,7,1.1327802265992233,2.1552781040642994
NAR031920001,NAR,CJF_2,CJF,2,R,R-NAR031920001,21,8,1.1698872238788258,2.1552781040642994
NAR031920001,NAR,CJF_2,CJF,2,R,R-NAR031920001,21,9,1.2505517595478082,2.1552781040642994
NAR031920001,NAR,CJF_2,CJF,2,R,R-NAR031920001,21,10,1.312575331462981,2.1552781040642994
NAR031920001,NAR,CJF_2,CJF,2,R,R-NAR031920001,21,11,1.4117059006577555,2.1552781040642994
NAR031920001,NAR,CJF_2,CJF,2,R,R-NAR031920001,21,12,1.4683285128312598,2.1552781040642994
NAR031920001,NAR,CJF_2,CJF,2,R,R-NAR031920001,21,13,1.5324403088192018,2.1552781040642994
NAR031920001,NAR,CJF_2,CJF,2,R,R-NAR031920001,21,14,1.6263448485003271,2.1552781040642994
NAR031920001,NAR,CJF_2,CJF,2,R,R-NAR031920001,21,15,1.6962074646859737,2.1552781040642994
NAR031920001,NAR,CJF_2,CJF,2,R,R-NAR031920001,21,16,1.8092777588049636,2.1552781040642994
NAR031920001,NAR,CJF_2,CJF,2,R,R-NAR031920001,21,17,1.8974314782883845,2.1552781040642994
NAR031920001,NAR,CJF_2,CJF,2,R,R-NAR031920001,21,18,1.961543274276327,2.1552781040642994
NAR031920001,NAR,CJF_2,CJF,2,R,R-NAR031920001,21,19,2.03175575091801,2.1552781040642994
NAR031920001,NAR,CJF_2,CJF,2,R,R-NAR031920001,21,20,2.093429462377146,2.1552781040642994
NAR031920001,NAR,CJF_2,CJF,2,R,R-NAR031920001,21,21,2.1552781040642994,2.1552781040642994
NAR031920001,NAR,CJF_3,CJF,3,R,R-NAR031920001,21,1,0.37605982309114727,2.1398614283193007
NAR031920001,NAR,CJF_3,CJF,3,R,R-NAR031920001,21,2,0.5427422832888691,2.1398614283193007
NAR031920001,NAR,CJF_3,CJF,3,R,R-NAR031920001,21,3,0.6801698699031841,2.1398614283193007
NAR031920001,NAR,CJF_3,CJF,3,R,R-NAR031920001,21,4,0.7928312215987113,2.1398614283193007
NAR031920001,NAR,CJF_3,CJF,3,R,R-NAR031920001,21,5,0.9351389349571888,2.1398614283193007
NAR031920001,NAR,CJF_3,CJF,3,R,R-NAR031920001,21,6,1.0186759090958213,2.1398614283193007
NAR031920001,NAR,CJF_3,CJF,3,R,R-NAR031920001,21,7,1.0912781655075003,2.1398614283193007
NAR031920001,NAR,CJF_3,CJF,3,R,R-NAR031920001,21,8,1.1640109179456934,2.1398614283193007
NAR031920001,NAR,CJF_3,CJF,3,R,R-NAR031920001,21,9,1.2231731452450807,2.1398614283193007
NAR031920001,NAR,CJF_3,CJF,3,R,R-NAR031920001,21,10,1.2984112090686133,2.1398614283193007
NAR031920001,NAR,CJF_3,CJF,3,R,R-NAR031920001,21,11,1.3711439615068064,2.1398614283193007
NAR031920001,NAR,CJF_3,CJF,3,R,R-NAR031920001,21,12,1.4301756927796798,2.1398614283193007
NAR031920001,NAR,CJF_3,CJF,3,R,R-NAR031920001,21,13,1.5187232896889902,2.1398614283193007
NAR031920001,NAR,CJF_3,CJF,3,R,R-NAR031920001,21,14,1.5861844273034775,2.1398614283193007
NAR031920001,NAR,CJF_3,CJF,3,R,R-NAR031920001,21,15,1.6722267128274488,2.1398614283193007
NAR031920001,NAR,CJF_3,CJF,3,R,R-NAR031920001,21,16,1.7714480354106845,2.1398614283193007
NAR031920001,NAR,CJF_3,CJF,3,R,R-NAR031920001,21,17,1.85221870611095,2.1398614283193007
NAR031920001,NAR,CJF_3,CJF,3,R,R-NAR031920001,21,18,1.927456769934482,2.1398614283193007
NAR031920001,NAR,CJF_3,CJF,3,R,R-NAR031920001,21,19,1.9867494932603835,2.1398614283193007
NAR031920001,NAR,CJF_3,CJF,3,R,R-NAR031920001,21,20,2.0564549502071823,2.1398614283193007
NAR031920001,NAR,CJF_3,CJF,3,R,R-NAR031920001,21,21,2.1398614283193007,2.1398614283193007
NAR031920001,NAR,JRS_1,JRS,1,R,R-NAR031920001,19,1,0.3886246768028773,2.274374624887067
NAR031920001,NAR,JRS_1,JRS,1,R,R-NAR031920001,19,2,0.5733867240557244,2.274374624887067
NAR031920001,NAR,JRS_1,JRS,1,R,R-NAR031920001,19,3,0.7074492453292425,2.274374624887067
NAR031920001,NAR,JRS_1,JRS,1,R,R-NAR031920001,19,4,0.8443164587618373,2.274374624887067
NAR031920001,NAR,JRS_1,JRS,1,R,R-NAR031920001,19,5,0.9670885223603994,2.274374624887067
NAR031920001,NAR,JRS_1,JRS,1,R,R-NAR031920001,19,6,1.0701560518067748,2.274374624887067
NAR031920001,NAR,JRS_1,JRS,1,R,R-NAR031920001,19,7,1.1405601119382907,2.274374624887067
NAR031920001,NAR,JRS_1,JRS,1,R,R-NAR031920001,19,8,1.2211184150734022,2.274374624887067
NAR031920001,NAR,JRS_1,JRS,1,R,R-NAR031920001,19,9,1.3056176250389508,2.274374624887067
NAR031920001,NAR,JRS_1,JRS,1,R,R-NAR031920001,19,10,1.3906490978208563,2.274374624887067
NAR031920001,NAR,JRS_1,JRS,1,R,R-NAR031920001,19,11,1.4677987569418867,2.274374624887067
NAR031920001,NAR,JRS_1,JRS,1,R,R-NAR031920001,19,12,1.5235754044230139,2.274374624887067
NAR031920001,NAR,JRS_1,JRS,1,R,R-NAR031920001,19,13,1.5928432498831695,2.274374624887067
NAR031920001,NAR,JRS_1,JRS,1,R,R-NAR031920001,19,14,1.6491521601806527,2.274374624887067
NAR031920001,NAR,JRS_1,JRS,1,R,R-NAR031920001,19,15,1.7753328677932958,2.274374624887067
NAR031920001,NAR,JRS_1,JRS,1,R,R-NAR031920001,19,16,1.8417960210943747,2.274374624887067
NAR031920001,NAR,JRS_1,JRS,1,R,R-NAR031920001,19,17,1.9617633925338596,2.274374624887067
NAR031920001,NAR,JRS_1,JRS,1,R,R-NAR031920001,19,18,2.0608900151497975,2.274374624887067
NAR031920001,NAR,JRS_1,JRS,1,R,R-NAR031920001,19,19,2.1662299739388935,2.274374624887067
NAR031920001,NAR,LEL_1,LEL,1,R,R-NAR031920001,18,1,0.5051611053746343,1.5700307387400287
NAR031920001,NAR,LEL_1,LEL,1,R,R-NAR031920001,18,2,0.5894655327009709,1.5700307387400287
NAR031920001,NAR,LEL_1,LEL,1,R,R-NAR031920001,18,3,0.6885607391733735,1.5700307387400287
NAR031920001,NAR,LEL_1,LEL,1,R,R-NAR031920001,18,4,0.7853480986617083,1.5700307387400287
NAR031920001,NAR,LEL_1,LEL,1,R,R-NAR031920001,18,5,0.8546167407593287,1.5700307387400287
NAR031920001,NAR,LEL_1,LEL,1,R,R-NAR031920001,18,6,0.8919959775807529,1.5700307387400287
NAR031920001,NAR,LEL_1,LEL,1,R,R-NAR031920001,18,7,0.9455997029552123,1.5700307387400287
NAR031920001,NAR,LEL_1,LEL,1,R,R-NAR031920001,18,8,1.02154687992238,1.5700307387400287
NAR031920001,NAR,LEL_1,LEL,1,R,R-NAR031920001,18,9,1.0714090489058012,1.5700307387400287
NAR031920001,NAR,LEL_1,LEL,1,R,R-NAR031920001,18,10,1.1140331111898034,1.5700307387400287
NAR031920001,NAR,LEL_1,LEL,1,R,R-NAR031920001,18,11,1.162706576848908,1.5700307387400287
NAR031920001,NAR,LEL_1,LEL,1,R,R-NAR031920001,18,12,1.206519342457227,1.5700307387400287
NAR031920001,NAR,LEL_1,LEL,1,R,R-NAR031920001,18,13,1.2595634960018134,1.5700307387400287
NAR031920001,NAR,LEL_1,LEL,1,R,R-NAR031920001,18,14,1.3265242911153672,1.5700307387400287
NAR031920001,NAR,LEL_1,LEL,1,R,R-NAR031920001,18,15,1.376946031928664,1.5700307387400287
NAR031920001,NAR,LEL_1,LEL,1,R,R-NAR031920001,18,16,1.4070871620506666,1.5700307387400287
NAR031920001,NAR,LEL_1,LEL,1,R,R-NAR031920001,18,17,1.4493966585874458,1.5700307387400287
NAR031920001,NAR,LEL_1,LEL,1,R,R-NAR031920001,18,18,1.49663641483958,1.5700307387400287
NAR031920001,NAR,NGA_1,NGA,1,R,R-NAR031920001,22,1,0.4392675454056732,2.152551959599048
NAR031920001,NAR,NGA_1,NGA,1,R,R-NAR031920001,22,2,0.621549076357372,2.152551959599048
NAR031920001,NAR,NGA_1,NGA,1,R,R-NAR031920001,22,3,0.7637811106711121,2.152551959599048
NAR031920001,NAR,NGA_1,NGA,1,R,R-NAR031920001,22,4,0.8891526854016125,2.152551959599048
NAR031920001,NAR,NGA_1,NGA,1,R,R-NAR031920001,22,5,1.0193660235783273,2.152551959599048
NAR031920001,NAR,NGA_1,NGA,1,R,R-NAR031920001,22,6,1.1008661184010027,2.152551959599048
NAR031920001,NAR,NGA_1,NGA,1,R,R-NAR031920001,22,7,1.1717486186334127,2.152551959599048
NAR031920001,NAR,NGA_1,NGA,1,R,R-NAR031920001,22,8,1.2594915784490623,2.152551959599048
NAR031920001,NAR,NGA_1,NGA,1,R,R-NAR031920001,22,9,1.3303740786814722,2.152551959599048
NAR031920001,NAR,NGA_1,NGA,1,R,R-NAR031920001,22,10,1.4060983423600955,2.152551959599048
NAR031920001,NAR,NGA_1,NGA,1,R,R-NAR031920001,22,11,1.484710521610745,2.152551959599048
NAR031920001,NAR,NGA_1,NGA,1,R,R-NAR031920001,22,12,1.5203852886514104,2.152551959599048
NAR031920001,NAR,NGA_1,NGA,1,R,R-NAR031920001,22,13,1.5970436200278733,2.152551959599048
NAR031920001,NAR,NGA_1,NGA,1,R,R-NAR031920001,22,14,1.6746360191021774,2.152551959599048
NAR031920001,NAR,NGA_1,NGA,1,R,R-NAR031920001,22,15,1.7281910259024273,2.152551959599048
NAR031920001,NAR,NGA_1,NGA,1,R,R-NAR031920001,22,16,1.8014944078579438,2.152551959599048
NAR031920001,NAR,NGA_1,NGA,1,R,R-NAR031920001,22,17,1.850674685060902,2.152551959599048
NAR031920001,NAR,NGA_1,NGA,1,R,R-NAR031920001,22,18,1.9143802526024982,2.152551959599048
NAR031920001,NAR,NGA_1,NGA,1,R,R-NAR031920001,22,19,1.9837759388096423,2.152551959599048
NAR031920001,NAR,NGA_1,NGA,1,R,R-NAR031920001,22,20,2.0411529288797596,2.152551959599048
NAR031920001,NAR,NGA_1,NGA,1,R,R-NAR031920001,22,21,2.10383871624501,2.152551959599048
NAR031920001,NAR,NGA_1,NGA,1,R,R-NAR031920001,22,22,2.152551959599048,2.152551959599048
NAR031920001,NAR,NGA_2,NGA,2,R,R-NAR031920001,22,1,0.44225152191025646,2.1519342702078954
NAR031920001,NAR,NGA_2,NGA,2,R,R-NAR031920001,22,2,0.6185390760945397,2.1519342702078954
NAR031920001,NAR,NGA_2,NGA,2,R,R-NAR031920001,22,3,0.7636323241575818,2.1519342702078954
NAR031920001,NAR,NGA_2,NGA,2,R,R-NAR031920001,22,4,0.917080158994974,2.1519342702078954
NAR031920001,NAR,NGA_2,NGA,2,R,R-NAR031920001,22,5,1.034044373835871,2.1519342702078954
NAR031920001,NAR,NGA_2,NGA,2,R,R-NAR031920001,22,6,1.1086940776747367,2.1519342702078954
NAR031920001,NAR,NGA_2,NGA,2,R,R-NAR031920001,22,7,1.1772132357154108,2.1519342702078954
NAR031920001,NAR,NGA_2,NGA,2,R,R-NAR031920001,22,8,1.2621419125121285,2.1519342702078954
NAR031920001,NAR,NGA_2,NGA,2,R,R-NAR031920001,22,9,1.3456877802556269,2.1519342702078954
NAR031920001,NAR,NGA_2,NGA,2,R,R-NAR031920001,22,10,1.4217202931477126,2.1519342702078954
NAR031920001,NAR,NGA_2,NGA,2,R,R-NAR031920001,22,11,1.497752806039798,2.1519342702078954
NAR031920001,NAR,NGA_2,NGA,2,R,R-NAR031920001,22,12,1.5654307321575345,2.1519342702078954
NAR031920001,NAR,NGA_2,NGA,2,R,R-NAR031920001,22,13,1.633108658275271,2.1519342702078954
NAR031920001,NAR,NGA_2,NGA,2,R,R-NAR031920001,22,14,1.6832361789213697,2.1519342702078954
NAR031920001,NAR,NGA_2,NGA,2,R,R-NAR031920001,22,15,1.7522969140923255,2.1519342702078954
NAR031920001,NAR,NGA_2,NGA,2,R,R-NAR031920001,22,16,1.8283294269844113,2.1519342702078954
NAR031920001,NAR,NGA_2,NGA,2,R,R-NAR031920001,22,17,1.8806809886066682,2.1519342702078954
NAR031920001,NAR,NGA_2,NGA,2,R,R-NAR031920001,22,18,1.924136386324293,2.1519342702078954
NAR031920001,NAR,NGA_2,NGA,2,R,R-NAR031920001,22,19,1.9879078076199954,2.1519342702078954
NAR031920001,NAR,NGA_2,NGA,2,R,R-NAR031920001,22,20,2.046389915040444,2.1519342702078954
NAR031920001,NAR,NGA_2,NGA,2,R,R-NAR031920001,22,21,2.107937295359988,2.1519342702078954
NAR031920001,NAR,NGA_2,NGA,2,R,R-NAR031920001,22,22,2.1519342702078954,2.1519342702078954
NAR031920002,NAR,CJF_1,CJF,1,R,R-NAR031920002,6,1,0.410101794549332,1.077008081723086
NAR031920002,NAR,CJF_1,CJF,1,R,R-NAR031920002,6,2,0.6030013656886528,1.077008081723086
NAR031920002,NAR,CJF_1,CJF,1,R,R-NAR031920002,6,3,0.7404522168156773,1.077008081723086
NAR031920002,NAR,CJF_1,CJF,1,R,R-NAR031920002,6,4,0.8751054752567987,1.077008081723086
NAR031920002,NAR,CJF_1,CJF,1,R,R-NAR031920002,6,5,0.9794329167375548,1.077008081723086
NAR031920002,NAR,CJF_1,CJF,1,R,R-NAR031920002,6,6,1.077008081723086,1.077008081723086
NAR031920002,NAR,CJF_2,CJF,2,R,R-NAR031920002,6,1,0.34292405668925513,1.0716150905415422
NAR031920002,NAR,CJF_2,CJF,2,R,R-NAR031920002,6,2,0.5735453130937245,1.0716150905415422
NAR031920002,NAR,CJF_2,CJF,2,R,R-NAR031920002,6,3,0.746922213600467,1.0716150905415422
NAR031920002,NAR,CJF_2,CJF,2,R,R-NAR031920002,6,4,0.8759965730633549,1.0716150905415422
NAR031920002,NAR,CJF_2,CJF,2,R,R-NAR031920002,6,5,0.9731681276391516,1.0716150905415422
NAR031920002,NAR,CJF_2,CJF,2,R,R-NAR031920002,6,6,1.0716150905415422,1.0716150905415422
NAR031920002,NAR,CJF_3,CJF,3,R,R-NAR031920002,6,1,0.43152715457237834,1.091196203402223
NAR031920002,NAR,CJF_3,CJF,3,R,R-NAR031920002,6,2,0.5888232636594521,1.091196203402223
NAR031920002,NAR,CJF_3,CJF,3,R,R-NAR031920002,6,3,0.7660035870409816,1.091196203402223
NAR031920002,NAR,CJF_3,CJF,3,R,R-NAR031920002,6,4,0.8918930372688334,1.091196203402223
NAR031920002,NAR,CJF_3,CJF,3,R,R-NAR031920002,6,5,0.9872320145595878,1.091196203402223
NAR031920002,NAR,CJF_3,CJF,3,R,R-NAR031920002,6,6,1.091196203402223,1.091196203402223
NAR031920002,NAR,JRS_1,JRS,1,R,R-NAR031920002,4,1,0.2736364879879912,0.7218423451667282
NAR031920002,NAR,JRS_1,JRS,1,R,R-NAR031920002,4,2,0.4245839891267641,0.7218423451667282
NAR031920002,NAR,JRS_1,JRS,1,R,R-NAR031920002,4,3,0.5385721393244675,0.7218423451667282
NAR031920002,NAR,JRS_1,JRS,1,R,R-NAR031920002,4,4,0.6198559476029049,0.7218423451667282
NAR031920002,NAR,LEL_1,LEL,1,R,R-NAR031920002,6,1,0.4271940805221218,1.1010723628688077
NAR031920002,NAR,LEL_1,LEL,1,R,R-NAR031920002,6,2,0.6293109130913909,1.1010723628688077
NAR031920002,NAR,LEL_1,LEL,1,R,R-NAR031920002,6,3,0.7730256746056666,1.1010723628688077
NAR031920002,NAR,LEL_1,LEL,1,R,R-NAR031920002,6,4,0.8567746941445011,1.1010723628688077
NAR031920002,NAR,LEL_1,LEL,1,R,R-NAR031920002,6,5,0.9263506465056679,1.1010723628688077
NAR031920002,NAR,LEL_1,LEL,1,R,R-NAR031920002,6,6,1.0302711049651627,1.1010723628688077
NAR031920003,NAR,CJF_1,CJF,1,R,R-NAR031920003,4,1,0.5950636580623944,1.076522450582623
NAR031920003,NAR,CJF_1,CJF,1,R,R-NAR031920003,4,2,0.799215485085352,1.076522450582623
NAR031920003,NAR,CJF_1,CJF,1,R,R-NAR031920003,4,3,0.9532700776953682,1.076522450582623
NAR031920003,NAR,CJF_1,CJF,1,R,R-NAR031920003,4,4,1.076522450582623,1.076522450582623
NAR031920003,NAR,CJF_2,CJF,2,R,R-NAR031920003,4,1,0.5457008406813231,1.0391064093307598
NAR031920003,NAR,CJF_2,CJF,2,R,R-NAR031920003,4,2,0.7662559889900985,1.0391064093307598
NAR031920003,NAR,CJF_2,CJF,2,R,R-NAR031920003,4,3,0.9140503738028567,1.0391064093307598
NAR031920003,NAR,CJF_2,CJF,2,R,R-NAR031920003,4,4,1.0391064093307598,1.0391064093307598
NAR031920003,NAR,CJF_3,CJF,3,R,R-NAR031920003,4,1,0.536957802492431,1.0508413154053466
NAR031920003,NAR,CJF_3,CJF,3,R,R-NAR031920003,4,2,0.7561442276901583,1.0508413154053466
NAR031920003,NAR,CJF_3,CJF,3,R,R-NAR031920003,4,3,0.9207972283536281,1.0508413154053466
NAR031920003,NAR,CJF_3,CJF,3,R,R-NAR031920003,4,4,1.0508413154053466,1.0508413154053466
NAR031920003,NAR,JRS_1,JRS,1,R,R-NAR031920003,0,NA,NA,0.7010162891799133
NAR031920003,NAR,LEL_1,LEL,1,R,R-NAR031920003,0,NA,NA,0.7198966718193246
NAR031920003,NAR,NGA_1,NGA,1,R,R-NAR031920003,4,1,0.585565398222615,1.0499722130430882
NAR031920003,NAR,NGA_1,NGA,1,R,R-NAR031920003,4,2,0.8157182007802343,1.0499722130430882
NAR031920003,NAR,NGA_1,NGA,1,R,R-NAR031920003,4,3,0.9355561359036444,1.0499722130430882
NAR031920003,NAR,NGA_1,NGA,1,R,R-NAR031920003,4,4,1.0499722130430882,1.0499722130430882
NAR031920003,NAR,NGA_2,NGA,2,R,R-NAR031920003,4,1,0.5967459917923804,1.0407108314457443
NAR031920003,NAR,NGA_2,NGA,2,R,R-NAR031920003,4,2,0.7979117318516404,1.0407108314457443
NAR031920003,NAR,NGA_2,NGA,2,R,R-NAR031920003,4,3,0.9394904887309519,1.0407108314457443
NAR031920003,NAR,NGA_2,NGA,2,R,R-NAR031920003,4,4,1.0407108314457443,1.0407108314457443
NAR031920004,NAR,CJF_1,CJF,1,R,R-NAR031920004,8,1,0.6621201643042036,1.3949632206304963
NAR031920004,NAR,CJF_1,CJF,1,R,R-NAR031920004,8,2,0.8185438206323968,1.3949632206304963
NAR031920004,NAR,CJF_1,CJF,1,R,R-NAR031920004,8,3,0.9470500158297747,1.3949632206304963
NAR031920004,NAR,CJF_1,CJF,1,R,R-NAR031920004,8,4,1.0559220714480595,1.3949632206304963
NAR031920004,NAR,CJF_1,CJF,1,R,R-NAR031920004,8,5,1.1760550425701575,1.3949632206304963
NAR031920004,NAR,CJF_1,CJF,1,R,R-NAR031920004,8,6,1.2652929586093489,1.3949632206304963
NAR031920004,NAR,CJF_1,CJF,1,R,R-NAR031920004,8,7,1.322986359261081,1.3949632206304963
NAR031920004,NAR,CJF_1,CJF,1,R,R-NAR031920004,8,8,1.3949632206304963,1.3949632206304963
NAR031920004,NAR,CJF_2,CJF,2,R,R-NAR031920004,8,1,0.6637097145239875,1.403968200761052
NAR031920004,NAR,CJF_2,CJF,2,R,R-NAR031920004,8,2,0.8011491037029446,1.403968200761052
NAR031920004,NAR,CJF_2,CJF,2,R,R-NAR031920004,8,3,0.9385884928819013,1.403968200761052
NAR031920004,NAR,CJF_2,CJF,2,R,R-NAR031920004,8,4,1.0462629313069485,1.403968200761052
NAR031920004,NAR,CJF_2,CJF,2,R,R-NAR031920004,8,5,1.163580734799677,1.403968200761052
NAR031920004,NAR,CJF_2,CJF,2,R,R-NAR031920004,8,6,1.2401295065127533,1.403968200761052
NAR031920004,NAR,CJF_2,CJF,2,R,R-NAR031920004,8,7,1.3195903519243768,1.403968200761052
NAR031920004,NAR,CJF_2,CJF,2,R,R-NAR031920004,8,8,1.403968200761052,1.403968200761052
NAR031920004,NAR,CJF_3,CJF,3,R,R-NAR031920004,8,1,0.6553870481143911,1.3999733248089077
NAR031920004,NAR,CJF_3,CJF,3,R,R-NAR031920004,8,2,0.8141806012189359,1.3999733248089077
NAR031920004,NAR,CJF_3,CJF,3,R,R-NAR031920004,8,3,0.9450213644724831,1.3999733248089077
NAR031920004,NAR,CJF_3,CJF,3,R,R-NAR031920004,8,4,1.0431437790540565,1.3999733248089077
NAR031920004,NAR,CJF_3,CJF,3,R,R-NAR031920004,8,5,1.1733874878118837,1.3999733248089077
NAR031920004,NAR,CJF_3,CJF,3,R,R-NAR031920004,8,6,1.2530773530396253,1.3999733248089077
NAR031920004,NAR,CJF_3,CJF,3,R,R-NAR031920004,8,7,1.3309869319249898,1.3999733248089077
NAR031920004,NAR,CJF_3,CJF,3,R,R-NAR031920004,8,8,1.3999733248089077,1.3999733248089077
NAR031920004,NAR,JRS_1,JRS,1,R,R-NAR031920004,7,1,0.4802617591853257,1.1518139735179016
NAR031920004,NAR,JRS_1,JRS,1,R,R-NAR031920004,7,2,0.6087863919093222,1.1518139735179016
NAR031920004,NAR,JRS_1,JRS,1,R,R-NAR031920004,7,3,0.7091362774350921,1.1518139735179016
NAR031920004,NAR,JRS_1,JRS,1,R,R-NAR031920004,7,4,0.8335896675246937,1.1518139735179016
NAR031920004,NAR,JRS_1,JRS,1,R,R-NAR031920004,7,5,0.9321601952938328,1.1518139735179016
NAR031920004,NAR,JRS_1,JRS,1,R,R-NAR031920004,7,6,1.0005880422295226,1.1518139735179016
NAR031920004,NAR,JRS_1,JRS,1,R,R-NAR031920004,7,7,1.0991585699986612,1.1518139735179016
NAR031920004,NAR,LEL_1,LEL,1,R,R-NAR031920004,6,1,0.7090068562054449,1.362336880485083
NAR031920004,NAR,LEL_1,LEL,1,R,R-NAR031920004,6,2,0.8357235120463393,1.362336880485083
NAR031920004,NAR,LEL_1,LEL,1,R,R-NAR031920004,6,3,0.9566720567053638,1.362336880485083
NAR031920004,NAR,LEL_1,LEL,1,R,R-NAR031920004,6,4,1.0511036051609066,1.362336880485083
NAR031920004,NAR,LEL_1,LEL,1,R,R-NAR031920004,6,5,1.1604157134615458,1.362336880485083
NAR031920004,NAR,LEL_1,LEL,1,R,R-NAR031920004,6,6,1.294522542227667,1.362336880485083
NAR031920004,NAR,NGA_1,NGA,1,R,R-NAR031920004,8,1,0.7075671030831351,1.4484694566257832
NAR031920004,NAR,NGA_1,NGA,1,R,R-NAR031920004,8,2,0.8676903824764763,1.4484694566257832
NAR031920004,NAR,NGA_1,NGA,1,R,R-NAR031920004,8,3,1.0032157086159321,1.4484694566257832
NAR031920004,NAR,NGA_1,NGA,1,R,R-NAR031920004,8,4,1.114226532175332,1.4484694566257832
NAR031920004,NAR,NGA_1,NGA,1,R,R-NAR031920004,8,5,1.2111575393971334,1.4484694566257832
NAR031920004,NAR,NGA_1,NGA,1,R,R-NAR031920004,8,6,1.3129441304863272,1.4484694566257832
NAR031920004,NAR,NGA_1,NGA,1,R,R-NAR031920004,8,7,1.3778337916946946,1.4484694566257832
NAR031920004,NAR,NGA_1,NGA,1,R,R-NAR031920004,8,8,1.4484694566257832,1.4484694566257832
NAR031920004,NAR,NGA_2,NGA,2,R,R-NAR031920004,8,1,0.7186354637822645,1.4452220184898195
NAR031920004,NAR,NGA_2,NGA,2,R,R-NAR031920004,8,2,0.8760337487886051,1.4452220184898195
NAR031920004,NAR,NGA_2,NGA,2,R,R-NAR031920004,8,3,0.9976416668993027,1.4452220184898195
NAR031920004,NAR,NGA_2,NGA,2,R,R-NAR031920004,8,4,1.1110447505338332,1.4452220184898195
NAR031920004,NAR,NGA_2,NGA,2,R,R-NAR031920004,8,5,1.2230891914483164,1.4452220184898195
NAR031920004,NAR,NGA_2,NGA,2,R,R-NAR031920004,8,6,1.3172384489149784,1.4452220184898195
NAR031920004,NAR,NGA_2,NGA,2,R,R-NAR031920004,8,7,1.386989999694238,1.4452220184898195
NAR031920004,NAR,NGA_2,NGA,2,R,R-NAR031920004,8,8,1.4452220184898195,1.4452220184898195
NAR031920005,NAR,CJF_1,CJF,1,R,R-NAR031920005,4,1,0.5920433408797948,1.0227148810696605
NAR031920005,NAR,CJF_1,CJF,1,R,R-NAR031920005,4,2,0.7712243053307861,1.0227148810696605
NAR031920005,NAR,CJF_1,CJF,1,R,R-NAR031920005,4,3,0.8906873764074111,1.0227148810696605
NAR031920005,NAR,CJF_1,CJF,1,R,R-NAR031920005,4,4,1.0227148810696605,1.0227148810696605
NAR031920005,NAR,CJF_2,CJF,2,R,R-NAR031920005,5,1,0.3373867881856023,0.9818574533922522
NAR031920005,NAR,CJF_2,CJF,2,R,R-NAR031920005,5,2,0.5772736555149188,0.9818574533922522
NAR031920005,NAR,CJF_2,CJF,2,R,R-NAR031920005,5,3,0.7670338983233691,0.9818574533922522
NAR031920005,NAR,CJF_2,CJF,2,R,R-NAR031920005,5,4,0.8747961107895467,0.9818574533922522
NAR031920005,NAR,CJF_2,CJF,2,R,R-NAR031920005,5,5,0.9818574533922522,0.9818574533922522
NAR031920005,NAR,CJF_3,CJF,3,R,R-NAR031920005,5,1,0.2986507526423857,0.9548881176923819
NAR031920005,NAR,CJF_3,CJF,3,R,R-NAR031920005,5,2,0.5401736159382146,0.9548881176923819
NAR031920005,NAR,CJF_3,CJF,3,R,R-NAR031920005,5,3,0.7131133547588997,0.9548881176923819
NAR031920005,NAR,CJF_3,CJF,3,R,R-NAR031920005,5,4,0.8461598635965465,0.9548881176923819
NAR031920005,NAR,CJF_3,CJF,3,R,R-NAR031920005,5,5,0.9548881176923819,0.9548881176923819
NAR031920005,NAR,JRS_1,JRS,1,R,R-NAR031920005,3,1,0.5690884614509659,0.9627700422118859
NAR031920005,NAR,JRS_1,JRS,1,R,R-NAR031920005,3,2,0.7538341145510343,0.9627700422118859
NAR031920005,NAR,JRS_1,JRS,1,R,R-NAR031920005,3,3,0.837903535687067,0.9627700422118859
NAR031920005,NAR,LEL_1,LEL,1,R,R-NAR031920005,3,1,0.6604541889481232,1.0127069925247754
NAR031920005,NAR,LEL_1,LEL,1,R,R-NAR031920005,3,2,0.8077431696285282,1.0127069925247754
NAR031920005,NAR,LEL_1,LEL,1,R,R-NAR031920005,3,3,0.9253063428745032,1.0127069925247754
NAR031920005,NAR,NGA_1,NGA,1,R,R-NAR031920005,5,1,0.37051062078297725,1.0184891202345283
NAR031920005,NAR,NGA_1,NGA,1,R,R-NAR031920005,5,2,0.654830042720677,1.0184891202345283
NAR031920005,NAR,NGA_1,NGA,1,R,R-NAR031920005,5,3,0.8114125561411233,1.0184891202345283
NAR031920005,NAR,NGA_1,NGA,1,R,R-NAR031920005,5,4,0.9138400893137248,1.0184891202345283
NAR031920005,NAR,NGA_1,NGA,1,R,R-NAR031920005,5,5,1.0184891202345283,1.0184891202345283
NAR031920005,NAR,NGA_2,NGA,2,R,R-NAR031920005,5,1,0.3965379937425062,1.0492895990318902
NAR031920005,NAR,NGA_2,NGA,2,R,R-NAR031920005,5,2,0.6935435511721206,1.0492895990318902
NAR031920005,NAR,NGA_2,NGA,2,R,R-NAR031920005,5,3,0.8626412717669291,1.0492895990318902
NAR031920005,NAR,NGA_2,NGA,2,R,R-NAR031920005,5,4,0.9718046882997864,1.0492895990318902
NAR031920005,NAR,NGA_2,NGA,2,R,R-NAR031920005,5,5,1.0492895990318902,1.0492895990318902
NAR031920006,NAR,CJF_1,CJF,1,R,R-NAR031920006,9,1,0.4818182546754379,1.4336203605555882
NAR031920006,NAR,CJF_1,CJF,1,R,R-NAR031920006,9,2,0.6890172226987558,1.4336203605555882
NAR031920006,NAR,CJF_1,CJF,1,R,R-NAR031920006,9,3,0.8364371716620878,1.4336203605555882
NAR031920006,NAR,CJF_1,CJF,1,R,R-NAR031920006,9,4,0.9597469063021457,1.4336203605555882
NAR031920006,NAR,CJF_1,CJF,1,R,R-NAR031920006,9,5,1.0831945474708473,1.4336203605555882
NAR031920006,NAR,CJF_1,CJF,1,R,R-NAR031920006,9,6,1.1936491573478911,1.4336203605555882
NAR031920006,NAR,CJF_1,CJF,1,R,R-NAR031920006,9,7,1.283607342893103,1.4336203605555882
NAR031920006,NAR,CJF_1,CJF,1,R,R-NAR031920006,9,8,1.3638827862849194,1.4336203605555882
NAR031920006,NAR,CJF_1,CJF,1,R,R-NAR031920006,9,9,1.4336203605555882,1.4336203605555882
NAR031920006,NAR,CJF_2,CJF,2,R,R-NAR031920006,9,1,0.46285620103153796,1.410265938278214
NAR031920006,NAR,CJF_2,CJF,2,R,R-NAR031920006,9,2,0.6747633961417598,1.410265938278214
NAR031920006,NAR,CJF_2,CJF,2,R,R-NAR031920006,9,3,0.8187725619996196,1.410265938278214
NAR031920006,NAR,CJF_2,CJF,2,R,R-NAR031920006,9,4,0.9497053895497382,1.410265938278214
NAR031920006,NAR,CJF_2,CJF,2,R,R-NAR031920006,9,5,1.0683441765390982,1.410265938278214
NAR031920006,NAR,CJF_2,CJF,2,R,R-NAR031920006,9,6,1.1884963180845378,1.410265938278214
NAR031920006,NAR,CJF_2,CJF,2,R,R-NAR031920006,9,7,1.254880992780821,1.410265938278214
NAR031920006,NAR,CJF_2,CJF,2,R,R-NAR031920006,9,8,1.3302098316393351,1.410265938278214
NAR031920006,NAR,CJF_2,CJF,2,R,R-NAR031920006,9,9,1.410265938278214,1.410265938278214
NAR031920006,NAR,CJF_3,CJF,3,R,R-NAR031920006,9,1,0.4338983694186285,1.4110425057196758
NAR031920006,NAR,CJF_3,CJF,3,R,R-NAR031920006,9,2,0.6479551649828709,1.4110425057196758
NAR031920006,NAR,CJF_3,CJF,3,R,R-NAR031920006,9,3,0.7953298028267469,1.4110425057196758
NAR031920006,NAR,CJF_3,CJF,3,R,R-NAR031920006,9,4,0.9072397322545807,1.4110425057196758
NAR031920006,NAR,CJF_3,CJF,3,R,R-NAR031920006,9,5,1.0409947879469357,1.4110425057196758
NAR031920006,NAR,CJF_3,CJF,3,R,R-NAR031920006,9,6,1.1552237170564397,1.4110425057196758
NAR031920006,NAR,CJF_3,CJF,3,R,R-NAR031920006,9,7,1.251976545154326,1.4110425057196758
NAR031920006,NAR,CJF_3,CJF,3,R,R-NAR031920006,9,8,1.3157054306590277,1.4110425057196758
NAR031920006,NAR,CJF_3,CJF,3,R,R-NAR031920006,9,9,1.4110425057196758,1.4110425057196758
NAR031920006,NAR,JRS_1,JRS,1,R,R-NAR031920006,7,1,0.5511062953257391,1.5193432904644304
NAR031920006,NAR,JRS_1,JRS,1,R,R-NAR031920006,7,2,0.7720854221598439,1.5193432904644304
NAR031920006,NAR,JRS_1,JRS,1,R,R-NAR031920006,7,3,0.9255183061324254,1.5193432904644304
NAR031920006,NAR,JRS_1,JRS,1,R,R-NAR031920006,7,4,1.034666347789955,1.5193432904644304
NAR031920006,NAR,JRS_1,JRS,1,R,R-NAR031920006,7,5,1.1464974329665305,1.5193432904644304
NAR031920006,NAR,JRS_1,JRS,1,R,R-NAR031920006,7,6,1.2724197195648093,1.5193432904644304
NAR031920006,NAR,JRS_1,JRS,1,R,R-NAR031920006,7,7,1.3600950563552312,1.5193432904644304
NAR031920006,NAR,LEL_1,LEL,1,R,R-NAR031920006,7,1,0.14366194598525983,1.4550688928890052
NAR031920006,NAR,LEL_1,LEL,1,R,R-NAR031920006,7,2,0.2370376276063355,1.4550688928890052
NAR031920006,NAR,LEL_1,LEL,1,R,R-NAR031920006,7,3,0.3216917406708152,1.4550688928890052
NAR031920006,NAR,LEL_1,LEL,1,R,R-NAR031920006,7,4,0.4304674124296939,1.4550688928890052
NAR031920006,NAR,LEL_1,LEL,1,R,R-NAR031920006,7,5,0.5620685790677544,1.4550688928890052
NAR031920006,NAR,LEL_1,LEL,1,R,R-NAR031920006,7,6,0.7052120995269274,1.4550688928890052
NAR031920006,NAR,LEL_1,LEL,1,R,R-NAR031920006,7,7,0.8542564032781788,1.4550688928890052
NAR031920007,NAR,CJF_1,CJF,1,R,R-NAR031920007,4,1,0.40464249753157233,0.7339732974777831
NAR031920007,NAR,CJF_1,CJF,1,R,R-NAR031920007,4,2,0.5372234176844939,0.7339732974777831
NAR031920007,NAR,CJF_1,CJF,1,R,R-NAR031920007,4,3,0.6508917127282702,0.7339732974777831
NAR031920007,NAR,CJF_1,CJF,1,R,R-NAR031920007,4,4,0.7339732974777831,0.7339732974777831
NAR031920007,NAR,CJF_2,CJF,2,R,R-NAR031920007,4,1,0.37218289936511695,0.7485661792891968
NAR031920007,NAR,CJF_2,CJF,2,R,R-NAR031920007,4,2,0.5292075049557861,0.7485661792891968
NAR031920007,NAR,CJF_2,CJF,2,R,R-NAR031920007,4,3,0.6442810520023992,0.7485661792891968
NAR031920007,NAR,CJF_2,CJF,2,R,R-NAR031920007,4,4,0.7485661792891968,0.7485661792891968
NAR031920007,NAR,CJF_3,CJF,3,R,R-NAR031920007,4,1,0.386869975478254,0.750644499745539
NAR031920007,NAR,CJF_3,CJF,3,R,R-NAR031920007,4,2,0.5148220222662386,0.750644499745539
NAR031920007,NAR,CJF_3,CJF,3,R,R-NAR031920007,4,3,0.6439796030999433,0.750644499745539
NAR031920007,NAR,CJF_3,CJF,3,R,R-NAR031920007,4,4,0.750644499745539,0.750644499745539
NAR031920007,NAR,JRS_1,JRS,1,R,R-NAR031920007,0,NA,NA,0.4171674855263964
NAR031920007,NAR,LEL_1,LEL,1,R,R-NAR031920007,0,NA,NA,0.7056712018104158
NAR031920007,NAR,NGA_1,NGA,1,R,R-NAR031920007,4,1,0.3933818694355831,0.7600857377724781
NAR031920007,NAR,NGA_1,NGA,1,R,R-NAR031920007,4,2,0.5915564093231116,0.7600857377724781
NAR031920007,NAR,NGA_1,NGA,1,R,R-NAR031920007,4,3,0.6850615059168748,0.7600857377724781
NAR031920007,NAR,NGA_1,NGA,1,R,R-NAR031920007,4,4,0.7600857377724781,0.7600857377724781
NAR031920007,NAR,NGA_2,NGA,2,R,R-NAR031920007,4,1,0.4709946559949226,0.8364204978084611
NAR031920007,NAR,NGA_2,NGA,2,R,R-NAR031920007,4,2,0.6361431218312545,0.8364204978084611
NAR031920007,NAR,NGA_2,NGA,2,R,R-NAR031920007,4,3,0.752390104639439,0.8364204978084611
NAR031920007,NAR,NGA_2,NGA,2,R,R-NAR031920007,4,4,0.8364204978084611,0.8364204978084611
NAR031920008,NAR,CJF_1,CJF,1,R,R-NAR031920008,4,1,0.4184118364669535,0.9499437826136411
NAR031920008,NAR,CJF_1,CJF,1,R,R-NAR031920008,4,2,0.6409210376546602,0.9499437826136411
NAR031920008,NAR,CJF_1,CJF,1,R,R-NAR031920008,4,3,0.7788666132945316,0.9499437826136411
NAR031920008,NAR,CJF_1,CJF,1,R,R-NAR031920008,4,4,0.9499437826136411,0.9499437826136411
NAR031920008,NAR,CJF_2,CJF,2,R,R-NAR031920008,3,1,0.4867515806561461,1.0072128178437847
NAR031920008,NAR,CJF_2,CJF,2,R,R-NAR031920008,3,2,0.7026365316024333,1.0072128178437847
NAR031920008,NAR,CJF_2,CJF,2,R,R-NAR031920008,3,3,1.0072128178437847,1.0072128178437847
NAR031920008,NAR,CJF_3,CJF,3,R,R-NAR031920008,4,1,0.4288059603196214,0.9504546339101636
NAR031920008,NAR,CJF_3,CJF,3,R,R-NAR031920008,4,2,0.6779399273509689,0.9504546339101636
NAR031920008,NAR,CJF_3,CJF,3,R,R-NAR031920008,4,3,0.8219452691053492,0.9504546339101636
NAR031920008,NAR,CJF_3,CJF,3,R,R-NAR031920008,4,4,0.9504546339101636,0.9504546339101636
NAR031920008,NAR,JRS_1,JRS,1,R,R-NAR031920008,3,1,0.2659997936655132,0.5895672130529941
NAR031920008,NAR,JRS_1,JRS,1,R,R-NAR031920008,3,2,0.4281456559404384,0.5895672130529941
NAR031920008,NAR,JRS_1,JRS,1,R,R-NAR031920008,3,3,0.5191604768797233,0.5895672130529941
NAR031920008,NAR,LEL_1,LEL,1,R,R-NAR031920008,3,1,0.1563409619485687,0.9608191146041227
NAR031920008,NAR,LEL_1,LEL,1,R,R-NAR031920008,3,2,0.28142220810509044,0.9608191146041227
NAR031920008,NAR,LEL_1,LEL,1,R,R-NAR031920008,3,3,0.3591662512859913,0.9608191146041227
NAR031920009,NAR,CJF_1,CJF,1,R,R-NAR031920009,5,1,0.43137686738739295,1.1811716708111346
NAR031920009,NAR,CJF_1,CJF,1,R,R-NAR031920009,5,2,0.7817297038804822,1.1811716708111346
NAR031920009,NAR,CJF_1,CJF,1,R,R-NAR031920009,5,3,0.973880040736117,1.1811716708111346
NAR031920009,NAR,CJF_1,CJF,1,R,R-NAR031920009,5,4,1.083354032679475,1.1811716708111346
NAR031920009,NAR,CJF_1,CJF,1,R,R-NAR031920009,5,5,1.1811716708111346,1.1811716708111346
NAR031920009,NAR,CJF_2,CJF,2,R,R-NAR031920009,5,1,0.41009895372540506,1.1585515968387234
NAR031920009,NAR,CJF_2,CJF,2,R,R-NAR031920009,5,2,0.7549628415172527,1.1585515968387234
NAR031920009,NAR,CJF_2,CJF,2,R,R-NAR031920009,5,3,0.9325212139616155,1.1585515968387234
NAR031920009,NAR,CJF_2,CJF,2,R,R-NAR031920009,5,4,1.0329912004129471,1.1585515968387234
NAR031920009,NAR,CJF_2,CJF,2,R,R-NAR031920009,5,5,1.1585515968387234,1.1585515968387234
NAR031920009,NAR,CJF_3,CJF,3,R,R-NAR031920009,5,1,0.46349388131810026,1.1822898329705414
NAR031920009,NAR,CJF_3,CJF,3,R,R-NAR031920009,5,2,0.8028303600508511,1.1822898329705414
NAR031920009,NAR,CJF_3,CJF,3,R,R-NAR031920009,5,3,0.9729812810275156,1.1822898329705414
NAR031920009,NAR,CJF_3,CJF,3,R,R-NAR031920009,5,4,1.097363094209341,1.1822898329705414
NAR031920009,NAR,CJF_3,CJF,3,R,R-NAR031920009,5,5,1.1822898329705414,1.1822898329705414
NAR031920009,NAR,JRS_1,JRS,1,R,R-NAR031920009,0,NA,NA,0.6730537961928547
NAR031920009,NAR,LEL_1,LEL,1,R,R-NAR031920009,1,1,0.7121301998204913,0.9756103688622544
NAR031920009,NAR,NGA_1,NGA,1,R,R-NAR031920009,4,1,0.7839568945101473,1.1214495057071712
NAR031920009,NAR,NGA_1,NGA,1,R,R-NAR031920009,4,2,0.9385865587865306,1.1214495057071712
NAR031920009,NAR,NGA_1,NGA,1,R,R-NAR031920009,4,3,1.028440728861848,1.1214495057071712
NAR031920009,NAR,NGA_1,NGA,1,R,R-NAR031920009,4,4,1.1214495057071712,1.1214495057071712
NAR031920009,NAR,NGA_2,NGA,2,R,R-NAR031920009,4,1,0.8629368597323865,1.2110829697020078
NAR031920009,NAR,NGA_2,NGA,2,R,R-NAR031920009,4,2,1.0057948573702806,1.2110829697020078
NAR031920009,NAR,NGA_2,NGA,2,R,R-NAR031920009,4,3,1.1131727114304548,1.2110829697020078
NAR031920009,NAR,NGA_2,NGA,2,R,R-NAR031920009,4,4,1.2110829697020078,1.2110829697020078
NAR031920010,NAR,CJF_1,CJF,1,R,R-NAR031920010,6,1,0.5814662113715073,1.0886899718731784
NAR031920010,NAR,CJF_1,CJF,1,R,R-NAR031920010,6,2,0.7151434774644201,1.0886899718731784
NAR031920010,NAR,CJF_1,CJF,1,R,R-NAR031920010,6,3,0.8443294821626184,1.0886899718731784
NAR031920010,NAR,CJF_1,CJF,1,R,R-NAR031920010,6,4,0.9464928360861068,1.0886899718731784
NAR031920010,NAR,CJF_1,CJF,1,R,R-NAR031920010,6,5,1.010187586156263,1.0886899718731784
NAR031920010,NAR,CJF_1,CJF,1,R,R-NAR031920010,6,6,1.0886899718731784,1.0886899718731784
NAR031920010,NAR,CJF_2,CJF,2,R,R-NAR031920010,6,1,0.5473788887282591,1.0730709645640983
NAR031920010,NAR,CJF_2,CJF,2,R,R-NAR031920010,6,2,0.6975548218858101,1.0730709645640983
NAR031920010,NAR,CJF_2,CJF,2,R,R-NAR031920010,6,3,0.8280905277851256,1.0730709645640983
NAR031920010,NAR,CJF_2,CJF,2,R,R-NAR031920010,6,4,0.9311909633504423,1.0730709645640983
NAR031920010,NAR,CJF_2,CJF,2,R,R-NAR031920010,6,5,0.9848640765516958,1.0730709645640983
NAR031920010,NAR,CJF_2,CJF,2,R,R-NAR031920010,6,6,1.0730709645640983,1.0730709645640983
NAR031920010,NAR,CJF_3,CJF,3,R,R-NAR031920010,6,1,0.624193411910933,1.1569623563711124
NAR031920010,NAR,CJF_3,CJF,3,R,R-NAR031920010,6,2,0.7781861054667019,1.1569623563711124
NAR031920010,NAR,CJF_3,CJF,3,R,R-NAR031920010,6,3,0.9040359321815856,1.1569623563711124
NAR031920010,NAR,CJF_3,CJF,3,R,R-NAR031920010,6,4,1.016402041043162,1.1569623563711124
NAR031920010,NAR,CJF_3,CJF,3,R,R-NAR031920010,6,5,1.0799403397804828,1.1569623563711124
NAR031920010,NAR,CJF_3,CJF,3,R,R-NAR031920010,6,6,1.1569623563711124,1.1569623563711124
NAR031920010,NAR,JRS_1,JRS,1,R,R-NAR031920010,5,1,0.28852048845720424,0.8265369188159859
NAR031920010,NAR,JRS_1,JRS,1,R,R-NAR031920010,5,2,0.4842518238412569,0.8265369188159859
NAR031920010,NAR,JRS_1,JRS,1,R,R-NAR031920010,5,3,0.6050196132137287,0.8265369188159859
NAR031920010,NAR,JRS_1,JRS,1,R,R-NAR031920010,5,4,0.6996640991247479,0.8265369188159859
NAR031920010,NAR,JRS_1,JRS,1,R,R-NAR031920010,5,5,0.7554692210719092,0.8265369188159859
NAR031920010,NAR,LEL_1,LEL,1,R,R-NAR031920010,5,1,0.45422036794481274,0.9177669253943445
NAR031920010,NAR,LEL_1,LEL,1,R,R-NAR031920010,5,2,0.5644823830297883,0.9177669253943445
NAR031920010,NAR,LEL_1,LEL,1,R,R-NAR031920010,5,3,0.6972428952243932,0.9177669253943445
NAR031920010,NAR,LEL_1,LEL,1,R,R-NAR031920010,5,4,0.7858371191023927,0.9177669253943445
NAR031920010,NAR,LEL_1,LEL,1,R,R-NAR031920010,5,5,0.8527635517734168,0.9177669253943445
NAR031920010,NAR,NGA_1,NGA,1,R,R-NAR031920010,6,1,0.6453213093113601,1.1752686275113904
NAR031920010,NAR,NGA_1,NGA,1,R,R-NAR031920010,6,2,0.814861048141889,1.1752686275113904
NAR031920010,NAR,NGA_1,NGA,1,R,R-NAR031920010,6,3,0.9302350392532195,1.1752686275113904
NAR031920010,NAR,NGA_1,NGA,1,R,R-NAR031920010,6,4,1.0291410706843187,1.1752686275113904
NAR031920010,NAR,NGA_1,NGA,1,R,R-NAR031920010,6,5,1.1085041926626333,1.1752686275113904
NAR031920010,NAR,NGA_1,NGA,1,R,R-NAR031920010,6,6,1.1752686275113904,1.1752686275113904
NAR031920010,NAR,NGA_2,NGA,2,R,R-NAR031920010,6,1,0.6345223208469601,1.1283515298695905
NAR031920010,NAR,NGA_2,NGA,2,R,R-NAR031920010,6,2,0.7804926953501545,1.1283515298695905
NAR031920010,NAR,NGA_2,NGA,2,R,R-NAR031920010,6,3,0.8864897135267121,1.1283515298695905
NAR031920010,NAR,NGA_2,NGA,2,R,R-NAR031920010,6,4,0.9784507397500996,1.1283515298695905
NAR031920010,NAR,NGA_2,NGA,2,R,R-NAR031920010,6,5,1.041667766325067,1.1283515298695905
NAR031920010,NAR,NGA_2,NGA,2,R,R-NAR031920010,6,6,1.1283515298695905,1.1283515298695905
NAR031920011,NAR,CJF_1,CJF,1,R,R-NAR031920011,8,1,0.44840348848767314,1.2035186296096463
NAR031920011,NAR,CJF_1,CJF,1,R,R-NAR031920011,8,2,0.6493359613589853,1.2035186296096463
NAR031920011,NAR,CJF_1,CJF,1,R,R-NAR031920011,8,3,0.7552783734976538,1.2035186296096463
NAR031920011,NAR,CJF_1,CJF,1,R,R-NAR031920011,8,4,0.8656180494363,1.2035186296096463
NAR031920011,NAR,CJF_1,CJF,1,R,R-NAR031920011,8,5,0.9518951987568287,1.2035186296096463
NAR031920011,NAR,CJF_1,CJF,1,R,R-NAR031920011,8,6,1.0335302357138587,1.2035186296096463
NAR031920011,NAR,CJF_1,CJF,1,R,R-NAR031920011,8,7,1.124123032646525,1.2035186296096463
NAR031920011,NAR,CJF_1,CJF,1,R,R-NAR031920011,8,8,1.2035186296096463,1.2035186296096463
NAR031920011,NAR,CJF_2,CJF,2,R,R-NAR031920011,8,1,0.45989043398262197,1.1591196145577967
NAR031920011,NAR,CJF_2,CJF,2,R,R-NAR031920011,8,2,0.6267320647856469,1.1591196145577967
NAR031920011,NAR,CJF_2,CJF,2,R,R-NAR031920011,8,3,0.7387325873340654,1.1591196145577967
NAR031920011,NAR,CJF_2,CJF,2,R,R-NAR031920011,8,4,0.8534224329128309,1.1591196145577967
NAR031920011,NAR,CJF_2,CJF,2,R,R-NAR031920011,8,5,0.9345991456733641,1.1591196145577967
NAR031920011,NAR,CJF_2,CJF,2,R,R-NAR031920011,8,6,1.018316774667788,1.1591196145577967
NAR031920011,NAR,CJF_2,CJF,2,R,R-NAR031920011,8,7,1.1128838998759685,1.1591196145577967
NAR031920011,NAR,CJF_2,CJF,2,R,R-NAR031920011,8,8,1.1591196145577967,1.1591196145577967
NAR031920011,NAR,CJF_3,CJF,3,R,R-NAR031920011,8,1,0.4329823306919579,1.1768824264299798
NAR031920011,NAR,CJF_3,CJF,3,R,R-NAR031920011,8,2,0.6240132935143877,1.1768824264299798
NAR031920011,NAR,CJF_3,CJF,3,R,R-NAR031920011,8,3,0.7461471796882115,1.1768824264299798
NAR031920011,NAR,CJF_3,CJF,3,R,R-NAR031920011,8,4,0.8636482569057949,1.1768824264299798
NAR031920011,NAR,CJF_3,CJF,3,R,R-NAR031920011,8,5,0.9392172648770365,1.1768824264299798
NAR031920011,NAR,CJF_3,CJF,3,R,R-NAR031920011,8,6,1.0303078989158057,1.1768824264299798
NAR031920011,NAR,CJF_3,CJF,3,R,R-NAR031920011,8,7,1.1013827389866695,1.1768824264299798
NAR031920011,NAR,CJF_3,CJF,3,R,R-NAR031920011,8,8,1.1768824264299798,1.1768824264299798
NAR031920011,NAR,JRS_1,JRS,1,R,R-NAR031920011,8,1,0.33928367605155035,1.1685369756077744
NAR031920011,NAR,JRS_1,JRS,1,R,R-NAR031920011,8,2,0.45146676146448345,1.1685369756077744
NAR031920011,NAR,JRS_1,JRS,1,R,R-NAR031920011,8,3,0.6521843311036858,1.1685369756077744
NAR031920011,NAR,JRS_1,JRS,1,R,R-NAR031920011,8,4,0.7672988632943321,1.1685369756077744
NAR031920011,NAR,JRS_1,JRS,1,R,R-NAR031920011,8,5,0.8616962410760267,1.1685369756077744
NAR031920011,NAR,JRS_1,JRS,1,R,R-NAR031920011,8,6,0.950181468561055,1.1685369756077744
NAR031920011,NAR,JRS_1,JRS,1,R,R-NAR031920011,8,7,1.035735249268371,1.1685369756077744
NAR031920011,NAR,JRS_1,JRS,1,R,R-NAR031920011,8,8,1.121387543458168,1.1685369756077744
NAR031920011,NAR,LEL_1,LEL,1,R,R-NAR031920011,7,1,0.6180949599124431,1.2314031313105445
NAR031920011,NAR,LEL_1,LEL,1,R,R-NAR031920011,7,2,0.680632600051401,1.2314031313105445
NAR031920011,NAR,LEL_1,LEL,1,R,R-NAR031920011,7,3,0.8081547106071209,1.2314031313105445
NAR031920011,NAR,LEL_1,LEL,1,R,R-NAR031920011,7,4,0.9181805704094332,1.2314031313105445
NAR031920011,NAR,LEL_1,LEL,1,R,R-NAR031920011,7,5,0.9950785760914135,1.2314031313105445
NAR031920011,NAR,LEL_1,LEL,1,R,R-NAR031920011,7,6,1.081811725569604,1.2314031313105445
NAR031920011,NAR,LEL_1,LEL,1,R,R-NAR031920011,7,7,1.1781184520764765,1.2314031313105445
NAR031920012,NAR,CJF_1,CJF,1,R,R-NAR031920012,8,1,0.4669660633433778,1.3133240916217233
NAR031920012,NAR,CJF_1,CJF,1,R,R-NAR031920012,8,2,0.6600586184972688,1.3133240916217233
NAR031920012,NAR,CJF_1,CJF,1,R,R-NAR031920012,8,3,0.7977918878037449,1.3133240916217233
NAR031920012,NAR,CJF_1,CJF,1,R,R-NAR031920012,8,4,0.930482926040479,1.3133240916217233
NAR031920012,NAR,CJF_1,CJF,1,R,R-NAR031920012,8,5,1.0446506983815842,1.3133240916217233
NAR031920012,NAR,CJF_1,CJF,1,R,R-NAR031920012,8,6,1.1370038880603905,1.3133240916217233
NAR031920012,NAR,CJF_1,CJF,1,R,R-NAR031920012,8,7,1.2343993088089373,1.3133240916217233
NAR031920012,NAR,CJF_1,CJF,1,R,R-NAR031920012,8,8,1.3133240916217233,1.3133240916217233
NAR031920012,NAR,CJF_2,CJF,2,R,R-NAR031920012,8,1,0.43810743707797645,1.3015871613353593
NAR031920012,NAR,CJF_2,CJF,2,R,R-NAR031920012,8,2,0.639096869824857,1.3015871613353593
NAR031920012,NAR,CJF_2,CJF,2,R,R-NAR031920012,8,3,0.7946699710651388,1.3015871613353593
NAR031920012,NAR,CJF_2,CJF,2,R,R-NAR031920012,8,4,0.9286629262297261,1.3015871613353593
NAR031920012,NAR,CJF_2,CJF,2,R,R-NAR031920012,8,5,1.034044014751445,1.3015871613353593
NAR031920012,NAR,CJF_2,CJF,2,R,R-NAR031920012,8,6,1.1210287446721114,1.3015871613353593
NAR031920012,NAR,CJF_2,CJF,2,R,R-NAR031920012,8,7,1.2146024314146933,1.3015871613353593
NAR031920012,NAR,CJF_2,CJF,2,R,R-NAR031920012,8,8,1.3015871613353593,1.3015871613353593
NAR031920012,NAR,CJF_3,CJF,3,R,R-NAR031920012,8,1,0.4449497238910437,1.3004794607578194
NAR031920012,NAR,CJF_3,CJF,3,R,R-NAR031920012,8,2,0.6304731362838103,1.3004794607578194
NAR031920012,NAR,CJF_3,CJF,3,R,R-NAR031920012,8,3,0.7643413039279456,1.3004794607578194
NAR031920012,NAR,CJF_3,CJF,3,R,R-NAR031920012,8,4,0.899560916078528,1.3004794607578194
NAR031920012,NAR,CJF_3,CJF,3,R,R-NAR031920012,8,5,1.0024277480735704,1.3004794607578194
NAR031920012,NAR,CJF_3,CJF,3,R,R-NAR031920012,8,6,1.110014399841278,1.3004794607578194
NAR031920012,NAR,CJF_3,CJF,3,R,R-NAR031920012,8,7,1.2059226525527709,1.3004794607578194
NAR031920012,NAR,CJF_3,CJF,3,R,R-NAR031920012,8,8,1.3004794607578194,1.3004794607578194
NAR031920012,NAR,JRS_1,JRS,1,R,R-NAR031920012,0,NA,NA,0.8145385917636824
NAR031920012,NAR,LEL_1,LEL,1,R,R-NAR031920012,5,1,0.44451355058985376,1.020271260560927
NAR031920012,NAR,LEL_1,LEL,1,R,R-NAR031920012,5,2,0.5305335948632519,1.020271260560927
NAR031920012,NAR,LEL_1,LEL,1,R,R-NAR031920012,5,3,0.6301023971614862,1.020271260560927
NAR031920012,NAR,LEL_1,LEL,1,R,R-NAR031920012,5,4,0.7210180229601793,1.020271260560927
NAR031920012,NAR,LEL_1,LEL,1,R,R-NAR031920012,5,5,0.7837424712971098,1.020271260560927
NAR031920012,NAR,NGA_1,NGA,1,R,R-NAR031920012,7,1,0.7110849092213671,1.3415450913459017
NAR031920012,NAR,NGA_1,NGA,1,R,R-NAR031920012,7,2,0.8425413307191489,1.3415450913459017
NAR031920012,NAR,NGA_1,NGA,1,R,R-NAR031920012,7,3,0.9662790466291531,1.3415450913459017
NAR031920012,NAR,NGA_1,NGA,1,R,R-NAR031920012,7,4,1.0582882879148061,1.3415450913459017
NAR031920012,NAR,NGA_1,NGA,1,R,R-NAR031920012,7,5,1.171415666407377,1.3415450913459017
NAR031920012,NAR,NGA_1,NGA,1,R,R-NAR031920012,7,6,1.2587003715628546,1.3415450913459017
NAR031920012,NAR,NGA_1,NGA,1,R,R-NAR031920012,7,7,1.3415450913459017,1.3415450913459017
NAR031920012,NAR,NGA_2,NGA,2,R,R-NAR031920012,7,1,0.7004540480330756,1.3450645211264496
NAR031920012,NAR,NGA_2,NGA,2,R,R-NAR031920012,7,2,0.8389610717256059,1.3450645211264496
NAR031920012,NAR,NGA_2,NGA,2,R,R-NAR031920012,7,3,0.9666231033947673,1.3450645211264496
NAR031920012,NAR,NGA_2,NGA,2,R,R-NAR031920012,7,4,1.086664998721291,1.3450645211264496
NAR031920012,NAR,NGA_2,NGA,2,R,R-NAR031920012,7,5,1.1687432349835312,1.3450645211264496
NAR031920012,NAR,NGA_2,NGA,2,R,R-NAR031920012,7,6,1.2635714973547985,1.3450645211264496
NAR031920012,NAR,NGA_2,NGA,2,R,R-NAR031920012,7,7,1.3450645211264496,1.3450645211264496
NAR031920013,NAR,JRS_1,JRS,1,R,R-NAR031920013,2,1,0.4660526088138243,0.8095194589875184
NAR031920013,NAR,JRS_1,JRS,1,R,R-NAR031920013,2,2,0.6276173836069372,0.8095194589875184
NAR031920013,NAR,LEL_1,LEL,1,R,R-NAR031920013,2,1,0.6211545924406092,0.9381406249890418
NAR031920013,NAR,LEL_1,LEL,1,R,R-NAR031920013,2,2,0.7855958984877788,0.9381406249890418
NAR031920014,NAR,JRS_1,JRS,1,R,R-NAR031920014,0,NA,NA,0.48908373473284056
NAR031920014,NAR,LEL_1,LEL,1,R,R-NAR031920014,2,1,0.14568803106252282,0.8043173551201899
NAR031920014,NAR,LEL_1,LEL,1,R,R-NAR031920014,2,2,0.2876735338566505,0.8043173551201899
NAR031920015,NAR,CJF_1,CJF,1,R,R-NAR031920015,12,1,0.5120645365241312,1.7105334714596838
NAR031920015,NAR,CJF_1,CJF,1,R,R-NAR031920015,12,2,0.7400008053214173,1.7105334714596838
NAR031920015,NAR,CJF_1,CJF,1,R,R-NAR031920015,12,3,0.8710085656068944,1.7105334714596838
NAR031920015,NAR,CJF_1,CJF,1,R,R-NAR031920015,12,4,0.9969432046233168,1.7105334714596838
NAR031920015,NAR,CJF_1,CJF,1,R,R-NAR031920015,12,5,1.0964673051546883,1.7105334714596838
NAR031920015,NAR,CJF_1,CJF,1,R,R-NAR031920015,12,6,1.1688055372611161,1.7105334714596838
NAR031920015,NAR,CJF_1,CJF,1,R,R-NAR031920015,12,7,1.2737904240314906,1.7105334714596838
NAR031920015,NAR,CJF_1,CJF,1,R,R-NAR031920015,12,8,1.3656458112742442,1.7105334714596838
NAR031920015,NAR,CJF_1,CJF,1,R,R-NAR031920015,12,9,1.4803892756127823,1.7105334714596838
NAR031920015,NAR,CJF_1,CJF,1,R,R-NAR031920015,12,10,1.5415363330413259,1.7105334714596838
NAR031920015,NAR,CJF_1,CJF,1,R,R-NAR031920015,12,11,1.6128296330079799,1.7105334714596838
NAR031920015,NAR,CJF_1,CJF,1,R,R-NAR031920015,12,12,1.7105334714596838,1.7105334714596838
NAR031920015,NAR,CJF_2,CJF,2,R,R-NAR031920015,11,1,0.5094119974579133,1.6854084379156202
NAR031920015,NAR,CJF_2,CJF,2,R,R-NAR031920015,11,2,0.7058445889564194,1.6854084379156202
NAR031920015,NAR,CJF_2,CJF,2,R,R-NAR031920015,11,3,0.8579223478987545,1.6854084379156202
NAR031920015,NAR,CJF_2,CJF,2,R,R-NAR031920015,11,4,0.9873895058074507,1.6854084379156202
NAR031920015,NAR,CJF_2,CJF,2,R,R-NAR031920015,11,5,1.0844239433812846,1.6854084379156202
NAR031920015,NAR,CJF_2,CJF,2,R,R-NAR031920015,11,6,1.1658070672586178,1.6854084379156202
NAR031920015,NAR,CJF_2,CJF,2,R,R-NAR031920015,11,7,1.2647061055700473,1.6854084379156202
NAR031920015,NAR,CJF_2,CJF,2,R,R-NAR031920015,11,8,1.3688316921963977,1.6854084379156202
NAR031920015,NAR,CJF_2,CJF,2,R,R-NAR031920015,11,9,1.4782873576047828,1.6854084379156202
NAR031920015,NAR,CJF_2,CJF,2,R,R-NAR031920015,11,10,1.5865093996041912,1.6854084379156202
NAR031920015,NAR,CJF_2,CJF,2,R,R-NAR031920015,11,11,1.6854084379156202,1.6854084379156202
NAR031920015,NAR,CJF_3,CJF,3,R,R-NAR031920015,11,1,0.5148618629120376,1.7075334560662023
NAR031920015,NAR,CJF_3,CJF,3,R,R-NAR031920015,11,2,0.7387361748169363,1.7075334560662023
NAR031920015,NAR,CJF_3,CJF,3,R,R-NAR031920015,11,3,0.8894714156719017,1.7075334560662023
NAR031920015,NAR,CJF_3,CJF,3,R,R-NAR031920015,11,4,1.0141883956050954,1.7075334560662023
NAR031920015,NAR,CJF_3,CJF,3,R,R-NAR031920015,11,5,1.123072394938764,1.7075334560662023
NAR031920015,NAR,CJF_3,CJF,3,R,R-NAR031920015,11,6,1.197345860999939,1.7075334560662023
NAR031920015,NAR,CJF_3,CJF,3,R,R-NAR031920015,11,7,1.2932609705176563,1.7075334560662023
NAR031920015,NAR,CJF_3,CJF,3,R,R-NAR031920015,11,8,1.4068192376970996,1.7075334560662023
NAR031920015,NAR,CJF_3,CJF,3,R,R-NAR031920015,11,9,1.5027343472148165,1.7075334560662023
NAR031920015,NAR,CJF_3,CJF,3,R,R-NAR031920015,11,10,1.6033237245783085,1.7075334560662023
NAR031920015,NAR,CJF_3,CJF,3,R,R-NAR031920015,11,11,1.7075334560662023,1.7075334560662023
NAR031920015,NAR,JRS_1,JRS,1,R,R-NAR031920015,10,1,0.34300179350460075,1.557949039472333
NAR031920015,NAR,JRS_1,JRS,1,R,R-NAR031920015,10,2,0.5434447824703244,1.557949039472333
NAR031920015,NAR,JRS_1,JRS,1,R,R-NAR031920015,10,3,0.7160064687842028,1.557949039472333
NAR031920015,NAR,JRS_1,JRS,1,R,R-NAR031920015,10,4,0.8376693350367367,1.557949039472333
NAR031920015,NAR,JRS_1,JRS,1,R,R-NAR031920015,10,5,0.9362846064746916,1.557949039472333
NAR031920015,NAR,JRS_1,JRS,1,R,R-NAR031920015,10,6,1.0263233292047764,1.557949039472333
NAR031920015,NAR,JRS_1,JRS,1,R,R-NAR031920015,10,7,1.1190140258388046,1.557949039472333
NAR031920015,NAR,JRS_1,JRS,1,R,R-NAR031920015,10,8,1.190308466810785,1.557949039472333
NAR031920015,NAR,JRS_1,JRS,1,R,R-NAR031920015,10,9,1.2899845278103166,1.557949039472333
NAR031920015,NAR,JRS_1,JRS,1,R,R-NAR031920015,10,10,1.3918122453380861,1.557949039472333
NAR031920015,NAR,LEL_1,LEL,1,R,R-NAR031920015,9,1,0.44148948946727073,1.3412146748158047
NAR031920015,NAR,LEL_1,LEL,1,R,R-NAR031920015,9,2,0.5683658390728419,1.3412146748158047
NAR031920015,NAR,LEL_1,LEL,1,R,R-NAR031920015,9,3,0.6846201396828048,1.3412146748158047
NAR031920015,NAR,LEL_1,LEL,1,R,R-NAR031920015,9,4,0.7591820426345411,1.3412146748158047
NAR031920015,NAR,LEL_1,LEL,1,R,R-NAR031920015,9,5,0.8692084058348778,1.3412146748158047
NAR031920015,NAR,LEL_1,LEL,1,R,R-NAR031920015,9,6,0.9301035156781924,1.3412146748158047
NAR031920015,NAR,LEL_1,LEL,1,R,R-NAR031920015,9,7,1.0242141399814952,1.3412146748158047
NAR031920015,NAR,LEL_1,LEL,1,R,R-NAR031920015,9,8,1.1158335893209494,1.3412146748158047
NAR031920015,NAR,LEL_1,LEL,1,R,R-NAR031920015,9,9,1.2351326340437265,1.3412146748158047
NAR031920015,NAR,NGA_1,NGA,1,R,R-NAR031920015,11,1,0.5986457107590788,1.7300142227401332
NAR031920015,NAR,NGA_1,NGA,1,R,R-NAR031920015,11,2,0.7927007052173465,1.7300142227401332
NAR031920015,NAR,NGA_1,NGA,1,R,R-NAR031920015,11,3,0.9284872090391054,1.7300142227401332
NAR031920015,NAR,NGA_1,NGA,1,R,R-NAR031920015,11,4,1.0697452813885362,1.7300142227401332
NAR031920015,NAR,NGA_1,NGA,1,R,R-NAR031920015,11,5,1.1692155904857342,1.7300142227401332
NAR031920015,NAR,NGA_1,NGA,1,R,R-NAR031920015,11,6,1.2488504322426475,1.7300142227401332
NAR031920015,NAR,NGA_1,NGA,1,R,R-NAR031920015,11,7,1.3431421452079455,1.7300142227401332
NAR031920015,NAR,NGA_1,NGA,1,R,R-NAR031920015,11,8,1.4529696465689423,1.7300142227401332
NAR031920015,NAR,NGA_1,NGA,1,R,R-NAR031920015,11,9,1.547554331930013,1.7300142227401332
NAR031920015,NAR,NGA_1,NGA,1,R,R-NAR031920015,11,10,1.624127406126687,1.7300142227401332
NAR031920015,NAR,NGA_1,NGA,1,R,R-NAR031920015,11,11,1.7300142227401332,1.7300142227401332
NAR031920015,NAR,NGA_2,NGA,2,R,R-NAR031920015,11,1,0.5599426289341303,1.706937864441086
NAR031920015,NAR,NGA_2,NGA,2,R,R-NAR031920015,11,2,0.7723172298400094,1.706937864441086
NAR031920015,NAR,NGA_2,NGA,2,R,R-NAR031920015,11,3,0.9282424773114397,1.706937864441086
NAR031920015,NAR,NGA_2,NGA,2,R,R-NAR031920015,11,4,1.0515070943548648,1.706937864441086
NAR031920015,NAR,NGA_2,NGA,2,R,R-NAR031920015,11,5,1.1427431306471973,1.706937864441086
NAR031920015,NAR,NGA_2,NGA,2,R,R-NAR031920015,11,6,1.2474019797714435,1.706937864441086
NAR031920015,NAR,NGA_2,NGA,2,R,R-NAR031920015,11,7,1.326444854009962,1.706937864441086
NAR031920015,NAR,NGA_2,NGA,2,R,R-NAR031920015,11,8,1.4329309550134948,1.706937864441086
NAR031920015,NAR,NGA_2,NGA,2,R,R-NAR031920015,11,9,1.539118255466434,1.706937864441086
NAR031920015,NAR,NGA_2,NGA,2,R,R-NAR031920015,11,10,1.6254701372220954,1.706937864441086
NAR031920015,NAR,NGA_2,NGA,2,R,R-NAR031920015,11,11,1.706937864441086,1.706937864441086
NAR031920016,NAR,CJF_1,CJF,1,R,R-NAR031920016,15,1,0.3595186603103761,1.6544723263618781
NAR031920016,NAR,CJF_1,CJF,1,R,R-NAR031920016,15,2,0.5965205520293401,1.6544723263618781
NAR031920016,NAR,CJF_1,CJF,1,R,R-NAR031920016,15,3,0.7253511539868848,1.6544723263618781
NAR031920016,NAR,CJF_1,CJF,1,R,R-NAR031920016,15,4,0.836014913736236,1.6544723263618781
NAR031920016,NAR,CJF_1,CJF,1,R,R-NAR031920016,15,5,0.9204250802159993,1.6544723263618781
NAR031920016,NAR,CJF_1,CJF,1,R,R-NAR031920016,15,6,1.011703315561959,1.6544723263618781
NAR031920016,NAR,CJF_1,CJF,1,R,R-NAR031920016,15,7,1.093011670956191,1.6544723263618781
NAR031920016,NAR,CJF_1,CJF,1,R,R-NAR031920016,15,8,1.1618025708132282,1.6544723263618781
NAR031920016,NAR,CJF_1,CJF,1,R,R-NAR031920016,15,9,1.2205684851210021,1.6544723263618781
NAR031920016,NAR,CJF_1,CJF,1,R,R-NAR031920016,15,10,1.2855380215998384,1.6544723263618781
NAR031920016,NAR,CJF_1,CJF,1,R,R-NAR031920016,15,11,1.363744565908539,1.6544723263618781
NAR031920016,NAR,CJF_1,CJF,1,R,R-NAR031920016,15,12,1.436911064643841,1.6544723263618781
NAR031920016,NAR,CJF_1,CJF,1,R,R-NAR031920016,15,13,1.5145082678549429,1.6544723263618781
NAR031920016,NAR,CJF_1,CJF,1,R,R-NAR031920016,15,14,1.5794778043337792,1.6544723263618781
NAR031920016,NAR,CJF_1,CJF,1,R,R-NAR031920016,15,15,1.6544723263618781,1.6544723263618781
NAR031920016,NAR,CJF_2,CJF,2,R,R-NAR031920016,15,1,0.38023488568005803,1.6948249986166453
NAR031920016,NAR,CJF_2,CJF,2,R,R-NAR031920016,15,2,0.6211441283766908,1.6948249986166453
NAR031920016,NAR,CJF_2,CJF,2,R,R-NAR031920016,15,3,0.7611565688105147,1.6948249986166453
NAR031920016,NAR,CJF_2,CJF,2,R,R-NAR031920016,15,4,0.8716697454365209,1.6948249986166453
NAR031920016,NAR,CJF_2,CJF,2,R,R-NAR031920016,15,5,0.9618662021198855,1.6948249986166453
NAR031920016,NAR,CJF_2,CJF,2,R,R-NAR031920016,15,6,1.0498935063131452,1.6948249986166453
NAR031920016,NAR,CJF_2,CJF,2,R,R-NAR031920016,15,7,1.122448329448729,1.6948249986166453
NAR031920016,NAR,CJF_2,CJF,2,R,R-NAR031920016,15,8,1.198979730473237,1.6948249986166453
NAR031920016,NAR,CJF_2,CJF,2,R,R-NAR031920016,15,9,1.262966703787309,1.6948249986166453
NAR031920016,NAR,CJF_2,CJF,2,R,R-NAR031920016,15,10,1.3222903017620578,1.6948249986166453
NAR031920016,NAR,CJF_2,CJF,2,R,R-NAR031920016,15,11,1.4120529279474012,1.6948249986166453
NAR031920016,NAR,CJF_2,CJF,2,R,R-NAR031920016,15,12,1.4680867454836248,1.6948249986166453
NAR031920016,NAR,CJF_2,CJF,2,R,R-NAR031920016,15,13,1.5285309714067934,1.6948249986166453
NAR031920016,NAR,CJF_2,CJF,2,R,R-NAR031920016,15,14,1.6182935975921373,1.6948249986166453
NAR031920016,NAR,CJF_2,CJF,2,R,R-NAR031920016,15,15,1.6948249986166453,1.6948249986166453
NAR031920016,NAR,CJF_3,CJF,3,R,R-NAR031920016,15,1,0.38498680829288967,1.6626103312968288
NAR031920016,NAR,CJF_3,CJF,3,R,R-NAR031920016,15,2,0.6314248065830039,1.6626103312968288
NAR031920016,NAR,CJF_3,CJF,3,R,R-NAR031920016,15,3,0.7633648694047555,1.6626103312968288
NAR031920016,NAR,CJF_3,CJF,3,R,R-NAR031920016,15,4,0.8560601456813827,1.6626103312968288
NAR031920016,NAR,CJF_3,CJF,3,R,R-NAR031920016,15,5,0.9501636329551243,1.6626103312968288
NAR031920016,NAR,CJF_3,CJF,3,R,R-NAR031920016,15,6,1.0435630147303085,1.6626103312968288
NAR031920016,NAR,CJF_3,CJF,3,R,R-NAR031920016,15,7,1.1039063549686114,1.6626103312968288
NAR031920016,NAR,CJF_3,CJF,3,R,R-NAR031920016,15,8,1.189004675239883,1.6626103312968288
NAR031920016,NAR,CJF_3,CJF,3,R,R-NAR031920016,15,9,1.2518803341466374,1.6626103312968288
NAR031920016,NAR,CJF_3,CJF,3,R,R-NAR031920016,15,10,1.314051887554835,1.6626103312968288
NAR031920016,NAR,CJF_3,CJF,3,R,R-NAR031920016,15,11,1.3929614628178644,1.6626103312968288
NAR031920016,NAR,CJF_3,CJF,3,R,R-NAR031920016,15,12,1.4703269282367741,1.6626103312968288
NAR031920016,NAR,CJF_3,CJF,3,R,R-NAR031920016,15,13,1.532498481644972,1.6626103312968288
NAR031920016,NAR,CJF_3,CJF,3,R,R-NAR031920016,15,14,1.5946700350531695,1.6626103312968288
NAR031920016,NAR,CJF_3,CJF,3,R,R-NAR031920016,15,15,1.6626103312968288,1.6626103312968288
NAR031920016,NAR,JRS_1,JRS,1,R,R-NAR031920016,12,1,0.44600033784163606,1.4686747696566427
NAR031920016,NAR,JRS_1,JRS,1,R,R-NAR031920016,12,2,0.5819864187397549,1.4686747696566427
NAR031920016,NAR,JRS_1,JRS,1,R,R-NAR031920016,12,3,0.6925224058375988,1.4686747696566427
NAR031920016,NAR,JRS_1,JRS,1,R,R-NAR031920016,12,4,0.7734962014358517,1.4686747696566427
NAR031920016,NAR,JRS_1,JRS,1,R,R-NAR031920016,12,5,0.8621827759346249,1.4686747696566427
NAR031920016,NAR,JRS_1,JRS,1,R,R-NAR031920016,12,6,0.9339878573162337,1.4686747696566427
NAR031920016,NAR,JRS_1,JRS,1,R,R-NAR031920016,12,7,1.0135057175983624,1.4686747696566427
NAR031920016,NAR,JRS_1,JRS,1,R,R-NAR031920016,12,8,1.0865110260470388,1.4686747696566427
NAR031920016,NAR,JRS_1,JRS,1,R,R-NAR031920016,12,9,1.1497475067455374,1.4686747696566427
NAR031920016,NAR,JRS_1,JRS,1,R,R-NAR031920016,12,10,1.2180406039613638,1.4686747696566427
NAR031920016,NAR,JRS_1,JRS,1,R,R-NAR031920016,12,11,1.284533360576588,1.4686747696566427
NAR031920016,NAR,JRS_1,JRS,1,R,R-NAR031920016,12,12,1.3619951720090588,1.4686747696566427
NAR031920016,NAR,LEL_1,LEL,1,R,R-NAR031920016,12,1,0.48355502482431556,1.4990516144254797
NAR031920016,NAR,LEL_1,LEL,1,R,R-NAR031920016,12,2,0.5933505782954733,1.4990516144254797
NAR031920016,NAR,LEL_1,LEL,1,R,R-NAR031920016,12,3,0.6876067729203875,1.4990516144254797
NAR031920016,NAR,LEL_1,LEL,1,R,R-NAR031920016,12,4,0.785621686171284,1.4990516144254797
NAR031920016,NAR,LEL_1,LEL,1,R,R-NAR031920016,12,5,0.8781204902452244,1.4990516144254797
NAR031920016,NAR,LEL_1,LEL,1,R,R-NAR031920016,12,6,0.9435487692081103,1.4990516144254797
NAR031920016,NAR,LEL_1,LEL,1,R,R-NAR031920016,12,7,1.0187508238848335,1.4990516144254797
NAR031920016,NAR,LEL_1,LEL,1,R,R-NAR031920016,12,8,1.0844285768031687,1.4990516144254797
NAR031920016,NAR,LEL_1,LEL,1,R,R-NAR031920016,12,9,1.1686559853273812,1.4990516144254797
NAR031920016,NAR,LEL_1,LEL,1,R,R-NAR031920016,12,10,1.2330808320370554,1.4990516144254797
NAR031920016,NAR,LEL_1,LEL,1,R,R-NAR031920016,12,11,1.3137989958907355,1.4990516144254797
NAR031920016,NAR,LEL_1,LEL,1,R,R-NAR031920016,12,12,1.3977769304594991,1.4990516144254797
NAR031920017,NAR,CJF_1,CJF,1,R,R-NAR031920017,4,1,0.4069214778845649,0.9377745584211782
NAR031920017,NAR,CJF_1,CJF,1,R,R-NAR031920017,4,2,0.6150246768368879,0.9377745584211782
NAR031920017,NAR,CJF_1,CJF,1,R,R-NAR031920017,4,3,0.7832358441940575,0.9377745584211782
NAR031920017,NAR,CJF_1,CJF,1,R,R-NAR031920017,4,4,0.9377745584211782,0.9377745584211782
NAR031920017,NAR,CJF_2,CJF,2,R,R-NAR031920017,4,1,0.409107170746288,0.9153375737520366
NAR031920017,NAR,CJF_2,CJF,2,R,R-NAR031920017,4,2,0.6147585136097823,0.9153375737520366
NAR031920017,NAR,CJF_2,CJF,2,R,R-NAR031920017,4,3,0.7481924447453139,0.9153375737520366
NAR031920017,NAR,CJF_2,CJF,2,R,R-NAR031920017,4,4,0.9153375737520366,0.9153375737520366
NAR031920017,NAR,CJF_3,CJF,3,R,R-NAR031920017,4,1,0.4615382096429539,0.9628164534884294
NAR031920017,NAR,CJF_3,CJF,3,R,R-NAR031920017,4,2,0.6496264933118836,0.9628164534884294
NAR031920017,NAR,CJF_3,CJF,3,R,R-NAR031920017,4,3,0.8049470452983927,0.9628164534884294
NAR031920017,NAR,CJF_3,CJF,3,R,R-NAR031920017,4,4,0.9628164534884294,0.9628164534884294
NAR031920017,NAR,JRS_1,JRS,1,R,R-NAR031920017,3,1,0.38798589347952733,0.8794107329883212
NAR031920017,NAR,JRS_1,JRS,1,R,R-NAR031920017,3,2,0.5819896243757978,0.8794107329883212
NAR031920017,NAR,JRS_1,JRS,1,R,R-NAR031920017,3,3,0.7164961925617555,0.8794107329883212
NAR031920017,NAR,LEL_1,LEL,1,R,R-NAR031920017,3,1,0.36153131368055264,0.8535229050061296
NAR031920017,NAR,LEL_1,LEL,1,R,R-NAR031920017,3,2,0.5400223045407825,0.8535229050061296
NAR031920017,NAR,LEL_1,LEL,1,R,R-NAR031920017,3,3,0.6841305780660842,0.8535229050061296
NAR031920018,NAR,CJF_1,CJF,1,R,R-NAR031920018,9,1,0.36699893777401466,1.2762135859119663
NAR031920018,NAR,CJF_1,CJF,1,R,R-NAR031920018,9,2,0.5796490444151887,1.2762135859119663
NAR031920018,NAR,CJF_1,CJF,1,R,R-NAR031920018,9,3,0.7296953266851262,1.2762135859119663
NAR031920018,NAR,CJF_1,CJF,1,R,R-NAR031920018,9,4,0.7956250402693046,1.2762135859119663
NAR031920018,NAR,CJF_1,CJF,1,R,R-NAR031920018,9,5,0.8693491203255889,1.2762135859119663
NAR031920018,NAR,CJF_1,CJF,1,R,R-NAR031920018,9,6,0.9595556287779177,1.2762135859119663
NAR031920018,NAR,CJF_1,CJF,1,R,R-NAR031920018,9,7,1.0445658929155095,1.2762135859119663
NAR031920018,NAR,CJF_1,CJF,1,R,R-NAR031920018,9,8,1.135666096819671,1.2762135859119663
NAR031920018,NAR,CJF_1,CJF,1,R,R-NAR031920018,9,9,1.2762135859119663,1.2762135859119663
NAR031920018,NAR,CJF_2,CJF,2,R,R-NAR031920018,9,1,0.6222561751878498,1.3257410612245975
NAR031920018,NAR,CJF_2,CJF,2,R,R-NAR031920018,9,2,0.7416151619815167,1.3257410612245975
NAR031920018,NAR,CJF_2,CJF,2,R,R-NAR031920018,9,3,0.84150526187027,1.3257410612245975
NAR031920018,NAR,CJF_2,CJF,2,R,R-NAR031920018,9,4,0.9280435301302759,1.3257410612245975
NAR031920018,NAR,CJF_2,CJF,2,R,R-NAR031920018,9,5,1.0031551857030079,1.3257410612245975
NAR031920018,NAR,CJF_2,CJF,2,R,R-NAR031920018,9,6,1.077894267583601,1.3257410612245975
NAR031920018,NAR,CJF_2,CJF,2,R,R-NAR031920018,9,7,1.164432535843607,1.3257410612245975
NAR031920018,NAR,CJF_2,CJF,2,R,R-NAR031920018,9,8,1.256342711995503,1.3257410612245975
NAR031920018,NAR,CJF_2,CJF,2,R,R-NAR031920018,9,9,1.3257410612245975,1.3257410612245975
NAR031920018,NAR,CJF_3,CJF,3,R,R-NAR031920018,10,1,0.3541979168807609,1.2549292242776766
NAR031920018,NAR,CJF_3,CJF,3,R,R-NAR031920018,10,2,0.5587086117871266,1.2549292242776766
NAR031920018,NAR,CJF_3,CJF,3,R,R-NAR031920018,10,3,0.6902337392713968,1.2549292242776766
NAR031920018,NAR,CJF_3,CJF,3,R,R-NAR031920018,10,4,0.7813310324754504,1.2549292242776766
NAR031920018,NAR,CJF_3,CJF,3,R,R-NAR031920018,10,5,0.8587224574465118,1.2549292242776766
NAR031920018,NAR,CJF_3,CJF,3,R,R-NAR031920018,10,6,0.9463555070611921,1.2549292242776766
NAR031920018,NAR,CJF_3,CJF,3,R,R-NAR031920018,10,7,1.0357710471787256,1.2549292242776766
NAR031920018,NAR,CJF_3,CJF,3,R,R-NAR031920018,10,8,1.1002471117518877,1.2549292242776766
NAR031920018,NAR,CJF_3,CJF,3,R,R-NAR031920018,10,9,1.1681370512062559,1.2549292242776766
NAR031920018,NAR,CJF_3,CJF,3,R,R-NAR031920018,10,10,1.2549292242776766,1.2549292242776766
NAR031920018,NAR,JRS_1,JRS,1,R,R-NAR031920018,7,1,0.4076229106852009,1.0930246928128144
NAR031920018,NAR,JRS_1,JRS,1,R,R-NAR031920018,7,2,0.5485864386925551,1.0930246928128144
NAR031920018,NAR,JRS_1,JRS,1,R,R-NAR031920018,7,3,0.6281411255264331,1.0930246928128144
NAR031920018,NAR,JRS_1,JRS,1,R,R-NAR031920018,7,4,0.7162752766273646,1.0930246928128144
NAR031920018,NAR,JRS_1,JRS,1,R,R-NAR031920018,7,5,0.8040988062540527,1.0930246928128144
NAR031920018,NAR,JRS_1,JRS,1,R,R-NAR031920018,7,6,0.8849235053366873,1.0930246928128144
NAR031920018,NAR,JRS_1,JRS,1,R,R-NAR031920018,7,7,0.9832452807794547,1.0930246928128144
NAR031920018,NAR,LEL_1,LEL,1,R,R-NAR031920018,7,1,0.4401771435693913,1.051922593507884
NAR031920018,NAR,LEL_1,LEL,1,R,R-NAR031920018,7,2,0.5526250693153014,1.051922593507884
NAR031920018,NAR,LEL_1,LEL,1,R,R-NAR031920018,7,3,0.6214792853125763,1.051922593507884
NAR031920018,NAR,LEL_1,LEL,1,R,R-NAR031920018,7,4,0.6903335013098518,1.051922593507884
NAR031920018,NAR,LEL_1,LEL,1,R,R-NAR031920018,7,5,0.7840301460464614,1.051922593507884
NAR031920018,NAR,LEL_1,LEL,1,R,R-NAR031920018,7,6,0.8726508343413761,1.051922593507884
NAR031920018,NAR,LEL_1,LEL,1,R,R-NAR031920018,7,7,0.9367276507864736,1.051922593507884
NAR031920019,NAR,CJF_1,CJF,1,R,R-NAR031920019,9,1,0.5294506305640411,1.4703479250121336
NAR031920019,NAR,CJF_1,CJF,1,R,R-NAR031920019,9,2,0.7328602319860418,1.4703479250121336
NAR031920019,NAR,CJF_1,CJF,1,R,R-NAR031920019,9,3,0.8661868409504315,1.4703479250121336
NAR031920019,NAR,CJF_1,CJF,1,R,R-NAR031920019,9,4,0.9884588222391938,1.4703479250121336
NAR031920019,NAR,CJF_1,CJF,1,R,R-NAR031920019,9,5,1.090112096785788,1.4703479250121336
NAR031920019,NAR,CJF_1,CJF,1,R,R-NAR031920019,9,6,1.1994266924745813,1.4703479250121336
NAR031920019,NAR,CJF_1,CJF,1,R,R-NAR031920019,9,7,1.2899222870167333,1.4703479250121336
NAR031920019,NAR,CJF_1,CJF,1,R,R-NAR031920019,9,8,1.391575561563327,1.4703479250121336
NAR031920019,NAR,CJF_1,CJF,1,R,R-NAR031920019,9,9,1.4703479250121336,1.4703479250121336
NAR031920019,NAR,CJF_2,CJF,2,R,R-NAR031920019,9,1,0.5075490582394044,1.464850282812045
NAR031920019,NAR,CJF_2,CJF,2,R,R-NAR031920019,9,2,0.7177994451513046,1.464850282812045
NAR031920019,NAR,CJF_2,CJF,2,R,R-NAR031920019,9,3,0.8749578155006996,1.464850282812045
NAR031920019,NAR,CJF_2,CJF,2,R,R-NAR031920019,9,4,0.9849843253008568,1.464850282812045
NAR031920019,NAR,CJF_2,CJF,2,R,R-NAR031920019,9,5,1.1032451760082087,1.464850282812045
NAR031920019,NAR,CJF_2,CJF,2,R,R-NAR031920019,9,6,1.1960971108812717,1.464850282812045
NAR031920019,NAR,CJF_2,CJF,2,R,R-NAR031920019,9,7,1.2896549388670413,1.464850282812045
NAR031920019,NAR,CJF_2,CJF,2,R,R-NAR031920019,9,8,1.3825068737401038,1.464850282812045
NAR031920019,NAR,CJF_2,CJF,2,R,R-NAR031920019,9,9,1.464850282812045,1.464850282812045
NAR031920019,NAR,CJF_3,CJF,3,R,R-NAR031920019,9,1,0.5298423757895149,1.4966962816830378
NAR031920019,NAR,CJF_3,CJF,3,R,R-NAR031920019,9,2,0.7357812842392674,1.4966962816830378
NAR031920019,NAR,CJF_3,CJF,3,R,R-NAR031920019,9,3,0.8810870545727645,1.4966962816830378
NAR031920019,NAR,CJF_3,CJF,3,R,R-NAR031920019,9,4,0.9829527596781487,1.4966962816830378
NAR031920019,NAR,CJF_3,CJF,3,R,R-NAR031920019,9,5,1.101134891720065,1.4966962816830378
NAR031920019,NAR,CJF_3,CJF,3,R,R-NAR031920019,9,6,1.2091752385506218,1.4966962816830378
NAR031920019,NAR,CJF_3,CJF,3,R,R-NAR031920019,9,7,1.3017821577402395,1.4966962816830378
NAR031920019,NAR,CJF_3,CJF,3,R,R-NAR031920019,9,8,1.4045308621412171,1.4966962816830378
NAR031920019,NAR,CJF_3,CJF,3,R,R-NAR031920019,9,9,1.4966962816830378,1.4966962816830378
NAR031920019,NAR,JRS_1,JRS,1,R,R-NAR031920019,7,1,0.4891174946547301,1.3592124147396618
NAR031920019,NAR,JRS_1,JRS,1,R,R-NAR031920019,7,2,0.6995148997585092,1.3592124147396618
NAR031920019,NAR,JRS_1,JRS,1,R,R-NAR031920019,7,3,0.8357075286260617,1.3592124147396618
NAR031920019,NAR,JRS_1,JRS,1,R,R-NAR031920019,7,4,0.9225813269377616,1.3592124147396618
NAR031920019,NAR,JRS_1,JRS,1,R,R-NAR031920019,7,5,1.0280062391139912,1.3592124147396618
NAR031920019,NAR,JRS_1,JRS,1,R,R-NAR031920019,7,6,1.1501725881600313,1.3592124147396618
NAR031920019,NAR,JRS_1,JRS,1,R,R-NAR031920019,7,7,1.2347839694502232,1.3592124147396618
NAR031920019,NAR,LEL_1,LEL,1,R,R-NAR031920019,8,1,0.07936254575098049,0.986093742203023
NAR031920019,NAR,LEL_1,LEL,1,R,R-NAR031920019,8,2,0.15709407521563334,0.986093742203023
NAR031920019,NAR,LEL_1,LEL,1,R,R-NAR031920019,8,3,0.19889135528809987,0.986093742203023
NAR031920019,NAR,LEL_1,LEL,1,R,R-NAR031920019,8,4,0.2600097382381718,0.986093742203023
NAR031920019,NAR,LEL_1,LEL,1,R,R-NAR031920019,8,5,0.34271006247463304,0.986093742203023
NAR031920019,NAR,LEL_1,LEL,1,R,R-NAR031920019,8,6,0.3840602245928644,0.986093742203023
NAR031920019,NAR,LEL_1,LEL,1,R,R-NAR031920019,8,7,0.44925316640627294,0.986093742203023
NAR031920019,NAR,LEL_1,LEL,1,R,R-NAR031920019,8,8,0.5757219467003674,0.986093742203023
NAR031920019,NAR,NGA_1,NGA,1,R,R-NAR031920019,9,1,0.5875783957342358,1.5520526560801358
NAR031920019,NAR,NGA_1,NGA,1,R,R-NAR031920019,9,2,0.8051087836236488,1.5520526560801358
NAR031920019,NAR,NGA_1,NGA,1,R,R-NAR031920019,9,3,0.9248625343413904,1.5520526560801358
NAR031920019,NAR,NGA_1,NGA,1,R,R-NAR031920019,9,4,1.0288606893600993,1.5520526560801358
NAR031920019,NAR,NGA_1,NGA,1,R,R-NAR031920019,9,5,1.1528665084624998,1.5520526560801358
NAR031920019,NAR,NGA_1,NGA,1,R,R-NAR031920019,9,6,1.2483605267118902,1.5520526560801358
NAR031920019,NAR,NGA_1,NGA,1,R,R-NAR031920019,9,7,1.334209098730823,1.5520526560801358
NAR031920019,NAR,NGA_1,NGA,1,R,R-NAR031920019,9,8,1.4311575959012544,1.5520526560801358
NAR031920019,NAR,NGA_1,NGA,1,R,R-NAR031920019,9,9,1.5520526560801358,1.5520526560801358
NAR031920019,NAR,NGA_2,NGA,2,R,R-NAR031920019,9,1,0.6360737122534142,1.584420889390831
NAR031920019,NAR,NGA_2,NGA,2,R,R-NAR031920019,9,2,0.8552304914858557,1.584420889390831
NAR031920019,NAR,NGA_2,NGA,2,R,R-NAR031920019,9,3,0.9812180681778387,1.584420889390831
NAR031920019,NAR,NGA_2,NGA,2,R,R-NAR031920019,9,4,1.0795108206372026,1.584420889390831
NAR031920019,NAR,NGA_2,NGA,2,R,R-NAR031920019,9,5,1.187248461615372,1.584420889390831
NAR031920019,NAR,NGA_2,NGA,2,R,R-NAR031920019,9,6,1.3013893351600465,1.584420889390831
NAR031920019,NAR,NGA_2,NGA,2,R,R-NAR031920019,9,7,1.392691530618006,1.584420889390831
NAR031920019,NAR,NGA_2,NGA,2,R,R-NAR031920019,9,8,1.4748687582190598,1.584420889390831
NAR031920019,NAR,NGA_2,NGA,2,R,R-NAR031920019,9,9,1.584420889390831,1.584420889390831
NAR031920020,NAR,CJF_1,CJF,1,R,R-NAR031920020,13,1,0.7129698878017167,1.6976404890947632
NAR031920020,NAR,CJF_1,CJF,1,R,R-NAR031920020,13,2,0.8537819666081898,1.6976404890947632
NAR031920020,NAR,CJF_1,CJF,1,R,R-NAR031920020,13,3,0.946642735460241,1.6976404890947632
NAR031920020,NAR,CJF_1,CJF,1,R,R-NAR031920020,13,4,1.0299420502415444,1.6976404890947632
NAR031920020,NAR,CJF_1,CJF,1,R,R-NAR031920020,13,5,1.1248307197981235,1.6976404890947632
NAR031920020,NAR,CJF_1,CJF,1,R,R-NAR031920020,13,6,1.2147216573937238,1.6976404890947632
NAR031920020,NAR,CJF_1,CJF,1,R,R-NAR031920020,13,7,1.3009908034314779,1.6976404890947632
NAR031920020,NAR,CJF_1,CJF,1,R,R-NAR031920020,13,8,1.3654571803218132,1.6976404890947632
NAR031920020,NAR,CJF_1,CJF,1,R,R-NAR031920020,13,9,1.4358632197250498,1.6976404890947632
NAR031920020,NAR,CJF_1,CJF,1,R,R-NAR031920020,13,10,1.5257541573206503,1.6976404890947632
NAR031920020,NAR,CJF_1,CJF,1,R,R-NAR031920020,13,11,1.5895685739095895,1.6976404890947632
NAR031920020,NAR,CJF_1,CJF,1,R,R-NAR031920020,13,12,1.6477332982361546,1.6976404890947632
NAR031920020,NAR,CJF_1,CJF,1,R,R-NAR031920020,13,13,1.6976404890947632,1.6976404890947632
NAR031920020,NAR,CJF_2,CJF,2,R,R-NAR031920020,14,1,0.5912632842437774,1.7632498271579498
NAR031920020,NAR,CJF_2,CJF,2,R,R-NAR031920020,14,2,0.7269513908179368,1.7632498271579498
NAR031920020,NAR,CJF_2,CJF,2,R,R-NAR031920020,14,3,0.8520994718187154,1.7632498271579498
NAR031920020,NAR,CJF_2,CJF,2,R,R-NAR031920020,14,4,0.9638504832061376,1.7632498271579498
NAR031920020,NAR,CJF_2,CJF,2,R,R-NAR031920020,14,5,1.0496955059533708,1.7632498271579498
NAR031920020,NAR,CJF_2,CJF,2,R,R-NAR031920020,14,6,1.1489375983139607,1.7632498271579498
NAR031920020,NAR,CJF_2,CJF,2,R,R-NAR031920020,14,7,1.2347826210611936,1.7632498271579498
NAR031920020,NAR,CJF_2,CJF,2,R,R-NAR031920020,14,8,1.3201835685151646,1.7632498271579498
NAR031920020,NAR,CJF_2,CJF,2,R,R-NAR031920020,14,9,1.385392615408899,1.7632498271579498
NAR031920020,NAR,CJF_2,CJF,2,R,R-NAR031920020,14,10,1.4664117006627047,1.7632498271579498
NAR031920020,NAR,CJF_2,CJF,2,R,R-NAR031920020,14,11,1.5632408242765807,1.7632498271579498
NAR031920020,NAR,CJF_2,CJF,2,R,R-NAR031920020,14,12,1.6179098455969347,1.7632498271579498
NAR031920020,NAR,CJF_2,CJF,2,R,R-NAR031920020,14,13,1.6932148427707876,1.7632498271579498
NAR031920020,NAR,CJF_2,CJF,2,R,R-NAR031920020,14,14,1.7632498271579498,1.7632498271579498
NAR031920020,NAR,CJF_3,CJF,3,R,R-NAR031920020,14,1,0.5172433891186541,1.6819361621327977
NAR031920020,NAR,CJF_3,CJF,3,R,R-NAR031920020,14,2,0.687408163471823,1.6819361621327977
NAR031920020,NAR,CJF_3,CJF,3,R,R-NAR031920020,14,3,0.8293317801550418,1.6819361621327977
NAR031920020,NAR,CJF_3,CJF,3,R,R-NAR031920020,14,4,0.9224221874458983,1.6819361621327977
NAR031920020,NAR,CJF_3,CJF,3,R,R-NAR031920020,14,5,1.0073083024457996,1.6819361621327977
NAR031920020,NAR,CJF_3,CJF,3,R,R-NAR031920020,14,6,1.1076552713308259,1.6819361621327977
NAR031920020,NAR,CJF_3,CJF,3,R,R-NAR031920020,14,7,1.1971173978245968,1.6819361621327977
NAR031920020,NAR,CJF_3,CJF,3,R,R-NAR031920020,14,8,1.2758096331087694,1.6819361621327977
NAR031920020,NAR,CJF_3,CJF,3,R,R-NAR031920020,14,9,1.3344650030139462,1.6819361621327977
NAR031920020,NAR,CJF_3,CJF,3,R,R-NAR031920020,14,10,1.4124871007730437,1.6819361621327977
NAR031920020,NAR,CJF_3,CJF,3,R,R-NAR031920020,14,11,1.5078655138108346,1.6819361621327977
NAR031920020,NAR,CJF_3,CJF,3,R,R-NAR031920020,14,12,1.5514525741842529,1.6819361621327977
NAR031920020,NAR,CJF_3,CJF,3,R,R-NAR031920020,14,13,1.61898237390546,1.6819361621327977
NAR031920020,NAR,CJF_3,CJF,3,R,R-NAR031920020,14,14,1.6819361621327977,1.6819361621327977
NAR031920020,NAR,JRS_1,JRS,1,R,R-NAR031920020,11,1,0.3338636793649301,1.1063234681292016
NAR031920020,NAR,JRS_1,JRS,1,R,R-NAR031920020,11,2,0.43637996019546577,1.1063234681292016
NAR031920020,NAR,JRS_1,JRS,1,R,R-NAR031920020,11,3,0.5216629674354383,1.1063234681292016
NAR031920020,NAR,JRS_1,JRS,1,R,R-NAR031920020,11,4,0.6420324238398608,1.1063234681292016
NAR031920020,NAR,JRS_1,JRS,1,R,R-NAR031920020,11,5,0.6950185408404044,1.1063234681292016
NAR031920020,NAR,JRS_1,JRS,1,R,R-NAR031920020,11,6,0.7451686066537303,1.1063234681292016
NAR031920020,NAR,JRS_1,JRS,1,R,R-NAR031920020,11,7,0.8063064339620494,1.1063234681292016
NAR031920020,NAR,JRS_1,JRS,1,R,R-NAR031920020,11,8,0.8677542122620341,1.1063234681292016
NAR031920020,NAR,JRS_1,JRS,1,R,R-NAR031920020,11,9,0.9091326657842481,1.1063234681292016
NAR031920020,NAR,JRS_1,JRS,1,R,R-NAR031920020,11,10,0.9746562992381207,1.1063234681292016
NAR031920020,NAR,JRS_1,JRS,1,R,R-NAR031920020,11,11,1.0276424162386617,1.1063234681292016
NAR031920020,NAR,LEL_1,LEL,1,R,R-NAR031920020,11,1,0.4429827826389816,1.2767997139065377
NAR031920020,NAR,LEL_1,LEL,1,R,R-NAR031920020,11,2,0.5194000687289702,1.2767997139065377
NAR031920020,NAR,LEL_1,LEL,1,R,R-NAR031920020,11,3,0.5982465605920193,1.2767997139065377
NAR031920020,NAR,LEL_1,LEL,1,R,R-NAR031920020,11,4,0.6864435354983331,1.2767997139065377
NAR031920020,NAR,LEL_1,LEL,1,R,R-NAR031920020,11,5,0.7784233074548761,1.2767997139065377
NAR031920020,NAR,LEL_1,LEL,1,R,R-NAR031920020,11,6,0.8408681237711053,1.2767997139065377
NAR031920020,NAR,LEL_1,LEL,1,R,R-NAR031920020,11,7,0.9073971195698706,1.2767997139065377
NAR031920020,NAR,LEL_1,LEL,1,R,R-NAR031920020,11,8,0.9902628332987853,1.2767997139065377
NAR031920020,NAR,LEL_1,LEL,1,R,R-NAR031920020,11,9,1.052471224799383,1.2767997139065377
NAR031920020,NAR,LEL_1,LEL,1,R,R-NAR031920020,11,10,1.1185273709668653,1.2767997139065377
NAR031920020,NAR,LEL_1,LEL,1,R,R-NAR031920020,11,11,1.1944068498089002,1.2767997139065377
NAR031920020,NAR,NGA_1,NGA,1,R,R-NAR031920020,12,1,0.7668734464520114,1.7340963962357998
NAR031920020,NAR,NGA_1,NGA,1,R,R-NAR031920020,12,2,0.8946257414099619,1.7340963962357998
NAR031920020,NAR,NGA_1,NGA,1,R,R-NAR031920020,12,3,0.9865508857168332,1.7340963962357998
NAR031920020,NAR,NGA_1,NGA,1,R,R-NAR031920020,12,4,1.081596366422395,1.7340963962357998
NAR031920020,NAR,NGA_1,NGA,1,R,R-NAR031920020,12,5,1.175384637699063,1.7340963962357998
NAR031920020,NAR,NGA_1,NGA,1,R,R-NAR031920020,12,6,1.2648180503216917,1.7340963962357998
NAR031920020,NAR,NGA_1,NGA,1,R,R-NAR031920020,12,7,1.3311972730716821,1.7340963962357998
NAR031920020,NAR,NGA_1,NGA,1,R,R-NAR031920020,12,8,1.3960049840355553,1.7340963962357998
NAR031920020,NAR,NGA_1,NGA,1,R,R-NAR031920020,12,9,1.4729797382369667,1.7340963962357998
NAR031920020,NAR,NGA_1,NGA,1,R,R-NAR031920020,12,10,1.5876447700592524,1.7340963962357998
NAR031920020,NAR,NGA_1,NGA,1,R,R-NAR031920020,12,11,1.6652254418015655,1.7340963962357998
NAR031920020,NAR,NGA_1,NGA,1,R,R-NAR031920020,12,12,1.7340963962357998,1.7340963962357998
NAR031920020,NAR,NGA_2,NGA,2,R,R-NAR031920020,12,1,1.0178323122611013,1.9710172807129052
NAR031920020,NAR,NGA_2,NGA,2,R,R-NAR031920020,12,2,1.167568669143583,1.9710172807129052
NAR031920020,NAR,NGA_2,NGA,2,R,R-NAR031920020,12,3,1.2663565966227062,1.9710172807129052
NAR031920020,NAR,NGA_2,NGA,2,R,R-NAR031920020,12,4,1.343410835275529,1.9710172807129052
NAR031920020,NAR,NGA_2,NGA,2,R,R-NAR031920020,12,5,1.4474937542938264,1.9710172807129052
NAR031920020,NAR,NGA_2,NGA,2,R,R-NAR031920020,12,6,1.5170669411958932,1.9710172807129052
NAR031920020,NAR,NGA_2,NGA,2,R,R-NAR031920020,12,7,1.5703860050340348,1.9710172807129052
NAR031920020,NAR,NGA_2,NGA,2,R,R-NAR031920020,12,8,1.6370348348317119,1.9710172807129052
NAR031920020,NAR,NGA_2,NGA,2,R,R-NAR031920020,12,9,1.7148273703773425,1.9710172807129052
NAR031920020,NAR,NGA_2,NGA,2,R,R-NAR031920020,12,10,1.8214654980536258,1.9710172807129052
NAR031920020,NAR,NGA_2,NGA,2,R,R-NAR031920020,12,11,1.8961491022716646,1.9710172807129052
NAR031920020,NAR,NGA_2,NGA,2,R,R-NAR031920020,12,12,1.9710172807129052,1.9710172807129052
NAR031920021,NAR,CJF_1,CJF,1,R,R-NAR031920021,13,1,0.4819795873176358,1.53758206238915
NAR031920021,NAR,CJF_1,CJF,1,R,R-NAR031920021,13,2,0.548466942036203,1.53758206238915
NAR031920021,NAR,CJF_1,CJF,1,R,R-NAR031920021,13,3,0.6793982248061448,1.53758206238915
NAR031920021,NAR,CJF_1,CJF,1,R,R-NAR031920021,13,4,0.8148734831852933,1.53758206238915
NAR031920021,NAR,CJF_1,CJF,1,R,R-NAR031920021,13,5,0.9412822841028192,1.53758206238915
NAR031920021,NAR,CJF_1,CJF,1,R,R-NAR031920021,13,6,1.0334471880842555,1.53758206238915
NAR031920021,NAR,CJF_1,CJF,1,R,R-NAR031920021,13,7,1.1080007806876402,1.53758206238915
NAR031920021,NAR,CJF_1,CJF,1,R,R-NAR031920021,13,8,1.1780103976818175,1.53758206238915
NAR031920021,NAR,CJF_1,CJF,1,R,R-NAR031920021,13,9,1.2580866917144238,1.53758206238915
NAR031920021,NAR,CJF_1,CJF,1,R,R-NAR031920021,13,10,1.320030070823784,1.53758206238915
NAR031920021,NAR,CJF_1,CJF,1,R,R-NAR031920021,13,11,1.3996062550679875,1.53758206238915
NAR031920021,NAR,CJF_1,CJF,1,R,R-NAR031920021,13,12,1.4771390126449977,1.53758206238915
NAR031920021,NAR,CJF_1,CJF,1,R,R-NAR031920021,13,13,1.53758206238915,1.53758206238915
NAR031920021,NAR,CJF_2,CJF,2,R,R-NAR031920021,13,1,0.41532490433629243,1.5039045565699312
NAR031920021,NAR,CJF_2,CJF,2,R,R-NAR031920021,13,2,0.5360914982578997,1.5039045565699312
NAR031920021,NAR,CJF_2,CJF,2,R,R-NAR031920021,13,3,0.648393973292967,1.5039045565699312
NAR031920021,NAR,CJF_2,CJF,2,R,R-NAR031920021,13,4,0.7710817099557775,1.5039045565699312
NAR031920021,NAR,CJF_2,CJF,2,R,R-NAR031920021,13,5,0.8831076988665436,1.5039045565699312
NAR031920021,NAR,CJF_2,CJF,2,R,R-NAR031920021,13,6,0.9844790700897181,1.5039045565699312
NAR031920021,NAR,CJF_2,CJF,2,R,R-NAR031920021,13,7,1.0637188776292597,1.5039045565699312
NAR031920021,NAR,CJF_2,CJF,2,R,R-NAR031920021,13,8,1.134487436217807,1.5039045565699312
NAR031920021,NAR,CJF_2,CJF,2,R,R-NAR031920021,13,9,1.2129049154488971,1.5039045565699312
NAR031920021,NAR,CJF_2,CJF,2,R,R-NAR031920021,13,10,1.2850416445300448,1.5039045565699312
NAR031920021,NAR,CJF_2,CJF,2,R,R-NAR031920021,13,11,1.3541726765661442,1.5039045565699312
NAR031920021,NAR,CJF_2,CJF,2,R,R-NAR031920021,13,12,1.4202980115571957,1.5039045565699312
NAR031920021,NAR,CJF_2,CJF,2,R,R-NAR031920021,13,13,1.5039045565699312,1.5039045565699312
NAR031920021,NAR,CJF_3,CJF,3,R,R-NAR031920021,13,1,0.47807003094108275,1.5572365698839672
NAR031920021,NAR,CJF_3,CJF,3,R,R-NAR031920021,13,2,0.6019756291404217,1.5572365698839672
NAR031920021,NAR,CJF_3,CJF,3,R,R-NAR031920021,13,3,0.7080231581050853,1.5572365698839672
NAR031920021,NAR,CJF_3,CJF,3,R,R-NAR031920021,13,4,0.8420885605158301,1.5572365698839672
NAR031920021,NAR,CJF_3,CJF,3,R,R-NAR031920021,13,5,0.9392070548631559,1.5572365698839672
NAR031920021,NAR,CJF_3,CJF,3,R,R-NAR031920021,13,6,1.0398879748420071,1.5572365698839672
NAR031920021,NAR,CJF_3,CJF,3,R,R-NAR031920021,13,7,1.1164650954617517,1.5572365698839672
NAR031920021,NAR,CJF_3,CJF,3,R,R-NAR031920021,13,8,1.1950222236635057,1.5572365698839672
NAR031920021,NAR,CJF_3,CJF,3,R,R-NAR031920021,13,9,1.27159934428325,1.5572365698839672
NAR031920021,NAR,CJF_3,CJF,3,R,R-NAR031920021,13,10,1.3380166606915886,1.5572365698839672
NAR031920021,NAR,CJF_3,CJF,3,R,R-NAR031920021,13,11,1.4145937813113323,1.5572365698839672
NAR031920021,NAR,CJF_3,CJF,3,R,R-NAR031920021,13,12,1.4811869219473945,1.5572365698839672
NAR031920021,NAR,CJF_3,CJF,3,R,R-NAR031920021,13,13,1.5572365698839672,1.5572365698839672
NAR031920021,NAR,JRS_1,JRS,1,R,R-NAR031920021,11,1,0.5187033350342819,1.5851813747727546
NAR031920021,NAR,JRS_1,JRS,1,R,R-NAR031920021,11,2,0.690618925539826,1.5851813747727546
NAR031920021,NAR,JRS_1,JRS,1,R,R-NAR031920021,11,3,0.8701227280899413,1.5851813747727546
NAR031920021,NAR,JRS_1,JRS,1,R,R-NAR031920021,11,4,0.9768657288808539,1.5851813747727546
NAR031920021,NAR,JRS_1,JRS,1,R,R-NAR031920021,11,5,1.0629631145510654,1.5851813747727546
NAR031920021,NAR,JRS_1,JRS,1,R,R-NAR031920021,11,6,1.1362822779800261,1.5851813747727546
NAR031920021,NAR,JRS_1,JRS,1,R,R-NAR031920021,11,7,1.2096014414089868,1.5851813747727546
NAR031920021,NAR,JRS_1,JRS,1,R,R-NAR031920021,11,8,1.2916255402220334,1.5851813747727546
NAR031920021,NAR,JRS_1,JRS,1,R,R-NAR031920021,11,9,1.3850319571019374,1.5851813747727546
NAR031920021,NAR,JRS_1,JRS,1,R,R-NAR031920021,11,10,1.4426163347719982,1.5851813747727546
NAR031920021,NAR,JRS_1,JRS,1,R,R-NAR031920021,11,11,1.5077889244866296,1.5851813747727546
NAR031920021,NAR,LEL_1,LEL,1,R,R-NAR031920021,11,1,0.10006567558329207,1.6003230700355082
NAR031920021,NAR,LEL_1,LEL,1,R,R-NAR031920021,11,2,0.18489751207652136,1.6003230700355082
NAR031920021,NAR,LEL_1,LEL,1,R,R-NAR031920021,11,3,0.26972934856975106,1.6003230700355082
NAR031920021,NAR,LEL_1,LEL,1,R,R-NAR031920021,11,4,0.3511986757278672,1.6003230700355082
NAR031920021,NAR,LEL_1,LEL,1,R,R-NAR031920021,11,5,0.4303408740941973,1.6003230700355082
NAR031920021,NAR,LEL_1,LEL,1,R,R-NAR031920021,11,6,0.5117589277112873,1.6003230700355082
NAR031920021,NAR,LEL_1,LEL,1,R,R-NAR031920021,11,7,0.579624396905871,1.6003230700355082
NAR031920021,NAR,LEL_1,LEL,1,R,R-NAR031920021,11,8,0.7085277695427578,1.6003230700355082
NAR031920021,NAR,LEL_1,LEL,1,R,R-NAR031920021,11,9,0.8550433836025217,1.6003230700355082
NAR031920021,NAR,LEL_1,LEL,1,R,R-NAR031920021,11,10,0.9217196516306986,1.6003230700355082
NAR031920021,NAR,LEL_1,LEL,1,R,R-NAR031920021,11,11,0.9901284478674588,1.6003230700355082
NAR031920022,NAR,CJF_1,CJF,1,R,R-NAR031920022,6,1,0.3201305509996536,0.9943048592122384
NAR031920022,NAR,CJF_1,CJF,1,R,R-NAR031920022,6,2,0.5687397053474328,0.9943048592122384
NAR031920022,NAR,CJF_1,CJF,1,R,R-NAR031920022,6,3,0.721943151884583,0.9943048592122384
NAR031920022,NAR,CJF_1,CJF,1,R,R-NAR031920022,6,4,0.8259262012371797,0.9943048592122384
NAR031920022,NAR,CJF_1,CJF,1,R,R-NAR031920022,6,5,0.9189567201561674,0.9943048592122384
NAR031920022,NAR,CJF_1,CJF,1,R,R-NAR031920022,6,6,0.9943048592122384,0.9943048592122384
NAR031920022,NAR,CJF_2,CJF,2,R,R-NAR031920022,6,1,0.31285000327514356,0.8894535687164047
NAR031920022,NAR,CJF_2,CJF,2,R,R-NAR031920022,6,2,0.46214508433452345,0.8894535687164047
NAR031920022,NAR,CJF_2,CJF,2,R,R-NAR031920022,6,3,0.602934266140322,0.8894535687164047
NAR031920022,NAR,CJF_2,CJF,2,R,R-NAR031920022,6,4,0.7340400389840427,0.8894535687164047
NAR031920022,NAR,CJF_2,CJF,2,R,R-NAR031920022,6,5,0.8205761856713207,0.8894535687164047
NAR031920022,NAR,CJF_2,CJF,2,R,R-NAR031920022,6,6,0.8894535687164047,0.8894535687164047
NAR031920022,NAR,CJF_3,CJF,3,R,R-NAR031920022,6,1,0.3858510371558404,0.994919798249082
NAR031920022,NAR,CJF_3,CJF,3,R,R-NAR031920022,6,2,0.5715292559632708,0.994919798249082
NAR031920022,NAR,CJF_3,CJF,3,R,R-NAR031920022,6,3,0.7255030911310079,0.994919798249082
NAR031920022,NAR,CJF_3,CJF,3,R,R-NAR031920022,6,4,0.8521386723519657,0.994919798249082
NAR031920022,NAR,CJF_3,CJF,3,R,R-NAR031920022,6,5,0.9422989878655088,0.994919798249082
NAR031920022,NAR,CJF_3,CJF,3,R,R-NAR031920022,6,6,0.994919798249082,0.994919798249082
NAR031920022,NAR,JRS_1,JRS,1,R,R-NAR031920022,4,1,0.5111189271399602,0.9567703179007849
NAR031920022,NAR,JRS_1,JRS,1,R,R-NAR031920022,4,2,0.6862382695366099,0.9567703179007849
NAR031920022,NAR,JRS_1,JRS,1,R,R-NAR031920022,4,3,0.7959385223460037,0.9567703179007849
NAR031920022,NAR,JRS_1,JRS,1,R,R-NAR031920022,4,4,0.8825439850902607,0.9567703179007849
NAR031920022,NAR,LEL_1,LEL,1,R,R-NAR031920022,4,1,0.5823907688834642,0.9364962217782042
NAR031920022,NAR,LEL_1,LEL,1,R,R-NAR031920022,4,2,0.6884539080231145,0.9364962217782042
NAR031920022,NAR,LEL_1,LEL,1,R,R-NAR031920022,4,3,0.7935035444077775,0.9364962217782042
NAR031920022,NAR,LEL_1,LEL,1,R,R-NAR031920022,4,4,0.8795246539291806,0.9364962217782042
NAR031920023,NAR,CJF_1,CJF,1,R,R-NAR031920023,5,1,0.32865307732323495,0.890486524634676
NAR031920023,NAR,CJF_1,CJF,1,R,R-NAR031920023,5,2,0.5660064067857787,0.890486524634676
NAR031920023,NAR,CJF_1,CJF,1,R,R-NAR031920023,5,3,0.7058222283221683,0.890486524634676
NAR031920023,NAR,CJF_1,CJF,1,R,R-NAR031920023,5,4,0.8138138140802147,0.890486524634676
NAR031920023,NAR,CJF_1,CJF,1,R,R-NAR031920023,5,5,0.890486524634676,0.890486524634676
NAR031920023,NAR,CJF_2,CJF,2,R,R-NAR031920023,5,1,0.39867148543697983,0.9551993135401369
NAR031920023,NAR,CJF_2,CJF,2,R,R-NAR031920023,5,2,0.621805681798357,0.9551993135401369
NAR031920023,NAR,CJF_2,CJF,2,R,R-NAR031920023,5,3,0.7357911572419684,0.9551993135401369
NAR031920023,NAR,CJF_2,CJF,2,R,R-NAR031920023,5,4,0.8616177504772027,0.9551993135401369
NAR031920023,NAR,CJF_2,CJF,2,R,R-NAR031920023,5,5,0.9551993135401369,0.9551993135401369
NAR031920023,NAR,CJF_3,CJF,3,R,R-NAR031920023,5,1,0.34814666789337695,0.9247393392535548
NAR031920023,NAR,CJF_3,CJF,3,R,R-NAR031920023,5,2,0.5834806078318738,0.9247393392535548
NAR031920023,NAR,CJF_3,CJF,3,R,R-NAR031920023,5,3,0.735612945523793,0.9247393392535548
NAR031920023,NAR,CJF_3,CJF,3,R,R-NAR031920023,5,4,0.8252962150101134,0.9247393392535548
NAR031920023,NAR,CJF_3,CJF,3,R,R-NAR031920023,5,5,0.9247393392535548,0.9247393392535548
NAR031920023,NAR,JRS_1,JRS,1,R,R-NAR031920023,4,1,0.3132531528446146,0.8337743045155095
NAR031920023,NAR,JRS_1,JRS,1,R,R-NAR031920023,4,2,0.5132123283778569,0.8337743045155095
NAR031920023,NAR,JRS_1,JRS,1,R,R-NAR031920023,4,3,0.6468669427802767,0.8337743045155095
NAR031920023,NAR,JRS_1,JRS,1,R,R-NAR031920023,4,4,0.7455408680824773,0.8337743045155095
NAR031920023,NAR,LEL_1,LEL,1,R,R-NAR031920023,2,1,0.5484214244615736,0.772823990282133
NAR031920023,NAR,LEL_1,LEL,1,R,R-NAR031920023,2,2,0.6531801834487493,0.772823990282133
NAR031920024,NAR,JRS_1,JRS,1,R,R-NAR031920024,0,NA,NA,0.4878418861979325
NAR031920024,NAR,LEL_1,LEL,1,R,R-NAR031920024,2,1,0.3903544950224834,0.7446762112843611
NAR031920024,NAR,LEL_1,LEL,1,R,R-NAR031920024,2,2,0.5762128449376134,0.7446762112843611
NAR031920025,NAR,CJF_1,CJF,1,R,R-NAR031920025,6,1,0.5338433954422457,1.0694185501107432
NAR031920025,NAR,CJF_1,CJF,1,R,R-NAR031920025,6,2,0.7013822786566316,1.0694185501107432
NAR031920025,NAR,CJF_1,CJF,1,R,R-NAR031920025,6,3,0.8129849012551037,1.0694185501107432
NAR031920025,NAR,CJF_1,CJF,1,R,R-NAR031920025,6,4,0.9067675901330513,1.0694185501107432
NAR031920025,NAR,CJF_1,CJF,1,R,R-NAR031920025,6,5,0.9955599042936165,1.0694185501107432
NAR031920025,NAR,CJF_1,CJF,1,R,R-NAR031920025,6,6,1.0694185501107432,1.0694185501107432
NAR031920025,NAR,CJF_2,CJF,2,R,R-NAR031920025,6,1,0.5325312447112607,1.0685110423551545
NAR031920025,NAR,CJF_2,CJF,2,R,R-NAR031920025,6,2,0.7100299801524782,1.0685110423551545
NAR031920025,NAR,CJF_2,CJF,2,R,R-NAR031920025,6,3,0.8114678399439194,1.0685110423551545
NAR031920025,NAR,CJF_2,CJF,2,R,R-NAR031920025,6,4,0.9205808301593031,1.0685110423551545
NAR031920025,NAR,CJF_2,CJF,2,R,R-NAR031920025,6,5,1.013176522688786,1.0685110423551545
NAR031920025,NAR,CJF_2,CJF,2,R,R-NAR031920025,6,6,1.0685110423551545,1.0685110423551545
NAR031920025,NAR,CJF_3,CJF,3,R,R-NAR031920025,6,1,0.5469721005060855,1.0930835070380889
NAR031920025,NAR,CJF_3,CJF,3,R,R-NAR031920025,6,2,0.7178654541785878,1.0930835070380889
NAR031920025,NAR,CJF_3,CJF,3,R,R-NAR031920025,6,3,0.830022748575127,1.0930835070380889
NAR031920025,NAR,CJF_3,CJF,3,R,R-NAR031920025,6,4,0.9141783844502557,1.0930835070380889
NAR031920025,NAR,CJF_3,CJF,3,R,R-NAR031920025,6,5,1.005334434955736,1.0930835070380889
NAR031920025,NAR,CJF_3,CJF,3,R,R-NAR031920025,6,6,1.0930835070380889,1.0930835070380889
NAR031920025,NAR,JRS_1,JRS,1,R,R-NAR031920025,5,1,0.5815745373186979,1.1140848137185808
NAR031920025,NAR,JRS_1,JRS,1,R,R-NAR031920025,5,2,0.7272539718762127,1.1140848137185808
NAR031920025,NAR,JRS_1,JRS,1,R,R-NAR031920025,5,3,0.8537987212546385,1.1140848137185808
NAR031920025,NAR,JRS_1,JRS,1,R,R-NAR031920025,5,4,0.963293734108587,1.1140848137185808
NAR031920025,NAR,JRS_1,JRS,1,R,R-NAR031920025,5,5,1.0299793320075585,1.1140848137185808
NAR031920025,NAR,LEL_1,LEL,1,R,R-NAR031920025,5,1,0.4500355215795972,0.920011334677612
NAR031920025,NAR,LEL_1,LEL,1,R,R-NAR031920025,5,2,0.561208134626144,0.920011334677612
NAR031920025,NAR,LEL_1,LEL,1,R,R-NAR031920025,5,3,0.6712397344912471,0.920011334677612
NAR031920025,NAR,LEL_1,LEL,1,R,R-NAR031920025,5,4,0.7496188654865465,0.920011334677612
NAR031920025,NAR,LEL_1,LEL,1,R,R-NAR031920025,5,5,0.834725100953627,0.920011334677612
NAR032018001,NAR,CJF_1,CJF,1,R,R-NAR032018001,19,1,0.4685562094311677,1.884958750469321
NAR032018001,NAR,CJF_1,CJF,1,R,R-NAR032018001,19,2,0.649784080471018,1.884958750469321
NAR032018001,NAR,CJF_1,CJF,1,R,R-NAR032018001,19,3,0.7885249068351574,1.884958750469321
NAR032018001,NAR,CJF_1,CJF,1,R,R-NAR032018001,19,4,0.9024832880591621,1.884958750469321
NAR032018001,NAR,CJF_1,CJF,1,R,R-NAR032018001,19,5,1.0025002957013178,1.884958750469321
NAR032018001,NAR,CJF_1,CJF,1,R,R-NAR032018001,19,6,1.0894631568432391,1.884958750469321
NAR032018001,NAR,CJF_1,CJF,1,R,R-NAR032018001,19,7,1.1687924072640696,1.884958750469321
NAR032018001,NAR,CJF_1,CJF,1,R,R-NAR032018001,19,8,1.2465715066731204,1.884958750469321
NAR032018001,NAR,CJF_1,CJF,1,R,R-NAR032018001,19,9,1.3126223074422705,1.884958750469321
NAR032018001,NAR,CJF_1,CJF,1,R,R-NAR032018001,19,10,1.3751341854091392,1.884958750469321
NAR032018001,NAR,CJF_1,CJF,1,R,R-NAR032018001,19,11,1.4522503608880228,1.884958750469321
NAR032018001,NAR,CJF_1,CJF,1,R,R-NAR032018001,19,12,1.5249403864830133,1.884958750469321
NAR032018001,NAR,CJF_1,CJF,1,R,R-NAR032018001,19,13,1.5836890384961557,1.884958750469321
NAR032018001,NAR,CJF_1,CJF,1,R,R-NAR032018001,19,14,1.6376800786603212,1.884958750469321
NAR032018001,NAR,CJF_1,CJF,1,R,R-NAR032018001,19,15,1.6738593604752743,1.884958750469321
NAR032018001,NAR,CJF_1,CJF,1,R,R-NAR032018001,19,16,1.7326080124884171,1.884958750469321
NAR032018001,NAR,CJF_1,CJF,1,R,R-NAR032018001,19,17,1.7925753535482556,1.884958750469321
NAR032018001,NAR,CJF_1,CJF,1,R,R-NAR032018001,19,18,1.8363882460842997,1.884958750469321
NAR032018001,NAR,CJF_1,CJF,1,R,R-NAR032018001,19,19,1.884958750469321,1.884958750469321
NAR032018001,NAR,CJF_2,CJF,2,R,R-NAR032018001,19,1,0.47811429207538975,1.8920783180538938
NAR032018001,NAR,CJF_2,CJF,2,R,R-NAR032018001,19,2,0.6508119658406326,1.8920783180538938
NAR032018001,NAR,CJF_2,CJF,2,R,R-NAR032018001,19,3,0.7973030810003994,1.8920783180538938
NAR032018001,NAR,CJF_2,CJF,2,R,R-NAR032018001,19,4,0.9016987130405866,1.8920783180538938
NAR032018001,NAR,CJF_2,CJF,2,R,R-NAR032018001,19,5,1.0140388073378253,1.8920783180538938
NAR032018001,NAR,CJF_2,CJF,2,R,R-NAR032018001,19,6,1.0750011736341838,1.8920783180538938
NAR032018001,NAR,CJF_2,CJF,2,R,R-NAR032018001,19,7,1.1602275290834148,1.8920783180538938
NAR032018001,NAR,CJF_2,CJF,2,R,R-NAR032018001,19,8,1.2384166025181258,1.8920783180538938
NAR032018001,NAR,CJF_2,CJF,2,R,R-NAR032018001,19,9,1.3089636071099622,1.8920783180538938
NAR032018001,NAR,CJF_2,CJF,2,R,R-NAR032018001,19,10,1.3775680422491954,1.8920783180538938
NAR032018001,NAR,CJF_2,CJF,2,R,R-NAR032018001,19,11,1.4506624031219901,1.8920783180538938
NAR032018001,NAR,CJF_2,CJF,2,R,R-NAR032018001,19,12,1.5263041202757428,1.8920783180538938
NAR032018001,NAR,CJF_2,CJF,2,R,R-NAR032018001,19,13,1.5898138428530595,1.8920783180538938
NAR032018001,NAR,CJF_2,CJF,2,R,R-NAR032018001,19,14,1.6341542888394198,1.8920783180538938
NAR032018001,NAR,CJF_2,CJF,2,R,R-NAR032018001,19,15,1.6846248365977685,1.8920783180538938
NAR032018001,NAR,CJF_2,CJF,2,R,R-NAR032018001,19,16,1.7312102454509097,1.8920783180538938
NAR032018001,NAR,CJF_2,CJF,2,R,R-NAR032018001,19,17,1.7972673243091846,1.8920783180538938
NAR032018001,NAR,CJF_2,CJF,2,R,R-NAR032018001,19,18,1.8410029834671906,1.8920783180538938
NAR032018001,NAR,CJF_2,CJF,2,R,R-NAR032018001,19,19,1.8920783180538938,1.8920783180538938
NAR032018001,NAR,CJF_3,CJF,3,R,R-NAR032018001,19,1,0.46228608655270276,1.8964513570703645
NAR032018001,NAR,CJF_3,CJF,3,R,R-NAR032018001,19,2,0.6527579552518781,1.8964513570703645
NAR032018001,NAR,CJF_3,CJF,3,R,R-NAR032018001,19,3,0.798226940424747,1.8964513570703645
NAR032018001,NAR,CJF_3,CJF,3,R,R-NAR032018001,19,4,0.9158628744099757,1.8964513570703645
NAR032018001,NAR,CJF_3,CJF,3,R,R-NAR032018001,19,5,1.0149281473377223,1.8964513570703645
NAR032018001,NAR,CJF_3,CJF,3,R,R-NAR032018001,19,6,1.0920680103356273,1.8964513570703645
NAR032018001,NAR,CJF_3,CJF,3,R,R-NAR032018001,19,7,1.1648025029220619,1.8964513570703645
NAR032018001,NAR,CJF_3,CJF,3,R,R-NAR032018001,19,8,1.2458960870242217,1.8964513570703645
NAR032018001,NAR,CJF_3,CJF,3,R,R-NAR032018001,19,9,1.3160776872252167,1.8964513570703645
NAR032018001,NAR,CJF_3,CJF,3,R,R-NAR032018001,19,10,1.3840566022204766,1.8964513570703645
NAR032018001,NAR,CJF_3,CJF,3,R,R-NAR032018001,19,11,1.456791094806911,1.8964513570703645
NAR032018001,NAR,CJF_3,CJF,3,R,R-NAR032018001,19,12,1.520014432210996,1.8964513570703645
NAR032018001,NAR,CJF_3,CJF,3,R,R-NAR032018001,19,13,1.585090247641113,1.8964513570703645
NAR032018001,NAR,CJF_3,CJF,3,R,R-NAR032018001,19,14,1.6296414818602034,1.8964513570703645
NAR032018001,NAR,CJF_3,CJF,3,R,R-NAR032018001,19,15,1.6903119268788496,1.8964513570703645
NAR032018001,NAR,CJF_3,CJF,3,R,R-NAR032018001,19,16,1.7385681171500034,1.8964513570703645
NAR032018001,NAR,CJF_3,CJF,3,R,R-NAR032018001,19,17,1.7846216222154214,1.8964513570703645
NAR032018001,NAR,CJF_3,CJF,3,R,R-NAR032018001,19,18,1.8430893820283323,1.8964513570703645
NAR032018001,NAR,CJF_3,CJF,3,R,R-NAR032018001,19,19,1.8964513570703645,1.8964513570703645
NAR032018001,NAR,JRS_1,JRS,1,R,R-NAR032018001,15,1,0.49034475520196835,1.3587183645499838
NAR032018001,NAR,JRS_1,JRS,1,R,R-NAR032018001,15,2,0.5792486581319285,1.3587183645499838
NAR032018001,NAR,JRS_1,JRS,1,R,R-NAR032018001,15,3,0.6501720293359511,1.3587183645499838
NAR032018001,NAR,JRS_1,JRS,1,R,R-NAR032018001,15,4,0.7038639355888416,1.3587183645499838
NAR032018001,NAR,JRS_1,JRS,1,R,R-NAR032018001,15,5,0.8065653484694395,1.3587183645499838
NAR032018001,NAR,JRS_1,JRS,1,R,R-NAR032018001,15,6,0.8464597447716977,1.3587183645499838
NAR032018001,NAR,JRS_1,JRS,1,R,R-NAR032018001,15,7,0.9087673835001543,1.3587183645499838
NAR032018001,NAR,JRS_1,JRS,1,R,R-NAR032018001,15,8,0.9538435572774897,1.3587183645499838
NAR032018001,NAR,JRS_1,JRS,1,R,R-NAR032018001,15,9,1.0026033749802528,1.3587183645499838
NAR032018001,NAR,JRS_1,JRS,1,R,R-NAR032018001,15,10,1.0607279919333958,1.3587183645499838
NAR032018001,NAR,JRS_1,JRS,1,R,R-NAR032018001,15,11,1.1094878096361616,1.3587183645499838
NAR032018001,NAR,JRS_1,JRS,1,R,R-NAR032018001,15,12,1.1493822059384171,1.3587183645499838
NAR032018001,NAR,JRS_1,JRS,1,R,R-NAR032018001,15,13,1.203074112191313,1.3587183645499838
NAR032018001,NAR,JRS_1,JRS,1,R,R-NAR032018001,15,14,1.265381750919767,1.3587183645499838
NAR032018001,NAR,JRS_1,JRS,1,R,R-NAR032018001,15,15,1.3230069900230348,1.3587183645499838
NAR032018002,NAR,JRS_1,JRS,1,R,R-NAR032018002,17,1,0.6527730675942515,2.0962709483783017
NAR032018002,NAR,JRS_1,JRS,1,R,R-NAR032018002,17,2,0.8337502997408708,2.0962709483783017
NAR032018002,NAR,JRS_1,JRS,1,R,R-NAR032018002,17,3,0.9364565866738088,2.0962709483783017
NAR032018002,NAR,JRS_1,JRS,1,R,R-NAR032018002,17,4,1.0501879717724347,2.0962709483783017
NAR032018002,NAR,JRS_1,JRS,1,R,R-NAR032018002,17,5,1.1247838842642204,2.0962709483783017
NAR032018002,NAR,JRS_1,JRS,1,R,R-NAR032018002,17,6,1.206299899755125,2.0962709483783017
NAR032018002,NAR,JRS_1,JRS,1,R,R-NAR032018002,17,7,1.2733307655807824,2.0962709483783017
NAR032018002,NAR,JRS_1,JRS,1,R,R-NAR032018002,17,8,1.3585218137935848,2.0962709483783017
NAR032018002,NAR,JRS_1,JRS,1,R,R-NAR032018002,17,9,1.4508479462278414,2.0962709483783017
NAR032018002,NAR,JRS_1,JRS,1,R,R-NAR032018002,17,10,1.5219838072200669,2.0962709483783017
NAR032018002,NAR,JRS_1,JRS,1,R,R-NAR032018002,17,11,1.5678244016036922,2.0962709483783017
NAR032018002,NAR,JRS_1,JRS,1,R,R-NAR032018002,17,12,1.6460953468173727,2.0962709483783017
NAR032018002,NAR,JRS_1,JRS,1,R,R-NAR032018002,17,13,1.7131262126430307,2.0962709483783017
NAR032018002,NAR,JRS_1,JRS,1,R,R-NAR032018002,17,14,1.7665318536927836,2.0962709483783017
NAR032018002,NAR,JRS_1,JRS,1,R,R-NAR032018002,17,15,1.8337777007407772,2.0962709483783017
NAR032018002,NAR,JRS_1,JRS,1,R,R-NAR032018002,17,16,1.9085885944548975,2.0962709483783017
NAR032018002,NAR,JRS_1,JRS,1,R,R-NAR032018002,17,17,1.9792944930024512,2.0962709483783017
NAR032018002,NAR,NGA_1,NGA,1,R,R-NAR032018002,18,1,0.6376166865998164,1.981264884939036
NAR032018002,NAR,NGA_1,NGA,1,R,R-NAR032018002,18,2,0.8253720065732402,1.981264884939036
NAR032018002,NAR,NGA_1,NGA,1,R,R-NAR032018002,18,3,0.9099966800060868,1.981264884939036
NAR032018002,NAR,NGA_1,NGA,1,R,R-NAR032018002,18,4,1.005185819524347,1.981264884939036
NAR032018002,NAR,NGA_1,NGA,1,R,R-NAR032018002,18,5,1.071231890016435,1.981264884939036
NAR032018002,NAR,NGA_1,NGA,1,R,R-NAR032018002,18,6,1.1797900292657753,1.981264884939036
NAR032018002,NAR,NGA_1,NGA,1,R,R-NAR032018002,18,7,1.267073976678232,1.981264884939036
NAR032018002,NAR,NGA_1,NGA,1,R,R-NAR032018002,18,8,1.3384749100460558,1.981264884939036
NAR032018002,NAR,NGA_1,NGA,1,R,R-NAR032018002,18,9,1.4283818165216091,1.981264884939036
NAR032018002,NAR,NGA_1,NGA,1,R,R-NAR032018002,18,10,1.4919138727001438,1.981264884939036
NAR032018002,NAR,NGA_1,NGA,1,R,R-NAR032018002,18,11,1.547431792023333,1.981264884939036
NAR032018002,NAR,NGA_1,NGA,1,R,R-NAR032018002,18,12,1.610818588535812,1.981264884939036
NAR032018002,NAR,NGA_1,NGA,1,R,R-NAR032018002,18,13,1.6797055075900804,1.981264884939036
NAR032018002,NAR,NGA_1,NGA,1,R,R-NAR032018002,18,14,1.7246589608278577,1.981264884939036
NAR032018002,NAR,NGA_1,NGA,1,R,R-NAR032018002,18,15,1.7961325240287092,1.981264884939036
NAR032018002,NAR,NGA_1,NGA,1,R,R-NAR032018002,18,16,1.8595919503742162,1.981264884939036
NAR032018002,NAR,NGA_1,NGA,1,R,R-NAR032018002,18,17,1.9230876916362354,1.981264884939036
NAR032018002,NAR,NGA_1,NGA,1,R,R-NAR032018002,18,18,1.981264884939036,1.981264884939036
NAR032018002,NAR,NGA_2,NGA,2,R,R-NAR032018002,18,1,0.6859395899676934,2.0006386493135886
NAR032018002,NAR,NGA_2,NGA,2,R,R-NAR032018002,18,2,0.8426788107085399,2.0006386493135886
NAR032018002,NAR,NGA_2,NGA,2,R,R-NAR032018002,18,3,0.94704480796607,2.0006386493135886
NAR032018002,NAR,NGA_2,NGA,2,R,R-NAR032018002,18,4,1.0359091399270002,2.0006386493135886
NAR032018002,NAR,NGA_2,NGA,2,R,R-NAR032018002,18,5,1.1105535495078414,2.0006386493135886
NAR032018002,NAR,NGA_2,NGA,2,R,R-NAR032018002,18,6,1.1963335521374445,2.0006386493135886
NAR032018002,NAR,NGA_2,NGA,2,R,R-NAR032018002,18,7,1.2728605667730695,2.0006386493135886
NAR032018002,NAR,NGA_2,NGA,2,R,R-NAR032018002,18,8,1.3694757313822994,2.0006386493135886
NAR032018002,NAR,NGA_2,NGA,2,R,R-NAR032018002,18,9,1.444420572032277,2.0006386493135886
NAR032018002,NAR,NGA_2,NGA,2,R,R-NAR032018002,18,10,1.516581514420063,2.0006386493135886
NAR032018002,NAR,NGA_2,NGA,2,R,R-NAR032018002,18,11,1.5729403604421144,2.0006386493135886
NAR032018002,NAR,NGA_2,NGA,2,R,R-NAR032018002,18,12,1.6500682372160096,2.0006386493135886
NAR032018002,NAR,NGA_2,NGA,2,R,R-NAR032018002,18,13,1.7036431849758704,2.0006386493135886
NAR032018002,NAR,NGA_2,NGA,2,R,R-NAR032018002,18,14,1.7649689653840304,2.0006386493135886
NAR032018002,NAR,NGA_2,NGA,2,R,R-NAR032018002,18,15,1.8296795061926536,2.0006386493135886
NAR032018002,NAR,NGA_2,NGA,2,R,R-NAR032018002,18,16,1.8913057176699495,2.0006386493135886
NAR032018002,NAR,NGA_2,NGA,2,R,R-NAR032018002,18,17,1.947063701553728,2.0006386493135886
NAR032018002,NAR,NGA_2,NGA,2,R,R-NAR032018002,18,18,2.0006386493135886,2.0006386493135886
NAR032018003,NAR,CJF_1,CJF,1,R,R-NAR032018003,4,1,0.4090541674367329,0.9966614065902245
NAR032018003,NAR,CJF_1,CJF,1,R,R-NAR032018003,4,2,0.6697144979306864,0.9966614065902245
NAR032018003,NAR,CJF_1,CJF,1,R,R-NAR032018003,4,3,0.9008963180840269,0.9966614065902245
NAR032018003,NAR,CJF_1,CJF,1,R,R-NAR032018003,4,4,0.9966614065902245,0.9966614065902245
NAR032018003,NAR,CJF_2,CJF,2,R,R-NAR032018003,4,1,0.33606411033916406,0.9486000059016532
NAR032018003,NAR,CJF_2,CJF,2,R,R-NAR032018003,4,2,0.6070635685975576,0.9486000059016532
NAR032018003,NAR,CJF_2,CJF,2,R,R-NAR032018003,4,3,0.8154869061890468,0.9486000059016532
NAR032018003,NAR,CJF_2,CJF,2,R,R-NAR032018003,4,4,0.9486000059016532,0.9486000059016532
NAR032018003,NAR,CJF_3,CJF,3,R,R-NAR032018003,4,1,0.3374989619900499,0.9324380206257664
NAR032018003,NAR,CJF_3,CJF,3,R,R-NAR032018003,4,2,0.5922746774233106,0.9324380206257664
NAR032018003,NAR,CJF_3,CJF,3,R,R-NAR032018003,4,3,0.7774182217668387,0.9324380206257664
NAR032018003,NAR,CJF_3,CJF,3,R,R-NAR032018003,4,4,0.9324380206257664,0.9324380206257664
NAR032018003,NAR,JRS_1,JRS,1,R,R-NAR032018003,0,NA,NA,0.596954232718926
NAR032018004,NAR,CJF_1,CJF,1,R,R-NAR032018004,12,1,0.4034005653222709,1.50955079761424
NAR032018004,NAR,CJF_1,CJF,1,R,R-NAR032018004,12,2,0.5964567118214693,1.50955079761424
NAR032018004,NAR,CJF_1,CJF,1,R,R-NAR032018004,12,3,0.7753722700524706,1.50955079761424
NAR032018004,NAR,CJF_1,CJF,1,R,R-NAR032018004,12,4,0.9058727595616227,1.50955079761424
NAR032018004,NAR,CJF_1,CJF,1,R,R-NAR032018004,12,5,0.9554085740201631,1.50955079761424
NAR032018004,NAR,CJF_1,CJF,1,R,R-NAR032018004,12,6,1.0128771196752457,1.50955079761424
NAR032018004,NAR,CJF_1,CJF,1,R,R-NAR032018004,12,7,1.0775669915614758,1.50955079761424
NAR032018004,NAR,CJF_1,CJF,1,R,R-NAR032018004,12,8,1.1896584630100626,1.50955079761424
NAR032018004,NAR,CJF_1,CJF,1,R,R-NAR032018004,12,9,1.258314700494564,1.50955079761424
NAR032018004,NAR,CJF_1,CJF,1,R,R-NAR032018004,12,10,1.3385679705797813,1.50955079761424
NAR032018004,NAR,CJF_1,CJF,1,R,R-NAR032018004,12,11,1.4253311619307514,1.50955079761424
NAR032018004,NAR,CJF_1,CJF,1,R,R-NAR032018004,12,12,1.50955079761424,1.50955079761424
NAR032018004,NAR,CJF_2,CJF,2,R,R-NAR032018004,12,1,0.4985453809842447,1.57215601384698
NAR032018004,NAR,CJF_2,CJF,2,R,R-NAR032018004,12,2,0.6641318404680373,1.57215601384698
NAR032018004,NAR,CJF_2,CJF,2,R,R-NAR032018004,12,3,0.8342755346436539,1.57215601384698
NAR032018004,NAR,CJF_2,CJF,2,R,R-NAR032018004,12,4,0.943808445554936,1.57215601384698
NAR032018004,NAR,CJF_2,CJF,2,R,R-NAR032018004,12,5,1.0376293147615245,1.57215601384698
NAR032018004,NAR,CJF_2,CJF,2,R,R-NAR032018004,12,6,1.1016723463375115,1.57215601384698
NAR032018004,NAR,CJF_2,CJF,2,R,R-NAR032018004,12,7,1.160961097296456,1.57215601384698
NAR032018004,NAR,CJF_2,CJF,2,R,R-NAR032018004,12,8,1.237283922265484,1.57215601384698
NAR032018004,NAR,CJF_2,CJF,2,R,R-NAR032018004,12,9,1.3110325610007731,1.57215601384698
NAR032018004,NAR,CJF_2,CJF,2,R,R-NAR032018004,12,10,1.3977220092817986,1.57215601384698
NAR032018004,NAR,CJF_2,CJF,2,R,R-NAR032018004,12,11,1.4749028963287392,1.57215601384698
NAR032018004,NAR,CJF_2,CJF,2,R,R-NAR032018004,12,12,1.57215601384698,1.57215601384698
NAR032018004,NAR,CJF_3,CJF,3,R,R-NAR032018004,11,1,0.6143840495694074,1.515945771317943
NAR032018004,NAR,CJF_3,CJF,3,R,R-NAR032018004,11,2,0.7609682974793208,1.515945771317943
NAR032018004,NAR,CJF_3,CJF,3,R,R-NAR032018004,11,3,0.8937160994313611,1.515945771317943
NAR032018004,NAR,CJF_3,CJF,3,R,R-NAR032018004,11,4,0.9711181175519087,1.515945771317943
NAR032018004,NAR,CJF_3,CJF,3,R,R-NAR032018004,11,5,1.0077953600305545,1.515945771317943
NAR032018004,NAR,CJF_3,CJF,3,R,R-NAR032018004,11,6,1.0712362101885597,1.515945771317943
NAR032018004,NAR,CJF_3,CJF,3,R,R-NAR032018004,11,7,1.1722635870615972,1.515945771317943
NAR032018004,NAR,CJF_3,CJF,3,R,R-NAR032018004,11,8,1.25697610927694,1.515945771317943
NAR032018004,NAR,CJF_3,CJF,3,R,R-NAR032018004,11,9,1.334378127397488,1.515945771317943
NAR032018004,NAR,CJF_3,CJF,3,R,R-NAR032018004,11,10,1.4256165914759087,1.515945771317943
NAR032018004,NAR,CJF_3,CJF,3,R,R-NAR032018004,11,11,1.515945771317943,1.515945771317943
NAR032018004,NAR,JRS_1,JRS,1,R,R-NAR032018004,10,1,0.3549487835058038,0.9232618330309539
NAR032018004,NAR,JRS_1,JRS,1,R,R-NAR032018004,10,2,0.49038199573007624,0.9232618330309539
NAR032018004,NAR,JRS_1,JRS,1,R,R-NAR032018004,10,3,0.546659407489844,0.9232618330309539
NAR032018004,NAR,JRS_1,JRS,1,R,R-NAR032018004,10,4,0.5893267463107064,0.9232618330309539
NAR032018004,NAR,JRS_1,JRS,1,R,R-NAR032018004,10,5,0.6375605889740735,0.9232618330309539
NAR032018004,NAR,JRS_1,JRS,1,R,R-NAR032018004,10,6,0.6925994681068942,0.9232618330309539
NAR032018004,NAR,JRS_1,JRS,1,R,R-NAR032018004,10,7,0.7340282743008086,0.9232618330309539
NAR032018004,NAR,JRS_1,JRS,1,R,R-NAR032018004,10,8,0.7915442186875251,0.9232618330309539
NAR032018004,NAR,JRS_1,JRS,1,R,R-NAR032018004,10,9,0.8397780613508924,0.9232618330309539
NAR032018004,NAR,JRS_1,JRS,1,R,R-NAR032018004,10,10,0.8793559615831443,0.9232618330309539
NAR032018005,NAR,CJF_1,CJF,1,R,R-NAR032018005,4,1,0.3898017414046625,0.9107902545297817
NAR032018005,NAR,CJF_1,CJF,1,R,R-NAR032018005,4,2,0.6474669757117919,0.9107902545297817
NAR032018005,NAR,CJF_1,CJF,1,R,R-NAR032018005,4,3,0.7917885717049323,0.9107902545297817
NAR032018005,NAR,CJF_1,CJF,1,R,R-NAR032018005,4,4,0.9107902545297817,0.9107902545297817
NAR032018005,NAR,CJF_2,CJF,2,R,R-NAR032018005,4,1,0.39114066399553227,0.9051188713407534
NAR032018005,NAR,CJF_2,CJF,2,R,R-NAR032018005,4,2,0.6453402870893967,0.9051188713407534
NAR032018005,NAR,CJF_2,CJF,2,R,R-NAR032018005,4,3,0.7832423737822959,0.9051188713407534
NAR032018005,NAR,CJF_2,CJF,2,R,R-NAR032018005,4,4,0.9051188713407534,0.9051188713407534
NAR032018005,NAR,CJF_3,CJF,3,R,R-NAR032018005,4,1,0.36141202459305494,0.8760464360613226
NAR032018005,NAR,CJF_3,CJF,3,R,R-NAR032018005,4,2,0.6377817253651406,0.8760464360613226
NAR032018005,NAR,CJF_3,CJF,3,R,R-NAR032018005,4,3,0.7690421785648978,0.8760464360613226
NAR032018005,NAR,CJF_3,CJF,3,R,R-NAR032018005,4,4,0.8760464360613226,0.8760464360613226
NAR032018005,NAR,JRS_1,JRS,1,R,R-NAR032018005,3,1,0.1027130754193648,1.0775666384014155
NAR032018005,NAR,JRS_1,JRS,1,R,R-NAR032018005,3,2,0.8192473787707624,1.0775666384014155
NAR032018005,NAR,JRS_1,JRS,1,R,R-NAR032018005,3,3,0.980758588759441,1.0775666384014155
NAR032018006,NAR,CJF_1,CJF,1,R,R-NAR032018006,4,1,0.3987674667714847,1.1062922555386137
NAR032018006,NAR,CJF_1,CJF,1,R,R-NAR032018006,4,2,0.7330196876445028,1.1062922555386137
NAR032018006,NAR,CJF_1,CJF,1,R,R-NAR032018006,4,3,0.9360985006045781,1.1062922555386137
NAR032018006,NAR,CJF_1,CJF,1,R,R-NAR032018006,4,4,1.1062922555386137,1.1062922555386137
NAR032018006,NAR,CJF_2,CJF,2,R,R-NAR032018006,4,1,0.41906736068801403,1.1201358464936504
NAR032018006,NAR,CJF_2,CJF,2,R,R-NAR032018006,4,2,0.7542134125403785,1.1201358464936504
NAR032018006,NAR,CJF_2,CJF,2,R,R-NAR032018006,4,3,0.9923554100268615,1.1201358464936504
NAR032018006,NAR,CJF_2,CJF,2,R,R-NAR032018006,4,4,1.1201358464936504,1.1201358464936504
NAR032018006,NAR,CJF_3,CJF,3,R,R-NAR032018006,4,1,0.3463764377225987,1.0550588110873613
NAR032018006,NAR,CJF_3,CJF,3,R,R-NAR032018006,4,2,0.6841051894660042,1.0550588110873613
NAR032018006,NAR,CJF_3,CJF,3,R,R-NAR032018006,4,3,0.9186818824569927,1.0550588110873613
NAR032018006,NAR,CJF_3,CJF,3,R,R-NAR032018006,4,4,1.0550588110873613,1.0550588110873613
NAR032018006,NAR,JRS_1,JRS,1,R,R-NAR032018006,3,1,0.4014571894978501,1.113212039706919
NAR032018006,NAR,JRS_1,JRS,1,R,R-NAR032018006,3,2,0.7361482457924083,1.113212039706919
NAR032018006,NAR,JRS_1,JRS,1,R,R-NAR032018006,3,3,0.9317422656863222,1.113212039706919
NAR032018007,NAR,JRS_1,JRS,1,R,R-NAR032018007,3,1,0.48345391075497196,1.0220831079788382
NAR032018007,NAR,JRS_1,JRS,1,R,R-NAR032018007,3,2,0.6981795982286672,1.0220831079788382
NAR032018007,NAR,JRS_1,JRS,1,R,R-NAR032018007,3,3,0.8565572485721541,1.0220831079788382
NAR032018007,NAR,NGA_1,NGA,1,R,R-NAR032018007,4,1,0.5784760381213097,1.0773774289482976
NAR032018007,NAR,NGA_1,NGA,1,R,R-NAR032018007,4,2,0.7817172198870193,1.0773774289482976
NAR032018007,NAR,NGA_1,NGA,1,R,R-NAR032018007,4,3,0.9302363919319521,1.0773774289482976
NAR032018007,NAR,NGA_1,NGA,1,R,R-NAR032018007,4,4,1.0773774289482976,1.0773774289482976
NAR032018007,NAR,NGA_2,NGA,2,R,R-NAR032018007,4,1,0.5040740195011333,1.0081506806079865
NAR032018007,NAR,NGA_2,NGA,2,R,R-NAR032018007,4,2,0.6920218333030226,1.0081506806079865
NAR032018007,NAR,NGA_2,NGA,2,R,R-NAR032018007,4,3,0.8389258500726468,1.0081506806079865
NAR032018007,NAR,NGA_2,NGA,2,R,R-NAR032018007,4,4,1.0081506806079865,1.0081506806079865
NAR032018008,NAR,CJF_1,CJF,1,R,R-NAR032018008,13,1,0.46157749441479345,1.4937446871654405
NAR032018008,NAR,CJF_1,CJF,1,R,R-NAR032018008,13,2,0.5900495563349275,1.4937446871654405
NAR032018008,NAR,CJF_1,CJF,1,R,R-NAR032018008,13,3,0.7155797057049572,1.4937446871654405
NAR032018008,NAR,CJF_1,CJF,1,R,R-NAR032018008,13,4,0.860569713074061,1.4937446871654405
NAR032018008,NAR,CJF_1,CJF,1,R,R-NAR032018008,13,5,0.9354672325202481,1.4937446871654405
NAR032018008,NAR,CJF_1,CJF,1,R,R-NAR032018008,13,6,1.0300643418714934,1.4937446871654405
NAR032018008,NAR,CJF_1,CJF,1,R,R-NAR032018008,13,7,1.1096470268879601,1.4937446871654405
NAR032018008,NAR,CJF_1,CJF,1,R,R-NAR032018008,13,8,1.1698897198583469,1.4937446871654405
NAR032018008,NAR,CJF_1,CJF,1,R,R-NAR032018008,13,9,1.2425645224723876,1.4937446871654405
NAR032018008,NAR,CJF_1,CJF,1,R,R-NAR032018008,13,10,1.307851978872031,1.4937446871654405
NAR032018008,NAR,CJF_1,CJF,1,R,R-NAR032018008,13,11,1.3658719550102714,1.4937446871654405
NAR032018008,NAR,CJF_1,CJF,1,R,R-NAR032018008,13,12,1.4335019941950544,1.4937446871654405
NAR032018008,NAR,CJF_1,CJF,1,R,R-NAR032018008,13,13,1.4937446871654405,1.4937446871654405
NAR032018008,NAR,CJF_2,CJF,2,R,R-NAR032018008,13,1,0.43393878662168395,1.4825621619214162
NAR032018008,NAR,CJF_2,CJF,2,R,R-NAR032018008,13,2,0.5728837617614921,1.4825621619214162
NAR032018008,NAR,CJF_2,CJF,2,R,R-NAR032018008,13,3,0.7005476306984453,1.4825621619214162
NAR032018008,NAR,CJF_2,CJF,2,R,R-NAR032018008,13,4,0.8327239421165403,1.4825621619214162
NAR032018008,NAR,CJF_2,CJF,2,R,R-NAR032018008,13,5,0.9289170146707698,1.4825621619214162
NAR032018008,NAR,CJF_2,CJF,2,R,R-NAR032018008,13,6,1.0160852022627151,1.4825621619214162
NAR032018008,NAR,CJF_2,CJF,2,R,R-NAR032018008,13,7,1.0928018913888435,1.4825621619214162
NAR032018008,NAR,CJF_2,CJF,2,R,R-NAR032018008,13,8,1.1525361872446978,1.4825621619214162
NAR032018008,NAR,CJF_2,CJF,2,R,R-NAR032018008,13,9,1.210965337529001,1.4825621619214162
NAR032018008,NAR,CJF_2,CJF,2,R,R-NAR032018008,13,10,1.2879197955723853,1.4825621619214162
NAR032018008,NAR,CJF_2,CJF,2,R,R-NAR032018008,13,11,1.3381536686314441,1.4825621619214162
NAR032018008,NAR,CJF_2,CJF,2,R,R-NAR032018008,13,12,1.4101201463591746,1.4825621619214162
NAR032018008,NAR,CJF_2,CJF,2,R,R-NAR032018008,13,13,1.4825621619214162,1.4825621619214162
NAR032018008,NAR,CJF_3,CJF,3,R,R-NAR032018008,13,1,0.4214259624968615,1.488267713461827
NAR032018008,NAR,CJF_3,CJF,3,R,R-NAR032018008,13,2,0.5827579365378546,1.488267713461827
NAR032018008,NAR,CJF_3,CJF,3,R,R-NAR032018008,13,3,0.6984711560762176,1.488267713461827
NAR032018008,NAR,CJF_3,CJF,3,R,R-NAR032018008,13,4,0.819998601590342,1.488267713461827
NAR032018008,NAR,CJF_3,CJF,3,R,R-NAR032018008,13,5,0.9164189601803003,1.488267713461827
NAR032018008,NAR,CJF_3,CJF,3,R,R-NAR032018008,13,6,1.018969232941551,1.488267713461827
NAR032018008,NAR,CJF_3,CJF,3,R,R-NAR032018008,13,7,1.0974034295172952,1.488267713461827
NAR032018008,NAR,CJF_3,CJF,3,R,R-NAR032018008,13,8,1.1616836685772676,1.488267713461827
NAR032018008,NAR,CJF_3,CJF,3,R,R-NAR032018008,13,9,1.2230787677253923,1.488267713461827
NAR032018008,NAR,CJF_3,CJF,3,R,R-NAR032018008,13,10,1.2796506516364161,1.488267713461827
NAR032018008,NAR,CJF_3,CJF,3,R,R-NAR032018008,13,11,1.350692181258743,1.488267713461827
NAR032018008,NAR,CJF_3,CJF,3,R,R-NAR032018008,13,12,1.4149724203187153,1.488267713461827
NAR032018008,NAR,CJF_3,CJF,3,R,R-NAR032018008,13,13,1.488267713461827,1.488267713461827
NAR032018008,NAR,JRS_1,JRS,1,R,R-NAR032018008,12,1,0.3478093355537286,1.4643578026226383
NAR032018008,NAR,JRS_1,JRS,1,R,R-NAR032018008,12,2,0.49362995683327504,1.4643578026226383
NAR032018008,NAR,JRS_1,JRS,1,R,R-NAR032018008,12,3,0.6788819142912975,1.4643578026226383
NAR032018008,NAR,JRS_1,JRS,1,R,R-NAR032018008,12,4,0.7925595000418564,1.4643578026226383
NAR032018008,NAR,JRS_1,JRS,1,R,R-NAR032018008,12,5,0.896379251747795,1.4643578026226383
NAR032018008,NAR,JRS_1,JRS,1,R,R-NAR032018008,12,6,0.9806880243034697,1.4643578026226383
NAR032018008,NAR,JRS_1,JRS,1,R,R-NAR032018008,12,7,1.0618131966470927,1.4643578026226383
NAR032018008,NAR,JRS_1,JRS,1,R,R-NAR032018008,12,8,1.139857113248149,1.4643578026226383
NAR032018008,NAR,JRS_1,JRS,1,R,R-NAR032018008,12,9,1.2015736509109949,1.4643578026226383
NAR032018008,NAR,JRS_1,JRS,1,R,R-NAR032018008,12,10,1.2760245894220499,1.4643578026226383
NAR032018008,NAR,JRS_1,JRS,1,R,R-NAR032018008,12,11,1.3249043817671975,1.4643578026226383
NAR032018008,NAR,JRS_1,JRS,1,R,R-NAR032018008,12,12,1.3962740645356875,1.4643578026226383
NAR032018009,NAR,CJF_1,CJF,1,R,R-NAR032018009,7,1,0.4248372886494477,1.0542471647068963
NAR032018009,NAR,CJF_1,CJF,1,R,R-NAR032018009,7,2,0.5970085485322535,1.0542471647068963
NAR032018009,NAR,CJF_1,CJF,1,R,R-NAR032018009,7,3,0.7142882976976981,1.0542471647068963
NAR032018009,NAR,CJF_1,CJF,1,R,R-NAR032018009,7,4,0.8134615164273893,1.0542471647068963
NAR032018009,NAR,CJF_1,CJF,1,R,R-NAR032018009,7,5,0.8914151297470189,1.0542471647068963
NAR032018009,NAR,CJF_1,CJF,1,R,R-NAR032018009,7,6,0.976293551387268,1.0542471647068963
NAR032018009,NAR,CJF_1,CJF,1,R,R-NAR032018009,7,7,1.0542471647068963,1.0542471647068963
NAR032018009,NAR,CJF_2,CJF,2,R,R-NAR032018009,8,1,0.3170141536638301,1.0536363970325717
NAR032018009,NAR,CJF_2,CJF,2,R,R-NAR032018009,8,2,0.4734997212342542,1.0536363970325717
NAR032018009,NAR,CJF_2,CJF,2,R,R-NAR032018009,8,3,0.6013200102980709,1.0536363970325717
NAR032018009,NAR,CJF_2,CJF,2,R,R-NAR032018009,8,4,0.7249810918127251,1.0536363970325717
NAR032018009,NAR,CJF_2,CJF,2,R,R-NAR032018009,8,5,0.8285664176468543,1.0536363970325717
NAR032018009,NAR,CJF_2,CJF,2,R,R-NAR032018009,8,6,0.8972282888129349,1.0536363970325717
NAR032018009,NAR,CJF_2,CJF,2,R,R-NAR032018009,8,7,0.9849357961910973,1.0536363970325717
NAR032018009,NAR,CJF_2,CJF,2,R,R-NAR032018009,8,8,1.0536363970325717,1.0536363970325717
NAR032018009,NAR,CJF_3,CJF,3,R,R-NAR032018009,7,1,0.4395625159827895,1.0429671281137471
NAR032018009,NAR,CJF_3,CJF,3,R,R-NAR032018009,7,2,0.6022193635234194,1.0429671281137471
NAR032018009,NAR,CJF_3,CJF,3,R,R-NAR032018009,7,3,0.7266874072836922,1.0429671281137471
NAR032018009,NAR,CJF_3,CJF,3,R,R-NAR032018009,7,4,0.8021689856262001,1.0429671281137471
NAR032018009,NAR,CJF_3,CJF,3,R,R-NAR032018009,7,5,0.8838660263957328,1.0429671281137471
NAR032018009,NAR,CJF_3,CJF,3,R,R-NAR032018009,7,6,0.9612700873442144,1.0429671281137471
NAR032018009,NAR,CJF_3,CJF,3,R,R-NAR032018009,7,7,1.0429671281137471,1.0429671281137471
NAR032018009,NAR,JRS_1,JRS,1,R,R-NAR032018009,6,1,0.5805968393089591,1.1803706272881467
NAR032018009,NAR,JRS_1,JRS,1,R,R-NAR032018009,6,2,0.7222861003167677,1.1803706272881467
NAR032018009,NAR,JRS_1,JRS,1,R,R-NAR032018009,6,3,0.8455705233906694,1.1803706272881467
NAR032018009,NAR,JRS_1,JRS,1,R,R-NAR032018009,6,4,0.9375947130602003,1.1803706272881467
NAR032018009,NAR,JRS_1,JRS,1,R,R-NAR032018009,6,5,1.028354592089778,1.1803706272881467
NAR032018009,NAR,JRS_1,JRS,1,R,R-NAR032018009,6,6,1.1196066710229875,1.1803706272881467
NAR032018010,NAR,CJF_1,CJF,1,R,R-NAR032018010,7,1,0.47313731330080266,1.195946484804844
NAR032018010,NAR,CJF_1,CJF,1,R,R-NAR032018010,7,2,0.6888267015961994,1.195946484804844
NAR032018010,NAR,CJF_1,CJF,1,R,R-NAR032018010,7,3,0.8780487494957288,1.195946484804844
NAR032018010,NAR,CJF_1,CJF,1,R,R-NAR032018010,7,4,0.9702786783117271,1.195946484804844
NAR032018010,NAR,CJF_1,CJF,1,R,R-NAR032018010,7,5,1.0577464168601947,1.195946484804844
NAR032018010,NAR,CJF_1,CJF,1,R,R-NAR032018010,7,6,1.1445670173735405,1.195946484804844
NAR032018010,NAR,CJF_1,CJF,1,R,R-NAR032018010,7,7,1.195946484804844,1.195946484804844
NAR032018010,NAR,CJF_2,CJF,2,R,R-NAR032018010,6,1,0.44544501260033786,1.1560550869053876
NAR032018010,NAR,CJF_2,CJF,2,R,R-NAR032018010,6,2,0.6635880062296554,1.1560550869053876
NAR032018010,NAR,CJF_2,CJF,2,R,R-NAR032018010,6,3,0.83515827606868,1.1560550869053876
NAR032018010,NAR,CJF_2,CJF,2,R,R-NAR032018010,6,4,0.9437185473138041,1.1560550869053876
NAR032018010,NAR,CJF_2,CJF,2,R,R-NAR032018010,6,5,1.060170538704274,1.1560550869053876
NAR032018010,NAR,CJF_2,CJF,2,R,R-NAR032018010,6,6,1.1560550869053876,1.1560550869053876
NAR032018010,NAR,CJF_3,CJF,3,R,R-NAR032018010,7,1,0.47611032865959857,1.1823955825297026
NAR032018010,NAR,CJF_3,CJF,3,R,R-NAR032018010,7,2,0.6894301231729542,1.1823955825297026
NAR032018010,NAR,CJF_3,CJF,3,R,R-NAR032018010,7,3,0.8400316469887426,1.1823955825297026
NAR032018010,NAR,CJF_3,CJF,3,R,R-NAR032018010,7,4,0.9537449223819701,1.1823955825297026
NAR032018010,NAR,CJF_3,CJF,3,R,R-NAR032018010,7,5,1.0369259234091581,1.1823955825297026
NAR032018010,NAR,CJF_3,CJF,3,R,R-NAR032018010,7,6,1.0965309355298218,1.1823955825297026
NAR032018010,NAR,CJF_3,CJF,3,R,R-NAR032018010,7,7,1.1823955825297026,1.1823955825297026
NAR032018010,NAR,JRS_1,JRS,1,R,R-NAR032018010,5,1,0.3448276886109567,0.7606423704372676
NAR032018010,NAR,JRS_1,JRS,1,R,R-NAR032018010,5,2,0.48805154187563915,0.7606423704372676
NAR032018010,NAR,JRS_1,JRS,1,R,R-NAR032018010,5,3,0.5545862246796126,0.7606423704372676
NAR032018010,NAR,JRS_1,JRS,1,R,R-NAR032018010,5,4,0.6315253685071227,0.7606423704372676
NAR032018010,NAR,JRS_1,JRS,1,R,R-NAR032018010,5,5,0.6936077408997054,0.7606423704372676
NAR032018011,NAR,CJF_1,CJF,1,R,R-NAR032018011,13,1,0.4838988550258824,1.5337348111701872
NAR032018011,NAR,CJF_1,CJF,1,R,R-NAR032018011,13,2,0.6808220759707116,1.5337348111701872
NAR032018011,NAR,CJF_1,CJF,1,R,R-NAR032018011,13,3,0.7903773687616834,1.5337348111701872
NAR032018011,NAR,CJF_1,CJF,1,R,R-NAR032018011,13,4,0.9050255405643032,1.5337348111701872
NAR032018011,NAR,CJF_1,CJF,1,R,R-NAR032018011,13,5,0.9983942720250697,1.5337348111701872
NAR032018011,NAR,CJF_1,CJF,1,R,R-NAR032018011,13,6,1.0749053209100394,1.5337348111701872
NAR032018011,NAR,CJF_1,CJF,1,R,R-NAR032018011,13,7,1.149639809107903,1.5337348111701872
NAR032018011,NAR,CJF_1,CJF,1,R,R-NAR032018011,13,8,1.2239399791098446,1.5337348111701872
NAR032018011,NAR,CJF_1,CJF,1,R,R-NAR032018011,13,9,1.2944502246879048,1.5337348111701872
NAR032018011,NAR,CJF_1,CJF,1,R,R-NAR032018011,13,10,1.3813838346458398,1.5337348111701872
NAR032018011,NAR,CJF_1,CJF,1,R,R-NAR032018011,13,11,1.4485777618993583,1.5337348111701872
NAR032018011,NAR,CJF_1,CJF,1,R,R-NAR032018011,13,12,1.49026800619122,1.5337348111701872
NAR032018011,NAR,CJF_1,CJF,1,R,R-NAR032018011,13,13,1.5337348111701872,1.5337348111701872
NAR032018011,NAR,CJF_2,CJF,2,R,R-NAR032018011,13,1,0.4564519283754807,1.4980138770931748
NAR032018011,NAR,CJF_2,CJF,2,R,R-NAR032018011,13,2,0.641823265733974,1.4980138770931748
NAR032018011,NAR,CJF_2,CJF,2,R,R-NAR032018011,13,3,0.7694852209959786,1.4980138770931748
NAR032018011,NAR,CJF_2,CJF,2,R,R-NAR032018011,13,4,0.8570454308454403,1.4980138770931748
NAR032018011,NAR,CJF_2,CJF,2,R,R-NAR032018011,13,5,0.9484017645558315,1.4980138770931748
NAR032018011,NAR,CJF_2,CJF,2,R,R-NAR032018011,13,6,1.0378129305962613,1.4980138770931748
NAR032018011,NAR,CJF_2,CJF,2,R,R-NAR032018011,13,7,1.109522248473753,1.4980138770931748
NAR032018011,NAR,CJF_2,CJF,2,R,R-NAR032018011,13,8,1.1747767725526035,1.4980138770931748
NAR032018011,NAR,CJF_2,CJF,2,R,R-NAR032018011,13,9,1.2502351085515278,1.4980138770931748
NAR032018011,NAR,CJF_2,CJF,2,R,R-NAR032018011,13,10,1.3349953312447889,1.4980138770931748
NAR032018011,NAR,CJF_2,CJF,2,R,R-NAR032018011,13,11,1.4002027495841434,1.4980138770931748
NAR032018011,NAR,CJF_2,CJF,2,R,R-NAR032018011,13,12,1.4542102192986959,1.4980138770931748
NAR032018011,NAR,CJF_2,CJF,2,R,R-NAR032018011,13,13,1.4980138770931748,1.4980138770931748
NAR032018011,NAR,CJF_3,CJF,3,R,R-NAR032018011,13,1,0.4466395509768502,1.5016311629187589
NAR032018011,NAR,CJF_3,CJF,3,R,R-NAR032018011,13,2,0.6297048315040709,1.5016311629187589
NAR032018011,NAR,CJF_3,CJF,3,R,R-NAR032018011,13,3,0.7527756107282371,1.5016311629187589
NAR032018011,NAR,CJF_3,CJF,3,R,R-NAR032018011,13,4,0.8560345077224202,1.5016311629187589
NAR032018011,NAR,CJF_3,CJF,3,R,R-NAR032018011,13,5,0.9496329720255924,1.5016311629187589
NAR032018011,NAR,CJF_3,CJF,3,R,R-NAR032018011,13,6,1.0359501738664403,1.5016311629187589
NAR032018011,NAR,CJF_3,CJF,3,R,R-NAR032018011,13,7,1.1021760661707525,1.5016311629187589
NAR032018011,NAR,CJF_3,CJF,3,R,R-NAR032018011,13,8,1.1741423326283602,1.5016311629187589
NAR032018011,NAR,CJF_3,CJF,3,R,R-NAR032018011,13,9,1.2536692888548457,1.5016311629187589
NAR032018011,NAR,CJF_3,CJF,3,R,R-NAR032018011,13,10,1.3285057423891018,1.5016311629187589
NAR032018011,NAR,CJF_3,CJF,3,R,R-NAR032018011,13,11,1.404112640077872,1.5016311629187589
NAR032018011,NAR,CJF_3,CJF,3,R,R-NAR032018011,13,12,1.450526650152201,1.5016311629187589
NAR032018011,NAR,CJF_3,CJF,3,R,R-NAR032018011,13,13,1.5016311629187589,1.5016311629187589
NAR032018011,NAR,JRS_1,JRS,1,R,R-NAR032018011,12,1,0.3954156171027124,1.4381121764778646
NAR032018011,NAR,JRS_1,JRS,1,R,R-NAR032018011,12,2,0.5736103013467081,1.4381121764778646
NAR032018011,NAR,JRS_1,JRS,1,R,R-NAR032018011,12,3,0.6884981190390136,1.4381121764778646
NAR032018011,NAR,JRS_1,JRS,1,R,R-NAR032018011,12,4,0.7883736290924654,1.4381121764778646
NAR032018011,NAR,JRS_1,JRS,1,R,R-NAR032018011,12,5,0.8844293929959274,1.4381121764778646
NAR032018011,NAR,JRS_1,JRS,1,R,R-NAR032018011,12,6,0.9703880594864517,1.4381121764778646
NAR032018011,NAR,JRS_1,JRS,1,R,R-NAR032018011,12,7,1.0350570670751729,1.4381121764778646
NAR032018011,NAR,JRS_1,JRS,1,R,R-NAR032018011,12,8,1.1158338463786757,1.4381121764778646
NAR032018011,NAR,JRS_1,JRS,1,R,R-NAR032018011,12,9,1.185151387232209,1.4381121764778646
NAR032018011,NAR,JRS_1,JRS,1,R,R-NAR032018011,12,10,1.2850268972856607,1.4381121764778646
NAR032018011,NAR,JRS_1,JRS,1,R,R-NAR032018011,12,11,1.3295017100485065,1.4381121764778646
NAR032018011,NAR,JRS_1,JRS,1,R,R-NAR032018011,12,12,1.3960949688279773,1.4381121764778646
NAR032018013,NAR,CJF_1,CJF,1,R,R-NAR032018013,18,1,0.5006993917002678,2.037575553885646
NAR032018013,NAR,CJF_1,CJF,1,R,R-NAR032018013,18,2,0.6531623168180327,2.037575553885646
NAR032018013,NAR,CJF_1,CJF,1,R,R-NAR032018013,18,3,0.8379633820612331,2.037575553885646
NAR032018013,NAR,CJF_1,CJF,1,R,R-NAR032018013,18,4,0.9799172617888025,2.037575553885646
NAR032018013,NAR,CJF_1,CJF,1,R,R-NAR032018013,18,5,1.0669474140074695,2.037575553885646
NAR032018013,NAR,CJF_1,CJF,1,R,R-NAR032018013,18,6,1.1462559409185875,2.037575553885646
NAR032018013,NAR,CJF_1,CJF,1,R,R-NAR032018013,18,7,1.2317185965341775,2.037575553885646
NAR032018013,NAR,CJF_1,CJF,1,R,R-NAR032018013,18,8,1.3141621166514494,2.037575553885646
NAR032018013,NAR,CJF_1,CJF,1,R,R-NAR032018013,18,9,1.3951539978734806,2.037575553885646
NAR032018013,NAR,CJF_1,CJF,1,R,R-NAR032018013,18,10,1.4652892605818089,2.037575553885646
NAR032018013,NAR,CJF_1,CJF,1,R,R-NAR032018013,18,11,1.5293862522935013,2.037575553885646
NAR032018013,NAR,CJF_1,CJF,1,R,R-NAR032018013,18,12,1.6042240048110603,2.037575553885646
NAR032018013,NAR,CJF_1,CJF,1,R,R-NAR032018013,18,13,1.654676957926404,2.037575553885646
NAR032018013,NAR,CJF_1,CJF,1,R,R-NAR032018013,18,14,1.7354371237327633,2.037575553885646
NAR032018013,NAR,CJF_1,CJF,1,R,R-NAR032018013,18,15,1.8149773660595527,2.037575553885646
NAR032018013,NAR,CJF_1,CJF,1,R,R-NAR032018013,18,16,1.9171031957698097,2.037575553885646
NAR032018013,NAR,CJF_1,CJF,1,R,R-NAR032018013,18,17,1.9659886522820762,2.037575553885646
NAR032018013,NAR,CJF_1,CJF,1,R,R-NAR032018013,18,18,2.037575553885646,2.037575553885646
NAR032018013,NAR,CJF_2,CJF,2,R,R-NAR032018013,18,1,0.48095025426515253,2.029691215001131
NAR032018013,NAR,CJF_2,CJF,2,R,R-NAR032018013,18,2,0.658673642197309,2.029691215001131
NAR032018013,NAR,CJF_2,CJF,2,R,R-NAR032018013,18,3,0.8242884290745082,2.029691215001131
NAR032018013,NAR,CJF_2,CJF,2,R,R-NAR032018013,18,4,0.957296586880719,2.029691215001131
NAR032018013,NAR,CJF_2,CJF,2,R,R-NAR032018013,18,5,1.0462214771007758,2.029691215001131
NAR032018013,NAR,CJF_2,CJF,2,R,R-NAR032018013,18,6,1.142651046726201,2.029691215001131
NAR032018013,NAR,CJF_2,CJF,2,R,R-NAR032018013,18,7,1.223944865032931,2.029691215001131
NAR032018013,NAR,CJF_2,CJF,2,R,R-NAR032018013,18,8,1.3036619119538124,2.029691215001131
NAR032018013,NAR,CJF_2,CJF,2,R,R-NAR032018013,18,9,1.372467951681712,2.029691215001131
NAR032018013,NAR,CJF_2,CJF,2,R,R-NAR032018013,18,10,1.4537617699884418,2.029691215001131
NAR032018013,NAR,CJF_2,CJF,2,R,R-NAR032018013,18,11,1.5242709736101485,2.029691215001131
NAR032018013,NAR,CJF_2,CJF,2,R,R-NAR032018013,18,12,1.576364490633503,2.029691215001131
NAR032018013,NAR,CJF_2,CJF,2,R,R-NAR032018013,18,13,1.6253044648851611,2.029691215001131
NAR032018013,NAR,CJF_2,CJF,2,R,R-NAR032018013,18,14,1.7172565053689577,2.029691215001131
NAR032018013,NAR,CJF_2,CJF,2,R,R-NAR032018013,18,15,1.8015774739394266,2.029691215001131
NAR032018013,NAR,CJF_2,CJF,2,R,R-NAR032018013,18,16,1.8797177494744595,2.029691215001131
NAR032018013,NAR,CJF_2,CJF,2,R,R-NAR032018013,18,17,1.9531277108519458,2.029691215001131
NAR032018013,NAR,CJF_2,CJF,2,R,R-NAR032018013,18,18,2.029691215001131,2.029691215001131
NAR032018013,NAR,CJF_3,CJF,3,R,R-NAR032018013,19,1,0.5274151847560535,2.066485522700462
NAR032018013,NAR,CJF_3,CJF,3,R,R-NAR032018013,19,2,0.7142283170439246,2.066485522700462
NAR032018013,NAR,CJF_3,CJF,3,R,R-NAR032018013,19,3,0.8743913124278616,2.066485522700462
NAR032018013,NAR,CJF_3,CJF,3,R,R-NAR032018013,19,4,0.9912609778739183,2.066485522700462
NAR032018013,NAR,CJF_3,CJF,3,R,R-NAR032018013,19,5,1.0956187201409817,2.066485522700462
NAR032018013,NAR,CJF_3,CJF,3,R,R-NAR032018013,19,6,1.1803298888764986,2.066485522700462
NAR032018013,NAR,CJF_3,CJF,3,R,R-NAR032018013,19,7,1.2557817155249191,2.066485522700462
NAR032018013,NAR,CJF_3,CJF,3,R,R-NAR032018013,19,8,1.346499645255635,2.066485522700462
NAR032018013,NAR,CJF_3,CJF,3,R,R-NAR032018013,19,9,1.4110658392710116,2.066485522700462
NAR032018013,NAR,CJF_3,CJF,3,R,R-NAR032018013,19,10,1.5017837690017277,2.066485522700462
NAR032018013,NAR,CJF_3,CJF,3,R,R-NAR032018013,19,11,1.560343202021904,2.066485522700462
NAR032018013,NAR,CJF_3,CJF,3,R,R-NAR032018013,19,12,1.6281619771291769,2.066485522700462
NAR032018013,NAR,CJF_3,CJF,3,R,R-NAR032018013,19,13,1.6867214101493533,2.066485522700462
NAR032018013,NAR,CJF_3,CJF,3,R,R-NAR032018013,19,14,1.7679307971986766,2.066485522700462
NAR032018013,NAR,CJF_3,CJF,3,R,R-NAR032018013,19,15,1.8528911665284902,2.066485522700462
NAR032018013,NAR,CJF_3,CJF,3,R,R-NAR032018013,19,16,1.9109521983600735,2.066485522700462
NAR032018013,NAR,CJF_3,CJF,3,R,R-NAR032018013,19,17,1.9602522892931535,2.066485522700462
NAR032018013,NAR,CJF_3,CJF,3,R,R-NAR032018013,19,18,2.0171854317673823,2.066485522700462
NAR032018013,NAR,CJF_3,CJF,3,R,R-NAR032018013,19,19,2.066485522700462,2.066485522700462
NAR032018013,NAR,JRS_1,JRS,1,R,R-NAR032018013,18,1,0.3984302436795626,1.9088013182623706
NAR032018013,NAR,JRS_1,JRS,1,R,R-NAR032018013,18,2,0.5183660868714104,1.9088013182623706
NAR032018013,NAR,JRS_1,JRS,1,R,R-NAR032018013,18,3,0.5854510247031137,1.9088013182623706
NAR032018013,NAR,JRS_1,JRS,1,R,R-NAR032018013,18,4,0.662696452911151,1.9088013182623706
NAR032018013,NAR,JRS_1,JRS,1,R,R-NAR032018013,18,5,0.7358771008471111,1.9088013182623706
NAR032018013,NAR,JRS_1,JRS,1,R,R-NAR032018013,18,6,0.8558158646466755,1.9088013182623706
NAR032018013,NAR,JRS_1,JRS,1,R,R-NAR032018013,18,7,0.9493233345507348,1.9088013182623706
NAR032018013,NAR,JRS_1,JRS,1,R,R-NAR032018013,18,8,1.0245378329265917,1.9088013182623706
NAR032018013,NAR,JRS_1,JRS,1,R,R-NAR032018013,18,9,1.1200791532705474,1.9088013182623706
NAR032018013,NAR,JRS_1,JRS,1,R,R-NAR032018013,18,10,1.1871611704945344,1.9088013182623706
NAR032018013,NAR,JRS_1,JRS,1,R,R-NAR032018013,18,11,1.2766067807342338,1.9088013182623706
NAR032018013,NAR,JRS_1,JRS,1,R,R-NAR032018013,18,12,1.3538492883345543,1.9088013182623706
NAR032018013,NAR,JRS_1,JRS,1,R,R-NAR032018013,18,13,1.3965397033183653,1.9088013182623706
NAR032018013,NAR,JRS_1,JRS,1,R,R-NAR032018013,18,14,1.4737880521341185,1.9088013182623706
NAR032018013,NAR,JRS_1,JRS,1,R,R-NAR032018013,18,15,1.5388362189182094,1.9088013182623706
NAR032018013,NAR,JRS_1,JRS,1,R,R-NAR032018013,18,16,1.616081647126246,1.9088013182623706
NAR032018013,NAR,JRS_1,JRS,1,R,R-NAR032018013,18,17,1.7217863784542513,1.9088013182623706
NAR032018013,NAR,JRS_1,JRS,1,R,R-NAR032018013,18,18,1.7990405684854378,1.9088013182623706
NAR032018014,NAR,CJF_1,CJF,1,R,R-NAR032018014,4,1,0.5753039821684812,0.9677662364812253
NAR032018014,NAR,CJF_1,CJF,1,R,R-NAR032018014,4,2,0.7593957978408071,0.9677662364812253
NAR032018014,NAR,CJF_1,CJF,1,R,R-NAR032018014,4,3,0.8696360248965233,0.9677662364812253
NAR032018014,NAR,CJF_1,CJF,1,R,R-NAR032018014,4,4,0.9677662364812253,0.9677662364812253
NAR032018014,NAR,CJF_2,CJF,2,R,R-NAR032018014,5,1,0.42937268013330215,0.9506933601123028
NAR032018014,NAR,CJF_2,CJF,2,R,R-NAR032018014,5,2,0.6126487123674149,0.9506933601123028
NAR032018014,NAR,CJF_2,CJF,2,R,R-NAR032018014,5,3,0.7603716107452198,0.9506933601123028
NAR032018014,NAR,CJF_2,CJF,2,R,R-NAR032018014,5,4,0.8552225017001193,0.9506933601123028
NAR032018014,NAR,CJF_2,CJF,2,R,R-NAR032018014,5,5,0.9506933601123028,0.9506933601123028
NAR032018014,NAR,CJF_3,CJF,3,R,R-NAR032018014,4,1,0.5760761585072403,0.9674447906111042
NAR032018014,NAR,CJF_3,CJF,3,R,R-NAR032018014,4,2,0.7596731922767829,0.9674447906111042
NAR032018014,NAR,CJF_3,CJF,3,R,R-NAR032018014,4,3,0.8765391924285582,0.9674447906111042
NAR032018014,NAR,CJF_3,CJF,3,R,R-NAR032018014,4,4,0.9674447906111042,0.9674447906111042
NAR032018014,NAR,JRS_1,JRS,1,R,R-NAR032018014,4,1,0.5195944352928116,0.8478174763927652
NAR032018014,NAR,JRS_1,JRS,1,R,R-NAR032018014,4,2,0.5195944352928116,0.8478174763927652
NAR032018014,NAR,JRS_1,JRS,1,R,R-NAR032018014,4,3,0.6444005847811909,0.8478174763927652
NAR032018014,NAR,JRS_1,JRS,1,R,R-NAR032018014,4,4,0.7612604050308344,0.8478174763927652
NAR032018015,NAR,CJF_1,CJF,1,R,R-NAR032018015,7,1,0.4831997384414422,1.2745395762386564
NAR032018015,NAR,CJF_1,CJF,1,R,R-NAR032018015,7,2,0.6611591020114083,1.2745395762386564
NAR032018015,NAR,CJF_1,CJF,1,R,R-NAR032018015,7,3,0.7704034420831009,1.2745395762386564
NAR032018015,NAR,CJF_1,CJF,1,R,R-NAR032018015,7,4,0.93800099518335045,1.2745395762386564
NAR032018015,NAR,CJF_1,CJF,1,R,R-NAR032018015,7,5,1.0621695072258843,1.2745395762386564
NAR032018015,NAR,CJF_1,CJF,1,R,R-NAR032018015,7,6,1.1640581486994968,1.2745395762386564
NAR032018015,NAR,CJF_1,CJF,1,R,R-NAR032018015,7,7,1.2745395762386564,1.2745395762386564
NAR032018015,NAR,CJF_2,CJF,2,R,R-NAR032018015,7,1,0.45322187467498687,1.2746267834737366
NAR032018015,NAR,CJF_2,CJF,2,R,R-NAR032018015,7,2,0.667013620670133,1.2746267834737366
NAR032018015,NAR,CJF_2,CJF,2,R,R-NAR032018015,7,3,0.8247291847336649,1.2746267834737366
NAR032018015,NAR,CJF_2,CJF,2,R,R-NAR032018015,7,4,0.9398318298515101,1.2746267834737366
NAR032018015,NAR,CJF_2,CJF,2,R,R-NAR032018015,7,5,1.0579782548940477,1.2746267834737366
NAR032018015,NAR,CJF_2,CJF,2,R,R-NAR032018015,7,6,1.1791684598612773,1.2746267834737366
NAR032018015,NAR,CJF_2,CJF,2,R,R-NAR032018015,7,7,1.2746267834737366,1.2746267834737366
NAR032018015,NAR,CJF_3,CJF,3,R,R-NAR032018015,7,1,0.4882394519479063,1.2540684297565023
NAR032018015,NAR,CJF_3,CJF,3,R,R-NAR032018015,7,2,0.6404598055541351,1.2540684297565023
NAR032018015,NAR,CJF_3,CJF,3,R,R-NAR032018015,7,3,0.7865582650446035,1.2540684297565023
NAR032018015,NAR,CJF_3,CJF,3,R,R-NAR032018015,7,4,0.9305646980276081,1.2540684297565023
NAR032018015,NAR,CJF_3,CJF,3,R,R-NAR032018015,7,5,1.0318597934629192,1.2540684297565023
NAR032018015,NAR,CJF_3,CJF,3,R,R-NAR032018015,7,6,1.150965150338989,1.2540684297565023
NAR032018015,NAR,CJF_3,CJF,3,R,R-NAR032018015,7,7,1.2540684297565023,1.2540684297565023
NAR032018015,NAR,JRS_1,JRS,1,R,R-NAR032018015,5,1,0.5973894095060802,1.2481372544313654
NAR032018015,NAR,JRS_1,JRS,1,R,R-NAR032018015,5,2,0.7848621107794694,1.2481372544313654
NAR032018015,NAR,JRS_1,JRS,1,R,R-NAR032018015,5,3,0.9244904120717204,1.2481372544313654
NAR032018015,NAR,JRS_1,JRS,1,R,R-NAR032018015,5,4,1.0622736899448793,1.2481372544313654
NAR032018015,NAR,JRS_1,JRS,1,R,R-NAR032018015,5,5,1.139103586909485,1.2481372544313654
NAR032018016,NAR,CJF_1,CJF,1,R,R-NAR032018016,4,1,0.414159618007789,1.0093736248111314
NAR032018016,NAR,CJF_1,CJF,1,R,R-NAR032018016,4,2,0.7056836248077376,1.0093736248111314
NAR032018016,NAR,CJF_1,CJF,1,R,R-NAR032018016,4,3,0.8848967063123893,1.0093736248111314
NAR032018016,NAR,CJF_1,CJF,1,R,R-NAR032018016,4,4,1.0093736248111314,1.0093736248111314
NAR032018016,NAR,CJF_2,CJF,2,R,R-NAR032018016,4,1,0.40910655630116904,0.9993774475259721
NAR032018016,NAR,CJF_2,CJF,2,R,R-NAR032018016,4,2,0.6989589229168118,0.9993774475259721
NAR032018016,NAR,CJF_2,CJF,2,R,R-NAR032018016,4,3,0.8892554594218278,0.9993774475259721
NAR032018016,NAR,CJF_2,CJF,2,R,R-NAR032018016,4,4,0.9993774475259721,0.9993774475259721
NAR032018016,NAR,CJF_3,CJF,3,R,R-NAR032018016,4,1,0.4076360400240863,1.0052299977017336
NAR032018016,NAR,CJF_3,CJF,3,R,R-NAR032018016,4,2,0.701433446634877,1.0052299977017336
NAR032018016,NAR,CJF_3,CJF,3,R,R-NAR032018016,4,3,0.8852561577745988,1.0052299977017336
NAR032018016,NAR,CJF_3,CJF,3,R,R-NAR032018016,4,4,1.0052299977017336,1.0052299977017336
NAR032018016,NAR,JRS_1,JRS,1,R,R-NAR032018016,4,1,0.37623733994591274,0.959336550301465
NAR032018016,NAR,JRS_1,JRS,1,R,R-NAR032018016,4,2,0.37623733994591274,0.959336550301465
NAR032018016,NAR,JRS_1,JRS,1,R,R-NAR032018016,4,3,0.6418540247257732,0.959336550301465
NAR032018016,NAR,JRS_1,JRS,1,R,R-NAR032018016,4,4,0.8284008244985543,0.959336550301465
NAR032018017,NAR,CJF_1,CJF,1,R,R-NAR032018017,11,1,0.3677279254438636,1.4458133565111364
NAR032018017,NAR,CJF_1,CJF,1,R,R-NAR032018017,11,2,0.6032089268133655,1.4458133565111364
NAR032018017,NAR,CJF_1,CJF,1,R,R-NAR032018017,11,3,0.7828131016972014,1.4458133565111364
NAR032018017,NAR,CJF_1,CJF,1,R,R-NAR032018017,11,4,0.9094570389481449,1.4458133565111364
NAR032018017,NAR,CJF_1,CJF,1,R,R-NAR032018017,11,5,1.024511141662251,1.4458133565111364
NAR032018017,NAR,CJF_1,CJF,1,R,R-NAR032018017,11,6,1.0994229448245596,1.4458133565111364
NAR032018017,NAR,CJF_1,CJF,1,R,R-NAR032018017,11,7,1.181779890126672,1.4458133565111364
NAR032018017,NAR,CJF_1,CJF,1,R,R-NAR032018017,11,8,1.2593780912596246,1.4458133565111364
NAR032018017,NAR,CJF_1,CJF,1,R,R-NAR032018017,11,9,1.339048638591093,1.4458133565111364
NAR032018017,NAR,CJF_1,CJF,1,R,R-NAR032018017,11,10,1.3955395168488884,1.4458133565111364
NAR032018017,NAR,CJF_1,CJF,1,R,R-NAR032018017,11,11,1.4458133565111364,1.4458133565111364
NAR032018017,NAR,CJF_2,CJF,2,R,R-NAR032018017,11,1,0.3561057672131241,1.4272959086586265
NAR032018017,NAR,CJF_2,CJF,2,R,R-NAR032018017,11,2,0.5892924665857555,1.4272959086586265
NAR032018017,NAR,CJF_2,CJF,2,R,R-NAR032018017,11,3,0.771758356733434,1.4272959086586265
NAR032018017,NAR,CJF_2,CJF,2,R,R-NAR032018017,11,4,0.8954225143300745,1.4272959086586265
NAR032018017,NAR,CJF_2,CJF,2,R,R-NAR032018017,11,5,1.015046210263672,1.4272959086586265
NAR032018017,NAR,CJF_2,CJF,2,R,R-NAR032018017,11,6,1.0975069018645092,1.4272959086586265
NAR032018017,NAR,CJF_2,CJF,2,R,R-NAR032018017,11,7,1.1785849331715113,1.4272959086586265
NAR032018017,NAR,CJF_2,CJF,2,R,R-NAR032018017,11,8,1.2454675890486346,1.4272959086586265
NAR032018017,NAR,CJF_2,CJF,2,R,R-NAR032018017,11,9,1.3211762580079904,1.4272959086586265
NAR032018017,NAR,CJF_2,CJF,2,R,R-NAR032018017,11,10,1.3806693207059462,1.4272959086586265
NAR032018017,NAR,CJF_2,CJF,2,R,R-NAR032018017,11,11,1.4272959086586265,1.4272959086586265
NAR032018017,NAR,CJF_3,CJF,3,R,R-NAR032018017,11,1,0.30816316658929427,1.387723018437733
NAR032018017,NAR,CJF_3,CJF,3,R,R-NAR032018017,11,2,0.5443277557837637,1.387723018437733
NAR032018017,NAR,CJF_3,CJF,3,R,R-NAR032018017,11,3,0.7053307205797816,1.387723018437733
NAR032018017,NAR,CJF_3,CJF,3,R,R-NAR032018017,11,4,0.8441822252375563,1.387723018437733
NAR032018017,NAR,CJF_3,CJF,3,R,R-NAR032018017,11,5,0.9450569036260985,1.387723018437733
NAR032018017,NAR,CJF_3,CJF,3,R,R-NAR032018017,11,6,1.043560563151027,1.387723018437733
NAR032018017,NAR,CJF_3,CJF,3,R,R-NAR032018017,11,7,1.113183056125811,1.387723018437733
NAR032018017,NAR,CJF_3,CJF,3,R,R-NAR032018017,11,8,1.1998164246633907,1.387723018437733
NAR032018017,NAR,CJF_3,CJF,3,R,R-NAR032018017,11,9,1.2607367392108804,1.387723018437733
NAR032018017,NAR,CJF_3,CJF,3,R,R-NAR032018017,11,10,1.3299657508938707,1.387723018437733
NAR032018017,NAR,CJF_3,CJF,3,R,R-NAR032018017,11,11,1.387723018437733,1.387723018437733
NAR032018017,NAR,JRS_1,JRS,1,R,R-NAR032018017,9,1,0.3541916781374199,1.3919085900917052
NAR032018017,NAR,JRS_1,JRS,1,R,R-NAR032018017,9,2,0.5597355583874274,1.3919085900917052
NAR032018017,NAR,JRS_1,JRS,1,R,R-NAR032018017,9,3,0.733241478732815,1.3919085900917052
NAR032018017,NAR,JRS_1,JRS,1,R,R-NAR032018017,9,4,0.8711195204502595,1.3919085900917052
NAR032018017,NAR,JRS_1,JRS,1,R,R-NAR032018017,9,5,0.9592813172517539,1.3919085900917052
NAR032018017,NAR,JRS_1,JRS,1,R,R-NAR032018017,9,6,1.039762339746165,1.3919085900917052
NAR032018017,NAR,JRS_1,JRS,1,R,R-NAR032018017,9,7,1.1030660140896846,1.3919085900917052
NAR032018017,NAR,JRS_1,JRS,1,R,R-NAR032018017,9,8,1.2012253215954256,1.3919085900917052
NAR032018017,NAR,JRS_1,JRS,1,R,R-NAR032018017,9,9,1.2609390772156228,1.3919085900917052
NAR032018018,NAR,CJF_1,CJF,1,R,R-NAR032018018,7,1,0.5362208125192673,1.2349651723625952
NAR032018018,NAR,CJF_1,CJF,1,R,R-NAR032018018,7,2,0.686581817206557,1.2349651723625952
NAR032018018,NAR,CJF_1,CJF,1,R,R-NAR032018018,7,3,0.8356257010088148,1.2349651723625952
NAR032018018,NAR,CJF_1,CJF,1,R,R-NAR032018018,7,4,0.9490399473948519,1.2349651723625952
NAR032018018,NAR,CJF_1,CJF,1,R,R-NAR032018018,7,5,1.0429083265126466,1.2349651723625952
NAR032018018,NAR,CJF_1,CJF,1,R,R-NAR032018018,7,6,1.154147461519558,1.2349651723625952
NAR032018018,NAR,CJF_1,CJF,1,R,R-NAR032018018,7,7,1.2349651723625952,1.2349651723625952
NAR032018018,NAR,CJF_2,CJF,2,R,R-NAR032018018,7,1,0.4318998965032161,1.1603817834456265
NAR032018018,NAR,CJF_2,CJF,2,R,R-NAR032018018,7,2,0.5979539284726023,1.1603817834456265
NAR032018018,NAR,CJF_2,CJF,2,R,R-NAR032018018,7,3,0.7405896004136233,1.1603817834456265
NAR032018018,NAR,CJF_2,CJF,2,R,R-NAR032018018,7,4,0.8660619223178625,1.1603817834456265
NAR032018018,NAR,CJF_2,CJF,2,R,R-NAR032018018,7,5,0.9756993390420896,1.1603817834456265
NAR032018018,NAR,CJF_2,CJF,2,R,R-NAR032018018,7,6,1.0653798984753968,1.1603817834456265
NAR032018018,NAR,CJF_2,CJF,2,R,R-NAR032018018,7,7,1.1603817834456265,1.1603817834456265
NAR032018018,NAR,CJF_3,CJF,3,R,R-NAR032018018,7,1,0.4845926844091176,1.2032249854955424
NAR032018018,NAR,CJF_3,CJF,3,R,R-NAR032018018,7,2,0.6623978955593492,1.2032249854955424
NAR032018018,NAR,CJF_3,CJF,3,R,R-NAR032018018,7,3,0.786169054414041,1.2032249854955424
NAR032018018,NAR,CJF_3,CJF,3,R,R-NAR032018018,7,4,0.9142944233973207,1.2032249854955424
NAR032018018,NAR,CJF_3,CJF,3,R,R-NAR032018018,7,5,1.0180083178598125,1.2032249854955424
NAR032018018,NAR,CJF_3,CJF,3,R,R-NAR032018018,7,6,1.115190897129421,1.2032249854955424
NAR032018018,NAR,CJF_3,CJF,3,R,R-NAR032018018,7,7,1.2032249854955424,1.2032249854955424
NAR032018018,NAR,JRS_1,JRS,1,R,R-NAR032018018,6,1,0.3624180456625061,1.1367123152888488
NAR032018018,NAR,JRS_1,JRS,1,R,R-NAR032018018,6,2,0.6159623583492775,1.1367123152888488
NAR032018018,NAR,JRS_1,JRS,1,R,R-NAR032018018,6,3,0.7276340983510274,1.1367123152888488
NAR032018018,NAR,JRS_1,JRS,1,R,R-NAR032018018,6,4,0.8500448923733681,1.1367123152888488
NAR032018018,NAR,JRS_1,JRS,1,R,R-NAR032018018,6,5,0.9597003029966171,1.1367123152888488
NAR032018018,NAR,JRS_1,JRS,1,R,R-NAR032018018,6,6,1.0545840008422782,1.1367123152888488
NAR032018019,NAR,CJF_1,CJF,1,R,R-NAR032018019,15,1,0.4514828401588915,1.446216748894549
NAR032018019,NAR,CJF_1,CJF,1,R,R-NAR032018019,15,2,0.6182234932524567,1.446216748894549
NAR032018019,NAR,CJF_1,CJF,1,R,R-NAR032018019,15,3,0.7416008113149335,1.446216748894549
NAR032018019,NAR,CJF_1,CJF,1,R,R-NAR032018019,15,4,0.8461769712251159,1.446216748894549
NAR032018019,NAR,CJF_1,CJF,1,R,R-NAR032018019,15,5,0.9242876176479257,1.446216748894549
NAR032018019,NAR,CJF_1,CJF,1,R,R-NAR032018019,15,6,0.9781703129269597,1.446216748894549
NAR032018019,NAR,CJF_1,CJF,1,R,R-NAR032018019,15,7,1.0448099307975354,1.446216748894549
NAR032018019,NAR,CJF_1,CJF,1,R,R-NAR032018019,15,8,1.1005959626851474,1.446216748894549
NAR032018019,NAR,CJF_1,CJF,1,R,R-NAR032018019,15,9,1.1481001966684103,1.446216748894549
NAR032018019,NAR,CJF_1,CJF,1,R,R-NAR032018019,15,10,1.1895601950909214,1.446216748894549
NAR032018019,NAR,CJF_1,CJF,1,R,R-NAR032018019,15,11,1.2402536597220695,1.446216748894549
NAR032018019,NAR,CJF_1,CJF,1,R,R-NAR032018019,15,12,1.3142234071927053,1.446216748894549
NAR032018019,NAR,CJF_1,CJF,1,R,R-NAR032018019,15,13,1.3598243045673906,1.446216748894549
NAR032018019,NAR,CJF_1,CJF,1,R,R-NAR032018019,15,14,1.405090976207057,1.446216748894549
NAR032018019,NAR,CJF_1,CJF,1,R,R-NAR032018019,15,15,1.446216748894549,1.446216748894549
NAR032018019,NAR,CJF_2,CJF,2,R,R-NAR032018019,14,1,0.40351452729422105,1.37100959322247
NAR032018019,NAR,CJF_2,CJF,2,R,R-NAR032018019,14,2,0.5410643394854646,1.37100959322247
NAR032018019,NAR,CJF_2,CJF,2,R,R-NAR032018019,14,3,0.6735767972480126,1.37100959322247
NAR032018019,NAR,CJF_2,CJF,2,R,R-NAR032018019,14,4,0.7808761742171548,1.37100959322247
NAR032018019,NAR,CJF_2,CJF,2,R,R-NAR032018019,14,5,0.8565417252473032,1.37100959322247
NAR032018019,NAR,CJF_2,CJF,2,R,R-NAR032018019,14,6,0.9106481591958495,1.37100959322247
NAR032018019,NAR,CJF_2,CJF,2,R,R-NAR032018019,14,7,0.9826334378642652,1.37100959322247
NAR032018019,NAR,CJF_2,CJF,2,R,R-NAR032018019,14,8,1.0303191266672247,1.37100959322247
NAR032018019,NAR,CJF_2,CJF,2,R,R-NAR032018019,14,9,1.0816850878319184,1.37100959322247
NAR032018019,NAR,CJF_2,CJF,2,R,R-NAR032018019,14,10,1.120653149844449,1.37100959322247
NAR032018019,NAR,CJF_2,CJF,2,R,R-NAR032018019,14,11,1.1788834472937395,1.37100959322247
NAR032018019,NAR,CJF_2,CJF,2,R,R-NAR032018019,14,12,1.2384971354599217,1.37100959322247
NAR032018019,NAR,CJF_2,CJF,2,R,R-NAR032018019,14,13,1.299937805482006,1.37100959322247
NAR032018019,NAR,CJF_2,CJF,2,R,R-NAR032018019,14,14,1.37100959322247,1.37100959322247
NAR032018019,NAR,CJF_3,CJF,3,R,R-NAR032018019,14,1,0.45980362336862585,1.443148419314404
NAR032018019,NAR,CJF_3,CJF,3,R,R-NAR032018019,14,2,0.6100739265428928,1.443148419314404
NAR032018019,NAR,CJF_3,CJF,3,R,R-NAR032018019,14,3,0.7296522812271788,1.443148419314404
NAR032018019,NAR,CJF_3,CJF,3,R,R-NAR032018019,14,4,0.8293094495147875,1.443148419314404
NAR032018019,NAR,CJF_3,CJF,3,R,R-NAR032018019,14,5,0.9106145328914269,1.443148419314404
NAR032018019,NAR,CJF_3,CJF,3,R,R-NAR032018019,14,6,0.979370805927286,1.443148419314404
NAR032018019,NAR,CJF_3,CJF,3,R,R-NAR032018019,14,7,1.0355782686223647,1.443148419314404
NAR032018019,NAR,CJF_3,CJF,3,R,R-NAR032018019,14,8,1.092779228822066,1.443148419314404
NAR032018019,NAR,CJF_3,CJF,3,R,R-NAR032018019,14,9,1.1404118711948557,1.443148419314404
NAR032018019,NAR,CJF_3,CJF,3,R,R-NAR032018019,14,10,1.182659132520994,1.443148419314404
NAR032018019,NAR,CJF_3,CJF,3,R,R-NAR032018019,14,11,1.2378730977114496,1.443148419314404
NAR032018019,NAR,CJF_3,CJF,3,R,R-NAR032018019,14,12,1.295074057911151,1.443148419314404
NAR032018019,NAR,CJF_3,CJF,3,R,R-NAR032018019,14,13,1.3490855788352156,1.443148419314404
NAR032018019,NAR,CJF_3,CJF,3,R,R-NAR032018019,14,14,1.443148419314404,1.443148419314404
NAR032018019,NAR,JRS_1,JRS,1,R,R-NAR032018019,13,1,0.3563766705376582,1.0682628970695496
NAR032018019,NAR,JRS_1,JRS,1,R,R-NAR032018019,13,2,0.43474316515646694,1.0682628970695496
NAR032018019,NAR,JRS_1,JRS,1,R,R-NAR032018019,13,3,0.4917732550478611,1.0682628970695496
NAR032018019,NAR,JRS_1,JRS,1,R,R-NAR032018019,13,4,0.56773408070052,1.0682628970695496
NAR032018019,NAR,JRS_1,JRS,1,R,R-NAR032018019,13,5,0.6256312851353383,1.0682628970695496
NAR032018019,NAR,JRS_1,JRS,1,R,R-NAR032018019,13,6,0.6743393709772744,1.0682628970695496
NAR032018019,NAR,JRS_1,JRS,1,R,R-NAR032018019,13,7,0.7405585794615467,1.0682628970695496
NAR032018019,NAR,JRS_1,JRS,1,R,R-NAR032018019,13,8,0.7936444459640668,1.0682628970695496
NAR032018019,NAR,JRS_1,JRS,1,R,R-NAR032018019,13,9,0.8403804201115671,1.0682628970695496
NAR032018019,NAR,JRS_1,JRS,1,R,R-NAR032018019,13,10,0.8720109405828754,1.0682628970695496
NAR032018019,NAR,JRS_1,JRS,1,R,R-NAR032018019,13,11,0.9348384242537836,1.0682628970695496
NAR032018019,NAR,JRS_1,JRS,1,R,R-NAR032018019,13,12,0.9762105618934814,1.0682628970695496
NAR032018019,NAR,JRS_1,JRS,1,R,R-NAR032018019,13,13,1.023932591888199,1.0682628970695496
NAR032018020,NAR,CJF_1,CJF,1,R,R-NAR032018020,7,1,0.3854255600072181,1.0779749860952879
NAR032018020,NAR,CJF_1,CJF,1,R,R-NAR032018020,7,2,0.5886622348991539,1.0779749860952879
NAR032018020,NAR,CJF_1,CJF,1,R,R-NAR032018020,7,3,0.6971838557961433,1.0779749860952879
NAR032018020,NAR,CJF_1,CJF,1,R,R-NAR032018020,7,4,0.8122708207205657,1.0779749860952879
NAR032018020,NAR,CJF_1,CJF,1,R,R-NAR032018020,7,5,0.9063099958683338,1.0779749860952879
NAR032018020,NAR,CJF_1,CJF,1,R,R-NAR032018020,7,6,0.994459705835848,1.0779749860952879
NAR032018020,NAR,CJF_1,CJF,1,R,R-NAR032018020,7,7,1.0779749860952879,1.0779749860952879
NAR032018020,NAR,CJF_2,CJF,2,R,R-NAR032018020,7,1,0.43909233517900437,1.1270255190306204
NAR032018020,NAR,CJF_2,CJF,2,R,R-NAR032018020,7,2,0.6041838777497236,1.1270255190306204
NAR032018020,NAR,CJF_2,CJF,2,R,R-NAR032018020,7,3,0.7274977122550702,1.1270255190306204
NAR032018020,NAR,CJF_2,CJF,2,R,R-NAR032018020,7,4,0.8581888123001477,1.1270255190306204
NAR032018020,NAR,CJF_2,CJF,2,R,R-NAR032018020,7,5,0.931105517833564,1.1270255190306204
NAR032018020,NAR,CJF_2,CJF,2,R,R-NAR032018020,7,6,1.0290655184320918,1.1270255190306204
NAR032018020,NAR,CJF_2,CJF,2,R,R-NAR032018020,7,7,1.1270255190306204,1.1270255190306204
NAR032018020,NAR,CJF_3,CJF,3,R,R-NAR032018020,7,1,0.5102648806540578,1.1440402822629863
NAR032018020,NAR,CJF_3,CJF,3,R,R-NAR032018020,7,2,0.6547071958875548,1.1440402822629863
NAR032018020,NAR,CJF_3,CJF,3,R,R-NAR032018020,7,3,0.7509805148582508,1.1440402822629863
NAR032018020,NAR,CJF_3,CJF,3,R,R-NAR032018020,7,4,0.8837796835914217,1.1440402822629863
NAR032018020,NAR,CJF_3,CJF,3,R,R-NAR032018020,7,5,0.9707643547838185,1.1440402822629863
NAR032018020,NAR,CJF_3,CJF,3,R,R-NAR032018020,7,6,1.0498472080091719,1.1440402822629863
NAR032018020,NAR,CJF_3,CJF,3,R,R-NAR032018020,7,7,1.1440402822629863,1.1440402822629863
NAR032018020,NAR,JRS_1,JRS,1,R,R-NAR032018020,6,1,0.5479245673297719,1.107921608601833
NAR032018020,NAR,JRS_1,JRS,1,R,R-NAR032018020,6,2,0.688976947613464,1.107921608601833
NAR032018020,NAR,JRS_1,JRS,1,R,R-NAR032018020,6,3,0.8137443740921593,1.107921608601833
NAR032018020,NAR,JRS_1,JRS,1,R,R-NAR032018020,6,4,0.8913811452716901,1.107921608601833
NAR032018020,NAR,JRS_1,JRS,1,R,R-NAR032018020,6,5,0.9482657935731627,1.107921608601833
NAR032018020,NAR,JRS_1,JRS,1,R,R-NAR032018020,6,6,1.0466546876307505,1.107921608601833
NAR032018021,NAR,CJF_1,CJF,1,R,R-NAR032018021,14,1,0.50799201899601365,1.6012607797853557
NAR032018021,NAR,CJF_1,CJF,1,R,R-NAR032018021,14,2,0.6658643258307098,1.6012607797853557
NAR032018021,NAR,CJF_1,CJF,1,R,R-NAR032018021,14,3,0.7966163181681573,1.6012607797853557
NAR032018021,NAR,CJF_1,CJF,1,R,R-NAR032018021,14,4,0.8981765135248996,1.6012607797853557
NAR032018021,NAR,CJF_1,CJF,1,R,R-NAR032018021,14,5,0.9840716970133176,1.6012607797853557
NAR032018021,NAR,CJF_1,CJF,1,R,R-NAR032018021,14,6,1.0864719960969087,1.6012607797853557
NAR032018021,NAR,CJF_1,CJF,1,R,R-NAR032018021,14,7,1.1458291823301394,1.6012607797853557
NAR032018021,NAR,CJF_1,CJF,1,R,R-NAR032018021,14,8,1.2154770367081729,1.6012607797853557
NAR032018021,NAR,CJF_1,CJF,1,R,R-NAR032018021,14,9,1.2759988574255268,1.6012607797853557
NAR032018021,NAR,CJF_1,CJF,1,R,R-NAR032018021,14,10,1.336778464627668,1.6012607797853557
NAR032018021,NAR,CJF_1,CJF,1,R,R-NAR032018021,14,11,1.410569283972616,1.6012607797853557
NAR032018021,NAR,CJF_1,CJF,1,R,R-NAR032018021,14,12,1.4663658224809937,1.6012607797853557
NAR032018021,NAR,CJF_1,CJF,1,R,R-NAR032018021,14,13,1.535431359616965,1.6012607797853557
NAR032018021,NAR,CJF_1,CJF,1,R,R-NAR032018021,14,14,1.6012607797853557,1.6012607797853557
NAR032018021,NAR,CJF_2,CJF,2,R,R-NAR032018021,13,1,0.48987349827206006,1.6129949495625069
NAR032018021,NAR,CJF_2,CJF,2,R,R-NAR032018021,13,2,0.6889556225125126,1.6129949495625069
NAR032018021,NAR,CJF_2,CJF,2,R,R-NAR032018021,13,3,0.7956128752239467,1.6129949495625069
NAR032018021,NAR,CJF_2,CJF,2,R,R-NAR032018021,13,4,0.9199549848630011,1.6129949495625069
NAR032018021,NAR,CJF_2,CJF,2,R,R-NAR032018021,13,5,0.9858735098246091,1.6129949495625069
NAR032018021,NAR,CJF_2,CJF,2,R,R-NAR032018021,13,6,1.0809933577129298,1.6129949495625069
NAR032018021,NAR,CJF_2,CJF,2,R,R-NAR032018021,13,7,1.162512690860622,1.6129949495625069
NAR032018021,NAR,CJF_2,CJF,2,R,R-NAR032018021,13,8,1.2392948765555163,1.6129949495625069
NAR032018021,NAR,CJF_2,CJF,2,R,R-NAR032018021,13,9,1.303844974513453,1.6129949495625069
NAR032018021,NAR,CJF_2,CJF,2,R,R-NAR032018021,13,10,1.387406478754642,1.6129949495625069
NAR032018021,NAR,CJF_2,CJF,2,R,R-NAR032018021,13,11,1.4662308355430325,1.6129949495625069
NAR032018021,NAR,CJF_2,CJF,2,R,R-NAR032018021,13,12,1.5368865079574383,1.6129949495625069
NAR032018021,NAR,CJF_2,CJF,2,R,R-NAR032018021,13,13,1.6129949495625069,1.6129949495625069
NAR032018021,NAR,CJF_3,CJF,3,R,R-NAR032018021,14,1,0.5043873467211673,1.6203814269576318
NAR032018021,NAR,CJF_3,CJF,3,R,R-NAR032018021,14,2,0.6970426059911141,1.6203814269576318
NAR032018021,NAR,CJF_3,CJF,3,R,R-NAR032018021,14,3,0.8154497353916693,1.6203814269576318
NAR032018021,NAR,CJF_3,CJF,3,R,R-NAR032018021,14,4,0.9295874649529986,1.6203814269576318
NAR032018021,NAR,CJF_3,CJF,3,R,R-NAR032018021,14,5,1.0209131941792977,1.6203814269576318
NAR032018021,NAR,CJF_3,CJF,3,R,R-NAR032018021,14,6,1.0889126800622082,1.6203814269576318
NAR032018021,NAR,CJF_3,CJF,3,R,R-NAR032018021,14,7,1.1642670238344963,1.6203814269576318
NAR032018021,NAR,CJF_3,CJF,3,R,R-NAR032018021,14,8,1.2455112243572661,1.6203814269576318
NAR032018021,NAR,CJF_3,CJF,3,R,R-NAR032018021,14,9,1.315053439265252,1.6203814269576318
NAR032018021,NAR,CJF_3,CJF,3,R,R-NAR032018021,14,10,1.3612694108298498,1.6203814269576318
NAR032018021,NAR,CJF_3,CJF,3,R,R-NAR032018021,14,11,1.4212443400426653,1.6203814269576318
NAR032018021,NAR,CJF_3,CJF,3,R,R-NAR032018021,14,12,1.4924070118619068,1.6203814269576318
NAR032018021,NAR,CJF_3,CJF,3,R,R-NAR032018021,14,13,1.5513534550580046,1.6203814269576318
NAR032018021,NAR,CJF_3,CJF,3,R,R-NAR032018021,14,14,1.6203814269576318,1.6203814269576318
NAR032018021,NAR,JRS_1,JRS,1,R,R-NAR032018021,13,1,0.37440117250352006,1.3462961360419048
NAR032018021,NAR,JRS_1,JRS,1,R,R-NAR032018021,13,2,0.4992954744402098,1.3462961360419048
NAR032018021,NAR,JRS_1,JRS,1,R,R-NAR032018021,13,3,0.5883916551994637,1.3462961360419048
NAR032018021,NAR,JRS_1,JRS,1,R,R-NAR032018021,13,4,0.6552959629833378,1.3462961360419048
NAR032018021,NAR,JRS_1,JRS,1,R,R-NAR032018021,13,5,0.7311145843982374,1.3462961360419048
NAR032018021,NAR,JRS_1,JRS,1,R,R-NAR032018021,13,6,0.7980188921820895,1.3462961360419048
NAR032018021,NAR,JRS_1,JRS,1,R,R-NAR032018021,13,7,0.8782946704125293,1.3462961360419048
NAR032018021,NAR,JRS_1,JRS,1,R,R-NAR032018021,13,8,0.9540663362763178,1.3462961360419048
NAR032018021,NAR,JRS_1,JRS,1,R,R-NAR032018021,13,9,1.0342482034045462,1.3462961360419048
NAR032018021,NAR,JRS_1,JRS,1,R,R-NAR032018021,13,10,1.0966953543729019,1.3462961360419048
NAR032018021,NAR,JRS_1,JRS,1,R,R-NAR032018021,13,11,1.1590955497901465,1.3462961360419048
NAR032018021,NAR,JRS_1,JRS,1,R,R-NAR032018021,13,12,1.221448789656302,1.3462961360419048
NAR032018021,NAR,JRS_1,JRS,1,R,R-NAR032018021,13,13,1.2794387838091394,1.3462961360419048
NAR032018022,NAR,CJF_1,CJF,1,R,R-NAR032018022,7,1,0.4574091206500956,1.1439251647120288
NAR032018022,NAR,CJF_1,CJF,1,R,R-NAR032018022,7,2,0.6335035427546952,1.1439251647120288
NAR032018022,NAR,CJF_1,CJF,1,R,R-NAR032018022,7,3,0.7555484429670545,1.1439251647120288
NAR032018022,NAR,CJF_1,CJF,1,R,R-NAR032018022,7,4,0.8531998494310361,1.1439251647120288
NAR032018022,NAR,CJF_1,CJF,1,R,R-NAR032018022,7,5,0.9337943377121332,1.1439251647120288
NAR032018022,NAR,CJF_1,CJF,1,R,R-NAR032018022,7,6,1.0473882103035237,1.1439251647120288
NAR032018022,NAR,CJF_1,CJF,1,R,R-NAR032018022,7,7,1.1439251647120288,1.1439251647120288
NAR032018022,NAR,CJF_2,CJF,2,R,R-NAR032018022,7,1,0.3887594567239793,1.1630295613965709
NAR032018022,NAR,CJF_2,CJF,2,R,R-NAR032018022,7,2,0.6464885128620242,1.1630295613965709
NAR032018022,NAR,CJF_2,CJF,2,R,R-NAR032018022,7,3,0.7668607979930104,1.1630295613965709
NAR032018022,NAR,CJF_2,CJF,2,R,R-NAR032018022,7,4,0.8829869616549791,1.1630295613965709
NAR032018022,NAR,CJF_2,CJF,2,R,R-NAR032018022,7,5,0.9675668967761253,1.1630295613965709
NAR032018022,NAR,CJF_2,CJF,2,R,R-NAR032018022,7,6,1.076455000888121,1.1630295613965709
NAR032018022,NAR,CJF_2,CJF,2,R,R-NAR032018022,7,7,1.1630295613965709,1.1630295613965709
NAR032018022,NAR,CJF_3,CJF,3,R,R-NAR032018022,7,1,0.4822503369321832,1.1861829905768226
NAR032018022,NAR,CJF_3,CJF,3,R,R-NAR032018022,7,2,0.658476119985738,1.1861829905768226
NAR032018022,NAR,CJF_3,CJF,3,R,R-NAR032018022,7,3,0.7946961292156118,1.1861829905768226
NAR032018022,NAR,CJF_3,CJF,3,R,R-NAR032018022,7,4,0.8895363618927475,1.1861829905768226
NAR032018022,NAR,CJF_3,CJF,3,R,R-NAR032018022,7,5,0.9901856274835691,1.1861829905768226
NAR032018022,NAR,CJF_3,CJF,3,R,R-NAR032018022,7,6,1.0782463486774378,1.1861829905768226
NAR032018022,NAR,CJF_3,CJF,3,R,R-NAR032018022,7,7,1.1861829905768226,1.1861829905768226
NAR032018022,NAR,JRS_1,JRS,1,R,R-NAR032018022,5,1,0.646061130479159,1.1683161673202078
NAR032018022,NAR,JRS_1,JRS,1,R,R-NAR032018022,5,2,0.7812744614421208,1.1683161673202078
NAR032018022,NAR,JRS_1,JRS,1,R,R-NAR032018022,5,3,0.8655982142202298,1.1683161673202078
NAR032018022,NAR,JRS_1,JRS,1,R,R-NAR032018022,5,4,0.9851881202194339,1.1683161673202078
NAR032018022,NAR,JRS_1,JRS,1,R,R-NAR032018022,5,5,1.078141132620679,1.1683161673202078
NAR032018023,NAR,CJF_1,CJF,1,R,R-NAR032018023,14,1,0.5287317962950525,1.5204191544946128
NAR032018023,NAR,CJF_1,CJF,1,R,R-NAR032018023,14,2,0.6272888911909928,1.5204191544946128
NAR032018023,NAR,CJF_1,CJF,1,R,R-NAR032018023,14,3,0.7341303589887681,1.5204191544946128
NAR032018023,NAR,CJF_1,CJF,1,R,R-NAR032018023,14,4,0.8561891174329169,1.5204191544946128
NAR032018023,NAR,CJF_1,CJF,1,R,R-NAR032018023,14,5,0.9414488477285553,1.5204191544946128
NAR032018023,NAR,CJF_1,CJF,1,R,R-NAR032018023,14,6,1.0086824571698112,1.5204191544946128
NAR032018023,NAR,CJF_1,CJF,1,R,R-NAR032018023,14,7,1.0842004395129021,1.5204191544946128
NAR032018023,NAR,CJF_1,CJF,1,R,R-NAR032018023,14,8,1.1458163885381392,1.5204191544946128
NAR032018023,NAR,CJF_1,CJF,1,R,R-NAR032018023,14,9,1.2053702937951125,1.5204191544946128
NAR032018023,NAR,CJF_1,CJF,1,R,R-NAR032018023,14,10,1.2640352948901459,1.5204191544946128
NAR032018023,NAR,CJF_1,CJF,1,R,R-NAR032018023,14,11,1.3169405178469678,1.5204191544946128
NAR032018023,NAR,CJF_1,CJF,1,R,R-NAR032018023,14,12,1.3794453710341432,1.5204191544946128
NAR032018023,NAR,CJF_1,CJF,1,R,R-NAR032018023,14,13,1.4353015419211683,1.5204191544946128
NAR032018023,NAR,CJF_1,CJF,1,R,R-NAR032018023,14,14,1.5204191544946128,1.5204191544946128
NAR032018023,NAR,CJF_2,CJF,2,R,R-NAR032018023,12,1,0.51160616850207985,1.535448456562143
NAR032018023,NAR,CJF_2,CJF,2,R,R-NAR032018023,12,2,0.7118987860692815,1.535448456562143
NAR032018023,NAR,CJF_2,CJF,2,R,R-NAR032018023,12,3,0.8355003596662184,1.535448456562143
NAR032018023,NAR,CJF_2,CJF,2,R,R-NAR032018023,12,4,0.916933195869905,1.535448456562143
NAR032018023,NAR,CJF_2,CJF,2,R,R-NAR032018023,12,5,1.0017780633639586,1.535448456562143
NAR032018023,NAR,CJF_2,CJF,2,R,R-NAR032018023,12,6,1.0768243708632144,1.535448456562143
NAR032018023,NAR,CJF_2,CJF,2,R,R-NAR032018023,12,7,1.1345482458997886,1.535448456562143
NAR032018023,NAR,CJF_2,CJF,2,R,R-NAR032018023,12,8,1.1906273844653552,1.535448456562143
NAR032018023,NAR,CJF_2,CJF,2,R,R-NAR032018023,12,9,1.2790767004293755,1.535448456562143
NAR032018023,NAR,CJF_2,CJF,2,R,R-NAR032018023,12,10,1.3588648001620542,1.535448456562143
NAR032018023,NAR,CJF_2,CJF,2,R,R-NAR032018023,12,11,1.439475268130237,1.535448456562143
NAR032018023,NAR,CJF_2,CJF,2,R,R-NAR032018023,12,12,1.535448456562143,1.535448456562143
NAR032018023,NAR,CJF_3,CJF,3,R,R-NAR032018023,15,1,0.5662885307958136,1.538628663028035
NAR032018023,NAR,CJF_3,CJF,3,R,R-NAR032018023,15,2,0.6585817120495894,1.538628663028035
NAR032018023,NAR,CJF_3,CJF,3,R,R-NAR032018023,15,3,0.7321367639212946,1.538628663028035
NAR032018023,NAR,CJF_3,CJF,3,R,R-NAR032018023,15,4,0.8479792950094747,1.538628663028035
NAR032018023,NAR,CJF_3,CJF,3,R,R-NAR032018023,15,5,0.9449823462301313,1.538628663028035
NAR032018023,NAR,CJF_3,CJF,3,R,R-NAR032018023,15,6,1.0147289619341502,1.538628663028035
NAR032018023,NAR,CJF_3,CJF,3,R,R-NAR032018023,15,7,1.0816699257551314,1.538628663028035
NAR032018023,NAR,CJF_3,CJF,3,R,R-NAR032018023,15,8,1.1476081052914644,1.538628663028035
NAR032018023,NAR,CJF_3,CJF,3,R,R-NAR032018023,15,9,1.2107406329447599,1.538628663028035
NAR032018023,NAR,CJF_3,CJF,3,R,R-NAR032018023,15,10,1.2559351145297264,1.538628663028035
NAR032018023,NAR,CJF_3,CJF,3,R,R-NAR032018023,15,11,1.3143577722161406,1.538628663028035
NAR032018023,NAR,CJF_3,CJF,3,R,R-NAR032018023,15,12,1.3831016036355115,1.538628663028035
NAR032018023,NAR,CJF_3,CJF,3,R,R-NAR032018023,15,13,1.4378171756396927,1.538628663028035
NAR032018023,NAR,CJF_3,CJF,3,R,R-NAR032018023,15,14,1.49814405140995,1.538628663028035
NAR032018023,NAR,CJF_3,CJF,3,R,R-NAR032018023,15,15,1.538628663028035,1.538628663028035
NAR032018023,NAR,JRS_1,JRS,1,R,R-NAR032018023,12,1,0.23477161607543898,0.992847472047979
NAR032018023,NAR,JRS_1,JRS,1,R,R-NAR032018023,12,2,0.35946946468446384,0.992847472047979
NAR032018023,NAR,JRS_1,JRS,1,R,R-NAR032018023,12,3,0.414153841917017,0.992847472047979
NAR032018023,NAR,JRS_1,JRS,1,R,R-NAR032018023,12,4,0.47182668409359124,0.992847472047979
NAR032018023,NAR,JRS_1,JRS,1,R,R-NAR032018023,12,5,0.5253693353547887,0.992847472047979
NAR032018023,NAR,JRS_1,JRS,1,R,R-NAR032018023,12,6,0.601796449589349,0.992847472047979
NAR032018023,NAR,JRS_1,JRS,1,R,R-NAR032018023,12,7,0.6596876482509475,0.992847472047979
NAR032018023,NAR,JRS_1,JRS,1,R,R-NAR032018023,12,8,0.7262759417133494,0.992847472047979
NAR032018023,NAR,JRS_1,JRS,1,R,R-NAR032018023,12,9,0.773186593631432,0.992847472047979
NAR032018023,NAR,JRS_1,JRS,1,R,R-NAR032018023,12,10,0.8301544228066985,0.992847472047979
NAR032018023,NAR,JRS_1,JRS,1,R,R-NAR032018023,12,11,0.8770650747247817,0.992847472047979
NAR032018023,NAR,JRS_1,JRS,1,R,R-NAR032018023,12,12,0.9315310954723108,0.992847472047979
NAR032019001,NAR,CJF_1,CJF,1,R,R-NAR032019001,8,1,0.41370383833535807,1.2214489402311415
NAR032019001,NAR,CJF_1,CJF,1,R,R-NAR032019001,8,2,0.593135824488106,1.2214489402311415
NAR032019001,NAR,CJF_1,CJF,1,R,R-NAR032019001,8,3,0.7268845071148098,1.2214489402311415
NAR032019001,NAR,CJF_1,CJF,1,R,R-NAR032019001,8,4,0.8315555349656523,1.2214489402311415
NAR032019001,NAR,CJF_1,CJF,1,R,R-NAR032019001,8,5,0.9342890002027996,1.2214489402311415
NAR032019001,NAR,CJF_1,CJF,1,R,R-NAR032019001,8,6,1.0345252211207232,1.2214489402311415
NAR032019001,NAR,CJF_1,CJF,1,R,R-NAR032019001,8,7,1.1322784132898596,1.2214489402311415
NAR032019001,NAR,CJF_1,CJF,1,R,R-NAR032019001,8,8,1.2214489402311415,1.2214489402311415
NAR032019001,NAR,CJF_2,CJF,2,R,R-NAR032019001,9,1,0.4145436912351629,1.2249029370531588
NAR032019001,NAR,CJF_2,CJF,2,R,R-NAR032019001,9,2,0.5744545013803452,1.2249029370531588
NAR032019001,NAR,CJF_2,CJF,2,R,R-NAR032019001,9,3,0.6962244487461894,1.2249029370531588
NAR032019001,NAR,CJF_2,CJF,2,R,R-NAR032019001,9,4,0.775207473077888,1.2249029370531588
NAR032019001,NAR,CJF_2,CJF,2,R,R-NAR032019001,9,5,0.8421251303104023,1.2249029370531588
NAR032019001,NAR,CJF_2,CJF,2,R,R-NAR032019001,9,6,0.9145173329055095,1.2249029370531588
NAR032019001,NAR,CJF_2,CJF,2,R,R-NAR032019001,9,7,1.0019639926390327,1.2249029370531588
NAR032019001,NAR,CJF_2,CJF,2,R,R-NAR032019001,9,8,1.1199883126744106,1.2249029370531588
NAR032019001,NAR,CJF_2,CJF,2,R,R-NAR032019001,9,9,1.2249029370531588,1.2249029370531588
NAR032019001,NAR,CJF_3,CJF,3,R,R-NAR032019001,9,1,0.4230102983382278,1.2198660980375657
NAR032019001,NAR,CJF_3,CJF,3,R,R-NAR032019001,9,2,0.5790137678525418,1.2198660980375657
NAR032019001,NAR,CJF_3,CJF,3,R,R-NAR032019001,9,3,0.6974683599309262,1.2198660980375657
NAR032019001,NAR,CJF_3,CJF,3,R,R-NAR032019001,9,4,0.7940981766100448,1.2198660980375657
NAR032019001,NAR,CJF_3,CJF,3,R,R-NAR032019001,9,5,0.8697813586659187,1.2198660980375657
NAR032019001,NAR,CJF_3,CJF,3,R,R-NAR032019001,9,6,0.937427880768994,1.2198660980375657
NAR032019001,NAR,CJF_3,CJF,3,R,R-NAR032019001,9,7,1.0497817994847778,1.2198660980375657
NAR032019001,NAR,CJF_3,CJF,3,R,R-NAR032019001,9,8,1.1400747334862145,1.2198660980375657
NAR032019001,NAR,CJF_3,CJF,3,R,R-NAR032019001,9,9,1.2198660980375657,1.2198660980375657
NAR032019001,NAR,JRS_1,JRS,1,R,R-NAR032019001,9,1,0.4004929432532036,1.1846444216287033
NAR032019001,NAR,JRS_1,JRS,1,R,R-NAR032019001,9,2,0.5438184296570032,1.1846444216287033
NAR032019001,NAR,JRS_1,JRS,1,R,R-NAR032019001,9,3,0.6692398811248822,1.1846444216287033
NAR032019001,NAR,JRS_1,JRS,1,R,R-NAR032019001,9,4,0.7693631169381835,1.1846444216287033
NAR032019001,NAR,JRS_1,JRS,1,R,R-NAR032019001,9,5,0.8273537289659988,1.1846444216287033
NAR032019001,NAR,JRS_1,JRS,1,R,R-NAR032019001,9,6,0.9122003933976952,1.1846444216287033
NAR032019001,NAR,JRS_1,JRS,1,R,R-NAR032019001,9,7,0.9822586963920745,1.1846444216287033
NAR032019001,NAR,JRS_1,JRS,1,R,R-NAR032019001,9,8,1.034994381311259,1.1846444216287033
NAR032019001,NAR,JRS_1,JRS,1,R,R-NAR032019001,9,9,1.0961006668376787,1.1846444216287033
NAR032019002,NAR,CJF_1,CJF,1,R,R-NAR032019002,6,1,0.4244041123325808,0.9330396931452561
NAR032019002,NAR,CJF_1,CJF,1,R,R-NAR032019002,6,2,0.5431337279712969,0.9330396931452561
NAR032019002,NAR,CJF_1,CJF,1,R,R-NAR032019002,6,3,0.6650079016014003,0.9330396931452561
NAR032019002,NAR,CJF_1,CJF,1,R,R-NAR032019002,6,4,0.7519985242195146,0.9330396931452561
NAR032019002,NAR,CJF_1,CJF,1,R,R-NAR032019002,6,5,0.8480067533762068,0.9330396931452561
NAR032019002,NAR,CJF_1,CJF,1,R,R-NAR032019002,6,6,0.9330396931452561,0.9330396931452561
NAR032019002,NAR,CJF_2,CJF,2,R,R-NAR032019002,6,1,0.3932449044120631,0.9243441105600788
NAR032019002,NAR,CJF_2,CJF,2,R,R-NAR032019002,6,2,0.5194595268874971,0.9243441105600788
NAR032019002,NAR,CJF_2,CJF,2,R,R-NAR032019002,6,3,0.6417942562760918,0.9243441105600788
NAR032019002,NAR,CJF_2,CJF,2,R,R-NAR032019002,6,4,0.7265839867741868,0.9243441105600788
NAR032019002,NAR,CJF_2,CJF,2,R,R-NAR032019002,6,5,0.8309484916810919,0.9243441105600788
NAR032019002,NAR,CJF_2,CJF,2,R,R-NAR032019002,6,6,0.9243441105600788,0.9243441105600788
NAR032019002,NAR,CJF_3,CJF,3,R,R-NAR032019002,6,1,0.36383209798617483,0.8999457270749848
NAR032019002,NAR,CJF_3,CJF,3,R,R-NAR032019002,6,2,0.49049409749313944,0.8999457270749848
NAR032019002,NAR,CJF_3,CJF,3,R,R-NAR032019002,6,3,0.6263811670340084,0.8999457270749848
NAR032019002,NAR,CJF_3,CJF,3,R,R-NAR032019002,6,4,0.724316207390016,0.8999457270749848
NAR032019002,NAR,CJF_3,CJF,3,R,R-NAR032019002,6,5,0.808666551982093,0.8999457270749848
NAR032019002,NAR,CJF_3,CJF,3,R,R-NAR032019002,6,6,0.8999457270749848,0.8999457270749848
NAR032019002,NAR,JRS_1,JRS,1,R,R-NAR032019002,5,1,0.3858965337567258,0.9306785904021201
NAR032019002,NAR,JRS_1,JRS,1,R,R-NAR032019002,5,2,0.5391456046318905,0.9306785904021201
NAR032019002,NAR,JRS_1,JRS,1,R,R-NAR032019002,5,3,0.6625592705274903,0.9306785904021201
NAR032019002,NAR,JRS_1,JRS,1,R,R-NAR032019002,5,4,0.753363674874713,0.9306785904021201
NAR032019002,NAR,JRS_1,JRS,1,R,R-NAR032019002,5,5,0.839874186054898,0.9306785904021201
NAR032019003,NAR,CJF_1,CJF,1,R,R-NAR032019003,7,1,0.5203845706194156,1.3223065436770587
NAR032019003,NAR,CJF_1,CJF,1,R,R-NAR032019003,7,2,0.7713752758618654,1.3223065436770587
NAR032019003,NAR,CJF_1,CJF,1,R,R-NAR032019003,7,3,0.9248419755289726,1.3223065436770587
NAR032019003,NAR,CJF_1,CJF,1,R,R-NAR032019003,7,4,1.0473953711561912,1.3223065436770587
NAR032019003,NAR,CJF_1,CJF,1,R,R-NAR032019003,7,5,1.1640557505542695,1.3223065436770587
NAR032019003,NAR,CJF_1,CJF,1,R,R-NAR032019003,7,6,1.2781407798024498,1.3223065436770587
NAR032019003,NAR,CJF_1,CJF,1,R,R-NAR032019003,7,7,1.3223065436770587,1.3223065436770587
NAR032019003,NAR,CJF_2,CJF,2,R,R-NAR032019003,7,1,0.5122113505261899,1.2971625751835298
NAR032019003,NAR,CJF_2,CJF,2,R,R-NAR032019003,7,2,0.7209727785749899,1.2971625751835298
NAR032019003,NAR,CJF_2,CJF,2,R,R-NAR032019003,7,3,0.8836642062705089,1.2971625751835298
NAR032019003,NAR,CJF_2,CJF,2,R,R-NAR032019003,7,4,1.0108929573717707,1.2971625751835298
NAR032019003,NAR,CJF_2,CJF,2,R,R-NAR032019003,7,5,1.1183830544175342,1.2971625751835298
NAR032019003,NAR,CJF_2,CJF,2,R,R-NAR032019003,7,6,1.2393930394760684,1.2971625751835298
NAR032019003,NAR,CJF_2,CJF,2,R,R-NAR032019003,7,7,1.2971625751835298,1.2971625751835298
NAR032019003,NAR,CJF_3,CJF,3,R,R-NAR032019003,7,1,0.5664143091586002,1.3920491758338749
NAR032019003,NAR,CJF_3,CJF,3,R,R-NAR032019003,7,2,0.8329453765871877,1.3920491758338749
NAR032019003,NAR,CJF_3,CJF,3,R,R-NAR032019003,7,3,0.9923002958547953,1.3920491758338749
NAR032019003,NAR,CJF_3,CJF,3,R,R-NAR032019003,7,4,1.1278595027149865,1.3920491758338749
NAR032019003,NAR,CJF_3,CJF,3,R,R-NAR032019003,7,5,1.242155276132671,1.3920491758338749
NAR032019003,NAR,CJF_3,CJF,3,R,R-NAR032019003,7,6,1.3374335680899423,1.3920491758338749
NAR032019003,NAR,CJF_3,CJF,3,R,R-NAR032019003,7,7,1.3920491758338749,1.3920491758338749
NAR032019003,NAR,JRS_1,JRS,1,R,R-NAR032019003,5,1,0.5262858639712724,1.2925800722226493
NAR032019003,NAR,JRS_1,JRS,1,R,R-NAR032019003,5,2,0.7749044446185045,1.2925800722226493
NAR032019003,NAR,JRS_1,JRS,1,R,R-NAR032019003,5,3,0.9431085883148729,1.2925800722226493
NAR032019003,NAR,JRS_1,JRS,1,R,R-NAR032019003,5,4,1.0774631544001365,1.2925800722226493
NAR032019003,NAR,JRS_1,JRS,1,R,R-NAR032019003,5,5,1.1917271689621054,1.2925800722226493
NAR032019004,NAR,CJF_1,CJF,1,R,R-NAR032019004,10,1,0.3502059530650556,1.4831870429365073
NAR032019004,NAR,CJF_1,CJF,1,R,R-NAR032019004,10,2,0.603475649164698,1.4831870429365073
NAR032019004,NAR,CJF_1,CJF,1,R,R-NAR032019004,10,3,0.7561874136833759,1.4831870429365073
NAR032019004,NAR,CJF_1,CJF,1,R,R-NAR032019004,10,4,0.8561913746967165,1.4831870429365073
NAR032019004,NAR,CJF_1,CJF,1,R,R-NAR032019004,10,5,0.9440943110492441,1.4831870429365073
NAR032019004,NAR,CJF_1,CJF,1,R,R-NAR032019004,10,6,1.0383887748554443,1.4831870429365073
NAR032019004,NAR,CJF_1,CJF,1,R,R-NAR032019004,10,7,1.131575297526397,1.4831870429365073
NAR032019004,NAR,CJF_1,CJF,1,R,R-NAR032019004,10,8,1.2858209140690384,1.4831870429365073
NAR032019004,NAR,CJF_1,CJF,1,R,R-NAR032019004,10,9,1.3801153778752393,1.4831870429365073
NAR032019004,NAR,CJF_1,CJF,1,R,R-NAR032019004,10,10,1.4831870429365073,1.4831870429365073
NAR032019004,NAR,CJF_2,CJF,2,R,R-NAR032019004,10,1,0.3669757556294212,1.4563615115519257
NAR032019004,NAR,CJF_2,CJF,2,R,R-NAR032019004,10,2,0.6070753166262787,1.4563615115519257
NAR032019004,NAR,CJF_2,CJF,2,R,R-NAR032019004,10,3,0.7498377416402342,1.4563615115519257
NAR032019004,NAR,CJF_2,CJF,2,R,R-NAR032019004,10,4,0.866451424169606,1.4563615115519257
NAR032019004,NAR,CJF_2,CJF,2,R,R-NAR032019004,10,5,0.9457604912659531,1.4563615115519257
NAR032019004,NAR,CJF_2,CJF,2,R,R-NAR032019004,10,6,1.0486603031217492,1.4563615115519257
NAR032019004,NAR,CJF_2,CJF,2,R,R-NAR032019004,10,7,1.1331158868710187,1.4563615115519257
NAR032019004,NAR,CJF_2,CJF,2,R,R-NAR032019004,10,8,1.2608854423488307,1.4563615115519257
NAR032019004,NAR,CJF_2,CJF,2,R,R-NAR032019004,10,9,1.3680536706136275,1.4563615115519257
NAR032019004,NAR,CJF_2,CJF,2,R,R-NAR032019004,10,10,1.4563615115519257,1.4563615115519257
NAR032019004,NAR,CJF_3,CJF,3,R,R-NAR032019004,10,1,0.3488813491948687,1.450919267889733
NAR032019004,NAR,CJF_3,CJF,3,R,R-NAR032019004,10,2,0.6155654844887393,1.450919267889733
NAR032019004,NAR,CJF_3,CJF,3,R,R-NAR032019004,10,3,0.7585501692933077,1.450919267889733
NAR032019004,NAR,CJF_3,CJF,3,R,R-NAR032019004,10,4,0.8551249754419751,1.450919267889733
NAR032019004,NAR,CJF_3,CJF,3,R,R-NAR032019004,10,5,0.945490911719979,1.450919267889733
NAR032019004,NAR,CJF_3,CJF,3,R,R-NAR032019004,10,6,1.0432103002976358,1.450919267889733
NAR032019004,NAR,CJF_3,CJF,3,R,R-NAR032019004,10,7,1.1366806715109714,1.450919267889733
NAR032019004,NAR,CJF_3,CJF,3,R,R-NAR032019004,10,8,1.2868541524393748,1.450919267889733
NAR032019004,NAR,CJF_3,CJF,3,R,R-NAR032019004,10,9,1.3615332578649002,1.450919267889733
NAR032019004,NAR,CJF_3,CJF,3,R,R-NAR032019004,10,10,1.450919267889733,1.450919267889733
NAR032019004,NAR,JRS_1,JRS,1,R,R-NAR032019004,9,1,0.4505059102750401,1.385512688273915
NAR032019004,NAR,JRS_1,JRS,1,R,R-NAR032019004,9,2,0.5745401484519861,1.385512688273915
NAR032019004,NAR,JRS_1,JRS,1,R,R-NAR032019004,9,3,0.6915927356385623,1.385512688273915
NAR032019004,NAR,JRS_1,JRS,1,R,R-NAR032019004,9,4,0.806318105828349,1.385512688273915
NAR032019004,NAR,JRS_1,JRS,1,R,R-NAR032019004,9,5,0.8918061214410145,1.385512688273915
NAR032019004,NAR,JRS_1,JRS,1,R,R-NAR032019004,9,6,0.9888270531595362,1.385512688273915
NAR032019004,NAR,JRS_1,JRS,1,R,R-NAR032019004,9,7,1.0943467242402565,1.385512688273915
NAR032019004,NAR,JRS_1,JRS,1,R,R-NAR032019004,9,8,1.21908792216407,1.385512688273915
NAR032019004,NAR,JRS_1,JRS,1,R,R-NAR032019004,9,9,1.2976974556644594,1.385512688273915
NAR032019005,NAR,CJF_1,CJF,1,R,R-NAR032019005,16,1,0.41556803895773897,1.459010046323488
NAR032019005,NAR,CJF_1,CJF,1,R,R-NAR032019005,16,2,0.566830535285487,1.459010046323488
NAR032019005,NAR,CJF_1,CJF,1,R,R-NAR032019005,16,3,0.6690000246306445,1.459010046323488
NAR032019005,NAR,CJF_1,CJF,1,R,R-NAR032019005,16,4,0.736206887780992,1.459010046323488
NAR032019005,NAR,CJF_1,CJF,1,R,R-NAR032019005,16,5,0.8160908286205547,1.459010046323488
NAR032019005,NAR,CJF_1,CJF,1,R,R-NAR032019005,16,6,0.8671755732931339,1.459010046323488
NAR032019005,NAR,CJF_1,CJF,1,R,R-NAR032019005,16,7,0.9157301456843008,1.459010046323488
NAR032019005,NAR,CJF_1,CJF,1,R,R-NAR032019005,16,8,0.97152501728614,1.459010046323488
NAR032019005,NAR,CJF_1,CJF,1,R,R-NAR032019005,16,9,1.0233364135080016,1.459010046323488
NAR032019005,NAR,CJF_1,CJF,1,R,R-NAR032019005,16,10,1.0791312851098411,1.459010046323488
NAR032019005,NAR,CJF_1,CJF,1,R,R-NAR032019005,16,11,1.1383711975002346,1.459010046323488
NAR032019005,NAR,CJF_1,CJF,1,R,R-NAR032019005,16,12,1.199414630622756,1.459010046323488
NAR032019005,NAR,CJF_1,CJF,1,R,R-NAR032019005,16,13,1.2573894568724435,1.459010046323488
NAR032019005,NAR,CJF_1,CJF,1,R,R-NAR032019005,16,14,1.349412040809798,1.459010046323488
NAR032019005,NAR,CJF_1,CJF,1,R,R-NAR032019005,16,15,1.413362080129452,1.459010046323488
NAR032019005,NAR,CJF_1,CJF,1,R,R-NAR032019005,16,16,1.459010046323488,1.459010046323488
NAR032019005,NAR,CJF_2,CJF,2,R,R-NAR032019005,17,1,0.4148933173491373,1.45097430316882
NAR032019005,NAR,CJF_2,CJF,2,R,R-NAR032019005,17,2,0.562609522336711,1.45097430316882
NAR032019005,NAR,CJF_2,CJF,2,R,R-NAR032019005,17,3,0.6400480596771572,1.45097430316882
NAR032019005,NAR,CJF_2,CJF,2,R,R-NAR032019005,17,4,0.7472900677675133,1.45097430316882
NAR032019005,NAR,CJF_2,CJF,2,R,R-NAR032019005,17,5,0.8286166825469461,1.45097430316882
NAR032019005,NAR,CJF_2,CJF,2,R,R-NAR032019005,17,6,0.8722225149131531,1.45097430316882
NAR032019005,NAR,CJF_2,CJF,2,R,R-NAR032019005,17,7,0.9185817617633532,1.45097430316882
NAR032019005,NAR,CJF_2,CJF,2,R,R-NAR032019005,17,8,0.9637710564622228,1.45097430316882
NAR032019005,NAR,CJF_2,CJF,2,R,R-NAR032019005,17,9,1.0289906945190348,1.45097430316882
NAR032019005,NAR,CJF_2,CJF,2,R,R-NAR032019005,17,10,1.0800650391708877,1.45097430316882
NAR032019005,NAR,CJF_2,CJF,2,R,R-NAR032019005,17,11,1.1311393838227404,1.45097430316882
NAR032019005,NAR,CJF_2,CJF,2,R,R-NAR032019005,17,12,1.1877205574425775,1.45097430316882
NAR032019005,NAR,CJF_2,CJF,2,R,R-NAR032019005,17,13,1.2325316311564496,1.45097430316882
NAR032019005,NAR,CJF_2,CJF,2,R,R-NAR032019005,17,14,1.2788908780066497,1.45097430316882
NAR032019005,NAR,CJF_2,CJF,2,R,R-NAR032019005,17,15,1.338603687095477,1.45097430316882
NAR032019005,NAR,CJF_2,CJF,2,R,R-NAR032019005,17,16,1.3963548128666434,1.45097430316882
NAR032019005,NAR,CJF_2,CJF,2,R,R-NAR032019005,17,17,1.45097430316882,1.45097430316882
NAR032019005,NAR,CJF_3,CJF,3,R,R-NAR032019005,17,1,0.3958237788457092,1.425279781598895
NAR032019005,NAR,CJF_3,CJF,3,R,R-NAR032019005,17,2,0.548393960319207,1.425279781598895
NAR032019005,NAR,CJF_3,CJF,3,R,R-NAR032019005,17,3,0.6429728231128701,1.425279781598895
NAR032019005,NAR,CJF_3,CJF,3,R,R-NAR032019005,17,4,0.7196453402034924,1.425279781598895
NAR032019005,NAR,CJF_3,CJF,3,R,R-NAR032019005,17,5,0.8009881568968118,1.425279781598895
NAR032019005,NAR,CJF_3,CJF,3,R,R-NAR032019005,17,6,0.8554820467136782,1.425279781598895
NAR032019005,NAR,CJF_3,CJF,3,R,R-NAR032019005,17,7,0.9010121720009178,1.425279781598895
NAR032019005,NAR,CJF_3,CJF,3,R,R-NAR032019005,17,8,0.9481131860598666,1.425279781598895
NAR032019005,NAR,CJF_3,CJF,3,R,R-NAR032019005,17,9,1.0076542101551949,1.425279781598895
NAR032019005,NAR,CJF_3,CJF,3,R,R-NAR032019005,17,10,1.0528075007666693,1.425279781598895
NAR032019005,NAR,CJF_3,CJF,3,R,R-NAR032019005,17,11,1.1154691190492017,1.425279781598895
NAR032019005,NAR,CJF_3,CJF,3,R,R-NAR032019005,17,12,1.1621721150761686,1.425279781598895
NAR032019005,NAR,CJF_3,CJF,3,R,R-NAR032019005,17,13,1.2081002583953895,1.425279781598895
NAR032019005,NAR,CJF_3,CJF,3,R,R-NAR032019005,17,14,1.2641438536277496,1.425279781598895
NAR032019005,NAR,CJF_3,CJF,3,R,R-NAR032019005,17,15,1.3221351723075854,1.425279781598895
NAR032019005,NAR,CJF_3,CJF,3,R,R-NAR032019005,17,16,1.3820742144348959,1.425279781598895
NAR032019005,NAR,CJF_3,CJF,3,R,R-NAR032019005,17,17,1.425279781598895,1.425279781598895
NAR032019005,NAR,JRS_1,JRS,1,R,R-NAR032019005,16,1,0.45501080894578794,1.4942739847329949
NAR032019005,NAR,JRS_1,JRS,1,R,R-NAR032019005,16,2,0.596530717745772,1.4942739847329949
NAR032019005,NAR,JRS_1,JRS,1,R,R-NAR032019005,16,3,0.6927250885753536,1.4942739847329949
NAR032019005,NAR,JRS_1,JRS,1,R,R-NAR032019005,16,4,0.7937605825970059,1.4942739847329949
NAR032019005,NAR,JRS_1,JRS,1,R,R-NAR032019005,16,5,0.8557852570246085,1.4942739847329949
NAR032019005,NAR,JRS_1,JRS,1,R,R-NAR032019005,16,6,0.9189324407881412,1.4942739847329949
NAR032019005,NAR,JRS_1,JRS,1,R,R-NAR032019005,16,7,0.9668540832787564,1.4942739847329949
NAR032019005,NAR,JRS_1,JRS,1,R,R-NAR032019005,16,8,1.0314748622265704,1.4942739847329949
NAR032019005,NAR,JRS_1,JRS,1,R,R-NAR032019005,16,9,1.0782739953812555,1.4942739847329949
NAR032019005,NAR,JRS_1,JRS,1,R,R-NAR032019005,16,10,1.1339839514325052,1.4942739847329949
NAR032019005,NAR,JRS_1,JRS,1,R,R-NAR032019005,16,11,1.1908164168196853,1.4942739847329949
NAR032019005,NAR,JRS_1,JRS,1,R,R-NAR032019005,16,12,1.2387380593102988,1.4942739847329949
NAR032019005,NAR,JRS_1,JRS,1,R,R-NAR032019005,16,13,1.2729077557122772,1.4942739847329949
NAR032019005,NAR,JRS_1,JRS,1,R,R-NAR032019005,16,14,1.3312138162837388,1.4942739847329949
NAR032019005,NAR,JRS_1,JRS,1,R,R-NAR032019005,16,15,1.3980796139034133,1.4942739847329949
NAR032019005,NAR,JRS_1,JRS,1,R,R-NAR032019005,16,16,1.4474748515783102,1.4942739847329949
NAR032019006,NAR,CJF_1,CJF,1,R,R-NAR032019006,13,1,0.5331660484066212,1.601824214079266
NAR032019006,NAR,CJF_1,CJF,1,R,R-NAR032019006,13,2,0.7175997832115723,1.601824214079266
NAR032019006,NAR,CJF_1,CJF,1,R,R-NAR032019006,13,3,0.839886140671998,1.601824214079266
NAR032019006,NAR,CJF_1,CJF,1,R,R-NAR032019006,13,4,0.9443634109835941,1.601824214079266
NAR032019006,NAR,CJF_1,CJF,1,R,R-NAR032019006,13,5,1.03927520259823,1.601824214079266
NAR032019006,NAR,CJF_1,CJF,1,R,R-NAR032019006,13,6,1.113524147036487,1.601824214079266
NAR032019006,NAR,CJF_1,CJF,1,R,R-NAR032019006,13,7,1.1842328044636599,1.601824214079266
NAR032019006,NAR,CJF_1,CJF,1,R,R-NAR032019006,13,8,1.2349651416979892,1.601824214079266
NAR032019006,NAR,CJF_1,CJF,1,R,R-NAR032019006,13,9,1.3177753662188931,1.601824214079266
NAR032019006,NAR,CJF_1,CJF,1,R,R-NAR032019006,13,10,1.3920243106571504,1.601824214079266
NAR032019006,NAR,CJF_1,CJF,1,R,R-NAR032019006,13,11,1.4719807751505054,1.601824214079266
NAR032019006,NAR,CJF_1,CJF,1,R,R-NAR032019006,13,12,1.5359777139082675,1.601824214079266
NAR032019006,NAR,CJF_1,CJF,1,R,R-NAR032019006,13,13,1.601824214079266,1.601824214079266
NAR032019006,NAR,CJF_2,CJF,2,R,R-NAR032019006,13,1,0.5591861353511884,1.5988234655031286
NAR032019006,NAR,CJF_2,CJF,2,R,R-NAR032019006,13,2,0.7428984440155402,1.5988234655031286
NAR032019006,NAR,CJF_2,CJF,2,R,R-NAR032019006,13,3,0.8512884763917079,1.5988234655031286
NAR032019006,NAR,CJF_2,CJF,2,R,R-NAR032019006,13,4,0.9590665683510605,1.5988234655031286
NAR032019006,NAR,CJF_2,CJF,2,R,R-NAR032019006,13,5,1.051797470268686,1.5988234655031286
NAR032019006,NAR,CJF_2,CJF,2,R,R-NAR032019006,13,6,1.1282573013109536,1.5988234655031286
NAR032019006,NAR,CJF_2,CJF,2,R,R-NAR032019006,13,7,1.18214634729063,1.5988234655031286
NAR032019006,NAR,CJF_2,CJF,2,R,R-NAR032019006,13,8,1.254055959316563,1.5988234655031286
NAR032019006,NAR,CJF_2,CJF,2,R,R-NAR032019006,13,9,1.331653345112914,1.5988234655031286
NAR032019006,NAR,CJF_2,CJF,2,R,R-NAR032019006,13,10,1.3994520263802344,1.5988234655031286
NAR032019006,NAR,CJF_2,CJF,2,R,R-NAR032019006,13,11,1.4626141625516733,1.5988234655031286
NAR032019006,NAR,CJF_2,CJF,2,R,R-NAR032019006,13,12,1.5402978744275715,1.5988234655031286
NAR032019006,NAR,CJF_2,CJF,2,R,R-NAR032019006,13,13,1.5988234655031286,1.5988234655031286
NAR032019006,NAR,CJF_3,CJF,3,R,R-NAR032019006,13,1,0.5580784163078445,1.5809361801303272
NAR032019006,NAR,CJF_3,CJF,3,R,R-NAR032019006,13,2,0.7193078026042055,1.5809361801303272
NAR032019006,NAR,CJF_3,CJF,3,R,R-NAR032019006,13,3,0.8409027474774178,1.5809361801303272
NAR032019006,NAR,CJF_3,CJF,3,R,R-NAR032019006,13,4,0.9368934368743905,1.5809361801303272
NAR032019006,NAR,CJF_3,CJF,3,R,R-NAR032019006,13,5,1.0297551047028435,1.5809361801303272
NAR032019006,NAR,CJF_3,CJF,3,R,R-NAR032019006,13,6,1.1074762804686915,1.5809361801303272
NAR032019006,NAR,CJF_3,CJF,3,R,R-NAR032019006,13,7,1.1671634467896024,1.5809361801303272
NAR032019006,NAR,CJF_3,CJF,3,R,R-NAR032019006,13,8,1.2326376478751784,1.5809361801303272
NAR032019006,NAR,CJF_3,CJF,3,R,R-NAR032019006,13,9,1.3243890095879352,1.5809361801303272
NAR032019006,NAR,CJF_3,CJF,3,R,R-NAR032019006,13,10,1.3909735167892068,1.5809361801303272
NAR032019006,NAR,CJF_3,CJF,3,R,R-NAR032019006,13,11,1.4571206230257239,1.5809361801303272
NAR032019006,NAR,CJF_3,CJF,3,R,R-NAR032019006,13,12,1.5161348841956932,1.5809361801303272
NAR032019006,NAR,CJF_3,CJF,3,R,R-NAR032019006,13,13,1.5809361801303272,1.5809361801303272
NAR032019006,NAR,JRS_1,JRS,1,R,R-NAR032019006,12,1,0.5217109689785278,1.5723031836648749
NAR032019006,NAR,JRS_1,JRS,1,R,R-NAR032019006,12,2,0.6717136103918264,1.5723031836648749
NAR032019006,NAR,JRS_1,JRS,1,R,R-NAR032019006,12,3,0.8108174228532298,1.5723031836648749
NAR032019006,NAR,JRS_1,JRS,1,R,R-NAR032019006,12,4,0.9080466777182551,1.5723031836648749
NAR032019006,NAR,JRS_1,JRS,1,R,R-NAR032019006,12,5,1.0041286910810505,1.5723031836648749
NAR032019006,NAR,JRS_1,JRS,1,R,R-NAR032019006,12,6,1.0824283571171454,1.5723031836648749
NAR032019006,NAR,JRS_1,JRS,1,R,R-NAR032019006,12,7,1.1670378860962174,1.5723031836648749
NAR032019006,NAR,JRS_1,JRS,1,R,R-NAR032019006,12,8,1.2439034829141682,1.5723031836648749
NAR032019006,NAR,JRS_1,JRS,1,R,R-NAR032019006,12,9,1.31847459672766,1.5723031836648749
NAR032019006,NAR,JRS_1,JRS,1,R,R-NAR032019006,12,10,1.3841545368778019,1.5723031836648749
NAR032019006,NAR,JRS_1,JRS,1,R,R-NAR032019006,12,11,1.4598728921935227,1.5723031836648749
NAR032019006,NAR,JRS_1,JRS,1,R,R-NAR032019006,12,12,1.5129331064577105,1.5723031836648749
NAR032019007,NAR,CJF_1,CJF,1,R,R-NAR032019007,9,1,0.3929079114480039,1.1736793630093465
NAR032019007,NAR,CJF_1,CJF,1,R,R-NAR032019007,9,2,0.6050213510210265,1.1736793630093465
NAR032019007,NAR,CJF_1,CJF,1,R,R-NAR032019007,9,3,0.711141959763073,1.1736793630093465
NAR032019007,NAR,CJF_1,CJF,1,R,R-NAR032019007,9,4,0.8100154562807914,1.1736793630093465
NAR032019007,NAR,CJF_1,CJF,1,R,R-NAR032019007,9,5,0.9066862119088496,1.1736793630093465
NAR032019007,NAR,CJF_1,CJF,1,R,R-NAR032019007,9,6,0.9524994040555451,1.1736793630093465
NAR032019007,NAR,CJF_1,CJF,1,R,R-NAR032019007,9,7,1.022512229587022,1.1736793630093465
NAR032019007,NAR,CJF_1,CJF,1,R,R-NAR032019007,9,8,1.096930536897819,1.1736793630093465
NAR032019007,NAR,CJF_1,CJF,1,R,R-NAR032019007,9,9,1.1736793630093465,1.1736793630093465
NAR032019007,NAR,CJF_2,CJF,2,R,R-NAR032019007,10,1,0.4068558432716082,1.1752317290248313
NAR032019007,NAR,CJF_2,CJF,2,R,R-NAR032019007,10,2,0.5949368259093382,1.1752317290248313
NAR032019007,NAR,CJF_2,CJF,2,R,R-NAR032019007,10,3,0.7160690327178056,1.1752317290248313
NAR032019007,NAR,CJF_2,CJF,2,R,R-NAR032019007,10,4,0.8254856221307023,1.1752317290248313
NAR032019007,NAR,CJF_2,CJF,2,R,R-NAR032019007,10,5,0.908777944121848,1.1752317290248313
NAR032019007,NAR,CJF_2,CJF,2,R,R-NAR032019007,10,6,0.970748882033303,1.1752317290248313
NAR032019007,NAR,CJF_2,CJF,2,R,R-NAR032019007,10,7,1.020712611589607,1.1752317290248313
NAR032019007,NAR,CJF_2,CJF,2,R,R-NAR032019007,10,8,1.0777640297751696,1.1752317290248313
NAR032019007,NAR,CJF_2,CJF,2,R,R-NAR032019007,10,9,1.1229248759894137,1.1752317290248313
NAR032019007,NAR,CJF_2,CJF,2,R,R-NAR032019007,10,10,1.1752317290248313,1.1752317290248313
NAR032019007,NAR,CJF_3,CJF,3,R,R-NAR032019007,9,1,0.38811378980002825,1.1891169811343245
NAR032019007,NAR,CJF_3,CJF,3,R,R-NAR032019007,9,2,0.6016874581237129,1.1891169811343245
NAR032019007,NAR,CJF_3,CJF,3,R,R-NAR032019007,9,3,0.7092828085903293,1.1891169811343245
NAR032019007,NAR,CJF_3,CJF,3,R,R-NAR032019007,9,4,0.7983737721790114,1.1891169811343245
NAR032019007,NAR,CJF_3,CJF,3,R,R-NAR032019007,9,5,0.8922173808053941,1.1891169811343245
NAR032019007,NAR,CJF_3,CJF,3,R,R-NAR032019007,9,6,0.963914796852823,1.1891169811343245
NAR032019007,NAR,CJF_3,CJF,3,R,R-NAR032019007,9,7,1.0404633107288983,1.1891169811343245
NAR032019007,NAR,CJF_3,CJF,3,R,R-NAR032019007,9,8,1.125814015825616,1.1891169811343245
NAR032019007,NAR,CJF_3,CJF,3,R,R-NAR032019007,9,9,1.1891169811343245,1.1891169811343245
NAR032019007,NAR,JRS_1,JRS,1,R,R-NAR032019007,8,1,0.3995375649512968,1.1756405074502576
NAR032019007,NAR,JRS_1,JRS,1,R,R-NAR032019007,8,2,0.5925820321333876,1.1756405074502576
NAR032019007,NAR,JRS_1,JRS,1,R,R-NAR032019007,8,3,0.718318268886921,1.1756405074502576
NAR032019007,NAR,JRS_1,JRS,1,R,R-NAR032019007,8,4,0.8150013356562006,1.1756405074502576
NAR032019007,NAR,JRS_1,JRS,1,R,R-NAR032019007,8,5,0.9084026613678182,1.1756405074502576
NAR032019007,NAR,JRS_1,JRS,1,R,R-NAR032019007,8,6,0.9630664271004303,1.1756405074502576
NAR032019007,NAR,JRS_1,JRS,1,R,R-NAR032019007,8,7,1.0339780649431178,1.1756405074502576
NAR032019007,NAR,JRS_1,JRS,1,R,R-NAR032019007,8,8,1.105050535964039,1.1756405074502576
NAR032019008,NAR,CJF_1,CJF,1,R,R-NAR032019008,10,1,0.46751143747295915,1.3348913769704105
NAR032019008,NAR,CJF_1,CJF,1,R,R-NAR032019008,10,2,0.6492240216834458,1.3348913769704105
NAR032019008,NAR,CJF_1,CJF,1,R,R-NAR032019008,10,3,0.7671480912323065,1.3348913769704105
NAR032019008,NAR,CJF_1,CJF,1,R,R-NAR032019008,10,4,0.8305808242473547,1.3348913769704105
NAR032019008,NAR,CJF_1,CJF,1,R,R-NAR032019008,10,5,0.8796463112474842,1.3348913769704105
NAR032019008,NAR,CJF_1,CJF,1,R,R-NAR032019008,10,6,0.934667093299341,1.3348913769704105
NAR032019008,NAR,CJF_1,CJF,1,R,R-NAR032019008,10,7,1.0690677370316521,1.3348913769704105
NAR032019008,NAR,CJF_1,CJF,1,R,R-NAR032019008,10,8,1.1664956016423995,1.3348913769704105
NAR032019008,NAR,CJF_1,CJF,1,R,R-NAR032019008,10,9,1.258315498944353,1.3348913769704105
NAR032019008,NAR,CJF_1,CJF,1,R,R-NAR032019008,10,10,1.3348913769704105,1.3348913769704105
NAR032019008,NAR,CJF_2,CJF,2,R,R-NAR032019008,9,1,0.45216677576280284,1.3352590478721365
NAR032019008,NAR,CJF_2,CJF,2,R,R-NAR032019008,9,2,0.6489347938682919,1.3352590478721365
NAR032019008,NAR,CJF_2,CJF,2,R,R-NAR032019008,9,3,0.7645769733712797,1.3352590478721365
NAR032019008,NAR,CJF_2,CJF,2,R,R-NAR032019008,9,4,0.8615244228064908,1.3352590478721365
NAR032019008,NAR,CJF_2,CJF,2,R,R-NAR032019008,9,5,0.9506883942927726,1.3352590478721365
NAR032019008,NAR,CJF_2,CJF,2,R,R-NAR032019008,9,6,1.0858709111397276,1.3352590478721365
NAR032019008,NAR,CJF_2,CJF,2,R,R-NAR032019008,9,7,1.1627687133612723,1.3352590478721365
NAR032019008,NAR,CJF_2,CJF,2,R,R-NAR032019008,9,8,1.2455041240445137,1.3352590478721365
NAR032019008,NAR,CJF_2,CJF,2,R,R-NAR032019008,9,9,1.3352590478721365,1.3352590478721365
NAR032019008,NAR,CJF_3,CJF,3,R,R-NAR032019008,9,1,0.4854355240726785,1.3740565616850904
NAR032019008,NAR,CJF_3,CJF,3,R,R-NAR032019008,9,2,0.6789370966623287,1.3740565616850904
NAR032019008,NAR,CJF_3,CJF,3,R,R-NAR032019008,9,3,0.7888327266181023,1.3740565616850904
NAR032019008,NAR,CJF_3,CJF,3,R,R-NAR032019008,9,4,0.8933401549104492,1.3740565616850904
NAR032019008,NAR,CJF_3,CJF,3,R,R-NAR032019008,9,5,0.9884093486067214,1.3740565616850904
NAR032019008,NAR,CJF_3,CJF,3,R,R-NAR032019008,9,6,1.1043800279614633,1.3740565616850904
NAR032019008,NAR,CJF_3,CJF,3,R,R-NAR032019008,9,7,1.1913491557924447,1.3740565616850904
NAR032019008,NAR,CJF_3,CJF,3,R,R-NAR032019008,9,8,1.2938315676184677,1.3740565616850904
NAR032019008,NAR,CJF_3,CJF,3,R,R-NAR032019008,9,9,1.3740565616850904,1.3740565616850904
NAR032019008,NAR,JRS_1,JRS,1,R,R-NAR032019008,6,1,0.324922170954526,0.7075806484314389
NAR032019008,NAR,JRS_1,JRS,1,R,R-NAR032019008,6,2,0.44866897677803397,0.7075806484314389
NAR032019008,NAR,JRS_1,JRS,1,R,R-NAR032019008,6,3,0.5077457351334023,0.7075806484314389
NAR032019008,NAR,JRS_1,JRS,1,R,R-NAR032019008,6,4,0.5569763670962093,0.7075806484314389
NAR032019008,NAR,JRS_1,JRS,1,R,R-NAR032019008,6,5,0.6189655108983864,0.7075806484314389
NAR032019008,NAR,JRS_1,JRS,1,R,R-NAR032019008,6,6,0.6708770465271556,0.7075806484314389
NAR032019009,NAR,CJF_1,CJF,1,R,R-NAR032019009,13,1,0.5195469468313382,1.5859207404545332
NAR032019009,NAR,CJF_1,CJF,1,R,R-NAR032019009,13,2,0.7286643023924222,1.5859207404545332
NAR032019009,NAR,CJF_1,CJF,1,R,R-NAR032019009,13,3,0.8550860267472427,1.5859207404545332
NAR032019009,NAR,CJF_1,CJF,1,R,R-NAR032019009,13,4,0.9667917703652996,1.5859207404545332
NAR032019009,NAR,CJF_1,CJF,1,R,R-NAR032019009,13,5,1.0529478264741128,1.5859207404545332
NAR032019009,NAR,CJF_1,CJF,1,R,R-NAR032019009,13,6,1.133479162966128,1.5859207404545332
NAR032019009,NAR,CJF_1,CJF,1,R,R-NAR032019009,13,7,1.1949598126922638,1.5859207404545332
NAR032019009,NAR,CJF_1,CJF,1,R,R-NAR032019009,13,8,1.264663559012418,1.5859207404545332
NAR032019009,NAR,CJF_1,CJF,1,R,R-NAR032019009,13,9,1.31965132459581,1.5859207404545332
NAR032019009,NAR,CJF_1,CJF,1,R,R-NAR032019009,13,10,1.3897891531789381,1.5859207404545332
NAR032019009,NAR,CJF_1,CJF,1,R,R-NAR032019009,13,11,1.4491055081908253,1.5859207404545332
NAR032019009,NAR,CJF_1,CJF,1,R,R-NAR032019009,13,12,1.498896519819774,1.5859207404545332
NAR032019009,NAR,CJF_1,CJF,1,R,R-NAR032019009,13,13,1.5859207404545332,1.5859207404545332
NAR032019009,NAR,CJF_2,CJF,2,R,R-NAR032019009,13,1,0.5661411441103433,1.6301157821449712
NAR032019009,NAR,CJF_2,CJF,2,R,R-NAR032019009,13,2,0.7773193929005869,1.6301157821449712
NAR032019009,NAR,CJF_2,CJF,2,R,R-NAR032019009,13,3,0.9134577831411147,1.6301157821449712
NAR032019009,NAR,CJF_2,CJF,2,R,R-NAR032019009,13,4,1.0208392440756715,1.6301157821449712
NAR032019009,NAR,CJF_2,CJF,2,R,R-NAR032019009,13,5,1.1184522523231037,1.6301157821449712
NAR032019009,NAR,CJF_2,CJF,2,R,R-NAR032019009,13,6,1.185003325281634,1.6301157821449712
NAR032019009,NAR,CJF_2,CJF,2,R,R-NAR032019009,13,7,1.2419687551381742,1.6301157821449712
NAR032019009,NAR,CJF_2,CJF,2,R,R-NAR032019009,13,8,1.2992998041649821,1.6301157821449712
NAR032019009,NAR,CJF_2,CJF,2,R,R-NAR032019009,13,9,1.3706436986745074,1.6301157821449712
NAR032019009,NAR,CJF_2,CJF,2,R,R-NAR032019009,13,10,1.4394997776159681,1.6301157821449712
NAR032019009,NAR,CJF_2,CJF,2,R,R-NAR032019009,13,11,1.496648017057643,1.6301157821449712
NAR032019009,NAR,CJF_2,CJF,2,R,R-NAR032019009,13,12,1.5726019235330286,1.6301157821449712
NAR032019009,NAR,CJF_2,CJF,2,R,R-NAR032019009,13,13,1.6301157821449712,1.6301157821449712
NAR032019009,NAR,CJF_3,CJF,3,R,R-NAR032019009,13,1,0.5668447243755694,1.648574339077667
NAR032019009,NAR,CJF_3,CJF,3,R,R-NAR032019009,13,2,0.7932516716777637,1.648574339077667
NAR032019009,NAR,CJF_3,CJF,3,R,R-NAR032019009,13,3,0.9232557095322944,1.648574339077667
NAR032019009,NAR,CJF_3,CJF,3,R,R-NAR032019009,13,4,1.026679515007347,1.648574339077667
NAR032019009,NAR,CJF_3,CJF,3,R,R-NAR032019009,13,5,1.1255514841993788,1.648574339077667
NAR032019009,NAR,CJF_3,CJF,3,R,R-NAR032019009,13,6,1.201277988770586,1.648574339077667
NAR032019009,NAR,CJF_3,CJF,3,R,R-NAR032019009,13,7,1.2597210751312178,1.648574339077667
NAR032019009,NAR,CJF_3,CJF,3,R,R-NAR032019009,13,8,1.3282335420721783,1.648574339077667
NAR032019009,NAR,CJF_3,CJF,3,R,R-NAR032019009,13,9,1.3800420156111333,1.648574339077667
NAR032019009,NAR,CJF_3,CJF,3,R,R-NAR032019009,13,10,1.4481681993463802,1.648574339077667
NAR032019009,NAR,CJF_3,CJF,3,R,R-NAR032019009,13,11,1.5098529118628066,1.648574339077667
NAR032019009,NAR,CJF_3,CJF,3,R,R-NAR032019009,13,12,1.5586129008488236,1.648574339077667
NAR032019009,NAR,CJF_3,CJF,3,R,R-NAR032019009,13,13,1.648574339077667,1.648574339077667
NAR032019009,NAR,JRS_1,JRS,1,R,R-NAR032019009,11,1,0.5513073680823384,1.612915995001087
NAR032019009,NAR,JRS_1,JRS,1,R,R-NAR032019009,11,2,0.7729490127654074,1.612915995001087
NAR032019009,NAR,JRS_1,JRS,1,R,R-NAR032019009,11,3,0.9027734648277483,1.612915995001087
NAR032019009,NAR,JRS_1,JRS,1,R,R-NAR032019009,11,4,1.001396781773035,1.612915995001087
NAR032019009,NAR,JRS_1,JRS,1,R,R-NAR032019009,11,5,1.1026147361646763,1.612915995001087
NAR032019009,NAR,JRS_1,JRS,1,R,R-NAR032019009,11,6,1.1692284932769856,1.612915995001087
NAR032019009,NAR,JRS_1,JRS,1,R,R-NAR032019009,11,7,1.2260372762604206,1.612915995001087
NAR032019009,NAR,JRS_1,JRS,1,R,R-NAR032019009,11,8,1.2930552457306927,1.612915995001087
NAR032019009,NAR,JRS_1,JRS,1,R,R-NAR032019009,11,9,1.3626678526473184,1.612915995001087
NAR032019009,NAR,JRS_1,JRS,1,R,R-NAR032019009,11,10,1.4386823715305408,1.612915995001087
NAR032019009,NAR,JRS_1,JRS,1,R,R-NAR032019009,11,11,1.5266922896310289,1.612915995001087
NAR032019010,NAR,CJF_1,CJF,1,R,R-NAR032019010,9,1,0.4554192671602189,1.3763887284587797
NAR032019010,NAR,CJF_1,CJF,1,R,R-NAR032019010,9,2,0.6848392457910962,1.3763887284587797
NAR032019010,NAR,CJF_1,CJF,1,R,R-NAR032019010,9,3,0.8183235222270584,1.3763887284587797
NAR032019010,NAR,CJF_1,CJF,1,R,R-NAR032019010,9,4,0.9274569199601014,1.3763887284587797
NAR032019010,NAR,CJF_1,CJF,1,R,R-NAR032019010,9,5,1.0236154003700628,1.3763887284587797
NAR032019010,NAR,CJF_1,CJF,1,R,R-NAR032019010,9,6,1.130927063944815,1.3763887284587797
NAR032019010,NAR,CJF_1,CJF,1,R,R-NAR032019010,9,7,1.2270855443547768,1.3763887284587797
NAR032019010,NAR,CJF_1,CJF,1,R,R-NAR032019010,9,8,1.3110685854132782,1.3763887284587797
NAR032019010,NAR,CJF_1,CJF,1,R,R-NAR032019010,9,9,1.3763887284587797,1.3763887284587797
NAR032019010,NAR,CJF_2,CJF,2,R,R-NAR032019010,9,1,0.5158088754795768,1.4399535662689322
NAR032019010,NAR,CJF_2,CJF,2,R,R-NAR032019010,9,2,0.756281072831327,1.4399535662689322
NAR032019010,NAR,CJF_2,CJF,2,R,R-NAR032019010,9,3,0.8864005921717114,1.4399535662689322
NAR032019010,NAR,CJF_2,CJF,2,R,R-NAR032019010,9,4,0.9788219521370343,1.4399535662689322
NAR032019010,NAR,CJF_2,CJF,2,R,R-NAR032019010,9,5,1.1014156213751816,1.4399535662689322
NAR032019010,NAR,CJF_2,CJF,2,R,R-NAR032019010,9,6,1.203267263589593,1.4399535662689322
NAR032019010,NAR,CJF_2,CJF,2,R,R-NAR032019010,9,7,1.2796387680344323,1.4399535662689322
NAR032019010,NAR,CJF_2,CJF,2,R,R-NAR032019010,9,8,1.365463524349652,1.4399535662689322
NAR032019010,NAR,CJF_2,CJF,2,R,R-NAR032019010,9,9,1.4399535662689322,1.4399535662689322
NAR032019010,NAR,CJF_3,CJF,3,R,R-NAR032019010,9,1,0.4472557046793957,1.3632381261734905
NAR032019010,NAR,CJF_3,CJF,3,R,R-NAR032019010,9,2,0.6706102261888326,1.3632381261734905
NAR032019010,NAR,CJF_3,CJF,3,R,R-NAR032019010,9,3,0.7941607638571039,1.3632381261734905
NAR032019010,NAR,CJF_3,CJF,3,R,R-NAR032019010,9,4,0.8991513877921081,1.3632381261734905
NAR032019010,NAR,CJF_3,CJF,3,R,R-NAR032019010,9,5,1.0122397502229872,1.3632381261734905
NAR032019010,NAR,CJF_3,CJF,3,R,R-NAR032019010,9,6,1.1085859740015949,1.3632381261734905
NAR032019010,NAR,CJF_3,CJF,3,R,R-NAR032019010,9,7,1.1972922258951328,1.3632381261734905
NAR032019010,NAR,CJF_3,CJF,3,R,R-NAR032019010,9,8,1.2785362960030322,1.3632381261734905
NAR032019010,NAR,CJF_3,CJF,3,R,R-NAR032019010,9,9,1.3632381261734905,1.3632381261734905
NAR032019010,NAR,JRS_1,JRS,1,R,R-NAR032019010,8,1,0.4262928394435105,1.3436833366200502
NAR032019010,NAR,JRS_1,JRS,1,R,R-NAR032019010,8,2,0.6443289258635387,1.3436833366200502
NAR032019010,NAR,JRS_1,JRS,1,R,R-NAR032019010,8,3,0.7703803034819814,1.3436833366200502
NAR032019010,NAR,JRS_1,JRS,1,R,R-NAR032019010,8,4,0.883989532228522,1.3436833366200502
NAR032019010,NAR,JRS_1,JRS,1,R,R-NAR032019010,8,5,0.9841924270725753,1.3436833366200502
NAR032019010,NAR,JRS_1,JRS,1,R,R-NAR032019010,8,6,1.0915805813831654,1.3436833366200502
NAR032019010,NAR,JRS_1,JRS,1,R,R-NAR032019010,8,7,1.1717888451816882,1.3436833366200502
NAR032019010,NAR,JRS_1,JRS,1,R,R-NAR032019010,8,8,1.2651049617209518,1.3436833366200502
NAR032019011,NAR,CJF_1,CJF,1,R,R-NAR032019011,4,1,0.358163671593916,0.8689891715007642
NAR032019011,NAR,CJF_1,CJF,1,R,R-NAR032019011,4,2,0.5842436192359046,0.8689891715007642
NAR032019011,NAR,CJF_1,CJF,1,R,R-NAR032019011,4,3,0.7587634879080934,0.8689891715007642
NAR032019011,NAR,CJF_1,CJF,1,R,R-NAR032019011,4,4,0.8689891715007642,0.8689891715007642
NAR032019011,NAR,CJF_2,CJF,2,R,R-NAR032019011,4,1,0.3427690980914813,0.8830035649536898
NAR032019011,NAR,CJF_2,CJF,2,R,R-NAR032019011,4,2,0.61600240857085,0.8830035649536898
NAR032019011,NAR,CJF_2,CJF,2,R,R-NAR032019011,4,3,0.7689443284164235,0.8830035649536898
NAR032019011,NAR,CJF_2,CJF,2,R,R-NAR032019011,4,4,0.8830035649536898,0.8830035649536898
NAR032019011,NAR,CJF_3,CJF,3,R,R-NAR032019011,4,1,0.4735666512875311,0.8731589989512246
NAR032019011,NAR,CJF_3,CJF,3,R,R-NAR032019011,4,2,0.6089569443906092,0.8731589989512246
NAR032019011,NAR,CJF_3,CJF,3,R,R-NAR032019011,4,3,0.7567558643516656,0.8731589989512246
NAR032019011,NAR,CJF_3,CJF,3,R,R-NAR032019011,4,4,0.8731589989512246,0.8731589989512246
NAR032019011,NAR,JRS_1,JRS,1,R,R-NAR032019011,3,1,0.4069128955740668,0.8771416220541046
NAR032019011,NAR,JRS_1,JRS,1,R,R-NAR032019011,3,2,0.6221636225085848,0.8771416220541046
NAR032019011,NAR,JRS_1,JRS,1,R,R-NAR032019011,3,3,0.7669657742671787,0.8771416220541046
NAR032019012,NAR,CJF_1,CJF,1,R,R-NAR032019012,5,1,0.37498155524909776,0.9702817590978743
NAR032019012,NAR,CJF_1,CJF,1,R,R-NAR032019012,5,2,0.604436954258332,0.9702817590978743
NAR032019012,NAR,CJF_1,CJF,1,R,R-NAR032019012,5,3,0.7365889100403736,0.9702817590978743
NAR032019012,NAR,CJF_1,CJF,1,R,R-NAR032019012,5,4,0.866040828609347,0.9702817590978743
NAR032019012,NAR,CJF_1,CJF,1,R,R-NAR032019012,5,5,0.9702817590978743,0.9702817590978743
NAR032019012,NAR,CJF_2,CJF,2,R,R-NAR032019012,5,1,0.40035483355088214,0.9739169231959082
NAR032019012,NAR,CJF_2,CJF,2,R,R-NAR032019012,5,2,0.6023542060676266,0.9739169231959082
NAR032019012,NAR,CJF_2,CJF,2,R,R-NAR032019012,5,3,0.756040454895464,0.9739169231959082
NAR032019012,NAR,CJF_2,CJF,2,R,R-NAR032019012,5,4,0.8747391926788395,0.9739169231959082
NAR032019012,NAR,CJF_2,CJF,2,R,R-NAR032019012,5,5,0.9739169231959082,0.9739169231959082
NAR032019012,NAR,CJF_3,CJF,3,R,R-NAR032019012,5,1,0.41370081378678397,1.0170498966996462
NAR032019012,NAR,CJF_3,CJF,3,R,R-NAR032019012,5,2,0.6421069871000213,1.0170498966996462
NAR032019012,NAR,CJF_3,CJF,3,R,R-NAR032019012,5,3,0.7978526161132704,1.0170498966996462
NAR032019012,NAR,CJF_3,CJF,3,R,R-NAR032019012,5,4,0.9206073407784973,1.0170498966996462
NAR032019012,NAR,CJF_3,CJF,3,R,R-NAR032019012,5,5,1.0170498966996462,1.0170498966996462
NAR032019012,NAR,JRS_1,JRS,1,R,R-NAR032019012,3,1,0.26863453682516947,0.6819527806681491
NAR032019012,NAR,JRS_1,JRS,1,R,R-NAR032019012,3,2,0.4220099099941472,0.6819527806681491
NAR032019012,NAR,JRS_1,JRS,1,R,R-NAR032019012,3,3,0.5416149067259234,0.6819527806681491
NAR032019013,NAR,CJF_1,CJF,1,R,R-NAR032019013,8,1,0.45608507248351987,1.1714206124764188
NAR032019013,NAR,CJF_1,CJF,1,R,R-NAR032019013,8,2,0.6359810933306798,1.1714206124764188
NAR032019013,NAR,CJF_1,CJF,1,R,R-NAR032019013,8,3,0.7507141624721959,1.1714206124764188
NAR032019013,NAR,CJF_1,CJF,1,R,R-NAR032019013,8,4,0.8499600442560017,1.1714206124764188
NAR032019013,NAR,CJF_1,CJF,1,R,R-NAR032019013,8,5,0.9362044765723051,1.1714206124764188
NAR032019013,NAR,CJF_1,CJF,1,R,R-NAR032019013,8,6,1.0241060674820806,1.1714206124764188
NAR032019013,NAR,CJF_1,CJF,1,R,R-NAR032019013,8,7,1.1001461969573558,1.1714206124764188
NAR032019013,NAR,CJF_1,CJF,1,R,R-NAR032019013,8,8,1.1714206124764188,1.1714206124764188
NAR032019013,NAR,CJF_2,CJF,2,R,R-NAR032019013,8,1,0.4078198097055654,1.1742113617788537
NAR032019013,NAR,CJF_2,CJF,2,R,R-NAR032019013,8,2,0.6147499233521665,1.1742113617788537
NAR032019013,NAR,CJF_2,CJF,2,R,R-NAR032019013,8,3,0.7299912492899173,1.1742113617788537
NAR032019013,NAR,CJF_2,CJF,2,R,R-NAR032019013,8,4,0.8214594599296016,1.1742113617788537
NAR032019013,NAR,CJF_2,CJF,2,R,R-NAR032019013,8,5,0.9332971123839361,1.1742113617788537
NAR032019013,NAR,CJF_2,CJF,2,R,R-NAR032019013,8,6,1.0230634862819123,1.1742113617788537
NAR032019013,NAR,CJF_2,CJF,2,R,R-NAR032019013,8,7,1.0868611549159326,1.1742113617788537
NAR032019013,NAR,CJF_2,CJF,2,R,R-NAR032019013,8,8,1.1742113617788537,1.1742113617788537
NAR032019013,NAR,CJF_3,CJF,3,R,R-NAR032019013,8,1,0.4348655806150025,1.1507590679521078
NAR032019013,NAR,CJF_3,CJF,3,R,R-NAR032019013,8,2,0.6289852227974506,1.1507590679521078
NAR032019013,NAR,CJF_3,CJF,3,R,R-NAR032019013,8,3,0.7372484516683042,1.1507590679521078
NAR032019013,NAR,CJF_3,CJF,3,R,R-NAR032019013,8,4,0.8296674709338571,1.1507590679521078
NAR032019013,NAR,CJF_3,CJF,3,R,R-NAR032019013,8,5,0.9257845797937202,1.1507590679521078
NAR032019013,NAR,CJF_3,CJF,3,R,R-NAR032019013,8,6,1.0116409931053147,1.1507590679521078
NAR032019013,NAR,CJF_3,CJF,3,R,R-NAR032019013,8,7,1.0825595293774024,1.1507590679521078
NAR032019013,NAR,CJF_3,CJF,3,R,R-NAR032019013,8,8,1.1507590679521078,1.1507590679521078
NAR032019013,NAR,JRS_1,JRS,1,R,R-NAR032019013,7,1,0.35927880076164304,1.095409794285241
NAR032019013,NAR,JRS_1,JRS,1,R,R-NAR032019013,7,2,0.5447360516237968,1.095409794285241
NAR032019013,NAR,JRS_1,JRS,1,R,R-NAR032019013,7,3,0.6436811495910206,1.095409794285241
NAR032019013,NAR,JRS_1,JRS,1,R,R-NAR032019013,7,4,0.7450570802730038,1.095409794285241
NAR032019013,NAR,JRS_1,JRS,1,R,R-NAR032019013,7,5,0.8502186507763749,1.095409794285241
NAR032019013,NAR,JRS_1,JRS,1,R,R-NAR032019013,7,6,0.9264499098152695,1.095409794285241
NAR032019013,NAR,JRS_1,JRS,1,R,R-NAR032019013,7,7,1.0281046219957521,1.095409794285241
NAR032019014,NAR,CJF_1,CJF,1,R,R-NAR032019014,4,1,0.3215070436835937,0.8937549734467197
NAR032019014,NAR,CJF_1,CJF,1,R,R-NAR032019014,4,2,0.5967277812687645,0.8937549734467197
NAR032019014,NAR,CJF_1,CJF,1,R,R-NAR032019014,4,3,0.8000082588968664,0.8937549734467197
NAR032019014,NAR,CJF_1,CJF,1,R,R-NAR032019014,4,4,0.8937549734467197,0.8937549734467197
NAR032019014,NAR,CJF_2,CJF,2,R,R-NAR032019014,4,1,0.4243291105386434,0.9535038846900867
NAR032019014,NAR,CJF_2,CJF,2,R,R-NAR032019014,4,2,0.6615055755623411,0.9535038846900867
NAR032019014,NAR,CJF_2,CJF,2,R,R-NAR032019014,4,3,0.8116215635362432,0.9535038846900867
NAR032019014,NAR,CJF_2,CJF,2,R,R-NAR032019014,4,4,0.9535038846900867,0.9535038846900867
NAR032019014,NAR,CJF_3,CJF,3,R,R-NAR032019014,4,1,0.4341812973077023,0.908002105853241
NAR032019014,NAR,CJF_3,CJF,3,R,R-NAR032019014,4,2,0.6541724870523437,0.908002105853241
NAR032019014,NAR,CJF_3,CJF,3,R,R-NAR032019014,4,3,0.7892851000212837,0.908002105853241
NAR032019014,NAR,CJF_3,CJF,3,R,R-NAR032019014,4,4,0.908002105853241,0.908002105853241
NAR032019014,NAR,JRS_1,JRS,1,R,R-NAR032019014,2,1,0.607564326773779,0.8406312127100364
NAR032019014,NAR,JRS_1,JRS,1,R,R-NAR032019014,2,2,0.747940176701804,0.8406312127100364
NAR032019015,NAR,CJF_1,CJF,1,R,R-NAR032019015,3,1,0.39031046584138723,0.7420062505687405
NAR032019015,NAR,CJF_1,CJF,1,R,R-NAR032019015,3,2,0.6116039387793575,0.7420062505687405
NAR032019015,NAR,CJF_1,CJF,1,R,R-NAR032019015,3,3,0.7420062505687405,0.7420062505687405
NAR032019015,NAR,CJF_2,CJF,2,R,R-NAR032019015,3,1,0.4345700230755559,0.7701504094818152
NAR032019015,NAR,CJF_2,CJF,2,R,R-NAR032019015,3,2,0.6362266576853098,0.7701504094818152
NAR032019015,NAR,CJF_2,CJF,2,R,R-NAR032019015,3,3,0.7701504094818152,0.7701504094818152
NAR032019015,NAR,CJF_3,CJF,3,R,R-NAR032019015,3,1,0.4083254348852508,0.7167260449602528
NAR032019015,NAR,CJF_3,CJF,3,R,R-NAR032019015,3,2,0.5856822410913917,0.7167260449602528
NAR032019015,NAR,CJF_3,CJF,3,R,R-NAR032019015,3,3,0.7167260449602528,0.7167260449602528
NAR032019015,NAR,JRS_1,JRS,1,R,R-NAR032019015,0,NA,NA,0.6392787540786855
NAR032019015,NAR,NGA_1,NGA,1,R,R-NAR032019015,3,1,0.5635085081384077,0.9228185013345832
NAR032019015,NAR,NGA_1,NGA,1,R,R-NAR032019015,3,2,0.8119792082849755,0.9228185013345832
NAR032019015,NAR,NGA_1,NGA,1,R,R-NAR032019015,3,3,0.9228185013345832,0.9228185013345832
NAR032019015,NAR,NGA_2,NGA,2,R,R-NAR032019015,3,1,0.5604445553263251,0.9350898028786935
NAR032019015,NAR,NGA_2,NGA,2,R,R-NAR032019015,3,2,0.8008724789340588,0.9350898028786935
NAR032019015,NAR,NGA_2,NGA,2,R,R-NAR032019015,3,3,0.9350898028786935,0.9350898028786935
NAR032020001,NAR,CJF_1,CJF,1,R,R-NAR032020001,4,1,0.44731527738008087,0.8926252849447467
NAR032020001,NAR,CJF_1,CJF,1,R,R-NAR032020001,4,2,0.6663497890332185,0.8926252849447467
NAR032020001,NAR,CJF_1,CJF,1,R,R-NAR032020001,4,3,0.7799999814380587,0.8926252849447467
NAR032020001,NAR,CJF_1,CJF,1,R,R-NAR032020001,4,4,0.8926252849447467,0.8926252849447467
NAR032020001,NAR,CJF_2,CJF,2,R,R-NAR032020001,4,1,0.49331889452086,0.9380389051207612
NAR032020001,NAR,CJF_2,CJF,2,R,R-NAR032020001,4,2,0.700608597648108,0.9380389051207612
NAR032020001,NAR,CJF_2,CJF,2,R,R-NAR032020001,4,3,0.8413916485650674,0.9380389051207612
NAR032020001,NAR,CJF_2,CJF,2,R,R-NAR032020001,4,4,0.9380389051207612,0.9380389051207612
NAR032020001,NAR,CJF_3,CJF,3,R,R-NAR032020001,4,1,0.4959163861810777,0.9402197469814777
NAR032020001,NAR,CJF_3,CJF,3,R,R-NAR032020001,4,2,0.7056688089813554,0.9402197469814777
NAR032020001,NAR,CJF_3,CJF,3,R,R-NAR032020001,4,3,0.8296613849805803,0.9402197469814777
NAR032020001,NAR,CJF_3,CJF,3,R,R-NAR032020001,4,4,0.9402197469814777,0.9402197469814777
NAR032020001,NAR,JRS_1,JRS,1,R,R-NAR032020001,1,1,0.5319967887697503,0.9409365742854149
NAR032020001,NAR,LEL_1,LEL,1,R,R-NAR032020001,0,NA,NA,0.5941404767283176
NAR032020001,NAR,NGA_1,NGA,1,R,R-NAR032020001,4,1,0.559069384213829,0.9906530108032916
NAR032020001,NAR,NGA_1,NGA,1,R,R-NAR032020001,4,2,0.7842125985127377,0.9906530108032916
NAR032020001,NAR,NGA_1,NGA,1,R,R-NAR032020001,4,3,0.8941401729401226,0.9906530108032916
NAR032020001,NAR,NGA_1,NGA,1,R,R-NAR032020001,4,4,0.9906530108032916,0.9906530108032916
NAR032020001,NAR,NGA_2,NGA,2,R,R-NAR032020001,4,1,0.5875733773018237,1.011280128306522
NAR032020001,NAR,NGA_2,NGA,2,R,R-NAR032020001,4,2,0.7961723559756683,1.011280128306522
NAR032020001,NAR,NGA_2,NGA,2,R,R-NAR032020001,4,3,0.9235566212804679,1.011280128306522
NAR032020001,NAR,NGA_2,NGA,2,R,R-NAR032020001,4,4,1.011280128306522,1.011280128306522
NAR032020002,NAR,JRS_1,JRS,1,R,R-NAR032020002,5,1,0.6472266931058271,1.253149015481581
NAR032020002,NAR,JRS_1,JRS,1,R,R-NAR032020002,5,2,0.8349506804148658,1.253149015481581
NAR032020002,NAR,JRS_1,JRS,1,R,R-NAR032020002,5,3,0.9480713139748813,1.253149015481581
NAR032020002,NAR,JRS_1,JRS,1,R,R-NAR032020002,5,4,1.0597459578163329,1.253149015481581
NAR032020002,NAR,JRS_1,JRS,1,R,R-NAR032020002,5,5,1.1706451625394798,1.253149015481581
NAR032020002,NAR,LEL_1,LEL,1,R,R-NAR032020002,3,1,0.5305157905943482,0.9022669414695664
NAR032020002,NAR,LEL_1,LEL,1,R,R-NAR032020002,3,2,0.6664252003115416,0.9022669414695664
NAR032020002,NAR,LEL_1,LEL,1,R,R-NAR032020002,3,3,0.7884376481031191,0.9022669414695664
NAR032020003,NAR,CJF_1,CJF,1,R,R-NAR032020003,7,1,0.4622375860911266,1.3753164121929418
NAR032020003,NAR,CJF_1,CJF,1,R,R-NAR032020003,7,2,0.737010042490557,1.3753164121929418
NAR032020003,NAR,CJF_1,CJF,1,R,R-NAR032020003,7,3,0.9574096596884172,1.3753164121929418
NAR032020003,NAR,CJF_1,CJF,1,R,R-NAR032020003,7,4,1.105505084762803,1.3753164121929418
NAR032020003,NAR,CJF_1,CJF,1,R,R-NAR032020003,7,5,1.2321621581417834,1.3753164121929418
NAR032020003,NAR,CJF_1,CJF,1,R,R-NAR032020003,7,6,1.3062198496520085,1.3753164121929418
NAR032020003,NAR,CJF_1,CJF,1,R,R-NAR032020003,7,7,1.3753164121929418,1.3753164121929418
NAR032020003,NAR,CJF_2,CJF,2,R,R-NAR032020003,7,1,0.4752958398422959,1.3810468553961017
NAR032020003,NAR,CJF_2,CJF,2,R,R-NAR032020003,7,2,0.7245391350784522,1.3810468553961017
NAR032020003,NAR,CJF_2,CJF,2,R,R-NAR032020003,7,3,0.9287875727723424,1.3810468553961017
NAR032020003,NAR,CJF_2,CJF,2,R,R-NAR032020003,7,4,1.1050685550369908,1.3810468553961017
NAR032020003,NAR,CJF_2,CJF,2,R,R-NAR032020003,7,5,1.233041715383656,1.3810468553961017
NAR032020003,NAR,CJF_2,CJF,2,R,R-NAR032020003,7,6,1.3012273235559397,1.3810468553961017
NAR032020003,NAR,CJF_2,CJF,2,R,R-NAR032020003,7,7,1.3810468553961017,1.3810468553961017
NAR032020003,NAR,CJF_3,CJF,3,R,R-NAR032020003,7,1,0.44159605504842914,1.3809631308610777
NAR032020003,NAR,CJF_3,CJF,3,R,R-NAR032020003,7,2,0.733708197503238,1.3809631308610777
NAR032020003,NAR,CJF_3,CJF,3,R,R-NAR032020003,7,3,0.9495552209335723,1.3809631308610777
NAR032020003,NAR,CJF_3,CJF,3,R,R-NAR032020003,7,4,1.1171292292196062,1.3809631308610777
NAR032020003,NAR,CJF_3,CJF,3,R,R-NAR032020003,7,5,1.2366209803167802,1.3809631308610777
NAR032020003,NAR,CJF_3,CJF,3,R,R-NAR032020003,7,6,1.3028887121757735,1.3809631308610777
NAR032020003,NAR,CJF_3,CJF,3,R,R-NAR032020003,7,7,1.3809631308610777,1.3809631308610777
NAR032020003,NAR,JRS_1,JRS,1,R,R-NAR032020003,4,1,0.23654242719264254,0.6775597240946581
NAR032020003,NAR,JRS_1,JRS,1,R,R-NAR032020003,4,2,0.3755678136850114,0.6775597240946581
NAR032020003,NAR,JRS_1,JRS,1,R,R-NAR032020003,4,3,0.5024035700898455,0.6775597240946581
NAR032020003,NAR,JRS_1,JRS,1,R,R-NAR032020003,4,4,0.5960764621360183,0.6775597240946581
NAR032020003,NAR,LEL_1,LEL,1,R,R-NAR032020003,4,1,0.13339988277554907,0.8962626978753575
NAR032020003,NAR,LEL_1,LEL,1,R,R-NAR032020003,4,2,0.22231142410745403,0.8962626978753575
NAR032020003,NAR,LEL_1,LEL,1,R,R-NAR032020003,4,3,0.3684129556447032,0.8962626978753575
NAR032020003,NAR,LEL_1,LEL,1,R,R-NAR032020003,4,4,0.5069941625601792,0.8962626978753575
NAR032020003,NAR,NGA_1,NGA,1,R,R-NAR032020003,6,1,0.5962789045529239,1.4362291079917697
NAR032020003,NAR,NGA_1,NGA,1,R,R-NAR032020003,6,2,0.8143575939555658,1.4362291079917697
NAR032020003,NAR,NGA_1,NGA,1,R,R-NAR032020003,6,3,0.9956433374700532,1.4362291079917697
NAR032020003,NAR,NGA_1,NGA,1,R,R-NAR032020003,6,4,1.1654459500124918,1.4362291079917697
NAR032020003,NAR,NGA_1,NGA,1,R,R-NAR032020003,6,5,1.3226583336537745,1.4362291079917697
NAR032020003,NAR,NGA_1,NGA,1,R,R-NAR032020003,6,6,1.4362291079917697,1.4362291079917697
NAR032020003,NAR,NGA_2,NGA,2,R,R-NAR032020003,6,1,0.6022157156368715,1.4868224813584723
NAR032020003,NAR,NGA_2,NGA,2,R,R-NAR032020003,6,2,0.8184825687834645,1.4868224813584723
NAR032020003,NAR,NGA_2,NGA,2,R,R-NAR032020003,6,3,1.0454055718063877,1.4868224813584723
NAR032020003,NAR,NGA_2,NGA,2,R,R-NAR032020003,6,4,1.1976015131566973,1.4868224813584723
NAR032020003,NAR,NGA_2,NGA,2,R,R-NAR032020003,6,5,1.3584003192414842,1.4868224813584723
NAR032020003,NAR,NGA_2,NGA,2,R,R-NAR032020003,6,6,1.4868224813584723,1.4868224813584723
NAR032020004,NAR,CJF_1,CJF,1,R,R-NAR032020004,5,1,0.4266313430991171,1.1105538125729488
NAR032020004,NAR,CJF_1,CJF,1,R,R-NAR032020004,5,2,0.6962012840448792,1.1105538125729488
NAR032020004,NAR,CJF_1,CJF,1,R,R-NAR032020004,5,3,0.8835375273351551,1.1105538125729488
NAR032020004,NAR,CJF_1,CJF,1,R,R-NAR032020004,5,4,1.0016297870995852,1.1105538125729488
NAR032020004,NAR,CJF_1,CJF,1,R,R-NAR032020004,5,5,1.1105538125729488,1.1105538125729488
NAR032020004,NAR,CJF_2,CJF,2,R,R-NAR032020004,5,1,0.42300724588539645,1.1254214894372578
NAR032020004,NAR,CJF_2,CJF,2,R,R-NAR032020004,5,2,0.7123512505651541,1.1254214894372578
NAR032020004,NAR,CJF_2,CJF,2,R,R-NAR032020004,5,3,0.906840377160486,1.1254214894372578
NAR032020004,NAR,CJF_2,CJF,2,R,R-NAR032020004,5,4,1.025408974766018,1.1254214894372578
NAR032020004,NAR,CJF_2,CJF,2,R,R-NAR032020004,5,5,1.1254214894372578,1.1254214894372578
NAR032020004,NAR,CJF_3,CJF,3,R,R-NAR032020004,5,1,0.4378067586763019,1.1335020543739875
NAR032020004,NAR,CJF_3,CJF,3,R,R-NAR032020004,5,2,0.7277784635745663,1.1335020543739875
NAR032020004,NAR,CJF_3,CJF,3,R,R-NAR032020004,5,3,0.8980856537788827,1.1335020543739875
NAR032020004,NAR,CJF_3,CJF,3,R,R-NAR032020004,5,4,1.0472850318079423,1.1335020543739875
NAR032020004,NAR,CJF_3,CJF,3,R,R-NAR032020004,5,5,1.1335020543739875,1.1335020543739875
NAR032020004,NAR,JRS_1,JRS,1,R,R-NAR032020004,0,NA,NA,0.6998055591855744
NAR032020004,NAR,LEL_1,LEL,1,R,R-NAR032020004,2,1,0.6326503170616494,0.9001071389817168
NAR032020004,NAR,LEL_1,LEL,1,R,R-NAR032020004,2,2,0.7529934214483334,0.9001071389817168
NAR032020004,NAR,NGA_1,NGA,1,R,R-NAR032020004,5,1,0.5495390464434458,1.1706298047221877
NAR032020004,NAR,NGA_1,NGA,1,R,R-NAR032020004,5,2,0.7578021469980253,1.1706298047221877
NAR032020004,NAR,NGA_1,NGA,1,R,R-NAR032020004,5,3,0.959673212601296,1.1706298047221877
NAR032020004,NAR,NGA_1,NGA,1,R,R-NAR032020004,5,4,1.0731482290424539,1.1706298047221877
NAR032020004,NAR,NGA_1,NGA,1,R,R-NAR032020004,5,5,1.1706298047221877,1.1706298047221877
NAR032020004,NAR,NGA_2,NGA,2,R,R-NAR032020004,5,1,0.5076385453835592,1.1607525280497468
NAR032020004,NAR,NGA_2,NGA,2,R,R-NAR032020004,5,2,0.7487776688750549,1.1607525280497468
NAR032020004,NAR,NGA_2,NGA,2,R,R-NAR032020004,5,3,0.9689876879641329,1.1607525280497468
NAR032020004,NAR,NGA_2,NGA,2,R,R-NAR032020004,5,4,1.0715766229076262,1.1607525280497468
NAR032020004,NAR,NGA_2,NGA,2,R,R-NAR032020004,5,5,1.1607525280497468,1.1607525280497468
NAR032020005,NAR,CJF_1,CJF,1,R,R-NAR032020005,3,1,0.47961338197117864,0.8086600568017337
NAR032020005,NAR,CJF_1,CJF,1,R,R-NAR032020005,3,2,0.6548190657778465,0.8086600568017337
NAR032020005,NAR,CJF_1,CJF,1,R,R-NAR032020005,3,3,0.8086600568017337,0.8086600568017337
NAR032020005,NAR,CJF_2,CJF,2,R,R-NAR032020005,3,1,0.5110414723672158,0.8408137802691672
NAR032020005,NAR,CJF_2,CJF,2,R,R-NAR032020005,3,2,0.6856147156092229,0.8408137802691672
NAR032020005,NAR,CJF_2,CJF,2,R,R-NAR032020005,3,3,0.8408137802691672,0.8408137802691672
NAR032020005,NAR,CJF_3,CJF,3,R,R-NAR032020005,3,1,0.5694310068066352,0.9150267307153317
NAR032020005,NAR,CJF_3,CJF,3,R,R-NAR032020005,3,2,0.74587025733364265,0.9150267307153317
NAR032020005,NAR,CJF_3,CJF,3,R,R-NAR032020005,3,3,0.9150267307153317,0.9150267307153317
NAR032020005,NAR,JRS_1,JRS,1,R,R-NAR032020005,2,1,0.5108795924882116,0.8476101842014042
NAR032020005,NAR,JRS_1,JRS,1,R,R-NAR032020005,2,2,0.6841437529382542,0.8476101842014042
NAR032020005,NAR,LEL_1,LEL,1,R,R-NAR032020005,3,1,0.46659981751211754,0.9358017494069856
NAR032020005,NAR,LEL_1,LEL,1,R,R-NAR032020005,3,2,0.6488825477955271,0.9358017494069856
NAR032020005,NAR,LEL_1,LEL,1,R,R-NAR032020005,3,3,0.7803040599364319,0.9358017494069856
NAR032020006,NAR,CJF_1,CJF,1,R,R-NAR032020006,14,1,0.5570361757731798,1.6618849779413332
NAR032020006,NAR,CJF_1,CJF,1,R,R-NAR032020006,14,2,0.7658234550921963,1.6618849779413332
NAR032020006,NAR,CJF_1,CJF,1,R,R-NAR032020006,14,3,0.872938310405664,1.6618849779413332
NAR032020006,NAR,CJF_1,CJF,1,R,R-NAR032020006,14,4,0.9606451086261244,1.6618849779413332
NAR032020006,NAR,CJF_1,CJF,1,R,R-NAR032020006,14,5,1.0650497420722698,1.6618849779413332
NAR032020006,NAR,CJF_1,CJF,1,R,R-NAR032020006,14,6,1.1355562383254738,1.6618849779413332
NAR032020006,NAR,CJF_1,CJF,1,R,R-NAR032020006,14,7,1.2098218650756916,1.6618849779413332
NAR032020006,NAR,CJF_1,CJF,1,R,R-NAR032020006,14,8,1.2738590089645605,1.6618849779413332
NAR032020006,NAR,CJF_1,CJF,1,R,R-NAR032020006,14,9,1.327143215677234,1.6618849779413332
NAR032020006,NAR,CJF_1,CJF,1,R,R-NAR032020006,14,10,1.3981741662452845,1.6618849779413332
NAR032020006,NAR,CJF_1,CJF,1,R,R-NAR032020006,14,11,1.4584521796371397,1.6618849779413332
NAR032020006,NAR,CJF_1,CJF,1,R,R-NAR032020006,14,12,1.532717806387357,1.6618849779413332
NAR032020006,NAR,CJF_1,CJF,1,R,R-NAR032020006,14,13,1.5849311168970663,1.6618849779413332
NAR032020006,NAR,CJF_1,CJF,1,R,R-NAR032020006,14,14,1.6618849779413332,1.6618849779413332
NAR032020006,NAR,CJF_2,CJF,2,R,R-NAR032020006,14,1,0.5097801937519566,1.6157305640892203
NAR032020006,NAR,CJF_2,CJF,2,R,R-NAR032020006,14,2,0.7124745502757397,1.6157305640892203
NAR032020006,NAR,CJF_2,CJF,2,R,R-NAR032020006,14,3,0.8205344752293373,1.6157305640892203
NAR032020006,NAR,CJF_2,CJF,2,R,R-NAR032020006,14,4,0.9176018018671537,1.6157305640892203
NAR032020006,NAR,CJF_2,CJF,2,R,R-NAR032020006,14,5,0.9801787331602615,1.6157305640892203
NAR032020006,NAR,CJF_2,CJF,2,R,R-NAR032020006,14,6,1.0635180463351939,1.6157305640892203
NAR032020006,NAR,CJF_2,CJF,2,R,R-NAR032020006,14,7,1.12914564728672,1.6157305640892203
NAR032020006,NAR,CJF_2,CJF,2,R,R-NAR032020006,14,8,1.1828730896840447,1.6157305640892203
NAR032020006,NAR,CJF_2,CJF,2,R,R-NAR032020006,14,9,1.2552198045431964,1.6157305640892203
NAR032020006,NAR,CJF_2,CJF,2,R,R-NAR032020006,14,10,1.331840003810503,1.6157305640892203
NAR032020006,NAR,CJF_2,CJF,2,R,R-NAR032020006,14,11,1.422805991131483,1.6157305640892203
NAR032020006,NAR,CJF_2,CJF,2,R,R-NAR032020006,14,12,1.482937292925119,1.6157305640892203
NAR032020006,NAR,CJF_2,CJF,2,R,R-NAR032020006,14,13,1.5522333381258515,1.6157305640892203
NAR032020006,NAR,CJF_2,CJF,2,R,R-NAR032020006,14,14,1.6157305640892203,1.6157305640892203
NAR032020006,NAR,CJF_3,CJF,3,R,R-NAR032020006,14,1,0.5710512249200178,1.664679121743942
NAR032020006,NAR,CJF_3,CJF,3,R,R-NAR032020006,14,2,0.7764192018074132,1.664679121743942
NAR032020006,NAR,CJF_3,CJF,3,R,R-NAR032020006,14,3,0.8896759868777266,1.664679121743942
NAR032020006,NAR,CJF_3,CJF,3,R,R-NAR032020006,14,4,0.9734090971266774,1.664679121743942
NAR032020006,NAR,CJF_3,CJF,3,R,R-NAR032020006,14,5,1.0511477755917218,1.664679121743942
NAR032020006,NAR,CJF_3,CJF,3,R,R-NAR032020006,14,6,1.1238596051158867,1.664679121743942
NAR032020006,NAR,CJF_3,CJF,3,R,R-NAR032020006,14,7,1.2131386630505732,1.664679121743942
NAR032020006,NAR,CJF_3,CJF,3,R,R-NAR032020006,14,8,1.2663805156351342,1.664679121743942
NAR032020006,NAR,CJF_3,CJF,3,R,R-NAR032020006,14,9,1.3155631021218426,1.664679121743942
NAR032020006,NAR,CJF_3,CJF,3,R,R-NAR032020006,14,10,1.3985881789001944,1.664679121743942
NAR032020006,NAR,CJF_3,CJF,3,R,R-NAR032020006,14,11,1.4859320711488266,1.664679121743942
NAR032020006,NAR,CJF_3,CJF,3,R,R-NAR032020006,14,12,1.5401415065764148,1.664679121743942
NAR032020006,NAR,CJF_3,CJF,3,R,R-NAR032020006,14,13,1.5979617240036839,1.664679121743942
NAR032020006,NAR,CJF_3,CJF,3,R,R-NAR032020006,14,14,1.664679121743942,1.664679121743942
NAR032020006,NAR,JRS_1,JRS,1,R,R-NAR032020006,12,1,0.3138838066849358,1.2610998529306066
NAR032020006,NAR,JRS_1,JRS,1,R,R-NAR032020006,12,2,0.48703403735617856,1.2610998529306066
NAR032020006,NAR,JRS_1,JRS,1,R,R-NAR032020006,12,3,0.5778728626467845,1.2610998529306066
NAR032020006,NAR,JRS_1,JRS,1,R,R-NAR032020006,12,4,0.6597610117818327,1.2610998529306066
NAR032020006,NAR,JRS_1,JRS,1,R,R-NAR032020006,12,5,0.7173366699237169,1.2610998529306066
NAR032020006,NAR,JRS_1,JRS,1,R,R-NAR032020006,12,6,0.7874918298077718,1.2610998529306066
NAR032020006,NAR,JRS_1,JRS,1,R,R-NAR032020006,12,7,0.836540068039682,1.2610998529306066
NAR032020006,NAR,JRS_1,JRS,1,R,R-NAR032020006,12,8,0.886858075008353,1.2610998529306066
NAR032020006,NAR,JRS_1,JRS,1,R,R-NAR032020006,12,9,0.9367528257314367,1.2610998529306066
NAR032020006,NAR,JRS_1,JRS,1,R,R-NAR032020006,12,10,1.0101135549565108,1.2610998529306066
NAR032020006,NAR,JRS_1,JRS,1,R,R-NAR032020006,12,11,1.0928482165827313,1.2610998529306066
NAR032020006,NAR,JRS_1,JRS,1,R,R-NAR032020006,12,12,1.1536294440656385,1.2610998529306066
NAR032020006,NAR,LEL_1,LEL,1,R,R-NAR032020006,13,1,0.05545653948153481,1.8373543162463513
NAR032020006,NAR,LEL_1,LEL,1,R,R-NAR032020006,13,2,0.10362456560737413,1.8373543162463513
NAR032020006,NAR,LEL_1,LEL,1,R,R-NAR032020006,13,3,0.19620311985065972,1.8373543162463513
NAR032020006,NAR,LEL_1,LEL,1,R,R-NAR032020006,13,4,0.27529070707293257,1.8373543162463513
NAR032020006,NAR,LEL_1,LEL,1,R,R-NAR032020006,13,5,0.36211977297308284,1.8373543162463513
NAR032020006,NAR,LEL_1,LEL,1,R,R-NAR032020006,13,6,0.4341453295007509,1.8373543162463513
NAR032020006,NAR,LEL_1,LEL,1,R,R-NAR032020006,13,7,0.5231928683967343,1.8373543162463513
NAR032020006,NAR,LEL_1,LEL,1,R,R-NAR032020006,13,8,0.5804149155519203,1.8373543162463513
NAR032020006,NAR,LEL_1,LEL,1,R,R-NAR032020006,13,9,0.6637129661047694,1.8373543162463513
NAR032020006,NAR,LEL_1,LEL,1,R,R-NAR032020006,13,10,0.7397225033019218,1.8373543162463513
NAR032020006,NAR,LEL_1,LEL,1,R,R-NAR032020006,13,11,0.8157320404990742,1.8373543162463513
NAR032020006,NAR,LEL_1,LEL,1,R,R-NAR032020006,13,12,0.9113886447674797,1.8373543162463513
NAR032020006,NAR,LEL_1,LEL,1,R,R-NAR032020006,13,13,1.0925617725845675,1.8373543162463513
NAR032020007,NAR,CJF_1,CJF,1,R,R-NAR032020007,11,1,0.504765935684304,1.4965388223407385
NAR032020007,NAR,CJF_1,CJF,1,R,R-NAR032020007,11,2,0.666645722287611,1.4965388223407385
NAR032020007,NAR,CJF_1,CJF,1,R,R-NAR032020007,11,3,0.8141830395347001,1.4965388223407385
NAR032020007,NAR,CJF_1,CJF,1,R,R-NAR032020007,11,4,0.9184145053815533,1.4965388223407385
NAR032020007,NAR,CJF_1,CJF,1,R,R-NAR032020007,11,5,1.00980538960105,1.4965388223407385
NAR032020007,NAR,CJF_1,CJF,1,R,R-NAR032020007,11,6,1.08958406168961,1.4965388223407385
NAR032020007,NAR,CJF_1,CJF,1,R,R-NAR032020007,11,7,1.1580240398796742,1.4965388223407385
NAR032020007,NAR,CJF_1,CJF,1,R,R-NAR032020007,11,8,1.2386232666655599,1.4965388223407385
NAR032020007,NAR,CJF_1,CJF,1,R,R-NAR032020007,11,9,1.299414584545527,1.4965388223407385
NAR032020007,NAR,CJF_1,CJF,1,R,R-NAR032020007,11,10,1.405694974586126,1.4965388223407385
NAR032020007,NAR,CJF_1,CJF,1,R,R-NAR032020007,11,11,1.4965388223407385,1.4965388223407385
NAR032020007,NAR,CJF_2,CJF,2,R,R-NAR032020007,11,1,0.503858001703147,1.4722485862186376
NAR032020007,NAR,CJF_2,CJF,2,R,R-NAR032020007,11,2,0.6361551823189688,1.4722485862186376
NAR032020007,NAR,CJF_2,CJF,2,R,R-NAR032020007,11,3,0.8072177824712772,1.4722485862186376
NAR032020007,NAR,CJF_2,CJF,2,R,R-NAR032020007,11,4,0.9137411297434272,1.4722485862186376
NAR032020007,NAR,CJF_2,CJF,2,R,R-NAR032020007,11,5,1.0198213644320462,1.4722485862186376
NAR032020007,NAR,CJF_2,CJF,2,R,R-NAR032020007,11,6,1.0740277066205774,1.4722485862186376
NAR032020007,NAR,CJF_2,CJF,2,R,R-NAR032020007,11,7,1.1296802733304903,1.4722485862186376
NAR032020007,NAR,CJF_2,CJF,2,R,R-NAR032020007,11,8,1.211211342905053,1.4722485862186376
NAR032020007,NAR,CJF_2,CJF,2,R,R-NAR032020007,11,9,1.323845814075473,1.4722485862186376
NAR032020007,NAR,CJF_2,CJF,2,R,R-NAR032020007,11,10,1.4049337710665044,1.4722485862186376
NAR032020007,NAR,CJF_2,CJF,2,R,R-NAR032020007,11,11,1.4722485862186376,1.4722485862186376
NAR032020007,NAR,CJF_3,CJF,3,R,R-NAR032020007,11,1,0.5116849639061515,1.5061513262588424
NAR032020007,NAR,CJF_3,CJF,3,R,R-NAR032020007,11,2,0.6752660719673025,1.5061513262588424
NAR032020007,NAR,CJF_3,CJF,3,R,R-NAR032020007,11,3,0.8253345767784535,1.5061513262588424
NAR032020007,NAR,CJF_3,CJF,3,R,R-NAR032020007,11,4,0.9292301949607664,1.5061513262588424
NAR032020007,NAR,CJF_3,CJF,3,R,R-NAR032020007,11,5,1.0233699278123034,1.5061513262588424
NAR032020007,NAR,CJF_3,CJF,3,R,R-NAR032020007,11,6,1.0928113030219173,1.5061513262588424
NAR032020007,NAR,CJF_3,CJF,3,R,R-NAR032020007,11,7,1.1538422625961515,1.5061513262588424
NAR032020007,NAR,CJF_3,CJF,3,R,R-NAR032020007,11,8,1.2302641843799984,1.5061513262588424
NAR032020007,NAR,CJF_3,CJF,3,R,R-NAR032020007,11,9,1.3288333699984582,1.5061513262588424
NAR032020007,NAR,CJF_3,CJF,3,R,R-NAR032020007,11,10,1.4187678950323053,1.5061513262588424
NAR032020007,NAR,CJF_3,CJF,3,R,R-NAR032020007,11,11,1.5061513262588424,1.5061513262588424
NAR032020007,NAR,JRS_1,JRS,1,R,R-NAR032020007,10,1,0.5219936282275329,1.4938671725892194
NAR032020007,NAR,JRS_1,JRS,1,R,R-NAR032020007,10,2,0.6916342973194887,1.4938671725892194
NAR032020007,NAR,JRS_1,JRS,1,R,R-NAR032020007,10,3,0.8289899528593165,1.4938671725892194
NAR032020007,NAR,JRS_1,JRS,1,R,R-NAR032020007,10,4,0.9274575927369636,1.4938671725892194
NAR032020007,NAR,JRS_1,JRS,1,R,R-NAR032020007,10,5,1.0259252326146113,1.4938671725892194
NAR032020007,NAR,JRS_1,JRS,1,R,R-NAR032020007,10,6,1.0915703258663763,1.4938671725892194
NAR032020007,NAR,JRS_1,JRS,1,R,R-NAR032020007,10,7,1.1630121216175617,1.4938671725892194
NAR032020007,NAR,JRS_1,JRS,1,R,R-NAR032020007,10,8,1.2376210351553345,1.4938671725892194
NAR032020007,NAR,JRS_1,JRS,1,R,R-NAR032020007,10,9,1.3414822277270864,1.4938671725892194
NAR032020007,NAR,JRS_1,JRS,1,R,R-NAR032020007,10,10,1.4224253768380342,1.4938671725892194
NAR032020007,NAR,LEL_1,LEL,1,R,R-NAR032020007,9,1,0.38495026625090223,1.0903608591264353
NAR032020007,NAR,LEL_1,LEL,1,R,R-NAR032020007,9,2,0.49077769048066877,1.0903608591264353
NAR032020007,NAR,LEL_1,LEL,1,R,R-NAR032020007,9,3,0.6064008948714747,1.0903608591264353
NAR032020007,NAR,LEL_1,LEL,1,R,R-NAR032020007,9,4,0.7092376223728958,1.0903608591264353
NAR032020007,NAR,LEL_1,LEL,1,R,R-NAR032020007,9,5,0.7622844018861091,1.0903608591264353
NAR032020007,NAR,LEL_1,LEL,1,R,R-NAR032020007,9,6,0.8117955722846442,1.0903608591264353
NAR032020007,NAR,LEL_1,LEL,1,R,R-NAR032020007,9,7,0.8566813087958227,1.0903608591264353
NAR032020007,NAR,LEL_1,LEL,1,R,R-NAR032020007,9,8,0.9097280883090387,1.0903608591264353
NAR032020007,NAR,LEL_1,LEL,1,R,R-NAR032020007,9,9,0.9918834307157053,1.0903608591264353
NAR032020008,NAR,CJF_1,CJF,1,R,R-NAR032020008,14,1,0.29838156090435924,1.6995733959437114
NAR032020008,NAR,CJF_1,CJF,1,R,R-NAR032020008,14,2,0.5468143758670013,1.6995733959437114
NAR032020008,NAR,CJF_1,CJF,1,R,R-NAR032020008,14,3,0.7226300355282396,1.6995733959437114
NAR032020008,NAR,CJF_1,CJF,1,R,R-NAR032020008,14,4,0.8489779592665653,1.6995733959437114
NAR032020008,NAR,CJF_1,CJF,1,R,R-NAR032020008,14,5,0.9678278956697172,1.6995733959437114
NAR032020008,NAR,CJF_1,CJF,1,R,R-NAR032020008,14,6,1.0642499277225854,1.6995733959437114
NAR032020008,NAR,CJF_1,CJF,1,R,R-NAR032020008,14,7,1.1489769975815058,1.6995733959437114
NAR032020008,NAR,CJF_1,CJF,1,R,R-NAR032020008,14,8,1.2202171804817306,1.6995733959437114
NAR032020008,NAR,CJF_1,CJF,1,R,R-NAR032020008,14,9,1.285817358466766,1.6995733959437114
NAR032020008,NAR,CJF_1,CJF,1,R,R-NAR032020008,14,10,1.384818887967826,1.6995733959437114
NAR032020008,NAR,CJF_1,CJF,1,R,R-NAR032020008,14,11,1.4791424325913072,1.6995733959437114
NAR032020008,NAR,CJF_1,CJF,1,R,R-NAR032020008,14,12,1.5540985803315004,1.6995733959437114
NAR032020008,NAR,CJF_1,CJF,1,R,R-NAR032020008,14,13,1.6318747305292889,1.6995733959437114
NAR032020008,NAR,CJF_1,CJF,1,R,R-NAR032020008,14,14,1.6995733959437114,1.6995733959437114
NAR032020008,NAR,CJF_2,CJF,2,R,R-NAR032020008,15,1,0.3622209849599114,1.7611902898703953
NAR032020008,NAR,CJF_2,CJF,2,R,R-NAR032020008,15,2,0.6219339413199105,1.7611902898703953
NAR032020008,NAR,CJF_2,CJF,2,R,R-NAR032020008,15,3,0.7879363932057983,1.7611902898703953
NAR032020008,NAR,CJF_2,CJF,2,R,R-NAR032020008,15,4,0.9034489569103562,1.7611902898703953
NAR032020008,NAR,CJF_2,CJF,2,R,R-NAR032020008,15,5,1.0019417256154803,1.7611902898703953
NAR032020008,NAR,CJF_2,CJF,2,R,R-NAR032020008,15,6,1.110952021767716,1.7611902898703953
NAR032020008,NAR,CJF_2,CJF,2,R,R-NAR032020008,15,7,1.187067477990224,1.7611902898703953
NAR032020008,NAR,CJF_2,CJF,2,R,R-NAR032020008,15,8,1.2610794287233096,1.7611902898703953
NAR032020008,NAR,CJF_2,CJF,2,R,R-NAR032020008,15,9,1.326293855330594,1.7611902898703953
NAR032020008,NAR,CJF_2,CJF,2,R,R-NAR032020008,15,10,1.4094868323575949,1.7611902898703953
NAR032020008,NAR,CJF_2,CJF,2,R,R-NAR032020008,15,11,1.4947833148740173,1.7611902898703953
NAR032020008,NAR,CJF_2,CJF,2,R,R-NAR032020008,15,12,1.5427861953978121,1.7611902898703953
NAR032020008,NAR,CJF_2,CJF,2,R,R-NAR032020008,15,13,1.634776696550614,1.7611902898703953
NAR032020008,NAR,CJF_2,CJF,2,R,R-NAR032020008,15,14,1.700182874241955,1.7611902898703953
NAR032020008,NAR,CJF_2,CJF,2,R,R-NAR032020008,15,15,1.7611902898703953,1.7611902898703953
NAR032020008,NAR,CJF_3,CJF,3,R,R-NAR032020008,14,1,0.35552003523604736,1.7303925747277646
NAR032020008,NAR,CJF_3,CJF,3,R,R-NAR032020008,14,2,0.6082743500265508,1.7303925747277646
NAR032020008,NAR,CJF_3,CJF,3,R,R-NAR032020008,14,3,0.7605765932923103,1.7303925747277646
NAR032020008,NAR,CJF_3,CJF,3,R,R-NAR032020008,14,4,0.8804724792199359,1.7303925747277646
NAR032020008,NAR,CJF_3,CJF,3,R,R-NAR032020008,14,5,1.0001385275001753,1.7303925747277646
NAR032020008,NAR,CJF_3,CJF,3,R,R-NAR032020008,14,6,1.091336003341722,1.7303925747277646
NAR032020008,NAR,CJF_3,CJF,3,R,R-NAR032020008,14,7,1.1922477501612376,1.7303925747277646
NAR032020008,NAR,CJF_3,CJF,3,R,R-NAR032020008,14,8,1.2646909245420603,1.7303925747277646
NAR032020008,NAR,CJF_3,CJF,3,R,R-NAR032020008,14,9,1.333671261765157,1.7303925747277646
NAR032020008,NAR,CJF_3,CJF,3,R,R-NAR032020008,14,10,1.4193068167286187,1.7303925747277646
NAR032020008,NAR,CJF_3,CJF,3,R,R-NAR032020008,14,11,1.5121284285488095,1.7303925747277646
NAR032020008,NAR,CJF_3,CJF,3,R,R-NAR032020008,14,12,1.5836522523400907,1.7303925747277646
NAR032020008,NAR,CJF_3,CJF,3,R,R-NAR032020008,14,13,1.671141780929581,1.7303925747277646
NAR032020008,NAR,CJF_3,CJF,3,R,R-NAR032020008,14,14,1.7303925747277646,1.7303925747277646
NAR032020008,NAR,JRS_1,JRS,1,R,R-NAR032020008,12,1,0.25622641943013674,1.6349659314500835
NAR032020008,NAR,JRS_1,JRS,1,R,R-NAR032020008,12,2,0.5158675819608758,1.6349659314500835
NAR032020008,NAR,JRS_1,JRS,1,R,R-NAR032020008,12,3,0.6659744168595371,1.6349659314500835
NAR032020008,NAR,JRS_1,JRS,1,R,R-NAR032020008,12,4,0.7896277700211944,1.6349659314500835
NAR032020008,NAR,JRS_1,JRS,1,R,R-NAR032020008,12,5,0.9190917507725289,1.6349659314500835
NAR032020008,NAR,JRS_1,JRS,1,R,R-NAR032020008,12,6,1.0016631673618386,1.6349659314500835
NAR032020008,NAR,JRS_1,JRS,1,R,R-NAR032020008,12,7,1.0929505253356624,1.6349659314500835
NAR032020008,NAR,JRS_1,JRS,1,R,R-NAR032020008,12,8,1.1754200560638184,1.6349659314500835
NAR032020008,NAR,JRS_1,JRS,1,R,R-NAR032020008,12,9,1.2520789592022978,1.6349659314500835
NAR032020008,NAR,JRS_1,JRS,1,R,R-NAR032020008,12,10,1.3404610033812836,1.6349659314500835
NAR032020008,NAR,JRS_1,JRS,1,R,R-NAR032020008,12,11,1.4228286482482868,1.6349659314500835
NAR032020008,NAR,JRS_1,JRS,1,R,R-NAR032020008,12,12,1.5229338334677789,1.6349659314500835
NAR032020008,NAR,LEL_1,LEL,1,R,R-NAR032020008,13,1,0.42490309398273163,1.594572479809654
NAR032020008,NAR,LEL_1,LEL,1,R,R-NAR032020008,13,2,0.5615629314838607,1.594572479809654
NAR032020008,NAR,LEL_1,LEL,1,R,R-NAR032020008,13,3,0.6912599848745609,1.594572479809654
NAR032020008,NAR,LEL_1,LEL,1,R,R-NAR032020008,13,4,0.786218094986928,1.594572479809654
NAR032020008,NAR,LEL_1,LEL,1,R,R-NAR032020008,13,5,0.9020145725813743,1.594572479809654
NAR032020008,NAR,LEL_1,LEL,1,R,R-NAR032020008,13,6,1.0027874989980659,1.594572479809654
NAR032020008,NAR,LEL_1,LEL,1,R,R-NAR032020008,13,7,1.1011895125287425,1.594572479809654
NAR032020008,NAR,LEL_1,LEL,1,R,R-NAR032020008,13,8,1.1637296073995846,1.594572479809654
NAR032020008,NAR,LEL_1,LEL,1,R,R-NAR032020008,13,9,1.248281029983213,1.594572479809654
NAR032020008,NAR,LEL_1,LEL,1,R,R-NAR032020008,13,10,1.343214147670977,1.594572479809654
NAR032020008,NAR,LEL_1,LEL,1,R,R-NAR032020008,13,11,1.4127170266522473,1.594572479809654
NAR032020008,NAR,LEL_1,LEL,1,R,R-NAR032020008,13,12,1.4810719378274146,1.594572479809654
NAR032020008,NAR,LEL_1,LEL,1,R,R-NAR032020008,13,13,1.5389951690492405,1.594572479809654
NAR032020009,NAR,CJF_1,CJF,1,R,R-NAR032020009,9,1,0.47380461704727234,1.2709153177732082
NAR032020009,NAR,CJF_1,CJF,1,R,R-NAR032020009,9,2,0.6236954834182112,1.2709153177732082
NAR032020009,NAR,CJF_1,CJF,1,R,R-NAR032020009,9,3,0.7373778627523782,1.2709153177732082
NAR032020009,NAR,CJF_1,CJF,1,R,R-NAR032020009,9,4,0.8398079424945732,1.2709153177732082
NAR032020009,NAR,CJF_1,CJF,1,R,R-NAR032020009,9,5,0.9341218487543917,1.2709153177732082
NAR032020009,NAR,CJF_1,CJF,1,R,R-NAR032020009,9,6,1.0360420526201657,1.2709153177732082
NAR032020009,NAR,CJF_1,CJF,1,R,R-NAR032020009,9,7,1.1168685735398318,1.2709153177732082
NAR032020009,NAR,CJF_1,CJF,1,R,R-NAR032020009,9,8,1.1976950944594977,1.2709153177732082
NAR032020009,NAR,CJF_1,CJF,1,R,R-NAR032020009,9,9,1.2709153177732082,1.2709153177732082
NAR032020009,NAR,CJF_2,CJF,2,R,R-NAR032020009,9,1,0.48600753618456755,1.2743749082942735
NAR032020009,NAR,CJF_2,CJF,2,R,R-NAR032020009,9,2,0.6495979449364586,1.2743749082942735
NAR032020009,NAR,CJF_2,CJF,2,R,R-NAR032020009,9,3,0.7481283060723924,1.2743749082942735
NAR032020009,NAR,CJF_2,CJF,2,R,R-NAR032020009,9,4,0.8514223572794325,1.2743749082942735
NAR032020009,NAR,CJF_2,CJF,2,R,R-NAR032020009,9,5,0.9490746702144857,1.2743749082942735
NAR032020009,NAR,CJF_2,CJF,2,R,R-NAR032020009,9,6,1.0399582306322033,1.2743749082942735
NAR032020009,NAR,CJF_2,CJF,2,R,R-NAR032020009,9,7,1.1270806322019302,1.2743749082942735
NAR032020009,NAR,CJF_2,CJF,2,R,R-NAR032020009,9,8,1.214579816360979,1.2743749082942735
NAR032020009,NAR,CJF_2,CJF,2,R,R-NAR032020009,9,9,1.2743749082942735,1.2743749082942735
NAR032020009,NAR,CJF_3,CJF,3,R,R-NAR032020009,9,1,0.4642433126095151,1.2698203091811309
NAR032020009,NAR,CJF_3,CJF,3,R,R-NAR032020009,9,2,0.6398241422032986,1.2698203091811309
NAR032020009,NAR,CJF_3,CJF,3,R,R-NAR032020009,9,3,0.755119815968012,1.2698203091811309
NAR032020009,NAR,CJF_3,CJF,3,R,R-NAR032020009,9,4,0.8440423002655889,1.2698203091811309
NAR032020009,NAR,CJF_3,CJF,3,R,R-NAR032020009,9,5,0.9487886982434476,1.2698203091811309
NAR032020009,NAR,CJF_3,CJF,3,R,R-NAR032020009,9,6,1.0505245973292479,1.2698203091811309
NAR032020009,NAR,CJF_3,CJF,3,R,R-NAR032020009,9,7,1.1401934415175132,1.2698203091811309
NAR032020009,NAR,CJF_3,CJF,3,R,R-NAR032020009,9,8,1.1959753786731475,1.2698203091811309
NAR032020009,NAR,CJF_3,CJF,3,R,R-NAR032020009,9,9,1.2698203091811309,1.2698203091811309
NAR032020009,NAR,JRS_1,JRS,1,R,R-NAR032020009,0,NA,NA,0.7325081407656543
NAR032020009,NAR,LEL_1,LEL,1,R,R-NAR032020009,7,1,0.4794928028481458,1.0645319087428609
NAR032020009,NAR,LEL_1,LEL,1,R,R-NAR032020009,7,2,0.5462827462155913,1.0645319087428609
NAR032020009,NAR,LEL_1,LEL,1,R,R-NAR032020009,7,3,0.6079282475086458,1.0645319087428609
NAR032020009,NAR,LEL_1,LEL,1,R,R-NAR032020009,7,4,0.6943403718899751,1.0645319087428609
NAR032020009,NAR,LEL_1,LEL,1,R,R-NAR032020009,7,5,0.7774855356712602,1.0645319087428609
NAR032020009,NAR,LEL_1,LEL,1,R,R-NAR032020009,7,6,0.8939036705491055,1.0645319087428609
NAR032020009,NAR,LEL_1,LEL,1,R,R-NAR032020009,7,7,0.9680544839734596,1.0645319087428609
NAR032020009,NAR,NGA_1,NGA,1,R,R-NAR032020009,9,1,0.4628607611551226,1.2629014723623226
NAR032020009,NAR,NGA_1,NGA,1,R,R-NAR032020009,9,2,0.6456561335273997,1.2629014723623226
NAR032020009,NAR,NGA_1,NGA,1,R,R-NAR032020009,9,3,0.7509352513207598,1.2629014723623226
NAR032020009,NAR,NGA_1,NGA,1,R,R-NAR032020009,9,4,0.8421709546373889,1.2629014723623226
NAR032020009,NAR,NGA_1,NGA,1,R,R-NAR032020009,9,5,0.932696738766496,1.2629014723623226
NAR032020009,NAR,NGA_1,NGA,1,R,R-NAR032020009,9,6,1.0379758565598558,1.2629014723623226
NAR032020009,NAR,NGA_1,NGA,1,R,R-NAR032020009,9,7,1.1292115598764851,1.2629014723623226
NAR032020009,NAR,NGA_1,NGA,1,R,R-NAR032020009,9,8,1.1990426788116304,1.2629014723623226
NAR032020009,NAR,NGA_1,NGA,1,R,R-NAR032020009,9,9,1.2629014723623226,1.2629014723623226
NAR032020009,NAR,NGA_2,NGA,2,R,R-NAR032020009,9,1,0.5344163226097847,1.2902884604038303
NAR032020009,NAR,NGA_2,NGA,2,R,R-NAR032020009,9,2,0.6975855990208724,1.2902884604038303
NAR032020009,NAR,NGA_2,NGA,2,R,R-NAR032020009,9,3,0.7686081331492057,1.2902884604038303
NAR032020009,NAR,NGA_2,NGA,2,R,R-NAR032020009,9,4,0.8716609737553448,1.2902884604038303
NAR032020009,NAR,NGA_2,NGA,2,R,R-NAR032020009,9,5,0.9710310510725038,1.2902884604038303
NAR032020009,NAR,NGA_2,NGA,2,R,R-NAR032020009,9,6,1.0776244634240675,1.2902884604038303
NAR032020009,NAR,NGA_2,NGA,2,R,R-NAR032020009,9,7,1.154159657873157,1.2902884604038303
NAR032020009,NAR,NGA_2,NGA,2,R,R-NAR032020009,9,8,1.2237329311495238,1.2902884604038303
NAR032020009,NAR,NGA_2,NGA,2,R,R-NAR032020009,9,9,1.2902884604038303,1.2902884604038303
NAR032020010,NAR,CJF_1,CJF,1,R,R-NAR032020010,20,1,0.687592471673992,2.146222672563735
NAR032020010,NAR,CJF_1,CJF,1,R,R-NAR032020010,20,2,0.8138574727463104,2.146222672563735
NAR032020010,NAR,CJF_1,CJF,1,R,R-NAR032020010,20,3,0.911104249524915,2.146222672563735
NAR032020010,NAR,CJF_1,CJF,1,R,R-NAR032020010,20,4,1.0110640420405004,2.146222672563735
NAR032020010,NAR,CJF_1,CJF,1,R,R-NAR032020010,20,5,1.1199181085365906,2.146222672563735
NAR032020010,NAR,CJF_1,CJF,1,R,R-NAR032020010,20,6,1.2235111333213342,2.146222672563735
NAR032020010,NAR,CJF_1,CJF,1,R,R-NAR032020010,20,7,1.3153080616962018,2.146222672563735
NAR032020010,NAR,CJF_1,CJF,1,R,R-NAR032020010,20,8,1.3949550972061873,2.146222672563735
NAR032020010,NAR,CJF_1,CJF,1,R,R-NAR032020010,20,9,1.4546431721655788,2.146222672563735
NAR032020010,NAR,CJF_1,CJF,1,R,R-NAR032020010,20,10,1.5253959336950604,2.146222672563735
NAR032020010,NAR,CJF_1,CJF,1,R,R-NAR032020010,20,11,1.5769211445137337,2.146222672563735
NAR032020010,NAR,CJF_1,CJF,1,R,R-NAR032020010,20,12,1.633707397043754,2.146222672563735
NAR032020010,NAR,CJF_1,CJF,1,R,R-NAR032020010,20,13,1.6752531275871307,2.146222672563735
NAR032020010,NAR,CJF_1,CJF,1,R,R-NAR032020010,20,14,1.743646669834637,2.146222672563735
NAR032020010,NAR,CJF_1,CJF,1,R,R-NAR032020010,20,15,1.812771621921929,2.146222672563735
NAR032020010,NAR,CJF_1,CJF,1,R,R-NAR032020010,20,16,1.8735449031761136,2.146222672563735
NAR032020010,NAR,CJF_1,CJF,1,R,R-NAR032020010,20,17,1.93559219741748,2.146222672563735
NAR032020010,NAR,CJF_1,CJF,1,R,R-NAR032020010,20,18,2.005802355799565,2.146222672563735
NAR032020010,NAR,CJF_1,CJF,1,R,R-NAR032020010,20,19,2.0807309527456,2.146222672563735
NAR032020010,NAR,CJF_1,CJF,1,R,R-NAR032020010,20,20,2.146222672563735,2.146222672563735
NAR032020010,NAR,CJF_2,CJF,2,R,R-NAR032020010,22,1,0.44532989850315075,1.9402700942433284
NAR032020010,NAR,CJF_2,CJF,2,R,R-NAR032020010,21,1,0.5823075933155839,2.215770420717428
NAR032020010,NAR,CJF_2,CJF,2,R,R-NAR032020010,22,2,0.5856355809182378,1.9402700942433284
NAR032020010,NAR,CJF_2,CJF,2,R,R-NAR032020010,21,2,0.7060523320324982,2.215770420717428
NAR032020010,NAR,CJF_2,CJF,2,R,R-NAR032020010,22,3,0.7643105316156699,1.9402700942433284
NAR032020010,NAR,CJF_2,CJF,2,R,R-NAR032020010,21,3,0.8061102403419284,2.215770420717428
NAR032020010,NAR,CJF_2,CJF,2,R,R-NAR032020010,22,4,0.8887298668356123,1.9402700942433284
NAR032020010,NAR,CJF_2,CJF,2,R,R-NAR032020010,21,4,0.8975698396813612,2.215770420717428
NAR032020010,NAR,CJF_2,CJF,2,R,R-NAR032020010,22,5,0.9546303345466931,1.9402700942433284
NAR032020010,NAR,CJF_2,CJF,2,R,R-NAR032020010,21,5,1.0102717857387806,2.215770420717428
NAR032020010,NAR,CJF_2,CJF,2,R,R-NAR032020010,22,6,1.0302022101810409,1.9402700942433284
NAR032020010,NAR,CJF_2,CJF,2,R,R-NAR032020010,21,6,1.1045974880682128,2.215770420717428
NAR032020010,NAR,CJF_2,CJF,2,R,R-NAR032020010,22,7,1.09183942586075,1.9402700942433284
NAR032020010,NAR,CJF_2,CJF,2,R,R-NAR032020010,21,7,1.202210912688146,2.215770420717428
NAR032020010,NAR,CJF_2,CJF,2,R,R-NAR032020010,22,8,1.1670296668749238,1.9402700942433284
NAR032020010,NAR,CJF_2,CJF,2,R,R-NAR032020010,21,8,1.2969582343180799,2.215770420717428
NAR032020010,NAR,CJF_2,CJF,2,R,R-NAR032020010,22,9,1.2476498208508096,1.9402700942433284
NAR032020010,NAR,CJF_2,CJF,2,R,R-NAR032020010,21,9,1.3757737959095246,2.215770420717428
NAR032020010,NAR,CJF_2,CJF,2,R,R-NAR032020010,22,10,1.3158618533527537,1.9402700942433284
NAR032020010,NAR,CJF_2,CJF,2,R,R-NAR032020010,21,10,1.4570338411904662,2.215770420717428
NAR032020010,NAR,CJF_2,CJF,2,R,R-NAR032020010,22,11,1.3615909647675004,1.9402700942433284
NAR032020010,NAR,CJF_2,CJF,2,R,R-NAR032020010,21,11,1.5174731590539237,2.215770420717428
NAR032020010,NAR,CJF_2,CJF,2,R,R-NAR032020010,22,12,1.416631606555156,1.9402700942433284
NAR032020010,NAR,CJF_2,CJF,2,R,R-NAR032020010,21,12,1.5746247546268797,2.215770420717428
NAR032020010,NAR,CJF_2,CJF,2,R,R-NAR032020010,22,13,1.4674089963114407,1.9402700942433284
NAR032020010,NAR,CJF_2,CJF,2,R,R-NAR032020010,21,13,1.6461068651498323,2.215770420717428
NAR032020010,NAR,CJF_2,CJF,2,R,R-NAR032020010,22,14,1.5115898121756712,1.9402700942433284
NAR032020010,NAR,CJF_2,CJF,2,R,R-NAR032020010,21,14,1.701235596333793,2.215770420717428
NAR032020010,NAR,CJF_2,CJF,2,R,R-NAR032020010,22,15,1.5495774458378415,1.9402700942433284
NAR032020010,NAR,CJF_2,CJF,2,R,R-NAR032020010,21,15,1.755942708217252,2.215770420717428
NAR032020010,NAR,CJF_2,CJF,2,R,R-NAR032020010,22,16,1.6034514266951567,1.9402700942433284
NAR032020010,NAR,CJF_2,CJF,2,R,R-NAR032020010,21,16,1.8323137861191992,2.215770420717428
NAR032020010,NAR,CJF_2,CJF,2,R,R-NAR032020010,22,17,1.6600403640333277,1.9402700942433284
NAR032020010,NAR,CJF_2,CJF,2,R,R-NAR032020010,21,17,1.9005081743516503,2.215770420717428
NAR032020010,NAR,CJF_2,CJF,2,R,R-NAR032020010,22,18,1.7232258752635534,1.9402700942433284
NAR032020010,NAR,CJF_2,CJF,2,R,R-NAR032020010,21,18,2.0087427723305766,2.215770420717428
NAR032020010,NAR,CJF_2,CJF,2,R,R-NAR032020010,22,19,1.7902712468351567,1.9402700942433284
NAR032020010,NAR,CJF_2,CJF,2,R,R-NAR032020010,21,19,2.058139297534539,2.215770420717428
NAR032020010,NAR,CJF_2,CJF,2,R,R-NAR032020010,22,20,1.8383336801105854,1.9402700942433284
NAR032020010,NAR,CJF_2,CJF,2,R,R-NAR032020010,21,20,2.119000234698498,2.215770420717428
NAR032020010,NAR,CJF_2,CJF,2,R,R-NAR032020010,22,21,1.8902777307972116,1.9402700942433284
NAR032020010,NAR,CJF_2,CJF,2,R,R-NAR032020010,21,21,2.215770420717428,2.215770420717428
NAR032020010,NAR,CJF_2,CJF,2,R,R-NAR032020010,22,22,1.9402700942433284,1.9402700942433284
NAR032020010,NAR,CJF_3,CJF,3,R,R-NAR032020010,23,1,0.5104383416614104,1.9577400174717923
NAR032020010,NAR,CJF_3,CJF,3,R,R-NAR032020010,21,1,0.5680878295993468,2.2337085959325553
NAR032020010,NAR,CJF_3,CJF,3,R,R-NAR032020010,23,2,0.6446101628373935,1.9577400174717923
NAR032020010,NAR,CJF_3,CJF,3,R,R-NAR032020010,21,2,0.7630417814035794,2.2337085959325553
NAR032020010,NAR,CJF_3,CJF,3,R,R-NAR032020010,23,3,0.8049209277841601,1.9577400174717923
NAR032020010,NAR,CJF_3,CJF,3,R,R-NAR032020010,21,3,0.9361425338787078,2.2337085959325553
NAR032020010,NAR,CJF_3,CJF,3,R,R-NAR032020010,23,4,0.9247526087303046,1.9577400174717923
NAR032020010,NAR,CJF_3,CJF,3,R,R-NAR032020010,21,4,1.059517214233369,2.2337085959325553
NAR032020010,NAR,CJF_3,CJF,3,R,R-NAR032020010,23,5,1.0166838139110719,1.9577400174717923
NAR032020010,NAR,CJF_3,CJF,3,R,R-NAR032020010,21,5,1.1636253662397065,2.2337085959325553
NAR032020010,NAR,CJF_3,CJF,3,R,R-NAR032020010,23,6,1.1000733193294796,1.9577400174717923
NAR032020010,NAR,CJF_3,CJF,3,R,R-NAR032020010,21,6,1.262450510516303,2.2337085959325553
NAR032020010,NAR,CJF_3,CJF,3,R,R-NAR032020010,23,7,1.1674711517951915,1.9577400174717923
NAR032020010,NAR,CJF_3,CJF,3,R,R-NAR032020010,21,7,1.3464612999959908,2.2337085959325553
NAR032020010,NAR,CJF_3,CJF,3,R,R-NAR032020010,23,8,1.2356947506223315,1.9577400174717923
NAR032020010,NAR,CJF_3,CJF,3,R,R-NAR032020010,21,8,1.4122402295196654,2.2337085959325553
NAR032020010,NAR,CJF_3,CJF,3,R,R-NAR032020010,23,9,1.2997254800377227,1.9577400174717923
NAR032020010,NAR,CJF_3,CJF,3,R,R-NAR032020010,21,9,1.4859985035220413,2.2337085959325553
NAR032020010,NAR,CJF_3,CJF,3,R,R-NAR032020010,23,10,1.3537648995738847,1.9577400174717923
NAR032020010,NAR,CJF_3,CJF,3,R,R-NAR032020010,21,10,1.5517774330457166,2.2337085959325553
NAR032020010,NAR,CJF_3,CJF,3,R,R-NAR032020010,23,11,1.390674957918201,1.9577400174717923
NAR032020010,NAR,CJF_3,CJF,3,R,R-NAR032020010,21,11,1.6151735258025992,2.2337085959325553
NAR032020010,NAR,CJF_3,CJF,3,R,R-NAR032020010,23,12,1.4487512859272524,1.9577400174717923
NAR032020010,NAR,CJF_3,CJF,3,R,R-NAR032020010,21,12,1.67225194243743,2.2337085959325553
NAR032020010,NAR,CJF_3,CJF,3,R,R-NAR032020010,23,13,1.5047081983968655,1.9577400174717923
NAR032020010,NAR,CJF_3,CJF,3,R,R-NAR032020010,21,13,1.7221818487718836,2.2337085959325553
NAR032020010,NAR,CJF_3,CJF,3,R,R-NAR032020010,23,14,1.5451872823974893,1.9577400174717923
NAR032020010,NAR,CJF_3,CJF,3,R,R-NAR032020010,21,14,1.7792602654067147,2.2337085959325553
NAR032020010,NAR,CJF_3,CJF,3,R,R-NAR032020010,23,15,1.586804054637264,1.9577400174717923
NAR032020010,NAR,CJF_3,CJF,3,R,R-NAR032020010,21,15,1.8244244982075841,2.2337085959325553
NAR032020010,NAR,CJF_3,CJF,3,R,R-NAR032020010,23,16,1.638724058633987,1.9577400174717923
NAR032020010,NAR,CJF_3,CJF,3,R,R-NAR032020010,21,16,1.8680367284199866,2.2337085959325553
NAR032020010,NAR,CJF_3,CJF,3,R,R-NAR032020010,23,17,1.697268269459619,1.9577400174717923
NAR032020010,NAR,CJF_3,CJF,3,R,R-NAR032020010,21,17,1.9213841399135447,2.2337085959325553
NAR032020010,NAR,CJF_3,CJF,3,R,R-NAR032020010,23,18,1.753069220990371,1.9577400174717923
NAR032020010,NAR,CJF_3,CJF,3,R,R-NAR032020010,21,18,1.986128401044908,2.2337085959325553
NAR032020010,NAR,CJF_3,CJF,3,R,R-NAR032020010,23,19,1.8045213421705144,1.9577400174717923
NAR032020010,NAR,CJF_3,CJF,3,R,R-NAR032020010,21,19,2.0849535453215045,2.2337085959325553
NAR032020010,NAR,CJF_3,CJF,3,R,R-NAR032020010,23,20,1.8562853852283776,1.9577400174717923
NAR032020010,NAR,CJF_3,CJF,3,R,R-NAR032020010,21,20,2.1502151406490237,2.2337085959325553
NAR032020010,NAR,CJF_3,CJF,3,R,R-NAR032020010,23,21,1.8951588981732717,1.9577400174717923
NAR032020010,NAR,CJF_3,CJF,3,R,R-NAR032020010,21,21,2.2337085959325553,2.2337085959325553
NAR032020010,NAR,CJF_3,CJF,3,R,R-NAR032020010,23,22,1.9243530231166575,1.9577400174717923
NAR032020010,NAR,CJF_3,CJF,3,R,R-NAR032020010,23,23,1.9577400174717923,1.9577400174717923
NAR032020010,NAR,LEL_1,LEL,1,R,R-NAR032020010,17,1,0.4991565676662736,1.8867879175524804
NAR032020010,NAR,LEL_1,LEL,1,R,R-NAR032020010,17,2,0.6546823636253316,1.8867879175524804
NAR032020010,NAR,LEL_1,LEL,1,R,R-NAR032020010,17,3,0.7587781663951432,1.8867879175524804
NAR032020010,NAR,LEL_1,LEL,1,R,R-NAR032020010,17,4,0.8609978468972367,1.8867879175524804
NAR032020010,NAR,LEL_1,LEL,1,R,R-NAR032020010,17,5,0.949101815029959,1.8867879175524804
NAR032020010,NAR,LEL_1,LEL,1,R,R-NAR032020010,17,6,1.036679660825929,1.8867879175524804
NAR032020010,NAR,LEL_1,LEL,1,R,R-NAR032020010,17,7,1.115174650540764,1.8867879175524804
NAR032020010,NAR,LEL_1,LEL,1,R,R-NAR032020010,17,8,1.1940815790527057,1.8867879175524804
NAR032020010,NAR,LEL_1,LEL,1,R,R-NAR032020010,17,9,1.2464496333758113,1.8867879175524804
NAR032020010,NAR,LEL_1,LEL,1,R,R-NAR032020010,17,10,1.3025699322343547,1.8867879175524804
NAR032020010,NAR,LEL_1,LEL,1,R,R-NAR032020010,17,11,1.3685275765900782,1.8867879175524804
NAR032020010,NAR,LEL_1,LEL,1,R,R-NAR032020010,17,12,1.4279881811869528,1.8867879175524804
NAR032020010,NAR,LEL_1,LEL,1,R,R-NAR032020010,17,13,1.4778398073659402,1.8867879175524804
NAR032020010,NAR,LEL_1,LEL,1,R,R-NAR032020010,17,14,1.5363623508289554,1.8867879175524804
NAR032020010,NAR,LEL_1,LEL,1,R,R-NAR032020010,17,15,1.621537952020453,1.8867879175524804
NAR032020010,NAR,LEL_1,LEL,1,R,R-NAR032020010,17,16,1.6889597798467888,1.8867879175524804
NAR032020010,NAR,LEL_1,LEL,1,R,R-NAR032020010,17,17,1.7765376256427574,1.8867879175524804
NAR032020010,NAR,NGA_1,NGA,1,R,R-NAR032020010,22,1,0.6276248600594287,2.262197913429876
NAR032020010,NAR,NGA_1,NGA,1,R,R-NAR032020010,22,2,0.7089666903268592,2.262197913429876
NAR032020010,NAR,NGA_1,NGA,1,R,R-NAR032020010,22,3,0.8172865266852235,2.262197913429876
NAR032020010,NAR,NGA_1,NGA,1,R,R-NAR032020010,22,4,0.9284898384052048,2.262197913429876
NAR032020010,NAR,NGA_1,NGA,1,R,R-NAR032020010,22,5,1.04133879380331,2.262197913429876
NAR032020010,NAR,NGA_1,NGA,1,R,R-NAR032020010,22,6,1.1440464083988764,2.262197913429876
NAR032020010,NAR,NGA_1,NGA,1,R,R-NAR032020010,22,7,1.2444894634745718,2.262197913429876
NAR032020010,NAR,NGA_1,NGA,1,R,R-NAR032020010,22,8,1.3500805534317548,2.262197913429876
NAR032020010,NAR,NGA_1,NGA,1,R,R-NAR032020010,22,9,1.4208168560153362,2.262197913429876
NAR032020010,NAR,NGA_1,NGA,1,R,R-NAR032020010,22,10,1.5132284008479266,2.262197913429876
NAR032020010,NAR,NGA_1,NGA,1,R,R-NAR032020010,22,11,1.587312365674435,2.262197913429876
NAR032020010,NAR,NGA_1,NGA,1,R,R-NAR032020010,22,12,1.64502385209386,2.262197913429876
NAR032020010,NAR,NGA_1,NGA,1,R,R-NAR032020010,22,13,1.721527105400676,2.262197913429876
NAR032020010,NAR,NGA_1,NGA,1,R,R-NAR032020010,22,14,1.779857507661847,2.262197913429876
NAR032020010,NAR,NGA_1,NGA,1,R,R-NAR032020010,22,15,1.8348402476800911,2.262197913429876
NAR032020010,NAR,NGA_1,NGA,1,R,R-NAR032020010,22,16,1.8848296817772838,2.262197913429876
NAR032020010,NAR,NGA_1,NGA,1,R,R-NAR032020010,22,17,1.9404313376372746,2.262197913429876
NAR032020010,NAR,NGA_1,NGA,1,R,R-NAR032020010,22,18,2.0326881535094277,2.262197913429876
NAR032020010,NAR,NGA_1,NGA,1,R,R-NAR032020010,22,19,2.0799488412054403,2.262197913429876
NAR032020010,NAR,NGA_1,NGA,1,R,R-NAR032020010,22,20,2.129938275302633,2.262197913429876
NAR032020010,NAR,NGA_1,NGA,1,R,R-NAR032020010,22,21,2.193261983484855,2.262197913429876
NAR032020010,NAR,NGA_1,NGA,1,R,R-NAR032020010,22,22,2.262197913429876,2.262197913429876
NAR032020010,NAR,NGA_2,NGA,2,R,R-NAR032020010,23,1,0.6652846130829162,2.1901769621535965
NAR032020010,NAR,NGA_2,NGA,2,R,R-NAR032020010,23,2,0.7983415356994995,2.1901769621535965
NAR032020010,NAR,NGA_2,NGA,2,R,R-NAR032020010,23,3,0.8863756836417782,2.1901769621535965
NAR032020010,NAR,NGA_2,NGA,2,R,R-NAR032020010,23,4,0.9723766852686813,2.1901769621535965
NAR032020010,NAR,NGA_2,NGA,2,R,R-NAR032020010,23,5,1.079872501075049,2.1901769621535965
NAR032020010,NAR,NGA_2,NGA,2,R,R-NAR032020010,23,6,1.193870036108809,2.1901769621535965
NAR032020010,NAR,NGA_2,NGA,2,R,R-NAR032020010,23,7,1.2798710377357123,2.1901769621535965
NAR032020010,NAR,NGA_2,NGA,2,R,R-NAR032020010,23,8,1.3768205865929806,2.1901769621535965
NAR032020010,NAR,NGA_2,NGA,2,R,R-NAR032020010,23,9,1.4624193079386174,2.1901769621535965
NAR032020010,NAR,NGA_2,NGA,2,R,R-NAR032020010,23,10,1.5366454568635781,2.1901769621535965
NAR032020010,NAR,NGA_2,NGA,2,R,R-NAR032020010,23,11,1.5979116571518421,2.1901769621535965
NAR032020010,NAR,NGA_2,NGA,2,R,R-NAR032020010,23,12,1.6611892588464376,2.1901769621535965
NAR032020010,NAR,NGA_2,NGA,2,R,R-NAR032020010,23,13,1.7074406192735856,2.1901769621535965
NAR032020010,NAR,NGA_2,NGA,2,R,R-NAR032020010,23,14,1.7727513672835564,2.1901769621535965
NAR032020010,NAR,NGA_2,NGA,2,R,R-NAR032020010,23,15,1.8327889818189775,2.1901769621535965
NAR032020010,NAR,NGA_2,NGA,2,R,R-NAR032020010,23,16,1.887151182598583,2.1901769621535965
NAR032020010,NAR,NGA_2,NGA,2,R,R-NAR032020010,23,17,1.9390779567815466,2.1901769621535965
NAR032020010,NAR,NGA_2,NGA,2,R,R-NAR032020010,23,18,1.9755876108221275,2.1901769621535965
NAR032020010,NAR,NGA_2,NGA,2,R,R-NAR032020010,23,19,2.0072264116694254,2.1901769621535965
NAR032020010,NAR,NGA_2,NGA,2,R,R-NAR032020010,23,20,2.0599577464149212,2.1901769621535965
NAR032020010,NAR,NGA_2,NGA,2,R,R-NAR032020010,23,21,2.1090468137199774,2.1901769621535965
NAR032020010,NAR,NGA_2,NGA,2,R,R-NAR032020010,23,22,2.1532650278317496,2.1901769621535965
NAR032020010,NAR,NGA_2,NGA,2,R,R-NAR032020010,23,23,2.1901769621535965,2.1901769621535965
NAR032020011,NAR,CJF_1,CJF,1,R,R-NAR032020011,14,1,0.3823943927799362,1.6529110110383112
NAR032020011,NAR,CJF_1,CJF,1,R,R-NAR032020011,14,2,0.6482121057280288,1.6529110110383112
NAR032020011,NAR,CJF_1,CJF,1,R,R-NAR032020011,14,3,0.7953385389733517,1.6529110110383112
NAR032020011,NAR,CJF_1,CJF,1,R,R-NAR032020011,14,4,0.9317029018199463,1.6529110110383112
NAR032020011,NAR,CJF_1,CJF,1,R,R-NAR032020011,14,5,0.996807718958912,1.6529110110383112
NAR032020011,NAR,CJF_1,CJF,1,R,R-NAR032020011,14,6,1.0861184898985838,1.6529110110383112
NAR032020011,NAR,CJF_1,CJF,1,R,R-NAR032020011,14,7,1.1550743646911805,1.6529110110383112
NAR032020011,NAR,CJF_1,CJF,1,R,R-NAR032020011,14,8,1.219801039741929,1.6529110110383112
NAR032020011,NAR,CJF_1,CJF,1,R,R-NAR032020011,14,9,1.2643618896897113,1.6529110110383112
NAR032020011,NAR,CJF_1,CJF,1,R,R-NAR032020011,14,10,1.3242921518662865,1.6529110110383112
NAR032020011,NAR,CJF_1,CJF,1,R,R-NAR032020011,14,11,1.4293504771229688,1.6529110110383112
NAR032020011,NAR,CJF_1,CJF,1,R,R-NAR032020011,14,12,1.4925297654351186,1.6529110110383112
NAR032020011,NAR,CJF_1,CJF,1,R,R-NAR032020011,14,13,1.563978382186856,1.6529110110383112
NAR032020011,NAR,CJF_1,CJF,1,R,R-NAR032020011,14,14,1.6529110110383112,1.6529110110383112
NAR032020011,NAR,CJF_2,CJF,2,R,R-NAR032020011,14,1,0.3558791667922955,1.6232303424396533
NAR032020011,NAR,CJF_2,CJF,2,R,R-NAR032020011,14,2,0.6274014764846008,1.6232303424396533
NAR032020011,NAR,CJF_2,CJF,2,R,R-NAR032020011,14,3,0.7719721840378576,1.6232303424396533
NAR032020011,NAR,CJF_2,CJF,2,R,R-NAR032020011,14,4,0.8827576992591607,1.6232303424396533
NAR032020011,NAR,CJF_2,CJF,2,R,R-NAR032020011,14,5,0.9723519656908286,1.6232303424396533
NAR032020011,NAR,CJF_2,CJF,2,R,R-NAR032020011,14,6,1.0584948944785324,1.6232303424396533
NAR032020011,NAR,CJF_2,CJF,2,R,R-NAR032020011,14,7,1.1514947776900022,1.6232303424396533
NAR032020011,NAR,CJF_2,CJF,2,R,R-NAR032020011,14,8,1.2048516737195023,1.6232303424396533
NAR032020011,NAR,CJF_2,CJF,2,R,R-NAR032020011,14,9,1.2407559909304198,1.6232303424396533
NAR032020011,NAR,CJF_2,CJF,2,R,R-NAR032020011,14,10,1.3210411248681082,1.6232303424396533
NAR032020011,NAR,CJF_2,CJF,2,R,R-NAR032020011,14,11,1.398707554139958,1.6232303424396533
NAR032020011,NAR,CJF_2,CJF,2,R,R-NAR032020011,14,12,1.4675644307047035,1.6232303424396533
NAR032020011,NAR,CJF_2,CJF,2,R,R-NAR032020011,14,13,1.536587833865074,1.6232303424396533
NAR032020011,NAR,CJF_2,CJF,2,R,R-NAR032020011,14,14,1.6232303424396533,1.6232303424396533
NAR032020011,NAR,CJF_3,CJF,3,R,R-NAR032020011,14,1,0.3614980034183537,1.6447335430840264
NAR032020011,NAR,CJF_3,CJF,3,R,R-NAR032020011,14,2,0.6719419593915429,1.6447335430840264
NAR032020011,NAR,CJF_3,CJF,3,R,R-NAR032020011,14,3,0.8136435042705262,1.6447335430840264
NAR032020011,NAR,CJF_3,CJF,3,R,R-NAR032020011,14,4,0.9219311061141541,1.6447335430840264
NAR032020011,NAR,CJF_3,CJF,3,R,R-NAR032020011,14,5,1.019822744768868,1.6447335430840264
NAR032020011,NAR,CJF_3,CJF,3,R,R-NAR032020011,14,6,1.0927333528594587,1.6447335430840264
NAR032020011,NAR,CJF_3,CJF,3,R,R-NAR032020011,14,7,1.1703443418527562,1.6447335430840264
NAR032020011,NAR,CJF_3,CJF,3,R,R-NAR032020011,14,8,1.2167947933286327,1.6447335430840264
NAR032020011,NAR,CJF_3,CJF,3,R,R-NAR032020011,14,9,1.2701990312251512,1.6447335430840264
NAR032020011,NAR,CJF_3,CJF,3,R,R-NAR032020011,14,10,1.327722940423868,1.6447335430840264
NAR032020011,NAR,CJF_3,CJF,3,R,R-NAR032020011,14,11,1.4119973610375522,1.6447335430840264
NAR032020011,NAR,CJF_3,CJF,3,R,R-NAR032020011,14,12,1.5076355941743311,1.6447335430840264
NAR032020011,NAR,CJF_3,CJF,3,R,R-NAR032020011,14,13,1.5892694695364087,1.6447335430840264
NAR032020011,NAR,CJF_3,CJF,3,R,R-NAR032020011,14,14,1.6447335430840264,1.6447335430840264
NAR032020011,NAR,JRS_1,JRS,1,R,R-NAR032020011,14,1,0.4169975910240315,1.676738124431951
NAR032020011,NAR,JRS_1,JRS,1,R,R-NAR032020011,14,2,0.560143973258916,1.676738124431951
NAR032020011,NAR,JRS_1,JRS,1,R,R-NAR032020011,14,3,0.6995965601490042,1.676738124431951
NAR032020011,NAR,JRS_1,JRS,1,R,R-NAR032020011,14,4,0.8460124421471279,1.676738124431951
NAR032020011,NAR,JRS_1,JRS,1,R,R-NAR032020011,14,5,0.9443592837489924,1.676738124431951
NAR032020011,NAR,JRS_1,JRS,1,R,R-NAR032020011,14,6,1.039860921169175,1.676738124431951
NAR032020011,NAR,JRS_1,JRS,1,R,R-NAR032020011,14,7,1.1288235590628788,1.676738124431951
NAR032020011,NAR,JRS_1,JRS,1,R,R-NAR032020011,14,8,1.1913307681583278,1.676738124431951
NAR032020011,NAR,JRS_1,JRS,1,R,R-NAR032020011,14,9,1.2656430895620627,1.676738124431951
NAR032020011,NAR,JRS_1,JRS,1,R,R-NAR032020011,14,10,1.3194025383216865,1.676738124431951
NAR032020011,NAR,JRS_1,JRS,1,R,R-NAR032020011,14,11,1.3731619870813105,1.676738124431951
NAR032020011,NAR,JRS_1,JRS,1,R,R-NAR032020011,14,12,1.464969829156696,1.676738124431951
NAR032020011,NAR,JRS_1,JRS,1,R,R-NAR032020011,14,13,1.5427637981144493,1.676738124431951
NAR032020011,NAR,JRS_1,JRS,1,R,R-NAR032020011,14,14,1.5967353946648515,1.676738124431951
NAR032020011,NAR,LEL_1,LEL,1,R,R-NAR032020011,8,1,0.8893354447972127,1.4653031706132056
NAR032020011,NAR,LEL_1,LEL,1,R,R-NAR032020011,8,2,0.9729376223383313,1.4653031706132056
NAR032020011,NAR,LEL_1,LEL,1,R,R-NAR032020011,8,3,1.0518224101948825,1.4653031706132056
NAR032020011,NAR,LEL_1,LEL,1,R,R-NAR032020011,8,4,1.0962630874036734,1.4653031706132056
NAR032020011,NAR,LEL_1,LEL,1,R,R-NAR032020011,8,5,1.1530211678544786,1.4653031706132056
NAR032020011,NAR,LEL_1,LEL,1,R,R-NAR032020011,8,6,1.2273758284237608,1.4653031706132056
NAR032020011,NAR,LEL_1,LEL,1,R,R-NAR032020011,8,7,1.3073463325028047,1.4653031706132056
NAR032020011,NAR,LEL_1,LEL,1,R,R-NAR032020011,8,8,1.37844384440461,1.4653031706132056
NAR032020012,NAR,CJF_1,CJF,1,R,R-NAR032020012,9,1,0.4658897165643966,1.3352015955551715
NAR032020012,NAR,CJF_1,CJF,1,R,R-NAR032020012,9,2,0.662571161464312,1.3352015955551715
NAR032020012,NAR,CJF_1,CJF,1,R,R-NAR032020012,9,3,0.7858911360142153,1.3352015955551715
NAR032020012,NAR,CJF_1,CJF,1,R,R-NAR032020012,9,4,0.8797360872725477,1.3352015955551715
NAR032020012,NAR,CJF_1,CJF,1,R,R-NAR032020012,9,5,1.0185622925549946,1.3352015955551715
NAR032020012,NAR,CJF_1,CJF,1,R,R-NAR032020012,9,6,1.11086980563981,1.3352015955551715
NAR032020012,NAR,CJF_1,CJF,1,R,R-NAR032020012,9,7,1.2007275414130454,1.3352015955551715
NAR032020012,NAR,CJF_1,CJF,1,R,R-NAR032020012,9,8,1.2758089177641867,1.3352015955551715
NAR032020012,NAR,CJF_1,CJF,1,R,R-NAR032020012,9,9,1.3352015955551715,1.3352015955551715
NAR032020012,NAR,CJF_2,CJF,2,R,R-NAR032020012,9,1,0.457248930214022,1.3405053106697602
NAR032020012,NAR,CJF_2,CJF,2,R,R-NAR032020012,9,2,0.6584006127711733,1.3405053106697602
NAR032020012,NAR,CJF_2,CJF,2,R,R-NAR032020012,9,3,0.7903551327187002,1.3405053106697602
NAR032020012,NAR,CJF_2,CJF,2,R,R-NAR032020012,9,4,0.8866835033816767,1.3405053106697602
NAR032020012,NAR,CJF_2,CJF,2,R,R-NAR032020012,9,5,0.9956170871948055,1.3405053106697602
NAR032020012,NAR,CJF_2,CJF,2,R,R-NAR032020012,9,6,1.09167106046449,1.3405053106697602
NAR032020012,NAR,CJF_2,CJF,2,R,R-NAR032020012,9,7,1.1853955003814047,1.3405053106697602
NAR032020012,NAR,CJF_2,CJF,2,R,R-NAR032020012,9,8,1.2692530121006589,1.3405053106697602
NAR032020012,NAR,CJF_2,CJF,2,R,R-NAR032020012,9,9,1.3405053106697602,1.3405053106697602
NAR032020012,NAR,CJF_3,CJF,3,R,R-NAR032020012,9,1,0.5488191284446114,1.4094863691952702
NAR032020012,NAR,CJF_3,CJF,3,R,R-NAR032020012,9,2,0.7453104847654268,1.4094863691952702
NAR032020012,NAR,CJF_3,CJF,3,R,R-NAR032020012,9,3,0.842269263469019,1.4094863691952702
NAR032020012,NAR,CJF_3,CJF,3,R,R-NAR032020012,9,4,0.9708729740768459,1.4094863691952702
NAR032020012,NAR,CJF_3,CJF,3,R,R-NAR032020012,9,5,1.0777661125394389,1.4094863691952702
NAR032020012,NAR,CJF_3,CJF,3,R,R-NAR032020012,9,6,1.1730685938112335,1.4094863691952702
NAR032020012,NAR,CJF_3,CJF,3,R,R-NAR032020012,9,7,1.2532856926649831,1.4094863691952702
NAR032020012,NAR,CJF_3,CJF,3,R,R-NAR032020012,9,8,1.3329495507642055,1.4094863691952702
NAR032020012,NAR,CJF_3,CJF,3,R,R-NAR032020012,9,9,1.4094863691952702,1.4094863691952702
NAR032020012,NAR,JRS_1,JRS,1,R,R-NAR032020012,7,1,0.28573496513700514,0.8311958741926634
NAR032020012,NAR,JRS_1,JRS,1,R,R-NAR032020012,7,2,0.4117284825138562,0.8311958741926634
NAR032020012,NAR,JRS_1,JRS,1,R,R-NAR032020012,7,3,0.46160885225228837,0.8311958741926634
NAR032020012,NAR,JRS_1,JRS,1,R,R-NAR032020012,7,4,0.527828769007803,0.8311958741926634
NAR032020012,NAR,JRS_1,JRS,1,R,R-NAR032020012,7,5,0.6071650747133119,0.8311958741926634
NAR032020012,NAR,JRS_1,JRS,1,R,R-NAR032020012,7,6,0.6615611955496056,0.8311958741926634
NAR032020012,NAR,JRS_1,JRS,1,R,R-NAR032020012,7,7,0.7445515236657944,0.8311958741926634
NAR032020012,NAR,LEL_1,LEL,1,R,R-NAR032020012,7,1,0.1293142576305212,1.3394061243304944
NAR032020012,NAR,LEL_1,LEL,1,R,R-NAR032020012,7,2,0.22838803495345836,1.3394061243304944
NAR032020012,NAR,LEL_1,LEL,1,R,R-NAR032020012,7,3,0.32707978618222777,1.3394061243304944
NAR032020012,NAR,LEL_1,LEL,1,R,R-NAR032020012,7,4,0.42852816717583725,1.3394061243304944
NAR032020012,NAR,LEL_1,LEL,1,R,R-NAR032020012,7,5,0.5342612823109605,1.3394061243304944
NAR032020012,NAR,LEL_1,LEL,1,R,R-NAR032020012,7,6,0.6592908057999679,1.3394061243304944
NAR032020012,NAR,LEL_1,LEL,1,R,R-NAR032020012,7,7,0.7830918039008087,1.3394061243304944
NAR032020013,NAR,CJF_1,CJF,1,R,R-NAR032020013,3,1,0.5780651622105598,0.8705206595278564
NAR032020013,NAR,CJF_1,CJF,1,R,R-NAR032020013,3,2,0.7208795646514758,0.8705206595278564
NAR032020013,NAR,CJF_1,CJF,1,R,R-NAR032020013,3,3,0.8705206595278564,0.8705206595278564
NAR032020013,NAR,CJF_2,CJF,2,R,R-NAR032020013,3,1,0.6165368771201699,0.8893956712484025
NAR032020013,NAR,CJF_2,CJF,2,R,R-NAR032020013,3,2,0.7503616838526388,0.8893956712484025
NAR032020013,NAR,CJF_2,CJF,2,R,R-NAR032020013,3,3,0.8893956712484025,0.8893956712484025
NAR032020013,NAR,CJF_3,CJF,3,R,R-NAR032020013,3,1,0.6291687482133657,0.9100732664246781
NAR032020013,NAR,CJF_3,CJF,3,R,R-NAR032020013,3,2,0.7870197226391408,0.9100732664246781
NAR032020013,NAR,CJF_3,CJF,3,R,R-NAR032020013,3,3,0.9100732664246781,0.9100732664246781
NAR032020013,NAR,JRS_1,JRS,1,R,R-NAR032020013,0,NA,NA,0.532093117884337
NAR032020013,NAR,LEL_1,LEL,1,R,R-NAR032020013,0,NA,NA,0.7150621090599835
NAR032020013,NAR,NGA_1,NGA,1,R,R-NAR032020013,3,1,0.664981202622584,0.9388867548818016
NAR032020013,NAR,NGA_1,NGA,1,R,R-NAR032020013,3,2,0.8312448149377905,0.9388867548818016
NAR032020013,NAR,NGA_1,NGA,1,R,R-NAR032020013,3,3,0.9388867548818016,0.9388867548818016
NAR032020013,NAR,NGA_2,NGA,2,R,R-NAR032020013,3,1,0.7004466669998959,0.948882194937322
NAR032020013,NAR,NGA_2,NGA,2,R,R-NAR032020013,3,2,0.8422913434312268,0.948882194937322
NAR032020013,NAR,NGA_2,NGA,2,R,R-NAR032020013,3,3,0.948882194937322,0.948882194937322
NAR032118001,NAR,CJF_1,CJF,1,R,R-NAR032118001,11,1,0.3122234997654003,1.2384673158007387
NAR032118001,NAR,CJF_1,CJF,1,R,R-NAR032118001,11,2,0.48855966432740916,1.2384673158007387
NAR032118001,NAR,CJF_1,CJF,1,R,R-NAR032118001,11,3,0.6157484458761114,1.2384673158007387
NAR032118001,NAR,CJF_1,CJF,1,R,R-NAR032118001,11,4,0.7174994711150732,1.2384673158007387
NAR032118001,NAR,CJF_1,CJF,1,R,R-NAR032118001,11,5,0.8194890997800841,1.2384673158007387
NAR032118001,NAR,CJF_1,CJF,1,R,R-NAR032118001,11,6,0.8781087523500537,1.2384673158007387
NAR032118001,NAR,CJF_1,CJF,1,R,R-NAR032118001,11,7,0.9454269585747136,1.2384673158007387
NAR032118001,NAR,CJF_1,CJF,1,R,R-NAR032118001,11,8,1.0284720481263998,1.2384673158007387
NAR032118001,NAR,CJF_1,CJF,1,R,R-NAR032118001,11,9,1.088342623450443,1.2384673158007387
NAR032118001,NAR,CJF_1,CJF,1,R,R-NAR032118001,11,10,1.1661454185597875,1.2384673158007387
NAR032118001,NAR,CJF_1,CJF,1,R,R-NAR032118001,11,11,1.2384673158007387,1.2384673158007387
NAR032118001,NAR,CJF_2,CJF,2,R,R-NAR032118001,11,1,0.3617008062113285,1.3040270214100738
NAR032118001,NAR,CJF_2,CJF,2,R,R-NAR032118001,11,2,0.5508533177759859,1.3040270214100738
NAR032118001,NAR,CJF_2,CJF,2,R,R-NAR032118001,11,3,0.6831095569151489,1.3040270214100738
NAR032118001,NAR,CJF_2,CJF,2,R,R-NAR032118001,11,4,0.7789022541560897,1.3040270214100738
NAR032118001,NAR,CJF_2,CJF,2,R,R-NAR032118001,11,5,0.8585207886393239,1.3040270214100738
NAR032118001,NAR,CJF_2,CJF,2,R,R-NAR032118001,11,6,0.9436501701974267,1.3040270214100738
NAR032118001,NAR,CJF_2,CJF,2,R,R-NAR032118001,11,7,1.012462037611063,1.3040270214100738
NAR032118001,NAR,CJF_2,CJF,2,R,R-NAR032118001,11,8,1.084065166408823,1.3040270214100738
NAR032118001,NAR,CJF_2,CJF,2,R,R-NAR032118001,11,9,1.1528053581290794,1.3040270214100738
NAR032118001,NAR,CJF_2,CJF,2,R,R-NAR032118001,11,10,1.2297759826149488,1.3040270214100738
NAR032118001,NAR,CJF_2,CJF,2,R,R-NAR032118001,11,11,1.3040270214100738,1.3040270214100738
NAR032118001,NAR,CJF_3,CJF,3,R,R-NAR032118001,11,1,0.36540300913043405,1.3049741901957874
NAR032118001,NAR,CJF_3,CJF,3,R,R-NAR032118001,11,2,0.5675918063471068,1.3049741901957874
NAR032118001,NAR,CJF_3,CJF,3,R,R-NAR032118001,11,3,0.694717876083419,1.3049741901957874
NAR032118001,NAR,CJF_3,CJF,3,R,R-NAR032118001,11,4,0.7991004574856618,1.3049741901957874
NAR032118001,NAR,CJF_3,CJF,3,R,R-NAR032118001,11,5,0.8726559891807059,1.3049741901957874
NAR032118001,NAR,CJF_3,CJF,3,R,R-NAR032118001,11,6,0.9489700155560444,1.3049741901957874
NAR032118001,NAR,CJF_3,CJF,3,R,R-NAR032118001,11,7,1.0091169191851246,1.3049741901957874
NAR032118001,NAR,CJF_3,CJF,3,R,R-NAR032118001,11,8,1.0935784811561775,1.3049741901957874
NAR032118001,NAR,CJF_3,CJF,3,R,R-NAR032118001,11,9,1.1604936730408242,1.3049741901957874
NAR032118001,NAR,CJF_3,CJF,3,R,R-NAR032118001,11,10,1.2327339316183057,1.3049741901957874
NAR032118001,NAR,CJF_3,CJF,3,R,R-NAR032118001,11,11,1.3049741901957874,1.3049741901957874
NAR032118001,NAR,JRS_1,JRS,1,R,R-NAR032118001,10,1,0.33837509347406475,1.2744922925553823
NAR032118001,NAR,JRS_1,JRS,1,R,R-NAR032118001,10,2,0.5230460997435683,1.2744922925553823
NAR032118001,NAR,JRS_1,JRS,1,R,R-NAR032118001,10,3,0.6465369399632858,1.2744922925553823
NAR032118001,NAR,JRS_1,JRS,1,R,R-NAR032118001,10,4,0.7405610256171353,1.2744922925553823
NAR032118001,NAR,JRS_1,JRS,1,R,R-NAR032118001,10,5,0.8434048599065167,1.2744922925553823
NAR032118001,NAR,JRS_1,JRS,1,R,R-NAR032118001,10,6,0.8995192783990108,1.2744922925553823
NAR032118001,NAR,JRS_1,JRS,1,R,R-NAR032118001,10,7,0.9736500302026218,1.2744922925553823
NAR032118001,NAR,JRS_1,JRS,1,R,R-NAR032118001,10,8,1.0552887841627185,1.2744922925553823
NAR032118001,NAR,JRS_1,JRS,1,R,R-NAR032118001,10,9,1.1187227867916745,1.2744922925553823
NAR032118001,NAR,JRS_1,JRS,1,R,R-NAR032118001,10,10,1.1964191216535036,1.2744922925553823
NAR032118002,NAR,CJF_1,CJF,1,R,R-NAR032118002,14,1,0.2802853441432211,1.3305855668962847
NAR032118002,NAR,CJF_1,CJF,1,R,R-NAR032118002,14,2,0.43870857407985964,1.3305855668962847
NAR032118002,NAR,CJF_1,CJF,1,R,R-NAR032118002,14,3,0.5710005066597421,1.3305855668962847
NAR032118002,NAR,CJF_1,CJF,1,R,R-NAR032118002,14,4,0.6885665300843291,1.3305855668962847
NAR032118002,NAR,CJF_1,CJF,1,R,R-NAR032118002,14,5,0.7700148786098427,1.3305855668962847
NAR032118002,NAR,CJF_1,CJF,1,R,R-NAR032118002,14,6,0.8405899679310735,1.3305855668962847
NAR032118002,NAR,CJF_1,CJF,1,R,R-NAR032118002,14,7,0.9154611480343,1.3305855668962847
NAR032118002,NAR,CJF_1,CJF,1,R,R-NAR032118002,14,8,0.9882286268296262,1.3305855668962847
NAR032118002,NAR,CJF_1,CJF,1,R,R-NAR032118002,14,9,1.046004131971069,1.3305855668962847
NAR032118002,NAR,CJF_1,CJF,1,R,R-NAR032118002,14,10,1.1037796371125108,1.3305855668962847
NAR032118002,NAR,CJF_1,CJF,1,R,R-NAR032118002,14,11,1.174354726433742,1.3305855668962847
NAR032118002,NAR,CJF_1,CJF,1,R,R-NAR032118002,14,12,1.2343226210492795,1.3305855668962847
NAR032118002,NAR,CJF_1,CJF,1,R,R-NAR032118002,14,13,1.277194840703034,1.3305855668962847
NAR032118002,NAR,CJF_1,CJF,1,R,R-NAR032118002,14,14,1.3305855668962847,1.3305855668962847
NAR032118002,NAR,CJF_2,CJF,2,R,R-NAR032118002,13,1,0.3330133555856095,1.3930478078013937
NAR032118002,NAR,CJF_2,CJF,2,R,R-NAR032118002,13,2,0.5111123733616867,1.3930478078013937
NAR032118002,NAR,CJF_2,CJF,2,R,R-NAR032118002,13,3,0.6675760085391882,1.3930478078013937
NAR032118002,NAR,CJF_2,CJF,2,R,R-NAR032118002,13,4,0.7677975784718352,1.3930478078013937
NAR032118002,NAR,CJF_2,CJF,2,R,R-NAR032118002,13,5,0.8393734087331969,1.3930478078013937
NAR032118002,NAR,CJF_2,CJF,2,R,R-NAR032118002,13,6,0.9373369418072345,1.3930478078013937
NAR032118002,NAR,CJF_2,CJF,2,R,R-NAR032118002,13,7,1.0068909817068663,1.3930478078013937
NAR032118002,NAR,CJF_2,CJF,2,R,R-NAR032118002,13,8,1.065863576804091,1.3930478078013937
NAR032118002,NAR,CJF_2,CJF,2,R,R-NAR032118002,13,9,1.1300609851091767,1.3930478078013937
NAR032118002,NAR,CJF_2,CJF,2,R,R-NAR032118002,13,10,1.2126907531667068,1.3930478078013937
NAR032118002,NAR,CJF_2,CJF,2,R,R-NAR032118002,13,11,1.2782012123428808,1.3930478078013937
NAR032118002,NAR,CJF_2,CJF,2,R,R-NAR032118002,13,12,1.348463991733154,1.3930478078013937
NAR032118002,NAR,CJF_2,CJF,2,R,R-NAR032118002,13,13,1.3930478078013937,1.3930478078013937
NAR032118002,NAR,CJF_3,CJF,3,R,R-NAR032118002,13,1,0.2755064380136917,1.3240855392205602
NAR032118002,NAR,CJF_3,CJF,3,R,R-NAR032118002,13,2,0.43418281272103076,1.3240855392205602
NAR032118002,NAR,CJF_3,CJF,3,R,R-NAR032118002,13,3,0.5902639211672747,1.3240855392205602
NAR032118002,NAR,CJF_3,CJF,3,R,R-NAR032118002,13,4,0.694265754312762,1.3240855392205602
NAR032118002,NAR,CJF_3,CJF,3,R,R-NAR032118002,13,5,0.7657397841551343,1.3240855392205602
NAR032118002,NAR,CJF_3,CJF,3,R,R-NAR032118002,13,6,0.850042044158372,1.3240855392205602
NAR032118002,NAR,CJF_3,CJF,3,R,R-NAR032118002,13,7,0.9323586751017827,1.3240855392205602
NAR032118002,NAR,CJF_3,CJF,3,R,R-NAR032118002,13,8,1.0004710840257671,1.3240855392205602
NAR032118002,NAR,CJF_3,CJF,3,R,R-NAR032118002,13,9,1.0827877149691776,1.3240855392205602
NAR032118002,NAR,CJF_3,CJF,3,R,R-NAR032118002,13,10,1.1446384181130458,1.3240855392205602
NAR032118002,NAR,CJF_3,CJF,3,R,R-NAR032118002,13,11,1.1927464352941475,1.3240855392205602
NAR032118002,NAR,CJF_3,CJF,3,R,R-NAR032118002,13,12,1.2599443884162316,1.3240855392205602
NAR032118002,NAR,CJF_3,CJF,3,R,R-NAR032118002,13,13,1.3240855392205602,1.3240855392205602
NAR032118002,NAR,JRS_1,JRS,1,R,R-NAR032118002,10,1,0.2857650678681242,0.9735931661958469
NAR032118002,NAR,JRS_1,JRS,1,R,R-NAR032118002,10,2,0.3941808395165062,0.9735931661958469
NAR032118002,NAR,JRS_1,JRS,1,R,R-NAR032118002,10,3,0.4563785696684972,0.9735931661958469
NAR032118002,NAR,JRS_1,JRS,1,R,R-NAR032118002,10,4,0.5642211430550126,0.9735931661958469
NAR032118002,NAR,JRS_1,JRS,1,R,R-NAR032118002,10,5,0.599691002298959,0.9735931661958469
NAR032118002,NAR,JRS_1,JRS,1,R,R-NAR032118002,10,6,0.6596672317650085,0.9735931661958469
NAR032118002,NAR,JRS_1,JRS,1,R,R-NAR032118002,10,7,0.7109014728951563,0.9735931661958469
NAR032118002,NAR,JRS_1,JRS,1,R,R-NAR032118002,10,8,0.8026930652645345,0.9735931661958469
NAR032118002,NAR,JRS_1,JRS,1,R,R-NAR032118002,10,9,0.8623826955996508,0.9735931661958469
NAR032118002,NAR,JRS_1,JRS,1,R,R-NAR032118002,10,10,0.9057347457866991,0.9735931661958469
NAR032118003,NAR,JRS_1,JRS,1,R,R-NAR032118003,9,1,0.4874927692940287,1.3816960018325586
NAR032118003,NAR,JRS_1,JRS,1,R,R-NAR032118003,9,2,0.6660351094904307,1.3816960018325586
NAR032118003,NAR,JRS_1,JRS,1,R,R-NAR032118003,9,3,0.817214213856876,1.3816960018325586
NAR032118003,NAR,JRS_1,JRS,1,R,R-NAR032118003,9,4,0.9012926300887716,1.3816960018325586
NAR032118003,NAR,JRS_1,JRS,1,R,R-NAR032118003,9,5,0.9853710463206681,1.3816960018325586
NAR032118003,NAR,JRS_1,JRS,1,R,R-NAR032118003,9,6,1.0623600650023213,1.3816960018325586
NAR032118003,NAR,JRS_1,JRS,1,R,R-NAR032118003,9,7,1.133254040504745,1.3816960018325586
NAR032118003,NAR,JRS_1,JRS,1,R,R-NAR032118003,9,8,1.241896759569736,1.3816960018325586
NAR032118003,NAR,JRS_1,JRS,1,R,R-NAR032118003,9,9,1.294818652603801,1.3816960018325586
NAR032118003,NAR,NGA_1,NGA,1,R,R-NAR032118003,10,1,0.4858063690416931,1.3617456518486923
NAR032118003,NAR,NGA_1,NGA,1,R,R-NAR032118003,10,2,0.6672771781664428,1.3617456518486923
NAR032118003,NAR,NGA_1,NGA,1,R,R-NAR032118003,10,3,0.8040055454964403,1.3617456518486923
NAR032118003,NAR,NGA_1,NGA,1,R,R-NAR032118003,10,4,0.9077113373302831,1.3617456518486923
NAR032118003,NAR,NGA_1,NGA,1,R,R-NAR032118003,10,5,0.9905930511884707,1.3617456518486923
NAR032118003,NAR,NGA_1,NGA,1,R,R-NAR032118003,10,6,1.065085136782669,1.3617456518486923
NAR032118003,NAR,NGA_1,NGA,1,R,R-NAR032118003,10,7,1.1508824906310307,1.3617456518486923
NAR032118003,NAR,NGA_1,NGA,1,R,R-NAR032118003,10,8,1.2149625372374013,1.3617456518486923
NAR032118003,NAR,NGA_1,NGA,1,R,R-NAR032118003,10,9,1.2846952179708535,1.3617456518486923
NAR032118003,NAR,NGA_1,NGA,1,R,R-NAR032118003,10,10,1.3617456518486923,1.3617456518486923
NAR032118003,NAR,NGA_2,NGA,2,R,R-NAR032118003,10,1,0.5231946563548722,1.4013777570681003
NAR032118003,NAR,NGA_2,NGA,2,R,R-NAR032118003,10,2,0.6836222218927975,1.4013777570681003
NAR032118003,NAR,NGA_2,NGA,2,R,R-NAR032118003,10,3,0.8596070803479081,1.4013777570681003
NAR032118003,NAR,NGA_2,NGA,2,R,R-NAR032118003,10,4,0.9394376023511288,1.4013777570681003
NAR032118003,NAR,NGA_2,NGA,2,R,R-NAR032118003,10,5,1.0463893127097452,1.4013777570681003
NAR032118003,NAR,NGA_2,NGA,2,R,R-NAR032118003,10,6,1.1129147477124293,1.4013777570681003
NAR032118003,NAR,NGA_2,NGA,2,R,R-NAR032118003,10,7,1.1832254316947293,1.4013777570681003
NAR032118003,NAR,NGA_2,NGA,2,R,R-NAR032118003,10,8,1.2527695941455461,1.4013777570681003
NAR032118003,NAR,NGA_2,NGA,2,R,R-NAR032118003,10,9,1.3162763017000971,1.4013777570681003
NAR032118003,NAR,NGA_2,NGA,2,R,R-NAR032118003,10,10,1.4013777570681003,1.4013777570681003
NAR032118004,NAR,CJF_1,CJF,1,R,R-NAR032118004,20,1,0.44012657888012496,1.751536466350136
NAR032118004,NAR,CJF_1,CJF,1,R,R-NAR032118004,20,2,0.607604526126799,1.751536466350136
NAR032118004,NAR,CJF_1,CJF,1,R,R-NAR032118004,20,3,0.7492422158835041,1.751536466350136
NAR032118004,NAR,CJF_1,CJF,1,R,R-NAR032118004,20,4,0.8629244822887351,1.751536466350136
NAR032118004,NAR,CJF_1,CJF,1,R,R-NAR032118004,20,5,0.9337433271670876,1.751536466350136
NAR032118004,NAR,CJF_1,CJF,1,R,R-NAR032118004,20,6,0.9939863427379145,1.751536466350136
NAR032118004,NAR,CJF_1,CJF,1,R,R-NAR032118004,20,7,1.06037118160352,1.751536466350136
NAR032118004,NAR,CJF_1,CJF,1,R,R-NAR032118004,20,8,1.131190026481872,1.751536466350136
NAR032118004,NAR,CJF_1,CJF,1,R,R-NAR032118004,20,9,1.1999446240711547,1.751536466350136
NAR032118004,NAR,CJF_1,CJF,1,R,R-NAR032118004,20,10,1.2535875491952948,1.751536466350136
NAR032118004,NAR,CJF_1,CJF,1,R,R-NAR032118004,20,11,1.3008849767349207,1.751536466350136
NAR032118004,NAR,CJF_1,CJF,1,R,R-NAR032118004,20,12,1.3501957329911822,1.751536466350136
NAR032118004,NAR,CJF_1,CJF,1,R,R-NAR032118004,20,13,1.4102859928447065,1.751536466350136
NAR032118004,NAR,CJF_1,CJF,1,R,R-NAR032118004,20,14,1.459647667673403,1.751536466350136
NAR032118004,NAR,CJF_1,CJF,1,R,R-NAR032118004,20,15,1.5131887556526749,1.751536466350136
NAR032118004,NAR,CJF_1,CJF,1,R,R-NAR032118004,20,16,1.5540388484629166,1.751536466350136
NAR032118004,NAR,CJF_1,CJF,1,R,R-NAR032118004,20,17,1.597105944279532,1.751536466350136
NAR032118004,NAR,CJF_1,CJF,1,R,R-NAR032118004,20,18,1.648531866397299,1.751536466350136
NAR032118004,NAR,CJF_1,CJF,1,R,R-NAR032118004,20,19,1.697893541225996,1.751536466350136
NAR032118004,NAR,CJF_1,CJF,1,R,R-NAR032118004,20,20,1.751536466350136,1.751536466350136
NAR032118004,NAR,CJF_2,CJF,2,R,R-NAR032118004,20,1,0.4668678773922263,1.768075601723887
NAR032118004,NAR,CJF_2,CJF,2,R,R-NAR032118004,20,2,0.5957996751929597,1.768075601723887
NAR032118004,NAR,CJF_2,CJF,2,R,R-NAR032118004,20,3,0.7428159505935743,1.768075601723887
NAR032118004,NAR,CJF_2,CJF,2,R,R-NAR032118004,20,4,0.8635228003502663,1.768075601723887
NAR032118004,NAR,CJF_2,CJF,2,R,R-NAR032118004,20,5,0.9265862948443423,1.768075601723887
NAR032118004,NAR,CJF_2,CJF,2,R,R-NAR032118004,20,6,0.9847200245604983,1.768075601723887
NAR032118004,NAR,CJF_2,CJF,2,R,R-NAR032118004,20,7,1.062340636282826,1.768075601723887
NAR032118004,NAR,CJF_2,CJF,2,R,R-NAR032118004,20,8,1.1360122321343131,1.768075601723887
NAR032118004,NAR,CJF_2,CJF,2,R,R-NAR032118004,20,9,1.1919262666882788,1.768075601723887
NAR032118004,NAR,CJF_2,CJF,2,R,R-NAR032118004,20,10,1.2521162334154454,1.768075601723887
NAR032118004,NAR,CJF_2,CJF,2,R,R-NAR032118004,20,11,1.3083571842717707,1.768075601723887
NAR032118004,NAR,CJF_2,CJF,2,R,R-NAR032118004,20,12,1.3493871852951247,1.768075601723887
NAR032118004,NAR,CJF_2,CJF,2,R,R-NAR032118004,20,13,1.4056281361514502,1.768075601723887
NAR032118004,NAR,CJF_2,CJF,2,R,R-NAR032118004,20,14,1.4507706111968253,1.768075601723887
NAR032118004,NAR,CJF_2,CJF,2,R,R-NAR032118004,20,15,1.5176196634105616,1.768075601723887
NAR032118004,NAR,CJF_2,CJF,2,R,R-NAR032118004,20,16,1.5654722080716663,1.768075601723887
NAR032118004,NAR,CJF_2,CJF,2,R,R-NAR032118004,20,17,1.6041190557816505,1.768075601723887
NAR032118004,NAR,CJF_2,CJF,2,R,R-NAR032118004,20,18,1.653864379302585,1.768075601723887
NAR032118004,NAR,CJF_2,CJF,2,R,R-NAR032118004,20,19,1.6948943803259395,1.768075601723887
NAR032118004,NAR,CJF_2,CJF,2,R,R-NAR032118004,20,20,1.768075601723887,1.768075601723887
NAR032118004,NAR,CJF_3,CJF,3,R,R-NAR032118004,19,1,0.46580802966802093,1.7714887934533312
NAR032118004,NAR,CJF_3,CJF,3,R,R-NAR032118004,19,2,0.6241536908831984,1.7714887934533312
NAR032118004,NAR,CJF_3,CJF,3,R,R-NAR032118004,19,3,0.7744293166750046,1.7714887934533312
NAR032118004,NAR,CJF_3,CJF,3,R,R-NAR032118004,19,4,0.873221651012402,1.7714887934533312
NAR032118004,NAR,CJF_3,CJF,3,R,R-NAR032118004,19,5,1.0016978282155322,1.7714887934533312
NAR032118004,NAR,CJF_3,CJF,3,R,R-NAR032118004,19,6,1.0853233691140132,1.7714887934533312
NAR032118004,NAR,CJF_3,CJF,3,R,R-NAR032118004,19,7,1.1496078680021569,1.7714887934533312
NAR032118004,NAR,CJF_3,CJF,3,R,R-NAR032118004,19,8,1.2140780080366143,1.7714887934533312
NAR032118004,NAR,CJF_3,CJF,3,R,R-NAR032118004,19,9,1.2718226723481554,1.7714887934533312
NAR032118004,NAR,CJF_3,CJF,3,R,R-NAR032118004,19,10,1.3213116600900106,1.7714887934533312
NAR032118004,NAR,CJF_3,CJF,3,R,R-NAR032118004,19,11,1.36407517210895,1.7714887934533312
NAR032118004,NAR,CJF_3,CJF,3,R,R-NAR032118004,19,12,1.4199183532810942,1.7714887934533312
NAR032118004,NAR,CJF_3,CJF,3,R,R-NAR032118004,19,13,1.4884699213138166,1.7714887934533312
NAR032118004,NAR,CJF_3,CJF,3,R,R-NAR032118004,19,14,1.5335061987647791,1.7714887934533312
NAR032118004,NAR,CJF_3,CJF,3,R,R-NAR032118004,19,15,1.5809080622209242,1.7714887934533312
NAR032118004,NAR,CJF_3,CJF,3,R,R-NAR032118004,19,16,1.6191260433758146,1.7714887934533312
NAR032118004,NAR,CJF_3,CJF,3,R,R-NAR032118004,19,17,1.6663422656856455,1.7714887934533312
NAR032118004,NAR,CJF_3,CJF,3,R,R-NAR032118004,19,18,1.7114713637097658,1.7714887934533312
NAR032118004,NAR,CJF_3,CJF,3,R,R-NAR032118004,19,19,1.7714887934533312,1.7714887934533312
NAR032118004,NAR,JRS_1,JRS,1,R,R-NAR032118004,14,1,0.5644220057582097,1.6993810693916824
NAR032118004,NAR,JRS_1,JRS,1,R,R-NAR032118004,14,2,0.7147918523341201,1.6993810693916824
NAR032118004,NAR,JRS_1,JRS,1,R,R-NAR032118004,14,3,0.8169137093500835,1.6993810693916824
NAR032118004,NAR,JRS_1,JRS,1,R,R-NAR032118004,14,4,0.8765968950350383,1.6993810693916824
NAR032118004,NAR,JRS_1,JRS,1,R,R-NAR032118004,14,5,0.9474706897345071,1.6993810693916824
NAR032118004,NAR,JRS_1,JRS,1,R,R-NAR032118004,14,6,1.0297796805589834,1.6993810693916824
NAR032118004,NAR,JRS_1,JRS,1,R,R-NAR032118004,14,7,1.0922146584143486,1.6993810693916824
NAR032118004,NAR,JRS_1,JRS,1,R,R-NAR032118004,14,8,1.1631495998914412,1.6993810693916824
NAR032118004,NAR,JRS_1,JRS,1,R,R-NAR032118004,14,9,1.2141493816217992,1.6993810693916824
NAR032118004,NAR,JRS_1,JRS,1,R,R-NAR032118004,14,10,1.2851454698765146,1.6993810693916824
NAR032118004,NAR,JRS_1,JRS,1,R,R-NAR032118004,14,11,1.3617674360272989,1.6993810693916824
NAR032118004,NAR,JRS_1,JRS,1,R,R-NAR032118004,14,12,1.4156413034833149,1.6993810693916824
NAR032118004,NAR,JRS_1,JRS,1,R,R-NAR032118004,14,13,1.4837021592347495,1.6993810693916824
NAR032118004,NAR,JRS_1,JRS,1,R,R-NAR032118004,14,14,1.5631982111111906,1.6993810693916824
NAR032118005,NAR,CJF_1,CJF,1,R,R-NAR032118005,9,1,0.4888320288537081,1.3637659224499161
NAR032118005,NAR,CJF_1,CJF,1,R,R-NAR032118005,9,2,0.6233358539213276,1.3637659224499161
NAR032118005,NAR,CJF_1,CJF,1,R,R-NAR032118005,9,3,0.7496904531597893,1.3637659224499161
NAR032118005,NAR,CJF_1,CJF,1,R,R-NAR032118005,9,4,0.8909444288126998,1.3637659224499161
NAR032118005,NAR,CJF_1,CJF,1,R,R-NAR032118005,9,5,0.985401662356464,1.3637659224499161
NAR032118005,NAR,CJF_1,CJF,1,R,R-NAR032118005,9,6,1.0845509405849714,1.3637659224499161
NAR032118005,NAR,CJF_1,CJF,1,R,R-NAR032118005,9,7,1.160775321308158,1.3637659224499161
NAR032118005,NAR,CJF_1,CJF,1,R,R-NAR032118005,9,8,1.2642050230412993,1.3637659224499161
NAR032118005,NAR,CJF_1,CJF,1,R,R-NAR032118005,9,9,1.3637659224499161,1.3637659224499161
NAR032118005,NAR,CJF_2,CJF,2,R,R-NAR032118005,8,1,0.4702639524068054,1.354016784255358
NAR032118005,NAR,CJF_2,CJF,2,R,R-NAR032118005,8,2,0.7491028127061298,1.354016784255358
NAR032118005,NAR,CJF_2,CJF,2,R,R-NAR032118005,8,3,0.8695018312170613,1.354016784255358
NAR032118005,NAR,CJF_2,CJF,2,R,R-NAR032118005,8,4,0.9638694025539701,1.354016784255358
NAR032118005,NAR,CJF_2,CJF,2,R,R-NAR032118005,8,5,1.0695690955278,1.354016784255358
NAR032118005,NAR,CJF_2,CJF,2,R,R-NAR032118005,8,6,1.1539495199446197,1.354016784255358
NAR032118005,NAR,CJF_2,CJF,2,R,R-NAR032118005,8,7,1.2549370343014365,1.354016784255358
NAR032118005,NAR,CJF_2,CJF,2,R,R-NAR032118005,8,8,1.354016784255358,1.354016784255358
NAR032118005,NAR,CJF_3,CJF,3,R,R-NAR032118005,9,1,0.5163027235611922,1.3506950747718944
NAR032118005,NAR,CJF_3,CJF,3,R,R-NAR032118005,9,2,0.7252948758102707,1.3506950747718944
NAR032118005,NAR,CJF_3,CJF,3,R,R-NAR032118005,9,3,0.8717130417416025,1.3506950747718944
NAR032118005,NAR,CJF_3,CJF,3,R,R-NAR032118005,9,4,0.9665061098005039,1.3506950747718944
NAR032118005,NAR,CJF_3,CJF,3,R,R-NAR032118005,9,5,1.0612991778594054,1.3506950747718944
NAR032118005,NAR,CJF_3,CJF,3,R,R-NAR032118005,9,6,1.1669562183096625,1.3506950747718944
NAR032118005,NAR,CJF_3,CJF,3,R,R-NAR032118005,9,7,1.2687150723228726,1.3506950747718944
NAR032118005,NAR,CJF_3,CJF,3,R,R-NAR032118005,9,8,1.321916427980914,1.3506950747718944
NAR032118005,NAR,CJF_3,CJF,3,R,R-NAR032118005,9,9,1.3506950747718944,1.3506950747718944
NAR032118005,NAR,JRS_1,JRS,1,R,R-NAR032118005,8,1,0.4848358686573604,1.305691507222752
NAR032118005,NAR,JRS_1,JRS,1,R,R-NAR032118005,8,2,0.5923150047845255,1.305691507222752
NAR032118005,NAR,JRS_1,JRS,1,R,R-NAR032118005,8,3,0.690663218951424,1.305691507222752
NAR032118005,NAR,JRS_1,JRS,1,R,R-NAR032118005,8,4,0.8257160385668039,1.305691507222752
NAR032118005,NAR,JRS_1,JRS,1,R,R-NAR032118005,8,5,0.9244732131688465,1.305691507222752
NAR032118005,NAR,JRS_1,JRS,1,R,R-NAR032118005,8,6,1.019777786682323,1.305691507222752
NAR032118005,NAR,JRS_1,JRS,1,R,R-NAR032118005,8,7,1.1150823601957989,1.305691507222752
NAR032118005,NAR,JRS_1,JRS,1,R,R-NAR032118005,8,8,1.2156562941458318,1.305691507222752
NAR032118006,NAR,CJF_1,CJF,1,R,R-NAR032118006,12,1,0.36080594083950723,1.4866411199738752
NAR032118006,NAR,CJF_1,CJF,1,R,R-NAR032118006,12,2,0.6380347145502377,1.4866411199738752
NAR032118006,NAR,CJF_1,CJF,1,R,R-NAR032118006,12,3,0.7839881640849717,1.4866411199738752
NAR032118006,NAR,CJF_1,CJF,1,R,R-NAR032118006,12,4,0.9000437164114494,1.4866411199738752
NAR032118006,NAR,CJF_1,CJF,1,R,R-NAR032118006,12,5,0.9967341080797317,1.4866411199738752
NAR032118006,NAR,CJF_1,CJF,1,R,R-NAR032118006,12,6,1.0720204975911543,1.4866411199738752
NAR032118006,NAR,CJF_1,CJF,1,R,R-NAR032118006,12,7,1.134329074185765,1.4866411199738752
NAR032118006,NAR,CJF_1,CJF,1,R,R-NAR032118006,12,8,1.218041652937236,1.4866411199738752
NAR032118006,NAR,CJF_1,CJF,1,R,R-NAR032118006,12,9,1.280350229531847,1.4866411199738752
NAR032118006,NAR,CJF_1,CJF,1,R,R-NAR032118006,12,10,1.3512881128005494,1.4866411199738752
NAR032118006,NAR,CJF_1,CJF,1,R,R-NAR032118006,12,11,1.4093158889637882,1.4866411199738752
NAR032118006,NAR,CJF_1,CJF,1,R,R-NAR032118006,12,12,1.4866411199738752,1.4866411199738752
NAR032118006,NAR,CJF_2,CJF,2,R,R-NAR032118006,12,1,0.3430930836629611,1.4882194112039715
NAR032118006,NAR,CJF_2,CJF,2,R,R-NAR032118006,12,2,0.6173684803040863,1.4882194112039715
NAR032118006,NAR,CJF_2,CJF,2,R,R-NAR032118006,12,3,0.7783375761226821,1.4882194112039715
NAR032118006,NAR,CJF_2,CJF,2,R,R-NAR032118006,12,4,0.8964539689190743,1.4882194112039715
NAR032118006,NAR,CJF_2,CJF,2,R,R-NAR032118006,12,5,0.9949608939730762,1.4882194112039715
NAR032118006,NAR,CJF_2,CJF,2,R,R-NAR032118006,12,6,1.067864781007889,1.4882194112039715
NAR032118006,NAR,CJF_2,CJF,2,R,R-NAR032118006,12,7,1.1280576355282173,1.4882194112039715
NAR032118006,NAR,CJF_2,CJF,2,R,R-NAR032118006,12,8,1.1924271765566334,1.4882194112039715
NAR032118006,NAR,CJF_2,CJF,2,R,R-NAR032118006,12,9,1.2567062310899388,1.4882194112039715
NAR032118006,NAR,CJF_2,CJF,2,R,R-NAR032118006,12,10,1.331517488388574,1.4882194112039715
NAR032118006,NAR,CJF_2,CJF,2,R,R-NAR032118006,12,11,1.3937986861629466,1.4882194112039715
NAR032118006,NAR,CJF_2,CJF,2,R,R-NAR032118006,12,12,1.4882194112039715,1.4882194112039715
NAR032118006,NAR,CJF_3,CJF,3,R,R-NAR032118006,12,1,0.35161554077342955,1.472934792691864
NAR032118006,NAR,CJF_3,CJF,3,R,R-NAR032118006,12,2,0.6222188933446899,1.472934792691864
NAR032118006,NAR,CJF_3,CJF,3,R,R-NAR032118006,12,3,0.7816542555801059,1.472934792691864
NAR032118006,NAR,CJF_3,CJF,3,R,R-NAR032118006,12,4,0.8825977109267965,1.472934792691864
NAR032118006,NAR,CJF_3,CJF,3,R,R-NAR032118006,12,5,0.9968462139280394,1.472934792691864
NAR032118006,NAR,CJF_3,CJF,3,R,R-NAR032118006,12,6,1.070170272635364,1.472934792691864
NAR032118006,NAR,CJF_3,CJF,3,R,R-NAR032118006,12,7,1.1325793925751564,1.472934792691864
NAR032118006,NAR,CJF_3,CJF,3,R,R-NAR032118006,12,8,1.190898698519288,1.472934792691864
NAR032118006,NAR,CJF_3,CJF,3,R,R-NAR032118006,12,9,1.2620052492841871,1.472934792691864
NAR032118006,NAR,CJF_3,CJF,3,R,R-NAR032118006,12,10,1.3331118000490858,1.472934792691864
NAR032118006,NAR,CJF_3,CJF,3,R,R-NAR032118006,12,11,1.4083081648096463,1.472934792691864
NAR032118006,NAR,CJF_3,CJF,3,R,R-NAR032118006,12,12,1.472934792691864,1.472934792691864
NAR032118006,NAR,JRS_1,JRS,1,R,R-NAR032118006,11,1,0.35582344494412727,1.485093230851558
NAR032118006,NAR,JRS_1,JRS,1,R,R-NAR032118006,11,2,0.6307902957353586,1.485093230851558
NAR032118006,NAR,JRS_1,JRS,1,R,R-NAR032118006,11,3,0.7881475323345579,1.485093230851558
NAR032118006,NAR,JRS_1,JRS,1,R,R-NAR032118006,11,4,0.8975897994932256,1.485093230851558
NAR032118006,NAR,JRS_1,JRS,1,R,R-NAR032118006,11,5,0.9901528994273427,1.485093230851558
NAR032118006,NAR,JRS_1,JRS,1,R,R-NAR032118006,11,6,1.0593029877990188,1.485093230851558
NAR032118006,NAR,JRS_1,JRS,1,R,R-NAR032118006,11,7,1.1317199983396398,1.485093230851558
NAR032118006,NAR,JRS_1,JRS,1,R,R-NAR032118006,11,8,1.2008700867113158,1.485093230851558
NAR032118006,NAR,JRS_1,JRS,1,R,R-NAR032118006,11,9,1.262125064628541,1.485093230851558
NAR032118006,NAR,JRS_1,JRS,1,R,R-NAR032118006,11,10,1.357682850152691,1.485093230851558
NAR032118006,NAR,JRS_1,JRS,1,R,R-NAR032118006,11,11,1.4208435673443003,1.485093230851558
NAR032118007,NAR,CJF_1,CJF,1,R,R-NAR032118007,12,1,0.5260001738896423,1.5457669760390789
NAR032118007,NAR,CJF_1,CJF,1,R,R-NAR032118007,12,2,0.701085729848059,1.5457669760390789
NAR032118007,NAR,CJF_1,CJF,1,R,R-NAR032118007,12,3,0.8111939245921308,1.5457669760390789
NAR032118007,NAR,CJF_1,CJF,1,R,R-NAR032118007,12,4,0.9321389791777869,1.5457669760390789
NAR032118007,NAR,CJF_1,CJF,1,R,R-NAR032118007,12,5,1.0197668021494366,1.5457669760390789
NAR032118007,NAR,CJF_1,CJF,1,R,R-NAR032118007,12,6,1.0905659193292003,1.5457669760390789
NAR032118007,NAR,CJF_1,CJF,1,R,R-NAR032118007,12,7,1.170778030396624,1.5457669760390789
NAR032118007,NAR,CJF_1,CJF,1,R,R-NAR032118007,12,8,1.2369556956249992,1.5457669760390789
NAR032118007,NAR,CJF_1,CJF,1,R,R-NAR032118007,12,9,1.2880152290301672,1.5457669760390789
NAR032118007,NAR,CJF_1,CJF,1,R,R-NAR032118007,12,10,1.3645194841454777,1.5457669760390789
NAR032118007,NAR,CJF_1,CJF,1,R,R-NAR032118007,12,11,1.4473557651808564,1.5457669760390789
NAR032118007,NAR,CJF_1,CJF,1,R,R-NAR032118007,12,12,1.5457669760390789,1.5457669760390789
NAR032118007,NAR,CJF_2,CJF,2,R,R-NAR032118007,13,1,0.31235301221694717,1.4462395883819996
NAR032118007,NAR,CJF_2,CJF,2,R,R-NAR032118007,13,2,0.46257223145251386,1.4462395883819996
NAR032118007,NAR,CJF_2,CJF,2,R,R-NAR032118007,13,3,0.626180121246029,1.4462395883819996
NAR032118007,NAR,CJF_2,CJF,2,R,R-NAR032118007,13,4,0.7568413219969792,1.4462395883819996
NAR032118007,NAR,CJF_2,CJF,2,R,R-NAR032118007,13,5,0.8643579522146952,1.4462395883819996
NAR032118007,NAR,CJF_2,CJF,2,R,R-NAR032118007,13,6,0.9446269006749484,1.4462395883819996
NAR032118007,NAR,CJF_2,CJF,2,R,R-NAR032118007,13,7,1.0155347090867863,1.4462395883819996
NAR032118007,NAR,CJF_2,CJF,2,R,R-NAR032118007,13,8,1.079710391862302,1.4462395883819996
NAR032118007,NAR,CJF_2,CJF,2,R,R-NAR032118007,13,9,1.1353606729771868,1.4462395883819996
NAR032118007,NAR,CJF_2,CJF,2,R,R-NAR032118007,13,10,1.1965881621284338,1.4462395883819996
NAR032118007,NAR,CJF_2,CJF,2,R,R-NAR032118007,13,11,1.2798053042129556,1.4462395883819996
NAR032118007,NAR,CJF_2,CJF,2,R,R-NAR032118007,13,12,1.358083596685465,1.4462395883819996
NAR032118007,NAR,CJF_2,CJF,2,R,R-NAR032118007,13,13,1.4462395883819996,1.4462395883819996
NAR032118007,NAR,CJF_3,CJF,3,R,R-NAR032118007,13,1,0.28589040138930266,1.4245930934960471
NAR032118007,NAR,CJF_3,CJF,3,R,R-NAR032118007,13,2,0.4394645960038166,1.4245930934960471
NAR032118007,NAR,CJF_3,CJF,3,R,R-NAR032118007,13,3,0.6142665672200462,1.4245930934960471
NAR032118007,NAR,CJF_3,CJF,3,R,R-NAR032118007,13,4,0.7313073112663011,1.4245930934960471
NAR032118007,NAR,CJF_3,CJF,3,R,R-NAR032118007,13,5,0.8282136791335547,1.4245930934960471
NAR032118007,NAR,CJF_3,CJF,3,R,R-NAR032118007,13,6,0.9113326627405689,1.4245930934960471
NAR032118007,NAR,CJF_3,CJF,3,R,R-NAR032118007,13,7,0.9762000266824582,1.4245930934960471
NAR032118007,NAR,CJF_3,CJF,3,R,R-NAR032118007,13,8,1.0425252578546345,1.4245930934960471
NAR032118007,NAR,CJF_3,CJF,3,R,R-NAR032118007,13,9,1.1196919275884671,1.4245930934960471
NAR032118007,NAR,CJF_3,CJF,3,R,R-NAR032118007,13,10,1.1726244525459844,1.4245930934960471
NAR032118007,NAR,CJF_3,CJF,3,R,R-NAR032118007,13,11,1.2561079029605708,1.4245930934960471
NAR032118007,NAR,CJF_3,CJF,3,R,R-NAR032118007,13,12,1.3444502668256233,1.4245930934960471
NAR032118007,NAR,CJF_3,CJF,3,R,R-NAR032118007,13,13,1.4245930934960471,1.4245930934960471
NAR032118007,NAR,JRS_1,JRS,1,R,R-NAR032118007,12,1,0.35295479731209833,1.4648035452998296
NAR032118007,NAR,JRS_1,JRS,1,R,R-NAR032118007,12,2,0.5269845518140466,1.4648035452998296
NAR032118007,NAR,JRS_1,JRS,1,R,R-NAR032118007,12,3,0.6439573910487834,1.4648035452998296
NAR032118007,NAR,JRS_1,JRS,1,R,R-NAR032118007,12,4,0.7658255185917231,1.4648035452998296
NAR032118007,NAR,JRS_1,JRS,1,R,R-NAR032118007,12,5,0.8683284467365505,1.4648035452998296
NAR032118007,NAR,JRS_1,JRS,1,R,R-NAR032118007,12,6,0.9453573366596035,1.4648035452998296
NAR032118007,NAR,JRS_1,JRS,1,R,R-NAR032118007,12,7,1.0244225061905439,1.4648035452998296
NAR032118007,NAR,JRS_1,JRS,1,R,R-NAR032118007,12,8,1.0794431418498673,1.4648035452998296
NAR032118007,NAR,JRS_1,JRS,1,R,R-NAR032118007,12,9,1.1318207226435735,1.4648035452998296
NAR032118007,NAR,JRS_1,JRS,1,R,R-NAR032118007,12,10,1.213744900874829,1.4648035452998296
NAR032118007,NAR,JRS_1,JRS,1,R,R-NAR032118007,12,11,1.3093162611035667,1.4648035452998296
NAR032118007,NAR,JRS_1,JRS,1,R,R-NAR032118007,12,12,1.376770528244912,1.4648035452998296
NAR032118008,NAR,CJF_1,CJF,1,R,R-NAR032118008,12,1,0.4544866603135437,1.4184856423562269
NAR032118008,NAR,CJF_1,CJF,1,R,R-NAR032118008,12,2,0.6511631549945045,1.4184856423562269
NAR032118008,NAR,CJF_1,CJF,1,R,R-NAR032118008,12,3,0.7745158081188873,1.4184856423562269
NAR032118008,NAR,CJF_1,CJF,1,R,R-NAR032118008,12,4,0.8722458393524748,1.4184856423562269
NAR032118008,NAR,CJF_1,CJF,1,R,R-NAR032118008,12,5,0.9531391323327623,1.4184856423562269
NAR032118008,NAR,CJF_1,CJF,1,R,R-NAR032118008,12,6,1.035983886548527,1.4184856423562269
NAR032118008,NAR,CJF_1,CJF,1,R,R-NAR032118008,12,7,1.1082138007282678,1.4184856423562269
NAR032118008,NAR,CJF_1,CJF,1,R,R-NAR032118008,12,8,1.169706370035036,1.4184856423562269
NAR032118008,NAR,CJF_1,CJF,1,R,R-NAR032118008,12,9,1.229369982943276,1.4184856423562269
NAR032118008,NAR,CJF_1,CJF,1,R,R-NAR032118008,12,10,1.2952554940687924,1.4184856423562269
NAR032118008,NAR,CJF_1,CJF,1,R,R-NAR032118008,12,11,1.3590670391218835,1.4184856423562269
NAR032118008,NAR,CJF_1,CJF,1,R,R-NAR032118008,12,12,1.4184856423562269,1.4184856423562269
NAR032118008,NAR,CJF_2,CJF,2,R,R-NAR032118008,12,1,0.41070674856588213,1.4143681564592558
NAR032118008,NAR,CJF_2,CJF,2,R,R-NAR032118008,12,2,0.6419736937761502,1.4143681564592558
NAR032118008,NAR,CJF_2,CJF,2,R,R-NAR032118008,12,3,0.7626645639383319,1.4143681564592558
NAR032118008,NAR,CJF_2,CJF,2,R,R-NAR032118008,12,4,0.862657825971323,1.4143681564592558
NAR032118008,NAR,CJF_2,CJF,2,R,R-NAR032118008,12,5,0.9576691341566776,1.4143681564592558
NAR032118008,NAR,CJF_2,CJF,2,R,R-NAR032118008,12,6,1.0360287522584795,1.4143681564592558
NAR032118008,NAR,CJF_2,CJF,2,R,R-NAR032118008,12,7,1.104507584196686,1.4143681564592558
NAR032118008,NAR,CJF_2,CJF,2,R,R-NAR032118008,12,8,1.160146635146479,1.4143681564592558
NAR032118008,NAR,CJF_2,CJF,2,R,R-NAR032118008,12,9,1.225198454358868,1.4143681564592558
NAR032118008,NAR,CJF_2,CJF,2,R,R-NAR032118008,12,10,1.2997461633655312,1.4143681564592558
NAR032118008,NAR,CJF_2,CJF,2,R,R-NAR032118008,12,11,1.344802401300229,1.4143681564592558
NAR032118008,NAR,CJF_2,CJF,2,R,R-NAR032118008,12,12,1.4143681564592558,1.4143681564592558
NAR032118008,NAR,CJF_3,CJF,3,R,R-NAR032118008,12,1,0.464556569409534,1.4521963837018481
NAR032118008,NAR,CJF_3,CJF,3,R,R-NAR032118008,12,2,0.6842648613406711,1.4521963837018481
NAR032118008,NAR,CJF_3,CJF,3,R,R-NAR032118008,12,3,0.8058283300146303,1.4521963837018481
NAR032118008,NAR,CJF_3,CJF,3,R,R-NAR032118008,12,4,0.9082565655292996,1.4521963837018481
NAR032118008,NAR,CJF_3,CJF,3,R,R-NAR032118008,12,5,0.995832980142171,1.4521963837018481
NAR032118008,NAR,CJF_3,CJF,3,R,R-NAR032118008,12,6,1.0834093947550427,1.4521963837018481
NAR032118008,NAR,CJF_3,CJF,3,R,R-NAR032118008,12,7,1.145005091824121,1.4521963837018481
NAR032118008,NAR,CJF_3,CJF,3,R,R-NAR032118008,12,8,1.2005026218389474,1.4521963837018481
NAR032118008,NAR,CJF_3,CJF,3,R,R-NAR032118008,12,9,1.255813322521211,1.4521963837018481
NAR032118008,NAR,CJF_3,CJF,3,R,R-NAR032118008,12,10,1.3285379162322843,1.4521963837018481
NAR032118008,NAR,CJF_3,CJF,3,R,R-NAR032118008,12,11,1.3924154414295304,1.4521963837018481
NAR032118008,NAR,CJF_3,CJF,3,R,R-NAR032118008,12,12,1.4521963837018481,1.4521963837018481
NAR032118008,NAR,JRS_1,JRS,1,R,R-NAR032118008,11,1,0.37741095910842876,1.3386162376821413
NAR032118008,NAR,JRS_1,JRS,1,R,R-NAR032118008,11,2,0.5780377659940635,1.3386162376821413
NAR032118008,NAR,JRS_1,JRS,1,R,R-NAR032118008,11,3,0.7048491000085342,1.3386162376821413
NAR032118008,NAR,JRS_1,JRS,1,R,R-NAR032118008,11,4,0.7927547211035285,1.3386162376821413
NAR032118008,NAR,JRS_1,JRS,1,R,R-NAR032118008,11,5,0.8856813616174004,1.3386162376821413
NAR032118008,NAR,JRS_1,JRS,1,R,R-NAR032118008,11,6,0.9856791544523303,1.3386162376821413
NAR032118008,NAR,JRS_1,JRS,1,R,R-NAR032118008,11,7,1.041698058530621,1.3386162376821413
NAR032118008,NAR,JRS_1,JRS,1,R,R-NAR032118008,11,8,1.1010816943609252,1.3386162376821413
NAR032118008,NAR,JRS_1,JRS,1,R,R-NAR032118008,11,9,1.154760933138291,1.3386162376821413
NAR032118008,NAR,JRS_1,JRS,1,R,R-NAR032118008,11,10,1.2054171289806734,1.3386162376821413
NAR032118008,NAR,JRS_1,JRS,1,R,R-NAR032118008,11,11,1.2845953100877459,1.3386162376821413
NAR032118009,NAR,CJF_1,CJF,1,R,R-NAR032118009,13,1,0.32807402091341276,1.4356348296119648
NAR032118009,NAR,CJF_1,CJF,1,R,R-NAR032118009,13,2,0.5432057141582286,1.4356348296119648
NAR032118009,NAR,CJF_1,CJF,1,R,R-NAR032118009,13,3,0.7177919473915063,1.4356348296119648
NAR032118009,NAR,CJF_1,CJF,1,R,R-NAR032118009,13,4,0.8307342750601034,1.4356348296119648
NAR032118009,NAR,CJF_1,CJF,1,R,R-NAR032118009,13,5,0.9307628612520564,1.4356348296119648
NAR032118009,NAR,CJF_1,CJF,1,R,R-NAR032118009,13,6,1.0159206658989048,1.4356348296119648
NAR032118009,NAR,CJF_1,CJF,1,R,R-NAR032118009,13,7,1.094799871708763,1.4356348296119648
NAR032118009,NAR,CJF_1,CJF,1,R,R-NAR032118009,13,8,1.1735772078607167,1.4356348296119648
NAR032118009,NAR,CJF_1,CJF,1,R,R-NAR032118009,13,9,1.2204522015381976,1.4356348296119648
NAR032118009,NAR,CJF_1,CJF,1,R,R-NAR032118009,13,10,1.2694370397709924,1.4356348296119648
NAR032118009,NAR,CJF_1,CJF,1,R,R-NAR032118009,13,11,1.3270140607119003,1.4356348296119648
NAR032118009,NAR,CJF_1,CJF,1,R,R-NAR032118009,13,12,1.3758460944578395,1.4356348296119648
NAR032118009,NAR,CJF_1,CJF,1,R,R-NAR032118009,13,13,1.4356348296119648,1.4356348296119648
NAR032118009,NAR,CJF_2,CJF,2,R,R-NAR032118009,13,1,0.31869207643787606,1.4507448070509172
NAR032118009,NAR,CJF_2,CJF,2,R,R-NAR032118009,13,2,0.5432843471048443,1.4507448070509172
NAR032118009,NAR,CJF_2,CJF,2,R,R-NAR032118009,13,3,0.7251644688673857,1.4507448070509172
NAR032118009,NAR,CJF_2,CJF,2,R,R-NAR032118009,13,4,0.8194306223647514,1.4507448070509172
NAR032118009,NAR,CJF_2,CJF,2,R,R-NAR032118009,13,5,0.9220395883712527,1.4507448070509172
NAR032118009,NAR,CJF_2,CJF,2,R,R-NAR032118009,13,6,1.0205187350548006,1.4507448070509172
NAR032118009,NAR,CJF_2,CJF,2,R,R-NAR032118009,13,7,1.0933040533051084,1.4507448070509172
NAR032118009,NAR,CJF_2,CJF,2,R,R-NAR032118009,13,8,1.1702191908783701,1.4507448070509172
NAR032118009,NAR,CJF_2,CJF,2,R,R-NAR032118009,13,9,1.2259030147942613,1.4507448070509172
NAR032118009,NAR,CJF_2,CJF,2,R,R-NAR032118009,13,10,1.2774570193871997,1.4507448070509172
NAR032118009,NAR,CJF_2,CJF,2,R,R-NAR032118009,13,11,1.3309511728467707,1.4507448070509172
NAR032118009,NAR,CJF_2,CJF,2,R,R-NAR032118009,13,12,1.3800659853937005,1.4507448070509172
NAR032118009,NAR,CJF_2,CJF,2,R,R-NAR032118009,13,13,1.4507448070509172,1.4507448070509172
NAR032118009,NAR,CJF_3,CJF,3,R,R-NAR032118009,13,1,0.3463999022675073,1.4445396436494877
NAR032118009,NAR,CJF_3,CJF,3,R,R-NAR032118009,13,2,0.5554525275616307,1.4445396436494877
NAR032118009,NAR,CJF_3,CJF,3,R,R-NAR032118009,13,3,0.7436242734201934,1.4445396436494877
NAR032118009,NAR,CJF_3,CJF,3,R,R-NAR032118009,13,4,0.8397982342930309,1.4445396436494877
NAR032118009,NAR,CJF_3,CJF,3,R,R-NAR032118009,13,5,0.9380602831094238,1.4445396436494877
NAR032118009,NAR,CJF_3,CJF,3,R,R-NAR032118009,13,6,1.021547858934296,1.4445396436494877
NAR032118009,NAR,CJF_3,CJF,3,R,R-NAR032118009,13,7,1.102631632042352,1.4445396436494877
NAR032118009,NAR,CJF_3,CJF,3,R,R-NAR032118009,13,8,1.1691777182388303,1.4445396436494877
NAR032118009,NAR,CJF_3,CJF,3,R,R-NAR032118009,13,9,1.23525023227542,1.4445396436494877
NAR032118009,NAR,CJF_3,CJF,3,R,R-NAR032118009,13,10,1.2779591354663191,1.4445396436494877
NAR032118009,NAR,CJF_3,CJF,3,R,R-NAR032118009,13,11,1.3461986661397796,1.4445396436494877
NAR032118009,NAR,CJF_3,CJF,3,R,R-NAR032118009,13,12,1.3975756358781617,1.4445396436494877
NAR032118009,NAR,CJF_3,CJF,3,R,R-NAR032118009,13,13,1.4445396436494877,1.4445396436494877
NAR032118009,NAR,JRS_1,JRS,1,R,R-NAR032118009,9,1,0.26588406181242163,0.9764955265144382
NAR032118009,NAR,JRS_1,JRS,1,R,R-NAR032118009,9,2,0.40100718082334075,0.9764955265144382
NAR032118009,NAR,JRS_1,JRS,1,R,R-NAR032118009,9,3,0.5439219643261798,0.9764955265144382
NAR032118009,NAR,JRS_1,JRS,1,R,R-NAR032118009,9,4,0.6155125972100114,0.9764955265144382
NAR032118009,NAR,JRS_1,JRS,1,R,R-NAR032118009,9,5,0.6827410538844311,0.9764955265144382
NAR032118009,NAR,JRS_1,JRS,1,R,R-NAR032118009,9,6,0.7779731625088515,0.9764955265144382
NAR032118009,NAR,JRS_1,JRS,1,R,R-NAR032118009,9,7,0.8256558373872677,0.9764955265144382
NAR032118009,NAR,JRS_1,JRS,1,R,R-NAR032118009,9,8,0.9013421642156846,0.9764955265144382
NAR032118009,NAR,JRS_1,JRS,1,R,R-NAR032118009,9,9,0.9410999334697688,0.9764955265144382
NAR032118010,NAR,CJF_1,CJF,1,R,R-NAR032118010,4,1,0.5044872318595852,0.9209404625162214
NAR032118010,NAR,CJF_1,CJF,1,R,R-NAR032118010,4,2,0.6953570071104742,0.9209404625162214
NAR032118010,NAR,CJF_1,CJF,1,R,R-NAR032118010,4,3,0.8049801900159862,0.9209404625162214
NAR032118010,NAR,CJF_1,CJF,1,R,R-NAR032118010,4,4,0.9209404625162214,0.9209404625162214
NAR032118010,NAR,CJF_2,CJF,2,R,R-NAR032118010,4,1,0.47564362715882924,0.8591959385165444
NAR032118010,NAR,CJF_2,CJF,2,R,R-NAR032118010,4,2,0.6535115153796357,0.8591959385165444
NAR032118010,NAR,CJF_2,CJF,2,R,R-NAR032118010,4,3,0.7670277581424217,0.8591959385165444
NAR032118010,NAR,CJF_2,CJF,2,R,R-NAR032118010,4,4,0.8591959385165444,0.8591959385165444
NAR032118010,NAR,CJF_3,CJF,3,R,R-NAR032118010,4,1,0.4276868526004847,0.8345801285846142
NAR032118010,NAR,CJF_3,CJF,3,R,R-NAR032118010,4,2,0.6201845432735469,0.8345801285846142
NAR032118010,NAR,CJF_3,CJF,3,R,R-NAR032118010,4,3,0.740842944828629,0.8345801285846142
NAR032118010,NAR,CJF_3,CJF,3,R,R-NAR032118010,4,4,0.8345801285846142,0.8345801285846142
NAR032118010,NAR,JRS_1,JRS,1,R,R-NAR032118010,2,1,0.4711084555425734,0.8524587454117089
NAR032118010,NAR,JRS_1,JRS,1,R,R-NAR032118010,2,2,0.6674932671246695,0.8524587454117089
NAR032118011,NAR,CJF_1,CJF,1,R,R-NAR032118011,3,1,0.47659954751060896,0.8703874354217493
NAR032118011,NAR,CJF_1,CJF,1,R,R-NAR032118011,3,2,0.6979604816078595,0.8703874354217493
NAR032118011,NAR,CJF_1,CJF,1,R,R-NAR032118011,3,3,0.8703874354217493,0.8703874354217493
NAR032118011,NAR,CJF_2,CJF,2,R,R-NAR032118011,3,1,0.45691764315136224,0.8610002410884254
NAR032118011,NAR,CJF_2,CJF,2,R,R-NAR032118011,3,2,0.6796535682909272,0.8610002410884254
NAR032118011,NAR,CJF_2,CJF,2,R,R-NAR032118011,3,3,0.8610002410884254,0.8610002410884254
NAR032118011,NAR,CJF_3,CJF,3,R,R-NAR032118011,3,1,0.484374637042401,0.8525576102385315
NAR032118011,NAR,CJF_3,CJF,3,R,R-NAR032118011,3,2,0.6993884400661853,0.8525576102385315
NAR032118011,NAR,CJF_3,CJF,3,R,R-NAR032118011,3,3,0.8525576102385315,0.8525576102385315
NAR032118011,NAR,JRS_1,JRS,1,R,R-NAR032118011,2,1,0.30998302273904504,0.52878983941552
NAR032118011,NAR,JRS_1,JRS,1,R,R-NAR032118011,2,2,0.4286993017861662,0.52878983941552
NAR032118012,NAR,CJF_1,CJF,1,R,R-NAR032118012,5,1,0.42264980036479205,1.0547447961586802
NAR032118012,NAR,CJF_1,CJF,1,R,R-NAR032118012,5,2,0.656510020929143,1.0547447961586802
NAR032118012,NAR,CJF_1,CJF,1,R,R-NAR032118012,5,3,0.8347436319954213,1.0547447961586802
NAR032118012,NAR,CJF_1,CJF,1,R,R-NAR032118012,5,4,0.9666151891817754,1.0547447961586802
NAR032118012,NAR,CJF_1,CJF,1,R,R-NAR032118012,5,5,1.0547447961586802,1.0547447961586802
NAR032118012,NAR,CJF_2,CJF,2,R,R-NAR032118012,5,1,0.42513925950396364,1.0602463956106911
NAR032118012,NAR,CJF_2,CJF,2,R,R-NAR032118012,5,2,0.6814514751804285,1.0602463956106911
NAR032118012,NAR,CJF_2,CJF,2,R,R-NAR032118012,5,3,0.8559519220923624,1.0602463956106911
NAR032118012,NAR,CJF_2,CJF,2,R,R-NAR032118012,5,4,0.9755954509001965,1.0602463956106911
NAR032118012,NAR,CJF_2,CJF,2,R,R-NAR032118012,5,5,1.0602463956106911,1.0602463956106911
NAR032118012,NAR,CJF_3,CJF,3,R,R-NAR032118012,5,1,0.42441904475549885,1.0429785266290954
NAR032118012,NAR,CJF_3,CJF,3,R,R-NAR032118012,5,2,0.6636120529022804,1.0429785266290954
NAR032118012,NAR,CJF_3,CJF,3,R,R-NAR032118012,5,3,0.8338385992218125,1.0429785266290954
NAR032118012,NAR,CJF_3,CJF,3,R,R-NAR032118012,5,4,0.9393696998890212,1.0429785266290954
NAR032118012,NAR,CJF_3,CJF,3,R,R-NAR032118012,5,5,1.0429785266290954,1.0429785266290954
NAR032118012,NAR,JRS_1,JRS,1,R,R-NAR032118012,4,1,0.43425270243566527,1.0309051707840613
NAR032118012,NAR,JRS_1,JRS,1,R,R-NAR032118012,4,2,0.6433850630087553,1.0309051707840613
NAR032118012,NAR,JRS_1,JRS,1,R,R-NAR032118012,4,3,0.8137117857566577,1.0309051707840613
NAR032118012,NAR,JRS_1,JRS,1,R,R-NAR032118012,4,4,0.9299946316130779,1.0309051707840613
NAR032118013,NAR,CJF_1,CJF,1,R,R-NAR032118013,14,1,0.447362099948724,1.4220603348247962
NAR032118013,NAR,CJF_1,CJF,1,R,R-NAR032118013,14,2,0.571546022648288,1.4220603348247962
NAR032118013,NAR,CJF_1,CJF,1,R,R-NAR032118013,14,3,0.6795893100274946,1.4220603348247962
NAR032118013,NAR,CJF_1,CJF,1,R,R-NAR032118013,14,4,0.7671985280967818,1.4220603348247962
NAR032118013,NAR,CJF_1,CJF,1,R,R-NAR032118013,14,5,0.8367836449909389,1.4220603348247962
NAR032118013,NAR,CJF_1,CJF,1,R,R-NAR032118013,14,6,0.9058422596050797,1.4220603348247962
NAR032118013,NAR,CJF_1,CJF,1,R,R-NAR032118013,14,7,0.9826572809036037,1.4220603348247962
NAR032118013,NAR,CJF_1,CJF,1,R,R-NAR032118013,14,8,1.0534980417009423,1.4220603348247962
NAR032118013,NAR,CJF_1,CJF,1,R,R-NAR032118013,14,9,1.113544605727518,1.4220603348247962
NAR032118013,NAR,CJF_1,CJF,1,R,R-NAR032118013,14,10,1.1717077038993216,1.4220603348247962
NAR032118013,NAR,CJF_1,CJF,1,R,R-NAR032118013,14,11,1.228189975559501,1.4220603348247962
NAR032118013,NAR,CJF_1,CJF,1,R,R-NAR032118013,14,12,1.2893908638176839,1.4220603348247962
NAR032118013,NAR,CJF_1,CJF,1,R,R-NAR032118013,14,13,1.3482831036126517,1.4220603348247962
NAR032118013,NAR,CJF_1,CJF,1,R,R-NAR032118013,14,14,1.4220603348247962,1.4220603348247962
NAR032118013,NAR,CJF_2,CJF,2,R,R-NAR032118013,17,1,0.44336127004860276,1.5625437126161854
NAR032118013,NAR,CJF_2,CJF,2,R,R-NAR032118013,17,2,0.6201316090693892,1.5625437126161854
NAR032118013,NAR,CJF_2,CJF,2,R,R-NAR032118013,17,3,0.7607553275347473,1.5625437126161854
NAR032118013,NAR,CJF_2,CJF,2,R,R-NAR032118013,17,4,0.8483208567051096,1.5625437126161854
NAR032118013,NAR,CJF_2,CJF,2,R,R-NAR032118013,17,5,0.9250900133694909,1.5625437126161854
NAR032118013,NAR,CJF_2,CJF,2,R,R-NAR032118013,17,6,0.9677281414764312,1.5625437126161854
NAR032118013,NAR,CJF_2,CJF,2,R,R-NAR032118013,17,7,1.0146711345378407,1.5625437126161854
NAR032118013,NAR,CJF_2,CJF,2,R,R-NAR032118013,17,8,1.0807465490556751,1.5625437126161854
NAR032118013,NAR,CJF_2,CJF,2,R,R-NAR032118013,17,9,1.1424486783794188,1.5625437126161854
NAR032118013,NAR,CJF_2,CJF,2,R,R-NAR032118013,17,10,1.1786979292942803,1.5625437126161854
NAR032118013,NAR,CJF_2,CJF,2,R,R-NAR032118013,17,11,1.236300454382425,1.5625437126161854
NAR032118013,NAR,CJF_2,CJF,2,R,R-NAR032118013,17,12,1.2896665347557241,1.5625437126161854
NAR032118013,NAR,CJF_2,CJF,2,R,R-NAR032118013,17,13,1.328068218147821,1.5625437126161854
NAR032118013,NAR,CJF_2,CJF,2,R,R-NAR032118013,17,14,1.3941436326656547,1.5625437126161854
NAR032118013,NAR,CJF_2,CJF,2,R,R-NAR032118013,17,15,1.453795959871598,1.5625437126161854
NAR032118013,NAR,CJF_2,CJF,2,R,R-NAR032118013,17,16,1.5006705326933847,1.5625437126161854
NAR032118013,NAR,CJF_2,CJF,2,R,R-NAR032118013,17,17,1.5625437126161854,1.5625437126161854
NAR032118013,NAR,CJF_3,CJF,3,R,R-NAR032118013,14,1,0.4177989958591344,1.5094130966680743
NAR032118013,NAR,CJF_3,CJF,3,R,R-NAR032118013,14,2,0.5855432625910715,1.5094130966680743
NAR032118013,NAR,CJF_3,CJF,3,R,R-NAR032118013,14,3,0.7119896461656992,1.5094130966680743
NAR032118013,NAR,CJF_3,CJF,3,R,R-NAR032118013,14,4,0.8109303831573211,1.5094130966680743
NAR032118013,NAR,CJF_3,CJF,3,R,R-NAR032118013,14,5,0.8779582639874087,1.5094130966680743
NAR032118013,NAR,CJF_3,CJF,3,R,R-NAR032118013,14,6,0.9419266282701572,1.5094130966680743
NAR032118013,NAR,CJF_3,CJF,3,R,R-NAR032118013,14,7,1.0042619956023573,1.5094130966680743
NAR032118013,NAR,CJF_3,CJF,3,R,R-NAR032118013,14,8,1.0601292005264435,1.5094130966680743
NAR032118013,NAR,CJF_3,CJF,3,R,R-NAR032118013,14,9,1.122892523737682,1.5094130966680743
NAR032118013,NAR,CJF_3,CJF,3,R,R-NAR032118013,14,10,1.180820681491353,1.5094130966680743
NAR032118013,NAR,CJF_3,CJF,3,R,R-NAR032118013,14,11,1.230362375967003,1.5094130966680743
NAR032118013,NAR,CJF_3,CJF,3,R,R-NAR032118013,14,12,1.292697743299204,1.5094130966680743
NAR032118013,NAR,CJF_3,CJF,3,R,R-NAR032118013,14,13,1.3998822916091673,1.5094130966680743
NAR032118013,NAR,CJF_3,CJF,3,R,R-NAR032118013,14,14,1.5094130966680743,1.5094130966680743
NAR032118013,NAR,JRS_1,JRS,1,R,R-NAR032118013,13,1,0.48145452141360995,1.5009515723767506
NAR032118013,NAR,JRS_1,JRS,1,R,R-NAR032118013,13,2,0.6397373691439073,1.5009515723767506
NAR032118013,NAR,JRS_1,JRS,1,R,R-NAR032118013,13,3,0.7410380318272319,1.5009515723767506
NAR032118013,NAR,JRS_1,JRS,1,R,R-NAR032118013,13,4,0.8313672488369668,1.5009515723767506
NAR032118013,NAR,JRS_1,JRS,1,R,R-NAR032118013,13,5,0.90765763754822,1.5009515723767506
NAR032118013,NAR,JRS_1,JRS,1,R,R-NAR032118013,13,6,0.9773805660676953,1.5009515723767506
NAR032118013,NAR,JRS_1,JRS,1,R,R-NAR032118013,13,7,1.0563056424618478,1.5009515723767506
NAR032118013,NAR,JRS_1,JRS,1,R,R-NAR032118013,13,8,1.1233938832984236,1.5009515723767506
NAR032118013,NAR,JRS_1,JRS,1,R,R-NAR032118013,13,9,1.1900494291930073,1.5009515723767506
NAR032118013,NAR,JRS_1,JRS,1,R,R-NAR032118013,13,10,1.2400314591062094,1.5009515723767506
NAR032118013,NAR,JRS_1,JRS,1,R,R-NAR032118013,13,11,1.3036196223759005,1.5009515723767506
NAR032118013,NAR,JRS_1,JRS,1,R,R-NAR032118013,13,12,1.3786119262611736,1.5009515723767506
NAR032118013,NAR,JRS_1,JRS,1,R,R-NAR032118013,13,13,1.4316613387992685,1.5009515723767506
NAR032118014,NAR,CJF_1,CJF,1,R,R-NAR032118014,9,1,0.5512490644296448,1.377493853115661
NAR032118014,NAR,CJF_1,CJF,1,R,R-NAR032118014,9,2,0.7406524510013397,1.377493853115661
NAR032118014,NAR,CJF_1,CJF,1,R,R-NAR032118014,9,3,0.8664214663581196,1.377493853115661
NAR032118014,NAR,CJF_1,CJF,1,R,R-NAR032118014,9,4,0.9836494062831425,1.377493853115661
NAR032118014,NAR,CJF_1,CJF,1,R,R-NAR032118014,9,5,1.0516753707920097,1.377493853115661
NAR032118014,NAR,CJF_1,CJF,1,R,R-NAR032118014,9,6,1.1346179534119325,1.377493853115661
NAR032118014,NAR,CJF_1,CJF,1,R,R-NAR032118014,9,7,1.226343722619759,1.377493853115661
NAR032118014,NAR,CJF_1,CJF,1,R,R-NAR032118014,9,8,1.3029107625603835,1.377493853115661
NAR032118014,NAR,CJF_1,CJF,1,R,R-NAR032118014,9,9,1.377493853115661,1.377493853115661
NAR032118014,NAR,CJF_2,CJF,2,R,R-NAR032118014,9,1,0.5956629873798664,1.3485626196384035
NAR032118014,NAR,CJF_2,CJF,2,R,R-NAR032118014,9,2,0.7506256198909472,1.3485626196384035
NAR032118014,NAR,CJF_2,CJF,2,R,R-NAR032118014,9,3,0.8649238094276671,1.3485626196384035
NAR032118014,NAR,CJF_2,CJF,2,R,R-NAR032118014,9,4,0.9940069550957658,1.3485626196384035
NAR032118014,NAR,CJF_2,CJF,2,R,R-NAR032118014,9,5,1.0704890307306825,1.3485626196384035
NAR032118014,NAR,CJF_2,CJF,2,R,R-NAR032118014,9,6,1.1540841775628985,1.3485626196384035
NAR032118014,NAR,CJF_2,CJF,2,R,R-NAR032118014,9,7,1.2251683806313263,1.3485626196384035
NAR032118014,NAR,CJF_2,CJF,2,R,R-NAR032118014,9,8,1.2914135248700442,1.3485626196384035
NAR032118014,NAR,CJF_2,CJF,2,R,R-NAR032118014,9,9,1.3485626196384035,1.3485626196384035
NAR032118014,NAR,CJF_3,CJF,3,R,R-NAR032118014,9,1,0.5150354192028763,1.3308032848541005
NAR032118014,NAR,CJF_3,CJF,3,R,R-NAR032118014,9,2,0.6879194226965673,1.3308032848541005
NAR032118014,NAR,CJF_3,CJF,3,R,R-NAR032118014,9,3,0.8178452275699303,1.3308032848541005
NAR032118014,NAR,CJF_3,CJF,3,R,R-NAR032118014,9,4,0.9283051604951909,1.3308032848541005
NAR032118014,NAR,CJF_3,CJF,3,R,R-NAR032118014,9,5,1.0028085952359878,1.3308032848541005
NAR032118014,NAR,CJF_3,CJF,3,R,R-NAR032118014,9,6,1.084057192186067,1.3308032848541005
NAR032118014,NAR,CJF_3,CJF,3,R,R-NAR032118014,9,7,1.1733586985843907,1.3308032848541005
NAR032118014,NAR,CJF_3,CJF,3,R,R-NAR032118014,9,8,1.2583772120320103,1.3308032848541005
NAR032118014,NAR,CJF_3,CJF,3,R,R-NAR032118014,9,9,1.3308032848541005,1.3308032848541005
NAR032118014,NAR,JRS_1,JRS,1,R,R-NAR032118014,8,1,0.3086351331048802,0.8052602594526457
NAR032118014,NAR,JRS_1,JRS,1,R,R-NAR032118014,8,2,0.3843977595234853,0.8052602594526457
NAR032118014,NAR,JRS_1,JRS,1,R,R-NAR032118014,8,3,0.4703720931497772,0.8052602594526457
NAR032118014,NAR,JRS_1,JRS,1,R,R-NAR032118014,8,4,0.5559183591795891,0.8052602594526457
NAR032118014,NAR,JRS_1,JRS,1,R,R-NAR032118014,8,5,0.6046534809912978,0.8052602594526457
NAR032118014,NAR,JRS_1,JRS,1,R,R-NAR032118014,8,6,0.6529605352065271,0.8052602594526457
NAR032118014,NAR,JRS_1,JRS,1,R,R-NAR032118014,8,7,0.7012675894217563,0.8052602594526457
NAR032118014,NAR,JRS_1,JRS,1,R,R-NAR032118014,8,8,0.7512052502388535,0.8052602594526457
NAR032118015,NAR,CJF_1,CJF,1,R,R-NAR032118015,9,1,0.4476785482047027,1.4069344187442474
NAR032118015,NAR,CJF_1,CJF,1,R,R-NAR032118015,9,2,0.6847067887692094,1.4069344187442474
NAR032118015,NAR,CJF_1,CJF,1,R,R-NAR032118015,9,3,0.8740989667831681,1.4069344187442474
NAR032118015,NAR,CJF_1,CJF,1,R,R-NAR032118015,9,4,1.0841087167802954,1.4069344187442474
NAR032118015,NAR,CJF_1,CJF,1,R,R-NAR032118015,9,5,1.1583807984509735,1.4069344187442474
NAR032118015,NAR,CJF_1,CJF,1,R,R-NAR032118015,9,6,1.2331643946668098,1.4069344187442474
NAR032118015,NAR,CJF_1,CJF,1,R,R-NAR032118015,9,7,1.3079479908826466,1.4069344187442474
NAR032118015,NAR,CJF_1,CJF,1,R,R-NAR032118015,9,8,1.3544319812449654,1.4069344187442474
NAR032118015,NAR,CJF_1,CJF,1,R,R-NAR032118015,9,9,1.4069344187442474,1.4069344187442474
NAR032118015,NAR,CJF_2,CJF,2,R,R-NAR032118015,8,1,0.4906503355572413,1.461386187250256
NAR032118015,NAR,CJF_2,CJF,2,R,R-NAR032118015,8,2,0.7306930936251279,1.461386187250256
NAR032118015,NAR,CJF_2,CJF,2,R,R-NAR032118015,8,3,0.9370004244413388,1.461386187250256
NAR032118015,NAR,CJF_2,CJF,2,R,R-NAR032118015,8,4,1.1346219263449726,1.461386187250256
NAR032118015,NAR,CJF_2,CJF,2,R,R-NAR032118015,8,5,1.2077347908129983,1.461386187250256
NAR032118015,NAR,CJF_2,CJF,2,R,R-NAR032118015,8,6,1.2889561084120964,1.461386187250256
NAR032118015,NAR,CJF_2,CJF,2,R,R-NAR032118015,8,7,1.3847989912171994,1.461386187250256
NAR032118015,NAR,CJF_2,CJF,2,R,R-NAR032118015,8,8,1.461386187250256,1.461386187250256
NAR032118015,NAR,CJF_3,CJF,3,R,R-NAR032118015,7,1,0.4344397138138955,1.3219566496698512
NAR032118015,NAR,CJF_3,CJF,3,R,R-NAR032118015,7,2,0.7819669762633119,1.3219566496698512
NAR032118015,NAR,CJF_3,CJF,3,R,R-NAR032118015,7,3,0.9589433259059558,1.3219566496698512
NAR032118015,NAR,CJF_3,CJF,3,R,R-NAR032118015,7,4,1.0576332847307761,1.3219566496698512
NAR032118015,NAR,CJF_3,CJF,3,R,R-NAR032118015,7,5,1.1462301005350866,1.3219566496698512
NAR032118015,NAR,CJF_3,CJF,3,R,R-NAR032118015,7,6,1.2404779642688406,1.3219566496698512
NAR032118015,NAR,CJF_3,CJF,3,R,R-NAR032118015,7,7,1.3219566496698512,1.3219566496698512
NAR032118015,NAR,JRS_1,JRS,1,R,R-NAR032118015,8,1,0.44609867883932597,1.2652707389541984
NAR032118015,NAR,JRS_1,JRS,1,R,R-NAR032118015,8,2,0.6418331459296108,1.2652707389541984
NAR032118015,NAR,JRS_1,JRS,1,R,R-NAR032118015,8,3,0.759455040615167,1.2652707389541984
NAR032118015,NAR,JRS_1,JRS,1,R,R-NAR032118015,8,4,0.8625134269791069,1.2652707389541984
NAR032118015,NAR,JRS_1,JRS,1,R,R-NAR032118015,8,5,0.952820449335285,1.2652707389541984
NAR032118015,NAR,JRS_1,JRS,1,R,R-NAR032118015,8,6,1.0276578912129188,1.2652707389541984
NAR032118015,NAR,JRS_1,JRS,1,R,R-NAR032118015,8,7,1.100126274720386,1.2652707389541984
NAR032118015,NAR,JRS_1,JRS,1,R,R-NAR032118015,8,8,1.1951714138168985,1.2652707389541984
NAR032118016,NAR,CJF_1,CJF,1,R,R-NAR032118016,7,1,0.4468170226951102,1.1245656915547226
NAR032118016,NAR,CJF_1,CJF,1,R,R-NAR032118016,7,2,0.6318681650237629,1.1245656915547226
NAR032118016,NAR,CJF_1,CJF,1,R,R-NAR032118016,7,3,0.7445714220028226,1.1245656915547226
NAR032118016,NAR,CJF_1,CJF,1,R,R-NAR032118016,7,4,0.8720334180654915,1.1245656915547226
NAR032118016,NAR,CJF_1,CJF,1,R,R-NAR032118016,7,5,0.9712571121957956,1.1245656915547226
NAR032118016,NAR,CJF_1,CJF,1,R,R-NAR032118016,7,6,1.0550636892251217,1.1245656915547226
NAR032118016,NAR,CJF_1,CJF,1,R,R-NAR032118016,7,7,1.1245656915547226,1.1245656915547226
NAR032118016,NAR,CJF_2,CJF,2,R,R-NAR032118016,7,1,0.45121222515927967,1.135579399595857
NAR032118016,NAR,CJF_2,CJF,2,R,R-NAR032118016,7,2,0.6231328347196625,1.135579399595857
NAR032118016,NAR,CJF_2,CJF,2,R,R-NAR032118016,7,3,0.7618036715125742,1.135579399595857
NAR032118016,NAR,CJF_2,CJF,2,R,R-NAR032118016,7,4,0.867240924657669,1.135579399595857
NAR032118016,NAR,CJF_2,CJF,2,R,R-NAR032118016,7,5,0.9840702366077786,1.135579399595857
NAR032118016,NAR,CJF_2,CJF,2,R,R-NAR032118016,7,6,1.070038635947797,1.135579399595857
NAR032118016,NAR,CJF_2,CJF,2,R,R-NAR032118016,7,7,1.135579399595857,1.135579399595857
NAR032118016,NAR,CJF_3,CJF,3,R,R-NAR032118016,7,1,0.4647642152269401,1.132460413602288
NAR032118016,NAR,CJF_3,CJF,3,R,R-NAR032118016,7,2,0.6327132041765327,1.132460413602288
NAR032118016,NAR,CJF_3,CJF,3,R,R-NAR032118016,7,3,0.7455445676146517,1.132460413602288
NAR032118016,NAR,CJF_3,CJF,3,R,R-NAR032118016,7,4,0.8796030297727557,1.132460413602288
NAR032118016,NAR,CJF_3,CJF,3,R,R-NAR032118016,7,5,0.9777210864278623,1.132460413602288
NAR032118016,NAR,CJF_3,CJF,3,R,R-NAR032118016,7,6,1.060033368892629,1.132460413602288
NAR032118016,NAR,CJF_3,CJF,3,R,R-NAR032118016,7,7,1.132460413602288,1.132460413602288
NAR032118016,NAR,JRS_1,JRS,1,R,R-NAR032118016,6,1,0.45228656275598556,1.0738215397098632
NAR032118016,NAR,JRS_1,JRS,1,R,R-NAR032118016,6,2,0.5624256930817181,1.0738215397098632
NAR032118016,NAR,JRS_1,JRS,1,R,R-NAR032118016,6,3,0.6884045455018633,1.0738215397098632
NAR032118016,NAR,JRS_1,JRS,1,R,R-NAR032118016,6,4,0.8132860158296027,1.0738215397098632
NAR032118016,NAR,JRS_1,JRS,1,R,R-NAR032118016,6,5,0.9069471185754081,1.0738215397098632
NAR032118016,NAR,JRS_1,JRS,1,R,R-NAR032118016,6,6,0.986185034061964,1.0738215397098632
NAR032118017,NAR,CJF_1,CJF,1,R,R-NAR032118017,8,1,0.5905100209467444,1.4563830588827986
NAR032118017,NAR,CJF_1,CJF,1,R,R-NAR032118017,8,2,0.8349647063420851,1.4563830588827986
NAR032118017,NAR,CJF_1,CJF,1,R,R-NAR032118017,8,3,0.9818314354852975,1.4563830588827986
NAR032118017,NAR,CJF_1,CJF,1,R,R-NAR032118017,8,4,1.089883767190422,1.4563830588827986
NAR032118017,NAR,CJF_1,CJF,1,R,R-NAR032118017,8,5,1.1975706260942778,1.4563830588827986
NAR032118017,NAR,CJF_1,CJF,1,R,R-NAR032118017,8,6,1.3022143806242383,1.4563830588827986
NAR032118017,NAR,CJF_1,CJF,1,R,R-NAR032118017,8,7,1.3959089649361827,1.4563830588827986
NAR032118017,NAR,CJF_1,CJF,1,R,R-NAR032118017,8,8,1.4563830588827986,1.4563830588827986
NAR032118017,NAR,CJF_2,CJF,2,R,R-NAR032118017,9,1,0.5790524797610601,1.462295829259373
NAR032118017,NAR,CJF_2,CJF,2,R,R-NAR032118017,9,2,0.7048546557490009,1.462295829259373
NAR032118017,NAR,CJF_2,CJF,2,R,R-NAR032118017,9,3,0.8419720142366078,1.462295829259373
NAR032118017,NAR,CJF_2,CJF,2,R,R-NAR032118017,9,4,0.9943336772666628,1.462295829259373
NAR032118017,NAR,CJF_2,CJF,2,R,R-NAR032118017,9,5,1.0873154910954967,1.462295829259373
NAR032118017,NAR,CJF_2,CJF,2,R,R-NAR032118017,9,6,1.2088449621692698,1.462295829259373
NAR032118017,NAR,CJF_2,CJF,2,R,R-NAR032118017,9,7,1.3037677278380615,1.462295829259373
NAR032118017,NAR,CJF_2,CJF,2,R,R-NAR032118017,9,8,1.3967967600297635,1.462295829259373
NAR032118017,NAR,CJF_2,CJF,2,R,R-NAR032118017,9,9,1.462295829259373,1.462295829259373
NAR032118017,NAR,CJF_3,CJF,3,R,R-NAR032118017,8,1,0.6732643190623591,1.4607230662458257
NAR032118017,NAR,CJF_3,CJF,3,R,R-NAR032118017,8,2,0.842640734922216,1.4607230662458257
NAR032118017,NAR,CJF_3,CJF,3,R,R-NAR032118017,8,3,0.9809997906995022,1.4607230662458257
NAR032118017,NAR,CJF_3,CJF,3,R,R-NAR032118017,8,4,1.0818860350951853,1.4607230662458257
NAR032118017,NAR,CJF_3,CJF,3,R,R-NAR032118017,8,5,1.1912821894572085,1.4607230662458257
NAR032118017,NAR,CJF_3,CJF,3,R,R-NAR032118017,8,6,1.298345420460915,1.4607230662458257
NAR032118017,NAR,CJF_3,CJF,3,R,R-NAR032118017,8,7,1.4004643400569834,1.4607230662458257
NAR032118017,NAR,CJF_3,CJF,3,R,R-NAR032118017,8,8,1.4607230662458257,1.4607230662458257
NAR032118017,NAR,JRS_1,JRS,1,R,R-NAR032118017,7,1,0.3119347593259683,0.7867547123247758
NAR032118017,NAR,JRS_1,JRS,1,R,R-NAR032118017,7,2,0.4201028548073162,0.7867547123247758
NAR032118017,NAR,JRS_1,JRS,1,R,R-NAR032118017,7,3,0.5121471767698624,0.7867547123247758
NAR032118017,NAR,JRS_1,JRS,1,R,R-NAR032118017,7,4,0.5522659317752784,0.7867547123247758
NAR032118017,NAR,JRS_1,JRS,1,R,R-NAR032118017,7,5,0.6073643875499524,0.7867547123247758
NAR032118017,NAR,JRS_1,JRS,1,R,R-NAR032118017,7,6,0.682903578410514,0.7867547123247758
NAR032118017,NAR,JRS_1,JRS,1,R,R-NAR032118017,7,7,0.7348291453676455,0.7867547123247758
NAR032118018,NAR,CJF_1,CJF,1,R,R-NAR032118018,20,1,0.48864909234887066,1.8815632613560407
NAR032118018,NAR,CJF_1,CJF,1,R,R-NAR032118018,20,2,0.6843077097556836,1.8815632613560407
NAR032118018,NAR,CJF_1,CJF,1,R,R-NAR032118018,20,3,0.8143370716374276,1.8815632613560407
NAR032118018,NAR,CJF_1,CJF,1,R,R-NAR032118018,20,4,0.9291297070982799,1.8815632613560407
NAR032118018,NAR,CJF_1,CJF,1,R,R-NAR032118018,20,5,1.018228626838883,1.8815632613560407
NAR032118018,NAR,CJF_1,CJF,1,R,R-NAR032118018,20,6,1.1011528432335043,1.8815632613560407
NAR032118018,NAR,CJF_1,CJF,1,R,R-NAR032118018,20,7,1.1799605907308044,1.8815632613560407
NAR032118018,NAR,CJF_1,CJF,1,R,R-NAR032118018,20,8,1.2498721322092479,1.8815632613560407
NAR032118018,NAR,CJF_1,CJF,1,R,R-NAR032118018,20,9,1.3266216452578874,1.8815632613560407
NAR032118018,NAR,CJF_1,CJF,1,R,R-NAR032118018,20,10,1.3968648208484375,1.8815632613560407
NAR032118018,NAR,CJF_1,CJF,1,R,R-NAR032118018,20,11,1.4456965666721138,1.8815632613560407
NAR032118018,NAR,CJF_1,CJF,1,R,R-NAR032118018,20,12,1.4902460265424153,1.8815632613560407
NAR032118018,NAR,CJF_1,CJF,1,R,R-NAR032118018,20,13,1.5517588131701627,1.8815632613560407
NAR032118018,NAR,CJF_1,CJF,1,R,R-NAR032118018,20,14,1.5985323245451781,1.8815632613560407
NAR032118018,NAR,CJF_1,CJF,1,R,R-NAR032118018,20,15,1.6367412640134447,1.8815632613560407
NAR032118018,NAR,CJF_1,CJF,1,R,R-NAR032118018,20,16,1.681290723883746,1.8815632613560407
NAR032118018,NAR,CJF_1,CJF,1,R,R-NAR032118018,20,17,1.7260060008101012,1.8815632613560407
NAR032118018,NAR,CJF_1,CJF,1,R,R-NAR032118018,20,18,1.7710529118485636,1.8815632613560407
NAR032118018,NAR,CJF_1,CJF,1,R,R-NAR032118018,20,19,1.8132125031580975,1.8815632613560407
NAR032118018,NAR,CJF_1,CJF,1,R,R-NAR032118018,20,20,1.8815632613560407,1.8815632613560407
NAR032118018,NAR,CJF_2,CJF,2,R,R-NAR032118018,19,1,0.3760815080777529,1.8501713427571547
NAR032118018,NAR,CJF_2,CJF,2,R,R-NAR032118018,19,2,0.628045244360187,1.8501713427571547
NAR032118018,NAR,CJF_2,CJF,2,R,R-NAR032118018,19,3,0.7755955543721431,1.8501713427571547
NAR032118018,NAR,CJF_2,CJF,2,R,R-NAR032118018,19,4,0.9015774225133601,1.8501713427571547
NAR032118018,NAR,CJF_2,CJF,2,R,R-NAR032118018,19,5,0.9891600749192948,1.8501713427571547
NAR032118018,NAR,CJF_2,CJF,2,R,R-NAR032118018,19,6,1.059659584632086,1.8501713427571547
NAR032118018,NAR,CJF_2,CJF,2,R,R-NAR032118018,19,7,1.1301590943448772,1.8501713427571547
NAR032118018,NAR,CJF_2,CJF,2,R,R-NAR032118018,19,8,1.2155748078105937,1.8501713427571547
NAR032118018,NAR,CJF_2,CJF,2,R,R-NAR032118018,19,9,1.2946915995185366,1.8501713427571547
NAR032118018,NAR,CJF_2,CJF,2,R,R-NAR032118018,19,10,1.3566243010018963,1.8501713427571547
NAR032118018,NAR,CJF_2,CJF,2,R,R-NAR032118018,19,11,1.4079746766127663,1.8501713427571547
NAR032118018,NAR,CJF_2,CJF,2,R,R-NAR032118018,19,12,1.4485408312882666,1.8501713427571547
NAR032118018,NAR,CJF_2,CJF,2,R,R-NAR032118018,19,13,1.51692387582656,1.8501713427571547
NAR032118018,NAR,CJF_2,CJF,2,R,R-NAR032118018,19,14,1.561722960851056,1.8501713427571547
NAR032118018,NAR,CJF_2,CJF,2,R,R-NAR032118018,19,15,1.5958892462373429,1.8501713427571547
NAR032118018,NAR,CJF_2,CJF,2,R,R-NAR032118018,19,16,1.6429562177334969,1.8501713427571547
NAR032118018,NAR,CJF_2,CJF,2,R,R-NAR032118018,19,17,1.6942561195786467,1.8501713427571547
NAR032118018,NAR,CJF_2,CJF,2,R,R-NAR032118018,19,18,1.760472225176722,1.8501713427571547
NAR032118018,NAR,CJF_2,CJF,2,R,R-NAR032118018,19,19,1.8501713427571547,1.8501713427571547
NAR032118018,NAR,CJF_3,CJF,3,R,R-NAR032118018,20,1,0.5136842896820263,1.8813551087204932
NAR032118018,NAR,CJF_3,CJF,3,R,R-NAR032118018,20,2,0.6785004048656038,1.8813551087204932
NAR032118018,NAR,CJF_3,CJF,3,R,R-NAR032118018,20,3,0.8138844167658692,1.8813551087204932
NAR032118018,NAR,CJF_3,CJF,3,R,R-NAR032118018,20,4,0.9301322424622607,1.8813551087204932
NAR032118018,NAR,CJF_3,CJF,3,R,R-NAR032118018,20,5,1.0188525235037285,1.8813551087204932
NAR032118018,NAR,CJF_3,CJF,3,R,R-NAR032118018,20,6,1.1097267579921315,1.8813551087204932
NAR032118018,NAR,CJF_3,CJF,3,R,R-NAR032118018,20,7,1.188001485063032,1.8813551087204932
NAR032118018,NAR,CJF_3,CJF,3,R,R-NAR032118018,20,8,1.2641222586869971,1.8813551087204932
NAR032118018,NAR,CJF_3,CJF,3,R,R-NAR032118018,20,9,1.331751915932493,1.8813551087204932
NAR032118018,NAR,CJF_3,CJF,3,R,R-NAR032118018,20,10,1.3930194707646006,1.8813551087204932
NAR032118018,NAR,CJF_3,CJF,3,R,R-NAR032118018,20,11,1.4522577695590464,1.8813551087204932
NAR032118018,NAR,CJF_3,CJF,3,R,R-NAR032118018,20,12,1.4924347005951826,1.8813551087204932
NAR032118018,NAR,CJF_3,CJF,3,R,R-NAR032118018,20,13,1.5388989155991426,1.8813551087204932
NAR032118018,NAR,CJF_3,CJF,3,R,R-NAR032118018,20,14,1.5874672050863288,1.8813551087204932
NAR032118018,NAR,CJF_3,CJF,3,R,R-NAR032118018,20,15,1.6276441361224645,1.8813551087204932
NAR032118018,NAR,CJF_3,CJF,3,R,R-NAR032118018,20,16,1.6762872440552152,1.8813551087204932
NAR032118018,NAR,CJF_3,CJF,3,R,R-NAR032118018,20,17,1.7143102216444155,1.8813551087204932
NAR032118018,NAR,CJF_3,CJF,3,R,R-NAR032118018,20,18,1.7566161666456326,1.8813551087204932
NAR032118018,NAR,CJF_3,CJF,3,R,R-NAR032118018,20,19,1.8136755725112879,1.8813551087204932
NAR032118018,NAR,CJF_3,CJF,3,R,R-NAR032118018,20,20,1.8813551087204932,1.8813551087204932
NAR032118018,NAR,JRS_1,JRS,1,R,R-NAR032118018,14,1,0.355930647320927,1.7682439608276537
NAR032118018,NAR,JRS_1,JRS,1,R,R-NAR032118018,14,2,0.5081378688851741,1.7682439608276537
NAR032118018,NAR,JRS_1,JRS,1,R,R-NAR032118018,14,3,0.6804234779708637,1.7682439608276537
NAR032118018,NAR,JRS_1,JRS,1,R,R-NAR032118018,14,4,0.8039330468966399,1.7682439608276537
NAR032118018,NAR,JRS_1,JRS,1,R,R-NAR032118018,14,5,0.9358126478022772,1.7682439608276537
NAR032118018,NAR,JRS_1,JRS,1,R,R-NAR032118018,14,6,1.0333647281221032,1.7682439608276537
NAR032118018,NAR,JRS_1,JRS,1,R,R-NAR032118018,14,7,1.1052583996005796,1.7682439608276537
NAR032118018,NAR,JRS_1,JRS,1,R,R-NAR032118018,14,8,1.1884616536011705,1.7682439608276537
NAR032118018,NAR,JRS_1,JRS,1,R,R-NAR032118018,14,9,1.2659851930269876,1.7682439608276537
NAR032118018,NAR,JRS_1,JRS,1,R,R-NAR032118018,14,10,1.3348894673357763,1.7682439608276537
NAR032118018,NAR,JRS_1,JRS,1,R,R-NAR032118018,14,11,1.3866050580379436,1.7682439608276537
NAR032118018,NAR,JRS_1,JRS,1,R,R-NAR032118018,14,12,1.4525697818044787,1.7682439608276537
NAR032118018,NAR,JRS_1,JRS,1,R,R-NAR032118018,14,13,1.5559511165813793,1.7682439608276537
NAR032118018,NAR,JRS_1,JRS,1,R,R-NAR032118018,14,14,1.6478234823264313,1.7682439608276537
NAR032118019,NAR,CJF_1,CJF,1,R,R-NAR032118019,8,1,0.43550396823962123,1.1947345702918049
NAR032118019,NAR,CJF_1,CJF,1,R,R-NAR032118019,8,2,0.6488495720264875,1.1947345702918049
NAR032118019,NAR,CJF_1,CJF,1,R,R-NAR032118019,8,3,0.7747789443399009,1.1947345702918049
NAR032118019,NAR,CJF_1,CJF,1,R,R-NAR032118019,8,4,0.8813978862727727,1.1947345702918049
NAR032118019,NAR,CJF_1,CJF,1,R,R-NAR032118019,8,5,0.9524771808946875,1.1947345702918049
NAR032118019,NAR,CJF_1,CJF,1,R,R-NAR032118019,8,6,1.0398934123681398,1.1947345702918049
NAR032118019,NAR,CJF_1,CJF,1,R,R-NAR032118019,8,7,1.1187468781339132,1.1947345702918049
NAR032118019,NAR,CJF_1,CJF,1,R,R-NAR032118019,8,8,1.1947345702918049,1.1947345702918049
NAR032118019,NAR,CJF_2,CJF,2,R,R-NAR032118019,8,1,0.5140248145640613,1.2324457040679595
NAR032118019,NAR,CJF_2,CJF,2,R,R-NAR032118019,8,2,0.696762197475693,1.2324457040679595
NAR032118019,NAR,CJF_2,CJF,2,R,R-NAR032118019,8,3,0.8177904669385507,1.2324457040679595
NAR032118019,NAR,CJF_2,CJF,2,R,R-NAR032118019,8,4,0.9142657695273319,1.2324457040679595
NAR032118019,NAR,CJF_2,CJF,2,R,R-NAR032118019,8,5,0.9957479349808004,1.2324457040679595
NAR032118019,NAR,CJF_2,CJF,2,R,R-NAR032118019,8,6,1.0838211177691672,1.2324457040679595
NAR032118019,NAR,CJF_2,CJF,2,R,R-NAR032118019,8,7,1.150963538614491,1.2324457040679595
NAR032118019,NAR,CJF_2,CJF,2,R,R-NAR032118019,8,8,1.2324457040679595,1.2324457040679595
NAR032118019,NAR,CJF_3,CJF,3,R,R-NAR032118019,8,1,0.4837427110870741,1.182862431134508
NAR032118019,NAR,CJF_3,CJF,3,R,R-NAR032118019,8,2,0.6528510590038663,1.182862431134508
NAR032118019,NAR,CJF_3,CJF,3,R,R-NAR032118019,8,3,0.7823926760719393,1.182862431134508
NAR032118019,NAR,CJF_3,CJF,3,R,R-NAR032118019,8,4,0.868120592910831,1.182862431134508
NAR032118019,NAR,CJF_3,CJF,3,R,R-NAR032118019,8,5,0.9580954791301849,1.182862431134508
NAR032118019,NAR,CJF_3,CJF,3,R,R-NAR032118019,8,6,1.0537688162079537,1.182862431134508
NAR032118019,NAR,CJF_3,CJF,3,R,R-NAR032118019,8,7,1.1361457679494211,1.182862431134508
NAR032118019,NAR,CJF_3,CJF,3,R,R-NAR032118019,8,8,1.182862431134508,1.182862431134508
NAR032118019,NAR,JRS_1,JRS,1,R,R-NAR032118019,7,1,0.529438002349492,1.2567609753858213
NAR032118019,NAR,JRS_1,JRS,1,R,R-NAR032118019,7,2,0.7051408544403496,1.2567609753858213
NAR032118019,NAR,JRS_1,JRS,1,R,R-NAR032118019,7,3,0.8619256172906309,1.2567609753858213
NAR032118019,NAR,JRS_1,JRS,1,R,R-NAR032118019,7,4,0.9442411028437305,1.2567609753858213
NAR032118019,NAR,JRS_1,JRS,1,R,R-NAR032118019,7,5,1.013155261335252,1.2567609753858213
NAR032118019,NAR,JRS_1,JRS,1,R,R-NAR032118019,7,6,1.119943954934588,1.2567609753858213
NAR032118019,NAR,JRS_1,JRS,1,R,R-NAR032118019,7,7,1.190022836464569,1.2567609753858213
NAR032118021,NAR,CJF_1,CJF,1,R,R-NAR032118021,8,1,0.42302750503898756,1.217331021737659
NAR032118021,NAR,CJF_1,CJF,1,R,R-NAR032118021,8,2,0.5899195110048352,1.217331021737659
NAR032118021,NAR,CJF_1,CJF,1,R,R-NAR032118021,8,3,0.7284263763306854,1.217331021737659
NAR032118021,NAR,CJF_1,CJF,1,R,R-NAR032118021,8,4,0.8341497909247741,1.217331021737659
NAR032118021,NAR,CJF_1,CJF,1,R,R-NAR032118021,8,5,0.9285459185953902,1.217331021737659
NAR032118021,NAR,CJF_1,CJF,1,R,R-NAR032118021,8,6,1.027650595262234,1.217331021737659
NAR032118021,NAR,CJF_1,CJF,1,R,R-NAR032118021,8,7,1.1229348940670427,1.217331021737659
NAR032118021,NAR,CJF_1,CJF,1,R,R-NAR032118021,8,8,1.217331021737659,1.217331021737659
NAR032118021,NAR,CJF_2,CJF,2,R,R-NAR032118021,8,1,0.3913875998420018,1.1940537156515139
NAR032118021,NAR,CJF_2,CJF,2,R,R-NAR032118021,8,2,0.5758234397122233,1.1940537156515139
NAR032118021,NAR,CJF_2,CJF,2,R,R-NAR032118021,8,3,0.7183910032375962,1.1940537156515139
NAR032118021,NAR,CJF_2,CJF,2,R,R-NAR032118021,8,4,0.8076807415380252,1.1940537156515139
NAR032118021,NAR,CJF_2,CJF,2,R,R-NAR032118021,8,5,0.899898661473136,1.1940537156515139
NAR032118021,NAR,CJF_2,CJF,2,R,R-NAR032118021,8,6,1.0043000723941482,1.1940537156515139
NAR032118021,NAR,CJF_2,CJF,2,R,R-NAR032118021,8,7,1.1079275412093539,1.1940537156515139
NAR032118021,NAR,CJF_2,CJF,2,R,R-NAR032118021,8,8,1.1940537156515139,1.1940537156515139
NAR032118021,NAR,CJF_3,CJF,3,R,R-NAR032118021,8,1,0.4758265685276756,1.23873919504062
NAR032118021,NAR,CJF_3,CJF,3,R,R-NAR032118021,8,2,0.611182363462362,1.23873919504062
NAR032118021,NAR,CJF_3,CJF,3,R,R-NAR032118021,8,3,0.7520916541318048,1.23873919504062
NAR032118021,NAR,CJF_3,CJF,3,R,R-NAR032118021,8,4,0.8556553088473069,1.23873919504062
NAR032118021,NAR,CJF_3,CJF,3,R,R-NAR032118021,8,5,0.9415029415984452,1.23873919504062
NAR032118021,NAR,CJF_3,CJF,3,R,R-NAR032118021,8,6,1.0575151416319275,1.23873919504062
NAR032118021,NAR,CJF_3,CJF,3,R,R-NAR032118021,8,7,1.1502578239662895,1.23873919504062
NAR032118021,NAR,CJF_3,CJF,3,R,R-NAR032118021,8,8,1.23873919504062,1.23873919504062
NAR032118021,NAR,JRS_1,JRS,1,R,R-NAR032118021,7,1,0.4235669937371329,1.249057374892238
NAR032118021,NAR,JRS_1,JRS,1,R,R-NAR032118021,7,2,0.6021996103673428,1.249057374892238
NAR032118021,NAR,JRS_1,JRS,1,R,R-NAR032118021,7,3,0.7439964100620677,1.249057374892238
NAR032118021,NAR,JRS_1,JRS,1,R,R-NAR032118021,7,4,0.8513722159725358,1.249057374892238
NAR032118021,NAR,JRS_1,JRS,1,R,R-NAR032118021,7,5,0.9502715648864635,1.249057374892238
NAR032118021,NAR,JRS_1,JRS,1,R,R-NAR032118021,7,6,1.0516484389219058,1.249057374892238
NAR032118021,NAR,JRS_1,JRS,1,R,R-NAR032118021,7,7,1.153025312957348,1.249057374892238
NAR032118022,NAR,CJF_1,CJF,1,R,R-NAR032118022,8,1,0.343889546930117,1.1650472458285388
NAR032118022,NAR,CJF_1,CJF,1,R,R-NAR032118022,8,2,0.49182100662311085,1.1650472458285388
NAR032118022,NAR,CJF_1,CJF,1,R,R-NAR032118022,8,3,0.6423201843565081,1.1650472458285388
NAR032118022,NAR,CJF_1,CJF,1,R,R-NAR032118022,8,4,0.7930776053494578,1.1650472458285388
NAR032118022,NAR,CJF_1,CJF,1,R,R-NAR032118022,8,5,0.8890447793511997,1.1650472458285388
NAR032118022,NAR,CJF_1,CJF,1,R,R-NAR032118022,8,6,0.9889496115000637,1.1650472458285388
NAR032118022,NAR,CJF_1,CJF,1,R,R-NAR032118022,8,7,1.0689939907402795,1.1650472458285388
NAR032118022,NAR,CJF_1,CJF,1,R,R-NAR032118022,8,8,1.1650472458285388,1.1650472458285388
NAR032118022,NAR,CJF_2,CJF,2,R,R-NAR032118022,8,1,0.36575067676037043,1.1946789612560775
NAR032118022,NAR,CJF_2,CJF,2,R,R-NAR032118022,8,2,0.5171273168062867,1.1946789612560775
NAR032118022,NAR,CJF_2,CJF,2,R,R-NAR032118022,8,3,0.6670791572828572,1.1946789612560775
NAR032118022,NAR,CJF_2,CJF,2,R,R-NAR032118022,8,4,0.8156061981900824,1.1946789612560775
NAR032118022,NAR,CJF_2,CJF,2,R,R-NAR032118022,8,5,0.9139288376556334,1.1946789612560775
NAR032118022,NAR,CJF_2,CJF,2,R,R-NAR032118022,8,6,1.0110912230912195,1.1946789612560775
NAR032118022,NAR,CJF_2,CJF,2,R,R-NAR032118022,8,7,1.0894968694831781,1.1946789612560775
NAR032118022,NAR,CJF_2,CJF,2,R,R-NAR032118022,8,8,1.1946789612560775,1.1946789612560775
NAR032118022,NAR,CJF_3,CJF,3,R,R-NAR032118022,8,1,0.3384839220576696,1.1833338993113938
NAR032118022,NAR,CJF_3,CJF,3,R,R-NAR032118022,8,2,0.48488936178916364,1.1833338993113938
NAR032118022,NAR,CJF_3,CJF,3,R,R-NAR032118022,8,3,0.6635254278999,1.1833338993113938
NAR032118022,NAR,CJF_3,CJF,3,R,R-NAR032118022,8,4,0.8179807310917517,1.1833338993113938
NAR032118022,NAR,CJF_3,CJF,3,R,R-NAR032118022,8,5,0.8958999863345823,1.1833338993113938
NAR032118022,NAR,CJF_3,CJF,3,R,R-NAR032118022,8,6,1.0100592134179271,1.1833338993113938
NAR032118022,NAR,CJF_3,CJF,3,R,R-NAR032118022,8,7,1.0839379506616729,1.1833338993113938
NAR032118022,NAR,CJF_3,CJF,3,R,R-NAR032118022,8,8,1.1833338993113938,1.1833338993113938
NAR032118022,NAR,JRS_1,JRS,1,R,R-NAR032118022,6,1,0.5250729578272498,1.1789616729914147
NAR032118022,NAR,JRS_1,JRS,1,R,R-NAR032118022,6,2,0.6713999794935854,1.1789616729914147
NAR032118022,NAR,JRS_1,JRS,1,R,R-NAR032118022,6,3,0.8062939887321586,1.1789616729914147
NAR032118022,NAR,JRS_1,JRS,1,R,R-NAR032118022,6,4,0.9027955384217364,1.1789616729914147
NAR032118022,NAR,JRS_1,JRS,1,R,R-NAR032118022,6,5,0.9990765514850984,1.1789616729914147
NAR032118022,NAR,JRS_1,JRS,1,R,R-NAR032118022,6,6,1.0826806599280532,1.1789616729914147
NAR032118023,NAR,CJF_1,CJF,1,R,R-NAR032118023,12,1,0.40507826766082183,1.290943612426511
NAR032118023,NAR,CJF_1,CJF,1,R,R-NAR032118023,12,2,0.5921737509493514,1.290943612426511
NAR032118023,NAR,CJF_1,CJF,1,R,R-NAR032118023,12,3,0.674401308312188,1.290943612426511
NAR032118023,NAR,CJF_1,CJF,1,R,R-NAR032118023,12,4,0.7952160325348822,1.290943612426511
NAR032118023,NAR,CJF_1,CJF,1,R,R-NAR032118023,12,5,0.8720842137443113,1.290943612426511
NAR032118023,NAR,CJF_1,CJF,1,R,R-NAR032118023,12,6,0.9411211990144219,1.290943612426511
NAR032118023,NAR,CJF_1,CJF,1,R,R-NAR032118023,12,7,1.0074019580802576,1.290943612426511
NAR032118023,NAR,CJF_1,CJF,1,R,R-NAR032118023,12,8,1.062657812328991,1.290943612426511
NAR032118023,NAR,CJF_1,CJF,1,R,R-NAR032118023,12,9,1.122266747220892,1.290943612426511
NAR032118023,NAR,CJF_1,CJF,1,R,R-NAR032118023,12,10,1.1869506518478352,1.290943612426511
NAR032118023,NAR,CJF_1,CJF,1,R,R-NAR032118023,12,11,1.2258222251260584,1.290943612426511
NAR032118023,NAR,CJF_1,CJF,1,R,R-NAR032118023,12,12,1.290943612426511,1.290943612426511
NAR032118023,NAR,CJF_2,CJF,2,R,R-NAR032118023,12,1,0.4004905716534531,1.3061894135968486
NAR032118023,NAR,CJF_2,CJF,2,R,R-NAR032118023,12,2,0.5912605316266232,1.3061894135968486
NAR032118023,NAR,CJF_2,CJF,2,R,R-NAR032118023,12,3,0.6969261779057279,1.3061894135968486
NAR032118023,NAR,CJF_2,CJF,2,R,R-NAR032118023,12,4,0.8069691839959647,1.3061894135968486
NAR032118023,NAR,CJF_2,CJF,2,R,R-NAR032118023,12,5,0.8766294221460752,1.3061894135968486
NAR032118023,NAR,CJF_2,CJF,2,R,R-NAR032118023,12,6,0.9555376447384182,1.3061894135968486
NAR032118023,NAR,CJF_2,CJF,2,R,R-NAR032118023,12,7,1.0185085269668381,1.3061894135968486
NAR032118023,NAR,CJF_2,CJF,2,R,R-NAR032118023,12,8,1.0750366856835514,1.3061894135968486
NAR032118023,NAR,CJF_2,CJF,2,R,R-NAR032118023,12,9,1.124174173245943,1.3061894135968486
NAR032118023,NAR,CJF_2,CJF,2,R,R-NAR032118023,12,10,1.1749223416862606,1.3061894135968486
NAR032118023,NAR,CJF_2,CJF,2,R,R-NAR032118023,12,11,1.241361218080518,1.3061894135968486
NAR032118023,NAR,CJF_2,CJF,2,R,R-NAR032118023,12,12,1.3061894135968486,1.3061894135968486
NAR032118023,NAR,CJF_3,CJF,3,R,R-NAR032118023,12,1,0.4086083225347702,1.3239215461985052
NAR032118023,NAR,CJF_3,CJF,3,R,R-NAR032118023,12,2,0.59589439199143035,1.3239215461985052
NAR032118023,NAR,CJF_3,CJF,3,R,R-NAR032118023,12,3,0.6936780876777519,1.3239215461985052
NAR032118023,NAR,CJF_3,CJF,3,R,R-NAR032118023,12,4,0.8089353231535584,1.3239215461985052
NAR032118023,NAR,CJF_3,CJF,3,R,R-NAR032118023,12,5,0.8693243815301219,1.3239215461985052
NAR032118023,NAR,CJF_3,CJF,3,R,R-NAR032118023,12,6,0.9634367406202621,1.3239215461985052
NAR032118023,NAR,CJF_3,CJF,3,R,R-NAR032118023,12,7,1.0357784575089892,1.3239215461985052
NAR032118023,NAR,CJF_3,CJF,3,R,R-NAR032118023,12,8,1.0878861939695712,1.3239215461985052
NAR032118023,NAR,CJF_3,CJF,3,R,R-NAR032118023,12,9,1.147051473480741,1.3239215461985052
NAR032118023,NAR,CJF_3,CJF,3,R,R-NAR032118023,12,10,1.192414549798608,1.3239215461985052
NAR032118023,NAR,CJF_3,CJF,3,R,R-NAR032118023,12,11,1.2540273870405654,1.3239215461985052
NAR032118023,NAR,CJF_3,CJF,3,R,R-NAR032118023,12,12,1.3239215461985052,1.3239215461985052
NAR032118023,NAR,JRS_1,JRS,1,R,R-NAR032118023,10,1,0.46140875714488205,1.3484062007474806
NAR032118023,NAR,JRS_1,JRS,1,R,R-NAR032118023,10,2,0.628877550149672,1.3484062007474806
NAR032118023,NAR,JRS_1,JRS,1,R,R-NAR032118023,10,3,0.7301007565276167,1.3484062007474806
NAR032118023,NAR,JRS_1,JRS,1,R,R-NAR032118023,10,4,0.7939274921288487,1.3484062007474806
NAR032118023,NAR,JRS_1,JRS,1,R,R-NAR032118023,10,5,0.9057228044366006,1.3484062007474806
NAR032118023,NAR,JRS_1,JRS,1,R,R-NAR032118023,10,6,0.9947432539038994,1.3484062007474806
NAR032118023,NAR,JRS_1,JRS,1,R,R-NAR032118023,10,7,1.0784776504062943,1.3484062007474806
NAR032118023,NAR,JRS_1,JRS,1,R,R-NAR032118023,10,8,1.1549012429405596,1.3484062007474806
NAR032118023,NAR,JRS_1,JRS,1,R,R-NAR032118023,10,9,1.2167032275385652,1.3484062007474806
NAR032118023,NAR,JRS_1,JRS,1,R,R-NAR032118023,10,10,1.2756380101972804,1.3484062007474806
NAR032118024,NAR,CJF_1,CJF,1,R,R-NAR032118024,4,1,0.3494066738444579,0.9499093252546997
NAR032118024,NAR,CJF_1,CJF,1,R,R-NAR032118024,4,2,0.647863028027449,0.9499093252546997
NAR032118024,NAR,CJF_1,CJF,1,R,R-NAR032118024,4,3,0.83361607490608,0.9499093252546997
NAR032118024,NAR,CJF_1,CJF,1,R,R-NAR032118024,4,4,0.9499093252546997,0.9499093252546997
NAR032118024,NAR,CJF_2,CJF,2,R,R-NAR032118024,4,1,0.3713371957610636,0.974858203736853
NAR032118024,NAR,CJF_2,CJF,2,R,R-NAR032118024,4,2,0.6873823727105215,0.974858203736853
NAR032118024,NAR,CJF_2,CJF,2,R,R-NAR032118024,4,3,0.8443011939390084,0.974858203736853
NAR032118024,NAR,CJF_2,CJF,2,R,R-NAR032118024,4,4,0.974858203736853,0.974858203736853
NAR032118024,NAR,CJF_3,CJF,3,R,R-NAR032118024,4,1,0.3841382882864327,0.9704255787513589
NAR032118024,NAR,CJF_3,CJF,3,R,R-NAR032118024,4,2,0.6567681779549221,0.9704255787513589
NAR032118024,NAR,CJF_3,CJF,3,R,R-NAR032118024,4,3,0.8462288477159645,0.9704255787513589
NAR032118024,NAR,CJF_3,CJF,3,R,R-NAR032118024,4,4,0.9704255787513589,0.9704255787513589
NAR032118024,NAR,JRS_1,JRS,1,R,R-NAR032118024,3,1,0.40579435672980196,0.9857142459188184
NAR032118024,NAR,JRS_1,JRS,1,R,R-NAR032118024,3,2,0.6779920655114229,0.9857142459188184
NAR032118024,NAR,JRS_1,JRS,1,R,R-NAR032118024,3,3,0.8501164293260587,0.9857142459188184
NAR032118025,NAR,CJF_1,CJF,1,R,R-NAR032118025,8,1,0.4151172326150354,1.0191666653172062
NAR032118025,NAR,CJF_1,CJF,1,R,R-NAR032118025,8,2,0.546383179355989,1.0191666653172062
NAR032118025,NAR,CJF_1,CJF,1,R,R-NAR032118025,8,3,0.6514050798673895,1.0191666653172062
NAR032118025,NAR,CJF_1,CJF,1,R,R-NAR032118025,8,4,0.7211772568423959,1.0191666653172062
NAR032118025,NAR,CJF_1,CJF,1,R,R-NAR032118025,8,5,0.7988122581134421,1.0191666653172062
NAR032118025,NAR,CJF_1,CJF,1,R,R-NAR032118025,8,6,0.8676202834666246,1.0191666653172062
NAR032118025,NAR,CJF_1,CJF,1,R,R-NAR032118025,8,7,0.9412199768613958,1.0191666653172062
NAR032118025,NAR,CJF_1,CJF,1,R,R-NAR032118025,8,8,1.0191666653172062,1.0191666653172062
NAR032118025,NAR,CJF_2,CJF,2,R,R-NAR032118025,8,1,0.39900564635045654,1.008612579334193
NAR032118025,NAR,CJF_2,CJF,2,R,R-NAR032118025,8,2,0.5437927628142236,1.008612579334193
NAR032118025,NAR,CJF_2,CJF,2,R,R-NAR032118025,8,3,0.6389091902735624,1.008612579334193
NAR032118025,NAR,CJF_2,CJF,2,R,R-NAR032118025,8,4,0.7273201761650316,1.008612579334193
NAR032118025,NAR,CJF_2,CJF,2,R,R-NAR032118025,8,5,0.8036865779354376,1.008612579334193
NAR032118025,NAR,CJF_2,CJF,2,R,R-NAR032118025,8,6,0.8813772608853506,1.008612579334193
NAR032118025,NAR,CJF_2,CJF,2,R,R-NAR032118025,8,7,0.9523204844322278,1.008612579334193
NAR032118025,NAR,CJF_2,CJF,2,R,R-NAR032118025,8,8,1.008612579334193,1.008612579334193
NAR032118025,NAR,CJF_3,CJF,3,R,R-NAR032118025,8,1,0.4040855069994137,1.0210839383412433
NAR032118025,NAR,CJF_3,CJF,3,R,R-NAR032118025,8,2,0.5511811332265716,1.0210839383412433
NAR032118025,NAR,CJF_3,CJF,3,R,R-NAR032118025,8,3,0.6672953871541205,1.0210839383412433
NAR032118025,NAR,CJF_3,CJF,3,R,R-NAR032118025,8,4,0.7456976282055721,1.0210839383412433
NAR032118025,NAR,CJF_3,CJF,3,R,R-NAR032118025,8,5,0.8198368027857549,1.0210839383412433
NAR032118025,NAR,CJF_3,CJF,3,R,R-NAR032118025,8,6,0.8968520644263848,1.0210839383412433
NAR032118025,NAR,CJF_3,CJF,3,R,R-NAR032118025,8,7,0.9521862966879217,1.0210839383412433
NAR032118025,NAR,CJF_3,CJF,3,R,R-NAR032118025,8,8,1.0210839383412433,1.0210839383412433
NAR032118025,NAR,JRS_1,JRS,1,R,R-NAR032118025,7,1,0.4790795432845242,1.0896495683378682
NAR032118025,NAR,JRS_1,JRS,1,R,R-NAR032118025,7,2,0.6339805340654604,1.0896495683378682
NAR032118025,NAR,JRS_1,JRS,1,R,R-NAR032118025,7,3,0.7132255439167048,1.0896495683378682
NAR032118025,NAR,JRS_1,JRS,1,R,R-NAR032118025,7,4,0.8068778075929252,1.0896495683378682
NAR032118025,NAR,JRS_1,JRS,1,R,R-NAR032118025,7,5,0.8969308147198394,1.0896495683378682
NAR032118025,NAR,JRS_1,JRS,1,R,R-NAR032118025,7,6,0.9617685707461076,1.0896495683378682
NAR032118025,NAR,JRS_1,JRS,1,R,R-NAR032118025,7,7,1.026606326772376,1.0896495683378682
NAR032118026,NAR,CJF_1,CJF,1,R,R-NAR032118026,9,1,0.3910987909689507,1.2732011509079768
NAR032118026,NAR,CJF_1,CJF,1,R,R-NAR032118026,9,2,0.6714016793035376,1.2732011509079768
NAR032118026,NAR,CJF_1,CJF,1,R,R-NAR032118026,9,3,0.7973488670889146,1.2732011509079768
NAR032118026,NAR,CJF_1,CJF,1,R,R-NAR032118026,9,4,0.8825767556894701,1.2732011509079768
NAR032118026,NAR,CJF_1,CJF,1,R,R-NAR032118026,9,5,0.9616480759250037,1.2732011509079768
NAR032118026,NAR,CJF_1,CJF,1,R,R-NAR032118026,9,6,1.0369324562386804,1.2732011509079768
NAR032118026,NAR,CJF_1,CJF,1,R,R-NAR032118026,9,7,1.1103227790141639,1.2732011509079768
NAR032118026,NAR,CJF_1,CJF,1,R,R-NAR032118026,9,8,1.1865536005196726,1.2732011509079768
NAR032118026,NAR,CJF_1,CJF,1,R,R-NAR032118026,9,9,1.2732011509079768,1.2732011509079768
NAR032118026,NAR,CJF_2,CJF,2,R,R-NAR032118026,9,1,0.41696058983385587,1.2551436849379158
NAR032118026,NAR,CJF_2,CJF,2,R,R-NAR032118026,9,2,0.6748640811380154,1.2551436849379158
NAR032118026,NAR,CJF_2,CJF,2,R,R-NAR032118026,9,3,0.8009940596392794,1.2551436849379158
NAR032118026,NAR,CJF_2,CJF,2,R,R-NAR032118026,9,4,0.8922897269359008,1.2551436849379158
NAR032118026,NAR,CJF_2,CJF,2,R,R-NAR032118026,9,5,0.9708906936883105,1.2551436849379158
NAR032118026,NAR,CJF_2,CJF,2,R,R-NAR032118026,9,6,1.0433615734416612,1.2551436849379158
NAR032118026,NAR,CJF_2,CJF,2,R,R-NAR032118026,9,7,1.1120700969939248,1.2551436849379158
NAR032118026,NAR,CJF_2,CJF,2,R,R-NAR032118026,9,8,1.1934863276282333,1.2551436849379158
NAR032118026,NAR,CJF_2,CJF,2,R,R-NAR032118026,9,9,1.2551436849379158,1.2551436849379158
NAR032118026,NAR,CJF_3,CJF,3,R,R-NAR032118026,9,1,0.4764123318358021,1.3072021219541647
NAR032118026,NAR,CJF_3,CJF,3,R,R-NAR032118026,9,2,0.7377977396562851,1.3072021219541647
NAR032118026,NAR,CJF_3,CJF,3,R,R-NAR032118026,9,3,0.8376069430836989,1.3072021219541647
NAR032118026,NAR,CJF_3,CJF,3,R,R-NAR032118026,9,4,0.9427341710983815,1.3072021219541647
NAR032118026,NAR,CJF_3,CJF,3,R,R-NAR032118026,9,5,1.014046108035945,1.3072021219541647
NAR032118026,NAR,CJF_3,CJF,3,R,R-NAR032118026,9,6,1.083517367581846,1.3072021219541647
NAR032118026,NAR,CJF_3,CJF,3,R,R-NAR032118026,9,7,1.1561244253097576,1.3072021219541647
NAR032118026,NAR,CJF_3,CJF,3,R,R-NAR032118026,9,8,1.2364357416179155,1.3072021219541647
NAR032118026,NAR,CJF_3,CJF,3,R,R-NAR032118026,9,9,1.3072021219541647,1.3072021219541647
NAR032118026,NAR,JRS_1,JRS,1,R,R-NAR032118026,8,1,0.46911481521041826,1.2754978275892874
NAR032118026,NAR,JRS_1,JRS,1,R,R-NAR032118026,8,2,0.6807792152131136,1.2754978275892874
NAR032118026,NAR,JRS_1,JRS,1,R,R-NAR032118026,8,3,0.8003839892703541,1.2754978275892874
NAR032118026,NAR,JRS_1,JRS,1,R,R-NAR032118026,8,4,0.9021155911782011,1.2754978275892874
NAR032118026,NAR,JRS_1,JRS,1,R,R-NAR032118026,8,5,0.9683446465549587,1.2754978275892874
NAR032118026,NAR,JRS_1,JRS,1,R,R-NAR032118026,8,6,1.048530123459533,1.2754978275892874
NAR032118026,NAR,JRS_1,JRS,1,R,R-NAR032118026,8,7,1.138631374094199,1.2754978275892874
NAR032118026,NAR,JRS_1,JRS,1,R,R-NAR032118026,8,8,1.195312350684712,1.2754978275892874
NAR032118027,NAR,CJF_1,CJF,1,R,R-NAR032118027,4,1,0.35755787345484175,0.8950160775520479
NAR032118027,NAR,CJF_1,CJF,1,R,R-NAR032118027,4,2,0.5996451344030289,0.8950160775520479
NAR032118027,NAR,CJF_1,CJF,1,R,R-NAR032118027,4,3,0.695485529651167,0.8950160775520479
NAR032118027,NAR,CJF_1,CJF,1,R,R-NAR032118027,4,4,0.8950160775520479,0.8950160775520479
NAR032118027,NAR,CJF_2,CJF,2,R,R-NAR032118027,4,1,0.40471505432013577,0.9249257636977531
NAR032118027,NAR,CJF_2,CJF,2,R,R-NAR032118027,4,2,0.624032229377944,0.9249257636977531
NAR032118027,NAR,CJF_2,CJF,2,R,R-NAR032118027,4,3,0.7772408086858653,0.9249257636977531
NAR032118027,NAR,CJF_2,CJF,2,R,R-NAR032118027,4,4,0.9249257636977531,0.9249257636977531
NAR032118027,NAR,CJF_3,CJF,3,R,R-NAR032118027,5,1,0.3906249098073534,0.9190466929813887
NAR032118027,NAR,CJF_3,CJF,3,R,R-NAR032118027,5,2,0.6175289787856806,0.9190466929813887
NAR032118027,NAR,CJF_3,CJF,3,R,R-NAR032118027,5,3,0.766877434619307,0.9190466929813887
NAR032118027,NAR,CJF_3,CJF,3,R,R-NAR032118027,5,4,0.8574556141946124,0.9190466929813887
NAR032118027,NAR,CJF_3,CJF,3,R,R-NAR032118027,5,5,0.9190466929813887,0.9190466929813887
NAR032118027,NAR,JRS_1,JRS,1,R,R-NAR032118027,3,1,0.4445311630974431,0.9371163077037921
NAR032118027,NAR,JRS_1,JRS,1,R,R-NAR032118027,3,2,0.6499648534048993,0.9371163077037921
NAR032118027,NAR,JRS_1,JRS,1,R,R-NAR032118027,3,3,0.8044797841684461,0.9371163077037921
NAR032118028,NAR,CJF_1,CJF,1,R,R-NAR032118028,3,1,0.46243565500717765,0.8618463634691086
NAR032118028,NAR,CJF_1,CJF,1,R,R-NAR032118028,3,2,0.6748087416667431,0.8618463634691086
NAR032118028,NAR,CJF_1,CJF,1,R,R-NAR032118028,3,3,0.8618463634691086,0.8618463634691086
NAR032118028,NAR,CJF_2,CJF,2,R,R-NAR032118028,3,1,0.3464776749168949,0.7824861248762618
NAR032118028,NAR,CJF_2,CJF,2,R,R-NAR032118028,3,2,0.5931890466749151,0.7824861248762618
NAR032118028,NAR,CJF_2,CJF,2,R,R-NAR032118028,3,3,0.7824861248762618,0.7824861248762618
NAR032118028,NAR,CJF_3,CJF,3,R,R-NAR032118028,3,1,0.4604750283255422,0.8760256889710284
NAR032118028,NAR,CJF_3,CJF,3,R,R-NAR032118028,3,2,0.6886953381971175,0.8760256889710284
NAR032118028,NAR,CJF_3,CJF,3,R,R-NAR032118028,3,3,0.8760256889710284,0.8760256889710284
NAR032118028,NAR,JRS_1,JRS,1,R,R-NAR032118028,2,1,0.1901413583480763,0.5208595350656777
NAR032118028,NAR,JRS_1,JRS,1,R,R-NAR032118028,2,2,0.4132794437803845,0.5208595350656777
NAR032118029,NAR,CJF_1,CJF,1,R,R-NAR032118029,8,1,0.43978816947504623,1.2774988013426083
NAR032118029,NAR,CJF_1,CJF,1,R,R-NAR032118029,8,2,0.6410610496542672,1.2774988013426083
NAR032118029,NAR,CJF_1,CJF,1,R,R-NAR032118029,8,3,0.7708203291577251,1.2774988013426083
NAR032118029,NAR,CJF_1,CJF,1,R,R-NAR032118029,8,4,0.8725581561863236,1.2774988013426083
NAR032118029,NAR,CJF_1,CJF,1,R,R-NAR032118029,8,5,0.9859118246545086,1.2774988013426083
NAR032118029,NAR,CJF_1,CJF,1,R,R-NAR032118029,8,6,1.0878417626029742,1.2774988013426083
NAR032118029,NAR,CJF_1,CJF,1,R,R-NAR032118029,8,7,1.187927509223091,1.2774988013426083
NAR032118029,NAR,CJF_1,CJF,1,R,R-NAR032118029,8,8,1.2774988013426083,1.2774988013426083
NAR032118029,NAR,CJF_2,CJF,2,R,R-NAR032118029,8,1,0.43881040040682806,1.2641459136518
NAR032118029,NAR,CJF_2,CJF,2,R,R-NAR032118029,8,2,0.641856831576758,1.2641459136518
NAR032118029,NAR,CJF_2,CJF,2,R,R-NAR032118029,8,3,0.7791449447810954,1.2641459136518
NAR032118029,NAR,CJF_2,CJF,2,R,R-NAR032118029,8,4,0.8781817864493884,1.2641459136518
NAR032118029,NAR,CJF_2,CJF,2,R,R-NAR032118029,8,5,0.995502785432105,1.2641459136518
NAR032118029,NAR,CJF_2,CJF,2,R,R-NAR032118029,8,6,1.1013569527567673,1.2641459136518
NAR032118029,NAR,CJF_2,CJF,2,R,R-NAR032118029,8,7,1.1954210465917172,1.2641459136518
NAR032118029,NAR,CJF_2,CJF,2,R,R-NAR032118029,8,8,1.2641459136518,1.2641459136518
NAR032118029,NAR,CJF_3,CJF,3,R,R-NAR032118029,8,1,0.45886189638255365,1.2858556237011731
NAR032118029,NAR,CJF_3,CJF,3,R,R-NAR032118029,8,2,0.6530704833777522,1.2858556237011731
NAR032118029,NAR,CJF_3,CJF,3,R,R-NAR032118029,8,3,0.8040752485367364,1.2858556237011731
NAR032118029,NAR,CJF_3,CJF,3,R,R-NAR032118029,8,4,0.8811848637052535,1.2858556237011731
NAR032118029,NAR,CJF_3,CJF,3,R,R-NAR032118029,8,5,1.0110869939391465,1.2858556237011731
NAR032118029,NAR,CJF_3,CJF,3,R,R-NAR032118029,8,6,1.1300565119276083,1.2858556237011731
NAR032118029,NAR,CJF_3,CJF,3,R,R-NAR032118029,8,7,1.2143576470179964,1.2858556237011731
NAR032118029,NAR,CJF_3,CJF,3,R,R-NAR032118029,8,8,1.2858556237011731,1.2858556237011731
NAR032118029,NAR,JRS_1,JRS,1,R,R-NAR032118029,7,1,0.4810237566120684,1.2920431900185958
NAR032118029,NAR,JRS_1,JRS,1,R,R-NAR032118029,7,2,0.6585543039019164,1.2920431900185958
NAR032118029,NAR,JRS_1,JRS,1,R,R-NAR032118029,7,3,0.8058937717345835,1.2920431900185958
NAR032118029,NAR,JRS_1,JRS,1,R,R-NAR032118029,7,4,0.9009104882004211,1.2920431900185958
NAR032118029,NAR,JRS_1,JRS,1,R,R-NAR032118029,7,5,1.008430090308086,1.2920431900185958
NAR032118029,NAR,JRS_1,JRS,1,R,R-NAR032118029,7,6,1.1060096376098953,1.2920431900185958
NAR032118029,NAR,JRS_1,JRS,1,R,R-NAR032118029,7,7,1.2098406277326188,1.2920431900185958
NAR032118030,NAR,CJF_1,CJF,1,R,R-NAR032118030,12,1,0.5135211758194295,1.5158567928944653
NAR032118030,NAR,CJF_1,CJF,1,R,R-NAR032118030,12,2,0.6973203237591369,1.5158567928944653
NAR032118030,NAR,CJF_1,CJF,1,R,R-NAR032118030,12,3,0.8434749564434438,1.5158567928944653
NAR032118030,NAR,CJF_1,CJF,1,R,R-NAR032118030,12,4,0.9515215683837658,1.5158567928944653
NAR032118030,NAR,CJF_1,CJF,1,R,R-NAR032118030,12,5,1.0430029811041068,1.5158567928944653
NAR032118030,NAR,CJF_1,CJF,1,R,R-NAR032118030,12,6,1.117546377594024,1.5158567928944653
NAR032118030,NAR,CJF_1,CJF,1,R,R-NAR032118030,12,7,1.1800386916793961,1.5158567928944653
NAR032118030,NAR,CJF_1,CJF,1,R,R-NAR032118030,12,8,1.2380168889493315,1.5158567928944653
NAR032118030,NAR,CJF_1,CJF,1,R,R-NAR032118030,12,9,1.3020911595546145,1.5158567928944653
NAR032118030,NAR,CJF_1,CJF,1,R,R-NAR032118030,12,10,1.3654197961390135,1.5158567928944653
NAR032118030,NAR,CJF_1,CJF,1,R,R-NAR032118030,12,11,1.4367992795891114,1.5158567928944653
NAR032118030,NAR,CJF_1,CJF,1,R,R-NAR032118030,12,12,1.5158567928944653,1.5158567928944653
NAR032118030,NAR,CJF_2,CJF,2,R,R-NAR032118030,12,1,0.42460713429534525,1.4327489216355986
NAR032118030,NAR,CJF_2,CJF,2,R,R-NAR032118030,12,2,0.613143279571998,1.4327489216355986
NAR032118030,NAR,CJF_2,CJF,2,R,R-NAR032118030,12,3,0.7684081291146694,1.4327489216355986
NAR032118030,NAR,CJF_2,CJF,2,R,R-NAR032118030,12,4,0.8824855643246721,1.4327489216355986
NAR032118030,NAR,CJF_2,CJF,2,R,R-NAR032118030,12,5,0.9681395250251194,1.4327489216355986
NAR032118030,NAR,CJF_2,CJF,2,R,R-NAR032118030,12,6,1.0343676603256735,1.4327489216355986
NAR032118030,NAR,CJF_2,CJF,2,R,R-NAR032118030,12,7,1.1125581206035902,1.4327489216355986
NAR032118030,NAR,CJF_2,CJF,2,R,R-NAR032118030,12,8,1.1739038941775308,1.4327489216355986
NAR032118030,NAR,CJF_2,CJF,2,R,R-NAR032118030,12,9,1.2240198766154873,1.4327489216355986
NAR032118030,NAR,CJF_2,CJF,2,R,R-NAR032118030,12,10,1.2853656501894284,1.4327489216355986
NAR032118030,NAR,CJF_2,CJF,2,R,R-NAR032118030,12,11,1.3534423903445219,1.4327489216355986
NAR032118030,NAR,CJF_2,CJF,2,R,R-NAR032118030,12,12,1.4327489216355986,1.4327489216355986
NAR032118030,NAR,CJF_3,CJF,3,R,R-NAR032118030,12,1,0.5179410769124229,1.5143292844656195
NAR032118030,NAR,CJF_3,CJF,3,R,R-NAR032118030,12,2,0.7232298688212739,1.5143292844656195
NAR032118030,NAR,CJF_3,CJF,3,R,R-NAR032118030,12,3,0.8573303607883191,1.5143292844656195
NAR032118030,NAR,CJF_3,CJF,3,R,R-NAR032118030,12,4,0.9670998192010068,1.5143292844656195
NAR032118030,NAR,CJF_3,CJF,3,R,R-NAR032118030,12,5,1.056769784978841,1.5143292844656195
NAR032118030,NAR,CJF_3,CJF,3,R,R-NAR032118030,12,6,1.1288293229608735,1.5143292844656195
NAR032118030,NAR,CJF_3,CJF,3,R,R-NAR032118030,12,7,1.1983997961038546,1.5143292844656195
NAR032118030,NAR,CJF_3,CJF,3,R,R-NAR032118030,12,8,1.254549832609995,1.5143292844656195
NAR032118030,NAR,CJF_3,CJF,3,R,R-NAR032118030,12,9,1.3173789251141488,1.5143292844656195
NAR032118030,NAR,CJF_3,CJF,3,R,R-NAR032118030,12,10,1.376889264499567,1.5143292844656195
NAR032118030,NAR,CJF_3,CJF,3,R,R-NAR032118030,12,11,1.448119114201916,1.5143292844656195
NAR032118030,NAR,CJF_3,CJF,3,R,R-NAR032118030,12,12,1.5143292844656195,1.5143292844656195
NAR032118030,NAR,JRS_1,JRS,1,R,R-NAR032118030,10,1,0.6400640048875512,1.402666738779482
NAR032118030,NAR,JRS_1,JRS,1,R,R-NAR032118030,10,2,0.7689167528047564,1.402666738779482
NAR032118030,NAR,JRS_1,JRS,1,R,R-NAR032118030,10,3,0.8645368125165769,1.402666738779482
NAR032118030,NAR,JRS_1,JRS,1,R,R-NAR032118030,10,4,0.9520296961499508,1.402666738779482
NAR032118030,NAR,JRS_1,JRS,1,R,R-NAR032118030,10,5,1.0355951384033542,1.402666738779482
NAR032118030,NAR,JRS_1,JRS,1,R,R-NAR032118030,10,6,1.1101876908925707,1.402666738779482
NAR032118030,NAR,JRS_1,JRS,1,R,R-NAR032118030,10,7,1.1644478863205592,1.402666738779482
NAR032118030,NAR,JRS_1,JRS,1,R,R-NAR032118030,10,8,1.2230583799713883,1.402666738779482
NAR032118030,NAR,JRS_1,JRS,1,R,R-NAR032118030,10,9,1.2882551858535491,1.402666738779482
NAR032118030,NAR,JRS_1,JRS,1,R,R-NAR032118030,10,10,1.3589202969627954,1.402666738779482
NAR032118031,NAR,CJF_1,CJF,1,R,R-NAR032118031,14,1,0.4237109178895371,1.437796700058403
NAR032118031,NAR,CJF_1,CJF,1,R,R-NAR032118031,14,2,0.6009335660529467,1.437796700058403
NAR032118031,NAR,CJF_1,CJF,1,R,R-NAR032118031,14,3,0.7221749883168717,1.437796700058403
NAR032118031,NAR,CJF_1,CJF,1,R,R-NAR032118031,14,4,0.8137430178590805,1.437796700058403
NAR032118031,NAR,CJF_1,CJF,1,R,R-NAR032118031,14,5,0.8871087914964856,1.437796700058403
NAR032118031,NAR,CJF_1,CJF,1,R,R-NAR032118031,14,6,0.9675729804871531,1.437796700058403
NAR032118031,NAR,CJF_1,CJF,1,R,R-NAR032118031,14,7,1.0354757551050637,1.437796700058403
NAR032118031,NAR,CJF_1,CJF,1,R,R-NAR032118031,14,8,1.0968252531476343,1.437796700058403
NAR032118031,NAR,CJF_1,CJF,1,R,R-NAR032118031,14,9,1.1498913314046866,1.437796700058403
NAR032118031,NAR,CJF_1,CJF,1,R,R-NAR032118031,14,10,1.2001369888957159,1.437796700058403
NAR032118031,NAR,CJF_1,CJF,1,R,R-NAR032118031,14,11,1.2643069077043103,1.437796700058403
NAR032118031,NAR,CJF_1,CJF,1,R,R-NAR032118031,14,12,1.3216509805486023,1.437796700058403
NAR032118031,NAR,CJF_1,CJF,1,R,R-NAR032118031,14,13,1.3676186434523918,1.437796700058403
NAR032118031,NAR,CJF_1,CJF,1,R,R-NAR032118031,14,14,1.437796700058403,1.437796700058403
NAR032118031,NAR,CJF_2,CJF,2,R,R-NAR032118031,14,1,0.38365156924103033,1.434603805575563
NAR032118031,NAR,CJF_2,CJF,2,R,R-NAR032118031,14,2,0.5865753371655906,1.434603805575563
NAR032118031,NAR,CJF_2,CJF,2,R,R-NAR032118031,14,3,0.70164797315622085,1.434603805575563
NAR032118031,NAR,CJF_2,CJF,2,R,R-NAR032118031,14,4,0.7909014307096757,1.434603805575563
NAR032118031,NAR,CJF_2,CJF,2,R,R-NAR032118031,14,5,0.8727372037423675,1.434603805575563
NAR032118031,NAR,CJF_2,CJF,2,R,R-NAR032118031,14,6,0.9366981609339384,1.434603805575563
NAR032118031,NAR,CJF_2,CJF,2,R,R-NAR032118031,14,7,1.0270620615921735,1.434603805575563
NAR032118031,NAR,CJF_2,CJF,2,R,R-NAR032118031,14,8,1.077063297286453,1.434603805575563
NAR032118031,NAR,CJF_2,CJF,2,R,R-NAR032118031,14,9,1.1361764256357632,1.434603805575563
NAR032118031,NAR,CJF_2,CJF,2,R,R-NAR032118031,14,10,1.1935953458508048,1.434603805575563
NAR032118031,NAR,CJF_2,CJF,2,R,R-NAR032118031,14,11,1.2527084742001147,1.434603805575563
NAR032118031,NAR,CJF_2,CJF,2,R,R-NAR032118031,14,12,1.3098355119004128,1.434603805575563
NAR032118031,NAR,CJF_2,CJF,2,R,R-NAR032118031,14,13,1.3686567577349789,1.434603805575563
NAR032118031,NAR,CJF_2,CJF,2,R,R-NAR032118031,14,14,1.434603805575563,1.434603805575563
NAR032118031,NAR,CJF_3,CJF,3,R,R-NAR032118031,15,1,0.4350661382183429,1.476750878924191
NAR032118031,NAR,CJF_3,CJF,3,R,R-NAR032118031,15,2,0.6197934670056361,1.476750878924191
NAR032118031,NAR,CJF_3,CJF,3,R,R-NAR032118031,15,3,0.7415377346181781,1.476750878924191
NAR032118031,NAR,CJF_3,CJF,3,R,R-NAR032118031,15,4,0.8437825474004231,1.476750878924191
NAR032118031,NAR,CJF_3,CJF,3,R,R-NAR032118031,15,5,0.9118581419396198,1.476750878924191
NAR032118031,NAR,CJF_3,CJF,3,R,R-NAR032118031,15,6,0.977650311743494,1.476750878924191
NAR032118031,NAR,CJF_3,CJF,3,R,R-NAR032118031,15,7,1.0672459439014093,1.476750878924191
NAR032118031,NAR,CJF_3,CJF,3,R,R-NAR032118031,15,8,1.1163477675041102,1.476750878924191
NAR032118031,NAR,CJF_3,CJF,3,R,R-NAR032118031,15,9,1.1783616136780417,1.476750878924191
NAR032118031,NAR,CJF_3,CJF,3,R,R-NAR032118031,15,10,1.225180012545421,1.476750878924191
NAR032118031,NAR,CJF_3,CJF,3,R,R-NAR032118031,15,11,1.2889515995608734,1.476750878924191
NAR032118031,NAR,CJF_3,CJF,3,R,R-NAR032118031,15,12,1.3570271941000707,1.476750878924191
NAR032118031,NAR,CJF_3,CJF,3,R,R-NAR032118031,15,13,1.3995415854437057,1.476750878924191
NAR032118031,NAR,CJF_3,CJF,3,R,R-NAR032118031,15,14,1.4342364875805553,1.476750878924191
NAR032118031,NAR,CJF_3,CJF,3,R,R-NAR032118031,15,15,1.476750878924191,1.476750878924191
NAR032118031,NAR,JRS_1,JRS,1,R,R-NAR032118031,13,1,0.4055182406558836,1.4574135575683982
NAR032118031,NAR,JRS_1,JRS,1,R,R-NAR032118031,13,2,0.6109420714617332,1.4574135575683982
NAR032118031,NAR,JRS_1,JRS,1,R,R-NAR032118031,13,3,0.7446737943195094,1.4574135575683982
NAR032118031,NAR,JRS_1,JRS,1,R,R-NAR032118031,13,4,0.8105403893191823,1.4574135575683982
NAR032118031,NAR,JRS_1,JRS,1,R,R-NAR032118031,13,5,0.9010272264633202,1.4574135575683982
NAR032118031,NAR,JRS_1,JRS,1,R,R-NAR032118031,13,6,0.9707208015529626,1.4574135575683982
NAR032118031,NAR,JRS_1,JRS,1,R,R-NAR032118031,13,7,1.0447374487251597,1.4574135575683982
NAR032118031,NAR,JRS_1,JRS,1,R,R-NAR032118031,13,8,1.08914460405086,1.4574135575683982
NAR032118031,NAR,JRS_1,JRS,1,R,R-NAR032118031,13,9,1.1635014224768405,1.4574135575683982
NAR032118031,NAR,JRS_1,JRS,1,R,R-NAR032118031,13,10,1.224378767774482,1.4574135575683982
NAR032118031,NAR,JRS_1,JRS,1,R,R-NAR032118031,13,11,1.2809330409895685,1.4574135575683982
NAR032118031,NAR,JRS_1,JRS,1,R,R-NAR032118031,13,12,1.3329941564952084,1.4574135575683982
NAR032118031,NAR,JRS_1,JRS,1,R,R-NAR032118031,13,13,1.3938715017928496,1.4574135575683982
NAR032118032,NAR,CJF_1,CJF,1,R,R-NAR032118032,11,1,0.35569130402783006,1.4180889421405494
NAR032118032,NAR,CJF_1,CJF,1,R,R-NAR032118032,11,2,0.5719526373209642,1.4180889421405494
NAR032118032,NAR,CJF_1,CJF,1,R,R-NAR032118032,11,3,0.7428858446136605,1.4180889421405494
NAR032118032,NAR,CJF_1,CJF,1,R,R-NAR032118032,11,4,0.8589415319126582,1.4180889421405494
NAR032118032,NAR,CJF_1,CJF,1,R,R-NAR032118032,11,5,0.9544709039360255,1.4180889421405494
NAR032118032,NAR,CJF_1,CJF,1,R,R-NAR032118032,11,6,1.0199174802723485,1.4180889421405494
NAR032118032,NAR,CJF_1,CJF,1,R,R-NAR032118032,11,7,1.0857719215484172,1.4180889421405494
NAR032118032,NAR,CJF_1,CJF,1,R,R-NAR032118032,11,8,1.1514224303546137,1.4180889421405494
NAR032118032,NAR,CJF_1,CJF,1,R,R-NAR032118032,11,9,1.2227617890627913,1.4180889421405494
NAR032118032,NAR,CJF_1,CJF,1,R,R-NAR032118032,11,10,1.3247957408676314,1.4180889421405494
NAR032118032,NAR,CJF_1,CJF,1,R,R-NAR032118032,11,11,1.4180889421405494,1.4180889421405494
NAR032118032,NAR,CJF_2,CJF,2,R,R-NAR032118032,11,1,0.30685129669786265,1.4320934740685076
NAR032118032,NAR,CJF_2,CJF,2,R,R-NAR032118032,11,2,0.5670061841487428,1.4320934740685076
NAR032118032,NAR,CJF_2,CJF,2,R,R-NAR032118032,11,3,0.7306247507309043,1.4320934740685076
NAR032118032,NAR,CJF_2,CJF,2,R,R-NAR032118032,11,4,0.858554930279065,1.4320934740685076
NAR032118032,NAR,CJF_2,CJF,2,R,R-NAR032118032,11,5,0.9504344543577792,1.4320934740685076
NAR032118032,NAR,CJF_2,CJF,2,R,R-NAR032118032,11,6,1.0208413366636984,1.4320934740685076
NAR032118032,NAR,CJF_2,CJF,2,R,R-NAR032118032,11,7,1.0845347251111948,1.4320934740685076
NAR032118032,NAR,CJF_2,CJF,2,R,R-NAR032118032,11,8,1.1504659448448316,1.4320934740685076
NAR032118032,NAR,CJF_2,CJF,2,R,R-NAR032118032,11,9,1.244583300209687,1.4320934740685076
NAR032118032,NAR,CJF_2,CJF,2,R,R-NAR032118032,11,10,1.3357382874175112,1.4320934740685076
NAR032118032,NAR,CJF_2,CJF,2,R,R-NAR032118032,11,11,1.4320934740685076,1.4320934740685076
NAR032118032,NAR,CJF_3,CJF,3,R,R-NAR032118032,11,1,0.3734407327373489,1.4322362384903597
NAR032118032,NAR,CJF_3,CJF,3,R,R-NAR032118032,11,2,0.5945140606303355,1.4322362384903597
NAR032118032,NAR,CJF_3,CJF,3,R,R-NAR032118032,11,3,0.7707496573597246,1.4322362384903597
NAR032118032,NAR,CJF_3,CJF,3,R,R-NAR032118032,11,4,0.8829932596607026,1.4322362384903597
NAR032118032,NAR,CJF_3,CJF,3,R,R-NAR032118032,11,5,0.9762992740154045,1.4322362384903597
NAR032118032,NAR,CJF_3,CJF,3,R,R-NAR032118032,11,6,1.0506677004238314,1.4322362384903597
NAR032118032,NAR,CJF_3,CJF,3,R,R-NAR032118032,11,7,1.1117610422457869,1.4322362384903597
NAR032118032,NAR,CJF_3,CJF,3,R,R-NAR032118032,11,8,1.1814155400340027,1.4322362384903597
NAR032118032,NAR,CJF_3,CJF,3,R,R-NAR032118032,11,9,1.2560006417609697,1.4322362384903597
NAR032118032,NAR,CJF_3,CJF,3,R,R-NAR032118032,11,10,1.362365065383603,1.4322362384903597
NAR032118032,NAR,CJF_3,CJF,3,R,R-NAR032118032,11,11,1.4322362384903597,1.4322362384903597
NAR032118032,NAR,JRS_1,JRS,1,R,R-NAR032118032,10,1,0.43953515040056546,1.4788933457760587
NAR032118032,NAR,JRS_1,JRS,1,R,R-NAR032118032,10,2,0.6464021116499513,1.4788933457760587
NAR032118032,NAR,JRS_1,JRS,1,R,R-NAR032118032,10,3,0.793674965285299,1.4788933457760587
NAR032118032,NAR,JRS_1,JRS,1,R,R-NAR032118032,10,4,0.9126348964545723,1.4788933457760587
NAR032118032,NAR,JRS_1,JRS,1,R,R-NAR032118032,10,5,1.0117301250858322,1.4788933457760587
NAR032118032,NAR,JRS_1,JRS,1,R,R-NAR032118032,10,6,1.082512431251018,1.4788933457760587
NAR032118032,NAR,JRS_1,JRS,1,R,R-NAR032118032,10,7,1.1535230214750078,1.4788933457760587
NAR032118032,NAR,JRS_1,JRS,1,R,R-NAR032118032,10,8,1.212660560971438,1.4788933457760587
NAR032118032,NAR,JRS_1,JRS,1,R,R-NAR032118032,10,9,1.3035358537334414,1.4788933457760587
NAR032118032,NAR,JRS_1,JRS,1,R,R-NAR032118032,10,10,1.3884746211316639,1.4788933457760587
NAR032118033,NAR,CJF_1,CJF,1,R,R-NAR032118033,4,1,0.45388317621520236,1.067544841277655
NAR032118033,NAR,CJF_1,CJF,1,R,R-NAR032118033,4,2,0.7225355732566063,1.067544841277655
NAR032118033,NAR,CJF_1,CJF,1,R,R-NAR032118033,4,3,0.9287400360546024,1.067544841277655
NAR032118033,NAR,CJF_1,CJF,1,R,R-NAR032118033,4,4,1.067544841277655,1.067544841277655
NAR032118033,NAR,CJF_2,CJF,2,R,R-NAR032118033,4,1,0.4386701081174256,1.048319372535563
NAR032118033,NAR,CJF_2,CJF,2,R,R-NAR032118033,4,2,0.7027239768643971,1.048319372535563
NAR032118033,NAR,CJF_2,CJF,2,R,R-NAR032118033,4,3,0.9167898094465823,1.048319372535563
NAR032118033,NAR,CJF_2,CJF,2,R,R-NAR032118033,4,4,1.048319372535563,1.048319372535563
NAR032118033,NAR,CJF_3,CJF,3,R,R-NAR032118033,4,1,0.4720020236256449,1.0725856762260886
NAR032118033,NAR,CJF_3,CJF,3,R,R-NAR032118033,4,2,0.7280743823423799,1.0725856762260886
NAR032118033,NAR,CJF_3,CJF,3,R,R-NAR032118033,4,3,0.927587162819932,1.0725856762260886
NAR032118033,NAR,CJF_3,CJF,3,R,R-NAR032118033,4,4,1.0725856762260886,1.0725856762260886
NAR032118033,NAR,JRS_1,JRS,1,R,R-NAR032118033,3,1,0.43087363850686494,1.0251583013236796
NAR032118033,NAR,JRS_1,JRS,1,R,R-NAR032118033,3,2,0.6612719773043731,1.0251583013236796
NAR032118033,NAR,JRS_1,JRS,1,R,R-NAR032118033,3,3,0.8629695502603134,1.0251583013236796
NAR032118034,NAR,CJF_1,CJF,1,R,R-NAR032118034,9,1,0.4914115085238636,1.1876238344044923
NAR032118034,NAR,CJF_1,CJF,1,R,R-NAR032118034,9,2,0.6490293815630044,1.1876238344044923
NAR032118034,NAR,CJF_1,CJF,1,R,R-NAR032118034,9,3,0.7535493665439212,1.1876238344044923
NAR032118034,NAR,CJF_1,CJF,1,R,R-NAR032118034,9,4,0.8319455646253897,1.1876238344044923
NAR032118034,NAR,CJF_1,CJF,1,R,R-NAR032118034,9,5,0.8799788232023402,1.1876238344044923
NAR032118034,NAR,CJF_1,CJF,1,R,R-NAR032118034,9,6,0.9330767112605641,1.1876238344044923
NAR032118034,NAR,CJF_1,CJF,1,R,R-NAR032118034,9,7,1.0291556471060257,1.1876238344044923
NAR032118034,NAR,CJF_1,CJF,1,R,R-NAR032118034,9,8,1.1075642638790548,1.1876238344044923
NAR032118034,NAR,CJF_1,CJF,1,R,R-NAR032118034,9,9,1.1876238344044923,1.1876238344044923
NAR032118034,NAR,CJF_2,CJF,2,R,R-NAR032118034,8,1,0.4593462878041035,1.151672116926606
NAR032118034,NAR,CJF_2,CJF,2,R,R-NAR032118034,8,2,0.6226115035406588,1.151672116926606
NAR032118034,NAR,CJF_2,CJF,2,R,R-NAR032118034,8,3,0.7172234911861174,1.151672116926606
NAR032118034,NAR,CJF_2,CJF,2,R,R-NAR032118034,8,4,0.809019321682337,1.151672116926606
NAR032118034,NAR,CJF_2,CJF,2,R,R-NAR032118034,8,5,0.89485601103534,1.151672116926606
NAR032118034,NAR,CJF_2,CJF,2,R,R-NAR032118034,8,6,0.9824477600468344,1.151672116926606
NAR032118034,NAR,CJF_2,CJF,2,R,R-NAR032118034,8,7,1.0633864057473688,1.151672116926606
NAR032118034,NAR,CJF_2,CJF,2,R,R-NAR032118034,8,8,1.151672116926606,1.151672116926606
NAR032118034,NAR,CJF_3,CJF,3,R,R-NAR032118034,9,1,0.42620868194628153,1.1506641947547767
NAR032118034,NAR,CJF_3,CJF,3,R,R-NAR032118034,9,2,0.6144153782038876,1.1506641947547767
NAR032118034,NAR,CJF_3,CJF,3,R,R-NAR032118034,9,3,0.7321710109253938,1.1506641947547767
NAR032118034,NAR,CJF_3,CJF,3,R,R-NAR032118034,9,4,0.8120791652021379,1.1506641947547767
NAR032118034,NAR,CJF_3,CJF,3,R,R-NAR032118034,9,5,0.8551514215181355,1.1506641947547767
NAR032118034,NAR,CJF_3,CJF,3,R,R-NAR032118034,9,6,0.9051900483291135,1.1506641947547767
NAR032118034,NAR,CJF_3,CJF,3,R,R-NAR032118034,9,7,0.9873455854716108,1.1506641947547767
NAR032118034,NAR,CJF_3,CJF,3,R,R-NAR032118034,9,8,1.0610364968752912,1.1506641947547767
NAR032118034,NAR,CJF_3,CJF,3,R,R-NAR032118034,9,9,1.1506641947547767,1.1506641947547767
NAR032118034,NAR,JRS_1,JRS,1,R,R-NAR032118034,9,1,0.4462183976483518,1.1402928107212928
NAR032118034,NAR,JRS_1,JRS,1,R,R-NAR032118034,9,2,0.5066866754495893,1.1402928107212928
NAR032118034,NAR,JRS_1,JRS,1,R,R-NAR032118034,9,3,0.6188823003137817,1.1402928107212928
NAR032118034,NAR,JRS_1,JRS,1,R,R-NAR032118034,9,4,0.7269696161370901,1.1402928107212928
NAR032118034,NAR,JRS_1,JRS,1,R,R-NAR032118034,9,5,0.8189540837431547,1.1402928107212928
NAR032118034,NAR,JRS_1,JRS,1,R,R-NAR032118034,9,6,0.8634847073002933,1.1402928107212928
NAR032118034,NAR,JRS_1,JRS,1,R,R-NAR032118034,9,7,0.911793251952025,1.1402928107212928
NAR032118034,NAR,JRS_1,JRS,1,R,R-NAR032118034,9,8,0.9909284797789238,1.1402928107212928
NAR032118034,NAR,JRS_1,JRS,1,R,R-NAR032118034,9,9,1.0522514581829667,1.1402928107212928
NAR032118035,NAR,CJF_1,CJF,1,R,R-NAR032118035,4,1,0.5223734960288542,1.0683792634100304
NAR032118035,NAR,CJF_1,CJF,1,R,R-NAR032118035,4,2,0.7566157239044866,1.0683792634100304
NAR032118035,NAR,CJF_1,CJF,1,R,R-NAR032118035,4,3,0.9093671891701218,1.0683792634100304
NAR032118035,NAR,CJF_1,CJF,1,R,R-NAR032118035,4,4,1.0683792634100304,1.0683792634100304
NAR032118035,NAR,CJF_2,CJF,2,R,R-NAR032118035,4,1,0.465920637019538,1.0091967215130184
NAR032118035,NAR,CJF_2,CJF,2,R,R-NAR032118035,4,2,0.6829176127532108,1.0091967215130184
NAR032118035,NAR,CJF_2,CJF,2,R,R-NAR032118035,4,3,0.8599443072163517,1.0091967215130184
NAR032118035,NAR,CJF_2,CJF,2,R,R-NAR032118035,4,4,1.0091967215130184,1.0091967215130184
NAR032118035,NAR,CJF_3,CJF,3,R,R-NAR032118035,4,1,0.5106117346803775,1.0434068365397724
NAR032118035,NAR,CJF_3,CJF,3,R,R-NAR032118035,4,2,0.7247095386617393,1.0434068365397724
NAR032118035,NAR,CJF_3,CJF,3,R,R-NAR032118035,4,3,0.9086347277706266,1.0434068365397724
NAR032118035,NAR,CJF_3,CJF,3,R,R-NAR032118035,4,4,1.0434068365397724,1.0434068365397724
NAR032118035,NAR,JRS_1,JRS,1,R,R-NAR032118035,4,1,0.4472214858680551,1.048099534736916
NAR032118035,NAR,JRS_1,JRS,1,R,R-NAR032118035,4,2,0.535499219789943,1.048099534736916
NAR032118035,NAR,JRS_1,JRS,1,R,R-NAR032118035,4,3,0.7549052063195252,1.048099534736916
NAR032118035,NAR,JRS_1,JRS,1,R,R-NAR032118035,4,4,0.914147522612377,1.048099534736916
NAR032118036,NAR,CJF_1,CJF,1,R,R-NAR032118036,4,1,0.5778823365820974,1.0808064235495414
NAR032118036,NAR,CJF_1,CJF,1,R,R-NAR032118036,4,2,0.7792208313384452,1.0808064235495414
NAR032118036,NAR,CJF_1,CJF,1,R,R-NAR032118036,4,3,0.9254000133210389,1.0808064235495414
NAR032118036,NAR,CJF_1,CJF,1,R,R-NAR032118036,4,4,1.0808064235495414,1.0808064235495414
NAR032118036,NAR,CJF_2,CJF,2,R,R-NAR032118036,5,1,0.3391664643542191,1.0918092620867585
NAR032118036,NAR,CJF_2,CJF,2,R,R-NAR032118036,5,2,0.5759228754206573,1.0918092620867585
NAR032118036,NAR,CJF_2,CJF,2,R,R-NAR032118036,5,3,0.8133038108509267,1.0918092620867585
NAR032118036,NAR,CJF_2,CJF,2,R,R-NAR032118036,5,4,0.938550931359108,1.0918092620867585
NAR032118036,NAR,CJF_2,CJF,2,R,R-NAR032118036,5,5,1.0918092620867585,1.0918092620867585
NAR032118036,NAR,CJF_3,CJF,3,R,R-NAR032118036,5,1,0.32108663514881974,1.0906466862178863
NAR032118036,NAR,CJF_3,CJF,3,R,R-NAR032118036,5,2,0.6000930838538607,1.0906466862178863
NAR032118036,NAR,CJF_3,CJF,3,R,R-NAR032118036,5,3,0.8201545223536083,1.0906466862178863
NAR032118036,NAR,CJF_3,CJF,3,R,R-NAR032118036,5,4,0.95319016011555,1.0906466862178863
NAR032118036,NAR,CJF_3,CJF,3,R,R-NAR032118036,5,5,1.0906466862178863,1.0906466862178863
NAR032118036,NAR,JRS_1,JRS,1,R,R-NAR032118036,4,1,0.27496208167742414,0.7004158999806762
NAR032118036,NAR,JRS_1,JRS,1,R,R-NAR032118036,4,2,0.43287378451229175,0.7004158999806762
NAR032118036,NAR,JRS_1,JRS,1,R,R-NAR032118036,4,3,0.5511417789084553,0.7004158999806762
NAR032118036,NAR,JRS_1,JRS,1,R,R-NAR032118036,4,4,0.6223460986568751,0.7004158999806762
NAR032118037,NAR,CJF_1,CJF,1,R,R-NAR032118037,6,1,0.4720270857142467,1.120204973239047
NAR032118037,NAR,CJF_1,CJF,1,R,R-NAR032118037,6,2,0.5742256617450635,1.120204973239047
NAR032118037,NAR,CJF_1,CJF,1,R,R-NAR032118037,6,3,0.6750573549383875,1.120204973239047
NAR032118037,NAR,CJF_1,CJF,1,R,R-NAR032118037,6,4,0.8875479947693848,1.120204973239047
NAR032118037,NAR,CJF_1,CJF,1,R,R-NAR032118037,6,5,1.009939861752765,1.120204973239047
NAR032118037,NAR,CJF_1,CJF,1,R,R-NAR032118037,6,6,1.120204973239047,1.120204973239047
NAR032118037,NAR,CJF_2,CJF,2,R,R-NAR032118037,6,1,0.41832178655520763,1.0626152919109075
NAR032118037,NAR,CJF_2,CJF,2,R,R-NAR032118037,6,2,0.4950875262203516,1.0626152919109075
NAR032118037,NAR,CJF_2,CJF,2,R,R-NAR032118037,6,3,0.6266904636068296,1.0626152919109075
NAR032118037,NAR,CJF_2,CJF,2,R,R-NAR032118037,6,4,0.8097319923684297,1.0626152919109075
NAR032118037,NAR,CJF_2,CJF,2,R,R-NAR032118037,6,5,0.9429193622068708,1.0626152919109075
NAR032118037,NAR,CJF_2,CJF,2,R,R-NAR032118037,6,6,1.0626152919109075,1.0626152919109075
NAR032118037,NAR,CJF_3,CJF,3,R,R-NAR032118037,6,1,0.4497643835553465,1.0796051829506108
NAR032118037,NAR,CJF_3,CJF,3,R,R-NAR032118037,6,2,0.5420014362752773,1.0796051829506108
NAR032118037,NAR,CJF_3,CJF,3,R,R-NAR032118037,6,3,0.6514248143942617,1.0796051829506108
NAR032118037,NAR,CJF_3,CJF,3,R,R-NAR032118037,6,4,0.8256002375102391,1.0796051829506108
NAR032118037,NAR,CJF_3,CJF,3,R,R-NAR032118037,6,5,0.966345214091894,1.0796051829506108
NAR032118037,NAR,CJF_3,CJF,3,R,R-NAR032118037,6,6,1.0796051829506108,1.0796051829506108
NAR032118037,NAR,JRS_1,JRS,1,R,R-NAR032118037,4,1,0.3324862077394705,0.6195394017656598
NAR032118037,NAR,JRS_1,JRS,1,R,R-NAR032118037,4,2,0.4262432575153325,0.6195394017656598
NAR032118037,NAR,JRS_1,JRS,1,R,R-NAR032118037,4,3,0.49426539296710026,0.6195394017656598
NAR032118037,NAR,JRS_1,JRS,1,R,R-NAR032118037,4,4,0.5622875284188674,0.6195394017656598
NAR032118038,NAR,JRS_1,JRS,1,R,R-NAR032118038,6,1,0.49962004011600525,1.177743290908322
NAR032118038,NAR,JRS_1,JRS,1,R,R-NAR032118038,6,2,0.6822219915053955,1.177743290908322
NAR032118038,NAR,JRS_1,JRS,1,R,R-NAR032118038,6,3,0.7770699145573141,1.177743290908322
NAR032118038,NAR,JRS_1,JRS,1,R,R-NAR032118038,6,4,0.8958268135166967,1.177743290908322
NAR032118038,NAR,JRS_1,JRS,1,R,R-NAR032118038,6,5,1.0059661127092179,1.177743290908322
NAR032118038,NAR,JRS_1,JRS,1,R,R-NAR032118038,6,6,1.0862583840950077,1.177743290908322
NAR032118038,NAR,NGA_1,NGA,1,R,R-NAR032118038,7,1,0.48417250835896486,1.1502676159142482
NAR032118038,NAR,NGA_1,NGA,1,R,R-NAR032118038,7,2,0.6498738142462168,1.1502676159142482
NAR032118038,NAR,NGA_1,NGA,1,R,R-NAR032118038,7,3,0.7882088166344929,1.1502676159142482
NAR032118038,NAR,NGA_1,NGA,1,R,R-NAR032118038,7,4,0.875937263906954,1.1502676159142482
NAR032118038,NAR,NGA_1,NGA,1,R,R-NAR032118038,7,5,0.9691389718792109,1.1502676159142482
NAR032118038,NAR,NGA_1,NGA,1,R,R-NAR032118038,7,6,1.0515926472421968,1.1502676159142482
NAR032118038,NAR,NGA_1,NGA,1,R,R-NAR032118038,7,7,1.1502676159142482,1.1502676159142482
NAR032118038,NAR,NGA_2,NGA,2,R,R-NAR032118038,7,1,0.568812657643296,1.2420266293694997
NAR032118038,NAR,NGA_2,NGA,2,R,R-NAR032118038,7,2,0.7514616336758753,1.2420266293694997
NAR032118038,NAR,NGA_2,NGA,2,R,R-NAR032118038,7,3,0.8823025606971724,1.2420266293694997
NAR032118038,NAR,NGA_2,NGA,2,R,R-NAR032118038,7,4,0.9708401070170458,1.2420266293694997
NAR032118038,NAR,NGA_2,NGA,2,R,R-NAR032118038,7,5,1.0811012652979386,1.2420266293694997
NAR032118038,NAR,NGA_2,NGA,2,R,R-NAR032118038,7,6,1.1454142187655323,1.2420266293694997
NAR032118038,NAR,NGA_2,NGA,2,R,R-NAR032118038,7,7,1.2420266293694997,1.2420266293694997
NAR032118039,NAR,CJF_1,CJF,1,R,R-NAR032118039,12,1,0.4221609053134787,1.3381830825143297
NAR032118039,NAR,CJF_1,CJF,1,R,R-NAR032118039,12,2,0.5866122348299186,1.3381830825143297
NAR032118039,NAR,CJF_1,CJF,1,R,R-NAR032118039,12,3,0.7077787104869309,1.3381830825143297
NAR032118039,NAR,CJF_1,CJF,1,R,R-NAR032118039,12,4,0.8151064789686799,1.3381830825143297
NAR032118039,NAR,CJF_1,CJF,1,R,R-NAR032118039,12,5,0.8981547893138496,1.3381830825143297
NAR032118039,NAR,CJF_1,CJF,1,R,R-NAR032118039,12,6,0.96622638464791,1.3381830825143297
NAR032118039,NAR,CJF_1,CJF,1,R,R-NAR032118039,12,7,1.016599686540986,1.3381830825143297
NAR032118039,NAR,CJF_1,CJF,1,R,R-NAR032118039,12,8,1.0771829243694926,1.3381830825143297
NAR032118039,NAR,CJF_1,CJF,1,R,R-NAR032118039,12,9,1.1266490334526111,1.3381830825143297
NAR032118039,NAR,CJF_1,CJF,1,R,R-NAR032118039,12,10,1.1735626585518717,1.3381830825143297
NAR032118039,NAR,CJF_1,CJF,1,R,R-NAR032118039,12,11,1.2533203865492433,1.3381830825143297
NAR032118039,NAR,CJF_1,CJF,1,R,R-NAR032118039,12,12,1.3381830825143297,1.3381830825143297
NAR032118039,NAR,CJF_2,CJF,2,R,R-NAR032118039,12,1,0.42666693858562416,1.3290358018634887
NAR032118039,NAR,CJF_2,CJF,2,R,R-NAR032118039,12,2,0.5898938667979919,1.3290358018634887
NAR032118039,NAR,CJF_2,CJF,2,R,R-NAR032118039,12,3,0.792049520304787,1.3290358018634887
NAR032118039,NAR,CJF_2,CJF,2,R,R-NAR032118039,12,4,0.8964961006622473,1.3290358018634887
NAR032118039,NAR,CJF_2,CJF,2,R,R-NAR032118039,12,5,0.9627884755518163,1.3290358018634887
NAR032118039,NAR,CJF_2,CJF,2,R,R-NAR032118039,12,6,1.0174255499761253,1.3290358018634887
NAR032118039,NAR,CJF_2,CJF,2,R,R-NAR032118039,12,7,1.0174255499761253,1.3290358018634887
NAR032118039,NAR,CJF_2,CJF,2,R,R-NAR032118039,12,8,1.0771608671895168,1.3290358018634887
NAR032118039,NAR,CJF_2,CJF,2,R,R-NAR032118039,12,9,1.1277448929492024,1.3290358018634887
NAR032118039,NAR,CJF_2,CJF,2,R,R-NAR032118039,12,10,1.1699521470817185,1.3290358018634887
NAR032118039,NAR,CJF_2,CJF,2,R,R-NAR032118039,12,11,1.2486743422630815,1.3290358018634887
NAR032118039,NAR,CJF_2,CJF,2,R,R-NAR032118039,12,12,1.3290358018634887,1.3290358018634887
NAR032118039,NAR,CJF_3,CJF,3,R,R-NAR032118039,11,1,0.48124048499239586,1.383293121198889
NAR032118039,NAR,CJF_3,CJF,3,R,R-NAR032118039,11,2,0.7373039465681357,1.383293121198889
NAR032118039,NAR,CJF_3,CJF,3,R,R-NAR032118039,11,3,0.85194080127114,1.383293121198889
NAR032118039,NAR,CJF_3,CJF,3,R,R-NAR032118039,11,4,0.939787903804414,1.383293121198889
NAR032118039,NAR,CJF_3,CJF,3,R,R-NAR032118039,11,5,1.0167760002788728,1.383293121198889
NAR032118039,NAR,CJF_3,CJF,3,R,R-NAR032118039,11,6,1.0661723092596058,1.383293121198889
NAR032118039,NAR,CJF_3,CJF,3,R,R-NAR032118039,11,7,1.1163706535643336,1.383293121198889
NAR032118039,NAR,CJF_3,CJF,3,R,R-NAR032118039,11,8,1.1766259686038825,1.383293121198889
NAR032118039,NAR,CJF_3,CJF,3,R,R-NAR032118039,11,9,1.2260222775846155,1.383293121198889
NAR032118039,NAR,CJF_3,CJF,3,R,R-NAR032118039,11,10,1.3063050247244312,1.383293121198889
NAR032118039,NAR,CJF_3,CJF,3,R,R-NAR032118039,11,11,1.383293121198889,1.383293121198889
NAR032118039,NAR,JRS_1,JRS,1,R,R-NAR032118039,10,1,0.5924010020177349,1.4896215234395913
NAR032118039,NAR,JRS_1,JRS,1,R,R-NAR032118039,10,2,0.8803655548211777,1.4896215234395913
NAR032118039,NAR,JRS_1,JRS,1,R,R-NAR032118039,10,3,0.9690201245278025,1.4896215234395913
NAR032118039,NAR,JRS_1,JRS,1,R,R-NAR032118039,10,4,1.0431053635328218,1.4896215234395913
NAR032118039,NAR,JRS_1,JRS,1,R,R-NAR032118039,10,5,1.1107167650304506,1.4896215234395913
NAR032118039,NAR,JRS_1,JRS,1,R,R-NAR032118039,10,6,1.1658529366306332,1.4896215234395913
NAR032118039,NAR,JRS_1,JRS,1,R,R-NAR032118039,10,7,1.2230832090349733,1.4896215234395913
NAR032118039,NAR,JRS_1,JRS,1,R,R-NAR032118039,10,8,1.2703154225358562,1.4896215234395913
NAR032118039,NAR,JRS_1,JRS,1,R,R-NAR032118039,10,9,1.3344026026374174,1.4896215234395913
NAR032118039,NAR,JRS_1,JRS,1,R,R-NAR032118039,10,10,1.4030610545371252,1.4896215234395913
NAR032118040,NAR,JRS_1,JRS,1,R,R-NAR032118040,9,1,0.42321880813329554,1.3253291105580631
NAR032118040,NAR,JRS_1,JRS,1,R,R-NAR032118040,9,2,0.6009836694404516,1.3253291105580631
NAR032118040,NAR,JRS_1,JRS,1,R,R-NAR032118040,9,3,0.7396596443154474,1.3253291105580631
NAR032118040,NAR,JRS_1,JRS,1,R,R-NAR032118040,9,4,0.8478757929682532,1.3253291105580631
NAR032118040,NAR,JRS_1,JRS,1,R,R-NAR032118040,9,5,0.9423002052116264,1.3253291105580631
NAR032118040,NAR,JRS_1,JRS,1,R,R-NAR032118040,9,6,1.0074500976742504,1.3253291105580631
NAR032118040,NAR,JRS_1,JRS,1,R,R-NAR032118040,9,7,1.093582610054615,1.3253291105580631
NAR032118040,NAR,JRS_1,JRS,1,R,R-NAR032118040,9,8,1.1671086924669873,1.3253291105580631
NAR032118040,NAR,JRS_1,JRS,1,R,R-NAR032118040,9,9,1.2407190649661,1.3253291105580631
NAR032118040,NAR,NGA_1,NGA,1,R,R-NAR032118040,10,1,0.4265040694782326,1.3381102551264923
NAR032118040,NAR,NGA_1,NGA,1,R,R-NAR032118040,10,2,0.6084623033860154,1.3381102551264923
NAR032118040,NAR,NGA_1,NGA,1,R,R-NAR032118040,10,3,0.7454307608349894,1.3381102551264923
NAR032118040,NAR,NGA_1,NGA,1,R,R-NAR032118040,10,4,0.8490185839855925,1.3381102551264923
NAR032118040,NAR,NGA_1,NGA,1,R,R-NAR032118040,10,5,0.9542373112823409,1.3381102551264923
NAR032118040,NAR,NGA_1,NGA,1,R,R-NAR032118040,10,6,1.0233572307038097,1.3381102551264923
NAR032118040,NAR,NGA_1,NGA,1,R,R-NAR032118040,10,7,1.084129816257131,1.3381102551264923
NAR032118040,NAR,NGA_1,NGA,1,R,R-NAR032118040,10,8,1.1485324340291443,1.3381102551264923
NAR032118040,NAR,NGA_1,NGA,1,R,R-NAR032118040,10,9,1.2463156860995284,1.3381102551264923
NAR032118040,NAR,NGA_1,NGA,1,R,R-NAR032118040,10,10,1.3381102551264923,1.3381102551264923
NAR032118040,NAR,NGA_2,NGA,2,R,R-NAR032118040,10,1,0.5016688086374376,1.4059649938988954
NAR032118040,NAR,NGA_2,NGA,2,R,R-NAR032118040,10,2,0.6827765506750931,1.4059649938988954
NAR032118040,NAR,NGA_2,NGA,2,R,R-NAR032118040,10,3,0.8277473086533654,1.4059649938988954
NAR032118040,NAR,NGA_2,NGA,2,R,R-NAR032118040,10,4,0.9235825592997882,1.4059649938988954
NAR032118040,NAR,NGA_2,NGA,2,R,R-NAR032118040,10,5,1.0228600451017567,1.4059649938988954
NAR032118040,NAR,NGA_2,NGA,2,R,R-NAR032118040,10,6,1.1004776488321808,1.4059649938988954
NAR032118040,NAR,NGA_2,NGA,2,R,R-NAR032118040,10,7,1.1633198408021521,1.4059649938988954
NAR032118040,NAR,NGA_2,NGA,2,R,R-NAR032118040,10,8,1.244914043249287,1.4059649938988954
NAR032118040,NAR,NGA_2,NGA,2,R,R-NAR032118040,10,9,1.320692502507662,1.4059649938988954
NAR032118040,NAR,NGA_2,NGA,2,R,R-NAR032118040,10,10,1.4059649938988954,1.4059649938988954
NAR032118041,NAR,CJF_1,CJF,1,R,R-NAR032118041,14,1,0.3890157719019363,1.444033577460449
NAR032118041,NAR,CJF_1,CJF,1,R,R-NAR032118041,14,2,0.56068655356257,1.444033577460449
NAR032118041,NAR,CJF_1,CJF,1,R,R-NAR032118041,14,3,0.6971050638816072,1.444033577460449
NAR032118041,NAR,CJF_1,CJF,1,R,R-NAR032118041,14,4,0.8086281275012456,1.444033577460449
NAR032118041,NAR,CJF_1,CJF,1,R,R-NAR032118041,14,5,0.9061515718897768,1.444033577460449
NAR032118041,NAR,CJF_1,CJF,1,R,R-NAR032118041,14,6,0.9647473940493643,1.444033577460449
NAR032118041,NAR,CJF_1,CJF,1,R,R-NAR032118041,14,7,1.044628424617879,1.444033577460449
NAR032118041,NAR,CJF_1,CJF,1,R,R-NAR032118041,14,8,1.0996140084869932,1.444033577460449
NAR032118041,NAR,CJF_1,CJF,1,R,R-NAR032118041,14,9,1.1654954198244003,1.444033577460449
NAR032118041,NAR,CJF_1,CJF,1,R,R-NAR032118041,14,10,1.2126889679880397,1.444033577460449
NAR032118041,NAR,CJF_1,CJF,1,R,R-NAR032118041,14,11,1.2733756888551293,1.444033577460449
NAR032118041,NAR,CJF_1,CJF,1,R,R-NAR032118041,14,12,1.332510513840811,1.444033577460449
NAR032118041,NAR,CJF_1,CJF,1,R,R-NAR032118041,14,13,1.3874960977099262,1.444033577460449
NAR032118041,NAR,CJF_1,CJF,1,R,R-NAR032118041,14,14,1.444033577460449,1.444033577460449
NAR032118041,NAR,CJF_2,CJF,2,R,R-NAR032118041,14,1,0.42867934707791333,1.537289544670199
NAR032118041,NAR,CJF_2,CJF,2,R,R-NAR032118041,14,2,0.6367522879175489,1.537289544670199
NAR032118041,NAR,CJF_2,CJF,2,R,R-NAR032118041,14,3,0.766484143506851,1.537289544670199
NAR032118041,NAR,CJF_2,CJF,2,R,R-NAR032118041,14,4,0.8845391908341724,1.537289544670199
NAR032118041,NAR,CJF_2,CJF,2,R,R-NAR032118041,14,5,0.9716208752969153,1.537289544670199
NAR032118041,NAR,CJF_2,CJF,2,R,R-NAR032118041,14,6,1.0462671782604314,1.537289544670199
NAR032118041,NAR,CJF_2,CJF,2,R,R-NAR032118041,14,7,1.1116444905412723,1.537289544670199
NAR032118041,NAR,CJF_2,CJF,2,R,R-NAR032118041,14,8,1.1686434832442498,1.537289544670199
NAR032118041,NAR,CJF_2,CJF,2,R,R-NAR032118041,14,9,1.2298316357361594,1.537289544670199
NAR032118041,NAR,CJF_2,CJF,2,R,R-NAR032118041,14,10,1.2892384460184434,1.537289544670199
NAR032118041,NAR,CJF_2,CJF,2,R,R-NAR032118041,14,11,1.3487773541682935,1.537289544670199
NAR032118041,NAR,CJF_2,CJF,2,R,R-NAR032118041,14,12,1.415803910791193,1.537289544670199
NAR032118041,NAR,CJF_2,CJF,2,R,R-NAR032118041,14,13,1.4602354241273778,1.537289544670199
NAR032118041,NAR,CJF_2,CJF,2,R,R-NAR032118041,14,14,1.537289544670199,1.537289544670199
NAR032118041,NAR,CJF_3,CJF,3,R,R-NAR032118041,14,1,0.46125363279650905,1.5464871709771115
NAR032118041,NAR,CJF_3,CJF,3,R,R-NAR032118041,14,2,0.6535223068579116,1.5464871709771115
NAR032118041,NAR,CJF_3,CJF,3,R,R-NAR032118041,14,3,0.8010777156299651,1.5464871709771115
NAR032118041,NAR,CJF_3,CJF,3,R,R-NAR032118041,14,4,0.9106903050034911,1.5464871709771115
NAR032118041,NAR,CJF_3,CJF,3,R,R-NAR032118041,14,5,0.9983929043900749,1.5464871709771115
NAR032118041,NAR,CJF_3,CJF,3,R,R-NAR032118041,14,6,1.0633235481936598,1.5464871709771115
NAR032118041,NAR,CJF_3,CJF,3,R,R-NAR032118041,14,7,1.1349933181686578,1.5464871709771115
NAR032118041,NAR,CJF_3,CJF,3,R,R-NAR032118041,14,8,1.1914922243281256,1.5464871709771115
NAR032118041,NAR,CJF_3,CJF,3,R,R-NAR032118041,14,9,1.2530376451863015,1.5464871709771115
NAR032118041,NAR,CJF_3,CJF,3,R,R-NAR032118041,14,10,1.3103985169418249,1.5464871709771115
NAR032118041,NAR,CJF_3,CJF,3,R,R-NAR032118041,14,11,1.3559111083884143,1.5464871709771115
NAR032118041,NAR,CJF_3,CJF,3,R,R-NAR032118041,14,12,1.4233963292607608,1.5464871709771115
NAR032118041,NAR,CJF_3,CJF,3,R,R-NAR032118041,14,13,1.4782026239475232,1.5464871709771115
NAR032118041,NAR,CJF_3,CJF,3,R,R-NAR032118041,14,14,1.5464871709771115,1.5464871709771115
NAR032118041,NAR,JRS_1,JRS,1,R,R-NAR032118041,13,1,0.4518882448357218,1.5002625769048477
NAR032118041,NAR,JRS_1,JRS,1,R,R-NAR032118041,13,2,0.6211179252107435,1.5002625769048477
NAR032118041,NAR,JRS_1,JRS,1,R,R-NAR032118041,13,3,0.7597187115214976,1.5002625769048477
NAR032118041,NAR,JRS_1,JRS,1,R,R-NAR032118041,13,4,0.8615742649591439,1.5002625769048477
NAR032118041,NAR,JRS_1,JRS,1,R,R-NAR032118041,13,5,0.9365341740466137,1.5002625769048477
NAR032118041,NAR,JRS_1,JRS,1,R,R-NAR032118041,13,6,1.0349265098940381,1.5002625769048477
NAR032118041,NAR,JRS_1,JRS,1,R,R-NAR032118041,13,7,1.0931103952781307,1.5002625769048477
NAR032118041,NAR,JRS_1,JRS,1,R,R-NAR032118041,13,8,1.1556868773459634,1.5002625769048477
NAR032118041,NAR,JRS_1,JRS,1,R,R-NAR032118041,13,9,1.2072143596734792,1.5002625769048477
NAR032118041,NAR,JRS_1,JRS,1,R,R-NAR032118041,13,10,1.2653982450575727,1.5002625769048477
NAR032118041,NAR,JRS_1,JRS,1,R,R-NAR032118041,13,11,1.330238533498243,1.5002625769048477
NAR032118041,NAR,JRS_1,JRS,1,R,R-NAR032118041,13,12,1.3884224188823349,1.5002625769048477
NAR032118041,NAR,JRS_1,JRS,1,R,R-NAR032118041,13,13,1.460983505535034,1.5002625769048477
NAR032118042,NAR,CJF_1,CJF,1,R,R-NAR032118042,10,1,0.5627854997343174,1.358593271146947
NAR032118042,NAR,CJF_1,CJF,1,R,R-NAR032118042,10,2,0.7118051480268158,1.358593271146947
NAR032118042,NAR,CJF_1,CJF,1,R,R-NAR032118042,10,3,0.8400055945327342,1.358593271146947
NAR032118042,NAR,CJF_1,CJF,1,R,R-NAR032118042,10,4,0.9423855296438658,1.358593271146947
NAR032118042,NAR,CJF_1,CJF,1,R,R-NAR032118042,10,5,1.026476300143941,1.358593271146947
NAR032118042,NAR,CJF_1,CJF,1,R,R-NAR032118042,10,6,1.0947197960942212,1.358593271146947
NAR032118042,NAR,CJF_1,CJF,1,R,R-NAR032118042,10,7,1.15880532816147,1.358593271146947
NAR032118042,NAR,CJF_1,CJF,1,R,R-NAR032118042,10,8,1.2054156589714167,1.358593271146947
NAR032118042,NAR,CJF_1,CJF,1,R,R-NAR032118042,10,9,1.27784650117615,1.358593271146947
NAR032118042,NAR,CJF_1,CJF,1,R,R-NAR032118042,10,10,1.358593271146947,1.358593271146947
NAR032118042,NAR,CJF_2,CJF,2,R,R-NAR032118042,10,1,0.5290617014338486,1.379066072330925
NAR032118042,NAR,CJF_2,CJF,2,R,R-NAR032118042,10,2,0.7222701853110044,1.379066072330925
NAR032118042,NAR,CJF_2,CJF,2,R,R-NAR032118042,10,3,0.8625955821069001,1.379066072330925
NAR032118042,NAR,CJF_2,CJF,2,R,R-NAR032118042,10,4,0.9737735423312507,1.379066072330925
NAR032118042,NAR,CJF_2,CJF,2,R,R-NAR032118042,10,5,1.048149886579,1.379066072330925
NAR032118042,NAR,CJF_2,CJF,2,R,R-NAR032118042,10,6,1.111680149564343,1.379066072330925
NAR032118042,NAR,CJF_2,CJF,2,R,R-NAR032118042,10,7,1.1810200093281635,1.379066072330925
NAR032118042,NAR,CJF_2,CJF,2,R,R-NAR032118042,10,8,1.2395137878295766,1.379066072330925
NAR032118042,NAR,CJF_2,CJF,2,R,R-NAR032118042,10,9,1.3039166157886282,1.379066072330925
NAR032118042,NAR,CJF_2,CJF,2,R,R-NAR032118042,10,10,1.379066072330925,1.379066072330925
NAR032118042,NAR,CJF_3,CJF,3,R,R-NAR032118042,10,1,0.5216099052121952,1.3460214033184636
NAR032118042,NAR,CJF_3,CJF,3,R,R-NAR032118042,10,2,0.701622561456114,1.3460214033184636
NAR032118042,NAR,CJF_3,CJF,3,R,R-NAR032118042,10,3,0.8325585351281249,1.3460214033184636
NAR032118042,NAR,CJF_3,CJF,3,R,R-NAR032118042,10,4,0.9351144940468761,1.3460214033184636
NAR032118042,NAR,CJF_3,CJF,3,R,R-NAR032118042,10,5,1.0109856606695402,1.3460214033184636
NAR032118042,NAR,CJF_3,CJF,3,R,R-NAR032118042,10,6,1.094320790717478,1.3460214033184636
NAR032118042,NAR,CJF_3,CJF,3,R,R-NAR032118042,10,7,1.1509711284693285,1.3460214033184636
NAR032118042,NAR,CJF_3,CJF,3,R,R-NAR032118042,10,8,1.2209638623692225,1.3460214033184636
NAR032118042,NAR,CJF_3,CJF,3,R,R-NAR032118042,10,9,1.2734309898554754,1.3460214033184636
NAR032118042,NAR,CJF_3,CJF,3,R,R-NAR032118042,10,10,1.3460214033184636,1.3460214033184636
NAR032118042,NAR,JRS_1,JRS,1,R,R-NAR032118042,9,1,0.4539529119483961,1.2717936012133697
NAR032118042,NAR,JRS_1,JRS,1,R,R-NAR032118042,9,2,0.6335399588965536,1.2717936012133697
NAR032118042,NAR,JRS_1,JRS,1,R,R-NAR032118042,9,3,0.7678447420484441,1.2717936012133697
NAR032118042,NAR,JRS_1,JRS,1,R,R-NAR032118042,9,4,0.8566861872989062,1.2717936012133697
NAR032118042,NAR,JRS_1,JRS,1,R,R-NAR032118042,9,5,0.9488365524831166,1.2717936012133697
NAR032118042,NAR,JRS_1,JRS,1,R,R-NAR032118042,9,6,1.019728634578327,1.2717936012133697
NAR032118042,NAR,JRS_1,JRS,1,R,R-NAR032118042,9,7,1.0796513415961,1.2717936012133697
NAR032118042,NAR,JRS_1,JRS,1,R,R-NAR032118042,9,8,1.1418403532714234,1.2717936012133697
NAR032118042,NAR,JRS_1,JRS,1,R,R-NAR032118042,9,9,1.207338284880495,1.2717936012133697
NAR032118043,NAR,CJF_1,CJF,1,R,R-NAR032118043,7,1,0.42650577930339645,1.104989343176908
NAR032118043,NAR,CJF_1,CJF,1,R,R-NAR032118043,7,2,0.6164096821469311,1.104989343176908
NAR032118043,NAR,CJF_1,CJF,1,R,R-NAR032118043,7,3,0.7219162727725984,1.104989343176908
NAR032118043,NAR,CJF_1,CJF,1,R,R-NAR032118043,7,4,0.8427987715085186,1.104989343176908
NAR032118043,NAR,CJF_1,CJF,1,R,R-NAR032118043,7,5,0.941964915794895,1.104989343176908
NAR032118043,NAR,CJF_1,CJF,1,R,R-NAR032118043,7,6,1.0174785352522364,1.104989343176908
NAR032118043,NAR,CJF_1,CJF,1,R,R-NAR032118043,7,7,1.104989343176908,1.104989343176908
NAR032118043,NAR,CJF_2,CJF,2,R,R-NAR032118043,7,1,0.37663108099994863,1.043236719327136
NAR032118043,NAR,CJF_2,CJF,2,R,R-NAR032118043,7,2,0.5646258050271682,1.043236719327136
NAR032118043,NAR,CJF_2,CJF,2,R,R-NAR032118043,7,3,0.6720783021798947,1.043236719327136
NAR032118043,NAR,CJF_2,CJF,2,R,R-NAR032118043,7,4,0.7796818156610555,1.043236719327136
NAR032118043,NAR,CJF_2,CJF,2,R,R-NAR032118043,7,5,0.8745661189287108,1.043236719327136
NAR032118043,NAR,CJF_2,CJF,2,R,R-NAR032118043,7,6,0.9700920551418749,1.043236719327136
NAR032118043,NAR,CJF_2,CJF,2,R,R-NAR032118043,7,7,1.043236719327136,1.043236719327136
NAR032118043,NAR,CJF_3,CJF,3,R,R-NAR032118043,7,1,0.3577918276794033,1.037952569123219
NAR032118043,NAR,CJF_3,CJF,3,R,R-NAR032118043,7,2,0.5517803379942607,1.037952569123219
NAR032118043,NAR,CJF_3,CJF,3,R,R-NAR032118043,7,3,0.6693663640257986,1.037952569123219
NAR032118043,NAR,CJF_3,CJF,3,R,R-NAR032118043,7,4,0.7725953241098318,1.037952569123219
NAR032118043,NAR,CJF_3,CJF,3,R,R-NAR032118043,7,5,0.8844207223081417,1.037952569123219
NAR032118043,NAR,CJF_3,CJF,3,R,R-NAR032118043,7,6,0.9797887748055483,1.037952569123219
NAR032118043,NAR,CJF_3,CJF,3,R,R-NAR032118043,7,7,1.037952569123219,1.037952569123219
NAR032118043,NAR,JRS_1,JRS,1,R,R-NAR032118043,5,1,0.35116183036890253,1.0466840922111107
NAR032118043,NAR,JRS_1,JRS,1,R,R-NAR032118043,5,2,0.4981405310730993,1.0466840922111107
NAR032118043,NAR,JRS_1,JRS,1,R,R-NAR032118043,5,3,0.6321970980854356,1.0466840922111107
NAR032118043,NAR,JRS_1,JRS,1,R,R-NAR032118043,5,4,0.7332306287036754,1.0466840922111107
NAR032118043,NAR,JRS_1,JRS,1,R,R-NAR032118043,5,5,0.8177905528729361,1.0466840922111107
NAR032118044,NAR,CJF_1,CJF,1,R,R-NAR032118044,12,1,0.5278081390669873,1.542647076309345
NAR032118044,NAR,CJF_1,CJF,1,R,R-NAR032118044,12,2,0.7102892122320025,1.542647076309345
NAR032118044,NAR,CJF_1,CJF,1,R,R-NAR032118044,12,3,0.8479668410829772,1.542647076309345
NAR032118044,NAR,CJF_1,CJF,1,R,R-NAR032118044,12,4,0.9639963377946794,1.542647076309345
NAR032118044,NAR,CJF_1,CJF,1,R,R-NAR032118044,12,5,1.0510843030358334,1.542647076309345
NAR032118044,NAR,CJF_1,CJF,1,R,R-NAR032118044,12,6,1.1273482022073518,1.542647076309345
NAR032118044,NAR,CJF_1,CJF,1,R,R-NAR032118044,12,7,1.2041179730545852,1.542647076309345
NAR032118044,NAR,CJF_1,CJF,1,R,R-NAR032118044,12,8,1.2758498971279622,1.542647076309345
NAR032118044,NAR,CJF_1,CJF,1,R,R-NAR032118044,12,9,1.339276678518631,1.542647076309345
NAR032118044,NAR,CJF_1,CJF,1,R,R-NAR032118044,12,10,1.4173006935635029,1.542647076309345
NAR032118044,NAR,CJF_1,CJF,1,R,R-NAR032118044,12,11,1.4726752681093223,1.542647076309345
NAR032118044,NAR,CJF_1,CJF,1,R,R-NAR032118044,12,12,1.542647076309345,1.542647076309345
NAR032118044,NAR,CJF_2,CJF,2,R,R-NAR032118044,12,1,0.4551745748923105,1.5195748341833786
NAR032118044,NAR,CJF_2,CJF,2,R,R-NAR032118044,12,2,0.6646373134689616,1.5195748341833786
NAR032118044,NAR,CJF_2,CJF,2,R,R-NAR032118044,12,3,0.8131684165445323,1.5195748341833786
NAR032118044,NAR,CJF_2,CJF,2,R,R-NAR032118044,12,4,0.9347533022204272,1.5195748341833786
NAR032118044,NAR,CJF_2,CJF,2,R,R-NAR032118044,12,5,1.0170809251529587,1.5195748341833786
NAR032118044,NAR,CJF_2,CJF,2,R,R-NAR032118044,12,6,1.0913464766907444,1.5195748341833786
NAR032118044,NAR,CJF_2,CJF,2,R,R-NAR032118044,12,7,1.1802169767471693,1.5195748341833786
NAR032118044,NAR,CJF_2,CJF,2,R,R-NAR032118044,12,8,1.2418930976150013,1.5195748341833786
NAR032118044,NAR,CJF_2,CJF,2,R,R-NAR032118044,12,9,1.320686008427994,1.5195748341833786
NAR032118044,NAR,CJF_2,CJF,2,R,R-NAR032118044,12,10,1.3813694821401574,1.5195748341833786
NAR032118044,NAR,CJF_2,CJF,2,R,R-NAR032118044,12,11,1.4407819233703858,1.5195748341833786
NAR032118044,NAR,CJF_2,CJF,2,R,R-NAR032118044,12,12,1.5195748341833786,1.5195748341833786
NAR032118044,NAR,CJF_3,CJF,3,R,R-NAR032118044,12,1,0.35186542116572744,1.4945731190909022
NAR032118044,NAR,CJF_3,CJF,3,R,R-NAR032118044,12,2,0.6346739742006857,1.4945731190909022
NAR032118044,NAR,CJF_3,CJF,3,R,R-NAR032118044,12,3,0.7971997344528312,1.4945731190909022
NAR032118044,NAR,CJF_3,CJF,3,R,R-NAR032118044,12,4,0.90801766083881,1.4945731190909022
NAR032118044,NAR,CJF_3,CJF,3,R,R-NAR032118044,12,5,0.9999328486084609,1.4945731190909022
NAR032118044,NAR,CJF_3,CJF,3,R,R-NAR032118044,12,6,1.0702041521633139,1.4945731190909022
NAR032118044,NAR,CJF_3,CJF,3,R,R-NAR032118044,12,7,1.1598870977259568,1.4945731190909022
NAR032118044,NAR,CJF_3,CJF,3,R,R-NAR032118044,12,8,1.2320513745601769,1.4945731190909022
NAR032118044,NAR,CJF_3,CJF,3,R,R-NAR032118044,12,9,1.3005993392994841,1.4945731190909022
NAR032118044,NAR,CJF_3,CJF,3,R,R-NAR032118044,12,10,1.366575792904141,1.4945731190909022
NAR032118044,NAR,CJF_3,CJF,3,R,R-NAR032118044,12,11,1.4263644232792365,1.4945731190909022
NAR032118044,NAR,CJF_3,CJF,3,R,R-NAR032118044,12,12,1.4945731190909022,1.4945731190909022
NAR032118044,NAR,JRS_1,JRS,1,R,R-NAR032118044,11,1,0.47396143572426475,1.4571966610470735
NAR032118044,NAR,JRS_1,JRS,1,R,R-NAR032118044,11,2,0.6503322377590526,1.4571966610470735
NAR032118044,NAR,JRS_1,JRS,1,R,R-NAR032118044,11,3,0.783766380056917,1.4571966610470735
NAR032118044,NAR,JRS_1,JRS,1,R,R-NAR032118044,11,4,0.8848655390516744,1.4571966610470735
NAR032118044,NAR,JRS_1,JRS,1,R,R-NAR032118044,11,5,0.9786224483379004,1.4571966610470735
NAR032118044,NAR,JRS_1,JRS,1,R,R-NAR032118044,11,6,1.0544468175839685,1.4571966610470735
NAR032118044,NAR,JRS_1,JRS,1,R,R-NAR032118044,11,7,1.1626061701331438,1.4571966610470735
NAR032118044,NAR,JRS_1,JRS,1,R,R-NAR032118044,11,8,1.2074489063357279,1.4571966610470735
NAR032118044,NAR,JRS_1,JRS,1,R,R-NAR032118044,11,9,1.2813671991161344,1.4571966610470735
NAR032118044,NAR,JRS_1,JRS,1,R,R-NAR032118044,11,10,1.357732908466052,1.4571966610470735
NAR032118044,NAR,JRS_1,JRS,1,R,R-NAR032118044,11,11,1.3995868879952764,1.4571966610470735
NAR032118045,NAR,CJF_1,CJF,1,R,R-NAR032118045,5,1,0.48168197191815726,1.0054964461562785
NAR032118045,NAR,CJF_1,CJF,1,R,R-NAR032118045,5,2,0.6587726837425154,1.0054964461562785
NAR032118045,NAR,CJF_1,CJF,1,R,R-NAR032118045,5,3,0.813998989575873,1.0054964461562785
NAR032118045,NAR,CJF_1,CJF,1,R,R-NAR032118045,5,4,0.9074957071628578,1.0054964461562785
NAR032118045,NAR,CJF_1,CJF,1,R,R-NAR032118045,5,5,1.0054964461562785,1.0054964461562785
NAR032118045,NAR,CJF_2,CJF,2,R,R-NAR032118045,5,1,0.4838260949854729,1.0297617154790337
NAR032118045,NAR,CJF_2,CJF,2,R,R-NAR032118045,5,2,0.667957356347205,1.0297617154790337
NAR032118045,NAR,CJF_2,CJF,2,R,R-NAR032118045,5,3,0.8156635017637696,1.0297617154790337
NAR032118045,NAR,CJF_2,CJF,2,R,R-NAR032118045,5,4,0.9248556878801667,1.0297617154790337
NAR032118045,NAR,CJF_2,CJF,2,R,R-NAR032118045,5,5,1.0297617154790337,1.0297617154790337
NAR032118045,NAR,CJF_3,CJF,3,R,R-NAR032118045,5,1,0.4402671905856248,0.9679577687712877
NAR032118045,NAR,CJF_3,CJF,3,R,R-NAR032118045,5,2,0.6288473810828705,0.9679577687712877
NAR032118045,NAR,CJF_3,CJF,3,R,R-NAR032118045,5,3,0.772880989763536,0.9679577687712877
NAR032118045,NAR,CJF_3,CJF,3,R,R-NAR032118045,5,4,0.8747814228663144,0.9679577687712877
NAR032118045,NAR,CJF_3,CJF,3,R,R-NAR032118045,5,5,0.9679577687712877,0.9679577687712877
NAR032118045,NAR,JRS_1,JRS,1,R,R-NAR032118045,4,1,0.5020260790462316,1.006994133402016
NAR032118045,NAR,JRS_1,JRS,1,R,R-NAR032118045,4,2,0.6608703119355205,1.006994133402016
NAR032118045,NAR,JRS_1,JRS,1,R,R-NAR032118045,4,3,0.8083404025496433,1.006994133402016
NAR032118045,NAR,JRS_1,JRS,1,R,R-NAR032118045,4,4,0.919074223497917,1.006994133402016
NAR032118046,NAR,JRS_1,JRS,1,R,R-NAR032118046,6,1,0.4009049861898211,1.0772988169930011
NAR032118046,NAR,JRS_1,JRS,1,R,R-NAR032118046,6,2,0.6056383861725425,1.0772988169930011
NAR032118046,NAR,JRS_1,JRS,1,R,R-NAR032118046,6,3,0.702384034169232,1.0772988169930011
NAR032118046,NAR,JRS_1,JRS,1,R,R-NAR032118046,6,4,0.8147034867162731,1.0772988169930011
NAR032118046,NAR,JRS_1,JRS,1,R,R-NAR032118046,6,5,0.8976283278562927,1.0772988169930011
NAR032118046,NAR,JRS_1,JRS,1,R,R-NAR032118046,6,6,1.0004586741076726,1.0772988169930011
NAR032118046,NAR,NGA_1,NGA,1,R,R-NAR032118046,7,1,0.47223735619765506,1.1086628608512854
NAR032118046,NAR,NGA_1,NGA,1,R,R-NAR032118046,7,2,0.6348625334805937,1.1086628608512854
NAR032118046,NAR,NGA_1,NGA,1,R,R-NAR032118046,7,3,0.7847546141253823,1.1086628608512854
NAR032118046,NAR,NGA_1,NGA,1,R,R-NAR032118046,7,4,0.8628265967938491,1.1086628608512854
NAR032118046,NAR,NGA_1,NGA,1,R,R-NAR032118046,7,5,0.9519582732608977,1.1086628608512854
NAR032118046,NAR,NGA_1,NGA,1,R,R-NAR032118046,7,6,1.0553860175391316,1.1086628608512854
NAR032118046,NAR,NGA_1,NGA,1,R,R-NAR032118046,7,7,1.1086628608512854,1.1086628608512854
NAR032118046,NAR,NGA_2,NGA,2,R,R-NAR032118046,7,1,0.49678042967159997,1.1563201446095408
NAR032118046,NAR,NGA_2,NGA,2,R,R-NAR032118046,7,2,0.6793047484440582,1.1563201446095408
NAR032118046,NAR,NGA_2,NGA,2,R,R-NAR032118046,7,3,0.8115767554381955,1.1563201446095408
NAR032118046,NAR,NGA_2,NGA,2,R,R-NAR032118046,7,4,0.8988577353218632,1.1563201446095408
NAR032118046,NAR,NGA_2,NGA,2,R,R-NAR032118046,7,5,0.978317220207098,1.1563201446095408
NAR032118046,NAR,NGA_2,NGA,2,R,R-NAR032118046,7,6,1.0884636587949184,1.1563201446095408
NAR032118046,NAR,NGA_2,NGA,2,R,R-NAR032118046,7,7,1.1563201446095408,1.1563201446095408
NAR032118047,NAR,CJF_1,CJF,1,R,R-NAR032118047,7,1,0.4126548457389257,1.0663289335628579
NAR032118047,NAR,CJF_1,CJF,1,R,R-NAR032118047,7,2,0.5935057170616601,1.0663289335628579
NAR032118047,NAR,CJF_1,CJF,1,R,R-NAR032118047,7,3,0.6918409448607968,1.0663289335628579
NAR032118047,NAR,CJF_1,CJF,1,R,R-NAR032118047,7,4,0.7855685388255266,1.0663289335628579
NAR032118047,NAR,CJF_1,CJF,1,R,R-NAR032118047,7,5,0.8886266534710436,1.0663289335628579
NAR032118047,NAR,CJF_1,CJF,1,R,R-NAR032118047,7,6,0.9652675016896589,1.0663289335628579
NAR032118047,NAR,CJF_1,CJF,1,R,R-NAR032118047,7,7,1.0663289335628579,1.0663289335628579
NAR032118047,NAR,CJF_2,CJF,2,R,R-NAR032118047,7,1,0.4002675892472854,1.0548108480878335
NAR032118047,NAR,CJF_2,CJF,2,R,R-NAR032118047,7,2,0.601156997280458,1.0548108480878335
NAR032118047,NAR,CJF_2,CJF,2,R,R-NAR032118047,7,3,0.7007046319738378,1.0548108480878335
NAR032118047,NAR,CJF_2,CJF,2,R,R-NAR032118047,7,4,0.7806304849400095,1.0548108480878335
NAR032118047,NAR,CJF_2,CJF,2,R,R-NAR032118047,7,5,0.8904254616983098,1.0548108480878335
NAR032118047,NAR,CJF_2,CJF,2,R,R-NAR032118047,7,6,0.9682500972701414,1.0548108480878335
NAR032118047,NAR,CJF_2,CJF,2,R,R-NAR032118047,7,7,1.0548108480878335,1.0548108480878335
NAR032118047,NAR,CJF_3,CJF,3,R,R-NAR032118047,7,1,0.41299560754265,1.0689881022105847
NAR032118047,NAR,CJF_3,CJF,3,R,R-NAR032118047,7,2,0.6093056511545218,1.0689881022105847
NAR032118047,NAR,CJF_3,CJF,3,R,R-NAR032118047,7,3,0.7077816869219709,1.0689881022105847
NAR032118047,NAR,CJF_3,CJF,3,R,R-NAR032118047,7,4,0.8100760155839908,1.0689881022105847
NAR032118047,NAR,CJF_3,CJF,3,R,R-NAR032118047,7,5,0.9062092405148723,1.0689881022105847
NAR032118047,NAR,CJF_3,CJF,3,R,R-NAR032118047,7,6,0.992588369675583,1.0689881022105847
NAR032118047,NAR,CJF_3,CJF,3,R,R-NAR032118047,7,7,1.0689881022105847,1.0689881022105847
NAR032118047,NAR,JRS_1,JRS,1,R,R-NAR032118047,7,1,0.3983587196182363,1.068428515481872
NAR032118047,NAR,JRS_1,JRS,1,R,R-NAR032118047,7,2,0.501191907909242,1.068428515481872
NAR032118047,NAR,JRS_1,JRS,1,R,R-NAR032118047,7,3,0.6002374122184075,1.068428515481872
NAR032118047,NAR,JRS_1,JRS,1,R,R-NAR032118047,7,4,0.705769933300466,1.068428515481872
NAR032118047,NAR,JRS_1,JRS,1,R,R-NAR032118047,7,5,0.8064695095817291,1.068428515481872
NAR032118047,NAR,JRS_1,JRS,1,R,R-NAR032118047,7,6,0.8984622763366907,1.068428515481872
NAR032118047,NAR,JRS_1,JRS,1,R,R-NAR032118047,7,7,0.9682946599819191,1.068428515481872
NAR032118048,NAR,JRS_1,JRS,1,R,R-NAR032118048,17,1,0.48064988169806916,1.926112470175926
NAR032118048,NAR,JRS_1,JRS,1,R,R-NAR032118048,17,2,0.7171712157339014,1.926112470175926
NAR032118048,NAR,JRS_1,JRS,1,R,R-NAR032118048,17,3,0.8563185100743635,1.926112470175926
NAR032118048,NAR,JRS_1,JRS,1,R,R-NAR032118048,17,4,0.9287448623544978,1.926112470175926
NAR032118048,NAR,JRS_1,JRS,1,R,R-NAR032118048,17,5,1.042944469279726,1.926112470175926
NAR032118048,NAR,JRS_1,JRS,1,R,R-NAR032118048,17,6,1.138416705568493,1.926112470175926
NAR032118048,NAR,JRS_1,JRS,1,R,R-NAR032118048,17,7,1.2070394510354236,1.926112470175926
NAR032118048,NAR,JRS_1,JRS,1,R,R-NAR032118048,17,8,1.2775639999089559,1.926112470175926
NAR032118048,NAR,JRS_1,JRS,1,R,R-NAR032118048,17,9,1.3480885487824885,1.926112470175926
NAR032118048,NAR,JRS_1,JRS,1,R,R-NAR032118048,17,10,1.4343424314678017,1.926112470175926
NAR032118048,NAR,JRS_1,JRS,1,R,R-NAR032118048,17,11,1.485334039716349,1.926112470175926
NAR032118048,NAR,JRS_1,JRS,1,R,R-NAR032118048,17,12,1.5336182745697717,1.926112470175926
NAR032118048,NAR,JRS_1,JRS,1,R,R-NAR032118048,17,13,1.5930226664332494,1.926112470175926
NAR032118048,NAR,JRS_1,JRS,1,R,R-NAR032118048,17,14,1.658938038505055,1.926112470175926
NAR032118048,NAR,JRS_1,JRS,1,R,R-NAR032118048,17,15,1.7321699607737124,1.926112470175926
NAR032118048,NAR,JRS_1,JRS,1,R,R-NAR032118048,17,16,1.8045963130538463,1.926112470175926
NAR032118048,NAR,JRS_1,JRS,1,R,R-NAR032118048,17,17,1.8694154517075734,1.926112470175926
NAR032118048,NAR,NGA_1,NGA,1,R,R-NAR032118048,18,1,0.5298162592890656,1.893123103643511
NAR032118048,NAR,NGA_1,NGA,1,R,R-NAR032118048,18,2,0.7427494027969658,1.893123103643511
NAR032118048,NAR,NGA_1,NGA,1,R,R-NAR032118048,18,3,0.8946291804635481,1.893123103643511
NAR032118048,NAR,NGA_1,NGA,1,R,R-NAR032118048,18,4,0.9886405991493563,1.893123103643511
NAR032118048,NAR,NGA_1,NGA,1,R,R-NAR032118048,18,5,1.087685216796532,1.893123103643511
NAR032118048,NAR,NGA_1,NGA,1,R,R-NAR032118048,18,6,1.1817818650391911,1.893123103643511
NAR032118048,NAR,NGA_1,NGA,1,R,R-NAR032118048,18,7,1.2494183184937215,1.893123103643511
NAR032118048,NAR,NGA_1,NGA,1,R,R-NAR032118048,18,8,1.313784535530858,1.893123103643511
NAR032118048,NAR,NGA_1,NGA,1,R,R-NAR032118048,18,9,1.3748805161506006,1.893123103643511
NAR032118048,NAR,NGA_1,NGA,1,R,R-NAR032118048,18,10,1.4342561490047951,1.893123103643511
NAR032118048,NAR,NGA_1,NGA,1,R,R-NAR032118048,18,11,1.4970298626116603,1.893123103643511
NAR032118048,NAR,NGA_1,NGA,1,R,R-NAR032118048,18,12,1.5432393202394286,1.893123103643511
NAR032118048,NAR,NGA_1,NGA,1,R,R-NAR032118048,18,13,1.594396747271713,1.893123103643511
NAR032118048,NAR,NGA_1,NGA,1,R,R-NAR032118048,18,14,1.6504595289300885,1.893123103643511
NAR032118048,NAR,NGA_1,NGA,1,R,R-NAR032118048,18,15,1.6983467195449797,1.893123103643511
NAR032118048,NAR,NGA_1,NGA,1,R,R-NAR032118048,18,16,1.759442700164722,1.893123103643511
NAR032118048,NAR,NGA_1,NGA,1,R,R-NAR032118048,18,17,1.827079153619252,1.893123103643511
NAR032118048,NAR,NGA_1,NGA,1,R,R-NAR032118048,18,18,1.893123103643511,1.893123103643511
NAR032118048,NAR,NGA_2,NGA,2,R,R-NAR032118048,18,1,0.5306064491941558,1.919396448012575
NAR032118048,NAR,NGA_2,NGA,2,R,R-NAR032118048,18,2,0.7517930226974663,1.919396448012575
NAR032118048,NAR,NGA_2,NGA,2,R,R-NAR032118048,18,3,0.8981951254527888,1.919396448012575
NAR032118048,NAR,NGA_2,NGA,2,R,R-NAR032118048,18,4,1.0012792642680517,1.919396448012575
NAR032118048,NAR,NGA_2,NGA,2,R,R-NAR032118048,18,5,1.0977506268602455,1.919396448012575
NAR032118048,NAR,NGA_2,NGA,2,R,R-NAR032118048,18,6,1.179259513328007,1.919396448012575
NAR032118048,NAR,NGA_2,NGA,2,R,R-NAR032118048,18,7,1.2607683997957684,1.919396448012575
NAR032118048,NAR,NGA_2,NGA,2,R,R-NAR032118048,18,8,1.3322743923063984,1.919396448012575
NAR032118048,NAR,NGA_2,NGA,2,R,R-NAR032118048,18,9,1.4004739967054938,1.919396448012575
NAR032118048,NAR,NGA_2,NGA,2,R,R-NAR032118048,18,10,1.4553643190359238,1.919396448012575
NAR032118048,NAR,NGA_2,NGA,2,R,R-NAR032118048,18,11,1.5119078354221205,1.919396448012575
NAR032118048,NAR,NGA_2,NGA,2,R,R-NAR032118048,18,12,1.5718135596682048,1.919396448012575
NAR032118048,NAR,NGA_2,NGA,2,R,R-NAR032118048,18,13,1.6316634641659358,1.919396448012575
NAR032118048,NAR,NGA_2,NGA,2,R,R-NAR032118048,18,14,1.6849005924405986,1.919396448012575
NAR032118048,NAR,NGA_2,NGA,2,R,R-NAR032118048,18,15,1.734831332603727,1.919396448012575
NAR032118048,NAR,NGA_2,NGA,2,R,R-NAR032118048,18,16,1.784678343144327,1.919396448012575
NAR032118048,NAR,NGA_2,NGA,2,R,R-NAR032118048,18,17,1.8478625456277686,1.919396448012575
NAR032118048,NAR,NGA_2,NGA,2,R,R-NAR032118048,18,18,1.919396448012575,1.919396448012575
NAR032118049,NAR,CJF_1,CJF,1,R,R-NAR032118049,14,1,0.46809940129614214,1.5898304398792529
NAR032118049,NAR,CJF_1,CJF,1,R,R-NAR032118049,14,2,0.6839665485429276,1.5898304398792529
NAR032118049,NAR,CJF_1,CJF,1,R,R-NAR032118049,14,3,0.7972387135082736,1.5898304398792529
NAR032118049,NAR,CJF_1,CJF,1,R,R-NAR032118049,14,4,0.9189429246854898,1.5898304398792529
NAR032118049,NAR,CJF_1,CJF,1,R,R-NAR032118049,14,5,1.0022719638779303,1.5898304398792529
NAR032118049,NAR,CJF_1,CJF,1,R,R-NAR032118049,14,6,1.08134580141613,1.5898304398792529
NAR032118049,NAR,CJF_1,CJF,1,R,R-NAR032118049,14,7,1.1539976579246634,1.5898304398792529
NAR032118049,NAR,CJF_1,CJF,1,R,R-NAR032118049,14,8,1.2265711573365863,1.5898304398792529
NAR032118049,NAR,CJF_1,CJF,1,R,R-NAR032118049,14,9,1.2777119342840848,1.5898304398792529
NAR032118049,NAR,CJF_1,CJF,1,R,R-NAR032118049,14,10,1.3207340934061542,1.5898304398792529
NAR032118049,NAR,CJF_1,CJF,1,R,R-NAR032118049,14,11,1.3846404753163746,1.5898304398792529
NAR032118049,NAR,CJF_1,CJF,1,R,R-NAR032118049,14,12,1.4465367920443906,1.5898304398792529
NAR032118049,NAR,CJF_1,CJF,1,R,R-NAR032118049,14,13,1.4979909973783312,1.5898304398792529
NAR032118049,NAR,CJF_1,CJF,1,R,R-NAR032118049,14,14,1.5898304398792529,1.5898304398792529
NAR032118049,NAR,CJF_2,CJF,2,R,R-NAR032118049,15,1,0.3717331524935466,1.6139208188695986
NAR032118049,NAR,CJF_2,CJF,2,R,R-NAR032118049,15,2,0.4980340597065971,1.6139208188695986
NAR032118049,NAR,CJF_2,CJF,2,R,R-NAR032118049,15,3,0.7138266583207239,1.6139208188695986
NAR032118049,NAR,CJF_2,CJF,2,R,R-NAR032118049,15,4,0.8314463588226516,1.6139208188695986
NAR032118049,NAR,CJF_2,CJF,2,R,R-NAR032118049,15,5,0.9554337765074298,1.6139208188695986
NAR032118049,NAR,CJF_2,CJF,2,R,R-NAR032118049,15,6,1.0345035230710795,1.6139208188695986
NAR032118049,NAR,CJF_2,CJF,2,R,R-NAR032118049,15,7,1.1029985910901106,1.6139208188695986
NAR032118049,NAR,CJF_2,CJF,2,R,R-NAR032118049,15,8,1.1821065210805577,1.6139208188695986
NAR032118049,NAR,CJF_2,CJF,2,R,R-NAR032118049,15,9,1.2483262829981137,1.6139208188695986
NAR032118049,NAR,CJF_2,CJF,2,R,R-NAR032118049,15,10,1.3082165111596187,1.6139208188695986
NAR032118049,NAR,CJF_2,CJF,2,R,R-NAR032118049,15,11,1.3616244718578803,1.6139208188695986
NAR032118049,NAR,CJF_2,CJF,2,R,R-NAR032118049,15,12,1.417193188377223,1.6139208188695986
NAR032118049,NAR,CJF_2,CJF,2,R,R-NAR032118049,15,13,1.4749226607176464,1.6139208188695986
NAR032118049,NAR,CJF_2,CJF,2,R,R-NAR032118049,15,14,1.536935461273434,1.6139208188695986
NAR032118049,NAR,CJF_2,CJF,2,R,R-NAR032118049,15,15,1.6139208188695986,1.6139208188695986
NAR032118049,NAR,CJF_3,CJF,3,R,R-NAR032118049,15,1,0.36957519026512875,1.6364544492212636
NAR032118049,NAR,CJF_3,CJF,3,R,R-NAR032118049,15,2,0.5206457863694224,1.6364544492212636
NAR032118049,NAR,CJF_3,CJF,3,R,R-NAR032118049,15,3,0.7193549512127674,1.6364544492212636
NAR032118049,NAR,CJF_3,CJF,3,R,R-NAR032118049,15,4,0.8488593449854577,1.6364544492212636
NAR032118049,NAR,CJF_3,CJF,3,R,R-NAR032118049,15,5,0.9545980442801562,1.6364544492212636
NAR032118049,NAR,CJF_3,CJF,3,R,R-NAR032118049,15,6,1.05792289186233,1.6364544492212636
NAR032118049,NAR,CJF_3,CJF,3,R,R-NAR032118049,15,7,1.127127662932985,1.6364544492212636
NAR032118049,NAR,CJF_3,CJF,3,R,R-NAR032118049,15,8,1.1941329418572524,1.6364544492212636
NAR032118049,NAR,CJF_3,CJF,3,R,R-NAR032118049,15,9,1.2695074702347964,1.6364544492212636
NAR032118049,NAR,CJF_3,CJF,3,R,R-NAR032118049,15,10,1.3340988974465393,1.6364544492212636
NAR032118049,NAR,CJF_3,CJF,3,R,R-NAR032118049,15,11,1.3774456616758834,1.6364544492212636
NAR032118049,NAR,CJF_3,CJF,3,R,R-NAR032118049,15,12,1.4379596439440554,1.6364544492212636
NAR032118049,NAR,CJF_3,CJF,3,R,R-NAR032118049,15,13,1.4938602823533151,1.6364544492212636
NAR032118049,NAR,CJF_3,CJF,3,R,R-NAR032118049,15,14,1.5566809365509438,1.6364544492212636
NAR032118049,NAR,CJF_3,CJF,3,R,R-NAR032118049,15,15,1.6364544492212636,1.6364544492212636
NAR032118049,NAR,JRS_1,JRS,1,R,R-NAR032118049,14,1,0.345521379747208,1.5663322548615757
NAR032118049,NAR,JRS_1,JRS,1,R,R-NAR032118049,14,2,0.5505897432743094,1.5663322548615757
NAR032118049,NAR,JRS_1,JRS,1,R,R-NAR032118049,14,3,0.7051023721393191,1.5663322548615757
NAR032118049,NAR,JRS_1,JRS,1,R,R-NAR032118049,14,4,0.8048933140433762,1.5663322548615757
NAR032118049,NAR,JRS_1,JRS,1,R,R-NAR032118049,14,5,0.9072803186580269,1.5663322548615757
NAR032118049,NAR,JRS_1,JRS,1,R,R-NAR032118049,14,6,1.001486662743829,1.5663322548615757
NAR032118049,NAR,JRS_1,JRS,1,R,R-NAR032118049,14,7,1.064290892134364,1.5663322548615757
NAR032118049,NAR,JRS_1,JRS,1,R,R-NAR032118049,14,8,1.138558671459208,1.5663322548615757
NAR032118049,NAR,JRS_1,JRS,1,R,R-NAR032118049,14,9,1.2126302145855188,1.5663322548615757
NAR032118049,NAR,JRS_1,JRS,1,R,R-NAR032118049,14,10,1.2755325620753204,1.5663322548615757
NAR032118049,NAR,JRS_1,JRS,1,R,R-NAR032118049,14,11,1.338238673366588,1.5663322548615757
NAR032118049,NAR,JRS_1,JRS,1,R,R-NAR032118049,14,12,1.3866889358144199,1.5663322548615757
NAR032118049,NAR,JRS_1,JRS,1,R,R-NAR032118049,14,13,1.455175881122476,1.5663322548615757
NAR032118049,NAR,JRS_1,JRS,1,R,R-NAR032118049,14,14,1.5122973945954896,1.5663322548615757
NAR032118050,NAR,CJF_1,CJF,1,R,R-NAR032118050,10,1,0.4023427033373021,1.3793017483717103
NAR032118050,NAR,CJF_1,CJF,1,R,R-NAR032118050,10,2,0.6753921685480662,1.3793017483717103
NAR032118050,NAR,CJF_1,CJF,1,R,R-NAR032118050,10,3,0.8130053403471922,1.3793017483717103
NAR032118050,NAR,CJF_1,CJF,1,R,R-NAR032118050,10,4,0.9140137151245732,1.3793017483717103
NAR032118050,NAR,CJF_1,CJF,1,R,R-NAR032118050,10,5,1.0098511998473896,1.3793017483717103
NAR032118050,NAR,CJF_1,CJF,1,R,R-NAR032118050,10,6,1.0922753768185276,1.3793017483717103
NAR032118050,NAR,CJF_1,CJF,1,R,R-NAR032118050,10,7,1.18350557007752,1.3793017483717103
NAR032118050,NAR,CJF_1,CJF,1,R,R-NAR032118050,10,8,1.254615801708995,1.3793017483717103
NAR032118050,NAR,CJF_1,CJF,1,R,R-NAR032118050,10,9,1.3195054620798983,1.3793017483717103
NAR032118050,NAR,CJF_1,CJF,1,R,R-NAR032118050,10,10,1.3793017483717103,1.3793017483717103
NAR032118050,NAR,CJF_2,CJF,2,R,R-NAR032118050,10,1,0.4391716049106915,1.377926496248704
NAR032118050,NAR,CJF_2,CJF,2,R,R-NAR032118050,10,2,0.688963248124352,1.377926496248704
NAR032118050,NAR,CJF_2,CJF,2,R,R-NAR032118050,10,3,0.843187993807182,1.377926496248704
NAR032118050,NAR,CJF_2,CJF,2,R,R-NAR032118050,10,4,0.9415831057699477,1.377926496248704
NAR032118050,NAR,CJF_2,CJF,2,R,R-NAR032118050,10,5,1.02832563385631,1.377926496248704
NAR032118050,NAR,CJF_2,CJF,2,R,R-NAR032118050,10,6,1.103755304214931,1.377926496248704
NAR032118050,NAR,CJF_2,CJF,2,R,R-NAR032118050,10,7,1.1754798434593015,1.377926496248704
NAR032118050,NAR,CJF_2,CJF,2,R,R-NAR032118050,10,8,1.2468462556812367,1.377926496248704
NAR032118050,NAR,CJF_2,CJF,2,R,R-NAR032118050,10,9,1.3187498584368245,1.377926496248704
NAR032118050,NAR,CJF_2,CJF,2,R,R-NAR032118050,10,10,1.377926496248704,1.377926496248704
NAR032118050,NAR,CJF_3,CJF,3,R,R-NAR032118050,9,1,0.47331460317254803,1.442270189582187
NAR032118050,NAR,CJF_3,CJF,3,R,R-NAR032118050,9,2,0.6843113257459068,1.442270189582187
NAR032118050,NAR,CJF_3,CJF,3,R,R-NAR032118050,9,3,0.8664202421301179,1.442270189582187
NAR032118050,NAR,CJF_3,CJF,3,R,R-NAR032118050,9,4,0.9681094700163485,1.442270189582187
NAR032118050,NAR,CJF_3,CJF,3,R,R-NAR032118050,9,5,1.0559367010322234,1.442270189582187
NAR032118050,NAR,CJF_3,CJF,3,R,R-NAR032118050,9,6,1.1348748810266256,1.442270189582187
NAR032118050,NAR,CJF_3,CJF,3,R,R-NAR032118050,9,7,1.2890490793871225,1.442270189582187
NAR032118050,NAR,CJF_3,CJF,3,R,R-NAR032118050,9,8,1.3803677477483014,1.442270189582187
NAR032118050,NAR,CJF_3,CJF,3,R,R-NAR032118050,9,9,1.442270189582187,1.442270189582187
NAR032118050,NAR,JRS_1,JRS,1,R,R-NAR032118050,10,1,0.2727660179301369,1.1915171588294098
NAR032118050,NAR,JRS_1,JRS,1,R,R-NAR032118050,10,2,0.414514969222306,1.1915171588294098
NAR032118050,NAR,JRS_1,JRS,1,R,R-NAR032118050,10,3,0.5042361716769673,1.1915171588294098
NAR032118050,NAR,JRS_1,JRS,1,R,R-NAR032118050,10,4,0.586790226521452,1.1915171588294098
NAR032118050,NAR,JRS_1,JRS,1,R,R-NAR032118050,10,5,0.687280987152443,1.1915171588294098
NAR032118050,NAR,JRS_1,JRS,1,R,R-NAR032118050,10,6,0.7590654838205975,1.1915171588294098
NAR032118050,NAR,JRS_1,JRS,1,R,R-NAR032118050,10,7,0.863139818256677,1.1915171588294098
NAR032118050,NAR,JRS_1,JRS,1,R,R-NAR032118050,10,8,0.9223535514654257,1.1915171588294098
NAR032118050,NAR,JRS_1,JRS,1,R,R-NAR032118050,10,9,1.0048887695488462,1.1915171588294098
NAR032118050,NAR,JRS_1,JRS,1,R,R-NAR032118050,10,10,1.0731085291729767,1.1915171588294098
NAR032118051,NAR,CJF_1,CJF,1,R,R-NAR032118051,10,1,0.4045329482981778,1.2724309842461667
NAR032118051,NAR,CJF_1,CJF,1,R,R-NAR032118051,10,2,0.5934952587263065,1.2724309842461667
NAR032118051,NAR,CJF_1,CJF,1,R,R-NAR032118051,10,3,0.7277807272605461,1.2724309842461667
NAR032118051,NAR,CJF_1,CJF,1,R,R-NAR032118051,10,4,0.8280937226278126,1.2724309842461667
NAR032118051,NAR,CJF_1,CJF,1,R,R-NAR032118051,10,5,0.910108985468645,1.2724309842461667
NAR032118051,NAR,CJF_1,CJF,1,R,R-NAR032118051,10,6,0.964857945924338,1.2724309842461667
NAR032118051,NAR,CJF_1,CJF,1,R,R-NAR032118051,10,7,1.036958189716029,1.2724309842461667
NAR032118051,NAR,CJF_1,CJF,1,R,R-NAR032118051,10,8,1.1264097168437175,1.2724309842461667
NAR032118051,NAR,CJF_1,CJF,1,R,R-NAR032118051,10,9,1.1977798671303859,1.2724309842461667
NAR032118051,NAR,CJF_1,CJF,1,R,R-NAR032118051,10,10,1.2724309842461667,1.2724309842461667
NAR032118051,NAR,CJF_2,CJF,2,R,R-NAR032118051,10,1,0.39437924341235264,1.2738524299430751
NAR032118051,NAR,CJF_2,CJF,2,R,R-NAR032118051,10,2,0.5999001896405389,1.2738524299430751
NAR032118051,NAR,CJF_2,CJF,2,R,R-NAR032118051,10,3,0.7463366538958237,1.2738524299430751
NAR032118051,NAR,CJF_2,CJF,2,R,R-NAR032118051,10,4,0.8286994466151749,1.2738524299430751
NAR032118051,NAR,CJF_2,CJF,2,R,R-NAR032118051,10,5,0.9152381928278591,1.2738524299430751
NAR032118051,NAR,CJF_2,CJF,2,R,R-NAR032118051,10,6,0.9734819954448519,1.2738524299430751
NAR032118051,NAR,CJF_2,CJF,2,R,R-NAR032118051,10,7,1.0475340461068507,1.2738524299430751
NAR032118051,NAR,CJF_2,CJF,2,R,R-NAR032118051,10,8,1.1174238649186206,1.2738524299430751
NAR032118051,NAR,CJF_2,CJF,2,R,R-NAR032118051,10,9,1.1973057844995614,1.2738524299430751
NAR032118051,NAR,CJF_2,CJF,2,R,R-NAR032118051,10,10,1.2738524299430751,1.2738524299430751
NAR032118051,NAR,CJF_3,CJF,3,R,R-NAR032118051,10,1,0.4153851415756444,1.2989599709973974
NAR032118051,NAR,CJF_3,CJF,3,R,R-NAR032118051,10,2,0.6205937298112101,1.2989599709973974
NAR032118051,NAR,CJF_3,CJF,3,R,R-NAR032118051,10,3,0.7587830062343581,1.2989599709973974
NAR032118051,NAR,CJF_3,CJF,3,R,R-NAR032118051,10,4,0.845866452266751,1.2989599709973974
NAR032118051,NAR,CJF_3,CJF,3,R,R-NAR032118051,10,5,0.9363152844249094,1.2989599709973974
NAR032118051,NAR,CJF_3,CJF,3,R,R-NAR032118051,10,6,0.9974531819256518,1.2989599709973974
NAR032118051,NAR,CJF_3,CJF,3,R,R-NAR032118051,10,7,1.0694725044762365,1.2989599709973974
NAR032118051,NAR,CJF_3,CJF,3,R,R-NAR032118051,10,8,1.1507386274642621,1.2989599709973974
NAR032118051,NAR,CJF_3,CJF,3,R,R-NAR032118051,10,9,1.2202419218289362,1.2989599709973974
NAR032118051,NAR,CJF_3,CJF,3,R,R-NAR032118051,10,10,1.2989599709973974,1.2989599709973974
NAR032118051,NAR,JRS_1,JRS,1,R,R-NAR032118051,9,1,0.41525533294782263,1.2339866348804165
NAR032118051,NAR,JRS_1,JRS,1,R,R-NAR032118051,9,2,0.548383337651362,1.2339866348804165
NAR032118051,NAR,JRS_1,JRS,1,R,R-NAR032118051,9,3,0.7007396259244854,1.2339866348804165
NAR032118051,NAR,JRS_1,JRS,1,R,R-NAR032118051,9,4,0.7872271537405513,1.2339866348804165
NAR032118051,NAR,JRS_1,JRS,1,R,R-NAR032118051,9,5,0.8818985913049233,1.2339866348804165
NAR032118051,NAR,JRS_1,JRS,1,R,R-NAR032118051,9,6,0.9381929582242496,1.2339866348804165
NAR032118051,NAR,JRS_1,JRS,1,R,R-NAR032118051,9,7,1.0191980473767375,1.2339866348804165
NAR032118051,NAR,JRS_1,JRS,1,R,R-NAR032118051,9,8,1.1056855751928043,1.2339866348804165
NAR032118051,NAR,JRS_1,JRS,1,R,R-NAR032118051,9,9,1.1880016516405947,1.2339866348804165
NAR032118052,NAR,CJF_1,CJF,1,R,R-NAR032118052,5,1,0.3517542627763777,1.146790479525264
NAR032118052,NAR,CJF_1,CJF,1,R,R-NAR032118052,5,2,0.6375530733675845,1.146790479525264
NAR032118052,NAR,CJF_1,CJF,1,R,R-NAR032118052,5,3,0.8425799909736376,1.146790479525264
NAR032118052,NAR,CJF_1,CJF,1,R,R-NAR032118052,5,4,1.0184394324082944,1.146790479525264
NAR032118052,NAR,CJF_1,CJF,1,R,R-NAR032118052,5,5,1.146790479525264,1.146790479525264
NAR032118052,NAR,CJF_2,CJF,2,R,R-NAR032118052,5,1,0.3561015400617056,1.158255219668593
NAR032118052,NAR,CJF_2,CJF,2,R,R-NAR032118052,5,2,0.6233711596839198,1.158255219668593
NAR032118052,NAR,CJF_2,CJF,2,R,R-NAR032118052,5,3,0.8513049599195707,1.158255219668593
NAR032118052,NAR,CJF_2,CJF,2,R,R-NAR032118052,5,4,1.0092331798407315,1.158255219668593
NAR032118052,NAR,CJF_2,CJF,2,R,R-NAR032118052,5,5,1.158255219668593,1.158255219668593
NAR032118052,NAR,CJF_3,CJF,3,R,R-NAR032118052,5,1,0.40171378736585306,1.1900615760244062
NAR032118052,NAR,CJF_3,CJF,3,R,R-NAR032118052,5,2,0.6741221727382766,1.1900615760244062
NAR032118052,NAR,CJF_3,CJF,3,R,R-NAR032118052,5,3,0.8040697765601723,1.1900615760244062
NAR032118052,NAR,CJF_3,CJF,3,R,R-NAR032118052,5,4,1.0453545998656695,1.1900615760244062
NAR032118052,NAR,CJF_3,CJF,3,R,R-NAR032118052,5,5,1.1900615760244062,1.1900615760244062
NAR032118052,NAR,JRS_1,JRS,1,R,R-NAR032118052,4,1,0.24803271511636119,0.6058226656924226
NAR032118052,NAR,JRS_1,JRS,1,R,R-NAR032118052,4,2,0.3794344355166078,0.6058226656924226
NAR032118052,NAR,JRS_1,JRS,1,R,R-NAR032118052,4,3,0.45067431784828355,0.6058226656924226
NAR032118052,NAR,JRS_1,JRS,1,R,R-NAR032118052,4,4,0.5258719714206055,0.6058226656924226
NAR032118053,NAR,CJF_1,CJF,1,R,R-NAR032118053,4,1,0.41063901790148394,0.8406777606035091
NAR032118053,NAR,CJF_1,CJF,1,R,R-NAR032118053,4,2,0.5978901836746826,0.8406777606035091
NAR032118053,NAR,CJF_1,CJF,1,R,R-NAR032118053,4,3,0.7422319712225156,0.8406777606035091
NAR032118053,NAR,CJF_1,CJF,1,R,R-NAR032118053,4,4,0.8406777606035091,0.8406777606035091
NAR032118053,NAR,CJF_2,CJF,2,R,R-NAR032118053,4,1,0.4545241246978235,0.8773181821381664
NAR032118053,NAR,CJF_2,CJF,2,R,R-NAR032118053,4,2,0.6481372294402061,0.8773181821381664
NAR032118053,NAR,CJF_2,CJF,2,R,R-NAR032118053,4,3,0.7834680197079193,0.8773181821381664
NAR032118053,NAR,CJF_2,CJF,2,R,R-NAR032118053,4,4,0.8773181821381664,0.8773181821381664
NAR032118053,NAR,CJF_3,CJF,3,R,R-NAR032118053,4,1,0.42658216085083234,0.8334838103735679
NAR032118053,NAR,CJF_3,CJF,3,R,R-NAR032118053,4,2,0.5906204956025676,0.8334838103735679
NAR032118053,NAR,CJF_3,CJF,3,R,R-NAR032118053,4,3,0.7465187814889571,0.8334838103735679
NAR032118053,NAR,CJF_3,CJF,3,R,R-NAR032118053,4,4,0.8334838103735679,0.8334838103735679
NAR032118053,NAR,JRS_1,JRS,1,R,R-NAR032118053,3,1,0.4375017647525584,0.8582536498992779
NAR032118053,NAR,JRS_1,JRS,1,R,R-NAR032118053,3,2,0.622765899312858,0.8582536498992779
NAR032118053,NAR,JRS_1,JRS,1,R,R-NAR032118053,3,3,0.7633954938915155,0.8582536498992779
NAR032118054,NAR,CJF_1,CJF,1,R,R-NAR032118054,4,1,0.33378631438641154,0.8791826866834235
NAR032118054,NAR,CJF_1,CJF,1,R,R-NAR032118054,4,2,0.5833120907076248,0.8791826866834235
NAR032118054,NAR,CJF_1,CJF,1,R,R-NAR032118054,4,3,0.7620120845172983,0.8791826866834235
NAR032118054,NAR,CJF_1,CJF,1,R,R-NAR032118054,4,4,0.8791826866834235,0.8791826866834235
NAR032118054,NAR,CJF_2,CJF,2,R,R-NAR032118054,4,1,0.3644939691479477,0.9035656747516279
NAR032118054,NAR,CJF_2,CJF,2,R,R-NAR032118054,4,2,0.616601900497787,0.9035656747516279
NAR032118054,NAR,CJF_2,CJF,2,R,R-NAR032118054,4,3,0.7840014466431983,0.9035656747516279
NAR032118054,NAR,CJF_2,CJF,2,R,R-NAR032118054,4,4,0.9035656747516279,0.9035656747516279
NAR032118054,NAR,CJF_3,CJF,3,R,R-NAR032118054,4,1,0.37902934915955666,0.9140389651487584
NAR032118054,NAR,CJF_3,CJF,3,R,R-NAR032118054,4,2,0.630324826350249,0.9140389651487584
NAR032118054,NAR,CJF_3,CJF,3,R,R-NAR032118054,4,3,0.7920837571162102,0.9140389651487584
NAR032118054,NAR,CJF_3,CJF,3,R,R-NAR032118054,4,4,0.9140389651487584,0.9140389651487584
NAR032118054,NAR,JRS_1,JRS,1,R,R-NAR032118054,3,1,0.2748804734932651,0.668171586516285
NAR032118054,NAR,JRS_1,JRS,1,R,R-NAR032118054,3,2,0.43875745641746944,0.668171586516285
NAR032118054,NAR,JRS_1,JRS,1,R,R-NAR032118054,3,3,0.5837071870878248,0.668171586516285
NAR032118055,NAR,CJF_1,CJF,1,R,R-NAR032118055,6,1,0.48290807000832386,1.008798224857515
NAR032118055,NAR,CJF_1,CJF,1,R,R-NAR032118055,6,2,0.5926343057775174,1.008798224857515
NAR032118055,NAR,CJF_1,CJF,1,R,R-NAR032118055,6,3,0.7163813920313731,1.008798224857515
NAR032118055,NAR,CJF_1,CJF,1,R,R-NAR032118055,6,4,0.8261076278005673,1.008798224857515
NAR032118055,NAR,CJF_1,CJF,1,R,R-NAR032118055,6,5,0.9235332897696875,1.008798224857515
NAR032118055,NAR,CJF_1,CJF,1,R,R-NAR032118055,6,6,1.008798224857515,1.008798224857515
NAR032118055,NAR,CJF_2,CJF,2,R,R-NAR032118055,6,1,0.4876663365325288,1.0284905167352585
NAR032118055,NAR,CJF_2,CJF,2,R,R-NAR032118055,6,2,0.5974851493691907,1.0284905167352585
NAR032118055,NAR,CJF_2,CJF,2,R,R-NAR032118055,6,3,0.7126279049698954,1.0284905167352585
NAR032118055,NAR,CJF_2,CJF,2,R,R-NAR032118055,6,4,0.8397175933771973,1.0284905167352585
NAR032118055,NAR,CJF_2,CJF,2,R,R-NAR032118055,6,5,0.955509872617159,1.0284905167352585
NAR032118055,NAR,CJF_2,CJF,2,R,R-NAR032118055,6,6,1.0284905167352585,1.0284905167352585
NAR032118055,NAR,CJF_3,CJF,3,R,R-NAR032118055,5,1,0.5576142630275974,1.066539561611486
NAR032118055,NAR,CJF_3,CJF,3,R,R-NAR032118055,5,2,0.7725751927496645,1.066539561611486
NAR032118055,NAR,CJF_3,CJF,3,R,R-NAR032118055,5,3,0.8795980120608057,1.066539561611486
NAR032118055,NAR,CJF_3,CJF,3,R,R-NAR032118055,5,4,0.9797286810227741,1.066539561611486
NAR032118055,NAR,CJF_3,CJF,3,R,R-NAR032118055,5,5,1.066539561611486,1.066539561611486
NAR032118055,NAR,JRS_1,JRS,1,R,R-NAR032118055,5,1,0.2612229341708174,0.6479292810961744
NAR032118055,NAR,JRS_1,JRS,1,R,R-NAR032118055,5,2,0.3546514492879764,0.6479292810961744
NAR032118055,NAR,JRS_1,JRS,1,R,R-NAR032118055,5,3,0.42722344582256255,0.6479292810961744
NAR032118055,NAR,JRS_1,JRS,1,R,R-NAR032118055,5,4,0.5043255275540441,0.6479292810961744
NAR032118055,NAR,JRS_1,JRS,1,R,R-NAR032118055,5,5,0.5771511919635021,0.6479292810961744
NAR032118056,NAR,JRS_1,JRS,1,R,R-NAR032118056,10,1,0.32000824967946473,1.5346942697778376
NAR032118056,NAR,JRS_1,JRS,1,R,R-NAR032118056,10,2,0.6038470173030416,1.5346942697778376
NAR032118056,NAR,JRS_1,JRS,1,R,R-NAR032118056,10,3,0.7743391203812091,1.5346942697778376
NAR032118056,NAR,JRS_1,JRS,1,R,R-NAR032118056,10,4,0.9004602013167627,1.5346942697778376
NAR032118056,NAR,JRS_1,JRS,1,R,R-NAR032118056,10,5,1.0010324494720273,1.5346942697778376
NAR032118056,NAR,JRS_1,JRS,1,R,R-NAR032118056,10,6,1.1148512202774907,1.5346942697778376
NAR032118056,NAR,JRS_1,JRS,1,R,R-NAR032118056,10,7,1.202383709968284,1.5346942697778376
NAR032118056,NAR,JRS_1,JRS,1,R,R-NAR032118056,10,8,1.2969081851513657,1.5346942697778376
NAR032118056,NAR,JRS_1,JRS,1,R,R-NAR032118056,10,9,1.37119415219196,1.5346942697778376
NAR032118056,NAR,JRS_1,JRS,1,R,R-NAR032118056,10,10,1.4459522254926087,1.5346942697778376
NAR032118056,NAR,NGA_1,NGA,1,R,R-NAR032118056,10,1,0.614344073862555,1.5210951823000225
NAR032118056,NAR,NGA_1,NGA,1,R,R-NAR032118056,10,2,0.7818351632850759,1.5210951823000225
NAR032118056,NAR,NGA_1,NGA,1,R,R-NAR032118056,10,3,0.9210757044822934,1.5210951823000225
NAR032118056,NAR,NGA_1,NGA,1,R,R-NAR032118056,10,4,1.0308697658611636,1.5210951823000225
NAR032118056,NAR,NGA_1,NGA,1,R,R-NAR032118056,10,5,1.13193922590364,1.5210951823000225
NAR032118056,NAR,NGA_1,NGA,1,R,R-NAR032118056,10,6,1.2043594938564648,1.5210951823000225
NAR032118056,NAR,NGA_1,NGA,1,R,R-NAR032118056,10,7,1.2742208488344384,1.5210951823000225
NAR032118056,NAR,NGA_1,NGA,1,R,R-NAR032118056,10,8,1.3644889633243986,1.5210951823000225
NAR032118056,NAR,NGA_1,NGA,1,R,R-NAR032118056,10,9,1.4273873422121333,1.5210951823000225
NAR032118056,NAR,NGA_1,NGA,1,R,R-NAR032118056,10,10,1.5210951823000225,1.5210951823000225
NAR032118056,NAR,NGA_2,NGA,2,R,R-NAR032118056,10,1,0.6595979006880531,1.5686553404472254
NAR032118056,NAR,NGA_2,NGA,2,R,R-NAR032118056,10,2,0.7975799548892967,1.5686553404472254
NAR032118056,NAR,NGA_2,NGA,2,R,R-NAR032118056,10,3,0.9819791161561539,1.5686553404472254
NAR032118056,NAR,NGA_2,NGA,2,R,R-NAR032118056,10,4,1.083561756313688,1.5686553404472254
NAR032118056,NAR,NGA_2,NGA,2,R,R-NAR032118056,10,5,1.1911085918872053,1.5686553404472254
NAR032118056,NAR,NGA_2,NGA,2,R,R-NAR032118056,10,6,1.263143140850599,1.5686553404472254
NAR032118056,NAR,NGA_2,NGA,2,R,R-NAR032118056,10,7,1.3391083391103529,1.5686553404472254
NAR032118056,NAR,NGA_2,NGA,2,R,R-NAR032118056,10,8,1.4276297643832094,1.5686553404472254
NAR032118056,NAR,NGA_2,NGA,2,R,R-NAR032118056,10,9,1.487995213767088,1.5686553404472254
NAR032118056,NAR,NGA_2,NGA,2,R,R-NAR032118056,10,10,1.5686553404472254,1.5686553404472254
NAR032118057,NAR,CJF_1,CJF,1,R,R-NAR032118057,3,1,0.5645047105389793,0.8475162616126292
NAR032118057,NAR,CJF_1,CJF,1,R,R-NAR032118057,3,2,0.7327354247693046,0.8475162616126292
NAR032118057,NAR,CJF_1,CJF,1,R,R-NAR032118057,3,3,0.8475162616126292,0.8475162616126292
NAR032118057,NAR,CJF_2,CJF,2,R,R-NAR032118057,4,1,0.428224637484309,0.8829729252639097
NAR032118057,NAR,CJF_2,CJF,2,R,R-NAR032118057,4,2,0.6408411559755819,0.8829729252639097
NAR032118057,NAR,CJF_2,CJF,2,R,R-NAR032118057,4,3,0.7593294752927402,0.8829729252639097
NAR032118057,NAR,CJF_2,CJF,2,R,R-NAR032118057,4,4,0.8829729252639097,0.8829729252639097
NAR032118057,NAR,CJF_3,CJF,3,R,R-NAR032118057,4,1,0.3410750915333431,0.8798037416740054
NAR032118057,NAR,CJF_3,CJF,3,R,R-NAR032118057,4,2,0.631620811727746,0.8798037416740054
NAR032118057,NAR,CJF_3,CJF,3,R,R-NAR032118057,4,3,0.7708005132454517,0.8798037416740054
NAR032118057,NAR,CJF_3,CJF,3,R,R-NAR032118057,4,4,0.8798037416740054,0.8798037416740054
NAR032118057,NAR,JRS_1,JRS,1,R,R-NAR032118057,4,1,0.2526909686367797,0.5330200119682069
NAR032118057,NAR,JRS_1,JRS,1,R,R-NAR032118057,4,2,0.2526909686367797,0.5330200119682069
NAR032118057,NAR,JRS_1,JRS,1,R,R-NAR032118057,4,3,0.3948296384949681,0.5330200119682069
NAR032118057,NAR,JRS_1,JRS,1,R,R-NAR032118057,4,4,0.3948296384949681,0.5330200119682069
NAR032118058,NAR,CJF_1,CJF,1,R,R-NAR032118058,8,1,0.36180325360159377,1.1806689235111294
NAR032118058,NAR,CJF_1,CJF,1,R,R-NAR032118058,8,2,0.5810345130450822,1.1806689235111294
NAR032118058,NAR,CJF_1,CJF,1,R,R-NAR032118058,8,3,0.7095945418877234,1.1806689235111294
NAR032118058,NAR,CJF_1,CJF,1,R,R-NAR032118058,8,4,0.7941071681814099,1.1806689235111294
NAR032118058,NAR,CJF_1,CJF,1,R,R-NAR032118058,8,5,0.8889254964868589,1.1806689235111294
NAR032118058,NAR,CJF_1,CJF,1,R,R-NAR032118058,8,6,0.9888966757981895,1.1806689235111294
NAR032118058,NAR,CJF_1,CJF,1,R,R-NAR032118058,8,7,1.080697744199799,1.1806689235111294
NAR032118058,NAR,CJF_1,CJF,1,R,R-NAR032118058,8,8,1.1806689235111294,1.1806689235111294
NAR032118058,NAR,CJF_2,CJF,2,R,R-NAR032118058,8,1,0.3452645150510619,1.1734551941808966
NAR032118058,NAR,CJF_2,CJF,2,R,R-NAR032118058,8,2,0.5580069508476306,1.1734551941808966
NAR032118058,NAR,CJF_2,CJF,2,R,R-NAR032118058,8,3,0.6950231668996872,1.1734551941808966
NAR032118058,NAR,CJF_2,CJF,2,R,R-NAR032118058,8,4,0.784227018230486,1.1734551941808966
NAR032118058,NAR,CJF_2,CJF,2,R,R-NAR032118058,8,5,0.8743942402183621,1.1734551941808966
NAR032118058,NAR,CJF_2,CJF,2,R,R-NAR032118058,8,6,0.9838145389285928,1.1734551941808966
NAR032118058,NAR,CJF_2,CJF,2,R,R-NAR032118058,8,7,1.0842513428500975,1.1734551941808966
NAR032118058,NAR,CJF_2,CJF,2,R,R-NAR032118058,8,8,1.1734551941808966,1.1734551941808966
NAR032118058,NAR,CJF_3,CJF,3,R,R-NAR032118058,8,1,0.3381770070646847,1.1757033930143062
NAR032118058,NAR,CJF_3,CJF,3,R,R-NAR032118058,8,2,0.5546387132473091,1.1757033930143062
NAR032118058,NAR,CJF_3,CJF,3,R,R-NAR032118058,8,3,0.6830962380247453,1.1757033930143062
NAR032118058,NAR,CJF_3,CJF,3,R,R-NAR032118058,8,4,0.7782519618510088,1.1757033930143062
NAR032118058,NAR,CJF_3,CJF,3,R,R-NAR032118058,8,5,0.8656691893478373,1.1757033930143062
NAR032118058,NAR,CJF_3,CJF,3,R,R-NAR032118058,8,6,0.9681540909778344,1.1757033930143062
NAR032118058,NAR,CJF_3,CJF,3,R,R-NAR032118058,8,7,1.062313542370037,1.1757033930143062
NAR032118058,NAR,CJF_3,CJF,3,R,R-NAR032118058,8,8,1.1757033930143062,1.1757033930143062
NAR032118058,NAR,JRS_1,JRS,1,R,R-NAR032118058,7,1,0.2914078789088391,1.1139767617314202
NAR032118058,NAR,JRS_1,JRS,1,R,R-NAR032118058,7,2,0.5072813000470351,1.1139767617314202
NAR032118058,NAR,JRS_1,JRS,1,R,R-NAR032118058,7,3,0.6386107962115253,1.1139767617314202
NAR032118058,NAR,JRS_1,JRS,1,R,R-NAR032118058,7,4,0.7329049200814004,1.1139767617314202
NAR032118058,NAR,JRS_1,JRS,1,R,R-NAR032118058,7,5,0.8437660986458556,1.1139767617314202
NAR032118058,NAR,JRS_1,JRS,1,R,R-NAR032118058,7,6,0.9175919049156959,1.1139767617314202
NAR032118058,NAR,JRS_1,JRS,1,R,R-NAR032118058,7,7,1.0174900264568947,1.1139767617314202
NAR032118059,NAR,CJF_1,CJF,1,R,R-NAR032118059,12,1,0.4652289419469815,1.3667141955992619
NAR032118059,NAR,CJF_1,CJF,1,R,R-NAR032118059,12,2,0.6330223618162775,1.3667141955992619
NAR032118059,NAR,CJF_1,CJF,1,R,R-NAR032118059,12,3,0.743451728350683,1.3667141955992619
NAR032118059,NAR,CJF_1,CJF,1,R,R-NAR032118059,12,4,0.8514027395604877,1.3667141955992619
NAR032118059,NAR,CJF_1,CJF,1,R,R-NAR032118059,12,5,0.924415522313166,1.3667141955992619
NAR032118059,NAR,CJF_1,CJF,1,R,R-NAR032118059,12,6,0.9920439139988755,1.3667141955992619
NAR032118059,NAR,CJF_1,CJF,1,R,R-NAR032118059,12,7,1.0566127432115093,1.3667141955992619
NAR032118059,NAR,CJF_1,CJF,1,R,R-NAR032118059,12,8,1.1139000331810471,1.3667141955992619
NAR032118059,NAR,CJF_1,CJF,1,R,R-NAR032118059,12,9,1.1748280927721333,1.3667141955992619
NAR032118059,NAR,CJF_1,CJF,1,R,R-NAR032118059,12,10,1.2382345076878194,1.3667141955992619
NAR032118059,NAR,CJF_1,CJF,1,R,R-NAR032118059,12,11,1.3075297574535978,1.3667141955992619
NAR032118059,NAR,CJF_1,CJF,1,R,R-NAR032118059,12,12,1.3667141955992619,1.3667141955992619
NAR032118059,NAR,CJF_2,CJF,2,R,R-NAR032118059,13,1,0.3420356815164596,1.391188003875716
NAR032118059,NAR,CJF_2,CJF,2,R,R-NAR032118059,13,2,0.49970914055390525,1.391188003875716
NAR032118059,NAR,CJF_2,CJF,2,R,R-NAR032118059,13,3,0.6519354498583166,1.391188003875716
NAR032118059,NAR,CJF_2,CJF,2,R,R-NAR032118059,13,4,0.7538264965441692,1.391188003875716
NAR032118059,NAR,CJF_2,CJF,2,R,R-NAR032118059,13,5,0.8575212073313624,1.391188003875716
NAR032118059,NAR,CJF_2,CJF,2,R,R-NAR032118059,13,6,0.9478805757550228,1.391188003875716
NAR032118059,NAR,CJF_2,CJF,2,R,R-NAR032118059,13,7,1.010949959370001,1.391188003875716
NAR032118059,NAR,CJF_2,CJF,2,R,R-NAR032118059,13,8,1.0782640499837854,1.391188003875716
NAR032118059,NAR,CJF_2,CJF,2,R,R-NAR032118059,13,9,1.1395116907829173,1.391188003875716
NAR032118059,NAR,CJF_2,CJF,2,R,R-NAR032118059,13,10,1.192889217666056,1.391188003875716
NAR032118059,NAR,CJF_2,CJF,2,R,R-NAR032118059,13,11,1.2589827868311076,1.391188003875716
NAR032118059,NAR,CJF_2,CJF,2,R,R-NAR032118059,13,12,1.3329645486266577,1.391188003875716
NAR032118059,NAR,CJF_2,CJF,2,R,R-NAR032118059,13,13,1.391188003875716,1.391188003875716
NAR032118059,NAR,CJF_3,CJF,3,R,R-NAR032118059,13,1,0.34341925851030325,1.3842018283155455
NAR032118059,NAR,CJF_3,CJF,3,R,R-NAR032118059,13,2,0.47744103922736547,1.3842018283155455
NAR032118059,NAR,CJF_3,CJF,3,R,R-NAR032118059,13,3,0.6470820343717049,1.3842018283155455
NAR032118059,NAR,CJF_3,CJF,3,R,R-NAR032118059,13,4,0.759966122608653,1.3842018283155455
NAR032118059,NAR,CJF_3,CJF,3,R,R-NAR032118059,13,5,0.8559400568615114,1.3842018283155455
NAR032118059,NAR,CJF_3,CJF,3,R,R-NAR032118059,13,6,0.9362632882859414,1.3842018283155455
NAR032118059,NAR,CJF_3,CJF,3,R,R-NAR032118059,13,7,1.0117292556365176,1.3842018283155455
NAR032118059,NAR,CJF_3,CJF,3,R,R-NAR032118059,13,8,1.0727137010399301,1.3842018283155455
NAR032118059,NAR,CJF_3,CJF,3,R,R-NAR032118059,13,9,1.1228144374143716,1.3842018283155455
NAR032118059,NAR,CJF_3,CJF,3,R,R-NAR032118059,13,10,1.186766970158144,1.3842018283155455
NAR032118059,NAR,CJF_3,CJF,3,R,R-NAR032118059,13,11,1.2471216899837263,1.3842018283155455
NAR032118059,NAR,CJF_3,CJF,3,R,R-NAR032118059,13,12,1.314762305920088,1.3842018283155455
NAR032118059,NAR,CJF_3,CJF,3,R,R-NAR032118059,13,13,1.3842018283155455,1.3842018283155455
NAR032118059,NAR,JRS_1,JRS,1,R,R-NAR032118059,12,1,0.3038908706723112,1.3350768044950143
NAR032118059,NAR,JRS_1,JRS,1,R,R-NAR032118059,12,2,0.4469228079118316,1.3350768044950143
NAR032118059,NAR,JRS_1,JRS,1,R,R-NAR032118059,12,3,0.6293053364311435,1.3350768044950143
NAR032118059,NAR,JRS_1,JRS,1,R,R-NAR032118059,12,4,0.7310130265322756,1.3350768044950143
NAR032118059,NAR,JRS_1,JRS,1,R,R-NAR032118059,12,5,0.8173794841909356,1.3350768044950143
NAR032118059,NAR,JRS_1,JRS,1,R,R-NAR032118059,12,6,0.9069624795835939,1.3350768044950143
NAR032118059,NAR,JRS_1,JRS,1,R,R-NAR032118059,12,7,0.970562460280333,1.3350768044950143
NAR032118059,NAR,JRS_1,JRS,1,R,R-NAR032118059,12,8,1.0299537341916194,1.3350768044950143
NAR032118059,NAR,JRS_1,JRS,1,R,R-NAR032118059,12,9,1.0900864643304191,1.3350768044950143
NAR032118059,NAR,JRS_1,JRS,1,R,R-NAR032118059,12,10,1.1487362820141915,1.3350768044950143
NAR032118059,NAR,JRS_1,JRS,1,R,R-NAR032118059,12,11,1.2187693381789249,1.3350768044950143
NAR032118059,NAR,JRS_1,JRS,1,R,R-NAR032118059,12,12,1.2823693188756653,1.3350768044950143
NAR032118060,NAR,CJF_1,CJF,1,R,R-NAR032118060,8,1,0.370700330832919,1.0690229940868754
NAR032118060,NAR,CJF_1,CJF,1,R,R-NAR032118060,8,2,0.5351557691963169,1.0690229940868754
NAR032118060,NAR,CJF_1,CJF,1,R,R-NAR032118060,8,3,0.6632365682795061,1.0690229940868754
NAR032118060,NAR,CJF_1,CJF,1,R,R-NAR032118060,8,4,0.7459631527570617,1.0690229940868754
NAR032118060,NAR,CJF_1,CJF,1,R,R-NAR032118060,8,5,0.8147114502469024,1.0690229940868754
NAR032118060,NAR,CJF_1,CJF,1,R,R-NAR032118060,8,6,0.8984357653161719,1.0690229940868754
NAR032118060,NAR,CJF_1,CJF,1,R,R-NAR032118060,8,7,1.0024155646374848,1.0690229940868754
NAR032118060,NAR,CJF_1,CJF,1,R,R-NAR032118060,8,8,1.0690229940868754,1.0690229940868754
NAR032118060,NAR,CJF_2,CJF,2,R,R-NAR032118060,8,1,0.42780419063198244,1.112833248053265
NAR032118060,NAR,CJF_2,CJF,2,R,R-NAR032118060,8,2,0.5798323185047314,1.112833248053265
NAR032118060,NAR,CJF_2,CJF,2,R,R-NAR032118060,8,3,0.6910733926854253,1.112833248053265
NAR032118060,NAR,CJF_2,CJF,2,R,R-NAR032118060,8,4,0.771604182660181,1.112833248053265
NAR032118060,NAR,CJF_2,CJF,2,R,R-NAR032118060,8,5,0.8674901147379066,1.112833248053265
NAR032118060,NAR,CJF_2,CJF,2,R,R-NAR032118060,8,6,0.9451022056077624,1.112833248053265
NAR032118060,NAR,CJF_2,CJF,2,R,R-NAR032118060,8,7,1.0259103503445821,1.112833248053265
NAR032118060,NAR,CJF_2,CJF,2,R,R-NAR032118060,8,8,1.112833248053265,1.112833248053265
NAR032118060,NAR,CJF_3,CJF,3,R,R-NAR032118060,8,1,0.4356722673316342,1.1560830811009952
NAR032118060,NAR,CJF_3,CJF,3,R,R-NAR032118060,8,2,0.6087111922189719,1.1560830811009952
NAR032118060,NAR,CJF_3,CJF,3,R,R-NAR032118060,8,3,0.724024203156809,1.1560830811009952
NAR032118060,NAR,CJF_3,CJF,3,R,R-NAR032118060,8,4,0.8128193860877786,1.1560830811009952
NAR032118060,NAR,CJF_3,CJF,3,R,R-NAR032118060,8,5,0.8894283151710072,1.1560830811009952
NAR032118060,NAR,CJF_3,CJF,3,R,R-NAR032118060,8,6,0.9692510163286893,1.1560830811009952
NAR032118060,NAR,CJF_3,CJF,3,R,R-NAR032118060,8,7,1.0688947842072525,1.1560830811009952
NAR032118060,NAR,CJF_3,CJF,3,R,R-NAR032118060,8,8,1.1560830811009952,1.1560830811009952
NAR032118060,NAR,JRS_1,JRS,1,R,R-NAR032118060,7,1,0.3739440437282513,1.0609234770324878
NAR032118060,NAR,JRS_1,JRS,1,R,R-NAR032118060,7,2,0.510029621883587,1.0609234770324878
NAR032118060,NAR,JRS_1,JRS,1,R,R-NAR032118060,7,3,0.6315069098261585,1.0609234770324878
NAR032118060,NAR,JRS_1,JRS,1,R,R-NAR032118060,7,4,0.7306591802327146,1.0609234770324878
NAR032118060,NAR,JRS_1,JRS,1,R,R-NAR032118060,7,5,0.8127276671253008,1.0609234770324878
NAR032118060,NAR,JRS_1,JRS,1,R,R-NAR032118060,7,6,0.9131902460373679,1.0609234770324878
NAR032118060,NAR,JRS_1,JRS,1,R,R-NAR032118060,7,7,0.9780298257061667,1.0609234770324878
NAR032118061,NAR,CJF_1,CJF,1,R,R-NAR032118061,5,1,0.5269382532152004,1.0664327443808532
NAR032118061,NAR,CJF_1,CJF,1,R,R-NAR032118061,5,2,0.7217401538747028,1.0664327443808532
NAR032118061,NAR,CJF_1,CJF,1,R,R-NAR032118061,5,3,0.8630941039287865,1.0664327443808532
NAR032118061,NAR,CJF_1,CJF,1,R,R-NAR032118061,5,4,0.97667254068974,1.0664327443808532
NAR032118061,NAR,CJF_1,CJF,1,R,R-NAR032118061,5,5,1.0664327443808532,1.0664327443808532
NAR032118061,NAR,CJF_2,CJF,2,R,R-NAR032118061,5,1,0.5387279060060786,1.090437186686857
NAR032118061,NAR,CJF_2,CJF,2,R,R-NAR032118061,5,2,0.731175438345557,1.090437186686857
NAR032118061,NAR,CJF_2,CJF,2,R,R-NAR032118061,5,3,0.8851729961785488,1.090437186686857
NAR032118061,NAR,CJF_2,CJF,2,R,R-NAR032118061,5,4,0.9899302200271167,1.090437186686857
NAR032118061,NAR,CJF_2,CJF,2,R,R-NAR032118061,5,5,1.090437186686857,1.090437186686857
NAR032118061,NAR,CJF_3,CJF,3,R,R-NAR032118061,5,1,0.5384414949043854,1.1004192250801628
NAR032118061,NAR,CJF_3,CJF,3,R,R-NAR032118061,5,2,0.7246743026187481,1.1004192250801628
NAR032118061,NAR,CJF_3,CJF,3,R,R-NAR032118061,5,3,0.8793963330729058,1.1004192250801628
NAR032118061,NAR,CJF_3,CJF,3,R,R-NAR032118061,5,4,0.9962934187166621,1.1004192250801628
NAR032118061,NAR,CJF_3,CJF,3,R,R-NAR032118061,5,5,1.1004192250801628,1.1004192250801628
NAR032118061,NAR,JRS_1,JRS,1,R,R-NAR032118061,4,1,0.5451164226255859,1.0114728384679592
NAR032118061,NAR,JRS_1,JRS,1,R,R-NAR032118061,4,2,0.6569853248283949,1.0114728384679592
NAR032118061,NAR,JRS_1,JRS,1,R,R-NAR032118061,4,3,0.8097042372611235,1.0114728384679592
NAR032118061,NAR,JRS_1,JRS,1,R,R-NAR032118061,4,4,0.9192534882729971,1.0114728384679592
NAR032118062,NAR,CJF_1,CJF,1,R,R-NAR032118062,5,1,0.51568979193127,1.2832928582852228
NAR032118062,NAR,CJF_1,CJF,1,R,R-NAR032118062,5,2,0.665425611823308,1.2832928582852228
NAR032118062,NAR,CJF_1,CJF,1,R,R-NAR032118062,5,3,0.9152161435688321,1.2832928582852228
NAR032118062,NAR,CJF_1,CJF,1,R,R-NAR032118062,5,4,1.1113962609747994,1.2832928582852228
NAR032118062,NAR,CJF_1,CJF,1,R,R-NAR032118062,5,5,1.2832928582852228,1.2832928582852228
NAR032118062,NAR,CJF_2,CJF,2,R,R-NAR032118062,4,1,0.5192294169290866,1.2966651691673892
NAR032118062,NAR,CJF_2,CJF,2,R,R-NAR032118062,4,2,0.8737530476050197,1.2966651691673892
NAR032118062,NAR,CJF_2,CJF,2,R,R-NAR032118062,4,3,1.0812151512755344,1.2966651691673892
NAR032118062,NAR,CJF_2,CJF,2,R,R-NAR032118062,4,4,1.2966651691673892,1.2966651691673892
NAR032118062,NAR,CJF_3,CJF,3,R,R-NAR032118062,5,1,0.34332724558445055,1.2528288725281853
NAR032118062,NAR,CJF_3,CJF,3,R,R-NAR032118062,5,2,0.5263295861719427,1.2528288725281853
NAR032118062,NAR,CJF_3,CJF,3,R,R-NAR032118062,5,3,0.8496162186317734,1.2528288725281853
NAR032118062,NAR,CJF_3,CJF,3,R,R-NAR032118062,5,4,1.0769916253677074,1.2528288725281853
NAR032118062,NAR,CJF_3,CJF,3,R,R-NAR032118062,5,5,1.2528288725281853,1.2528288725281853
NAR032118062,NAR,JRS_1,JRS,1,R,R-NAR032118062,4,1,0.1687629441257355,0.5908913266130257
NAR032118062,NAR,JRS_1,JRS,1,R,R-NAR032118062,4,2,0.3331317037416662,0.5908913266130257
NAR032118062,NAR,JRS_1,JRS,1,R,R-NAR032118062,4,3,0.41883143115747495,0.5908913266130257
NAR032118062,NAR,JRS_1,JRS,1,R,R-NAR032118062,4,4,0.5151890254307531,0.5908913266130257
NAR032118063,NAR,CJF_1,CJF,1,R,R-NAR032118063,10,1,0.39135134957356627,1.3458576747707018
NAR032118063,NAR,CJF_1,CJF,1,R,R-NAR032118063,10,2,0.6021655551905608,1.3458576747707018
NAR032118063,NAR,CJF_1,CJF,1,R,R-NAR032118063,10,3,0.7569834570182126,1.3458576747707018
NAR032118063,NAR,CJF_1,CJF,1,R,R-NAR032118063,10,4,0.8785730152506875,1.3458576747707018
NAR032118063,NAR,CJF_1,CJF,1,R,R-NAR032118063,10,5,0.9621357545610897,1.3458576747707018
NAR032118063,NAR,CJF_1,CJF,1,R,R-NAR032118063,10,6,1.0370853038626189,1.3458576747707018
NAR032118063,NAR,CJF_1,CJF,1,R,R-NAR032118063,10,7,1.1111714204169274,1.3458576747707018
NAR032118063,NAR,CJF_1,CJF,1,R,R-NAR032118063,10,8,1.1843941042240145,1.3458576747707018
NAR032118063,NAR,CJF_1,CJF,1,R,R-NAR032118063,10,9,1.2717715582163935,1.3458576747707018
NAR032118063,NAR,CJF_1,CJF,1,R,R-NAR032118063,10,10,1.3458576747707018,1.3458576747707018
NAR032118063,NAR,CJF_2,CJF,2,R,R-NAR032118063,10,1,0.36185280364268485,1.3246488314956681
NAR032118063,NAR,CJF_2,CJF,2,R,R-NAR032118063,10,2,0.5811199273941172,1.3246488314956681
NAR032118063,NAR,CJF_2,CJF,2,R,R-NAR032118063,10,3,0.7415675856912292,1.3246488314956681
NAR032118063,NAR,CJF_2,CJF,2,R,R-NAR032118063,10,4,0.8631291534205132,1.3246488314956681
NAR032118063,NAR,CJF_2,CJF,2,R,R-NAR032118063,10,5,0.9486365301271394,1.3246488314956681
NAR032118063,NAR,CJF_2,CJF,2,R,R-NAR032118063,10,6,1.019874331037609,1.3246488314956681
NAR032118063,NAR,CJF_2,CJF,2,R,R-NAR032118063,10,7,1.08348701444742,1.3246488314956681
NAR032118063,NAR,CJF_2,CJF,2,R,R-NAR032118063,10,8,1.1726968718340622,1.3246488314956681
NAR032118063,NAR,CJF_2,CJF,2,R,R-NAR032118063,10,9,1.246876650360014,1.3246488314956681
NAR032118063,NAR,CJF_2,CJF,2,R,R-NAR032118063,10,10,1.3246488314956681,1.3246488314956681
NAR032118063,NAR,CJF_3,CJF,3,R,R-NAR032118063,10,1,0.4973892141260811,1.373709558693737
NAR032118063,NAR,CJF_3,CJF,3,R,R-NAR032118063,10,2,0.6243116059084256,1.373709558693737
NAR032118063,NAR,CJF_3,CJF,3,R,R-NAR032118063,10,3,0.7805684864928969,1.373709558693737
NAR032118063,NAR,CJF_3,CJF,3,R,R-NAR032118063,10,4,0.8980411790502504,1.373709558693737
NAR032118063,NAR,CJF_3,CJF,3,R,R-NAR032118063,10,5,0.9861793828054771,1.373709558693737
NAR032118063,NAR,CJF_3,CJF,3,R,R-NAR032118063,10,6,1.0620464513031003,1.373709558693737
NAR032118063,NAR,CJF_3,CJF,3,R,R-NAR032118063,10,7,1.1293144743540384,1.373709558693737
NAR032118063,NAR,CJF_3,CJF,3,R,R-NAR032118063,10,8,1.2060321966299676,1.373709558693737
NAR032118063,NAR,CJF_3,CJF,3,R,R-NAR032118063,10,9,1.2875421371928162,1.373709558693737
NAR032118063,NAR,CJF_3,CJF,3,R,R-NAR032118063,10,10,1.373709558693737,1.373709558693737
NAR032118063,NAR,JRS_1,JRS,1,R,R-NAR032118063,8,1,0.18241707539970206,0.7976889998606868
NAR032118063,NAR,JRS_1,JRS,1,R,R-NAR032118063,8,2,0.3414642925026473,0.7976889998606868
NAR032118063,NAR,JRS_1,JRS,1,R,R-NAR032118063,8,3,0.44449030059175565,0.7976889998606868
NAR032118063,NAR,JRS_1,JRS,1,R,R-NAR032118063,8,4,0.5353506921868747,0.7976889998606868
NAR032118063,NAR,JRS_1,JRS,1,R,R-NAR032118063,8,5,0.5855046978175699,0.7976889998606868
NAR032118063,NAR,JRS_1,JRS,1,R,R-NAR032118063,8,6,0.6315481222016198,0.7976889998606868
NAR032118063,NAR,JRS_1,JRS,1,R,R-NAR032118063,8,7,0.6941328268080624,0.7976889998606868
NAR032118063,NAR,JRS_1,JRS,1,R,R-NAR032118063,8,8,0.7389497940191317,0.7976889998606868
NAR032118064,NAR,CJF_1,CJF,1,R,R-NAR032118064,10,1,0.3188998849013756,1.321259879795675
NAR032118064,NAR,CJF_1,CJF,1,R,R-NAR032118064,10,2,0.7014590409591136,1.321259879795675
NAR032118064,NAR,CJF_1,CJF,1,R,R-NAR032118064,10,3,0.8359905228806392,1.321259879795675
NAR032118064,NAR,CJF_1,CJF,1,R,R-NAR032118064,10,4,0.9325277520891974,1.321259879795675
NAR032118064,NAR,CJF_1,CJF,1,R,R-NAR032118064,10,5,1.0121227273195332,1.321259879795675
NAR032118064,NAR,CJF_1,CJF,1,R,R-NAR032118064,10,6,1.0706657038151235,1.321259879795675
NAR032118064,NAR,CJF_1,CJF,1,R,R-NAR032118064,10,7,1.1153362031289553,1.321259879795675
NAR032118064,NAR,CJF_1,CJF,1,R,R-NAR032118064,10,8,1.1856884299140882,1.321259879795675
NAR032118064,NAR,CJF_1,CJF,1,R,R-NAR032118064,10,9,1.2493644100983572,1.321259879795675
NAR032118064,NAR,CJF_1,CJF,1,R,R-NAR032118064,10,10,1.321259879795675,1.321259879795675
NAR032118064,NAR,CJF_2,CJF,2,R,R-NAR032118064,11,1,0.29611318315540713,1.2887562301742934
NAR032118064,NAR,CJF_2,CJF,2,R,R-NAR032118064,11,2,0.5088495400933207,1.2887562301742934
NAR032118064,NAR,CJF_2,CJF,2,R,R-NAR032118064,11,3,0.6770235648910542,1.2887562301742934
NAR032118064,NAR,CJF_2,CJF,2,R,R-NAR032118064,11,4,0.8139148104502708,1.2887562301742934
NAR032118064,NAR,CJF_2,CJF,2,R,R-NAR032118064,11,5,0.909447973007985,1.2887562301742934
NAR032118064,NAR,CJF_2,CJF,2,R,R-NAR032118064,11,6,0.9855738885270423,1.2887562301742934
NAR032118064,NAR,CJF_2,CJF,2,R,R-NAR032118064,11,7,1.0467190746413304,1.2887562301742934
NAR032118064,NAR,CJF_2,CJF,2,R,R-NAR032118064,11,8,1.0938249957056982,1.2887562301742934
NAR032118064,NAR,CJF_2,CJF,2,R,R-NAR032118064,11,9,1.1591158953135132,1.2887562301742934
NAR032118064,NAR,CJF_2,CJF,2,R,R-NAR032118064,11,10,1.2193196170729517,1.2887562301742934
NAR032118064,NAR,CJF_2,CJF,2,R,R-NAR032118064,11,11,1.2887562301742934,1.2887562301742934
NAR032118064,NAR,CJF_3,CJF,3,R,R-NAR032118064,10,1,0.3353467650473926,1.3055668917027115
NAR032118064,NAR,CJF_3,CJF,3,R,R-NAR032118064,10,2,0.7056161718552141,1.3055668917027115
NAR032118064,NAR,CJF_3,CJF,3,R,R-NAR032118064,10,3,0.8312639404135842,1.3055668917027115
NAR032118064,NAR,CJF_3,CJF,3,R,R-NAR032118064,10,4,0.9219609386035166,1.3055668917027115
NAR032118064,NAR,CJF_3,CJF,3,R,R-NAR032118064,10,5,1.0060065408125676,1.3055668917027115
NAR032118064,NAR,CJF_3,CJF,3,R,R-NAR032118064,10,6,1.057597052576412,1.3055668917027115
NAR032118064,NAR,CJF_3,CJF,3,R,R-NAR032118064,10,7,1.0983692008585215,1.3055668917027115
NAR032118064,NAR,CJF_3,CJF,3,R,R-NAR032118064,10,8,1.1682651158737944,1.3055668917027115
NAR032118064,NAR,CJF_3,CJF,3,R,R-NAR032118064,10,9,1.238996674677879,1.3055668917027115
NAR032118064,NAR,CJF_3,CJF,3,R,R-NAR032118064,10,10,1.3055668917027115,1.3055668917027115
NAR032118064,NAR,JRS_1,JRS,1,R,R-NAR032118064,9,1,0.30492169302134714,1.2729566124945941
NAR032118064,NAR,JRS_1,JRS,1,R,R-NAR032118064,9,2,0.6859441343882933,1.2729566124945941
NAR032118064,NAR,JRS_1,JRS,1,R,R-NAR032118064,9,3,0.804988570654082,1.2729566124945941
NAR032118064,NAR,JRS_1,JRS,1,R,R-NAR032118064,9,4,0.8946246393978196,1.2729566124945941
NAR032118064,NAR,JRS_1,JRS,1,R,R-NAR032118064,9,5,0.9668937157927842,1.2729566124945941
NAR032118064,NAR,JRS_1,JRS,1,R,R-NAR032118064,9,6,1.029106402195851,1.2729566124945941
NAR032118064,NAR,JRS_1,JRS,1,R,R-NAR032118064,9,7,1.082051160743087,1.2729566124945941
NAR032118064,NAR,JRS_1,JRS,1,R,R-NAR032118064,9,8,1.1473623763255725,1.2729566124945941
NAR032118064,NAR,JRS_1,JRS,1,R,R-NAR032118064,9,9,1.2037860652790482,1.2729566124945941
NAR032118065,NAR,CJF_1,CJF,1,R,R-NAR032118065,13,1,0.4595221901178364,1.432474793305041
NAR032118065,NAR,CJF_1,CJF,1,R,R-NAR032118065,13,2,0.6462721328086389,1.432474793305041
NAR032118065,NAR,CJF_1,CJF,1,R,R-NAR032118065,13,3,0.755656314578675,1.432474793305041
NAR032118065,NAR,CJF_1,CJF,1,R,R-NAR032118065,13,4,0.8518874829002674,1.432474793305041
NAR032118065,NAR,CJF_1,CJF,1,R,R-NAR032118065,13,5,0.9424062572694764,1.432474793305041
NAR032118065,NAR,CJF_1,CJF,1,R,R-NAR032118065,13,6,1.0150996427834829,1.432474793305041
NAR032118065,NAR,CJF_1,CJF,1,R,R-NAR032118065,13,7,1.099473966814389,1.432474793305041
NAR032118065,NAR,CJF_1,CJF,1,R,R-NAR032118065,13,8,1.161782582969251,1.432474793305041
NAR032118065,NAR,CJF_1,CJF,1,R,R-NAR032118065,13,9,1.2211470492610297,1.432474793305041
NAR032118065,NAR,CJF_1,CJF,1,R,R-NAR032118065,13,10,1.3004169414992575,1.432474793305041
NAR032118065,NAR,CJF_1,CJF,1,R,R-NAR032118065,13,11,1.3570131637017362,1.432474793305041
NAR032118065,NAR,CJF_1,CJF,1,R,R-NAR032118065,13,12,1.40175254161353,1.432474793305041
NAR032118065,NAR,CJF_1,CJF,1,R,R-NAR032118065,13,13,1.432474793305041,1.432474793305041
NAR032118065,NAR,CJF_2,CJF,2,R,R-NAR032118065,14,1,0.35603956247675533,1.448039600271245
NAR032118065,NAR,CJF_2,CJF,2,R,R-NAR032118065,14,2,0.5057662054783083,1.448039600271245
NAR032118065,NAR,CJF_2,CJF,2,R,R-NAR032118065,14,3,0.650331317556152,1.448039600271245
NAR032118065,NAR,CJF_2,CJF,2,R,R-NAR032118065,14,4,0.7624243134257185,1.448039600271245
NAR032118065,NAR,CJF_2,CJF,2,R,R-NAR032118065,14,5,0.8566054353811633,1.448039600271245
NAR032118065,NAR,CJF_2,CJF,2,R,R-NAR032118065,14,6,0.9484368794939966,1.448039600271245
NAR032118065,NAR,CJF_2,CJF,2,R,R-NAR032118065,14,7,1.0242439522968367,1.448039600271245
NAR032118065,NAR,CJF_2,CJF,2,R,R-NAR032118065,14,8,1.1080632107546735,1.448039600271245
NAR032118065,NAR,CJF_2,CJF,2,R,R-NAR032118065,14,9,1.1622222060853287,1.448039600271245
NAR032118065,NAR,CJF_2,CJF,2,R,R-NAR032118065,14,10,1.235679601045557,1.448039600271245
NAR032118065,NAR,CJF_2,CJF,2,R,R-NAR032118065,14,11,1.3086748207673011,1.448039600271245
NAR032118065,NAR,CJF_2,CJF,2,R,R-NAR032118065,14,12,1.36753317178318,1.448039600271245
NAR032118065,NAR,CJF_2,CJF,2,R,R-NAR032118065,14,13,1.4094428010120987,1.448039600271245
NAR032118065,NAR,CJF_2,CJF,2,R,R-NAR032118065,14,14,1.448039600271245,1.448039600271245
NAR032118065,NAR,CJF_3,CJF,3,R,R-NAR032118065,13,1,0.5537389439216273,1.4941882340531787
NAR032118065,NAR,CJF_3,CJF,3,R,R-NAR032118065,13,2,0.668578252479706,1.4941882340531787
NAR032118065,NAR,CJF_3,CJF,3,R,R-NAR032118065,13,3,0.8056617097372136,1.4941882340531787
NAR032118065,NAR,CJF_3,CJF,3,R,R-NAR032118065,13,4,0.8970329226310915,1.4941882340531787
NAR032118065,NAR,CJF_3,CJF,3,R,R-NAR032118065,13,5,0.9972303330115138,1.4941882340531787
NAR032118065,NAR,CJF_3,CJF,3,R,R-NAR032118065,13,6,1.0730930107290961,1.4941882340531787
NAR032118065,NAR,CJF_3,CJF,3,R,R-NAR032118065,13,7,1.1528328222407511,1.4941882340531787
NAR032118065,NAR,CJF_3,CJF,3,R,R-NAR032118065,13,8,1.2175734256086186,1.4941882340531787
NAR032118065,NAR,CJF_3,CJF,3,R,R-NAR032118065,13,9,1.271906574559036,1.4941882340531787
NAR032118065,NAR,CJF_3,CJF,3,R,R-NAR032118065,13,10,1.341238931653242,1.4941882340531787
NAR032118065,NAR,CJF_3,CJF,3,R,R-NAR032118065,13,11,1.4017450912609033,1.4941882340531787
NAR032118065,NAR,CJF_3,CJF,3,R,R-NAR032118065,13,12,1.4567928601435856,1.4941882340531787
NAR032118065,NAR,CJF_3,CJF,3,R,R-NAR032118065,13,13,1.4941882340531787,1.4941882340531787
NAR032118065,NAR,JRS_1,JRS,1,R,R-NAR032118065,12,1,0.29891783471190614,1.3475032536879081
NAR032118065,NAR,JRS_1,JRS,1,R,R-NAR032118065,12,2,0.43858711259786737,1.3475032536879081
NAR032118065,NAR,JRS_1,JRS,1,R,R-NAR032118065,12,3,0.5582507776113229,1.3475032536879081
NAR032118065,NAR,JRS_1,JRS,1,R,R-NAR032118065,12,4,0.6783407765572981,1.3475032536879081
NAR032118065,NAR,JRS_1,JRS,1,R,R-NAR032118065,12,5,0.7714348545776218,1.3475032536879081
NAR032118065,NAR,JRS_1,JRS,1,R,R-NAR032118065,12,6,0.8745598998896728,1.3475032536879081
NAR032118065,NAR,JRS_1,JRS,1,R,R-NAR032118065,12,7,0.935912062015691,1.3475032536879081
NAR032118065,NAR,JRS_1,JRS,1,R,R-NAR032118065,12,8,1.022498487626336,1.3475032536879081
NAR032118065,NAR,JRS_1,JRS,1,R,R-NAR032118065,12,9,1.078195665207713,1.3475032536879081
NAR032118065,NAR,JRS_1,JRS,1,R,R-NAR032118065,12,10,1.148669805049471,1.3475032536879081
NAR032118065,NAR,JRS_1,JRS,1,R,R-NAR032118065,12,11,1.2304539139805124,1.3475032536879081
NAR032118065,NAR,JRS_1,JRS,1,R,R-NAR032118065,12,12,1.2944204014125915,1.3475032536879081
NAR032118066,NAR,CJF_1,CJF,1,R,R-NAR032118066,15,1,0.5324322302281598,1.6801150041751558
NAR032118066,NAR,CJF_1,CJF,1,R,R-NAR032118066,15,2,0.7124776173881947,1.6801150041751558
NAR032118066,NAR,CJF_1,CJF,1,R,R-NAR032118066,15,3,0.8416019520564514,1.6801150041751558
NAR032118066,NAR,CJF_1,CJF,1,R,R-NAR032118066,15,4,0.9398556059396551,1.6801150041751558
NAR032118066,NAR,CJF_1,CJF,1,R,R-NAR032118066,15,5,1.0303961692747015,1.6801150041751558
NAR032118066,NAR,CJF_1,CJF,1,R,R-NAR032118066,15,6,1.1111613223376877,1.6801150041751558
NAR032118066,NAR,CJF_1,CJF,1,R,R-NAR032118066,15,7,1.192953055614519,1.6801150041751558
NAR032118066,NAR,CJF_1,CJF,1,R,R-NAR032118066,15,8,1.2783515585841272,1.6801150041751558
NAR032118066,NAR,CJF_1,CJF,1,R,R-NAR032118066,15,9,1.3544833617404912,1.6801150041751558
NAR032118066,NAR,CJF_1,CJF,1,R,R-NAR032118066,15,10,1.3915226831048284,1.6801150041751558
NAR032118066,NAR,CJF_1,CJF,1,R,R-NAR032118066,15,11,1.4542814655925689,1.6801150041751558
NAR032118066,NAR,CJF_1,CJF,1,R,R-NAR032118066,15,12,1.536591068624429,1.6801150041751558
NAR032118066,NAR,CJF_1,CJF,1,R,R-NAR032118066,15,13,1.6075808114153556,1.6801150041751558
NAR032118066,NAR,CJF_1,CJF,1,R,R-NAR032118066,15,14,1.6513066431140047,1.6801150041751558
NAR032118066,NAR,CJF_1,CJF,1,R,R-NAR032118066,15,15,1.6801150041751558,1.6801150041751558
NAR032118066,NAR,CJF_2,CJF,2,R,R-NAR032118066,14,1,0.5816109278540619,1.726096772647126
NAR032118066,NAR,CJF_2,CJF,2,R,R-NAR032118066,14,2,0.7409088367119141,1.726096772647126
NAR032118066,NAR,CJF_2,CJF,2,R,R-NAR032118066,14,3,0.869645719618195,1.726096772647126
NAR032118066,NAR,CJF_2,CJF,2,R,R-NAR032118066,14,4,0.9753285285618858,1.726096772647126
NAR032118066,NAR,CJF_2,CJF,2,R,R-NAR032118066,14,5,1.060696566648489,1.726096772647126
NAR032118066,NAR,CJF_2,CJF,2,R,R-NAR032118066,14,6,1.1304861137040887,1.726096772647126
NAR032118066,NAR,CJF_2,CJF,2,R,R-NAR032118066,14,7,1.2266963629956116,1.726096772647126
NAR032118066,NAR,CJF_2,CJF,2,R,R-NAR032118066,14,8,1.3043797097613516,1.726096772647126
NAR032118066,NAR,CJF_2,CJF,2,R,R-NAR032118066,14,9,1.3763439728694142,1.726096772647126
NAR032118066,NAR,CJF_2,CJF,2,R,R-NAR032118066,14,10,1.4404144362673372,1.726096772647126
NAR032118066,NAR,CJF_2,CJF,2,R,R-NAR032118066,14,11,1.503711204222944,1.726096772647126
NAR032118066,NAR,CJF_2,CJF,2,R,R-NAR032118066,14,12,1.578237031104628,1.726096772647126
NAR032118066,NAR,CJF_2,CJF,2,R,R-NAR032118066,14,13,1.6588687893651473,1.726096772647126
NAR032118066,NAR,CJF_2,CJF,2,R,R-NAR032118066,14,14,1.726096772647126,1.726096772647126
NAR032118066,NAR,CJF_3,CJF,3,R,R-NAR032118066,14,1,0.6018061864764688,1.744743563911917
NAR032118066,NAR,CJF_3,CJF,3,R,R-NAR032118066,14,2,0.7752986293793478,1.744743563911917
NAR032118066,NAR,CJF_3,CJF,3,R,R-NAR032118066,14,3,0.9059497462560147,1.744743563911917
NAR032118066,NAR,CJF_3,CJF,3,R,R-NAR032118066,14,4,1.0154769687558278,1.744743563911917
NAR032118066,NAR,CJF_3,CJF,3,R,R-NAR032118066,14,5,1.1048203611318095,1.744743563911917
NAR032118066,NAR,CJF_3,CJF,3,R,R-NAR032118066,14,6,1.172446321858433,1.744743563911917
NAR032118066,NAR,CJF_3,CJF,3,R,R-NAR032118066,14,7,1.2628532836334299,1.744743563911917
NAR032118066,NAR,CJF_3,CJF,3,R,R-NAR032118066,14,8,1.3547938469339535,1.744743563911917
NAR032118066,NAR,CJF_3,CJF,3,R,R-NAR032118066,14,9,1.4250169785851186,1.744743563911917
NAR032118066,NAR,CJF_3,CJF,3,R,R-NAR032118066,14,10,1.468921874010346,1.744743563911917
NAR032118066,NAR,CJF_3,CJF,3,R,R-NAR032118066,14,11,1.526282656184795,1.744743563911917
NAR032118066,NAR,CJF_3,CJF,3,R,R-NAR032118066,14,12,1.5934385847849069,1.744743563911917
NAR032118066,NAR,CJF_3,CJF,3,R,R-NAR032118066,14,13,1.6791212368373314,1.744743563911917
NAR032118066,NAR,CJF_3,CJF,3,R,R-NAR032118066,14,14,1.744743563911917,1.744743563911917
NAR032118066,NAR,JRS_1,JRS,1,R,R-NAR032118066,12,1,0.2928036935547664,1.1754814720344267
NAR032118066,NAR,JRS_1,JRS,1,R,R-NAR032118066,12,2,0.3954946143477523,1.1754814720344267
NAR032118066,NAR,JRS_1,JRS,1,R,R-NAR032118066,12,3,0.5171241856784499,1.1754814720344267
NAR032118066,NAR,JRS_1,JRS,1,R,R-NAR032118066,12,4,0.595809353894746,1.1754814720344267
NAR032118066,NAR,JRS_1,JRS,1,R,R-NAR032118066,12,5,0.6469547132353383,1.1754814720344267
NAR032118066,NAR,JRS_1,JRS,1,R,R-NAR032118066,12,6,0.7154379146664126,1.1754814720344267
NAR032118066,NAR,JRS_1,JRS,1,R,R-NAR032118066,12,7,0.7996581497407491,1.1754814720344267
NAR032118066,NAR,JRS_1,JRS,1,R,R-NAR032118066,12,8,0.8516039133049513,1.1754814720344267
NAR032118066,NAR,JRS_1,JRS,1,R,R-NAR032118066,12,9,0.8952809579357236,1.1754814720344267
NAR032118066,NAR,JRS_1,JRS,1,R,R-NAR032118066,12,10,0.9515611820225451,1.1754814720344267
NAR032118066,NAR,JRS_1,JRS,1,R,R-NAR032118066,12,11,1.0153097208191963,1.1754814720344267
NAR032118066,NAR,JRS_1,JRS,1,R,R-NAR032118066,12,12,1.0625208217489708,1.1754814720344267
NAR032119001,NAR,CJF_1,CJF,1,R,R-NAR032119001,15,1,0.4616403393114391,1.5260391310372872
NAR032119001,NAR,CJF_1,CJF,1,R,R-NAR032119001,15,2,0.6417585375987588,1.5260391310372872
NAR032119001,NAR,CJF_1,CJF,1,R,R-NAR032119001,15,3,0.7671709474087525,1.5260391310372872
NAR032119001,NAR,CJF_1,CJF,1,R,R-NAR032119001,15,4,0.8615289932237035,1.5260391310372872
NAR032119001,NAR,CJF_1,CJF,1,R,R-NAR032119001,15,5,0.9417333321664114,1.5260391310372872
NAR032119001,NAR,CJF_1,CJF,1,R,R-NAR032119001,15,6,1.0015140655253962,1.5260391310372872
NAR032119001,NAR,CJF_1,CJF,1,R,R-NAR032119001,15,7,1.068759651425685,1.5260391310372872
NAR032119001,NAR,CJF_1,CJF,1,R,R-NAR032119001,15,8,1.1320633332455936,1.5260391310372872
NAR032119001,NAR,CJF_1,CJF,1,R,R-NAR032119001,15,9,1.1961430132758688,1.5260391310372872
NAR032119001,NAR,CJF_1,CJF,1,R,R-NAR032119001,15,10,1.2445169900131678,1.5260391310372872
NAR032119001,NAR,CJF_1,CJF,1,R,R-NAR032119001,15,11,1.2936669649608337,1.5260391310372872
NAR032119001,NAR,CJF_1,CJF,1,R,R-NAR032119001,15,12,1.34675884398888,1.5260391310372872
NAR032119001,NAR,CJF_1,CJF,1,R,R-NAR032119001,15,13,1.4073155755582314,1.5260391310372872
NAR032119001,NAR,CJF_1,CJF,1,R,R-NAR032119001,15,14,1.4729472520092406,1.5260391310372872
NAR032119001,NAR,CJF_1,CJF,1,R,R-NAR032119001,15,15,1.5260391310372872,1.5260391310372872
NAR032119001,NAR,CJF_2,CJF,2,R,R-NAR032119001,15,1,0.4573058830153057,1.511738063951362
NAR032119001,NAR,CJF_2,CJF,2,R,R-NAR032119001,15,2,0.6390216958752923,1.511738063951362
NAR032119001,NAR,CJF_2,CJF,2,R,R-NAR032119001,15,3,0.75524507362680815,1.511738063951362
NAR032119001,NAR,CJF_2,CJF,2,R,R-NAR032119001,15,4,0.8594096740664356,1.511738063951362
NAR032119001,NAR,CJF_2,CJF,2,R,R-NAR032119001,15,5,0.9268774251005466,1.511738063951362
NAR032119001,NAR,CJF_2,CJF,2,R,R-NAR032119001,15,6,0.9955930928324026,1.511738063951362
NAR032119001,NAR,CJF_2,CJF,2,R,R-NAR032119001,15,7,1.0564074968616963,1.511738063951362
NAR032119001,NAR,CJF_2,CJF,2,R,R-NAR032119001,15,8,1.123147848667912,1.511738063951362
NAR032119001,NAR,CJF_2,CJF,2,R,R-NAR032119001,15,9,1.1785568223901342,1.511738063951362
NAR032119001,NAR,CJF_2,CJF,2,R,R-NAR032119001,15,10,1.2292877650331797,1.511738063951362
NAR032119001,NAR,CJF_2,CJF,2,R,R-NAR032119001,15,11,1.275340676597049,1.511738063951362
NAR032119001,NAR,CJF_2,CJF,2,R,R-NAR032119001,15,12,1.3314770495471666,1.511738063951362
NAR032119001,NAR,CJF_2,CJF,2,R,R-NAR032119001,15,13,1.3962420854277413,1.511738063951362
NAR032119001,NAR,CJF_2,CJF,2,R,R-NAR032119001,15,14,1.446973028070787,1.511738063951362
NAR032119001,NAR,CJF_2,CJF,2,R,R-NAR032119001,15,15,1.511738063951362,1.511738063951362
NAR032119001,NAR,CJF_3,CJF,3,R,R-NAR032119001,16,1,0.4271676931283118,1.4538307348398825
NAR032119001,NAR,CJF_3,CJF,3,R,R-NAR032119001,16,2,0.6015361458602559,1.4538307348398825
NAR032119001,NAR,CJF_3,CJF,3,R,R-NAR032119001,16,3,0.728305913493661,1.4538307348398825
NAR032119001,NAR,CJF_3,CJF,3,R,R-NAR032119001,16,4,0.8225228998762486,1.4538307348398825
NAR032119001,NAR,CJF_3,CJF,3,R,R-NAR032119001,16,5,0.892450351802321,1.4538307348398825
NAR032119001,NAR,CJF_3,CJF,3,R,R-NAR032119001,16,6,0.9474919591767048,1.4538307348398825
NAR032119001,NAR,CJF_3,CJF,3,R,R-NAR032119001,16,7,1.0229815953976567,1.4538307348398825
NAR032119001,NAR,CJF_3,CJF,3,R,R-NAR032119001,16,8,1.099531645081115,1.4538307348398825
NAR032119001,NAR,CJF_3,CJF,3,R,R-NAR032119001,16,9,1.147050300531638,1.4538307348398825
NAR032119001,NAR,CJF_3,CJF,3,R,R-NAR032119001,16,10,1.1936686018156861,1.4538307348398825
NAR032119001,NAR,CJF_3,CJF,3,R,R-NAR032119001,16,11,1.2375058109522945,1.4538307348398825
NAR032119001,NAR,CJF_3,CJF,3,R,R-NAR032119001,16,12,1.2375058109522945,1.4538307348398825
NAR032119001,NAR,CJF_3,CJF,3,R,R-NAR032119001,16,13,1.288785942364748,1.4538307348398825
NAR032119001,NAR,CJF_3,CJF,3,R,R-NAR032119001,16,14,1.3363045978152708,1.4538307348398825
NAR032119001,NAR,CJF_3,CJF,3,R,R-NAR032119001,16,15,1.3960080353180593,1.4538307348398825
NAR032119001,NAR,CJF_3,CJF,3,R,R-NAR032119001,16,16,1.4538307348398825,1.4538307348398825
NAR032119001,NAR,JRS_1,JRS,1,R,R-NAR032119001,16,1,0.32042368236471813,1.468761542598794
NAR032119001,NAR,JRS_1,JRS,1,R,R-NAR032119001,16,2,0.44677005384113666,1.468761542598794
NAR032119001,NAR,JRS_1,JRS,1,R,R-NAR032119001,16,3,0.6095505505901123,1.468761542598794
NAR032119001,NAR,JRS_1,JRS,1,R,R-NAR032119001,16,4,0.7281909553666803,1.468761542598794
NAR032119001,NAR,JRS_1,JRS,1,R,R-NAR032119001,16,5,0.7281909553666803,1.468761542598794
NAR032119001,NAR,JRS_1,JRS,1,R,R-NAR032119001,16,6,0.8216084504447295,1.468761542598794
NAR032119001,NAR,JRS_1,JRS,1,R,R-NAR032119001,16,7,0.890971452115656,1.468761542598794
NAR032119001,NAR,JRS_1,JRS,1,R,R-NAR032119001,16,8,0.9603344537865826,1.468761542598794
NAR032119001,NAR,JRS_1,JRS,1,R,R-NAR032119001,16,9,1.029697455457509,1.468761542598794
NAR032119001,NAR,JRS_1,JRS,1,R,R-NAR032119001,16,10,1.08528058598778,1.468761542598794
NAR032119001,NAR,JRS_1,JRS,1,R,R-NAR032119001,16,11,1.1483378602340768,1.468761542598794
NAR032119001,NAR,JRS_1,JRS,1,R,R-NAR032119001,16,12,1.2039209907643482,1.468761542598794
NAR032119001,NAR,JRS_1,JRS,1,R,R-NAR032119001,16,13,1.251798154594768,1.468761542598794
NAR032119001,NAR,JRS_1,JRS,1,R,R-NAR032119001,16,14,1.302243973991806,1.468761542598794
NAR032119001,NAR,JRS_1,JRS,1,R,R-NAR032119001,16,15,1.3641328319467068,1.468761542598794
NAR032119001,NAR,JRS_1,JRS,1,R,R-NAR032119001,16,16,1.4194841394931526,1.468761542598794
NAR032119002,NAR,CJF_1,CJF,1,R,R-NAR032119002,15,1,0.5499858460481889,1.7399374185897127
NAR032119002,NAR,CJF_1,CJF,1,R,R-NAR032119002,15,2,0.6944760519614916,1.7399374185897127
NAR032119002,NAR,CJF_1,CJF,1,R,R-NAR032119002,15,3,0.829445872629212,1.7399374185897127
NAR032119002,NAR,CJF_1,CJF,1,R,R-NAR032119002,15,4,0.9425922464783876,1.7399374185897127
NAR032119002,NAR,CJF_1,CJF,1,R,R-NAR032119002,15,5,1.0135313564323667,1.7399374185897127
NAR032119002,NAR,CJF_1,CJF,1,R,R-NAR032119002,15,6,1.0835429076105547,1.7399374185897127
NAR032119002,NAR,CJF_1,CJF,1,R,R-NAR032119002,15,7,1.160462858028981,1.7399374185897127
NAR032119002,NAR,CJF_1,CJF,1,R,R-NAR032119002,15,8,1.2271055547480656,1.7399374185897127
NAR032119002,NAR,CJF_1,CJF,1,R,R-NAR032119002,15,9,1.2966533265383562,1.7399374185897127
NAR032119002,NAR,CJF_1,CJF,1,R,R-NAR032119002,15,10,1.358999610022545,1.7399374185897127
NAR032119002,NAR,CJF_1,CJF,1,R,R-NAR032119002,15,11,1.3935416062237425,1.7399374185897127
NAR032119002,NAR,CJF_1,CJF,1,R,R-NAR032119002,15,12,1.478297514658201,1.7399374185897127
NAR032119002,NAR,CJF_1,CJF,1,R,R-NAR032119002,15,13,1.5561450238524202,1.7399374185897127
NAR032119002,NAR,CJF_1,CJF,1,R,R-NAR032119002,15,14,1.6366045190519833,1.7399374185897127
NAR032119002,NAR,CJF_1,CJF,1,R,R-NAR032119002,15,15,1.7399374185897127,1.7399374185897127
NAR032119002,NAR,CJF_2,CJF,2,R,R-NAR032119002,15,1,0.588212992085442,1.7252481352553177
NAR032119002,NAR,CJF_2,CJF,2,R,R-NAR032119002,15,2,0.7822284065282751,1.7252481352553177
NAR032119002,NAR,CJF_2,CJF,2,R,R-NAR032119002,15,3,0.8970361776130368,1.7252481352553177
NAR032119002,NAR,CJF_2,CJF,2,R,R-NAR032119002,15,4,0.991681528724181,1.7252481352553177
NAR032119002,NAR,CJF_2,CJF,2,R,R-NAR032119002,15,5,1.0734163142651303,1.7252481352553177
NAR032119002,NAR,CJF_2,CJF,2,R,R-NAR032119002,15,6,1.1389304998070346,1.7252481352553177
NAR032119002,NAR,CJF_2,CJF,2,R,R-NAR032119002,15,7,1.2214481775939574,1.7252481352553177
NAR032119002,NAR,CJF_2,CJF,2,R,R-NAR032119002,15,8,1.2875941486815812,1.7252481352553177
NAR032119002,NAR,CJF_2,CJF,2,R,R-NAR032119002,15,9,1.3652360075477061,1.7252481352553177
NAR032119002,NAR,CJF_2,CJF,2,R,R-NAR032119002,15,10,1.417839627519416,1.7252481352553177
NAR032119002,NAR,CJF_2,CJF,2,R,R-NAR032119002,15,11,1.4422460808681115,1.7252481352553177
NAR032119002,NAR,CJF_2,CJF,2,R,R-NAR032119002,15,12,1.5247637586550342,1.7252481352553177
NAR032119002,NAR,CJF_2,CJF,2,R,R-NAR032119002,15,13,1.5827238763930083,1.7252481352553177
NAR032119002,NAR,CJF_2,CJF,2,R,R-NAR032119002,15,14,1.655641023038589,1.7252481352553177
NAR032119002,NAR,CJF_2,CJF,2,R,R-NAR032119002,15,15,1.7252481352553177,1.7252481352553177
NAR032119002,NAR,CJF_3,CJF,3,R,R-NAR032119002,15,1,0.5592080592505732,1.7370917733959592
NAR032119002,NAR,CJF_3,CJF,3,R,R-NAR032119002,15,2,0.6943449871638235,1.7370917733959592
NAR032119002,NAR,CJF_3,CJF,3,R,R-NAR032119002,15,3,0.8167296500624902,1.7370917733959592
NAR032119002,NAR,CJF_3,CJF,3,R,R-NAR032119002,15,4,0.9276831954630901,1.7370917733959592
NAR032119002,NAR,CJF_3,CJF,3,R,R-NAR032119002,15,5,1.0081231468588052,1.7370917733959592
NAR032119002,NAR,CJF_3,CJF,3,R,R-NAR032119002,15,6,1.079021860001112,1.7370917733959592
NAR032119002,NAR,CJF_3,CJF,3,R,R-NAR032119002,15,7,1.1521407392672058,1.7370917733959592
NAR032119002,NAR,CJF_3,CJF,3,R,R-NAR032119002,15,8,1.2220485917721249,1.7370917733959592
NAR032119002,NAR,CJF_3,CJF,3,R,R-NAR032119002,15,9,1.2983784977993944,1.7370917733959592
NAR032119002,NAR,CJF_3,CJF,3,R,R-NAR032119002,15,10,1.3517543268004122,1.7370917733959592
NAR032119002,NAR,CJF_3,CJF,3,R,R-NAR032119002,15,11,1.41344208856844,1.7370917733959592
NAR032119002,NAR,CJF_3,CJF,3,R,R-NAR032119002,15,12,1.4868912547136632,1.7370917733959592
NAR032119002,NAR,CJF_3,CJF,3,R,R-NAR032119002,15,13,1.580982489731233,1.7370917733959592
NAR032119002,NAR,CJF_3,CJF,3,R,R-NAR032119002,15,14,1.6563215351211145,1.7370917733959592
NAR032119002,NAR,CJF_3,CJF,3,R,R-NAR032119002,15,15,1.7370917733959592,1.7370917733959592
NAR032119002,NAR,JRS_1,JRS,1,R,R-NAR032119002,14,1,0.22980038386310928,1.2937003264319142
NAR032119002,NAR,JRS_1,JRS,1,R,R-NAR032119002,14,2,0.3277715990832427,1.2937003264319142
NAR032119002,NAR,JRS_1,JRS,1,R,R-NAR032119002,14,3,0.46531180221180996,1.2937003264319142
NAR032119002,NAR,JRS_1,JRS,1,R,R-NAR032119002,14,4,0.5318153729919499,1.2937003264319142
NAR032119002,NAR,JRS_1,JRS,1,R,R-NAR032119002,14,5,0.6117049352277925,1.2937003264319142
NAR032119002,NAR,JRS_1,JRS,1,R,R-NAR032119002,14,6,0.7002342341018585,1.2937003264319142
NAR032119002,NAR,JRS_1,JRS,1,R,R-NAR032119002,14,7,0.780017199713116,1.2937003264319142
NAR032119002,NAR,JRS_1,JRS,1,R,R-NAR032119002,14,8,0.8508406388123624,1.2937003264319142
NAR032119002,NAR,JRS_1,JRS,1,R,R-NAR032119002,14,9,0.9171310163433323,1.2937003264319142
NAR032119002,NAR,JRS_1,JRS,1,R,R-NAR032119002,14,10,0.9924875170108876,1.2937003264319142
NAR032119002,NAR,JRS_1,JRS,1,R,R-NAR032119002,14,11,1.0634175527347298,1.2937003264319142
NAR032119002,NAR,JRS_1,JRS,1,R,R-NAR032119002,14,12,1.1430939217214022,1.2937003264319142
NAR032119002,NAR,JRS_1,JRS,1,R,R-NAR032119002,14,13,1.1873585711584353,1.2937003264319142
NAR032119002,NAR,JRS_1,JRS,1,R,R-NAR032119002,14,14,1.2451158086757559,1.2937003264319142
NAR032119003,NAR,CJF_1,CJF,1,R,R-NAR032119003,9,1,0.3899146354608712,1.119450862648209
NAR032119003,NAR,CJF_1,CJF,1,R,R-NAR032119003,9,2,0.5548615358006371,1.119450862648209
NAR032119003,NAR,CJF_1,CJF,1,R,R-NAR032119003,9,3,0.6585483711323912,1.119450862648209
NAR032119003,NAR,CJF_1,CJF,1,R,R-NAR032119003,9,4,0.7438167700529391,1.119450862648209
NAR032119003,NAR,CJF_1,CJF,1,R,R-NAR032119003,9,5,0.8216337538358874,1.119450862648209
NAR032119003,NAR,CJF_1,CJF,1,R,R-NAR032119003,9,6,0.8996581667553682,1.119450862648209
NAR032119003,NAR,CJF_1,CJF,1,R,R-NAR032119003,9,7,0.954089104035378,1.119450862648209
NAR032119003,NAR,CJF_1,CJF,1,R,R-NAR032119003,9,8,1.031698658681794,1.119450862648209
NAR032119003,NAR,CJF_1,CJF,1,R,R-NAR032119003,9,9,1.119450862648209,1.119450862648209
NAR032119003,NAR,CJF_2,CJF,2,R,R-NAR032119003,9,1,0.4677937472503896,1.1517488789011756
NAR032119003,NAR,CJF_2,CJF,2,R,R-NAR032119003,9,2,0.5910926783184021,1.1517488789011756
NAR032119003,NAR,CJF_2,CJF,2,R,R-NAR032119003,9,3,0.7176541396464033,1.1517488789011756
NAR032119003,NAR,CJF_2,CJF,2,R,R-NAR032119003,9,4,0.7929947925208005,1.1517488789011756
NAR032119003,NAR,CJF_2,CJF,2,R,R-NAR032119003,9,5,0.8855028517623887,1.1517488789011756
NAR032119003,NAR,CJF_2,CJF,2,R,R-NAR032119003,9,6,0.9611978987275817,1.1517488789011756
NAR032119003,NAR,CJF_2,CJF,2,R,R-NAR032119003,9,7,1.0204343275071746,1.1517488789011756
NAR032119003,NAR,CJF_2,CJF,2,R,R-NAR032119003,9,8,1.0837150581711756,1.1517488789011756
NAR032119003,NAR,CJF_2,CJF,2,R,R-NAR032119003,9,9,1.1517488789011756,1.1517488789011756
NAR032119003,NAR,CJF_3,CJF,3,R,R-NAR032119003,9,1,0.4172299444219696,1.1587245803698993
NAR032119003,NAR,CJF_3,CJF,3,R,R-NAR032119003,9,2,0.5935580432299573,1.1587245803698993
NAR032119003,NAR,CJF_3,CJF,3,R,R-NAR032119003,9,3,0.7151919454573653,1.1587245803698993
NAR032119003,NAR,CJF_3,CJF,3,R,R-NAR032119003,9,4,0.7938690642279058,1.1587245803698993
NAR032119003,NAR,CJF_3,CJF,3,R,R-NAR032119003,9,5,0.8773704817605764,1.1587245803698993
NAR032119003,NAR,CJF_3,CJF,3,R,R-NAR032119003,9,6,0.9440792347062515,1.1587245803698993
NAR032119003,NAR,CJF_3,CJF,3,R,R-NAR032119003,9,7,1.0155660958738264,1.1587245803698993
NAR032119003,NAR,CJF_3,CJF,3,R,R-NAR032119003,9,8,1.082367229899963,1.1587245803698993
NAR032119003,NAR,CJF_3,CJF,3,R,R-NAR032119003,9,9,1.1587245803698993,1.1587245803698993
NAR032119003,NAR,JRS_1,JRS,1,R,R-NAR032119003,8,1,0.40959337472885693,1.1284851561854212
NAR032119003,NAR,JRS_1,JRS,1,R,R-NAR032119003,8,2,0.5773149701359487,1.1284851561854212
NAR032119003,NAR,JRS_1,JRS,1,R,R-NAR032119003,8,3,0.6836417020780342,1.1284851561854212
NAR032119003,NAR,JRS_1,JRS,1,R,R-NAR032119003,8,4,0.7739666340773876,1.1284851561854212
NAR032119003,NAR,JRS_1,JRS,1,R,R-NAR032119003,8,5,0.8609874372030255,1.1284851561854212
NAR032119003,NAR,JRS_1,JRS,1,R,R-NAR032119003,8,6,0.9287023115122155,1.1284851561854212
NAR032119003,NAR,JRS_1,JRS,1,R,R-NAR032119003,8,7,0.9899242268352736,1.1284851561854212
NAR032119003,NAR,JRS_1,JRS,1,R,R-NAR032119003,8,8,1.054392621651398,1.1284851561854212
NAR032119004,NAR,CJF_1,CJF,1,R,R-NAR032119004,9,1,0.45770976730812235,1.3816143221919266
NAR032119004,NAR,CJF_1,CJF,1,R,R-NAR032119004,9,2,0.6676805412055197,1.3816143221919266
NAR032119004,NAR,CJF_1,CJF,1,R,R-NAR032119004,9,3,0.7657831942013796,1.3816143221919266
NAR032119004,NAR,CJF_1,CJF,1,R,R-NAR032119004,9,4,0.8979759053871712,1.3816143221919266
NAR032119004,NAR,CJF_1,CJF,1,R,R-NAR032119004,9,5,0.9687133712479542,1.3816143221919266
NAR032119004,NAR,CJF_1,CJF,1,R,R-NAR032119004,9,6,1.0730594208264235,1.3816143221919266
NAR032119004,NAR,CJF_1,CJF,1,R,R-NAR032119004,9,7,1.1740430348774646,1.3816143221919266
NAR032119004,NAR,CJF_1,CJF,1,R,R-NAR032119004,9,8,1.2459013125807235,1.3816143221919266
NAR032119004,NAR,CJF_1,CJF,1,R,R-NAR032119004,9,9,1.3816143221919266,1.3816143221919266
NAR032119004,NAR,CJF_2,CJF,2,R,R-NAR032119004,10,1,0.4414192548459002,1.3830726721129492
NAR032119004,NAR,CJF_2,CJF,2,R,R-NAR032119004,10,2,0.6690212755235136,1.3830726721129492
NAR032119004,NAR,CJF_2,CJF,2,R,R-NAR032119004,10,3,0.7851197502805414,1.3830726721129492
NAR032119004,NAR,CJF_2,CJF,2,R,R-NAR032119004,10,4,0.8857486010330129,1.3830726721129492
NAR032119004,NAR,CJF_2,CJF,2,R,R-NAR032119004,10,5,0.9817825229490431,1.3830726721129492
NAR032119004,NAR,CJF_2,CJF,2,R,R-NAR032119004,10,6,1.1007910890472816,1.3830726721129492
NAR032119004,NAR,CJF_2,CJF,2,R,R-NAR032119004,10,7,1.183499808103235,1.3830726721129492
NAR032119004,NAR,CJF_2,CJF,2,R,R-NAR032119004,10,8,1.2657489435099398,1.3830726721129492
NAR032119004,NAR,CJF_2,CJF,2,R,R-NAR032119004,10,9,1.3371233837485306,1.3830726721129492
NAR032119004,NAR,CJF_2,CJF,2,R,R-NAR032119004,10,10,1.3830726721129492,1.3830726721129492
NAR032119004,NAR,CJF_3,CJF,3,R,R-NAR032119004,9,1,0.41734573807904035,1.3266073841517316
NAR032119004,NAR,CJF_3,CJF,3,R,R-NAR032119004,9,2,0.6124174713414832,1.3266073841517316
NAR032119004,NAR,CJF_3,CJF,3,R,R-NAR032119004,9,3,0.7236875450079413,1.3266073841517316
NAR032119004,NAR,CJF_3,CJF,3,R,R-NAR032119004,9,4,0.8397994184887353,1.3266073841517316
NAR032119004,NAR,CJF_3,CJF,3,R,R-NAR032119004,9,5,0.9471719997781229,1.3266073841517316
NAR032119004,NAR,CJF_3,CJF,3,R,R-NAR032119004,9,6,1.0465235413397205,1.3266073841517316
NAR032119004,NAR,CJF_3,CJF,3,R,R-NAR032119004,9,7,1.1441724354577658,1.3266073841517316
NAR032119004,NAR,CJF_3,CJF,3,R,R-NAR032119004,9,8,1.2163217054652087,1.3266073841517316
NAR032119004,NAR,CJF_3,CJF,3,R,R-NAR032119004,9,9,1.3266073841517316,1.3266073841517316
NAR032119004,NAR,JRS_1,JRS,1,R,R-NAR032119004,10,1,0.30330755328161846,1.34099555591384
NAR032119004,NAR,JRS_1,JRS,1,R,R-NAR032119004,10,2,0.42418585287045785,1.34099555591384
NAR032119004,NAR,JRS_1,JRS,1,R,R-NAR032119004,10,3,0.5450641524592973,1.34099555591384
NAR032119004,NAR,JRS_1,JRS,1,R,R-NAR032119004,10,4,0.652570966552209,1.34099555591384
NAR032119004,NAR,JRS_1,JRS,1,R,R-NAR032119004,10,5,0.7757269290954406,1.34099555591384
NAR032119004,NAR,JRS_1,JRS,1,R,R-NAR032119004,10,6,0.8881376156629157,1.34099555591384
NAR032119004,NAR,JRS_1,JRS,1,R,R-NAR032119004,10,7,0.9793522425093051,1.34099555591384
NAR032119004,NAR,JRS_1,JRS,1,R,R-NAR032119004,10,8,1.0699238305594898,1.34099555591384
NAR032119004,NAR,JRS_1,JRS,1,R,R-NAR032119004,10,9,1.1650507445184592,1.34099555591384
NAR032119004,NAR,JRS_1,JRS,1,R,R-NAR032119004,10,10,1.2520585920218428,1.34099555591384
NAR032119005,NAR,CJF_1,CJF,1,R,R-NAR032119005,6,1,0.4873162004720261,1.1718590039717267
NAR032119005,NAR,CJF_1,CJF,1,R,R-NAR032119005,6,2,0.6983157578850996,1.1718590039717267
NAR032119005,NAR,CJF_1,CJF,1,R,R-NAR032119005,6,3,0.8683807565605662,1.1718590039717267
NAR032119005,NAR,CJF_1,CJF,1,R,R-NAR032119005,6,4,0.9810371242464592,1.1718590039717267
NAR032119005,NAR,CJF_1,CJF,1,R,R-NAR032119005,6,5,1.0958154064369277,1.1718590039717267
NAR032119005,NAR,CJF_1,CJF,1,R,R-NAR032119005,6,6,1.1718590039717267,1.1718590039717267
NAR032119005,NAR,CJF_2,CJF,2,R,R-NAR032119005,6,1,0.4758865273313148,1.1618764389792773
NAR032119005,NAR,CJF_2,CJF,2,R,R-NAR032119005,6,2,0.7002904870595703,1.1618764389792773
NAR032119005,NAR,CJF_2,CJF,2,R,R-NAR032119005,6,3,0.8577276148857084,1.1618764389792773
NAR032119005,NAR,CJF_2,CJF,2,R,R-NAR032119005,6,4,0.969921698827507,1.1618764389792773
NAR032119005,NAR,CJF_2,CJF,2,R,R-NAR032119005,6,5,1.0791496560957692,1.1618764389792773
NAR032119005,NAR,CJF_2,CJF,2,R,R-NAR032119005,6,6,1.1618764389792773,1.1618764389792773
NAR032119005,NAR,CJF_3,CJF,3,R,R-NAR032119005,6,1,0.47274952492049394,1.148824849103293
NAR032119005,NAR,CJF_3,CJF,3,R,R-NAR032119005,6,2,0.6580181918286852,1.148824849103293
NAR032119005,NAR,CJF_3,CJF,3,R,R-NAR032119005,6,3,0.8375098429885294,1.148824849103293
NAR032119005,NAR,CJF_3,CJF,3,R,R-NAR032119005,6,4,0.9629184939040867,1.148824849103293
NAR032119005,NAR,CJF_3,CJF,3,R,R-NAR032119005,6,5,1.067788745554921,1.148824849103293
NAR032119005,NAR,CJF_3,CJF,3,R,R-NAR032119005,6,6,1.148824849103293,1.148824849103293
NAR032119005,NAR,JRS_1,JRS,1,R,R-NAR032119005,5,1,0.4700358456440762,1.169839700883229
NAR032119005,NAR,JRS_1,JRS,1,R,R-NAR032119005,5,2,0.6883638326321253,1.169839700883229
NAR032119005,NAR,JRS_1,JRS,1,R,R-NAR032119005,5,3,0.8526348141958582,1.169839700883229
NAR032119005,NAR,JRS_1,JRS,1,R,R-NAR032119005,5,4,0.9813230126338957,1.169839700883229
NAR032119005,NAR,JRS_1,JRS,1,R,R-NAR032119005,5,5,1.0794656085139775,1.169839700883229
NAR032119006,NAR,CJF_1,CJF,1,R,R-NAR032119006,8,1,0.486388363186417,1.2888711581833439
NAR032119006,NAR,CJF_1,CJF,1,R,R-NAR032119006,8,2,0.6978968273274246,1.2888711581833439
NAR032119006,NAR,CJF_1,CJF,1,R,R-NAR032119006,8,3,0.820316455825569,1.2888711581833439
NAR032119006,NAR,CJF_1,CJF,1,R,R-NAR032119006,8,4,0.9411307431708066,1.2888711581833439
NAR032119006,NAR,CJF_1,CJF,1,R,R-NAR032119006,8,5,1.027724113010974,1.2888711581833439
NAR032119006,NAR,CJF_1,CJF,1,R,R-NAR032119006,8,6,1.1306252710272235,1.2888711581833439
NAR032119006,NAR,CJF_1,CJF,1,R,R-NAR032119006,8,7,1.220111449171818,1.2888711581833439
NAR032119006,NAR,CJF_1,CJF,1,R,R-NAR032119006,8,8,1.2888711581833439,1.2888711581833439
NAR032119006,NAR,CJF_2,CJF,2,R,R-NAR032119006,8,1,0.5136378117887934,1.3137299256049235
NAR032119006,NAR,CJF_2,CJF,2,R,R-NAR032119006,8,2,0.7288624756297875,1.3137299256049235
NAR032119006,NAR,CJF_2,CJF,2,R,R-NAR032119006,8,3,0.8297929396161234,1.3137299256049235
NAR032119006,NAR,CJF_2,CJF,2,R,R-NAR032119006,8,4,0.9441198543043086,1.3137299256049235
NAR032119006,NAR,CJF_2,CJF,2,R,R-NAR032119006,8,5,1.0450503182906454,1.3137299256049235
NAR032119006,NAR,CJF_2,CJF,2,R,R-NAR032119006,8,6,1.1282060875639242,1.3137299256049235
NAR032119006,NAR,CJF_2,CJF,2,R,R-NAR032119006,8,7,1.243970607033494,1.3137299256049235
NAR032119006,NAR,CJF_2,CJF,2,R,R-NAR032119006,8,8,1.3137299256049235,1.3137299256049235
NAR032119006,NAR,CJF_3,CJF,3,R,R-NAR032119006,6,1,0.48541447911541735,1.2764430084074019
NAR032119006,NAR,CJF_3,CJF,3,R,R-NAR032119006,6,2,0.7910285292919854,1.2764430084074019
NAR032119006,NAR,CJF_3,CJF,3,R,R-NAR032119006,6,3,0.9932835897771694,1.2764430084074019
NAR032119006,NAR,CJF_3,CJF,3,R,R-NAR032119006,6,4,1.1056617753026678,1.2764430084074019
NAR032119006,NAR,CJF_3,CJF,3,R,R-NAR032119006,6,5,1.192532251650983,1.2764430084074019
NAR032119006,NAR,CJF_3,CJF,3,R,R-NAR032119006,6,6,1.2764430084074019,1.2764430084074019
NAR032119006,NAR,JRS_1,JRS,1,R,R-NAR032119006,9,1,0.37394987965935633,1.3148732915967387
NAR032119006,NAR,JRS_1,JRS,1,R,R-NAR032119006,9,2,0.5418614114263106,1.3148732915967387
NAR032119006,NAR,JRS_1,JRS,1,R,R-NAR032119006,9,3,0.6744411660383776,1.3148732915967387
NAR032119006,NAR,JRS_1,JRS,1,R,R-NAR032119006,9,4,0.7554739422721394,1.3148732915967387
NAR032119006,NAR,JRS_1,JRS,1,R,R-NAR032119006,9,5,0.8323889428604706,1.3148732915967387
NAR032119006,NAR,JRS_1,JRS,1,R,R-NAR032119006,9,6,0.9422461486122561,1.3148732915967387
NAR032119006,NAR,JRS_1,JRS,1,R,R-NAR032119006,9,7,1.052508821343166,1.3148732915967387
NAR032119006,NAR,JRS_1,JRS,1,R,R-NAR032119006,9,8,1.1575868831120824,1.3148732915967387
NAR032119006,NAR,JRS_1,JRS,1,R,R-NAR032119006,9,9,1.2451270069827116,1.3148732915967387
NAR032119007,NAR,CJF_1,CJF,1,R,R-NAR032119007,8,1,0.37868778505172745,1.058537317683925
NAR032119007,NAR,CJF_1,CJF,1,R,R-NAR032119007,8,2,0.5455170903093338,1.058537317683925
NAR032119007,NAR,CJF_1,CJF,1,R,R-NAR032119007,8,3,0.6391027889262926,1.058537317683925
NAR032119007,NAR,CJF_1,CJF,1,R,R-NAR032119007,8,4,0.7366559374838025,1.058537317683925
NAR032119007,NAR,CJF_1,CJF,1,R,R-NAR032119007,8,5,0.8138669940650018,1.058537317683925
NAR032119007,NAR,CJF_1,CJF,1,R,R-NAR032119007,8,6,0.8828281698750391,1.058537317683925
NAR032119007,NAR,CJF_1,CJF,1,R,R-NAR032119007,8,7,0.9669040641606004,1.058537317683925
NAR032119007,NAR,CJF_1,CJF,1,R,R-NAR032119007,8,8,1.058537317683925,1.058537317683925
NAR032119007,NAR,CJF_2,CJF,2,R,R-NAR032119007,8,1,0.3994518402204171,1.0622884546600564
NAR032119007,NAR,CJF_2,CJF,2,R,R-NAR032119007,8,2,0.5631244887362138,1.0622884546600564
NAR032119007,NAR,CJF_2,CJF,2,R,R-NAR032119007,8,3,0.652176527304245,1.0622884546600564
NAR032119007,NAR,CJF_2,CJF,2,R,R-NAR032119007,8,4,0.744446687170021,1.0622884546600564
NAR032119007,NAR,CJF_2,CJF,2,R,R-NAR032119007,8,5,0.8276658205492743,1.0622884546600564
NAR032119007,NAR,CJF_2,CJF,2,R,R-NAR032119007,8,6,0.9307469019021236,1.0622884546600564
NAR032119007,NAR,CJF_2,CJF,2,R,R-NAR032119007,8,7,1.0002386611999157,1.0622884546600564
NAR032119007,NAR,CJF_2,CJF,2,R,R-NAR032119007,8,8,1.0622884546600564,1.0622884546600564
NAR032119007,NAR,CJF_3,CJF,3,R,R-NAR032119007,8,1,0.39298244553504474,1.0711330683283116
NAR032119007,NAR,CJF_3,CJF,3,R,R-NAR032119007,8,2,0.5552960564526976,1.0711330683283116
NAR032119007,NAR,CJF_3,CJF,3,R,R-NAR032119007,8,3,0.6569478767515107,1.0711330683283116
NAR032119007,NAR,CJF_3,CJF,3,R,R-NAR032119007,8,4,0.7449748613901164,1.0711330683283116
NAR032119007,NAR,CJF_3,CJF,3,R,R-NAR032119007,8,5,0.8178075176991744,1.0711330683283116
NAR032119007,NAR,CJF_3,CJF,3,R,R-NAR032119007,8,6,0.9088194574106587,1.0711330683283116
NAR032119007,NAR,CJF_3,CJF,3,R,R-NAR032119007,8,7,0.9922534867405949,1.0711330683283116
NAR032119007,NAR,CJF_3,CJF,3,R,R-NAR032119007,8,8,1.0711330683283116,1.0711330683283116
NAR032119007,NAR,JRS_1,JRS,1,R,R-NAR032119007,7,1,0.4323642813964768,1.1066713350139992
NAR032119007,NAR,JRS_1,JRS,1,R,R-NAR032119007,7,2,0.5887291800795514,1.1066713350139992
NAR032119007,NAR,JRS_1,JRS,1,R,R-NAR032119007,7,3,0.697175034809504,1.1066713350139992
NAR032119007,NAR,JRS_1,JRS,1,R,R-NAR032119007,7,4,0.7747845261166728,1.1066713350139992
NAR032119007,NAR,JRS_1,JRS,1,R,R-NAR032119007,7,5,0.8629274532467112,1.1066713350139992
NAR032119007,NAR,JRS_1,JRS,1,R,R-NAR032119007,7,6,0.9333325063689033,1.1066713350139992
NAR032119007,NAR,JRS_1,JRS,1,R,R-NAR032119007,7,7,1.0189103799068726,1.1066713350139992
NAR032119008,NAR,CJF_1,CJF,1,R,R-NAR032119008,6,1,0.376740932678633,0.9783680614172773
NAR032119008,NAR,CJF_1,CJF,1,R,R-NAR032119008,6,2,0.5367861128624171,0.9783680614172773
NAR032119008,NAR,CJF_1,CJF,1,R,R-NAR032119008,6,3,0.6778177614904931,0.9783680614172773
NAR032119008,NAR,CJF_1,CJF,1,R,R-NAR032119008,6,4,0.7911189061126215,0.9783680614172773
NAR032119008,NAR,CJF_1,CJF,1,R,R-NAR032119008,6,5,0.9015143932513368,0.9783680614172773
NAR032119008,NAR,CJF_1,CJF,1,R,R-NAR032119008,6,6,0.9783680614172773,0.9783680614172773
NAR032119008,NAR,CJF_2,CJF,2,R,R-NAR032119008,6,1,0.418939076862802,1.0055881097662016
NAR032119008,NAR,CJF_2,CJF,2,R,R-NAR032119008,6,2,0.5837035577946198,1.0055881097662016
NAR032119008,NAR,CJF_2,CJF,2,R,R-NAR032119008,6,3,0.7075287784225022,1.0055881097662016
NAR032119008,NAR,CJF_2,CJF,2,R,R-NAR032119008,6,4,0.8329946432241182,1.0055881097662016
NAR032119008,NAR,CJF_2,CJF,2,R,R-NAR032119008,6,5,0.9348582851357823,1.0055881097662016
NAR032119008,NAR,CJF_2,CJF,2,R,R-NAR032119008,6,6,1.0055881097662016,1.0055881097662016
NAR032119008,NAR,CJF_3,CJF,3,R,R-NAR032119008,6,1,0.4351231440546058,1.0514352122279398
NAR032119008,NAR,CJF_3,CJF,3,R,R-NAR032119008,6,2,0.6106674931225646,1.0514352122279398
NAR032119008,NAR,CJF_3,CJF,3,R,R-NAR032119008,6,3,0.7337254711472257,1.0514352122279398
NAR032119008,NAR,CJF_3,CJF,3,R,R-NAR032119008,6,4,0.8406584281493614,1.0514352122279398
NAR032119008,NAR,CJF_3,CJF,3,R,R-NAR032119008,6,5,0.9607340132084525,1.0514352122279398
NAR032119008,NAR,CJF_3,CJF,3,R,R-NAR032119008,6,6,1.0514352122279398,1.0514352122279398
NAR032119008,NAR,JRS_1,JRS,1,R,R-NAR032119008,5,1,0.46389289795004734,0.994078974593803
NAR032119008,NAR,JRS_1,JRS,1,R,R-NAR032119008,5,2,0.5889443005974383,0.994078974593803
NAR032119008,NAR,JRS_1,JRS,1,R,R-NAR032119008,5,3,0.7214509815318995,0.994078974593803
NAR032119008,NAR,JRS_1,JRS,1,R,R-NAR032119008,5,4,0.8139571489097861,0.994078974593803
NAR032119008,NAR,JRS_1,JRS,1,R,R-NAR032119008,5,5,0.9102307936576861,0.994078974593803
NAR032119009,NAR,CJF_1,CJF,1,R,R-NAR032119009,11,1,0.40250488845049825,1.5505415434793954
NAR032119009,NAR,CJF_1,CJF,1,R,R-NAR032119009,11,2,0.6520666373137386,1.5505415434793954
NAR032119009,NAR,CJF_1,CJF,1,R,R-NAR032119009,11,3,0.8112088659724903,1.5505415434793954
NAR032119009,NAR,CJF_1,CJF,1,R,R-NAR032119009,11,4,0.9508457591158657,1.5505415434793954
NAR032119009,NAR,CJF_1,CJF,1,R,R-NAR032119009,11,5,1.0531285200995295,1.5505415434793954
NAR032119009,NAR,CJF_1,CJF,1,R,R-NAR032119009,11,6,1.116881611940677,1.5505415434793954
NAR032119009,NAR,CJF_1,CJF,1,R,R-NAR032119009,11,7,1.205858126480457,1.5505415434793954
NAR032119009,NAR,CJF_1,CJF,1,R,R-NAR032119009,11,8,1.3097974263351593,1.5505415434793954
NAR032119009,NAR,CJF_1,CJF,1,R,R-NAR032119009,11,9,1.3944988593563905,1.5505415434793954
NAR032119009,NAR,CJF_1,CJF,1,R,R-NAR032119009,11,10,1.484169908990737,1.5505415434793954
NAR032119009,NAR,CJF_1,CJF,1,R,R-NAR032119009,11,11,1.5505415434793954,1.5505415434793954
NAR032119009,NAR,CJF_2,CJF,2,R,R-NAR032119009,11,1,0.5286069851630244,1.573708427770585
NAR032119009,NAR,CJF_2,CJF,2,R,R-NAR032119009,11,2,0.6912031670433737,1.573708427770585
NAR032119009,NAR,CJF_2,CJF,2,R,R-NAR032119009,11,3,0.8422026644626424,1.573708427770585
NAR032119009,NAR,CJF_2,CJF,2,R,R-NAR032119009,11,4,0.9519487455776029,1.573708427770585
NAR032119009,NAR,CJF_2,CJF,2,R,R-NAR032119009,11,5,1.0458347742561345,1.573708427770585
NAR032119009,NAR,CJF_2,CJF,2,R,R-NAR032119009,11,6,1.1286399617309928,1.573708427770585
NAR032119009,NAR,CJF_2,CJF,2,R,R-NAR032119009,11,7,1.2156276507061243,1.573708427770585
NAR032119009,NAR,CJF_2,CJF,2,R,R-NAR032119009,11,8,1.3114961859392098,1.573708427770585
NAR032119009,NAR,CJF_2,CJF,2,R,R-NAR032119009,11,9,1.3918030236021075,1.573708427770585
NAR032119009,NAR,CJF_2,CJF,2,R,R-NAR032119009,11,10,1.4968507599593879,1.573708427770585
NAR032119009,NAR,CJF_2,CJF,2,R,R-NAR032119009,11,11,1.573708427770585,1.573708427770585
NAR032119009,NAR,CJF_3,CJF,3,R,R-NAR032119009,11,1,0.40066270121850023,1.5158098585717865
NAR032119009,NAR,CJF_3,CJF,3,R,R-NAR032119009,11,2,0.62618797343015,1.5158098585717865
NAR032119009,NAR,CJF_3,CJF,3,R,R-NAR032119009,11,3,0.7851269995127148,1.5158098585717865
NAR032119009,NAR,CJF_3,CJF,3,R,R-NAR032119009,11,4,0.9024917590182924,1.5158098585717865
NAR032119009,NAR,CJF_3,CJF,3,R,R-NAR032119009,11,5,0.9827024332963301,1.5158098585717865
NAR032119009,NAR,CJF_3,CJF,3,R,R-NAR032119009,11,6,1.0687888253262436,1.5158098585717865
NAR032119009,NAR,CJF_3,CJF,3,R,R-NAR032119009,11,7,1.1592953987056065,1.5158098585717865
NAR032119009,NAR,CJF_3,CJF,3,R,R-NAR032119009,11,8,1.2670920273110722,1.5158098585717865
NAR032119009,NAR,CJF_3,CJF,3,R,R-NAR032119009,11,9,1.343246404340268,1.5158098585717865
NAR032119009,NAR,CJF_3,CJF,3,R,R-NAR032119009,11,10,1.425667169293031,1.5158098585717865
NAR032119009,NAR,CJF_3,CJF,3,R,R-NAR032119009,11,11,1.5158098585717865,1.5158098585717865
NAR032119009,NAR,JRS_1,JRS,1,R,R-NAR032119009,9,1,0.6562957043565367,1.6314709244896222
NAR032119009,NAR,JRS_1,JRS,1,R,R-NAR032119009,9,2,0.8728397879761304,1.6314709244896222
NAR032119009,NAR,JRS_1,JRS,1,R,R-NAR032119009,9,3,1.0074306555963155,1.6314709244896222
NAR032119009,NAR,JRS_1,JRS,1,R,R-NAR032119009,9,4,1.0986440840712084,1.6314709244896222
NAR032119009,NAR,JRS_1,JRS,1,R,R-NAR032119009,9,5,1.1750281743033502,1.6314709244896222
NAR032119009,NAR,JRS_1,JRS,1,R,R-NAR032119009,9,6,1.271435120733699,1.6314709244896222
NAR032119009,NAR,JRS_1,JRS,1,R,R-NAR032119009,9,7,1.3637591247915508,1.6314709244896222
NAR032119009,NAR,JRS_1,JRS,1,R,R-NAR032119009,9,8,1.4486684597280282,1.6314709244896222
NAR032119009,NAR,JRS_1,JRS,1,R,R-NAR032119009,9,9,1.5550868342574804,1.6314709244896222
NAR032119010,NAR,CJF_1,CJF,1,R,R-NAR032119010,3,1,0.4046190753688909,0.8772916969969008
NAR032119010,NAR,CJF_1,CJF,1,R,R-NAR032119010,3,2,0.678307788712252,0.8772916969969008
NAR032119010,NAR,CJF_1,CJF,1,R,R-NAR032119010,3,3,0.8772916969969008,0.8772916969969008
NAR032119010,NAR,CJF_2,CJF,2,R,R-NAR032119010,3,1,0.3869884939864256,0.8838927603596813
NAR032119010,NAR,CJF_2,CJF,2,R,R-NAR032119010,3,2,0.6457078539808094,0.8838927603596813
NAR032119010,NAR,CJF_2,CJF,2,R,R-NAR032119010,3,3,0.8838927603596813,0.8838927603596813
NAR032119010,NAR,CJF_3,CJF,3,R,R-NAR032119010,4,1,0.23702161391925244,0.8373002422582672
NAR032119010,NAR,CJF_3,CJF,3,R,R-NAR032119010,4,2,0.619326273971267,0.8373002422582672
NAR032119010,NAR,CJF_3,CJF,3,R,R-NAR032119010,4,3,0.7473609037470207,0.8373002422582672
NAR032119010,NAR,CJF_3,CJF,3,R,R-NAR032119010,4,4,0.8373002422582672,0.8373002422582672
NAR032119010,NAR,JRS_1,JRS,1,R,R-NAR032119010,2,1,0.3060996562993856,0.7084058610585183
NAR032119010,NAR,JRS_1,JRS,1,R,R-NAR032119010,2,2,0.5270879729647446,0.7084058610585183
NAR032119011,NAR,CJF_1,CJF,1,R,R-NAR032119011,3,1,0.4894943835322609,0.8329061284930699
NAR032119011,NAR,CJF_1,CJF,1,R,R-NAR032119011,3,2,0.712260083492063,0.8329061284930699
NAR032119011,NAR,CJF_1,CJF,1,R,R-NAR032119011,3,3,0.8329061284930699,0.8329061284930699
NAR032119011,NAR,CJF_2,CJF,2,R,R-NAR032119011,3,1,0.5008782963861448,0.8282966911997985
NAR032119011,NAR,CJF_2,CJF,2,R,R-NAR032119011,3,2,0.7075324093060221,0.8282966911997985
NAR032119011,NAR,CJF_2,CJF,2,R,R-NAR032119011,3,3,0.8282966911997985,0.8282966911997985
NAR032119011,NAR,CJF_3,CJF,3,R,R-NAR032119011,3,1,0.5022421108151591,0.8165960976350751
NAR032119011,NAR,CJF_3,CJF,3,R,R-NAR032119011,3,2,0.6932586822654025,0.8165960976350751
NAR032119011,NAR,CJF_3,CJF,3,R,R-NAR032119011,3,3,0.8165960976350751,0.8165960976350751
NAR032119011,NAR,JRS_1,JRS,1,R,R-NAR032119011,2,1,0.29662913080836306,0.5224214542595051
NAR032119011,NAR,JRS_1,JRS,1,R,R-NAR032119011,2,2,0.29662913080836306,0.5224214542595051
NAR032119012,NAR,CJF_1,CJF,1,R,R-NAR032119012,9,1,0.48927703411287254,1.2632605364004927
NAR032119012,NAR,CJF_1,CJF,1,R,R-NAR032119012,9,2,0.6605326130888916,1.2632605364004927
NAR032119012,NAR,CJF_1,CJF,1,R,R-NAR032119012,9,3,0.7632859604745036,1.2632605364004927
NAR032119012,NAR,CJF_1,CJF,1,R,R-NAR032119012,9,4,0.8460579084801441,1.2632605364004927
NAR032119012,NAR,CJF_1,CJF,1,R,R-NAR032119012,9,5,0.9276454589494886,1.2632605364004927
NAR032119012,NAR,CJF_1,CJF,1,R,R-NAR032119012,9,6,1.0239802812472298,1.2632605364004927
NAR032119012,NAR,CJF_1,CJF,1,R,R-NAR032119012,9,7,1.0972390849760483,1.2632605364004927
NAR032119012,NAR,CJF_1,CJF,1,R,R-NAR032119012,9,8,1.1895241772585108,1.2632605364004927
NAR032119012,NAR,CJF_1,CJF,1,R,R-NAR032119012,9,9,1.2632605364004927,1.2632605364004927
NAR032119012,NAR,CJF_2,CJF,2,R,R-NAR032119012,9,1,0.42863670495761763,1.2133322466795597
NAR032119012,NAR,CJF_2,CJF,2,R,R-NAR032119012,9,2,0.6051844581129671,1.2133322466795597
NAR032119012,NAR,CJF_2,CJF,2,R,R-NAR032119012,9,3,0.7068897519302946,1.2133322466795597
NAR032119012,NAR,CJF_2,CJF,2,R,R-NAR032119012,9,4,0.8091973548581807,1.2133322466795597
NAR032119012,NAR,CJF_2,CJF,2,R,R-NAR032119012,9,5,0.8771855820735294,1.2133322466795597
NAR032119012,NAR,CJF_2,CJF,2,R,R-NAR032119012,9,6,0.9794931850014155,1.2133322466795597
NAR032119012,NAR,CJF_2,CJF,2,R,R-NAR032119012,9,7,1.075548864917186,1.2133322466795597
NAR032119012,NAR,CJF_2,CJF,2,R,R-NAR032119012,9,8,1.158450174599,1.2133322466795597
NAR032119012,NAR,CJF_2,CJF,2,R,R-NAR032119012,9,9,1.2133322466795597,1.2133322466795597
NAR032119012,NAR,CJF_3,CJF,3,R,R-NAR032119012,9,1,0.45488146490676357,1.2014512889233437
NAR032119012,NAR,CJF_3,CJF,3,R,R-NAR032119012,9,2,0.5866701507983524,1.2014512889233437
NAR032119012,NAR,CJF_3,CJF,3,R,R-NAR032119012,9,3,0.6849654255493565,1.2014512889233437
NAR032119012,NAR,CJF_3,CJF,3,R,R-NAR032119012,9,4,0.7992160368711474,1.2014512889233437
NAR032119012,NAR,CJF_3,CJF,3,R,R-NAR032119012,9,5,0.8751930339101519,1.2014512889233437
NAR032119012,NAR,CJF_3,CJF,3,R,R-NAR032119012,9,6,0.9761475314229533,1.2014512889233437
NAR032119012,NAR,CJF_3,CJF,3,R,R-NAR032119012,9,7,1.05639847836794,1.2014512889233437
NAR032119012,NAR,CJF_3,CJF,3,R,R-NAR032119012,9,8,1.1398149013109433,1.2014512889233437
NAR032119012,NAR,CJF_3,CJF,3,R,R-NAR032119012,9,9,1.2014512889233437,1.2014512889233437
NAR032119012,NAR,JRS_1,JRS,1,R,R-NAR032119012,7,1,0.5353069948500896,1.318055549665869
NAR032119012,NAR,JRS_1,JRS,1,R,R-NAR032119012,7,2,0.7241653337403512,1.318055549665869
NAR032119012,NAR,JRS_1,JRS,1,R,R-NAR032119012,7,3,0.8370329390680928,1.318055549665869
NAR032119012,NAR,JRS_1,JRS,1,R,R-NAR032119012,7,4,0.9105560064271022,1.318055549665869
NAR032119012,NAR,JRS_1,JRS,1,R,R-NAR032119012,7,5,1.002353758028545,1.318055549665869
NAR032119012,NAR,JRS_1,JRS,1,R,R-NAR032119012,7,6,1.0956551769692382,1.318055549665869
NAR032119012,NAR,JRS_1,JRS,1,R,R-NAR032119012,7,7,1.200889107515013,1.318055549665869
NAR032119013,NAR,CJF_1,CJF,1,R,R-NAR032119013,10,1,0.3676697022699671,1.2298654430724159
NAR032119013,NAR,CJF_1,CJF,1,R,R-NAR032119013,10,2,0.5356725827962827,1.2298654430724159
NAR032119013,NAR,CJF_1,CJF,1,R,R-NAR032119013,10,3,0.682026282919627,1.2298654430724159
NAR032119013,NAR,CJF_1,CJF,1,R,R-NAR032119013,10,4,0.7710351035899677,1.2298654430724159
NAR032119013,NAR,CJF_1,CJF,1,R,R-NAR032119013,10,5,0.8476999609811677,1.2298654430724159
NAR032119013,NAR,CJF_1,CJF,1,R,R-NAR032119013,10,6,0.9113942079963758,1.2298654430724159
NAR032119013,NAR,CJF_1,CJF,1,R,R-NAR032119013,10,7,0.9926229809881744,1.2298654430724159
NAR032119013,NAR,CJF_1,CJF,1,R,R-NAR032119013,10,8,1.063115856739805,1.2298654430724159
NAR032119013,NAR,CJF_1,CJF,1,R,R-NAR032119013,10,9,1.1337861184140687,1.2298654430724159
NAR032119013,NAR,CJF_1,CJF,1,R,R-NAR032119013,10,10,1.2298654430724159,1.2298654430724159
NAR032119013,NAR,CJF_2,CJF,2,R,R-NAR032119013,10,1,0.3913421840839124,1.2454672092767078
NAR032119013,NAR,CJF_2,CJF,2,R,R-NAR032119013,10,2,0.5708408296794588,1.2454672092767078
NAR032119013,NAR,CJF_2,CJF,2,R,R-NAR032119013,10,3,0.7257478852915321,1.2454672092767078
NAR032119013,NAR,CJF_2,CJF,2,R,R-NAR032119013,10,4,0.8235076007535225,1.2454672092767078
NAR032119013,NAR,CJF_2,CJF,2,R,R-NAR032119013,10,5,0.8770816116848833,1.2454672092767078
NAR032119013,NAR,CJF_2,CJF,2,R,R-NAR032119013,10,6,0.9439205804716492,1.2454672092767078
NAR032119013,NAR,CJF_2,CJF,2,R,R-NAR032119013,10,7,1.0347444947699855,1.2454672092767078
NAR032119013,NAR,CJF_2,CJF,2,R,R-NAR032119013,10,8,1.09801013433803,1.2454672092767078
NAR032119013,NAR,CJF_2,CJF,2,R,R-NAR032119013,10,9,1.1742374095255275,1.2454672092767078
NAR032119013,NAR,CJF_2,CJF,2,R,R-NAR032119013,10,10,1.2454672092767078,1.2454672092767078
NAR032119013,NAR,CJF_3,CJF,3,R,R-NAR032119013,10,1,0.3466423092751522,1.1740687310324895
NAR032119013,NAR,CJF_3,CJF,3,R,R-NAR032119013,10,2,0.5119709421443529,1.1740687310324895
NAR032119013,NAR,CJF_3,CJF,3,R,R-NAR032119013,10,3,0.6547193681207676,1.1740687310324895
NAR032119013,NAR,CJF_3,CJF,3,R,R-NAR032119013,10,4,0.7685148961437017,1.1740687310324895
NAR032119013,NAR,CJF_3,CJF,3,R,R-NAR032119013,10,5,0.8295491173183546,1.1740687310324895
NAR032119013,NAR,CJF_3,CJF,3,R,R-NAR032119013,10,6,0.8848826686959758,1.1740687310324895
NAR032119013,NAR,CJF_3,CJF,3,R,R-NAR032119013,10,7,0.9627964269663831,1.1740687310324895
NAR032119013,NAR,CJF_3,CJF,3,R,R-NAR032119013,10,8,1.0341150218807553,1.1740687310324895
NAR032119013,NAR,CJF_3,CJF,3,R,R-NAR032119013,10,9,1.1028613722657874,1.1740687310324895
NAR032119013,NAR,CJF_3,CJF,3,R,R-NAR032119013,10,10,1.1740687310324895,1.1740687310324895
NAR032119013,NAR,JRS_1,JRS,1,R,R-NAR032119013,10,1,0.30570958009790683,1.1521158260152653
NAR032119013,NAR,JRS_1,JRS,1,R,R-NAR032119013,10,2,0.42635562754314554,1.1521158260152653
NAR032119013,NAR,JRS_1,JRS,1,R,R-NAR032119013,10,3,0.5062090017894747,1.1521158260152653
NAR032119013,NAR,JRS_1,JRS,1,R,R-NAR032119013,10,4,0.6549769274360772,1.1521158260152653
NAR032119013,NAR,JRS_1,JRS,1,R,R-NAR032119013,10,5,0.7520589395324755,1.1521158260152653
NAR032119013,NAR,JRS_1,JRS,1,R,R-NAR032119013,10,6,0.8255313337852714,1.1521158260152653
NAR032119013,NAR,JRS_1,JRS,1,R,R-NAR032119013,10,7,0.8708818498367037,1.1521158260152653
NAR032119013,NAR,JRS_1,JRS,1,R,R-NAR032119013,10,8,0.9434578696839158,1.1521158260152653
NAR032119013,NAR,JRS_1,JRS,1,R,R-NAR032119013,10,9,1.0096832978674355,1.1521158260152653
NAR032119013,NAR,JRS_1,JRS,1,R,R-NAR032119013,10,10,1.0786282375975487,1.1521158260152653
NAR032119014,NAR,CJF_1,CJF,1,R,R-NAR032119014,11,1,0.34839350763301874,1.2694321507423456
NAR032119014,NAR,CJF_1,CJF,1,R,R-NAR032119014,11,2,0.5846732657484619,1.2694321507423456
NAR032119014,NAR,CJF_1,CJF,1,R,R-NAR032119014,11,3,0.7087427591137745,1.2694321507423456
NAR032119014,NAR,CJF_1,CJF,1,R,R-NAR032119014,11,4,0.8041956794305626,1.2694321507423456
NAR032119014,NAR,CJF_1,CJF,1,R,R-NAR032119014,11,5,0.8877169847077507,1.2694321507423456
NAR032119014,NAR,CJF_1,CJF,1,R,R-NAR032119014,11,6,0.9449260019966622,1.2694321507423456
NAR032119014,NAR,CJF_1,CJF,1,R,R-NAR032119014,11,7,1.0188923637189176,1.2694321507423456
NAR032119014,NAR,CJF_1,CJF,1,R,R-NAR032119014,11,8,1.0880571248555664,1.2694321507423456
NAR032119014,NAR,CJF_1,CJF,1,R,R-NAR032119014,11,9,1.1596468150931563,1.2694321507423456
NAR032119014,NAR,CJF_1,CJF,1,R,R-NAR032119014,11,10,1.2097740755443533,1.2694321507423456
NAR032119014,NAR,CJF_1,CJF,1,R,R-NAR032119014,11,11,1.2694321507423456,1.2694321507423456
NAR032119014,NAR,CJF_2,CJF,2,R,R-NAR032119014,11,1,0.37055012268504195,1.2873081853945336
NAR032119014,NAR,CJF_2,CJF,2,R,R-NAR032119014,11,2,0.603978751940821,1.2873081853945336
NAR032119014,NAR,CJF_2,CJF,2,R,R-NAR032119014,11,3,0.7387380268053645,1.2873081853945336
NAR032119014,NAR,CJF_2,CJF,2,R,R-NAR032119014,11,4,0.832548248271773,1.2873081853945336
NAR032119014,NAR,CJF_2,CJF,2,R,R-NAR032119014,11,5,0.907140818706379,1.2873081853945336
NAR032119014,NAR,CJF_2,CJF,2,R,R-NAR032119014,11,6,0.9648779566739024,1.2873081853945336
NAR032119014,NAR,CJF_2,CJF,2,R,R-NAR032119014,11,7,1.0442791491100654,1.2873081853945336
NAR032119014,NAR,CJF_2,CJF,2,R,R-NAR032119014,11,8,1.1020331240520127,1.2873081853945336
NAR032119014,NAR,CJF_2,CJF,2,R,R-NAR032119014,11,9,1.1718170724850627,1.2873081853945336
NAR032119014,NAR,CJF_2,CJF,2,R,R-NAR032119014,11,10,1.2440137504061028,1.2873081853945336
NAR032119014,NAR,CJF_2,CJF,2,R,R-NAR032119014,11,11,1.2873081853945336,1.2873081853945336
NAR032119014,NAR,CJF_3,CJF,3,R,R-NAR032119014,11,1,0.3747528533094872,1.2922755890479392
NAR032119014,NAR,CJF_3,CJF,3,R,R-NAR032119014,11,2,0.6146022346783824,1.2922755890479392
NAR032119014,NAR,CJF_3,CJF,3,R,R-NAR032119014,11,3,0.7418771544440248,1.2922755890479392
NAR032119014,NAR,CJF_3,CJF,3,R,R-NAR032119014,11,4,0.8382844897890911,1.2922755890479392
NAR032119014,NAR,CJF_3,CJF,3,R,R-NAR032119014,11,5,0.9104508297510134,1.2922755890479392
NAR032119014,NAR,CJF_3,CJF,3,R,R-NAR032119014,11,6,0.9702740135463597,1.2922755890479392
NAR032119014,NAR,CJF_3,CJF,3,R,R-NAR032119014,11,7,1.0517582322540324,1.2922755890479392
NAR032119014,NAR,CJF_3,CJF,3,R,R-NAR032119014,11,8,1.1167413369910133,1.2922755890479392
NAR032119014,NAR,CJF_3,CJF,3,R,R-NAR032119014,11,9,1.1743185480280482,1.2922755890479392
NAR032119014,NAR,CJF_3,CJF,3,R,R-NAR032119014,11,10,1.239412982002531,1.2922755890479392
NAR032119014,NAR,CJF_3,CJF,3,R,R-NAR032119014,11,11,1.2922755890479392,1.2922755890479392
NAR032119014,NAR,JRS_1,JRS,1,R,R-NAR032119014,10,1,0.3861754301749504,1.3022922647458333
NAR032119014,NAR,JRS_1,JRS,1,R,R-NAR032119014,10,2,0.6190346145100907,1.3022922647458333
NAR032119014,NAR,JRS_1,JRS,1,R,R-NAR032119014,10,3,0.7371625644346728,1.3022922647458333
NAR032119014,NAR,JRS_1,JRS,1,R,R-NAR032119014,10,4,0.8392027616816804,1.3022922647458333
NAR032119014,NAR,JRS_1,JRS,1,R,R-NAR032119014,10,5,0.9222703906756855,1.3022922647458333
NAR032119014,NAR,JRS_1,JRS,1,R,R-NAR032119014,10,6,0.992135082567541,1.3022922647458333
NAR032119014,NAR,JRS_1,JRS,1,R,R-NAR032119014,10,7,1.0563581182931938,1.3022922647458333
NAR032119014,NAR,JRS_1,JRS,1,R,R-NAR032119014,10,8,1.13263231625915,1.3022922647458333
NAR032119014,NAR,JRS_1,JRS,1,R,R-NAR032119014,10,9,1.1965994020155033,1.3022922647458333
NAR032119014,NAR,JRS_1,JRS,1,R,R-NAR032119014,10,10,1.2446067100789313,1.3022922647458333
NAR032218001,NAR,CJF_1,CJF,1,R,R-NAR032218001,10,1,0.43028921717821816,1.2302826431367864
NAR032218001,NAR,CJF_1,CJF,1,R,R-NAR032218001,10,2,0.6091779180097007,1.2302826431367864
NAR032218001,NAR,CJF_1,CJF,1,R,R-NAR032218001,10,3,0.7349664563380582,1.2302826431367864
NAR032218001,NAR,CJF_1,CJF,1,R,R-NAR032218001,10,4,0.8217551283321788,1.2302826431367864
NAR032218001,NAR,CJF_1,CJF,1,R,R-NAR032218001,10,5,0.8995783006906747,1.2302826431367864
NAR032218001,NAR,CJF_1,CJF,1,R,R-NAR032218001,10,6,0.9579898200370421,1.2302826431367864
NAR032218001,NAR,CJF_1,CJF,1,R,R-NAR032218001,10,7,1.0149206856425281,1.2302826431367864
NAR032218001,NAR,CJF_1,CJF,1,R,R-NAR032218001,10,8,1.0842130561757006,1.2302826431367864
NAR032218001,NAR,CJF_1,CJF,1,R,R-NAR032218001,10,9,1.1558554760703534,1.2302826431367864
NAR032218001,NAR,CJF_1,CJF,1,R,R-NAR032218001,10,10,1.2302826431367864,1.2302826431367864
NAR032218001,NAR,CJF_2,CJF,2,R,R-NAR032218001,10,1,0.3776508473963503,1.1930263235424348
NAR032218001,NAR,CJF_2,CJF,2,R,R-NAR032218001,10,2,0.5558476266549794,1.1930263235424348
NAR032218001,NAR,CJF_2,CJF,2,R,R-NAR032218001,10,3,0.6854293277376577,1.1930263235424348
NAR032218001,NAR,CJF_2,CJF,2,R,R-NAR032218001,10,4,0.7778546538218173,1.1930263235424348
NAR032218001,NAR,CJF_2,CJF,2,R,R-NAR032218001,10,5,0.8506828085026549,1.1930263235424348
NAR032218001,NAR,CJF_2,CJF,2,R,R-NAR032218001,10,6,0.9024425994705771,1.1930263235424348
NAR032218001,NAR,CJF_2,CJF,2,R,R-NAR032218001,10,7,0.9645543486320833,1.1930263235424348
NAR032218001,NAR,CJF_2,CJF,2,R,R-NAR032218001,10,8,1.0373825033129207,1.1930263235424348
NAR032218001,NAR,CJF_2,CJF,2,R,R-NAR032218001,10,9,1.123707328979315,1.1930263235424348
NAR032218001,NAR,CJF_2,CJF,2,R,R-NAR032218001,10,10,1.1930263235424348,1.1930263235424348
NAR032218001,NAR,CJF_3,CJF,3,R,R-NAR032218001,10,1,0.42421124539306554,1.250559026937678
NAR032218001,NAR,CJF_3,CJF,3,R,R-NAR032218001,10,2,0.6052523846986603,1.250559026937678
NAR032218001,NAR,CJF_3,CJF,3,R,R-NAR032218001,10,3,0.7355493923105544,1.250559026937678
NAR032218001,NAR,CJF_3,CJF,3,R,R-NAR032218001,10,4,0.849394447338863,1.250559026937678
NAR032218001,NAR,CJF_3,CJF,3,R,R-NAR032218001,10,5,0.9034707660809741,1.250559026937678
NAR032218001,NAR,CJF_3,CJF,3,R,R-NAR032218001,10,6,0.9702505329680492,1.250559026937678
NAR032218001,NAR,CJF_3,CJF,3,R,R-NAR032218001,10,7,1.0327958171401357,1.250559026937678
NAR032218001,NAR,CJF_3,CJF,3,R,R-NAR032218001,10,8,1.0906206403208683,1.250559026937678
NAR032218001,NAR,CJF_3,CJF,3,R,R-NAR032218001,10,9,1.1842652383269694,1.250559026937678
NAR032218001,NAR,CJF_3,CJF,3,R,R-NAR032218001,10,10,1.250559026937678,1.250559026937678
NAR032218001,NAR,JRS_1,JRS,1,R,R-NAR032218001,9,1,0.2983788419081705,1.1001512757472438
NAR032218001,NAR,JRS_1,JRS,1,R,R-NAR032218001,9,2,0.4678601396957422,1.1001512757472438
NAR032218001,NAR,JRS_1,JRS,1,R,R-NAR032218001,9,3,0.5869789577237441,1.1001512757472438
NAR032218001,NAR,JRS_1,JRS,1,R,R-NAR032218001,9,4,0.673716606623776,1.1001512757472438
NAR032218001,NAR,JRS_1,JRS,1,R,R-NAR032218001,9,5,0.7490993878776164,1.1001512757472438
NAR032218001,NAR,JRS_1,JRS,1,R,R-NAR032218001,9,6,0.8220643106725591,1.1001512757472438
NAR032218001,NAR,JRS_1,JRS,1,R,R-NAR032218001,9,7,0.8812565073624146,1.1001512757472438
NAR032218001,NAR,JRS_1,JRS,1,R,R-NAR032218001,9,8,0.952537996346753,1.1001512757472438
NAR032218001,NAR,JRS_1,JRS,1,R,R-NAR032218001,9,9,1.0311803529647923,1.1001512757472438
NAR032218002,NAR,CJF_1,CJF,1,R,R-NAR032218002,8,1,0.40645251952005823,1.225260999398229
NAR032218002,NAR,CJF_1,CJF,1,R,R-NAR032218002,8,2,0.6370624048577129,1.225260999398229
NAR032218002,NAR,CJF_1,CJF,1,R,R-NAR032218002,8,3,0.7695514953181973,1.225260999398229
NAR032218002,NAR,CJF_1,CJF,1,R,R-NAR032218002,8,4,0.84678186681996,1.225260999398229
NAR032218002,NAR,CJF_1,CJF,1,R,R-NAR032218002,8,5,0.9449026616971307,1.225260999398229
NAR032218002,NAR,CJF_1,CJF,1,R,R-NAR032218002,8,6,1.049909833019295,1.225260999398229
NAR032218002,NAR,CJF_1,CJF,1,R,R-NAR032218002,8,7,1.1481289214571595,1.225260999398229
NAR032218002,NAR,CJF_1,CJF,1,R,R-NAR032218002,8,8,1.225260999398229,1.225260999398229
NAR032218002,NAR,CJF_2,CJF,2,R,R-NAR032218002,8,1,0.3787104423748037,1.2131457301833617
NAR032218002,NAR,CJF_2,CJF,2,R,R-NAR032218002,8,2,0.6148706145500584,1.2131457301833617
NAR032218002,NAR,CJF_2,CJF,2,R,R-NAR032218002,8,3,0.7422290446120607,1.2131457301833617
NAR032218002,NAR,CJF_2,CJF,2,R,R-NAR032218002,8,4,0.8149029219174259,1.2131457301833617
NAR032218002,NAR,CJF_2,CJF,2,R,R-NAR032218002,8,5,0.9086522064563276,1.2131457301833617
NAR032218002,NAR,CJF_2,CJF,2,R,R-NAR032218002,8,6,1.0214460179151705,1.2131457301833617
NAR032218002,NAR,CJF_2,CJF,2,R,R-NAR032218002,8,7,1.1214273259580554,1.2131457301833617
NAR032218002,NAR,CJF_2,CJF,2,R,R-NAR032218002,8,8,1.2131457301833617,1.2131457301833617
NAR032218002,NAR,CJF_3,CJF,3,R,R-NAR032218002,8,1,0.4019074014619813,1.211976415824303
NAR032218002,NAR,CJF_3,CJF,3,R,R-NAR032218002,8,2,0.6327722338021305,1.211976415824303
NAR032218002,NAR,CJF_3,CJF,3,R,R-NAR032218002,8,3,0.7677773677994103,1.211976415824303
NAR032218002,NAR,CJF_3,CJF,3,R,R-NAR032218002,8,4,0.8381938606456183,1.211976415824303
NAR032218002,NAR,CJF_3,CJF,3,R,R-NAR032218002,8,5,0.9409046740673614,1.211976415824303
NAR032218002,NAR,CJF_3,CJF,3,R,R-NAR032218002,8,6,1.051783892176295,1.211976415824303
NAR032218002,NAR,CJF_3,CJF,3,R,R-NAR032218002,8,7,1.1437299320728598,1.211976415824303
NAR032218002,NAR,CJF_3,CJF,3,R,R-NAR032218002,8,8,1.211976415824303,1.211976415824303
NAR032218002,NAR,JRS_1,JRS,1,R,R-NAR032218002,7,1,0.3339557754859314,1.1372493260097805
NAR032218002,NAR,JRS_1,JRS,1,R,R-NAR032218002,7,2,0.563568004788807,1.1372493260097805
NAR032218002,NAR,JRS_1,JRS,1,R,R-NAR032218002,7,3,0.7001991010558133,1.1372493260097805
NAR032218002,NAR,JRS_1,JRS,1,R,R-NAR032218002,7,4,0.7840338758737806,1.1372493260097805
NAR032218002,NAR,JRS_1,JRS,1,R,R-NAR032218002,7,5,0.8879610564851634,1.1372493260097805
NAR032218002,NAR,JRS_1,JRS,1,R,R-NAR032218002,7,6,0.9783097690200723,1.1372493260097805
NAR032218002,NAR,JRS_1,JRS,1,R,R-NAR032218002,7,7,1.0595121233370803,1.1372493260097805
NAR032218003,NAR,CJF_1,CJF,1,R,R-NAR032218003,8,1,0.4378112521084999,1.2156637199252336
NAR032218003,NAR,CJF_1,CJF,1,R,R-NAR032218003,8,2,0.6517530084197419,1.2156637199252336
NAR032218003,NAR,CJF_1,CJF,1,R,R-NAR032218003,8,3,0.7893449260111434,1.2156637199252336
NAR032218003,NAR,CJF_1,CJF,1,R,R-NAR032218003,8,4,0.8817742530534273,1.2156637199252336
NAR032218003,NAR,CJF_1,CJF,1,R,R-NAR032218003,8,5,0.9482499152858244,1.2156637199252336
NAR032218003,NAR,CJF_1,CJF,1,R,R-NAR032218003,8,6,1.0359850862029283,1.2156637199252336
NAR032218003,NAR,CJF_1,CJF,1,R,R-NAR032218003,8,7,1.121669674174556,1.2156637199252336
NAR032218003,NAR,CJF_1,CJF,1,R,R-NAR032218003,8,8,1.2156637199252336,1.2156637199252336
NAR032218003,NAR,CJF_2,CJF,2,R,R-NAR032218003,8,1,0.40794360032573285,1.178699700512947
NAR032218003,NAR,CJF_2,CJF,2,R,R-NAR032218003,8,2,0.6141542139536809,1.178699700512947
NAR032218003,NAR,CJF_2,CJF,2,R,R-NAR032218003,8,3,0.7286310036743734,1.178699700512947
NAR032218003,NAR,CJF_2,CJF,2,R,R-NAR032218003,8,4,0.8293096217763027,1.178699700512947
NAR032218003,NAR,CJF_2,CJF,2,R,R-NAR032218003,8,5,0.9035086884568332,1.178699700512947
NAR032218003,NAR,CJF_2,CJF,2,R,R-NAR032218003,8,6,0.9810685902513986,1.178699700512947
NAR032218003,NAR,CJF_2,CJF,2,R,R-NAR032218003,8,7,1.0608725353438706,1.178699700512947
NAR032218003,NAR,CJF_2,CJF,2,R,R-NAR032218003,8,8,1.178699700512947,1.178699700512947
NAR032218003,NAR,CJF_3,CJF,3,R,R-NAR032218003,8,1,0.4131021952896805,1.2119242549314626
NAR032218003,NAR,CJF_3,CJF,3,R,R-NAR032218003,8,2,0.6360508517342089,1.2119242549314626
NAR032218003,NAR,CJF_3,CJF,3,R,R-NAR032218003,8,3,0.7704983743066759,1.2119242549314626
NAR032218003,NAR,CJF_3,CJF,3,R,R-NAR032218003,8,4,0.859947784068367,1.2119242549314626
NAR032218003,NAR,CJF_3,CJF,3,R,R-NAR032218003,8,5,0.9334080165522401,1.2119242549314626
NAR032218003,NAR,CJF_3,CJF,3,R,R-NAR032218003,8,6,1.03356532977584,1.2119242549314626
NAR032218003,NAR,CJF_3,CJF,3,R,R-NAR032218003,8,7,1.1117669417078626,1.2119242549314626
NAR032218003,NAR,CJF_3,CJF,3,R,R-NAR032218003,8,8,1.2119242549314626,1.2119242549314626
NAR032218003,NAR,JRS_1,JRS,1,R,R-NAR032218003,7,1,0.4584382115246416,1.1582150506196869
NAR032218003,NAR,JRS_1,JRS,1,R,R-NAR032218003,7,2,0.6202091139816788,1.1582150506196869
NAR032218003,NAR,JRS_1,JRS,1,R,R-NAR032218003,7,3,0.7461473553100904,1.1582150506196869
NAR032218003,NAR,JRS_1,JRS,1,R,R-NAR032218003,7,4,0.8159670702391684,1.1582150506196869
NAR032218003,NAR,JRS_1,JRS,1,R,R-NAR032218003,7,5,0.8918475345309874,1.1582150506196869
NAR032218003,NAR,JRS_1,JRS,1,R,R-NAR032218003,7,6,0.9840606857480572,1.1582150506196869
NAR032218003,NAR,JRS_1,JRS,1,R,R-NAR032218003,7,7,1.0691612790111433,1.1582150506196869
NAR032218004,NAR,CJF_1,CJF,1,R,R-NAR032218004,14,1,0.4643034391719768,1.5970577356320832
NAR032218004,NAR,CJF_1,CJF,1,R,R-NAR032218004,14,2,0.6619340298501681,1.5970577356320832
NAR032218004,NAR,CJF_1,CJF,1,R,R-NAR032218004,14,3,0.801590299400553,1.5970577356320832
NAR032218004,NAR,CJF_1,CJF,1,R,R-NAR032218004,14,4,0.8861366972731735,1.5970577356320832
NAR032218004,NAR,CJF_1,CJF,1,R,R-NAR032218004,14,5,0.9737732532004527,1.5970577356320832
NAR032218004,NAR,CJF_1,CJF,1,R,R-NAR032218004,14,6,1.0433202780090147,1.5970577356320832
NAR032218004,NAR,CJF_1,CJF,1,R,R-NAR032218004,14,7,1.123541275236425,1.5970577356320832
NAR032218004,NAR,CJF_1,CJF,1,R,R-NAR032218004,14,8,1.193818775642571,1.5970577356320832
NAR032218004,NAR,CJF_1,CJF,1,R,R-NAR032218004,14,9,1.2574111929464327,1.5970577356320832
NAR032218004,NAR,CJF_1,CJF,1,R,R-NAR032218004,14,10,1.3159477340075005,1.5970577356320832
NAR032218004,NAR,CJF_1,CJF,1,R,R-NAR032218004,14,11,1.378641420049455,1.5970577356320832
NAR032218004,NAR,CJF_1,CJF,1,R,R-NAR032218004,14,12,1.450716382979414,1.5970577356320832
NAR032218004,NAR,CJF_1,CJF,1,R,R-NAR032218004,14,13,1.5267802352259379,1.5970577356320832
NAR032218004,NAR,CJF_1,CJF,1,R,R-NAR032218004,14,14,1.5970577356320832,1.5970577356320832
NAR032218004,NAR,CJF_2,CJF,2,R,R-NAR032218004,14,1,0.5091134448808551,1.631355602667616
NAR032218004,NAR,CJF_2,CJF,2,R,R-NAR032218004,14,2,0.6878566057749906,1.631355602667616
NAR032218004,NAR,CJF_2,CJF,2,R,R-NAR032218004,14,3,0.8074953707786859,1.631355602667616
NAR032218004,NAR,CJF_2,CJF,2,R,R-NAR032218004,14,4,0.8933714999250695,1.631355602667616
NAR032218004,NAR,CJF_2,CJF,2,R,R-NAR032218004,14,5,0.9882245279943362,1.631355602667616
NAR032218004,NAR,CJF_2,CJF,2,R,R-NAR032218004,14,6,1.0590068057405826,1.631355602667616
NAR032218004,NAR,CJF_2,CJF,2,R,R-NAR032218004,14,7,1.1364356815425904,1.631355602667616
NAR032218004,NAR,CJF_2,CJF,2,R,R-NAR032218004,14,8,1.2129642297002903,1.631355602667616
NAR032218004,NAR,CJF_2,CJF,2,R,R-NAR032218004,14,9,1.281945852157921,1.631355602667616
NAR032218004,NAR,CJF_2,CJF,2,R,R-NAR032218004,14,10,1.3410502480483617,1.631355602667616
NAR032218004,NAR,CJF_2,CJF,2,R,R-NAR032218004,14,11,1.3951233601387556,1.631355602667616
NAR032218004,NAR,CJF_2,CJF,2,R,R-NAR032218004,14,12,1.4732672225521708,1.631355602667616
NAR032218004,NAR,CJF_2,CJF,2,R,R-NAR032218004,14,13,1.5474654698427475,1.631355602667616
NAR032218004,NAR,CJF_2,CJF,2,R,R-NAR032218004,14,14,1.631355602667616,1.631355602667616
NAR032218004,NAR,CJF_3,CJF,3,R,R-NAR032218004,14,1,0.43765160910073403,1.5403506710896764
NAR032218004,NAR,CJF_3,CJF,3,R,R-NAR032218004,14,2,0.6304631666591884,1.5403506710896764
NAR032218004,NAR,CJF_3,CJF,3,R,R-NAR032218004,14,3,0.7729720031449202,1.5403506710896764
NAR032218004,NAR,CJF_3,CJF,3,R,R-NAR032218004,14,4,0.8665811143240656,1.5403506710896764
NAR032218004,NAR,CJF_3,CJF,3,R,R-NAR032218004,14,5,0.9413243741178924,1.5403506710896764
NAR032218004,NAR,CJF_3,CJF,3,R,R-NAR032218004,14,6,0.9975618554001242,1.5403506710896764
NAR032218004,NAR,CJF_3,CJF,3,R,R-NAR032218004,14,7,1.0869806271452407,1.5403506710896764
NAR032218004,NAR,CJF_3,CJF,3,R,R-NAR032218004,14,8,1.1533432080710098,1.5403506710896764
NAR032218004,NAR,CJF_3,CJF,3,R,R-NAR032218004,14,9,1.2106236122456542,1.5403506710896764
NAR032218004,NAR,CJF_3,CJF,3,R,R-NAR032218004,14,10,1.266861093527886,1.5403506710896764
NAR032218004,NAR,CJF_3,CJF,3,R,R-NAR032218004,14,11,1.3409028554386455,1.5403506710896764
NAR032218004,NAR,CJF_3,CJF,3,R,R-NAR032218004,14,12,1.4037765948134537,1.5403506710896764
NAR032218004,NAR,CJF_3,CJF,3,R,R-NAR032218004,14,13,1.474329515173252,1.5403506710896764
NAR032218004,NAR,CJF_3,CJF,3,R,R-NAR032218004,14,14,1.5403506710896764,1.5403506710896764
NAR032218004,NAR,JRS_1,JRS,1,R,R-NAR032218004,13,1,0.26879563749182217,1.0558725353133231
NAR032218004,NAR,JRS_1,JRS,1,R,R-NAR032218004,13,2,0.3676030397837091,1.0558725353133231
NAR032218004,NAR,JRS_1,JRS,1,R,R-NAR032218004,13,3,0.44287160852475504,1.0558725353133231
NAR032218004,NAR,JRS_1,JRS,1,R,R-NAR032218004,13,4,0.49023144175419997,1.0558725353133231
NAR032218004,NAR,JRS_1,JRS,1,R,R-NAR032218004,13,5,0.5576067049570027,1.0558725353133231
NAR032218004,NAR,JRS_1,JRS,1,R,R-NAR032218004,13,6,0.6246998020320497,1.0558725353133231
NAR032218004,NAR,JRS_1,JRS,1,R,R-NAR032218004,13,7,0.6879873294018541,1.0558725353133231
NAR032218004,NAR,JRS_1,JRS,1,R,R-NAR032218004,13,8,0.7550804264769011,1.0558725353133231
NAR032218004,NAR,JRS_1,JRS,1,R,R-NAR032218004,13,9,0.8065279955393443,1.0558725353133231
NAR032218004,NAR,JRS_1,JRS,1,R,R-NAR032218004,13,10,0.8502233421274269,1.0558725353133231
NAR032218004,NAR,JRS_1,JRS,1,R,R-NAR032218004,13,11,0.9173164392024727,1.0558725353133231
NAR032218004,NAR,JRS_1,JRS,1,R,R-NAR032218004,13,12,0.9728517440979165,1.0558725353133231
NAR032218004,NAR,JRS_1,JRS,1,R,R-NAR032218004,13,13,1.0123182717891206,1.0558725353133231
NAR032218005,NAR,CJF_1,CJF,1,R,R-NAR032218005,14,1,0.4285768352067189,1.3712714492998574
NAR032218005,NAR,CJF_1,CJF,1,R,R-NAR032218005,14,2,0.553218459563051,1.3712714492998574
NAR032218005,NAR,CJF_1,CJF,1,R,R-NAR032218005,14,3,0.6684514480843622,1.3712714492998574
NAR032218005,NAR,CJF_1,CJF,1,R,R-NAR032218005,14,4,0.7610627734543233,1.3712714492998574
NAR032218005,NAR,CJF_1,CJF,1,R,R-NAR032218005,14,5,0.8333350705617185,1.3712714492998574
NAR032218005,NAR,CJF_1,CJF,1,R,R-NAR032218005,14,6,0.902072176823984,1.3712714492998574
NAR032218005,NAR,CJF_1,CJF,1,R,R-NAR032218005,14,7,0.9782601039246399,1.3712714492998574
NAR032218005,NAR,CJF_1,CJF,1,R,R-NAR032218005,14,8,1.038024632755992,1.3712714492998574
NAR032218005,NAR,CJF_1,CJF,1,R,R-NAR032218005,14,9,1.095450907442582,1.3712714492998574
NAR032218005,NAR,CJF_1,CJF,1,R,R-NAR032218005,14,10,1.1396085355568661,1.3712714492998574
NAR032218005,NAR,CJF_1,CJF,1,R,R-NAR032218005,14,11,1.1888231111088046,1.3712714492998574
NAR032218005,NAR,CJF_1,CJF,1,R,R-NAR032218005,14,12,1.2544610849300466,1.3712714492998574
NAR032218005,NAR,CJF_1,CJF,1,R,R-NAR032218005,14,13,1.3009569671890928,1.3712714492998574
NAR032218005,NAR,CJF_1,CJF,1,R,R-NAR032218005,14,14,1.3712714492998574,1.3712714492998574
NAR032218005,NAR,CJF_2,CJF,2,R,R-NAR032218005,14,1,0.4076475043240743,1.3583130934797363
NAR032218005,NAR,CJF_2,CJF,2,R,R-NAR032218005,14,2,0.5377472419463287,1.3583130934797363
NAR032218005,NAR,CJF_2,CJF,2,R,R-NAR032218005,14,3,0.6661414328833266,1.3583130934797363
NAR032218005,NAR,CJF_2,CJF,2,R,R-NAR032218005,14,4,0.755051045343594,1.3583130934797363
NAR032218005,NAR,CJF_2,CJF,2,R,R-NAR032218005,14,5,0.8296792341691669,1.3583130934797363
NAR032218005,NAR,CJF_2,CJF,2,R,R-NAR032218005,14,6,0.897141010705812,1.3583130934797363
NAR032218005,NAR,CJF_2,CJF,2,R,R-NAR032218005,14,7,0.9697708282413908,1.3583130934797363
NAR032218005,NAR,CJF_2,CJF,2,R,R-NAR032218005,14,8,1.0280678211991143,1.3583130934797363
NAR032218005,NAR,CJF_2,CJF,2,R,R-NAR032218005,14,9,1.0864162150999994,1.3583130934797363
NAR032218005,NAR,CJF_2,CJF,2,R,R-NAR032218005,14,10,1.130724609027765,1.3583130934797363
NAR032218005,NAR,CJF_2,CJF,2,R,R-NAR032218005,14,11,1.1856105086149733,1.3583130934797363
NAR032218005,NAR,CJF_2,CJF,2,R,R-NAR032218005,14,12,1.2559491302558219,1.3583130934797363
NAR032218005,NAR,CJF_2,CJF,2,R,R-NAR032218005,14,13,1.3048399159730486,1.3583130934797363
NAR032218005,NAR,CJF_2,CJF,2,R,R-NAR032218005,14,14,1.3583130934797363,1.3583130934797363
NAR032218005,NAR,CJF_3,CJF,3,R,R-NAR032218005,14,1,0.4226024087404575,1.3612219841173407
NAR032218005,NAR,CJF_3,CJF,3,R,R-NAR032218005,14,2,0.5384216085109859,1.3612219841173407
NAR032218005,NAR,CJF_3,CJF,3,R,R-NAR032218005,14,3,0.6535458035110091,1.3612219841173407
NAR032218005,NAR,CJF_3,CJF,3,R,R-NAR032218005,14,4,0.7439607191399757,1.3612219841173407
NAR032218005,NAR,CJF_3,CJF,3,R,R-NAR032218005,14,5,0.8228003756063549,1.3612219841173407
NAR032218005,NAR,CJF_3,CJF,3,R,R-NAR032218005,14,6,0.8884549401841558,1.3612219841173407
NAR032218005,NAR,CJF_3,CJF,3,R,R-NAR032218005,14,7,0.9646677926088408,1.3612219841173407
NAR032218005,NAR,CJF_3,CJF,3,R,R-NAR032218005,14,8,1.0194421027945595,1.3612219841173407
NAR032218005,NAR,CJF_3,CJF,3,R,R-NAR032218005,14,9,1.0725555085741791,1.3612219841173407
NAR032218005,NAR,CJF_3,CJF,3,R,R-NAR032218005,14,10,1.1279737518502935,1.3612219841173407
NAR032218005,NAR,CJF_3,CJF,3,R,R-NAR032218005,14,11,1.186713803938607,1.3612219841173407
NAR032218005,NAR,CJF_3,CJF,3,R,R-NAR032218005,14,12,1.2444368847112182,1.3612219841173407
NAR032218005,NAR,CJF_3,CJF,3,R,R-NAR032218005,14,13,1.2995331614421348,1.3612219841173407
NAR032218005,NAR,CJF_3,CJF,3,R,R-NAR032218005,14,14,1.3612219841173407,1.3612219841173407
NAR032218005,NAR,JRS_1,JRS,1,R,R-NAR032218005,14,1,0.24692090798614086,1.3360122927713691
NAR032218005,NAR,JRS_1,JRS,1,R,R-NAR032218005,14,2,0.4031807603495132,1.3360122927713691
NAR032218005,NAR,JRS_1,JRS,1,R,R-NAR032218005,14,3,0.5267262218909632,1.3360122927713691
NAR032218005,NAR,JRS_1,JRS,1,R,R-NAR032218005,14,4,0.6239507317999967,1.3360122927713691
NAR032218005,NAR,JRS_1,JRS,1,R,R-NAR032218005,14,5,0.7182506915276505,1.3360122927713691
NAR032218005,NAR,JRS_1,JRS,1,R,R-NAR032218005,14,6,0.7896642950945458,1.3360122927713691
NAR032218005,NAR,JRS_1,JRS,1,R,R-NAR032218005,14,7,0.8667569839274408,1.3360122927713691
NAR032218005,NAR,JRS_1,JRS,1,R,R-NAR032218005,14,8,0.9326615173250962,1.3360122927713691
NAR032218005,NAR,JRS_1,JRS,1,R,R-NAR032218005,14,9,0.9841133149126133,1.3360122927713691
NAR032218005,NAR,JRS_1,JRS,1,R,R-NAR032218005,14,10,1.032980592512269,1.3360122927713691
NAR032218005,NAR,JRS_1,JRS,1,R,R-NAR032218005,14,11,1.0847724202933047,1.3360122927713691
NAR032218005,NAR,JRS_1,JRS,1,R,R-NAR032218005,14,12,1.1529214434853012,1.3360122927713691
NAR032218005,NAR,JRS_1,JRS,1,R,R-NAR032218005,14,13,1.2133169067137164,1.3360122927713691
NAR032218005,NAR,JRS_1,JRS,1,R,R-NAR032218005,14,14,1.2819759751959918,1.3360122927713691
NAR032218006,NAR,CJF_1,CJF,1,R,R-NAR032218006,8,1,0.4266889142115479,1.2111280101351083
NAR032218006,NAR,CJF_1,CJF,1,R,R-NAR032218006,8,2,0.6309416757237949,1.2111280101351083
NAR032218006,NAR,CJF_1,CJF,1,R,R-NAR032218006,8,3,0.764502064986048,1.2111280101351083
NAR032218006,NAR,CJF_1,CJF,1,R,R-NAR032218006,8,4,0.8732861040858324,1.2111280101351083
NAR032218006,NAR,CJF_1,CJF,1,R,R-NAR032218006,8,5,0.9585108116480816,1.2111280101351083
NAR032218006,NAR,CJF_1,CJF,1,R,R-NAR032218006,8,6,1.0618470222104437,1.2111280101351083
NAR032218006,NAR,CJF_1,CJF,1,R,R-NAR032218006,8,7,1.153707821660272,1.2111280101351083
NAR032218006,NAR,CJF_1,CJF,1,R,R-NAR032218006,8,8,1.2111280101351083,1.2111280101351083
NAR032218006,NAR,CJF_2,CJF,2,R,R-NAR032218006,8,1,0.4084363127433955,1.2952550154550768
NAR032218006,NAR,CJF_2,CJF,2,R,R-NAR032218006,8,2,0.6797214941134779,1.2952550154550768
NAR032218006,NAR,CJF_2,CJF,2,R,R-NAR032218006,8,3,0.8168726254867911,1.2952550154550768
NAR032218006,NAR,CJF_2,CJF,2,R,R-NAR032218006,8,4,0.9284633386419276,1.2952550154550768
NAR032218006,NAR,CJF_2,CJF,2,R,R-NAR032218006,8,5,1.020102839955502,1.2952550154550768
NAR032218006,NAR,CJF_2,CJF,2,R,R-NAR032218006,8,6,1.1205599138398608,1.2952550154550768
NAR032218006,NAR,CJF_2,CJF,2,R,R-NAR032218006,8,7,1.2164913656594027,1.2952550154550768
NAR032218006,NAR,CJF_2,CJF,2,R,R-NAR032218006,8,8,1.2952550154550768,1.2952550154550768
NAR032218006,NAR,CJF_3,CJF,3,R,R-NAR032218006,8,1,0.4282129504053994,1.2861171000943032
NAR032218006,NAR,CJF_3,CJF,3,R,R-NAR032218006,8,2,0.6712489060446711,1.2861171000943032
NAR032218006,NAR,CJF_3,CJF,3,R,R-NAR032218006,8,3,0.8143102650738001,1.2861171000943032
NAR032218006,NAR,CJF_3,CJF,3,R,R-NAR032218006,8,4,0.9133137350019565,1.2861171000943032
NAR032218006,NAR,CJF_3,CJF,3,R,R-NAR032218006,8,5,1.0170434852092929,1.2861171000943032
NAR032218006,NAR,CJF_3,CJF,3,R,R-NAR032218006,8,6,1.1170180818194362,1.2861171000943032
NAR032218006,NAR,CJF_3,CJF,3,R,R-NAR032218006,8,7,1.2126872849260166,1.2861171000943032
NAR032218006,NAR,CJF_3,CJF,3,R,R-NAR032218006,8,8,1.2861171000943032,1.2861171000943032
NAR032218006,NAR,JRS_1,JRS,1,R,R-NAR032218006,7,1,0.4927289628739679,1.2915530929354089
NAR032218006,NAR,JRS_1,JRS,1,R,R-NAR032218006,7,2,0.6820343009564371,1.2915530929354089
NAR032218006,NAR,JRS_1,JRS,1,R,R-NAR032218006,7,3,0.8289749480876941,1.2915530929354089
NAR032218006,NAR,JRS_1,JRS,1,R,R-NAR032218006,7,4,0.9339328301030032,1.2915530929354089
NAR032218006,NAR,JRS_1,JRS,1,R,R-NAR032218006,7,5,1.0217156802366683,1.2915530929354089
NAR032218006,NAR,JRS_1,JRS,1,R,R-NAR032218006,7,6,1.1354520411104319,1.2915530929354089
NAR032218006,NAR,JRS_1,JRS,1,R,R-NAR032218006,7,7,1.2171279547816178,1.2915530929354089
NAR032218007,NAR,CJF_1,CJF,1,R,R-NAR032218007,4,1,0.4627533328329352,1.0917449291752361
NAR032218007,NAR,CJF_1,CJF,1,R,R-NAR032218007,4,2,0.7594783272024004,1.0917449291752361
NAR032218007,NAR,CJF_1,CJF,1,R,R-NAR032218007,4,3,0.9523521317014351,1.0917449291752361
NAR032218007,NAR,CJF_1,CJF,1,R,R-NAR032218007,4,4,1.0917449291752361,1.0917449291752361
NAR032218007,NAR,CJF_2,CJF,2,R,R-NAR032218007,4,1,0.37588023784017155,0.9744197000514757
NAR032218007,NAR,CJF_2,CJF,2,R,R-NAR032218007,4,2,0.6794068070584471,0.9744197000514757
NAR032218007,NAR,CJF_2,CJF,2,R,R-NAR032218007,4,3,0.8580286913593062,0.9744197000514757
NAR032218007,NAR,CJF_2,CJF,2,R,R-NAR032218007,4,4,0.9744197000514757,0.9744197000514757
NAR032218007,NAR,CJF_3,CJF,3,R,R-NAR032218007,4,1,0.3945135028465171,0.9999414769422232
NAR032218007,NAR,CJF_3,CJF,3,R,R-NAR032218007,4,2,0.686783450180801,0.9999414769422232
NAR032218007,NAR,CJF_3,CJF,3,R,R-NAR032218007,4,3,0.8695860004941421,0.9999414769422232
NAR032218007,NAR,CJF_3,CJF,3,R,R-NAR032218007,4,4,0.9999414769422232,0.9999414769422232
NAR032218007,NAR,JRS_1,JRS,1,R,R-NAR032218007,3,1,0.431673495375482,1.02365464567785
NAR032218007,NAR,JRS_1,JRS,1,R,R-NAR032218007,3,2,0.7137608280215401,1.02365464567785
NAR032218007,NAR,JRS_1,JRS,1,R,R-NAR032218007,3,3,0.9075140473898419,1.02365464567785
NAR032218008,NAR,JRS_1,JRS,1,R,R-NAR032218008,17,1,0.43629315916487255,1.8379951640735408
NAR032218008,NAR,JRS_1,JRS,1,R,R-NAR032218008,17,2,0.6355510606512601,1.8379951640735408
NAR032218008,NAR,JRS_1,JRS,1,R,R-NAR032218008,17,3,0.7778340006902097,1.8379951640735408
NAR032218008,NAR,JRS_1,JRS,1,R,R-NAR032218008,17,4,0.8616495010252027,1.8379951640735408
NAR032218008,NAR,JRS_1,JRS,1,R,R-NAR032218008,17,5,0.9556555795364784,1.8379951640735408
NAR032218008,NAR,JRS_1,JRS,1,R,R-NAR032218008,17,6,1.0358682690398477,1.8379951640735408
NAR032218008,NAR,JRS_1,JRS,1,R,R-NAR032218008,17,7,1.1109856694550762,1.8379951640735408
NAR032218008,NAR,JRS_1,JRS,1,R,R-NAR032218008,17,8,1.1850479035827504,1.8379951640735408
NAR032218008,NAR,JRS_1,JRS,1,R,R-NAR032218008,17,9,1.2471181541183303,1.8379951640735408
NAR032218008,NAR,JRS_1,JRS,1,R,R-NAR032218008,17,10,1.3084421655256517,1.8379951640735408
NAR032218008,NAR,JRS_1,JRS,1,R,R-NAR032218008,17,11,1.3592666715973958,1.8379951640735408
NAR032218008,NAR,JRS_1,JRS,1,R,R-NAR032218008,17,12,1.4118925830849518,1.8379951640735408
NAR032218008,NAR,JRS_1,JRS,1,R,R-NAR032218008,17,13,1.4870099835001795,1.8379951640735408
NAR032218008,NAR,JRS_1,JRS,1,R,R-NAR032218008,17,14,1.5378344895719238,1.8379951640735408
NAR032218008,NAR,JRS_1,JRS,1,R,R-NAR032218008,17,15,1.6042537900673863,1.8379951640735408
NAR032218008,NAR,JRS_1,JRS,1,R,R-NAR032218008,17,16,1.6673792068905193,1.8379951640735408
NAR032218008,NAR,JRS_1,JRS,1,R,R-NAR032218008,17,17,1.7483381355221477,1.8379951640735408
NAR032218008,NAR,NGA_1,NGA,1,R,R-NAR032218008,17,1,0.6888317297202666,1.8551204664250562
NAR032218008,NAR,NGA_1,NGA,1,R,R-NAR032218008,17,2,0.8042550426042929,1.8551204664250562
NAR032218008,NAR,NGA_1,NGA,1,R,R-NAR032218008,17,3,0.915672895583016,1.8551204664250562
NAR032218008,NAR,NGA_1,NGA,1,R,R-NAR032218008,17,4,1.0036133856241254,1.8551204664250562
NAR032218008,NAR,NGA_1,NGA,1,R,R-NAR032218008,17,5,1.0829483312118053,1.8551204664250562
NAR032218008,NAR,NGA_1,NGA,1,R,R-NAR032218008,17,6,1.1456668125354488,1.8551204664250562
NAR032218008,NAR,NGA_1,NGA,1,R,R-NAR032218008,17,7,1.2209962982178248,1.8551204664250562
NAR032218008,NAR,NGA_1,NGA,1,R,R-NAR032218008,17,8,1.2808593407731959,1.8551204664250562
NAR032218008,NAR,NGA_1,NGA,1,R,R-NAR032218008,17,9,1.331264130059516,1.8551204664250562
NAR032218008,NAR,NGA_1,NGA,1,R,R-NAR032218008,17,10,1.3922771937519183,1.8551204664250562
NAR032218008,NAR,NGA_1,NGA,1,R,R-NAR032218008,17,11,1.4521402363072888,1.8551204664250562
NAR032218008,NAR,NGA_1,NGA,1,R,R-NAR032218008,17,12,1.507700506635945,1.8551204664250562
NAR032218008,NAR,NGA_1,NGA,1,R,R-NAR032218008,17,13,1.547794333837595,1.8551204664250562
NAR032218008,NAR,NGA_1,NGA,1,R,R-NAR032218008,17,14,1.620268380751699,1.8551204664250562
NAR032218008,NAR,NGA_1,NGA,1,R,R-NAR032218008,17,15,1.6921478030229808,1.8551204664250562
NAR032218008,NAR,NGA_1,NGA,1,R,R-NAR032218008,17,16,1.7666245798897369,1.8551204664250562
NAR032218008,NAR,NGA_1,NGA,1,R,R-NAR032218008,17,17,1.8551204664250562,1.8551204664250562
NAR032218008,NAR,NGA_2,NGA,2,R,R-NAR032218008,18,1,0.5431856391129163,1.8552088049920872
NAR032218008,NAR,NGA_2,NGA,2,R,R-NAR032218008,18,2,0.739877700449576,1.8552088049920872
NAR032218008,NAR,NGA_2,NGA,2,R,R-NAR032218008,18,3,0.8687126875116775,1.8552088049920872
NAR032218008,NAR,NGA_2,NGA,2,R,R-NAR032218008,18,4,0.9509188265219551,1.8552088049920872
NAR032218008,NAR,NGA_2,NGA,2,R,R-NAR032218008,18,5,1.0237558362956514,1.8552088049920872
NAR032218008,NAR,NGA_2,NGA,2,R,R-NAR032218008,18,6,1.1200268938393392,1.8552088049920872
NAR032218008,NAR,NGA_2,NGA,2,R,R-NAR032218008,18,7,1.1991972220525018,1.8552088049920872
NAR032218008,NAR,NGA_2,NGA,2,R,R-NAR032218008,18,8,1.2656784640296563,1.8552088049920872
NAR032218008,NAR,NGA_2,NGA,2,R,R-NAR032218008,18,9,1.3194706197708033,1.8552088049920872
NAR032218008,NAR,NGA_2,NGA,2,R,R-NAR032218008,18,10,1.3710569539646913,1.8552088049920872
NAR032218008,NAR,NGA_2,NGA,2,R,R-NAR032218008,18,11,1.4124441696721404,1.8552088049920872
NAR032218008,NAR,NGA_2,NGA,2,R,R-NAR032218008,18,12,1.4736837793049207,1.8552088049920872
NAR032218008,NAR,NGA_2,NGA,2,R,R-NAR032218008,18,13,1.5365833674374139,1.8552088049920872
NAR032218008,NAR,NGA_2,NGA,2,R,R-NAR032218008,18,14,1.5859638800840425,1.8552088049920872
NAR032218008,NAR,NGA_2,NGA,2,R,R-NAR032218008,18,15,1.6513534359661053,1.8552088049920872
NAR032218008,NAR,NGA_2,NGA,2,R,R-NAR032218008,18,16,1.7078972563020571,1.8552088049920872
NAR032218008,NAR,NGA_2,NGA,2,R,R-NAR032218008,18,17,1.7873517307175297,1.8552088049920872
NAR032218008,NAR,NGA_2,NGA,2,R,R-NAR032218008,18,18,1.8552088049920872,1.8552088049920872
NAR032218009,NAR,CJF_1,CJF,1,R,R-NAR032218009,7,1,0.4802401026196978,1.3703242204508612
NAR032218009,NAR,CJF_1,CJF,1,R,R-NAR032218009,7,2,0.7299640317069176,1.3703242204508612
NAR032218009,NAR,CJF_1,CJF,1,R,R-NAR032218009,7,3,0.8985870079935243,1.3703242204508612
NAR032218009,NAR,CJF_1,CJF,1,R,R-NAR032218009,7,4,1.1077812568684635,1.3703242204508612
NAR032218009,NAR,CJF_1,CJF,1,R,R-NAR032218009,7,5,1.2187809664908469,1.3703242204508612
NAR032218009,NAR,CJF_1,CJF,1,R,R-NAR032218009,7,6,1.3255061241564654,1.3703242204508612
NAR032218009,NAR,CJF_1,CJF,1,R,R-NAR032218009,7,7,1.3703242204508612,1.3703242204508612
NAR032218009,NAR,CJF_2,CJF,2,R,R-NAR032218009,8,1,0.47579620582228566,1.3689789035890052
NAR032218009,NAR,CJF_2,CJF,2,R,R-NAR032218009,8,2,0.7205589050922512,1.3689789035890052
NAR032218009,NAR,CJF_2,CJF,2,R,R-NAR032218009,8,3,0.86019833658395,1.3689789035890052
NAR032218009,NAR,CJF_2,CJF,2,R,R-NAR032218009,8,4,0.9639687262362916,1.3689789035890052
NAR032218009,NAR,CJF_2,CJF,2,R,R-NAR032218009,8,5,1.0798505578610003,1.3689789035890052
NAR032218009,NAR,CJF_2,CJF,2,R,R-NAR032218009,8,6,1.1813804753392352,1.3689789035890052
NAR032218009,NAR,CJF_2,CJF,2,R,R-NAR032218009,8,7,1.2891880123156991,1.3689789035890052
NAR032218009,NAR,CJF_2,CJF,2,R,R-NAR032218009,8,8,1.3689789035890052,1.3689789035890052
NAR032218009,NAR,CJF_3,CJF,3,R,R-NAR032218009,8,1,0.4979716645812378,1.3612473713139457
NAR032218009,NAR,CJF_3,CJF,3,R,R-NAR032218009,8,2,0.7280143212722237,1.3612473713139457
NAR032218009,NAR,CJF_3,CJF,3,R,R-NAR032218009,8,3,0.8796895049395044,1.3612473713139457
NAR032218009,NAR,CJF_3,CJF,3,R,R-NAR032218009,8,4,0.9713236394467412,1.3612473713139457
NAR032218009,NAR,CJF_3,CJF,3,R,R-NAR032218009,8,5,1.0864817998236806,1.3612473713139457
NAR032218009,NAR,CJF_3,CJF,3,R,R-NAR032218009,8,6,1.1909720997201094,1.3612473713139457
NAR032218009,NAR,CJF_3,CJF,3,R,R-NAR032218009,8,7,1.287393340139047,1.3612473713139457
NAR032218009,NAR,CJF_3,CJF,3,R,R-NAR032218009,8,8,1.3612473713139457,1.3612473713139457
NAR032218009,NAR,JRS_1,JRS,1,R,R-NAR032218009,6,1,0.5378171992092553,1.3140304819970656
NAR032218009,NAR,JRS_1,JRS,1,R,R-NAR032218009,6,2,0.8518631220308337,1.3140304819970656
NAR032218009,NAR,JRS_1,JRS,1,R,R-NAR032218009,6,3,0.927301311709215,1.3140304819970656
NAR032218009,NAR,JRS_1,JRS,1,R,R-NAR032218009,6,4,1.0285922291197849,1.3140304819970656
NAR032218009,NAR,JRS_1,JRS,1,R,R-NAR032218009,6,5,1.1264932556243208,1.3140304819970656
NAR032218009,NAR,JRS_1,JRS,1,R,R-NAR032218009,6,6,1.2275725234702488,1.3140304819970656
NAR032218010,NAR,CJF_1,CJF,1,R,R-NAR032218010,4,1,0.5282285221402854,0.9208467822877232
NAR032218010,NAR,CJF_1,CJF,1,R,R-NAR032218010,4,2,0.6979779149294499,0.9208467822877232
NAR032218010,NAR,CJF_1,CJF,1,R,R-NAR032218010,4,3,0.8104951191102674,0.9208467822877232
NAR032218010,NAR,CJF_1,CJF,1,R,R-NAR032218010,4,4,0.9208467822877232,0.9208467822877232
NAR032218010,NAR,CJF_2,CJF,2,R,R-NAR032218010,5,1,0.37938279396249747,0.9686961030855511
NAR032218010,NAR,CJF_2,CJF,2,R,R-NAR032218010,5,2,0.561310673531431,0.9686961030855511
NAR032218010,NAR,CJF_2,CJF,2,R,R-NAR032218010,5,3,0.7242751660822113,0.9686961030855511
NAR032218010,NAR,CJF_2,CJF,2,R,R-NAR032218010,5,4,0.851697689673887,0.9686961030855511
NAR032218010,NAR,CJF_2,CJF,2,R,R-NAR032218010,5,5,0.9686961030855511,0.9686961030855511
NAR032218010,NAR,CJF_3,CJF,3,R,R-NAR032218010,4,1,0.5173466209017696,0.9306816450302859
NAR032218010,NAR,CJF_3,CJF,3,R,R-NAR032218010,4,2,0.7082253373693261,0.9306816450302859
NAR032218010,NAR,CJF_3,CJF,3,R,R-NAR032218010,4,3,0.8321274342875741,0.9306816450302859
NAR032218010,NAR,CJF_3,CJF,3,R,R-NAR032218010,4,4,0.9306816450302859,0.9306816450302859
NAR032218010,NAR,JRS_1,JRS,1,R,R-NAR032218010,3,1,0.49871850406834606,0.9372508607381276
NAR032218010,NAR,JRS_1,JRS,1,R,R-NAR032218010,3,2,0.6994166551841245,0.9372508607381276
NAR032218010,NAR,JRS_1,JRS,1,R,R-NAR032218010,3,3,0.8169950556218452,0.9372508607381276
NAR032218011,NAR,CJF_1,CJF,1,R,R-NAR032218011,4,1,0.5439266786661445,0.9409041833943399
NAR032218011,NAR,CJF_1,CJF,1,R,R-NAR032218011,4,2,0.71845683579877,0.9409041833943399
NAR032218011,NAR,CJF_1,CJF,1,R,R-NAR032218011,4,3,0.8241967574608488,0.9409041833943399
NAR032218011,NAR,CJF_1,CJF,1,R,R-NAR032218011,4,4,0.9409041833943399,0.9409041833943399
NAR032218011,NAR,CJF_2,CJF,2,R,R-NAR032218011,4,1,0.5850901853455468,0.9882535991860704
NAR032218011,NAR,CJF_2,CJF,2,R,R-NAR032218011,4,2,0.7573811620128854,0.9882535991860704
NAR032218011,NAR,CJF_2,CJF,2,R,R-NAR032218011,4,3,0.8823230669453218,0.9882535991860704
NAR032218011,NAR,CJF_2,CJF,2,R,R-NAR032218011,4,4,0.9882535991860704,0.9882535991860704
NAR032218011,NAR,CJF_3,CJF,3,R,R-NAR032218011,4,1,0.6221090888544939,1.0402976975300549
NAR032218011,NAR,CJF_3,CJF,3,R,R-NAR032218011,4,2,0.8092889028664304,1.0402976975300549
NAR032218011,NAR,CJF_3,CJF,3,R,R-NAR032218011,4,3,0.9194970277523344,1.0402976975300549
NAR032218011,NAR,CJF_3,CJF,3,R,R-NAR032218011,4,4,1.0402976975300549,1.0402976975300549
NAR032218011,NAR,JRS_1,JRS,1,R,R-NAR032218011,3,1,0.5230812007099597,0.8965304314445599
NAR032218011,NAR,JRS_1,JRS,1,R,R-NAR032218011,3,2,0.6961182838242251,0.8965304314445599
NAR032218011,NAR,JRS_1,JRS,1,R,R-NAR032218011,3,3,0.7862655174551177,0.8965304314445599
NAR032218012,NAR,CJF_1,CJF,1,R,R-NAR032218012,7,1,0.39325289398007945,1.1067620034153793
NAR032218012,NAR,CJF_1,CJF,1,R,R-NAR032218012,7,2,0.5774431991151545,1.1067620034153793
NAR032218012,NAR,CJF_1,CJF,1,R,R-NAR032218012,7,3,0.6985642724549426,1.1067620034153793
NAR032218012,NAR,CJF_1,CJF,1,R,R-NAR032218012,7,4,0.8089147869866946,1.1067620034153793
NAR032218012,NAR,CJF_1,CJF,1,R,R-NAR032218012,7,5,0.922571698280304,1.1067620034153793
NAR032218012,NAR,CJF_1,CJF,1,R,R-NAR032218012,7,6,1.020473686291092,1.1067620034153793
NAR032218012,NAR,CJF_1,CJF,1,R,R-NAR032218012,7,7,1.1067620034153793,1.1067620034153793
NAR032218012,NAR,CJF_2,CJF,2,R,R-NAR032218012,7,1,0.38643663306911424,1.1031901300003977
NAR032218012,NAR,CJF_2,CJF,2,R,R-NAR032218012,7,2,0.5830779871693981,1.1031901300003977
NAR032218012,NAR,CJF_2,CJF,2,R,R-NAR032218012,7,3,0.7185216934893568,1.1031901300003977
NAR032218012,NAR,CJF_2,CJF,2,R,R-NAR032218012,7,4,0.8294373590971251,1.1031901300003977
NAR032218012,NAR,CJF_2,CJF,2,R,R-NAR032218012,7,5,0.9343864986276105,1.1031901300003977
NAR032218012,NAR,CJF_2,CJF,2,R,R-NAR032218012,7,6,1.026078713197409,1.1031901300003977
NAR032218012,NAR,CJF_2,CJF,2,R,R-NAR032218012,7,7,1.1031901300003977,1.1031901300003977
NAR032218012,NAR,CJF_3,CJF,3,R,R-NAR032218012,7,1,0.4094663099986023,1.1353528885639887
NAR032218012,NAR,CJF_3,CJF,3,R,R-NAR032218012,7,2,0.6090626324723697,1.1353528885639887
NAR032218012,NAR,CJF_3,CJF,3,R,R-NAR032218012,7,3,0.7359749284613577,1.1353528885639887
NAR032218012,NAR,CJF_3,CJF,3,R,R-NAR032218012,7,4,0.8461659655346092,1.1353528885639887
NAR032218012,NAR,CJF_3,CJF,3,R,R-NAR032218012,7,5,0.9454742856759997,1.1353528885639887
NAR032218012,NAR,CJF_3,CJF,3,R,R-NAR032218012,7,6,1.0516008299922526,1.1353528885639887
NAR032218012,NAR,CJF_3,CJF,3,R,R-NAR032218012,7,7,1.1353528885639887,1.1353528885639887
NAR032218012,NAR,JRS_1,JRS,1,R,R-NAR032218012,6,1,0.4190545904141266,1.1220979461445604
NAR032218012,NAR,JRS_1,JRS,1,R,R-NAR032218012,6,2,0.6034593697428579,1.1220979461445604
NAR032218012,NAR,JRS_1,JRS,1,R,R-NAR032218012,6,3,0.7074461488277836,1.1220979461445604
NAR032218012,NAR,JRS_1,JRS,1,R,R-NAR032218012,6,4,0.8136343244613835,1.1220979461445604
NAR032218012,NAR,JRS_1,JRS,1,R,R-NAR032218012,6,5,0.934326198409955,1.1220979461445604
NAR032218012,NAR,JRS_1,JRS,1,R,R-NAR032218012,6,6,1.0071041843162627,1.1220979461445604
NAR032218013,NAR,JRS_1,JRS,1,R,R-NAR032218013,18,1,0.4503605116314929,2.0700776672603842
NAR032218013,NAR,JRS_1,JRS,1,R,R-NAR032218013,18,2,0.6168357647766731,2.0700776672603842
NAR032218013,NAR,JRS_1,JRS,1,R,R-NAR032218013,18,3,0.7347984925425302,2.0700776672603842
NAR032218013,NAR,JRS_1,JRS,1,R,R-NAR032218013,18,4,0.8691955848467114,2.0700776672603842
NAR032218013,NAR,JRS_1,JRS,1,R,R-NAR032218013,18,5,0.9819437138450101,2.0700776672603842
NAR032218013,NAR,JRS_1,JRS,1,R,R-NAR032218013,18,6,1.0724108751757246,2.0700776672603842
NAR032218013,NAR,JRS_1,JRS,1,R,R-NAR032218013,18,7,1.1897415985798798,2.0700776672603842
NAR032218013,NAR,JRS_1,JRS,1,R,R-NAR032218013,18,8,1.2605350916267888,2.0700776672603842
NAR032218013,NAR,JRS_1,JRS,1,R,R-NAR032218013,18,9,1.3221633958619834,2.0700776672603842
NAR032218013,NAR,JRS_1,JRS,1,R,R-NAR032218013,18,10,1.4152378565764767,2.0700776672603842
NAR032218013,NAR,JRS_1,JRS,1,R,R-NAR032218013,18,11,1.4971718334571773,2.0700776672603842
NAR032218013,NAR,JRS_1,JRS,1,R,R-NAR032218013,18,12,1.583056400382035,2.0700776672603842
NAR032218013,NAR,JRS_1,JRS,1,R,R-NAR032218013,18,13,1.6610397872185796,2.0700776672603842
NAR032218013,NAR,JRS_1,JRS,1,R,R-NAR032218013,18,14,1.7449490591213586,2.0700776672603842
NAR032218013,NAR,JRS_1,JRS,1,R,R-NAR032218013,18,15,1.8151105478065668,2.0700776672603842
NAR032218013,NAR,JRS_1,JRS,1,R,R-NAR032218013,18,16,1.881321446447619,2.0700776672603842
NAR032218013,NAR,JRS_1,JRS,1,R,R-NAR032218013,18,17,1.9638874276900207,2.0700776672603842
NAR032218013,NAR,JRS_1,JRS,1,R,R-NAR032218013,18,18,2.012399953069345,2.0700776672603842
NAR032218013,NAR,NGA_1,NGA,1,R,R-NAR032218013,18,1,0.5243418045351569,2.050228982199471
NAR032218013,NAR,NGA_1,NGA,1,R,R-NAR032218013,18,2,0.7478479586328362,2.050228982199471
NAR032218013,NAR,NGA_1,NGA,1,R,R-NAR032218013,18,3,0.8779587846609864,2.050228982199471
NAR032218013,NAR,NGA_1,NGA,1,R,R-NAR032218013,18,4,1.011576491639343,2.050228982199471
NAR032218013,NAR,NGA_1,NGA,1,R,R-NAR032218013,18,5,1.0918254397208271,2.050228982199471
NAR032218013,NAR,NGA_1,NGA,1,R,R-NAR032218013,18,6,1.2019719335966936,2.050228982199471
NAR032218013,NAR,NGA_1,NGA,1,R,R-NAR032218013,18,7,1.2722876680360788,2.050228982199471
NAR032218013,NAR,NGA_1,NGA,1,R,R-NAR032218013,18,8,1.3557497824635083,2.050228982199471
NAR032218013,NAR,NGA_1,NGA,1,R,R-NAR032218013,18,9,1.4441295512779444,2.050228982199471
NAR032218013,NAR,NGA_1,NGA,1,R,R-NAR032218013,18,10,1.5159539640222155,2.050228982199471
NAR032218013,NAR,NGA_1,NGA,1,R,R-NAR032218013,18,11,1.6043337328366511,2.050228982199471
NAR032218013,NAR,NGA_1,NGA,1,R,R-NAR032218013,18,12,1.6812716097041023,2.050228982199471
NAR032218013,NAR,NGA_1,NGA,1,R,R-NAR032218013,18,13,1.7563091887943196,2.050228982199471
NAR032218013,NAR,NGA_1,NGA,1,R,R-NAR032218013,18,14,1.8097758525592798,2.050228982199471
NAR032218013,NAR,NGA_1,NGA,1,R,R-NAR032218013,18,15,1.8683559804474197,2.050228982199471
NAR032218013,NAR,NGA_1,NGA,1,R,R-NAR032218013,18,16,1.9518180948748496,2.050228982199471
NAR032218013,NAR,NGA_1,NGA,1,R,R-NAR032218013,18,17,2.010202413026816,2.050228982199471
NAR032218013,NAR,NGA_1,NGA,1,R,R-NAR032218013,18,18,2.050228982199471,2.050228982199471
NAR032218013,NAR,NGA_2,NGA,2,R,R-NAR032218013,19,1,0.5295853702044291,2.0527030111965376
NAR032218013,NAR,NGA_2,NGA,2,R,R-NAR032218013,19,2,0.6369403621398915,2.0527030111965376
NAR032218013,NAR,NGA_2,NGA,2,R,R-NAR032218013,19,3,0.7627336380807427,2.0527030111965376
NAR032218013,NAR,NGA_2,NGA,2,R,R-NAR032218013,19,4,0.898635961960602,2.0527030111965376
NAR032218013,NAR,NGA_2,NGA,2,R,R-NAR032218013,19,5,0.9976617178296824,2.0527030111965376
NAR032218013,NAR,NGA_2,NGA,2,R,R-NAR032218013,19,6,1.1154106693525283,2.0527030111965376
NAR032218013,NAR,NGA_2,NGA,2,R,R-NAR032218013,19,7,1.2078870010278533,2.0527030111965376
NAR032218013,NAR,NGA_2,NGA,2,R,R-NAR032218013,19,8,1.2935289968610475,2.0527030111965376
NAR032218013,NAR,NGA_2,NGA,2,R,R-NAR032218013,19,9,1.3860053285363727,2.0527030111965376
NAR032218013,NAR,NGA_2,NGA,2,R,R-NAR032218013,19,10,1.4594735529095566,2.0527030111965376
NAR032218013,NAR,NGA_2,NGA,2,R,R-NAR032218013,19,11,1.540061024773247,2.0527030111965376
NAR032218013,NAR,NGA_2,NGA,2,R,R-NAR032218013,19,12,1.6242081203821899,2.0527030111965376
NAR032218013,NAR,NGA_2,NGA,2,R,R-NAR032218013,19,13,1.6946865443068722,2.0527030111965376
NAR032218013,NAR,NGA_2,NGA,2,R,R-NAR032218013,19,14,1.7702194922010581,2.0527030111965376
NAR032218013,NAR,NGA_2,NGA,2,R,R-NAR032218013,19,15,1.827029244441479,2.0527030111965376
NAR032218013,NAR,NGA_2,NGA,2,R,R-NAR032218013,19,16,1.8757946722638932,2.0527030111965376
NAR032218013,NAR,NGA_2,NGA,2,R,R-NAR032218013,19,17,1.9486227313579534,2.0527030111965376
NAR032218013,NAR,NGA_2,NGA,2,R,R-NAR032218013,19,18,2.003937583374123,2.0527030111965376
NAR032218013,NAR,NGA_2,NGA,2,R,R-NAR032218013,19,19,2.0527030111965376,2.0527030111965376
NAR032218014,NAR,CJF_1,CJF,1,R,R-NAR032218014,7,1,0.322550841019769,0.9528835345440763
NAR032218014,NAR,CJF_1,CJF,1,R,R-NAR032218014,7,2,0.4897098511105191,0.9528835345440763
NAR032218014,NAR,CJF_1,CJF,1,R,R-NAR032218014,7,3,0.6040941270071354,0.9528835345440763
NAR032218014,NAR,CJF_1,CJF,1,R,R-NAR032218014,7,4,0.7049633093314976,0.9528835345440763
NAR032218014,NAR,CJF_1,CJF,1,R,R-NAR032218014,7,5,0.7870101645482127,0.9528835345440763
NAR032218014,NAR,CJF_1,CJF,1,R,R-NAR032218014,7,6,0.8732432863612835,0.9528835345440763
NAR032218014,NAR,CJF_1,CJF,1,R,R-NAR032218014,7,7,0.9528835345440763,0.9528835345440763
NAR032218014,NAR,CJF_2,CJF,2,R,R-NAR032218014,7,1,0.3563039520729177,0.9728948328567557
NAR032218014,NAR,CJF_2,CJF,2,R,R-NAR032218014,7,2,0.5278432836129987,0.9728948328567557
NAR032218014,NAR,CJF_2,CJF,2,R,R-NAR032218014,7,3,0.636834364403406,0.9728948328567557
NAR032218014,NAR,CJF_2,CJF,2,R,R-NAR032218014,7,4,0.7324601890269271,0.9728948328567557
NAR032218014,NAR,CJF_2,CJF,2,R,R-NAR032218014,7,5,0.8183276544815865,0.9728948328567557
NAR032218014,NAR,CJF_2,CJF,2,R,R-NAR032218014,7,6,0.9103465821070829,0.9728948328567557
NAR032218014,NAR,CJF_2,CJF,2,R,R-NAR032218014,7,7,0.9728948328567557,0.9728948328567557
NAR032218014,NAR,CJF_3,CJF,3,R,R-NAR032218014,7,1,0.353897429041151,0.9897579001957147
NAR032218014,NAR,CJF_3,CJF,3,R,R-NAR032218014,7,2,0.514616710795056,0.9897579001957147
NAR032218014,NAR,CJF_3,CJF,3,R,R-NAR032218014,7,3,0.6374355170673627,0.9897579001957147
NAR032218014,NAR,CJF_3,CJF,3,R,R-NAR032218014,7,4,0.7360055712677669,0.9897579001957147
NAR032218014,NAR,CJF_3,CJF,3,R,R-NAR032218014,7,5,0.822498947971273,0.9897579001957147
NAR032218014,NAR,CJF_3,CJF,3,R,R-NAR032218014,7,6,0.9008776082914436,0.9897579001957147
NAR032218014,NAR,CJF_3,CJF,3,R,R-NAR032218014,7,7,0.9897579001957147,0.9897579001957147
NAR032218014,NAR,JRS_1,JRS,1,R,R-NAR032218014,6,1,0.24365439783876566,0.6751188460865054
NAR032218014,NAR,JRS_1,JRS,1,R,R-NAR032218014,6,2,0.3502479589204075,0.6751188460865054
NAR032218014,NAR,JRS_1,JRS,1,R,R-NAR032218014,6,3,0.41496565421486054,0.6751188460865054
NAR032218014,NAR,JRS_1,JRS,1,R,R-NAR032218014,6,4,0.4720726929114044,0.6751188460865054
NAR032218014,NAR,JRS_1,JRS,1,R,R-NAR032218014,6,5,0.51648873080241,0.6751188460865054
NAR032218014,NAR,JRS_1,JRS,1,R,R-NAR032218014,6,6,0.6053208065844204,0.6751188460865054
NAR032219001,NAR,CJF_1,CJF,1,R,R-NAR032219001,15,1,0.37149706975019736,1.5906057103231452
NAR032219001,NAR,CJF_1,CJF,1,R,R-NAR032219001,15,2,0.5379031292101767,1.5906057103231452
NAR032219001,NAR,CJF_1,CJF,1,R,R-NAR032219001,15,3,0.6795998900347693,1.5906057103231452
NAR032219001,NAR,CJF_1,CJF,1,R,R-NAR032219001,15,4,0.773422148719963,1.5906057103231452
NAR032219001,NAR,CJF_1,CJF,1,R,R-NAR032219001,15,5,0.8697826384316475,1.5906057103231452
NAR032219001,NAR,CJF_1,CJF,1,R,R-NAR032219001,15,6,0.9423664392064321,1.5906057103231452
NAR032219001,NAR,CJF_1,CJF,1,R,R-NAR032219001,15,7,1.0393691774493174,1.5906057103231452
NAR032219001,NAR,CJF_1,CJF,1,R,R-NAR032219001,15,8,1.1151334577817933,1.5906057103231452
NAR032219001,NAR,CJF_1,CJF,1,R,R-NAR032219001,15,9,1.192793720609559,1.5906057103231452
NAR032219001,NAR,CJF_1,CJF,1,R,R-NAR032219001,15,10,1.2675946281452335,1.5906057103231452
NAR032219001,NAR,CJF_1,CJF,1,R,R-NAR032219001,15,11,1.3367075881950408,1.5906057103231452
NAR032219001,NAR,CJF_1,CJF,1,R,R-NAR032219001,15,12,1.4099336375010265,1.5906057103231452
NAR032219001,NAR,CJF_1,CJF,1,R,R-NAR032219001,15,13,1.4821963140102112,1.5906057103231452
NAR032219001,NAR,CJF_1,CJF,1,R,R-NAR032219001,15,14,1.5430523324493481,1.5906057103231452
NAR032219001,NAR,CJF_1,CJF,1,R,R-NAR032219001,15,15,1.5906057103231452,1.5906057103231452
NAR032219001,NAR,CJF_2,CJF,2,R,R-NAR032219001,14,1,0.4272470473462139,1.672342869804268
NAR032219001,NAR,CJF_2,CJF,2,R,R-NAR032219001,14,2,0.7117554323819874,1.672342869804268
NAR032219001,NAR,CJF_2,CJF,2,R,R-NAR032219001,14,3,0.8254925361773731,1.672342869804268
NAR032219001,NAR,CJF_2,CJF,2,R,R-NAR032219001,14,4,0.9189898364913949,1.672342869804268
NAR032219001,NAR,CJF_2,CJF,2,R,R-NAR032219001,14,5,1.007592811482384,1.672342869804268
NAR032219001,NAR,CJF_2,CJF,2,R,R-NAR032219001,14,6,1.0973137804415312,1.672342869804268
NAR032219001,NAR,CJF_2,CJF,2,R,R-NAR032219001,14,7,1.1784551910785563,1.672342869804268
NAR032219001,NAR,CJF_2,CJF,2,R,R-NAR032219001,14,8,1.2650043748447994,1.672342869804268
NAR032219001,NAR,CJF_2,CJF,2,R,R-NAR032219001,14,9,1.3295912149995501,1.672342869804268
NAR032219001,NAR,CJF_2,CJF,2,R,R-NAR032219001,14,10,1.406442846475514,1.672342869804268
NAR032219001,NAR,CJF_2,CJF,2,R,R-NAR032219001,14,11,1.4678579014373614,1.672342869804268
NAR032219001,NAR,CJF_2,CJF,2,R,R-NAR032219001,14,12,1.5527756434292608,1.672342869804268
NAR032219001,NAR,CJF_2,CJF,2,R,R-NAR032219001,14,13,1.6152175940034819,1.672342869804268
NAR032219001,NAR,CJF_2,CJF,2,R,R-NAR032219001,14,14,1.672342869804268,1.672342869804268
NAR032219001,NAR,CJF_3,CJF,3,R,R-NAR032219001,15,1,0.42788866788454594,1.6339622684549289
NAR032219001,NAR,CJF_3,CJF,3,R,R-NAR032219001,15,2,0.584831421705619,1.6339622684549289
NAR032219001,NAR,CJF_3,CJF,3,R,R-NAR032219001,15,3,0.7067445490465634,1.6339622684549289
NAR032219001,NAR,CJF_3,CJF,3,R,R-NAR032219001,15,4,0.8165835601637177,1.6339622684549289
NAR032219001,NAR,CJF_3,CJF,3,R,R-NAR032219001,15,5,0.896143076477509,1.6339622684549289
NAR032219001,NAR,CJF_3,CJF,3,R,R-NAR032219001,15,6,0.971350035178281,1.6339622684549289
NAR032219001,NAR,CJF_3,CJF,3,R,R-NAR032219001,15,7,1.0728815051331433,1.6339622684549289
NAR032219001,NAR,CJF_3,CJF,3,R,R-NAR032219001,15,8,1.1502647426404242,1.6339622684549289
NAR032219001,NAR,CJF_3,CJF,3,R,R-NAR032219001,15,9,1.2367506694374926,1.6339622684549289
NAR032219001,NAR,CJF_3,CJF,3,R,R-NAR032219001,15,10,1.302457364784732,1.6339622684549289
NAR032219001,NAR,CJF_3,CJF,3,R,R-NAR032219001,15,11,1.371135487065974,1.6339622684549289
NAR032219001,NAR,CJF_3,CJF,3,R,R-NAR032219001,15,12,1.4338707554792092,1.6339622684549289
NAR032219001,NAR,CJF_3,CJF,3,R,R-NAR032219001,15,13,1.5160041246632572,1.6339622684549289
NAR032219001,NAR,CJF_3,CJF,3,R,R-NAR032219001,15,14,1.570829425977947,1.6339622684549289
NAR032219001,NAR,CJF_3,CJF,3,R,R-NAR032219001,15,15,1.6339622684549289,1.6339622684549289
NAR032219001,NAR,JRS_1,JRS,1,R,R-NAR032219001,15,1,0.47009499251424997,1.7239372520908742
NAR032219001,NAR,JRS_1,JRS,1,R,R-NAR032219001,15,2,0.559444434932915,1.7239372520908742
NAR032219001,NAR,JRS_1,JRS,1,R,R-NAR032219001,15,3,0.6606301550289663,1.7239372520908742
NAR032219001,NAR,JRS_1,JRS,1,R,R-NAR032219001,15,4,0.7968826444751527,1.7239372520908742
NAR032219001,NAR,JRS_1,JRS,1,R,R-NAR032219001,15,5,0.8990426893727483,1.7239372520908742
NAR032219001,NAR,JRS_1,JRS,1,R,R-NAR032219001,15,6,0.9847023187709081,1.7239372520908742
NAR032219001,NAR,JRS_1,JRS,1,R,R-NAR032219001,15,7,1.0646061967972993,1.7239372520908742
NAR032219001,NAR,JRS_1,JRS,1,R,R-NAR032219001,15,8,1.1600361655215814,1.7239372520908742
NAR032219001,NAR,JRS_1,JRS,1,R,R-NAR032219001,15,9,1.2453710199858938,1.7239372520908742
NAR032219001,NAR,JRS_1,JRS,1,R,R-NAR032219001,15,10,1.3118147456656588,1.7239372520908742
NAR032219001,NAR,JRS_1,JRS,1,R,R-NAR032219001,15,11,1.3846637725848892,1.7239372520908742
NAR032219001,NAR,JRS_1,JRS,1,R,R-NAR032219001,15,12,1.4578375744379666,1.7239372520908742
NAR032219001,NAR,JRS_1,JRS,1,R,R-NAR032219001,15,13,1.5370919025966623,1.7239372520908742
NAR032219001,NAR,JRS_1,JRS,1,R,R-NAR032219001,15,14,1.6102657044497404,1.7239372520908742
NAR032219001,NAR,JRS_1,JRS,1,R,R-NAR032219001,15,15,1.666939090803383,1.7239372520908742
NAR032219002,NAR,CJF_1,CJF,1,R,R-NAR032219002,6,1,0.37096662894186616,1.1137230647986534
NAR032219002,NAR,CJF_1,CJF,1,R,R-NAR032219002,6,2,0.596951818864466,1.1137230647986534
NAR032219002,NAR,CJF_1,CJF,1,R,R-NAR032219002,6,3,0.7245946932483859,1.1137230647986534
NAR032219002,NAR,CJF_1,CJF,1,R,R-NAR032219002,6,4,0.8910930871378628,1.1137230647986534
NAR032219002,NAR,CJF_1,CJF,1,R,R-NAR032219002,6,5,1.0209501573783926,1.1137230647986534
NAR032219002,NAR,CJF_1,CJF,1,R,R-NAR032219002,6,6,1.1137230647986534,1.1137230647986534
NAR032219002,NAR,CJF_2,CJF,2,R,R-NAR032219002,6,1,0.3009517585499568,0.9904749518264298
NAR032219002,NAR,CJF_2,CJF,2,R,R-NAR032219002,6,2,0.5274337714255174,0.9904749518264298
NAR032219002,NAR,CJF_2,CJF,2,R,R-NAR032219002,6,3,0.6794819039146762,0.9904749518264298
NAR032219002,NAR,CJF_2,CJF,2,R,R-NAR032219002,6,4,0.8204525333285826,0.9904749518264298
NAR032219002,NAR,CJF_2,CJF,2,R,R-NAR032219002,6,5,0.9260464955138309,0.9904749518264298
NAR032219002,NAR,CJF_2,CJF,2,R,R-NAR032219002,6,6,0.9904749518264298,0.9904749518264298
NAR032219002,NAR,CJF_3,CJF,3,R,R-NAR032219002,6,1,0.36839558680465623,1.0968755775968353
NAR032219002,NAR,CJF_3,CJF,3,R,R-NAR032219002,6,2,0.5630596454027207,1.0968755775968353
NAR032219002,NAR,CJF_3,CJF,3,R,R-NAR032219002,6,3,0.7115878671729884,1.0968755775968353
NAR032219002,NAR,CJF_3,CJF,3,R,R-NAR032219002,6,4,0.8858195226370725,1.0968755775968353
NAR032219002,NAR,CJF_3,CJF,3,R,R-NAR032219002,6,5,1.0139153412733601,1.0968755775968353
NAR032219002,NAR,CJF_3,CJF,3,R,R-NAR032219002,6,6,1.0968755775968353,1.0968755775968353
NAR032219002,NAR,JRS_1,JRS,1,R,R-NAR032219002,3,1,0.40890480624176867,0.8645557743552114
NAR032219002,NAR,JRS_1,JRS,1,R,R-NAR032219002,3,2,0.5600614642067249,0.8645557743552114
NAR032219002,NAR,JRS_1,JRS,1,R,R-NAR032219002,3,3,0.6851253990911561,0.8645557743552114
NAR032219003,NAR,CJF_1,CJF,1,R,R-NAR032219003,6,1,0.48491690412533794,1.2260024361800081
NAR032219003,NAR,CJF_1,CJF,1,R,R-NAR032219003,6,2,0.6977073716415129,1.2260024361800081
NAR032219003,NAR,CJF_1,CJF,1,R,R-NAR032219003,6,3,0.8671393638629502,1.2260024361800081
NAR032219003,NAR,CJF_1,CJF,1,R,R-NAR032219003,6,4,1.005460057539911,1.2260024361800081
NAR032219003,NAR,CJF_1,CJF,1,R,R-NAR032219003,6,5,1.144007744432865,1.2260024361800081
NAR032219003,NAR,CJF_1,CJF,1,R,R-NAR032219003,6,6,1.2260024361800081,1.2260024361800081
NAR032219003,NAR,CJF_2,CJF,2,R,R-NAR032219003,6,1,0.5186964339444357,1.2930375856369327
NAR032219003,NAR,CJF_2,CJF,2,R,R-NAR032219003,6,2,0.7606422021885508,1.2930375856369327
NAR032219003,NAR,CJF_2,CJF,2,R,R-NAR032219003,6,3,0.920935854245025,1.2930375856369327
NAR032219003,NAR,CJF_2,CJF,2,R,R-NAR032219003,6,4,1.042390593028766,1.2930375856369327
NAR032219003,NAR,CJF_2,CJF,2,R,R-NAR032219003,6,5,1.1822712160383302,1.2930375856369327
NAR032219003,NAR,CJF_2,CJF,2,R,R-NAR032219003,6,6,1.2930375856369327,1.2930375856369327
NAR032219003,NAR,CJF_3,CJF,3,R,R-NAR032219003,6,1,0.5512291437466412,1.2889623532239265
NAR032219003,NAR,CJF_3,CJF,3,R,R-NAR032219003,6,2,0.78104329759768365,1.2889623532239265
NAR032219003,NAR,CJF_3,CJF,3,R,R-NAR032219003,6,3,0.9354978984493181,1.2889623532239265
NAR032219003,NAR,CJF_3,CJF,3,R,R-NAR032219003,6,4,1.0679996986737514,1.2889623532239265
NAR032219003,NAR,CJF_3,CJF,3,R,R-NAR032219003,6,5,1.1928951645482573,1.2889623532239265
NAR032219003,NAR,CJF_3,CJF,3,R,R-NAR032219003,6,6,1.2889623532239265,1.2889623532239265
NAR032219003,NAR,JRS_1,JRS,1,R,R-NAR032219003,6,1,0.38611863391363954,1.3418849754052482
NAR032219003,NAR,JRS_1,JRS,1,R,R-NAR032219003,6,2,0.6031687767704622,1.3418849754052482
NAR032219003,NAR,JRS_1,JRS,1,R,R-NAR032219003,6,3,0.8519151497562665,1.3418849754052482
NAR032219003,NAR,JRS_1,JRS,1,R,R-NAR032219003,6,4,1.0061580903928675,1.3418849754052482
NAR032219003,NAR,JRS_1,JRS,1,R,R-NAR032219003,6,5,1.1476206098978026,1.3418849754052482
NAR032219003,NAR,JRS_1,JRS,1,R,R-NAR032219003,6,6,1.2618421256635581,1.3418849754052482
NAR032219004,NAR,CJF_1,CJF,1,R,R-NAR032219004,8,1,0.350272306285936,1.1475713745878362
NAR032219004,NAR,CJF_1,CJF,1,R,R-NAR032219004,8,2,0.5510431524190671,1.1475713745878362
NAR032219004,NAR,CJF_1,CJF,1,R,R-NAR032219004,8,3,0.7349312865731001,1.1475713745878362
NAR032219004,NAR,CJF_1,CJF,1,R,R-NAR032219004,8,4,0.8529172045834581,1.1475713745878362
NAR032219004,NAR,CJF_1,CJF,1,R,R-NAR032219004,8,5,0.9317815666047077,1.1475713745878362
NAR032219004,NAR,CJF_1,CJF,1,R,R-NAR032219004,8,6,1.0067253625244346,1.1475713745878362
NAR032219004,NAR,CJF_1,CJF,1,R,R-NAR032219004,8,7,1.080854842557804,1.1475713745878362
NAR032219004,NAR,CJF_1,CJF,1,R,R-NAR032219004,8,8,1.1475713745878362,1.1475713745878362
NAR032219004,NAR,CJF_2,CJF,2,R,R-NAR032219004,8,1,0.39393563287130257,1.194445108760225
NAR032219004,NAR,CJF_2,CJF,2,R,R-NAR032219004,8,2,0.5933936436844099,1.194445108760225
NAR032219004,NAR,CJF_2,CJF,2,R,R-NAR032219004,8,3,0.7761865747908805,1.194445108760225
NAR032219004,NAR,CJF_2,CJF,2,R,R-NAR032219004,8,4,0.8814329388713784,1.194445108760225
NAR032219004,NAR,CJF_2,CJF,2,R,R-NAR032219004,8,5,0.9584285117258234,1.194445108760225
NAR032219004,NAR,CJF_2,CJF,2,R,R-NAR032219004,8,6,1.042255414714381,1.194445108760225
NAR032219004,NAR,CJF_2,CJF,2,R,R-NAR032219004,8,7,1.1132956384081596,1.194445108760225
NAR032219004,NAR,CJF_2,CJF,2,R,R-NAR032219004,8,8,1.194445108760225,1.194445108760225
NAR032219004,NAR,CJF_3,CJF,3,R,R-NAR032219004,8,1,0.3662142891424155,1.1446009009579947
NAR032219004,NAR,CJF_3,CJF,3,R,R-NAR032219004,8,2,0.534828232480342,1.1446009009579947
NAR032219004,NAR,CJF_3,CJF,3,R,R-NAR032219004,8,3,0.7483034352381502,1.1446009009579947
NAR032219004,NAR,CJF_3,CJF,3,R,R-NAR032219004,8,4,0.8460951352777044,1.1446009009579947
NAR032219004,NAR,CJF_3,CJF,3,R,R-NAR032219004,8,5,0.925556322994211,1.1446009009579947
NAR032219004,NAR,CJF_3,CJF,3,R,R-NAR032219004,8,6,0.9895813634017454,1.1446009009579947
NAR032219004,NAR,CJF_3,CJF,3,R,R-NAR032219004,8,7,1.0556675001587479,1.1446009009579947
NAR032219004,NAR,CJF_3,CJF,3,R,R-NAR032219004,8,8,1.1446009009579947,1.1446009009579947
NAR032219004,NAR,JRS_1,JRS,1,R,R-NAR032219004,8,1,0.39905957710518036,1.145877270816804
NAR032219004,NAR,JRS_1,JRS,1,R,R-NAR032219004,8,2,0.5542722455776191,1.145877270816804
NAR032219004,NAR,JRS_1,JRS,1,R,R-NAR032219004,8,3,0.6863118463083165,1.145877270816804
NAR032219004,NAR,JRS_1,JRS,1,R,R-NAR032219004,8,4,0.7681933022527643,1.145877270816804
NAR032219004,NAR,JRS_1,JRS,1,R,R-NAR032219004,8,5,0.8606945421370793,1.145877270816804
NAR032219004,NAR,JRS_1,JRS,1,R,R-NAR032219004,8,6,0.9263467456382917,1.145877270816804
NAR032219004,NAR,JRS_1,JRS,1,R,R-NAR032219004,8,7,1.0188479855226067,1.145877270816804
NAR032219004,NAR,JRS_1,JRS,1,R,R-NAR032219004,8,8,1.062661468077217,1.145877270816804
NAR032219005,NAR,CJF_1,CJF,1,R,R-NAR032219005,15,1,0.45893375863787433,1.8524796145576137
NAR032219005,NAR,CJF_1,CJF,1,R,R-NAR032219005,15,2,0.70336210003158806,1.8524796145576137
NAR032219005,NAR,CJF_1,CJF,1,R,R-NAR032219005,15,3,0.893215325077698,1.8524796145576137
NAR032219005,NAR,CJF_1,CJF,1,R,R-NAR032219005,15,4,0.9875885561737855,1.8524796145576137
NAR032219005,NAR,CJF_1,CJF,1,R,R-NAR032219005,15,5,1.1298247578953209,1.8524796145576137
NAR032219005,NAR,CJF_1,CJF,1,R,R-NAR032219005,15,6,1.25057181229558,1.8524796145576137
NAR032219005,NAR,CJF_1,CJF,1,R,R-NAR032219005,15,7,1.3521490837155723,1.8524796145576137
NAR032219005,NAR,CJF_1,CJF,1,R,R-NAR032219005,15,8,1.4094124853554981,1.8524796145576137
NAR032219005,NAR,CJF_1,CJF,1,R,R-NAR032219005,15,9,1.4874271924140778,1.8524796145576137
NAR032219005,NAR,CJF_1,CJF,1,R,R-NAR032219005,15,10,1.5656878467735318,1.8524796145576137
NAR032219005,NAR,CJF_1,CJF,1,R,R-NAR032219005,15,11,1.6203859367715732,1.8524796145576137
NAR032219005,NAR,CJF_1,CJF,1,R,R-NAR032219005,15,12,1.6771574438097503,1.8524796145576137
NAR032219005,NAR,CJF_1,CJF,1,R,R-NAR032219005,15,13,1.7291672485154699,1.8524796145576137
NAR032219005,NAR,CJF_1,CJF,1,R,R-NAR032219005,15,14,1.7908234315365414,1.8524796145576137
NAR032219005,NAR,CJF_1,CJF,1,R,R-NAR032219005,15,15,1.8524796145576137,1.8524796145576137
NAR032219005,NAR,CJF_2,CJF,2,R,R-NAR032219005,15,1,0.4926480685204689,1.7652069308728686
NAR032219005,NAR,CJF_2,CJF,2,R,R-NAR032219005,15,2,0.6772330262639494,1.7652069308728686
NAR032219005,NAR,CJF_2,CJF,2,R,R-NAR032219005,15,3,0.843860337666333,1.7652069308728686
NAR032219005,NAR,CJF_2,CJF,2,R,R-NAR032219005,15,4,0.9682794463917519,1.7652069308728686
NAR032219005,NAR,CJF_2,CJF,2,R,R-NAR032219005,15,5,1.1377494969185655,1.7652069308728686
NAR032219005,NAR,CJF_2,CJF,2,R,R-NAR032219005,15,6,1.2322425070836058,1.7652069308728686
NAR032219005,NAR,CJF_2,CJF,2,R,R-NAR032219005,15,7,1.3339892549840242,1.7652069308728686
NAR032219005,NAR,CJF_2,CJF,2,R,R-NAR032219005,15,8,1.3859604105747962,1.7652069308728686
NAR032219005,NAR,CJF_2,CJF,2,R,R-NAR032219005,15,9,1.453997365098495,1.7652069308728686
NAR032219005,NAR,CJF_2,CJF,2,R,R-NAR032219005,15,10,1.5317972725360012,1.7652069308728686
NAR032219005,NAR,CJF_2,CJF,2,R,R-NAR032219005,15,11,1.6023533782624781,1.7652069308728686
NAR032219005,NAR,CJF_2,CJF,2,R,R-NAR032219005,15,12,1.6502371231639539,1.7652069308728686
NAR032219005,NAR,CJF_2,CJF,2,R,R-NAR032219005,15,13,1.6858288279244957,1.7652069308728686
NAR032219005,NAR,CJF_2,CJF,2,R,R-NAR032219005,15,14,1.7204795769931265,1.7652069308728686
NAR032219005,NAR,CJF_2,CJF,2,R,R-NAR032219005,15,15,1.7652069308728686,1.7652069308728686
NAR032219005,NAR,CJF_3,CJF,3,R,R-NAR032219005,12,1,0.43337433073625276,1.7595555534934442
NAR032219005,NAR,CJF_3,CJF,3,R,R-NAR032219005,12,2,0.6475261040679765,1.7595555534934442
NAR032219005,NAR,CJF_3,CJF,3,R,R-NAR032219005,12,3,0.8072187076547247,1.7595555534934442
NAR032219005,NAR,CJF_3,CJF,3,R,R-NAR032219005,12,4,0.9552187074812767,1.7595555534934442
NAR032219005,NAR,CJF_3,CJF,3,R,R-NAR032219005,12,5,1.1057816255425572,1.7595555534934442
NAR032219005,NAR,CJF_3,CJF,3,R,R-NAR032219005,12,6,1.1989484598196491,1.7595555534934442
NAR032219005,NAR,CJF_3,CJF,3,R,R-NAR032219005,12,7,1.3078667993096014,1.7595555534934442
NAR032219005,NAR,CJF_3,CJF,3,R,R-NAR032219005,12,8,1.4423592687501934,1.7595555534934442
NAR032219005,NAR,CJF_3,CJF,3,R,R-NAR032219005,12,9,1.5355261030272847,1.7595555534934442
NAR032219005,NAR,CJF_3,CJF,3,R,R-NAR032219005,12,10,1.5826705138725563,1.7595555534934442
NAR032219005,NAR,CJF_3,CJF,3,R,R-NAR032219005,12,11,1.651011209807975,1.7595555534934442
NAR032219005,NAR,CJF_3,CJF,3,R,R-NAR032219005,12,12,1.7595555534934442,1.7595555534934442
NAR032219005,NAR,JRS_1,JRS,1,R,R-NAR032219005,12,1,0.25091306491631876,1.1197220534489292
NAR032219005,NAR,JRS_1,JRS,1,R,R-NAR032219005,12,2,0.3895134782600355,1.1197220534489292
NAR032219005,NAR,JRS_1,JRS,1,R,R-NAR032219005,12,3,0.4796359565002841,1.1197220534489292
NAR032219005,NAR,JRS_1,JRS,1,R,R-NAR032219005,12,4,0.5642990613909341,1.1197220534489292
NAR032219005,NAR,JRS_1,JRS,1,R,R-NAR032219005,12,5,0.6411074356317731,1.1197220534489292
NAR032219005,NAR,JRS_1,JRS,1,R,R-NAR032219005,12,6,0.7073375094011235,1.1197220534489292
NAR032219005,NAR,JRS_1,JRS,1,R,R-NAR032219005,12,7,0.7568367831877204,1.1197220534489292
NAR032219005,NAR,JRS_1,JRS,1,R,R-NAR032219005,12,8,0.846959261427969,1.1197220534489292
NAR032219005,NAR,JRS_1,JRS,1,R,R-NAR032219005,12,9,0.9008965698810331,1.1197220534489292
NAR032219005,NAR,JRS_1,JRS,1,R,R-NAR032219005,12,10,0.9582505743174436,1.1197220534489292
NAR032219005,NAR,JRS_1,JRS,1,R,R-NAR032219005,12,11,1.0299400214363899,1.1197220534489292
NAR032219005,NAR,JRS_1,JRS,1,R,R-NAR032219005,12,12,1.0705632258900444,1.1197220534489292
NAR032219006,NAR,CJF_1,CJF,1,R,R-NAR032219006,5,1,0.34839205068483037,1.0223362461475793
NAR032219006,NAR,CJF_1,CJF,1,R,R-NAR032219006,5,2,0.5901929762174929,1.0223362461475793
NAR032219006,NAR,CJF_1,CJF,1,R,R-NAR032219006,5,3,0.7681417365000927,1.0223362461475793
NAR032219006,NAR,CJF_1,CJF,1,R,R-NAR032219006,5,4,0.9311740834921467,1.0223362461475793
NAR032219006,NAR,CJF_1,CJF,1,R,R-NAR032219006,5,5,1.0223362461475793,1.0223362461475793
NAR032219006,NAR,CJF_2,CJF,2,R,R-NAR032219006,5,1,0.38929507224760296,1.0715203560795603
NAR032219006,NAR,CJF_2,CJF,2,R,R-NAR032219006,5,2,0.6085728136912951,1.0715203560795603
NAR032219006,NAR,CJF_2,CJF,2,R,R-NAR032219006,5,3,0.792508413089656,1.0715203560795603
NAR032219006,NAR,CJF_2,CJF,2,R,R-NAR032219006,5,4,0.9453585735643885,1.0715203560795603
NAR032219006,NAR,CJF_2,CJF,2,R,R-NAR032219006,5,5,1.0715203560795603,1.0715203560795603
NAR032219006,NAR,CJF_3,CJF,3,R,R-NAR032219006,5,1,0.33213642275224026,1.01742610966562
NAR032219006,NAR,CJF_3,CJF,3,R,R-NAR032219006,5,2,0.5490183258861604,1.01742610966562
NAR032219006,NAR,CJF_3,CJF,3,R,R-NAR032219006,5,3,0.7383078486840158,1.01742610966562
NAR032219006,NAR,CJF_3,CJF,3,R,R-NAR032219006,5,4,0.8916631693428498,1.01742610966562
NAR032219006,NAR,CJF_3,CJF,3,R,R-NAR032219006,5,5,1.01742610966562,1.01742610966562
NAR032219006,NAR,JRS_1,JRS,1,R,R-NAR032219006,4,1,0.34993335056509506,0.9937059223842261
NAR032219006,NAR,JRS_1,JRS,1,R,R-NAR032219006,4,2,0.5817231086747263,0.9937059223842261
NAR032219006,NAR,JRS_1,JRS,1,R,R-NAR032219006,4,3,0.7350923071154645,0.9937059223842261
NAR032219006,NAR,JRS_1,JRS,1,R,R-NAR032219006,4,4,0.889684713052602,0.9937059223842261
NAR032219007,NAR,CJF_1,CJF,1,R,R-NAR032219007,9,1,0.45307394364293646,1.2507918536069156
NAR032219007,NAR,CJF_1,CJF,1,R,R-NAR032219007,9,2,0.5981800272679642,1.2507918536069156
NAR032219007,NAR,CJF_1,CJF,1,R,R-NAR032219007,9,3,0.7178885128227511,1.2507918536069156
NAR032219007,NAR,CJF_1,CJF,1,R,R-NAR032219007,9,4,0.847348385337034,1.2507918536069156
NAR032219007,NAR,CJF_1,CJF,1,R,R-NAR032219007,9,5,0.9361656088010618,1.2507918536069156
NAR032219007,NAR,CJF_1,CJF,1,R,R-NAR032219007,9,6,1.0041341373256838,1.2507918536069156
NAR032219007,NAR,CJF_1,CJF,1,R,R-NAR032219007,9,7,1.0667902020827722,1.2507918536069156
NAR032219007,NAR,CJF_1,CJF,1,R,R-NAR032219007,9,8,1.1556074255468,1.2507918536069156
NAR032219007,NAR,CJF_1,CJF,1,R,R-NAR032219007,9,9,1.2507918536069156,1.2507918536069156
NAR032219007,NAR,CJF_2,CJF,2,R,R-NAR032219007,9,1,0.44586655251497354,1.2209355567412639
NAR032219007,NAR,CJF_2,CJF,2,R,R-NAR032219007,9,2,0.6163183663200821,1.2209355567412639
NAR032219007,NAR,CJF_2,CJF,2,R,R-NAR032219007,9,3,0.7206716232234701,1.2209355567412639
NAR032219007,NAR,CJF_2,CJF,2,R,R-NAR032219007,9,4,0.8225152113268388,1.2209355567412639
NAR032219007,NAR,CJF_2,CJF,2,R,R-NAR032219007,9,5,0.9138451240304644,1.2209355567412639
NAR032219007,NAR,CJF_2,CJF,2,R,R-NAR032219007,9,6,1.0015806997330385,1.2209355567412639
NAR032219007,NAR,CJF_2,CJF,2,R,R-NAR032219007,9,7,1.0820247691353841,1.2209355567412639
NAR032219007,NAR,CJF_2,CJF,2,R,R-NAR032219007,9,8,1.1544648319380064,1.2209355567412639
NAR032219007,NAR,CJF_2,CJF,2,R,R-NAR032219007,9,9,1.2209355567412639,1.2209355567412639
NAR032219007,NAR,CJF_3,CJF,3,R,R-NAR032219007,9,1,0.4206485624677464,1.2120811679767483
NAR032219007,NAR,CJF_3,CJF,3,R,R-NAR032219007,9,2,0.6286004687077511,1.2120811679767483
NAR032219007,NAR,CJF_3,CJF,3,R,R-NAR032219007,9,3,0.7208656105802319,1.2120811679767483
NAR032219007,NAR,CJF_3,CJF,3,R,R-NAR032219007,9,4,0.8435184362075403,1.2120811679767483
NAR032219007,NAR,CJF_3,CJF,3,R,R-NAR032219007,9,5,0.9133747570824644,1.2120811679767483
NAR032219007,NAR,CJF_3,CJF,3,R,R-NAR032219007,9,6,0.9958482715358317,1.2120811679767483
NAR032219007,NAR,CJF_3,CJF,3,R,R-NAR032219007,9,7,1.062576898807786,1.2120811679767483
NAR032219007,NAR,CJF_3,CJF,3,R,R-NAR032219007,9,8,1.1302119084106623,1.2120811679767483
NAR032219007,NAR,CJF_3,CJF,3,R,R-NAR032219007,9,9,1.2120811679767483,1.2120811679767483
NAR032219007,NAR,JRS_1,JRS,1,R,R-NAR032219007,8,1,0.34563633183697834,1.1305388501267324
NAR032219007,NAR,JRS_1,JRS,1,R,R-NAR032219007,8,2,0.4618055382691874,1.1305388501267324
NAR032219007,NAR,JRS_1,JRS,1,R,R-NAR032219007,8,3,0.6157407176922497,1.1305388501267324
NAR032219007,NAR,JRS_1,JRS,1,R,R-NAR032219007,8,4,0.7058981249578987,1.1305388501267324
NAR032219007,NAR,JRS_1,JRS,1,R,R-NAR032219007,8,5,0.8100798336169895,1.1305388501267324
NAR032219007,NAR,JRS_1,JRS,1,R,R-NAR032219007,8,6,0.891722190459668,1.1305388501267324
NAR032219007,NAR,JRS_1,JRS,1,R,R-NAR032219007,8,7,0.9875727666666262,1.1305388501267324
NAR032219007,NAR,JRS_1,JRS,1,R,R-NAR032219007,8,8,1.0566264658456868,1.1305388501267324
NAR032419001,NAR,CJF_1,CJF,1,R,R-NAR032419001,20,1,0.4200299188515837,1.8541657340060005
NAR032419001,NAR,CJF_1,CJF,1,R,R-NAR032419001,20,2,0.5526630214162469,1.8541657340060005
NAR032419001,NAR,CJF_1,CJF,1,R,R-NAR032419001,20,3,0.694549703465654,1.8541657340060005
NAR032419001,NAR,CJF_1,CJF,1,R,R-NAR032419001,20,4,0.7873202218111568,1.8541657340060005
NAR032419001,NAR,CJF_1,CJF,1,R,R-NAR032419001,20,5,0.8960021101974575,1.8541657340060005
NAR032419001,NAR,CJF_1,CJF,1,R,R-NAR032419001,20,6,0.9980262080277038,1.8541657340060005
NAR032419001,NAR,CJF_1,CJF,1,R,R-NAR032419001,20,7,1.0614014569859684,1.8541657340060005
NAR032419001,NAR,CJF_1,CJF,1,R,R-NAR032419001,20,8,1.1460479720767411,1.8541657340060005
NAR032419001,NAR,CJF_1,CJF,1,R,R-NAR032419001,20,9,1.2347564887948783,1.8541657340060005
NAR032419001,NAR,CJF_1,CJF,1,R,R-NAR032419001,20,10,1.3007275266818328,1.8541657340060005
NAR032419001,NAR,CJF_1,CJF,1,R,R-NAR032419001,20,11,1.3907339378643149,1.8541657340060005
NAR032419001,NAR,CJF_1,CJF,1,R,R-NAR032419001,20,12,1.440102578919716,1.8541657340060005
NAR032419001,NAR,CJF_1,CJF,1,R,R-NAR032419001,20,13,1.5114335128983796,1.8541657340060005
NAR032419001,NAR,CJF_1,CJF,1,R,R-NAR032419001,20,14,1.5667689177190798,1.8541657340060005
NAR032419001,NAR,CJF_1,CJF,1,R,R-NAR032419001,20,15,1.6035130044531272,1.8541657340060005
NAR032419001,NAR,CJF_1,CJF,1,R,R-NAR032419001,20,16,1.6455328281617188,1.8541657340060005
NAR032419001,NAR,CJF_1,CJF,1,R,R-NAR032419001,20,17,1.6968062313550536,1.8541657340060005
NAR032419001,NAR,CJF_1,CJF,1,R,R-NAR032419001,20,18,1.7461748724104549,1.8541657340060005
NAR032419001,NAR,CJF_1,CJF,1,R,R-NAR032419001,20,19,1.7921725386292457,1.8541657340060005
NAR032419001,NAR,CJF_1,CJF,1,R,R-NAR032419001,20,20,1.8541657340060005,1.8541657340060005
NAR032419001,NAR,CJF_2,CJF,2,R,R-NAR032419001,18,1,0.4447045643999671,1.884938749553292
NAR032419001,NAR,CJF_2,CJF,2,R,R-NAR032419001,18,2,0.5855481013381836,1.884938749553292
NAR032419001,NAR,CJF_2,CJF,2,R,R-NAR032419001,18,3,0.7202170182543096,1.884938749553292
NAR032419001,NAR,CJF_2,CJF,2,R,R-NAR032419001,18,4,0.833553490419468,1.884938749553292
NAR032419001,NAR,CJF_2,CJF,2,R,R-NAR032419001,18,5,0.9321739439795138,1.884938749553292
NAR032419001,NAR,CJF_2,CJF,2,R,R-NAR032419001,18,6,1.013953555141985,1.884938749553292
NAR032419001,NAR,CJF_2,CJF,2,R,R-NAR032419001,18,7,1.1259067866713854,1.884938749553292
NAR032419001,NAR,CJF_2,CJF,2,R,R-NAR032419001,18,8,1.2218606846375604,1.884938749553292
NAR032419001,NAR,CJF_2,CJF,2,R,R-NAR032419001,18,9,1.3008738145285141,1.884938749553292
NAR032419001,NAR,CJF_2,CJF,2,R,R-NAR032419001,18,10,1.3846783238058002,1.884938749553292
NAR032419001,NAR,CJF_2,CJF,2,R,R-NAR032419001,18,11,1.4451254902173043,1.884938749553292
NAR032419001,NAR,CJF_2,CJF,2,R,R-NAR032419001,18,12,1.5624118329344465,1.884938749553292
NAR032419001,NAR,CJF_2,CJF,2,R,R-NAR032419001,18,13,1.6388583329091757,1.884938749553292
NAR032419001,NAR,CJF_2,CJF,2,R,R-NAR032419001,18,14,1.6737234069847902,1.884938749553292
NAR032419001,NAR,CJF_2,CJF,2,R,R-NAR032419001,18,15,1.7173297309987199,1.884938749553292
NAR032419001,NAR,CJF_2,CJF,2,R,R-NAR032419001,18,16,1.7689357217942623,1.884938749553292
NAR032419001,NAR,CJF_2,CJF,2,R,R-NAR032419001,18,17,1.8219249532255637,1.884938749553292
NAR032419001,NAR,CJF_2,CJF,2,R,R-NAR032419001,18,18,1.884938749553292,1.884938749553292
NAR032419001,NAR,CJF_3,CJF,3,R,R-NAR032419001,21,1,0.39834359469735725,1.823685775365808
NAR032419001,NAR,CJF_3,CJF,3,R,R-NAR032419001,21,2,0.5329121008064654,1.823685775365808
NAR032419001,NAR,CJF_3,CJF,3,R,R-NAR032419001,21,3,0.6574125009067574,1.823685775365808
NAR032419001,NAR,CJF_3,CJF,3,R,R-NAR032419001,21,4,0.7819322332772192,1.823685775365808
NAR032419001,NAR,CJF_3,CJF,3,R,R-NAR032419001,21,5,0.8656397939823195,1.823685775365808
NAR032419001,NAR,CJF_3,CJF,3,R,R-NAR032419001,21,6,0.9499837636683677,1.823685775365808
NAR032419001,NAR,CJF_3,CJF,3,R,R-NAR032419001,21,7,1.043045692320655,1.823685775365808
NAR032419001,NAR,CJF_3,CJF,3,R,R-NAR032419001,21,8,1.1481622830052836,1.823685775365808
NAR032419001,NAR,CJF_3,CJF,3,R,R-NAR032419001,21,9,1.2124280374842098,1.823685775365808
NAR032419001,NAR,CJF_3,CJF,3,R,R-NAR032419001,21,10,1.2827307891143918,1.823685775365808
NAR032419001,NAR,CJF_3,CJF,3,R,R-NAR032419001,21,11,1.3744425707241024,1.823685775365808
NAR032419001,NAR,CJF_3,CJF,3,R,R-NAR032419001,21,12,1.4313598455495364,1.823685775365808
NAR032419001,NAR,CJF_3,CJF,3,R,R-NAR032419001,21,13,1.4956256000284627,1.823685775365808
NAR032419001,NAR,CJF_3,CJF,3,R,R-NAR032419001,21,14,1.5438442481578274,1.823685775365808
NAR032419001,NAR,CJF_3,CJF,3,R,R-NAR032419001,21,15,1.5753020518760021,1.823685775365808
NAR032419001,NAR,CJF_3,CJF,3,R,R-NAR032419001,21,16,1.6214954794415017,1.823685775365808
NAR032419001,NAR,CJF_3,CJF,3,R,R-NAR032419001,21,17,1.660996168604627,1.823685775365808
NAR032419001,NAR,CJF_3,CJF,3,R,R-NAR032419001,21,18,1.6984909694740575,1.823685775365808
NAR032419001,NAR,CJF_3,CJF,3,R,R-NAR032419001,21,19,1.723256034789858,1.823685775365808
NAR032419001,NAR,CJF_3,CJF,3,R,R-NAR032419001,21,20,1.7821791979089874,1.823685775365808
NAR032419001,NAR,CJF_3,CJF,3,R,R-NAR032419001,21,21,1.823685775365808,1.823685775365808
NAR032419001,NAR,JRS_1,JRS,1,R,R-NAR032419001,18,1,0.4013171588450372,1.8645230802507413
NAR032419001,NAR,JRS_1,JRS,1,R,R-NAR032419001,18,2,0.5362182579930515,1.8645230802507413
NAR032419001,NAR,JRS_1,JRS,1,R,R-NAR032419001,18,3,0.7019839421605376,1.8645230802507413
NAR032419001,NAR,JRS_1,JRS,1,R,R-NAR032419001,18,4,0.8182806674119951,1.8645230802507413
NAR032419001,NAR,JRS_1,JRS,1,R,R-NAR032419001,18,5,0.9350055070878219,1.8645230802507413
NAR032419001,NAR,JRS_1,JRS,1,R,R-NAR032419001,18,6,1.0301679486924555,1.8645230802507413
NAR032419001,NAR,JRS_1,JRS,1,R,R-NAR032419001,18,7,1.092325233155769,1.8645230802507413
NAR032419001,NAR,JRS_1,JRS,1,R,R-NAR032419001,18,8,1.1680270720151062,1.8645230802507413
NAR032419001,NAR,JRS_1,JRS,1,R,R-NAR032419001,18,9,1.2614770559222612,1.8645230802507413
NAR032419001,NAR,JRS_1,JRS,1,R,R-NAR032419001,18,10,1.340993147804974,1.8645230802507413
NAR032419001,NAR,JRS_1,JRS,1,R,R-NAR032419001,18,11,1.4162668722399419,1.8645230802507413
NAR032419001,NAR,JRS_1,JRS,1,R,R-NAR032419001,18,12,1.476322361377358,1.8645230802507413
NAR032419001,NAR,JRS_1,JRS,1,R,R-NAR032419001,18,13,1.5224051816943809,1.8645230802507413
NAR032419001,NAR,JRS_1,JRS,1,R,R-NAR032419001,18,14,1.5790745322327913,1.8645230802507413
NAR032419001,NAR,JRS_1,JRS,1,R,R-NAR032419001,18,15,1.626013581398554,1.8645230802507413
NAR032419001,NAR,JRS_1,JRS,1,R,R-NAR032419001,18,16,1.6856409561116008,1.8645230802507413
NAR032419001,NAR,JRS_1,JRS,1,R,R-NAR032419001,18,17,1.7330081197017329,1.8645230802507413
NAR032419001,NAR,JRS_1,JRS,1,R,R-NAR032419001,18,18,1.7795190544431256,1.8645230802507413
NAR032419002,NAR,CJF_1,CJF,1,R,R-NAR032419002,9,1,0.420072577435492,1.3588937575764017
NAR032419002,NAR,CJF_1,CJF,1,R,R-NAR032419002,9,2,0.6050168141953435,1.3588937575764017
NAR032419002,NAR,CJF_1,CJF,1,R,R-NAR032419002,9,3,0.7829625165448865,1.3588937575764017
NAR032419002,NAR,CJF_1,CJF,1,R,R-NAR032419002,9,4,0.8880913584638245,1.3588937575764017
NAR032419002,NAR,CJF_1,CJF,1,R,R-NAR032419002,9,5,0.9844265558897696,1.3588937575764017
NAR032419002,NAR,CJF_1,CJF,1,R,R-NAR032419002,9,6,1.0760011192283523,1.3588937575764017
NAR032419002,NAR,CJF_1,CJF,1,R,R-NAR032419002,9,7,1.2032169999008102,1.3588937575764017
NAR032419002,NAR,CJF_1,CJF,1,R,R-NAR032419002,9,8,1.2856341069055355,1.3588937575764017
NAR032419002,NAR,CJF_1,CJF,1,R,R-NAR032419002,9,9,1.3588937575764017,1.3588937575764017
NAR032419002,NAR,CJF_2,CJF,2,R,R-NAR032419002,9,1,0.4654188584570642,1.4184215820804904
NAR032419002,NAR,CJF_2,CJF,2,R,R-NAR032419002,9,2,0.6805215308919037,1.4184215820804904
NAR032419002,NAR,CJF_2,CJF,2,R,R-NAR032419002,9,3,0.8350687376776514,1.4184215820804904
NAR032419002,NAR,CJF_2,CJF,2,R,R-NAR032419002,9,4,0.9459673819817057,1.4184215820804904
NAR032419002,NAR,CJF_2,CJF,2,R,R-NAR032419002,9,5,1.047353592917925,1.4184215820804904
NAR032419002,NAR,CJF_2,CJF,2,R,R-NAR032419002,9,6,1.1593112190061154,1.4184215820804904
NAR032419002,NAR,CJF_2,CJF,2,R,R-NAR032419002,9,7,1.2402728559540757,1.4184215820804904
NAR032419002,NAR,CJF_2,CJF,2,R,R-NAR032419002,9,8,1.3356827070327104,1.4184215820804904
NAR032419002,NAR,CJF_2,CJF,2,R,R-NAR032419002,9,9,1.4184215820804904,1.4184215820804904
NAR032419002,NAR,CJF_3,CJF,3,R,R-NAR032419002,9,1,0.4508956387745757,1.3890838671120034
NAR032419002,NAR,CJF_3,CJF,3,R,R-NAR032419002,9,2,0.6710005164897018,1.3890838671120034
NAR032419002,NAR,CJF_3,CJF,3,R,R-NAR032419002,9,3,0.8131419736718438,1.3890838671120034
NAR032419002,NAR,CJF_3,CJF,3,R,R-NAR032419002,9,4,0.9309486909640574,1.3890838671120034
NAR032419002,NAR,CJF_3,CJF,3,R,R-NAR032419002,9,5,1.0275939596608568,1.3890838671120034
NAR032419002,NAR,CJF_3,CJF,3,R,R-NAR032419002,9,6,1.1515369414488617,1.3890838671120034
NAR032419002,NAR,CJF_3,CJF,3,R,R-NAR032419002,9,7,1.2408061454340704,1.3890838671120034
NAR032419002,NAR,CJF_3,CJF,3,R,R-NAR032419002,9,8,1.3162899655354547,1.3890838671120034
NAR032419002,NAR,CJF_3,CJF,3,R,R-NAR032419002,9,9,1.3890838671120034,1.3890838671120034
NAR032419002,NAR,JRS_1,JRS,1,R,R-NAR032419002,8,1,0.4363853329479568,1.5621440839185288
NAR032419002,NAR,JRS_1,JRS,1,R,R-NAR032419002,8,2,0.6161940308748735,1.5621440839185288
NAR032419002,NAR,JRS_1,JRS,1,R,R-NAR032419002,8,3,0.8099721941650327,1.5621440839185288
NAR032419002,NAR,JRS_1,JRS,1,R,R-NAR032419002,8,4,0.9658149384459156,1.5621440839185288
NAR032419002,NAR,JRS_1,JRS,1,R,R-NAR032419002,8,5,1.0802619585785667,1.5621440839185288
NAR032419002,NAR,JRS_1,JRS,1,R,R-NAR032419002,8,6,1.1993227188964897,1.5621440839185288
NAR032419002,NAR,JRS_1,JRS,1,R,R-NAR032419002,8,7,1.3049266857926685,1.5621440839185288
NAR032419002,NAR,JRS_1,JRS,1,R,R-NAR032419002,8,8,1.4028410344986921,1.5621440839185288
NAR032419003,NAR,CJF_1,CJF,1,R,R-NAR032419003,11,1,0.3466440278760594,1.345536180748318
NAR032419003,NAR,CJF_1,CJF,1,R,R-NAR032419003,11,2,0.579113608586529,1.345536180748318
NAR032419003,NAR,CJF_1,CJF,1,R,R-NAR032419003,11,3,0.7036000864685684,1.345536180748318
NAR032419003,NAR,CJF_1,CJF,1,R,R-NAR032419003,11,4,0.8158564234405066,1.345536180748318
NAR032419003,NAR,CJF_1,CJF,1,R,R-NAR032419003,11,5,0.9138882354265856,1.345536180748318
NAR032419003,NAR,CJF_1,CJF,1,R,R-NAR032419003,11,6,0.9981325361830093,1.345536180748318
NAR032419003,NAR,CJF_1,CJF,1,R,R-NAR032419003,11,7,1.099639828682292,1.345536180748318
NAR032419003,NAR,CJF_1,CJF,1,R,R-NAR032419003,11,8,1.174730592226667,1.345536180748318
NAR032419003,NAR,CJF_1,CJF,1,R,R-NAR032419003,11,9,1.2547779327216921,1.345536180748318
NAR032419003,NAR,CJF_1,CJF,1,R,R-NAR032419003,11,10,1.3060917572530069,1.345536180748318
NAR032419003,NAR,CJF_1,CJF,1,R,R-NAR032419003,11,11,1.345536180748318,1.345536180748318
NAR032419003,NAR,CJF_2,CJF,2,R,R-NAR032419003,10,1,0.3252899823076515,1.3652107830202365
NAR032419003,NAR,CJF_2,CJF,2,R,R-NAR032419003,10,2,0.5877963820585861,1.3652107830202365
NAR032419003,NAR,CJF_2,CJF,2,R,R-NAR032419003,10,3,0.747591954718156,1.3652107830202365
NAR032419003,NAR,CJF_2,CJF,2,R,R-NAR032419003,10,4,0.8515582578374146,1.3652107830202365
NAR032419003,NAR,CJF_2,CJF,2,R,R-NAR032419003,10,5,0.9152155527230639,1.3652107830202365
NAR032419003,NAR,CJF_2,CJF,2,R,R-NAR032419003,10,6,1.0232434531039833,1.3652107830202365
NAR032419003,NAR,CJF_2,CJF,2,R,R-NAR032419003,10,7,1.1219418777966843,1.3652107830202365
NAR032419003,NAR,CJF_2,CJF,2,R,R-NAR032419003,10,8,1.2054644052236645,1.3652107830202365
NAR032419003,NAR,CJF_2,CJF,2,R,R-NAR032419003,10,9,1.275743444289757,1.3652107830202365
NAR032419003,NAR,CJF_2,CJF,2,R,R-NAR032419003,10,10,1.3652107830202365,1.3652107830202365
NAR032419003,NAR,CJF_3,CJF,3,R,R-NAR032419003,10,1,0.34489469855499116,1.3582773739164922
NAR032419003,NAR,CJF_3,CJF,3,R,R-NAR032419003,10,2,0.5832860609111,1.3582773739164922
NAR032419003,NAR,CJF_3,CJF,3,R,R-NAR032419003,10,3,0.7405606596859095,1.3582773739164922
NAR032419003,NAR,CJF_3,CJF,3,R,R-NAR032419003,10,4,0.8327659627854023,1.3582773739164922
NAR032419003,NAR,CJF_3,CJF,3,R,R-NAR032419003,10,5,0.9360588640734693,1.3582773739164922
NAR032419003,NAR,CJF_3,CJF,3,R,R-NAR032419003,10,6,1.02359555614678,1.3582773739164922
NAR032419003,NAR,CJF_3,CJF,3,R,R-NAR032419003,10,7,1.1166765179791873,1.3582773739164922
NAR032419003,NAR,CJF_3,CJF,3,R,R-NAR032419003,10,8,1.214425149508157,1.3582773739164922
NAR032419003,NAR,CJF_3,CJF,3,R,R-NAR032419003,10,9,1.2742423754452221,1.3582773739164922
NAR032419003,NAR,CJF_3,CJF,3,R,R-NAR032419003,10,10,1.3582773739164922,1.3582773739164922
NAR032419003,NAR,JRS_1,JRS,1,R,R-NAR032419003,9,1,0.2671427948112894,0.9767740341775809
NAR032419003,NAR,JRS_1,JRS,1,R,R-NAR032419003,9,2,0.4268179812875872,0.9767740341775809
NAR032419003,NAR,JRS_1,JRS,1,R,R-NAR032419003,9,3,0.5407401979826968,0.9767740341775809
NAR032419003,NAR,JRS_1,JRS,1,R,R-NAR032419003,9,4,0.5950915124106877,0.9767740341775809
NAR032419003,NAR,JRS_1,JRS,1,R,R-NAR032419003,9,5,0.6598820025169341,0.9767740341775809
NAR032419003,NAR,JRS_1,JRS,1,R,R-NAR032419003,9,6,0.746168354240184,0.9767740341775809
NAR032419003,NAR,JRS_1,JRS,1,R,R-NAR032419003,9,7,0.8118792598621558,0.9767740341775809
NAR032419003,NAR,JRS_1,JRS,1,R,R-NAR032419003,9,8,0.8800485067760759,0.9767740341775809
NAR032419003,NAR,JRS_1,JRS,1,R,R-NAR032419003,9,9,0.9448389968823215,0.9767740341775809
NAR032419004,NAR,CJF_1,CJF,1,R,R-NAR032419004,10,1,0.2958511264494132,1.3795918479949347
NAR032419004,NAR,CJF_1,CJF,1,R,R-NAR032419004,10,2,0.6200171513956594,1.3795918479949347
NAR032419004,NAR,CJF_1,CJF,1,R,R-NAR032419004,10,3,0.795016637213129,1.3795918479949347
NAR032419004,NAR,CJF_1,CJF,1,R,R-NAR032419004,10,4,0.9082448453664236,1.3795918479949347
NAR032419004,NAR,CJF_1,CJF,1,R,R-NAR032419004,10,5,1.0089171032588289,1.3795918479949347
NAR032419004,NAR,CJF_1,CJF,1,R,R-NAR032419004,10,6,1.1218892697728005,1.3795918479949347
NAR032419004,NAR,CJF_1,CJF,1,R,R-NAR032419004,10,7,1.2225615276652055,1.3795918479949347
NAR032419004,NAR,CJF_1,CJF,1,R,R-NAR032419004,10,8,1.2895056718339268,1.3795918479949347
NAR032419004,NAR,CJF_1,CJF,1,R,R-NAR032419004,10,9,1.3382403017926023,1.3795918479949347
NAR032419004,NAR,CJF_1,CJF,1,R,R-NAR032419004,10,10,1.3795918479949347,1.3795918479949347
NAR032419004,NAR,CJF_2,CJF,2,R,R-NAR032419004,10,1,0.3237662949934972,1.40767952658255
NAR032419004,NAR,CJF_2,CJF,2,R,R-NAR032419004,10,2,0.6588442391583345,1.40767952658255
NAR032419004,NAR,CJF_2,CJF,2,R,R-NAR032419004,10,3,0.8281428528386618,1.40767952658255
NAR032419004,NAR,CJF_2,CJF,2,R,R-NAR032419004,10,4,0.9388719245853329,1.40767952658255
NAR032419004,NAR,CJF_2,CJF,2,R,R-NAR032419004,10,5,1.0541257335907561,1.40767952658255
NAR032419004,NAR,CJF_2,CJF,2,R,R-NAR032419004,10,6,1.1536687894300681,1.40767952658255
NAR032419004,NAR,CJF_2,CJF,2,R,R-NAR032419004,10,7,1.2496925620735624,1.40767952658255
NAR032419004,NAR,CJF_2,CJF,2,R,R-NAR032419004,10,8,1.321207761512487,1.40767952658255
NAR032419004,NAR,CJF_2,CJF,2,R,R-NAR032419004,10,9,1.3751269329234097,1.40767952658255
NAR032419004,NAR,CJF_2,CJF,2,R,R-NAR032419004,10,10,1.40767952658255,1.40767952658255
NAR032419004,NAR,CJF_3,CJF,3,R,R-NAR032419004,10,1,0.30133923994677797,1.4049876894091364
NAR032419004,NAR,CJF_3,CJF,3,R,R-NAR032419004,10,2,0.6376511622751093,1.4049876894091364
NAR032419004,NAR,CJF_3,CJF,3,R,R-NAR032419004,10,3,0.7931383159060513,1.4049876894091364
NAR032419004,NAR,CJF_3,CJF,3,R,R-NAR032419004,10,4,0.9131886134498637,1.4049876894091364
NAR032419004,NAR,CJF_3,CJF,3,R,R-NAR032419004,10,5,1.0332389109936762,1.4049876894091364
NAR032419004,NAR,CJF_3,CJF,3,R,R-NAR032419004,10,6,1.1225273117698649,1.4049876894091364
NAR032419004,NAR,CJF_3,CJF,3,R,R-NAR032419004,10,7,1.2261257391806653,1.4049876894091364
NAR032419004,NAR,CJF_3,CJF,3,R,R-NAR032419004,10,8,1.3041014028489246,1.4049876894091364
NAR032419004,NAR,CJF_3,CJF,3,R,R-NAR032419004,10,9,1.3582380962140772,1.4049876894091364
NAR032419004,NAR,CJF_3,CJF,3,R,R-NAR032419004,10,10,1.4049876894091364,1.4049876894091364
NAR032419004,NAR,JRS_1,JRS,1,R,R-NAR032419004,9,1,0.31376571066791437,1.4280007917973905
NAR032419004,NAR,JRS_1,JRS,1,R,R-NAR032419004,9,2,0.48339964739232266,1.4280007917973905
NAR032419004,NAR,JRS_1,JRS,1,R,R-NAR032419004,9,3,0.6934025885847978,1.4280007917973905
NAR032419004,NAR,JRS_1,JRS,1,R,R-NAR032419004,9,4,0.8470330946524136,1.4280007917973905
NAR032419004,NAR,JRS_1,JRS,1,R,R-NAR032419004,9,5,0.9691733707562749,1.4280007917973905
NAR032419004,NAR,JRS_1,JRS,1,R,R-NAR032419004,9,6,1.082228219815892,1.4280007917973905
NAR032419004,NAR,JRS_1,JRS,1,R,R-NAR032419004,9,7,1.1923923615540482,1.4280007917973905
NAR032419004,NAR,JRS_1,JRS,1,R,R-NAR032419004,9,8,1.2866563989053779,1.4280007917973905
NAR032419004,NAR,JRS_1,JRS,1,R,R-NAR032419004,9,9,1.3619229720084902,1.4280007917973905
NAR032419005,NAR,CJF_1,CJF,1,R,R-NAR032419005,6,1,0.3204517010545894,1.1830783466727495
NAR032419005,NAR,CJF_1,CJF,1,R,R-NAR032419005,6,2,0.6400993677979187,1.1830783466727495
NAR032419005,NAR,CJF_1,CJF,1,R,R-NAR032419005,6,3,0.8352594044260062,1.1830783466727495
NAR032419005,NAR,CJF_1,CJF,1,R,R-NAR032419005,6,4,0.9716071748781583,1.1830783466727495
NAR032419005,NAR,CJF_1,CJF,1,R,R-NAR032419005,6,5,1.0836748480995388,1.1830783466727495
NAR032419005,NAR,CJF_1,CJF,1,R,R-NAR032419005,6,6,1.1830783466727495,1.1830783466727495
NAR032419005,NAR,CJF_2,CJF,2,R,R-NAR032419005,6,1,0.32662931766436015,1.1667144671714262
NAR032419005,NAR,CJF_2,CJF,2,R,R-NAR032419005,6,2,0.6754147700031427,1.1667144671714262
NAR032419005,NAR,CJF_2,CJF,2,R,R-NAR032419005,6,3,0.8334391307876217,1.1667144671714262
NAR032419005,NAR,CJF_2,CJF,2,R,R-NAR032419005,6,4,0.948386683498957,1.1667144671714262
NAR032419005,NAR,CJF_2,CJF,2,R,R-NAR032419005,6,5,1.0798269694056566,1.1667144671714262
NAR032419005,NAR,CJF_2,CJF,2,R,R-NAR032419005,6,6,1.1667144671714262,1.1667144671714262
NAR032419005,NAR,CJF_3,CJF,3,R,R-NAR032419005,6,1,0.3307257446873081,1.1683913037061964
NAR032419005,NAR,CJF_3,CJF,3,R,R-NAR032419005,6,2,0.6696029196254765,1.1683913037061964
NAR032419005,NAR,CJF_3,CJF,3,R,R-NAR032419005,6,3,0.8365047924903071,1.1683913037061964
NAR032419005,NAR,CJF_3,CJF,3,R,R-NAR032419005,6,4,0.9606280213838951,1.1683913037061964
NAR032419005,NAR,CJF_3,CJF,3,R,R-NAR032419005,6,5,1.0796778210689775,1.1683913037061964
NAR032419005,NAR,CJF_3,CJF,3,R,R-NAR032419005,6,6,1.1683913037061964,1.1683913037061964
NAR032419005,NAR,JRS_1,JRS,1,R,R-NAR032419005,7,1,0.24147399431201694,1.1689121985036668
NAR032419005,NAR,JRS_1,JRS,1,R,R-NAR032419005,7,2,0.3323966664728287,1.1689121985036668
NAR032419005,NAR,JRS_1,JRS,1,R,R-NAR032419005,7,3,0.4823473662618117,1.1689121985036668
NAR032419005,NAR,JRS_1,JRS,1,R,R-NAR032419005,7,4,0.699600065993237,1.1689121985036668
NAR032419005,NAR,JRS_1,JRS,1,R,R-NAR032419005,7,5,0.840952829369084,1.1689121985036668
NAR032419005,NAR,JRS_1,JRS,1,R,R-NAR032419005,7,6,0.9821672636132522,1.1689121985036668
NAR032419005,NAR,JRS_1,JRS,1,R,R-NAR032419005,7,7,1.0842759966032742,1.1689121985036668
NAR032419006,NAR,CJF_1,CJF,1,R,R-NAR032419006,4,1,0.389590618938312,0.7967156097976796
NAR032419006,NAR,CJF_1,CJF,1,R,R-NAR032419006,4,2,0.5647517155463884,0.7967156097976796
NAR032419006,NAR,CJF_1,CJF,1,R,R-NAR032419006,4,3,0.7039989141477014,0.7967156097976796
NAR032419006,NAR,CJF_1,CJF,1,R,R-NAR032419006,4,4,0.7967156097976796,0.7967156097976796
NAR032419006,NAR,CJF_2,CJF,2,R,R-NAR032419006,4,1,0.38039608974761246,0.8124192585595312
NAR032419006,NAR,CJF_2,CJF,2,R,R-NAR032419006,4,2,0.5573235555919178,0.8124192585595312
NAR032419006,NAR,CJF_2,CJF,2,R,R-NAR032419006,4,3,0.7134781252068214,0.8124192585595312
NAR032419006,NAR,CJF_2,CJF,2,R,R-NAR032419006,4,4,0.8124192585595312,0.8124192585595312
NAR032419006,NAR,CJF_3,CJF,3,R,R-NAR032419006,4,1,0.432041650534835,0.8626655081707113
NAR032419006,NAR,CJF_3,CJF,3,R,R-NAR032419006,4,2,0.6184341361633607,0.8626655081707113
NAR032419006,NAR,CJF_3,CJF,3,R,R-NAR032419006,4,3,0.7817830158691454,0.8626655081707113
NAR032419006,NAR,CJF_3,CJF,3,R,R-NAR032419006,4,4,0.8626655081707113,0.8626655081707113
NAR032419006,NAR,JRS_1,JRS,1,R,R-NAR032419006,3,1,0.28400241852718,0.5855027529353581
NAR032419006,NAR,JRS_1,JRS,1,R,R-NAR032419006,3,2,0.42820910575108506,0.5855027529353581
NAR032419006,NAR,JRS_1,JRS,1,R,R-NAR032419006,3,3,0.5111835093773062,0.5855027529353581
NAR032419007,NAR,CJF_1,CJF,1,R,R-NAR032419007,5,1,0.43320751683320524,1.0907254426104886
NAR032419007,NAR,CJF_1,CJF,1,R,R-NAR032419007,5,2,0.6824092431802707,1.0907254426104886
NAR032419007,NAR,CJF_1,CJF,1,R,R-NAR032419007,5,3,0.8603915837378141,1.0907254426104886
NAR032419007,NAR,CJF_1,CJF,1,R,R-NAR032419007,5,4,0.9856456884413459,1.0907254426104886
NAR032419007,NAR,CJF_1,CJF,1,R,R-NAR032419007,5,5,1.0907254426104886,1.0907254426104886
NAR032419007,NAR,CJF_2,CJF,2,R,R-NAR032419007,5,1,0.3947566499224234,1.0738551757692467
NAR032419007,NAR,CJF_2,CJF,2,R,R-NAR032419007,5,2,0.6704405637758716,1.0738551757692467
NAR032419007,NAR,CJF_2,CJF,2,R,R-NAR032419007,5,3,0.82199169657951,1.0738551757692467
NAR032419007,NAR,CJF_2,CJF,2,R,R-NAR032419007,5,4,0.9616355557762498,1.0738551757692467
NAR032419007,NAR,CJF_2,CJF,2,R,R-NAR032419007,5,5,1.0738551757692467,1.0738551757692467
NAR032419007,NAR,CJF_3,CJF,3,R,R-NAR032419007,5,1,0.418689785837749,1.1026826356245676
NAR032419007,NAR,CJF_3,CJF,3,R,R-NAR032419007,5,2,0.6942723147220535,1.1026826356245676
NAR032419007,NAR,CJF_3,CJF,3,R,R-NAR032419007,5,3,0.8882427464680671,1.1026826356245676
NAR032419007,NAR,CJF_3,CJF,3,R,R-NAR032419007,5,4,1.0231096109318436,1.1026826356245676
NAR032419007,NAR,CJF_3,CJF,3,R,R-NAR032419007,5,5,1.1026826356245676,1.1026826356245676
NAR032419007,NAR,JRS_1,JRS,1,R,R-NAR032419007,3,1,0.24574679013657302,0.6052067908689651
NAR032419007,NAR,JRS_1,JRS,1,R,R-NAR032419007,3,2,0.39661054536351004,0.6052067908689651
NAR032419007,NAR,JRS_1,JRS,1,R,R-NAR032419007,3,3,0.5121487415684208,0.6052067908689651
NAR032419008,NAR,CJF_1,CJF,1,R,R-NAR032419008,8,1,0.44901297318871936,1.2979518077039132
NAR032419008,NAR,CJF_1,CJF,1,R,R-NAR032419008,8,2,0.6156165713592971,1.2979518077039132
NAR032419008,NAR,CJF_1,CJF,1,R,R-NAR032419008,8,3,0.7408451828356173,1.2979518077039132
NAR032419008,NAR,CJF_1,CJF,1,R,R-NAR032419008,8,4,0.885678286153475,1.2979518077039132
NAR032419008,NAR,CJF_1,CJF,1,R,R-NAR032419008,8,5,1.0013322984842339,1.2979518077039132
NAR032419008,NAR,CJF_1,CJF,1,R,R-NAR032419008,8,6,1.0930498129510904,1.2979518077039132
NAR032419008,NAR,CJF_1,CJF,1,R,R-NAR032419008,8,7,1.1972667521587146,1.2979518077039132
NAR032419008,NAR,CJF_1,CJF,1,R,R-NAR032419008,8,8,1.2979518077039132,1.2979518077039132
NAR032419008,NAR,CJF_2,CJF,2,R,R-NAR032419008,8,1,0.43760563499415006,1.3144098326143805
NAR032419008,NAR,CJF_2,CJF,2,R,R-NAR032419008,8,2,0.6144711657248808,1.3144098326143805
NAR032419008,NAR,CJF_2,CJF,2,R,R-NAR032419008,8,3,0.7385554077653647,1.3144098326143805
NAR032419008,NAR,CJF_2,CJF,2,R,R-NAR032419008,8,4,0.8800095689601402,1.3144098326143805
NAR032419008,NAR,CJF_2,CJF,2,R,R-NAR032419008,8,5,1.0056867386325554,1.3144098326143805
NAR032419008,NAR,CJF_2,CJF,2,R,R-NAR032419008,8,6,1.0977758155020867,1.3144098326143805
NAR032419008,NAR,CJF_2,CJF,2,R,R-NAR032419008,8,7,1.199922188517578,1.3144098326143805
NAR032419008,NAR,CJF_2,CJF,2,R,R-NAR032419008,8,8,1.3144098326143805,1.3144098326143805
NAR032419008,NAR,CJF_3,CJF,3,R,R-NAR032419008,8,1,0.4386416568272671,1.27810546968031
NAR032419008,NAR,CJF_3,CJF,3,R,R-NAR032419008,8,2,0.6152670978421759,1.27810546968031
NAR032419008,NAR,CJF_3,CJF,3,R,R-NAR032419008,8,3,0.7373690919306919,1.27810546968031
NAR032419008,NAR,CJF_3,CJF,3,R,R-NAR032419008,8,4,0.8643505588647767,1.27810546968031
NAR032419008,NAR,CJF_3,CJF,3,R,R-NAR032419008,8,5,0.9886475984841315,1.27810546968031
NAR032419008,NAR,CJF_3,CJF,3,R,R-NAR032419008,8,6,1.069885800615179,1.27810546968031
NAR032419008,NAR,CJF_3,CJF,3,R,R-NAR032419008,8,7,1.1825958853504754,1.27810546968031
NAR032419008,NAR,CJF_3,CJF,3,R,R-NAR032419008,8,8,1.27810546968031,1.27810546968031
NAR032419008,NAR,JRS_1,JRS,1,R,R-NAR032419008,8,1,0.46182491398578834,1.3140543268739524
NAR032419008,NAR,JRS_1,JRS,1,R,R-NAR032419008,8,2,0.5282228924341115,1.3140543268739524
NAR032419008,NAR,JRS_1,JRS,1,R,R-NAR032419008,8,3,0.6440492378246183,1.3140543268739524
NAR032419008,NAR,JRS_1,JRS,1,R,R-NAR032419008,8,4,0.7429059717089845,1.3140543268739524
NAR032419008,NAR,JRS_1,JRS,1,R,R-NAR032419008,8,5,0.8876491034766822,1.3140543268739524
NAR032419008,NAR,JRS_1,JRS,1,R,R-NAR032419008,8,6,1.0111404208912689,1.3140543268739524
NAR032419008,NAR,JRS_1,JRS,1,R,R-NAR032419008,8,7,1.1086758870811397,1.3140543268739524
NAR032419008,NAR,JRS_1,JRS,1,R,R-NAR032419008,8,8,1.2103343562362392,1.3140543268739524
NAR032519001,NAR,CJF_1,CJF,1,R,R-NAR032519001,8,1,0.49095009982917354,1.2562736702270034
NAR032519001,NAR,CJF_1,CJF,1,R,R-NAR032519001,8,2,0.6228752347379888,1.2562736702270034
NAR032519001,NAR,CJF_1,CJF,1,R,R-NAR032519001,8,3,0.7176683324694296,1.2562736702270034
NAR032519001,NAR,CJF_1,CJF,1,R,R-NAR032519001,8,4,0.8478212612758835,1.2562736702270034
NAR032519001,NAR,CJF_1,CJF,1,R,R-NAR032519001,8,5,0.9621343710242295,1.2562736702270034
NAR032519001,NAR,CJF_1,CJF,1,R,R-NAR032519001,8,6,1.0764474807725746,1.2562736702270034
NAR032519001,NAR,CJF_1,CJF,1,R,R-NAR032519001,8,7,1.1474129595398153,1.2562736702270034
NAR032519001,NAR,CJF_1,CJF,1,R,R-NAR032519001,8,8,1.2562736702270034,1.2562736702270034
NAR032519001,NAR,CJF_2,CJF,2,R,R-NAR032519001,8,1,0.4934107828462878,1.2490131601323675
NAR032519001,NAR,CJF_2,CJF,2,R,R-NAR032519001,8,2,0.624712086011803,1.2490131601323675
NAR032519001,NAR,CJF_2,CJF,2,R,R-NAR032519001,8,3,0.7276131737117693,1.2490131601323675
NAR032519001,NAR,CJF_2,CJF,2,R,R-NAR032519001,8,4,0.8580924530948079,1.2490131601323675
NAR032519001,NAR,CJF_2,CJF,2,R,R-NAR032519001,8,5,0.9631547194712844,1.2490131601323675
NAR032519001,NAR,CJF_2,CJF,2,R,R-NAR032519001,8,6,1.0643056403859779,1.2490131601323675
NAR032519001,NAR,CJF_2,CJF,2,R,R-NAR032519001,8,7,1.1383955007291569,1.2490131601323675
NAR032519001,NAR,CJF_2,CJF,2,R,R-NAR032519001,8,8,1.2490131601323675,1.2490131601323675
NAR032519001,NAR,CJF_3,CJF,3,R,R-NAR032519001,8,1,0.5324388897456317,1.2981745045775255
NAR032519001,NAR,CJF_3,CJF,3,R,R-NAR032519001,8,2,0.6785237343409324,1.2981745045775255
NAR032519001,NAR,CJF_3,CJF,3,R,R-NAR032519001,8,3,0.7868852901234816,1.2981745045775255
NAR032519001,NAR,CJF_3,CJF,3,R,R-NAR032519001,8,4,0.9094085624698307,1.2981745045775255
NAR032519001,NAR,CJF_3,CJF,3,R,R-NAR032519001,8,5,1.0248509765342804,1.2981745045775255
NAR032519001,NAR,CJF_3,CJF,3,R,R-NAR032519001,8,6,1.1002201378646892,1.2981745045775255
NAR032519001,NAR,CJF_3,CJF,3,R,R-NAR032519001,8,7,1.1944509436014756,1.2981745045775255
NAR032519001,NAR,CJF_3,CJF,3,R,R-NAR032519001,8,8,1.2981745045775255,1.2981745045775255
NAR032519001,NAR,JRS_1,JRS,1,R,R-NAR032519001,8,1,0.35547910092713103,1.2654142616573099
NAR032519001,NAR,JRS_1,JRS,1,R,R-NAR032519001,8,2,0.5113131327790928,1.2654142616573099
NAR032519001,NAR,JRS_1,JRS,1,R,R-NAR032519001,8,3,0.6490422557126724,1.2654142616573099
NAR032519001,NAR,JRS_1,JRS,1,R,R-NAR032519001,8,4,0.7492563526870043,1.2654142616573099
NAR032519001,NAR,JRS_1,JRS,1,R,R-NAR032519001,8,5,0.8675753585797161,1.2654142616573099
NAR032519001,NAR,JRS_1,JRS,1,R,R-NAR032519001,8,6,0.9771029516377348,1.2654142616573099
NAR032519001,NAR,JRS_1,JRS,1,R,R-NAR032519001,8,7,1.074299563792336,1.2654142616573099
NAR032519001,NAR,JRS_1,JRS,1,R,R-NAR032519001,8,8,1.1551035437257982,1.2654142616573099
NAR032519002,NAR,CJF_1,CJF,1,R,R-NAR032519002,9,1,0.48651937444134374,1.285865982412448
NAR032519002,NAR,CJF_1,CJF,1,R,R-NAR032519002,9,2,0.6687529741731661,1.285865982412448
NAR032519002,NAR,CJF_1,CJF,1,R,R-NAR032519002,9,3,0.801314522226553,1.285865982412448
NAR032519002,NAR,CJF_1,CJF,1,R,R-NAR032519002,9,4,0.8914473649647398,1.285865982412448
NAR032519002,NAR,CJF_1,CJF,1,R,R-NAR032519002,9,5,0.9745739589858011,1.285865982412448
NAR032519002,NAR,CJF_1,CJF,1,R,R-NAR032519002,9,6,1.0725784587457832,1.285865982412448
NAR032519002,NAR,CJF_1,CJF,1,R,R-NAR032519002,9,7,1.1549374477152874,1.285865982412448
NAR032519002,NAR,CJF_1,CJF,1,R,R-NAR032519002,9,8,1.2207855175896463,1.285865982412448
NAR032519002,NAR,CJF_1,CJF,1,R,R-NAR032519002,9,9,1.285865982412448,1.285865982412448
NAR032519002,NAR,CJF_2,CJF,2,R,R-NAR032519002,9,1,0.4737232892641247,1.2959263894772801
NAR032519002,NAR,CJF_2,CJF,2,R,R-NAR032519002,9,2,0.6648481121732421,1.2959263894772801
NAR032519002,NAR,CJF_2,CJF,2,R,R-NAR032519002,9,3,0.7781839973053589,1.2959263894772801
NAR032519002,NAR,CJF_2,CJF,2,R,R-NAR032519002,9,4,0.8877280827826113,1.2959263894772801
NAR032519002,NAR,CJF_2,CJF,2,R,R-NAR032519002,9,5,0.9803278571544997,1.2959263894772801
NAR032519002,NAR,CJF_2,CJF,2,R,R-NAR032519002,9,6,1.0740537624523887,1.2959263894772801
NAR032519002,NAR,CJF_2,CJF,2,R,R-NAR032519002,9,7,1.1583001686131171,1.2959263894772801
NAR032519002,NAR,CJF_2,CJF,2,R,R-NAR032519002,9,8,1.2397621187034606,1.2959263894772801
NAR032519002,NAR,CJF_2,CJF,2,R,R-NAR032519002,9,9,1.2959263894772801,1.2959263894772801
NAR032519002,NAR,CJF_3,CJF,3,R,R-NAR032519002,9,1,0.5326348731880496,1.3399977629814934
NAR032519002,NAR,CJF_3,CJF,3,R,R-NAR032519002,9,2,0.7171749622836938,1.3399977629814934
NAR032519002,NAR,CJF_3,CJF,3,R,R-NAR032519002,9,3,0.878647540242383,1.3399977629814934
NAR032519002,NAR,CJF_3,CJF,3,R,R-NAR032519002,9,4,0.9506773540264633,1.3399977629814934
NAR032519002,NAR,CJF_3,CJF,3,R,R-NAR032519002,9,5,1.033424498935609,1.3399977629814934
NAR032519002,NAR,CJF_3,CJF,3,R,R-NAR032519002,9,6,1.131349104229858,1.3399977629814934
NAR032519002,NAR,CJF_3,CJF,3,R,R-NAR032519002,9,7,1.2218329269235026,1.3399977629814934
NAR032519002,NAR,CJF_3,CJF,3,R,R-NAR032519002,9,8,1.2846357362528005,1.3399977629814934
NAR032519002,NAR,CJF_3,CJF,3,R,R-NAR032519002,9,9,1.3399977629814934,1.3399977629814934
NAR032519002,NAR,JRS_1,JRS,1,R,R-NAR032519002,7,1,0.5045017613165199,1.3128119036359251
NAR032519002,NAR,JRS_1,JRS,1,R,R-NAR032519002,7,2,0.6990635017628609,1.3128119036359251
NAR032519002,NAR,JRS_1,JRS,1,R,R-NAR032519002,7,3,0.8155740853900038,1.3128119036359251
NAR032519002,NAR,JRS_1,JRS,1,R,R-NAR032519002,7,4,0.9160215163719858,1.3128119036359251
NAR032519002,NAR,JRS_1,JRS,1,R,R-NAR032519002,7,5,1.0189350354109068,1.3128119036359251
NAR032519002,NAR,JRS_1,JRS,1,R,R-NAR032519002,7,6,1.1094509536150223,1.3128119036359251
NAR032519002,NAR,JRS_1,JRS,1,R,R-NAR032519002,7,7,1.2073651359899544,1.3128119036359251
NAR032519003,NAR,CJF_1,CJF,1,R,R-NAR032519003,6,1,0.3978748066054382,0.9056706706815976
NAR032519003,NAR,CJF_1,CJF,1,R,R-NAR032519003,6,2,0.5340077944575004,0.9056706706815976
NAR032519003,NAR,CJF_1,CJF,1,R,R-NAR032519003,6,3,0.6684975377487019,0.9056706706815976
NAR032519003,NAR,CJF_1,CJF,1,R,R-NAR032519003,6,4,0.740587011513426,0.9056706706815976
NAR032519003,NAR,CJF_1,CJF,1,R,R-NAR032519003,6,5,0.8215573976680383,0.9056706706815976
NAR032519003,NAR,CJF_1,CJF,1,R,R-NAR032519003,6,6,0.9056706706815976,0.9056706706815976
NAR032519003,NAR,CJF_2,CJF,2,R,R-NAR032519003,6,1,0.48507622642604176,0.99287478955153885
NAR032519003,NAR,CJF_2,CJF,2,R,R-NAR032519003,6,2,0.6369571267568557,0.99287478955153885
NAR032519003,NAR,CJF_2,CJF,2,R,R-NAR032519003,6,3,0.7693798223587736,0.99287478955153885
NAR032519003,NAR,CJF_2,CJF,2,R,R-NAR032519003,6,4,0.8390241424986765,0.99287478955153885
NAR032519003,NAR,CJF_2,CJF,2,R,R-NAR032519003,6,5,0.9143947780116998,0.99287478955153885
NAR032519003,NAR,CJF_2,CJF,2,R,R-NAR032519003,6,6,0.99287478955153885,0.99287478955153885
NAR032519003,NAR,CJF_3,CJF,3,R,R-NAR032519003,6,1,0.4125298468065954,0.9134166904271521
NAR032519003,NAR,CJF_3,CJF,3,R,R-NAR032519003,6,2,0.5480784716353762,0.9134166904271521
NAR032519003,NAR,CJF_3,CJF,3,R,R-NAR032519003,6,3,0.6804276941960475,0.9134166904271521
NAR032519003,NAR,CJF_3,CJF,3,R,R-NAR032519003,6,4,0.7533025118854283,0.9134166904271521
NAR032519003,NAR,CJF_3,CJF,3,R,R-NAR032519003,6,5,0.8391284442639866,0.9134166904271521
NAR032519003,NAR,CJF_3,CJF,3,R,R-NAR032519003,6,6,0.9134166904271521,0.9134166904271521
NAR032519003,NAR,JRS_1,JRS,1,R,R-NAR032519003,5,1,0.4660025777400387,0.9591341632108253
NAR032519003,NAR,JRS_1,JRS,1,R,R-NAR032519003,5,2,0.59568293579336,0.9591341632108253
NAR032519003,NAR,JRS_1,JRS,1,R,R-NAR032519003,5,3,0.709265515559655,0.9591341632108253
NAR032519003,NAR,JRS_1,JRS,1,R,R-NAR032519003,5,4,0.7921916997401478,0.9591341632108253
NAR032519003,NAR,JRS_1,JRS,1,R,R-NAR032519003,5,5,0.8809540132580691,0.9591341632108253
NAR032519004,NAR,CJF_1,CJF,1,R,R-NAR032519004,9,1,0.47567618226562025,1.2040310249630808
NAR032519004,NAR,CJF_1,CJF,1,R,R-NAR032519004,9,2,0.653078592240498,1.2040310249630808
NAR032519004,NAR,CJF_1,CJF,1,R,R-NAR032519004,9,3,0.7618294769806341,1.2040310249630808
NAR032519004,NAR,CJF_1,CJF,1,R,R-NAR032519004,9,4,0.8398258191608987,1.2040310249630808
NAR032519004,NAR,CJF_1,CJF,1,R,R-NAR032519004,9,5,0.9225223542673769,1.2040310249630808
NAR032519004,NAR,CJF_1,CJF,1,R,R-NAR032519004,9,6,0.9959296413352352,1.2040310249630808
NAR032519004,NAR,CJF_1,CJF,1,R,R-NAR032519004,9,7,1.0618610748466744,1.2040310249630808
NAR032519004,NAR,CJF_1,CJF,1,R,R-NAR032519004,9,8,1.1426330776571452,1.2040310249630808
NAR032519004,NAR,CJF_1,CJF,1,R,R-NAR032519004,9,9,1.2040310249630808,1.2040310249630808
NAR032519004,NAR,CJF_2,CJF,2,R,R-NAR032519004,9,1,0.4782322825168638,1.1879444730272983
NAR032519004,NAR,CJF_2,CJF,2,R,R-NAR032519004,9,2,0.6385435874160211,1.1879444730272983
NAR032519004,NAR,CJF_2,CJF,2,R,R-NAR032519004,9,3,0.7542644927939866,1.1879444730272983
NAR032519004,NAR,CJF_2,CJF,2,R,R-NAR032519004,9,4,0.8307601657743363,1.1879444730272983
NAR032519004,NAR,CJF_2,CJF,2,R,R-NAR032519004,9,5,0.9085780819167603,1.1879444730272983
NAR032519004,NAR,CJF_2,CJF,2,R,R-NAR032519004,9,6,0.981068928173248,1.1879444730272983
NAR032519004,NAR,CJF_2,CJF,2,R,R-NAR032519004,9,7,1.0489223990530663,1.1879444730272983
NAR032519004,NAR,CJF_2,CJF,2,R,R-NAR032519004,9,8,1.1094559109944269,1.1879444730272983
NAR032519004,NAR,CJF_2,CJF,2,R,R-NAR032519004,9,9,1.1879444730272983,1.1879444730272983
NAR032519004,NAR,CJF_3,CJF,3,R,R-NAR032519004,9,1,0.4284889963548487,1.1382779286003677
NAR032519004,NAR,CJF_3,CJF,3,R,R-NAR032519004,9,2,0.5887018952904663,1.1382779286003677
NAR032519004,NAR,CJF_3,CJF,3,R,R-NAR032519004,9,3,0.6921079000450385,1.1382779286003677
NAR032519004,NAR,CJF_3,CJF,3,R,R-NAR032519004,9,4,0.7759373871677676,1.1382779286003677
NAR032519004,NAR,CJF_3,CJF,3,R,R-NAR032519004,9,5,0.8662923801677777,1.1382779286003677
NAR032519004,NAR,CJF_3,CJF,3,R,R-NAR032519004,9,6,0.9389391676841851,1.1382779286003677
NAR032519004,NAR,CJF_3,CJF,3,R,R-NAR032519004,9,7,1.0209003426586734,1.1382779286003677
NAR032519004,NAR,CJF_3,CJF,3,R,R-NAR032519004,9,8,1.0879693670134813,1.1382779286003677
NAR032519004,NAR,CJF_3,CJF,3,R,R-NAR032519004,9,9,1.1382779286003677,1.1382779286003677
NAR032519004,NAR,JRS_1,JRS,1,R,R-NAR032519004,8,1,0.41054103749300674,1.1079085897535583
NAR032519004,NAR,JRS_1,JRS,1,R,R-NAR032519004,8,2,0.57198519190183,1.1079085897535583
NAR032519004,NAR,JRS_1,JRS,1,R,R-NAR032519004,8,3,0.6799030632409482,1.1079085897535583
NAR032519004,NAR,JRS_1,JRS,1,R,R-NAR032519004,8,4,0.7666904867165996,1.1079085897535583
NAR032519004,NAR,JRS_1,JRS,1,R,R-NAR032519004,8,5,0.8450131764936338,1.1079085897535583
NAR032519004,NAR,JRS_1,JRS,1,R,R-NAR032519004,8,6,0.9267343143033459,1.1079085897535583
NAR032519004,NAR,JRS_1,JRS,1,R,R-NAR032519004,8,7,0.9850593722278057,1.1079085897535583
NAR032519004,NAR,JRS_1,JRS,1,R,R-NAR032519004,8,8,1.0481832050070214,1.1079085897535583
NAR032519005,NAR,CJF_1,CJF,1,R,R-NAR032519005,8,1,0.43389971241316777,1.430342641947162
NAR032519005,NAR,CJF_1,CJF,1,R,R-NAR032519005,8,2,0.7264718900277831,1.430342641947162
NAR032519005,NAR,CJF_1,CJF,1,R,R-NAR032519005,8,3,0.8582055851682975,1.430342641947162
NAR032519005,NAR,CJF_1,CJF,1,R,R-NAR032519005,8,4,0.9775873923452896,1.430342641947162
NAR032519005,NAR,CJF_1,CJF,1,R,R-NAR032519005,8,5,1.1293599130579872,1.430342641947162
NAR032519005,NAR,CJF_1,CJF,1,R,R-NAR032519005,8,6,1.2272556673310013,1.430342641947162
NAR032519005,NAR,CJF_1,CJF,1,R,R-NAR032519005,8,7,1.3373075737982725,1.430342641947162
NAR032519005,NAR,CJF_1,CJF,1,R,R-NAR032519005,8,8,1.430342641947162,1.430342641947162
NAR032519005,NAR,CJF_2,CJF,2,R,R-NAR032519005,8,1,0.42774966634889244,1.4092568156935745
NAR032519005,NAR,CJF_2,CJF,2,R,R-NAR032519005,8,2,0.7253266865254957,1.4092568156935745
NAR032519005,NAR,CJF_2,CJF,2,R,R-NAR032519005,8,3,0.8456244314633377,1.4092568156935745
NAR032519005,NAR,CJF_2,CJF,2,R,R-NAR032519005,8,4,0.9687185938830462,1.4092568156935745
NAR032519005,NAR,CJF_2,CJF,2,R,R-NAR032519005,8,5,1.10258712259944,1.4092568156935745
NAR032519005,NAR,CJF_2,CJF,2,R,R-NAR032519005,8,6,1.234656721191358,1.4092568156935745
NAR032519005,NAR,CJF_2,CJF,2,R,R-NAR032519005,8,7,1.3419314371769202,1.4092568156935745
NAR032519005,NAR,CJF_2,CJF,2,R,R-NAR032519005,8,8,1.4092568156935745,1.4092568156935745
NAR032519005,NAR,CJF_3,CJF,3,R,R-NAR032519005,8,1,0.4840729652535627,1.3847288198929921
NAR032519005,NAR,CJF_3,CJF,3,R,R-NAR032519005,8,2,0.7123430448491344,1.3847288198929921
NAR032519005,NAR,CJF_3,CJF,3,R,R-NAR032519005,8,3,0.8232875212394037,1.3847288198929921
NAR032519005,NAR,CJF_3,CJF,3,R,R-NAR032519005,8,4,0.956365823961257,1.3847288198929921
NAR032519005,NAR,CJF_3,CJF,3,R,R-NAR032519005,8,5,1.1058411833966484,1.3847288198929921
NAR032519005,NAR,CJF_3,CJF,3,R,R-NAR032519005,8,6,1.2148838107733793,1.3847288198929921
NAR032519005,NAR,CJF_3,CJF,3,R,R-NAR032519005,8,7,1.2992464056079989,1.3847288198929921
NAR032519005,NAR,CJF_3,CJF,3,R,R-NAR032519005,8,8,1.3847288198929921,1.3847288198929921
NAR032519005,NAR,JRS_1,JRS,1,R,R-NAR032519005,8,1,0.30314388502434364,0.8903346717853075
NAR032519005,NAR,JRS_1,JRS,1,R,R-NAR032519005,8,2,0.4200196961848687,0.8903346717853075
NAR032519005,NAR,JRS_1,JRS,1,R,R-NAR032519005,8,3,0.5276732393601287,0.8903346717853075
NAR032519005,NAR,JRS_1,JRS,1,R,R-NAR032519005,8,4,0.596150696376149,0.8903346717853075
NAR032519005,NAR,JRS_1,JRS,1,R,R-NAR032519005,8,5,0.6759423911220611,0.8903346717853075
NAR032519005,NAR,JRS_1,JRS,1,R,R-NAR032519005,8,6,0.7498482655812084,0.8903346717853075
NAR032519005,NAR,JRS_1,JRS,1,R,R-NAR032519005,8,7,0.8001435449967803,0.8903346717853075
NAR032519005,NAR,JRS_1,JRS,1,R,R-NAR032519005,8,8,0.8388622283123827,0.8903346717853075
NAR032519006,NAR,CJF_1,CJF,1,R,R-NAR032519006,9,1,0.4155804292200288,1.1336854814691943
NAR032519006,NAR,CJF_1,CJF,1,R,R-NAR032519006,9,2,0.5945414061212715,1.1336854814691943
NAR032519006,NAR,CJF_1,CJF,1,R,R-NAR032519006,9,3,0.7113216183165818,1.1336854814691943
NAR032519006,NAR,CJF_1,CJF,1,R,R-NAR032519006,9,4,0.8020324144997968,1.1336854814691943
NAR032519006,NAR,CJF_1,CJF,1,R,R-NAR032519006,9,5,0.878577930354867,1.1336854814691943
NAR032519006,NAR,CJF_1,CJF,1,R,R-NAR032519006,9,6,0.9428203688840009,1.1336854814691943
NAR032519006,NAR,CJF_1,CJF,1,R,R-NAR032519006,9,7,1.0076612198761137,1.1336854814691943
NAR032519006,NAR,CJF_1,CJF,1,R,R-NAR032519006,9,8,1.0768248893356218,1.1336854814691943
NAR032519006,NAR,CJF_1,CJF,1,R,R-NAR032519006,9,9,1.1336854814691943,1.1336854814691943
NAR032519006,NAR,CJF_2,CJF,2,R,R-NAR032519006,9,1,0.4361938920806122,1.1526304241546146
NAR032519006,NAR,CJF_2,CJF,2,R,R-NAR032519006,9,2,0.6136502234011246,1.1526304241546146
NAR032519006,NAR,CJF_2,CJF,2,R,R-NAR032519006,9,3,0.708750212208851,1.1526304241546146
NAR032519006,NAR,CJF_2,CJF,2,R,R-NAR032519006,9,4,0.7980360004498009,1.1526304241546146
NAR032519006,NAR,CJF_2,CJF,2,R,R-NAR032519006,9,5,0.892060876184327,1.1526304241546146
NAR032519006,NAR,CJF_2,CJF,2,R,R-NAR032519006,9,6,0.958009597981799,1.1526304241546146
NAR032519006,NAR,CJF_2,CJF,2,R,R-NAR032519006,9,7,1.0279806652240466,1.1526304241546146
NAR032519006,NAR,CJF_2,CJF,2,R,R-NAR032519006,9,8,1.0997837196764817,1.1526304241546146
NAR032519006,NAR,CJF_2,CJF,2,R,R-NAR032519006,9,9,1.1526304241546146,1.1526304241546146
NAR032519006,NAR,CJF_3,CJF,3,R,R-NAR032519006,9,1,0.4102970084626094,1.1218931777017211
NAR032519006,NAR,CJF_3,CJF,3,R,R-NAR032519006,9,2,0.5900855916850642,1.1218931777017211
NAR032519006,NAR,CJF_3,CJF,3,R,R-NAR032519006,9,3,0.6974319172987608,1.1218931777017211
NAR032519006,NAR,CJF_3,CJF,3,R,R-NAR032519006,9,4,0.7711204475031789,1.1218931777017211
NAR032519006,NAR,CJF_3,CJF,3,R,R-NAR032519006,9,5,0.8686186890132245,1.1218931777017211
NAR032519006,NAR,CJF_3,CJF,3,R,R-NAR032519006,9,6,0.9355290303550303,1.1218931777017211
NAR032519006,NAR,CJF_3,CJF,3,R,R-NAR032519006,9,7,0.9979205791217612,1.1218931777017211
NAR032519006,NAR,CJF_3,CJF,3,R,R-NAR032519006,9,8,1.0672929414894796,1.1218931777017211
NAR032519006,NAR,CJF_3,CJF,3,R,R-NAR032519006,9,9,1.1218931777017211,1.1218931777017211
NAR032519006,NAR,JRS_1,JRS,1,R,R-NAR032519006,9,1,0.45263937575401547,1.182713718068147
NAR032519006,NAR,JRS_1,JRS,1,R,R-NAR032519006,9,2,0.5192990955491861,1.182713718068147
NAR032519006,NAR,JRS_1,JRS,1,R,R-NAR032519006,9,3,0.6470270700146556,1.182713718068147
NAR032519006,NAR,JRS_1,JRS,1,R,R-NAR032519006,9,4,0.7578857140373945,1.182713718068147
NAR032519006,NAR,JRS_1,JRS,1,R,R-NAR032519006,9,5,0.8444513858069445,1.182713718068147
NAR032519006,NAR,JRS_1,JRS,1,R,R-NAR032519006,9,6,0.9272577691372084,1.182713718068147
NAR032519006,NAR,JRS_1,JRS,1,R,R-NAR032519006,9,7,1.0007133989033137,1.182713718068147
NAR032519006,NAR,JRS_1,JRS,1,R,R-NAR032519006,9,8,1.0612998756351875,1.182713718068147
NAR032519006,NAR,JRS_1,JRS,1,R,R-NAR032519006,9,9,1.1347555054012932,1.182713718068147
NAR032519007,NAR,CJF_1,CJF,1,R,R-NAR032519007,9,1,0.3606586421884411,1.1882741541512314
NAR032519007,NAR,CJF_1,CJF,1,R,R-NAR032519007,9,2,0.5772426003552973,1.1882741541512314
NAR032519007,NAR,CJF_1,CJF,1,R,R-NAR032519007,9,3,0.6973607731900682,1.1882741541512314
NAR032519007,NAR,CJF_1,CJF,1,R,R-NAR032519007,9,4,0.7849379805372882,1.1882741541512314
NAR032519007,NAR,CJF_1,CJF,1,R,R-NAR032519007,9,5,0.8678273597562931,1.1882741541512314
NAR032519007,NAR,CJF_1,CJF,1,R,R-NAR032519007,9,6,0.9578702507355119,1.1882741541512314
NAR032519007,NAR,CJF_1,CJF,1,R,R-NAR032519007,9,7,1.0197861729454403,1.1882741541512314
NAR032519007,NAR,CJF_1,CJF,1,R,R-NAR032519007,9,8,1.1122947475566578,1.1882741541512314
NAR032519007,NAR,CJF_1,CJF,1,R,R-NAR032519007,9,9,1.1882741541512314,1.1882741541512314
NAR032519007,NAR,CJF_2,CJF,2,R,R-NAR032519007,9,1,0.3502329193060719,1.1729046435303843
NAR032519007,NAR,CJF_2,CJF,2,R,R-NAR032519007,9,2,0.5602854683405296,1.1729046435303843
NAR032519007,NAR,CJF_2,CJF,2,R,R-NAR032519007,9,3,0.6842354049364053,1.1729046435303843
NAR032519007,NAR,CJF_2,CJF,2,R,R-NAR032519007,9,4,0.7775248669427574,1.1729046435303843
NAR032519007,NAR,CJF_2,CJF,2,R,R-NAR032519007,9,5,0.8503927931488419,1.1729046435303843
NAR032519007,NAR,CJF_2,CJF,2,R,R-NAR032519007,9,6,0.9471140153443612,1.1729046435303843
NAR032519007,NAR,CJF_2,CJF,2,R,R-NAR032519007,9,7,1.016550181361278,1.1729046435303843
NAR032519007,NAR,CJF_2,CJF,2,R,R-NAR032519007,9,8,1.1069002377026351,1.1729046435303843
NAR032519007,NAR,CJF_2,CJF,2,R,R-NAR032519007,9,9,1.1729046435303843,1.1729046435303843
NAR032519007,NAR,CJF_3,CJF,3,R,R-NAR032519007,9,1,0.3181896285954208,1.1539242250091597
NAR032519007,NAR,CJF_3,CJF,3,R,R-NAR032519007,9,2,0.5402142126299617,1.1539242250091597
NAR032519007,NAR,CJF_3,CJF,3,R,R-NAR032519007,9,3,0.6647017357750473,1.1539242250091597
NAR032519007,NAR,CJF_3,CJF,3,R,R-NAR032519007,9,4,0.7599883890291648,1.1539242250091597
NAR032519007,NAR,CJF_3,CJF,3,R,R-NAR032519007,9,5,0.8361737920671203,1.1539242250091597
NAR032519007,NAR,CJF_3,CJF,3,R,R-NAR032519007,9,6,0.9296492333392796,1.1539242250091597
NAR032519007,NAR,CJF_3,CJF,3,R,R-NAR032519007,9,7,1.0008946254531772,1.1539242250091597
NAR032519007,NAR,CJF_3,CJF,3,R,R-NAR032519007,9,8,1.077738821971204,1.1539242250091597
NAR032519007,NAR,CJF_3,CJF,3,R,R-NAR032519007,9,9,1.1539242250091597,1.1539242250091597
NAR032519007,NAR,JRS_1,JRS,1,R,R-NAR032519007,8,1,0.28255215275977336,1.0783722392540258
NAR032519007,NAR,JRS_1,JRS,1,R,R-NAR032519007,8,2,0.4787934341607236,1.0783722392540258
NAR032519007,NAR,JRS_1,JRS,1,R,R-NAR032519007,8,3,0.6245118564675947,1.0783722392540258
NAR032519007,NAR,JRS_1,JRS,1,R,R-NAR032519007,8,4,0.7010623608451242,1.0783722392540258
NAR032519007,NAR,JRS_1,JRS,1,R,R-NAR032519007,8,5,0.7899699315188842,1.0783722392540258
NAR032519007,NAR,JRS_1,JRS,1,R,R-NAR032519007,8,6,0.8660825983327506,1.0783722392540258
NAR032519007,NAR,JRS_1,JRS,1,R,R-NAR032519007,8,7,0.9261469056262929,1.0783722392540258
NAR032519007,NAR,JRS_1,JRS,1,R,R-NAR032519007,8,8,1.005731946882422,1.0783722392540258
NAR032519008,NAR,CJF_1,CJF,1,R,R-NAR032519008,6,1,0.34016234437484494,1.1328930999281739
NAR032519008,NAR,CJF_1,CJF,1,R,R-NAR032519008,6,2,0.6619862039295461,1.1328930999281739
NAR032519008,NAR,CJF_1,CJF,1,R,R-NAR032519008,6,3,0.8149580802078052,1.1328930999281739
NAR032519008,NAR,CJF_1,CJF,1,R,R-NAR032519008,6,4,0.9316314073336662,1.1328930999281739
NAR032519008,NAR,CJF_1,CJF,1,R,R-NAR032519008,6,5,1.0427411941925286,1.1328930999281739
NAR032519008,NAR,CJF_1,CJF,1,R,R-NAR032519008,6,6,1.1328930999281739,1.1328930999281739
NAR032519008,NAR,CJF_2,CJF,2,R,R-NAR032519008,6,1,0.3184445641737411,1.1179344686530188
NAR032519008,NAR,CJF_2,CJF,2,R,R-NAR032519008,6,2,0.6426532172516213,1.1179344686530188
NAR032519008,NAR,CJF_2,CJF,2,R,R-NAR032519008,6,3,0.7906605056229359,1.1179344686530188
NAR032519008,NAR,CJF_2,CJF,2,R,R-NAR032519008,6,4,0.9220018954672796,1.1179344686530188
NAR032519008,NAR,CJF_2,CJF,2,R,R-NAR032519008,6,5,1.0210043874433938,1.1179344686530188
NAR032519008,NAR,CJF_2,CJF,2,R,R-NAR032519008,6,6,1.1179344686530188,1.1179344686530188
NAR032519008,NAR,CJF_3,CJF,3,R,R-NAR032519008,6,1,0.33390109992406153,1.1251015323528153
NAR032519008,NAR,CJF_3,CJF,3,R,R-NAR032519008,6,2,0.6834652767645297,1.1251015323528153
NAR032519008,NAR,CJF_3,CJF,3,R,R-NAR032519008,6,3,0.8036801776311229,1.1251015323528153
NAR032519008,NAR,CJF_3,CJF,3,R,R-NAR032519008,6,4,0.9119881521899844,1.1251015323528153
NAR032519008,NAR,CJF_3,CJF,3,R,R-NAR032519008,6,5,1.0272356090715586,1.1251015323528153
NAR032519008,NAR,CJF_3,CJF,3,R,R-NAR032519008,6,6,1.1251015323528153,1.1251015323528153
NAR032519008,NAR,JRS_1,JRS,1,R,R-NAR032519008,5,1,0.4680932416338501,1.1822740619870584
NAR032519008,NAR,JRS_1,JRS,1,R,R-NAR032519008,5,2,0.715048714323829,1.1822740619870584
NAR032519008,NAR,JRS_1,JRS,1,R,R-NAR032519008,5,3,0.848989679155561,1.1822740619870584
NAR032519008,NAR,JRS_1,JRS,1,R,R-NAR032519008,5,4,0.97665206021739,1.1822740619870584
NAR032519008,NAR,JRS_1,JRS,1,R,R-NAR032519008,5,5,1.0884437563824818,1.1822740619870584
NAR032519009,NAR,CJF_1,CJF,1,R,R-NAR032519009,9,1,0.36786913932314785,1.3476207861025413
NAR032519009,NAR,CJF_1,CJF,1,R,R-NAR032519009,9,2,0.624026363093395,1.3476207861025413
NAR032519009,NAR,CJF_1,CJF,1,R,R-NAR032519009,9,3,0.8193373065986209,1.3476207861025413
NAR032519009,NAR,CJF_1,CJF,1,R,R-NAR032519009,9,4,0.9055607106193888,1.3476207861025413
NAR032519009,NAR,CJF_1,CJF,1,R,R-NAR032519009,9,5,1.0132246742932396,1.3476207861025413
NAR032519009,NAR,CJF_1,CJF,1,R,R-NAR032519009,9,6,1.1035517240812502,1.3476207861025413
NAR032519009,NAR,CJF_1,CJF,1,R,R-NAR032519009,9,7,1.191143010024432,1.3476207861025413
NAR032519009,NAR,CJF_1,CJF,1,R,R-NAR032519009,9,8,1.2620256291547878,1.3476207861025413
NAR032519009,NAR,CJF_1,CJF,1,R,R-NAR032519009,9,9,1.3476207861025413,1.3476207861025413
NAR032519009,NAR,CJF_2,CJF,2,R,R-NAR032519009,9,1,0.40455116565718907,1.3547821964010736
NAR032519009,NAR,CJF_2,CJF,2,R,R-NAR032519009,9,2,0.6597866450964454,1.3547821964010736
NAR032519009,NAR,CJF_2,CJF,2,R,R-NAR032519009,9,3,0.8296618454759717,1.3547821964010736
NAR032519009,NAR,CJF_2,CJF,2,R,R-NAR032519009,9,4,0.9418599495744047,1.3547821964010736
NAR032519009,NAR,CJF_2,CJF,2,R,R-NAR032519009,9,5,1.0374999857149318,1.3547821964010736
NAR032519009,NAR,CJF_2,CJF,2,R,R-NAR032519009,9,6,1.1207674944822923,1.3547821964010736
NAR032519009,NAR,CJF_2,CJF,2,R,R-NAR032519009,9,7,1.206420848138799,1.3547821964010736
NAR032519009,NAR,CJF_2,CJF,2,R,R-NAR032519009,9,8,1.2890270935472776,1.3547821964010736
NAR032519009,NAR,CJF_2,CJF,2,R,R-NAR032519009,9,9,1.3547821964010736,1.3547821964010736
NAR032519009,NAR,CJF_3,CJF,3,R,R-NAR032519009,9,1,0.38196872840454077,1.359128768777314
NAR032519009,NAR,CJF_3,CJF,3,R,R-NAR032519009,9,2,0.6493756968637496,1.359128768777314
NAR032519009,NAR,CJF_3,CJF,3,R,R-NAR032519009,9,3,0.8056665869069778,1.359128768777314
NAR032519009,NAR,CJF_3,CJF,3,R,R-NAR032519009,9,4,0.9134581851774136,1.359128768777314
NAR032519009,NAR,CJF_3,CJF,3,R,R-NAR032519009,9,5,1.0154434889413169,1.359128768777314
NAR032519009,NAR,CJF_3,CJF,3,R,R-NAR032519009,9,6,1.1038884693554267,1.359128768777314
NAR032519009,NAR,CJF_3,CJF,3,R,R-NAR032519009,9,7,1.1928875297937938,1.359128768777314
NAR032519009,NAR,CJF_3,CJF,3,R,R-NAR032519009,9,8,1.2744180556528562,1.359128768777314
NAR032519009,NAR,CJF_3,CJF,3,R,R-NAR032519009,9,9,1.359128768777314,1.359128768777314
NAR032519009,NAR,JRS_1,JRS,1,R,R-NAR032519009,8,1,0.39616098651270015,1.347997482853752
NAR032519009,NAR,JRS_1,JRS,1,R,R-NAR032519009,8,2,0.6426866884304867,1.347997482853752
NAR032519009,NAR,JRS_1,JRS,1,R,R-NAR032519009,8,3,0.8107350501899792,1.347997482853752
NAR032519009,NAR,JRS_1,JRS,1,R,R-NAR032519009,8,4,0.9113342744567148,1.347997482853752
NAR032519009,NAR,JRS_1,JRS,1,R,R-NAR032519009,8,5,0.9934876821701881,1.347997482853752
NAR032519009,NAR,JRS_1,JRS,1,R,R-NAR032519009,8,6,1.0658600693289724,1.347997482853752
NAR032519009,NAR,JRS_1,JRS,1,R,R-NAR032519009,8,7,1.1971150161479904,1.347997482853752
NAR032519009,NAR,JRS_1,JRS,1,R,R-NAR032519009,8,8,1.282977230805326,1.347997482853752
NAR032519010,NAR,CJF_1,CJF,1,R,R-NAR032519010,21,1,0.4413393534183578,2.0228343916915947
NAR032519010,NAR,CJF_1,CJF,1,R,R-NAR032519010,21,2,0.5925389736729691,2.0228343916915947
NAR032519010,NAR,CJF_1,CJF,1,R,R-NAR032519010,21,3,0.7247625499892713,2.0228343916915947
NAR032519010,NAR,CJF_1,CJF,1,R,R-NAR032519010,21,4,0.8355175988147121,2.0228343916915947
NAR032519010,NAR,CJF_1,CJF,1,R,R-NAR032519010,21,5,0.9180875835564588,2.0228343916915947
NAR032519010,NAR,CJF_1,CJF,1,R,R-NAR032519010,21,6,1.007830653329933,2.0228343916915947
NAR032519010,NAR,CJF_1,CJF,1,R,R-NAR032519010,21,7,1.0998125686343516,2.0228343916915947
NAR032519010,NAR,CJF_1,CJF,1,R,R-NAR032519010,21,8,1.1824840085847421,2.0228343916915947
NAR032519010,NAR,CJF_1,CJF,1,R,R-NAR032519010,21,9,1.2651554485351322,2.0228343916915947
NAR032519010,NAR,CJF_1,CJF,1,R,R-NAR032519010,21,10,1.3454358601416128,2.0228343916915947
NAR032519010,NAR,CJF_1,CJF,1,R,R-NAR032519010,21,11,1.413913312841512,2.0228343916915947
NAR032519010,NAR,CJF_1,CJF,1,R,R-NAR032519010,21,12,1.470435623821866,2.0228343916915947
NAR032519010,NAR,CJF_1,CJF,1,R,R-NAR032519010,21,13,1.534283202646912,2.0228343916915947
NAR032519010,NAR,CJF_1,CJF,1,R,R-NAR032519010,21,14,1.5955368427107617,2.0228343916915947
NAR032519010,NAR,CJF_1,CJF,1,R,R-NAR032519010,21,15,1.6641157506193054,2.0228343916915947
NAR032519010,NAR,CJF_1,CJF,1,R,R-NAR032519010,21,16,1.7159574601204837,2.0228343916915947
NAR032519010,NAR,CJF_1,CJF,1,R,R-NAR032519010,21,17,1.772682681518124,2.0228343916915947
NAR032519010,NAR,CJF_1,CJF,1,R,R-NAR032519010,21,18,1.8387691058741138,2.0228343916915947
NAR032519010,NAR,CJF_1,CJF,1,R,R-NAR032519010,21,19,1.8905093601666487,2.0228343916915947
NAR032519010,NAR,CJF_1,CJF,1,R,R-NAR032519010,21,20,1.9543062113873735,2.0228343916915947
NAR032519010,NAR,CJF_1,CJF,1,R,R-NAR032519010,21,21,2.0228343916915947,2.0228343916915947
NAR032519010,NAR,CJF_2,CJF,2,R,R-NAR032519010,21,1,0.46594795156830104,2.0192552927871095
NAR032519010,NAR,CJF_2,CJF,2,R,R-NAR032519010,21,2,0.6174302924368394,2.0192552927871095
NAR032519010,NAR,CJF_2,CJF,2,R,R-NAR032519010,21,3,0.7359782197356552,2.0192552927871095
NAR032519010,NAR,CJF_2,CJF,2,R,R-NAR032519010,21,4,0.8433066844080166,2.0192552927871095
NAR032519010,NAR,CJF_2,CJF,2,R,R-NAR032519010,21,5,0.9404211270997964,2.0192552927871095
NAR032519010,NAR,CJF_2,CJF,2,R,R-NAR032519010,21,6,1.0202036555289566,2.0192552927871095
NAR032519010,NAR,CJF_2,CJF,2,R,R-NAR032519010,21,7,1.1085114079213116,2.0192552927871095
NAR032519010,NAR,CJF_2,CJF,2,R,R-NAR032519010,21,8,1.1880124700142414,2.0192552927871095
NAR032519010,NAR,CJF_2,CJF,2,R,R-NAR032519010,21,9,1.266950599434708,2.0192552927871095
NAR032519010,NAR,CJF_2,CJF,2,R,R-NAR032519010,21,10,1.3460294620232904,2.0192552927871095
NAR032519010,NAR,CJF_2,CJF,2,R,R-NAR032519010,21,11,1.4228362854529588,2.0192552927871095
NAR032519010,NAR,CJF_2,CJF,2,R,R-NAR032519010,21,12,1.4672716279853673,2.0192552927871095
NAR032519010,NAR,CJF_2,CJF,2,R,R-NAR032519010,21,13,1.5418064122561215,2.0192552927871095
NAR032519010,NAR,CJF_2,CJF,2,R,R-NAR032519010,21,14,1.6095250790501339,2.0192552927871095
NAR032519010,NAR,CJF_2,CJF,2,R,R-NAR032519010,21,15,1.6536789552463116,2.0192552927871095
NAR032519010,NAR,CJF_2,CJF,2,R,R-NAR032519010,21,16,1.7117465327322041,2.0192552927871095
NAR032519010,NAR,CJF_2,CJF,2,R,R-NAR032519010,21,17,1.7631387259094706,2.0192552927871095
NAR032519010,NAR,CJF_2,CJF,2,R,R-NAR032519010,21,18,1.8233376093861622,2.0192552927871095
NAR032519010,NAR,CJF_2,CJF,2,R,R-NAR032519010,21,19,1.8907748098439427,2.0192552927871095
NAR032519010,NAR,CJF_2,CJF,2,R,R-NAR032519010,21,20,1.945001974852586,2.0192552927871095
NAR032519010,NAR,CJF_2,CJF,2,R,R-NAR032519010,21,21,2.0192552927871095,2.0192552927871095
NAR032519010,NAR,CJF_3,CJF,3,R,R-NAR032519010,21,1,0.4478106605140304,2.0363074596678468
NAR032519010,NAR,CJF_3,CJF,3,R,R-NAR032519010,21,2,0.6055650511074309,2.0363074596678468
NAR032519010,NAR,CJF_3,CJF,3,R,R-NAR032519010,21,3,0.7517102725159236,2.0363074596678468
NAR032519010,NAR,CJF_3,CJF,3,R,R-NAR032519010,21,4,0.850717529659782,2.0363074596678468
NAR032519010,NAR,CJF_3,CJF,3,R,R-NAR032519010,21,5,0.9356184619004997,2.0363074596678468
NAR032519010,NAR,CJF_3,CJF,3,R,R-NAR032519010,21,6,1.0227535670375731,2.0363074596678468
NAR032519010,NAR,CJF_3,CJF,3,R,R-NAR032519010,21,7,1.0981041811084888,2.0363074596678468
NAR032519010,NAR,CJF_3,CJF,3,R,R-NAR032519010,21,8,1.1879994247856727,2.0363074596678468
NAR032519010,NAR,CJF_3,CJF,3,R,R-NAR032519010,21,9,1.2679937065305504,2.0363074596678468
NAR032519010,NAR,CJF_3,CJF,3,R,R-NAR032519010,21,10,1.352719316890017,2.0363074596678468
NAR032519010,NAR,CJF_3,CJF,3,R,R-NAR032519010,21,11,1.425748097123951,2.0363074596678468
NAR032519010,NAR,CJF_3,CJF,3,R,R-NAR032519010,21,12,1.4823487186177624,2.0363074596678468
NAR032519010,NAR,CJF_3,CJF,3,R,R-NAR032519010,21,13,1.5483243364001262,2.0363074596678468
NAR032519010,NAR,CJF_3,CJF,3,R,R-NAR032519010,21,14,1.6074221136121716,2.0363074596678468
NAR032519010,NAR,CJF_3,CJF,3,R,R-NAR032519010,21,15,1.6687540637205716,2.0363074596678468
NAR032519010,NAR,CJF_3,CJF,3,R,R-NAR032519010,21,16,1.7158920279852066,2.0363074596678468
NAR032519010,NAR,CJF_3,CJF,3,R,R-NAR032519010,21,17,1.7675859989831784,2.0363074596678468
NAR032519010,NAR,CJF_3,CJF,3,R,R-NAR032519010,21,18,1.838117623498879,2.0363074596678468
NAR032519010,NAR,CJF_3,CJF,3,R,R-NAR032519010,21,19,1.8993619126666543,2.0363074596678468
NAR032519010,NAR,CJF_3,CJF,3,R,R-NAR032519010,21,20,1.9632786794339134,2.0363074596678468
NAR032519010,NAR,CJF_3,CJF,3,R,R-NAR032519010,21,21,2.0363074596678468,2.0363074596678468
NAR032519010,NAR,JRS_1,JRS,1,R,R-NAR032519010,20,1,0.433782099845711,2.0085380463739018
NAR032519010,NAR,JRS_1,JRS,1,R,R-NAR032519010,20,2,0.5941545527003611,2.0085380463739018
NAR032519010,NAR,JRS_1,JRS,1,R,R-NAR032519010,20,3,0.7165777376107951,2.0085380463739018
NAR032519010,NAR,JRS_1,JRS,1,R,R-NAR032519010,20,4,0.8298175841712647,2.0085380463739018
NAR032519010,NAR,JRS_1,JRS,1,R,R-NAR032519010,20,5,0.905513467635638,2.0085380463739018
NAR032519010,NAR,JRS_1,JRS,1,R,R-NAR032519010,20,6,0.9932511498092361,2.0085380463739018
NAR032519010,NAR,JRS_1,JRS,1,R,R-NAR032519010,20,7,1.0652779632181075,2.0085380463739018
NAR032519010,NAR,JRS_1,JRS,1,R,R-NAR032519010,20,8,1.1660707062212323,2.0085380463739018
NAR032519010,NAR,JRS_1,JRS,1,R,R-NAR032519010,20,9,1.2509499280355696,2.0085380463739018
NAR032519010,NAR,JRS_1,JRS,1,R,R-NAR032519010,20,10,1.3137934030944767,2.0085380463739018
NAR032519010,NAR,JRS_1,JRS,1,R,R-NAR032519010,20,11,1.392550399342172,2.0085380463739018
NAR032519010,NAR,JRS_1,JRS,1,R,R-NAR032519010,20,12,1.445805231202995,2.0085380463739018
NAR032519010,NAR,JRS_1,JRS,1,R,R-NAR032519010,20,13,1.5180346970359264,2.0085380463739018
NAR032519010,NAR,JRS_1,JRS,1,R,R-NAR032519010,20,14,1.5780197117355728,2.0085380463739018
NAR032519010,NAR,JRS_1,JRS,1,R,R-NAR032519010,20,15,1.6406605343704206,2.0085380463739018
NAR032519010,NAR,JRS_1,JRS,1,R,R-NAR032519010,20,16,1.7004428966460068,2.0085380463739018
NAR032519010,NAR,JRS_1,JRS,1,R,R-NAR032519010,20,17,1.7539003809308906,2.0085380463739018
NAR032519010,NAR,JRS_1,JRS,1,R,R-NAR032519010,20,18,1.8202102736212393,2.0085380463739018
NAR032519010,NAR,JRS_1,JRS,1,R,R-NAR032519010,20,19,1.9018257302281953,2.0085380463739018
NAR032519010,NAR,JRS_1,JRS,1,R,R-NAR032519010,20,20,1.948755684098316,2.0085380463739018
NAR032519011,NAR,CJF_1,CJF,1,R,R-NAR032519011,9,1,0.37835220877260084,1.3480417845904469
NAR032519011,NAR,CJF_1,CJF,1,R,R-NAR032519011,9,2,0.5968340125790457,1.3480417845904469
NAR032519011,NAR,CJF_1,CJF,1,R,R-NAR032519011,9,3,0.7420077224145721,1.3480417845904469
NAR032519011,NAR,CJF_1,CJF,1,R,R-NAR032519011,9,4,0.8310260533729926,1.3480417845904469
NAR032519011,NAR,CJF_1,CJF,1,R,R-NAR032519011,9,5,0.95779966401486,1.3480417845904469
NAR032519011,NAR,CJF_1,CJF,1,R,R-NAR032519011,9,6,1.049566317740181,1.3480417845904469
NAR032519011,NAR,CJF_1,CJF,1,R,R-NAR032519011,9,7,1.146888077560045,1.3480417845904469
NAR032519011,NAR,CJF_1,CJF,1,R,R-NAR032519011,9,8,1.2580683723358976,1.3480417845904469
NAR032519011,NAR,CJF_1,CJF,1,R,R-NAR032519011,9,9,1.3480417845904469,1.3480417845904469
NAR032519011,NAR,CJF_2,CJF,2,R,R-NAR032519011,9,1,0.43400029959924463,1.3788830140706747
NAR032519011,NAR,CJF_2,CJF,2,R,R-NAR032519011,9,2,0.6567886234872924,1.3788830140706747
NAR032519011,NAR,CJF_2,CJF,2,R,R-NAR032519011,9,3,0.8038535240443916,1.3788830140706747
NAR032519011,NAR,CJF_2,CJF,2,R,R-NAR032519011,9,4,0.8849848614503854,1.3788830140706747
NAR032519011,NAR,CJF_2,CJF,2,R,R-NAR032519011,9,5,0.9885568252673396,1.3788830140706747
NAR032519011,NAR,CJF_2,CJF,2,R,R-NAR032519011,9,6,1.1126017534424815,1.3788830140706747
NAR032519011,NAR,CJF_2,CJF,2,R,R-NAR032519011,9,7,1.1708458424382622,1.3788830140706747
NAR032519011,NAR,CJF_2,CJF,2,R,R-NAR032519011,9,8,1.2887223365115992,1.3788830140706747
NAR032519011,NAR,CJF_2,CJF,2,R,R-NAR032519011,9,9,1.3788830140706747,1.3788830140706747
NAR032519011,NAR,CJF_3,CJF,3,R,R-NAR032519011,9,1,0.40080929006142774,1.358156964651349
NAR032519011,NAR,CJF_3,CJF,3,R,R-NAR032519011,9,2,0.6329570956348514,1.358156964651349
NAR032519011,NAR,CJF_3,CJF,3,R,R-NAR032519011,9,3,0.7617288492572086,1.358156964651349
NAR032519011,NAR,CJF_3,CJF,3,R,R-NAR032519011,9,4,0.8467038409875657,1.358156964651349
NAR032519011,NAR,CJF_3,CJF,3,R,R-NAR032519011,9,5,0.9588321117325105,1.358156964651349
NAR032519011,NAR,CJF_3,CJF,3,R,R-NAR032519011,9,6,1.062404101853456,1.358156964651349
NAR032519011,NAR,CJF_3,CJF,3,R,R-NAR032519011,9,7,1.1512861246101656,1.358156964651349
NAR032519011,NAR,CJF_3,CJF,3,R,R-NAR032519011,9,8,1.245286475335109,1.358156964651349
NAR032519011,NAR,CJF_3,CJF,3,R,R-NAR032519011,9,9,1.358156964651349,1.358156964651349
NAR032519011,NAR,JRS_1,JRS,1,R,R-NAR032519011,8,1,0.44753218979206544,1.3726527565630275
NAR032519011,NAR,JRS_1,JRS,1,R,R-NAR032519011,8,2,0.6786890199061116,1.3726527565630275
NAR032519011,NAR,JRS_1,JRS,1,R,R-NAR032519011,8,3,0.8206539045141995,1.3726527565630275
NAR032519011,NAR,JRS_1,JRS,1,R,R-NAR032519011,8,4,0.9014271988011291,1.3726527565630275
NAR032519011,NAR,JRS_1,JRS,1,R,R-NAR032519011,8,5,1.007949693059922,1.3726527565630275
NAR032519011,NAR,JRS_1,JRS,1,R,R-NAR032519011,8,6,1.1025278417283448,1.3726527565630275
NAR032519011,NAR,JRS_1,JRS,1,R,R-NAR032519011,8,7,1.2150225087823225,1.3726527565630275
NAR032519011,NAR,JRS_1,JRS,1,R,R-NAR032519011,8,8,1.2978516350712823,1.3726527565630275
NAR032519012,NAR,CJF_1,CJF,1,R,R-NAR032519012,13,1,0.2994509084345334,1.3915778445281353
NAR032519012,NAR,CJF_1,CJF,1,R,R-NAR032519012,13,2,0.5424873409501136,1.3915778445281353
NAR032519012,NAR,CJF_1,CJF,1,R,R-NAR032519012,13,3,0.6986467081623251,1.3915778445281353
NAR032519012,NAR,CJF_1,CJF,1,R,R-NAR032519012,13,4,0.7892620764784515,1.3915778445281353
NAR032519012,NAR,CJF_1,CJF,1,R,R-NAR032519012,13,5,0.8946144222908443,1.3915778445281353
NAR032519012,NAR,CJF_1,CJF,1,R,R-NAR032519012,13,6,0.9739067642913183,1.3915778445281353
NAR032519012,NAR,CJF_1,CJF,1,R,R-NAR032519012,13,7,1.035928694729408,1.3915778445281353
NAR032519012,NAR,CJF_1,CJF,1,R,R-NAR032519012,13,8,1.093223687762861,1.3915778445281353
NAR032519012,NAR,CJF_1,CJF,1,R,R-NAR032519012,13,9,1.1449112262771783,1.3915778445281353
NAR032519012,NAR,CJF_1,CJF,1,R,R-NAR032519012,13,10,1.2058364050460073,1.3915778445281353
NAR032519012,NAR,CJF_1,CJF,1,R,R-NAR032519012,13,11,1.2632395153568412,1.3915778445281353
NAR032519012,NAR,CJF_1,CJF,1,R,R-NAR032519012,13,12,1.319545873998415,1.3915778445281353
NAR032519012,NAR,CJF_1,CJF,1,R,R-NAR032519012,13,13,1.3915778445281353,1.3915778445281353
NAR032519012,NAR,CJF_2,CJF,2,R,R-NAR032519012,13,1,0.4982953953730596,1.477704279530292
NAR032519012,NAR,CJF_2,CJF,2,R,R-NAR032519012,13,2,0.6223546342360784,1.477704279530292
NAR032519012,NAR,CJF_2,CJF,2,R,R-NAR032519012,13,3,0.7502320745632951,1.477704279530292
NAR032519012,NAR,CJF_2,CJF,2,R,R-NAR032519012,13,4,0.8638659289942147,1.477704279530292
NAR032519012,NAR,CJF_2,CJF,2,R,R-NAR032519012,13,5,0.9757400218819188,1.477704279530292
NAR032519012,NAR,CJF_2,CJF,2,R,R-NAR032519012,13,6,1.0658834651338145,1.477704279530292
NAR032519012,NAR,CJF_2,CJF,2,R,R-NAR032519012,13,7,1.1243188918844522,1.477704279530292
NAR032519012,NAR,CJF_2,CJF,2,R,R-NAR032519012,13,8,1.174238034935088,1.477704279530292
NAR032519012,NAR,CJF_2,CJF,2,R,R-NAR032519012,13,9,1.241770947779568,1.477704279530292
NAR032519012,NAR,CJF_2,CJF,2,R,R-NAR032519012,13,10,1.3066642183092254,1.477704279530292
NAR032519012,NAR,CJF_2,CJF,2,R,R-NAR032519012,13,11,1.3527651598956645,1.477704279530292
NAR032519012,NAR,CJF_2,CJF,2,R,R-NAR032519012,13,12,1.4082622659537125,1.477704279530292
NAR032519012,NAR,CJF_2,CJF,2,R,R-NAR032519012,13,13,1.477704279530292,1.477704279530292
NAR032519012,NAR,CJF_3,CJF,3,R,R-NAR032519012,13,1,0.29761711062364327,1.4462014130681404
NAR032519012,NAR,CJF_3,CJF,3,R,R-NAR032519012,13,2,0.575646743313687,1.4462014130681404
NAR032519012,NAR,CJF_3,CJF,3,R,R-NAR032519012,13,3,0.7205448376617303,1.4462014130681404
NAR032519012,NAR,CJF_3,CJF,3,R,R-NAR032519012,13,4,0.8372454053329214,1.4462014130681404
NAR032519012,NAR,CJF_3,CJF,3,R,R-NAR032519012,13,5,0.9249593195115616,1.4462014130681404
NAR032519012,NAR,CJF_3,CJF,3,R,R-NAR032519012,13,6,1.000941850798867,1.4462014130681404
NAR032519012,NAR,CJF_3,CJF,3,R,R-NAR032519012,13,7,1.0733908979728892,1.4462014130681404
NAR032519012,NAR,CJF_3,CJF,3,R,R-NAR032519012,13,8,1.1235081099157245,1.4462014130681404
NAR032519012,NAR,CJF_3,CJF,3,R,R-NAR032519012,13,9,1.1787370596032392,1.4462014130681404
NAR032519012,NAR,CJF_3,CJF,3,R,R-NAR032519012,13,10,1.2488187263301687,1.4462014130681404
NAR032519012,NAR,CJF_3,CJF,3,R,R-NAR032519012,13,11,1.3204786466884928,1.4462014130681404
NAR032519012,NAR,CJF_3,CJF,3,R,R-NAR032519012,13,12,1.3788289305240882,1.4462014130681404
NAR032519012,NAR,CJF_3,CJF,3,R,R-NAR032519012,13,13,1.4462014130681404,1.4462014130681404
NAR032519012,NAR,JRS_1,JRS,1,R,R-NAR032519012,11,1,0.45972060998491854,1.457860897844042
NAR032519012,NAR,JRS_1,JRS,1,R,R-NAR032519012,11,2,0.731774214528484,1.457860897844042
NAR032519012,NAR,JRS_1,JRS,1,R,R-NAR032519012,11,3,0.8414854099615086,1.457860897844042
NAR032519012,NAR,JRS_1,JRS,1,R,R-NAR032519012,11,4,0.9643059362092916,1.457860897844042
NAR032519012,NAR,JRS_1,JRS,1,R,R-NAR032519012,11,5,1.0250483451610963,1.457860897844042
NAR032519012,NAR,JRS_1,JRS,1,R,R-NAR032519012,11,6,1.094149702014176,1.457860897844042
NAR032519012,NAR,JRS_1,JRS,1,R,R-NAR032519012,11,7,1.1409425770610206,1.457860897844042
NAR032519012,NAR,JRS_1,JRS,1,R,R-NAR032519012,11,8,1.2003492776686504,1.457860897844042
NAR032519012,NAR,JRS_1,JRS,1,R,R-NAR032519012,11,9,1.284488124143877,1.457860897844042
NAR032519012,NAR,JRS_1,JRS,1,R,R-NAR032519012,11,10,1.34013545234597,1.457860897844042
NAR032519012,NAR,JRS_1,JRS,1,R,R-NAR032519012,11,11,1.4057251894204987,1.457860897844042
NAR032519013,NAR,CJF_1,CJF,1,R,R-NAR032519013,13,1,0.3521516566420823,1.4452296502657722
NAR032519013,NAR,CJF_1,CJF,1,R,R-NAR032519013,13,2,0.5266249631351927,1.4452296502657722
NAR032519013,NAR,CJF_1,CJF,1,R,R-NAR032519013,13,3,0.7371812814510372,1.4452296502657722
NAR032519013,NAR,CJF_1,CJF,1,R,R-NAR032519013,13,4,0.8344109928775343,1.4452296502657722
NAR032519013,NAR,CJF_1,CJF,1,R,R-NAR032519013,13,5,0.9441725481945472,1.4452296502657722
NAR032519013,NAR,CJF_1,CJF,1,R,R-NAR032519013,13,6,1.0093884726535827,1.4452296502657722
NAR032519013,NAR,CJF_1,CJF,1,R,R-NAR032519013,13,7,1.0563108045597827,1.4452296502657722
NAR032519013,NAR,CJF_1,CJF,1,R,R-NAR032519013,13,8,1.1061140107971426,1.4452296502657722
NAR032519013,NAR,CJF_1,CJF,1,R,R-NAR032519013,13,9,1.1774158532431989,1.4452296502657722
NAR032519013,NAR,CJF_1,CJF,1,R,R-NAR032519013,13,10,1.2622937247374182,1.4452296502657722
NAR032519013,NAR,CJF_1,CJF,1,R,R-NAR032519013,13,11,1.3193711994859105,1.4452296502657722
NAR032519013,NAR,CJF_1,CJF,1,R,R-NAR032519013,13,12,1.3771328514755767,1.4452296502657722
NAR032519013,NAR,CJF_1,CJF,1,R,R-NAR032519013,13,13,1.4452296502657722,1.4452296502657722
NAR032519013,NAR,CJF_2,CJF,2,R,R-NAR032519013,14,1,0.41692534441540186,1.507804675712028
NAR032519013,NAR,CJF_2,CJF,2,R,R-NAR032519013,14,2,0.5755509405227592,1.507804675712028
NAR032519013,NAR,CJF_2,CJF,2,R,R-NAR032519013,14,3,0.6786166186775326,1.507804675712028
NAR032519013,NAR,CJF_2,CJF,2,R,R-NAR032519013,14,4,0.7834232517635542,1.507804675712028
NAR032519013,NAR,CJF_2,CJF,2,R,R-NAR032519013,14,5,0.896344298538909,1.507804675712028
NAR032519013,NAR,CJF_2,CJF,2,R,R-NAR032519013,14,6,0.9808799613863317,1.507804675712028
NAR032519013,NAR,CJF_2,CJF,2,R,R-NAR032519013,14,7,1.0625240753381635,1.507804675712028
NAR032519013,NAR,CJF_2,CJF,2,R,R-NAR032519013,14,8,1.129120083845141,1.507804675712028
NAR032519013,NAR,CJF_2,CJF,2,R,R-NAR032519013,14,9,1.2003485961789555,1.507804675712028
NAR032519013,NAR,CJF_2,CJF,2,R,R-NAR032519013,14,10,1.2454929125135217,1.507804675712028
NAR032519013,NAR,CJF_2,CJF,2,R,R-NAR032519013,14,11,1.310938327056157,1.507804675712028
NAR032519013,NAR,CJF_2,CJF,2,R,R-NAR032519013,14,12,1.37231147076939,1.507804675712028
NAR032519013,NAR,CJF_2,CJF,2,R,R-NAR032519013,14,13,1.4354255694138718,1.507804675712028
NAR032519013,NAR,CJF_2,CJF,2,R,R-NAR032519013,14,14,1.507804675712028,1.507804675712028
NAR032519013,NAR,CJF_3,CJF,3,R,R-NAR032519013,13,1,0.31133736953728935,1.4202113888262595
NAR032519013,NAR,CJF_3,CJF,3,R,R-NAR032519013,13,2,0.495946375678997,1.4202113888262595
NAR032519013,NAR,CJF_3,CJF,3,R,R-NAR032519013,13,3,0.7180785752678158,1.4202113888262595
NAR032519013,NAR,CJF_3,CJF,3,R,R-NAR032519013,13,4,0.8228600188115291,1.4202113888262595
NAR032519013,NAR,CJF_3,CJF,3,R,R-NAR032519013,13,5,0.9193850833923578,1.4202113888262595
NAR032519013,NAR,CJF_3,CJF,3,R,R-NAR032519013,13,6,0.976230487756821,1.4202113888262595
NAR032519013,NAR,CJF_3,CJF,3,R,R-NAR032519013,13,7,1.0439569800186863,1.4202113888262595
NAR032519013,NAR,CJF_3,CJF,3,R,R-NAR032519013,13,8,1.1044623316993292,1.4202113888262595
NAR032519013,NAR,CJF_3,CJF,3,R,R-NAR032519013,13,9,1.1620594763372547,1.4202113888262595
NAR032519013,NAR,CJF_3,CJF,3,R,R-NAR032519013,13,10,1.217216656097728,1.4202113888262595
NAR032519013,NAR,CJF_3,CJF,3,R,R-NAR032519013,13,11,1.2827866815903395,1.4202113888262595
NAR032519013,NAR,CJF_3,CJF,3,R,R-NAR032519013,13,12,1.354641363333648,1.4202113888262595
NAR032519013,NAR,CJF_3,CJF,3,R,R-NAR032519013,13,13,1.4202113888262595,1.4202113888262595
NAR032519013,NAR,JRS_1,JRS,1,R,R-NAR032519013,13,1,0.5301732699220804,1.5444492910853347
NAR032519013,NAR,JRS_1,JRS,1,R,R-NAR032519013,13,2,0.6390686670652326,1.5444492910853347
NAR032519013,NAR,JRS_1,JRS,1,R,R-NAR032519013,13,3,0.734418830920871,1.5444492910853347
NAR032519013,NAR,JRS_1,JRS,1,R,R-NAR032519013,13,4,0.8582848574115084,1.5444492910853347
NAR032519013,NAR,JRS_1,JRS,1,R,R-NAR032519013,13,5,0.9412484186180833,1.5444492910853347
NAR032519013,NAR,JRS_1,JRS,1,R,R-NAR032519013,13,6,1.0316972944984009,1.5444492910853347
NAR032519013,NAR,JRS_1,JRS,1,R,R-NAR032519013,13,7,1.1109181983681042,1.5444492910853347
NAR032519013,NAR,JRS_1,JRS,1,R,R-NAR032519013,13,8,1.1753018556010832,1.5444492910853347
NAR032519013,NAR,JRS_1,JRS,1,R,R-NAR032519013,13,9,1.2398188955448235,1.5444492910853347
NAR032519013,NAR,JRS_1,JRS,1,R,R-NAR032519013,13,10,1.3190397994145273,1.5444492910853347
NAR032519013,NAR,JRS_1,JRS,1,R,R-NAR032519013,13,11,1.3586502513493788,1.5444492910853347
NAR032519013,NAR,JRS_1,JRS,1,R,R-NAR032519013,13,12,1.4280685792684404,1.5444492910853347
NAR032519013,NAR,JRS_1,JRS,1,R,R-NAR032519013,13,13,1.4973535244767402,1.5444492910853347
NAR032519014,NAR,CJF_1,CJF,1,R,R-NAR032519014,4,1,0.40350886664649577,0.9513528601113704
NAR032519014,NAR,CJF_1,CJF,1,R,R-NAR032519014,4,2,0.6634231114041302,0.9513528601113704
NAR032519014,NAR,CJF_1,CJF,1,R,R-NAR032519014,4,3,0.8554823360267326,0.9513528601113704
NAR032519014,NAR,CJF_1,CJF,1,R,R-NAR032519014,4,4,0.9513528601113704,0.9513528601113704
NAR032519014,NAR,CJF_2,CJF,2,R,R-NAR032519014,4,1,0.3552895658901012,0.9009101961707965
NAR032519014,NAR,CJF_2,CJF,2,R,R-NAR032519014,4,2,0.6157823806617695,0.9009101961707965
NAR032519014,NAR,CJF_2,CJF,2,R,R-NAR032519014,4,3,0.7917860701146574,0.9009101961707965
NAR032519014,NAR,CJF_2,CJF,2,R,R-NAR032519014,4,4,0.9009101961707965,0.9009101961707965
NAR032519014,NAR,CJF_3,CJF,3,R,R-NAR032519014,4,1,0.3560561947924432,0.928056145906975
NAR032519014,NAR,CJF_3,CJF,3,R,R-NAR032519014,4,2,0.6473123544701843,0.928056145906975
NAR032519014,NAR,CJF_3,CJF,3,R,R-NAR032519014,4,3,0.8243084568511492,0.928056145906975
NAR032519014,NAR,CJF_3,CJF,3,R,R-NAR032519014,4,4,0.928056145906975,0.928056145906975
NAR032519014,NAR,JRS_1,JRS,1,R,R-NAR032519014,3,1,0.301300527321454,0.5488752901104209
NAR032519014,NAR,JRS_1,JRS,1,R,R-NAR032519014,3,2,0.388127016357756,0.5488752901104209
NAR032519014,NAR,JRS_1,JRS,1,R,R-NAR032519014,3,3,0.4722287999378918,0.5488752901104209
NAR032619001,NAR,CJF_1,CJF,1,R,R-NAR032619001,8,1,0.40235006797778977,1.2599703082348994
NAR032619001,NAR,CJF_1,CJF,1,R,R-NAR032619001,8,2,0.6264233422879641,1.2599703082348994
NAR032619001,NAR,CJF_1,CJF,1,R,R-NAR032619001,8,3,0.7490853975077661,1.2599703082348994
NAR032619001,NAR,CJF_1,CJF,1,R,R-NAR032619001,8,4,0.8771367210201314,1.2599703082348994
NAR032619001,NAR,CJF_1,CJF,1,R,R-NAR032619001,8,5,0.9806424000193651,1.2599703082348994
NAR032619001,NAR,CJF_1,CJF,1,R,R-NAR032619001,8,6,1.086962748012364,1.2599703082348994
NAR032619001,NAR,CJF_1,CJF,1,R,R-NAR032619001,8,7,1.1684973817972635,1.2599703082348994
NAR032619001,NAR,CJF_1,CJF,1,R,R-NAR032619001,8,8,1.2599703082348994,1.2599703082348994
NAR032619001,NAR,CJF_2,CJF,2,R,R-NAR032619001,8,1,0.4536071192732924,1.2673758180510413
NAR032619001,NAR,CJF_2,CJF,2,R,R-NAR032619001,8,2,0.6219605520257502,1.2673758180510413
NAR032619001,NAR,CJF_2,CJF,2,R,R-NAR032619001,8,3,0.7668592707786682,1.2673758180510413
NAR032619001,NAR,CJF_2,CJF,2,R,R-NAR032619001,8,4,0.8724641453534475,1.2673758180510413
NAR032619001,NAR,CJF_2,CJF,2,R,R-NAR032619001,8,5,0.992926871340783,1.2673758180510413
NAR032619001,NAR,CJF_2,CJF,2,R,R-NAR032619001,8,6,1.0965665200374493,1.2673758180510413
NAR032619001,NAR,CJF_2,CJF,2,R,R-NAR032619001,8,7,1.1930838926422243,1.2673758180510413
NAR032619001,NAR,CJF_2,CJF,2,R,R-NAR032619001,8,8,1.2673758180510413,1.2673758180510413
NAR032619001,NAR,CJF_3,CJF,3,R,R-NAR032619001,8,1,0.4283866097893558,1.23065678098824
NAR032619001,NAR,CJF_3,CJF,3,R,R-NAR032619001,8,2,0.5990079432882044,1.23065678098824
NAR032619001,NAR,CJF_3,CJF,3,R,R-NAR032619001,8,3,0.7233304256696853,1.23065678098824
NAR032619001,NAR,CJF_3,CJF,3,R,R-NAR032619001,8,4,0.8358271798758027,1.23065678098824
NAR032619001,NAR,CJF_3,CJF,3,R,R-NAR032619001,8,5,0.9533421469782352,1.23065678098824
NAR032619001,NAR,CJF_3,CJF,3,R,R-NAR032619001,8,6,1.053751426076107,1.23065678098824
NAR032619001,NAR,CJF_3,CJF,3,R,R-NAR032619001,8,7,1.151847908925482,1.23065678098824
NAR032619001,NAR,CJF_3,CJF,3,R,R-NAR032619001,8,8,1.23065678098824,1.23065678098824
NAR032619001,NAR,JRS_1,JRS,1,R,R-NAR032619001,7,1,0.44847814318181034,1.2141074282698099
NAR032619001,NAR,JRS_1,JRS,1,R,R-NAR032619001,7,2,0.6022383854725356,1.2141074282698099
NAR032619001,NAR,JRS_1,JRS,1,R,R-NAR032619001,7,3,0.7143758709910912,1.2141074282698099
NAR032619001,NAR,JRS_1,JRS,1,R,R-NAR032619001,7,4,0.8425022263441213,1.2141074282698099
NAR032619001,NAR,JRS_1,JRS,1,R,R-NAR032619001,7,5,0.9418155885045878,1.2141074282698099
NAR032619001,NAR,JRS_1,JRS,1,R,R-NAR032619001,7,6,1.044322416698405,1.2141074282698099
NAR032619001,NAR,JRS_1,JRS,1,R,R-NAR032619001,7,7,1.117987532142694,1.2141074282698099
NAR032619002,NAR,CJF_1,CJF,1,R,R-NAR032619002,5,1,0.5127079779651769,1.0373809791781397
NAR032619002,NAR,CJF_1,CJF,1,R,R-NAR032619002,5,2,0.7049781665658452,1.0373809791781397
NAR032619002,NAR,CJF_1,CJF,1,R,R-NAR032619002,5,3,0.8249603256981397,1.0373809791781397
NAR032619002,NAR,CJF_1,CJF,1,R,R-NAR032619002,5,4,0.9387110282157134,1.0373809791781397
NAR032619002,NAR,CJF_1,CJF,1,R,R-NAR032619002,5,5,1.0373809791781397,1.0373809791781397
NAR032619002,NAR,CJF_2,CJF,2,R,R-NAR032619002,5,1,0.5518047787086444,1.088806535508862
NAR032619002,NAR,CJF_2,CJF,2,R,R-NAR032619002,5,2,0.7452811979695217,1.088806535508862
NAR032619002,NAR,CJF_2,CJF,2,R,R-NAR032619002,5,3,0.8724131013168064,1.088806535508862
NAR032619002,NAR,CJF_2,CJF,2,R,R-NAR032619002,5,4,0.9940750345441265,1.088806535508862
NAR032619002,NAR,CJF_2,CJF,2,R,R-NAR032619002,5,5,1.088806535508862,1.088806535508862
NAR032619002,NAR,CJF_3,CJF,3,R,R-NAR032619002,6,1,0.2861619240712402,1.0865016528091664
NAR032619002,NAR,CJF_3,CJF,3,R,R-NAR032619002,6,2,0.5506409998615377,1.0865016528091664
NAR032619002,NAR,CJF_3,CJF,3,R,R-NAR032619002,6,3,0.7464535509783962,1.0865016528091664
NAR032619002,NAR,CJF_3,CJF,3,R,R-NAR032619002,6,4,0.8768840989582395,1.0865016528091664
NAR032619002,NAR,CJF_3,CJF,3,R,R-NAR032619002,6,5,0.9915464404929752,1.0865016528091664
NAR032619002,NAR,CJF_3,CJF,3,R,R-NAR032619002,6,6,1.0865016528091664,1.0865016528091664
NAR032619002,NAR,JRS_1,JRS,1,R,R-NAR032619002,5,1,0.3746933144207236,1.127144041291619
NAR032619002,NAR,JRS_1,JRS,1,R,R-NAR032619002,5,2,0.6040889827626621,1.127144041291619
NAR032619002,NAR,JRS_1,JRS,1,R,R-NAR032619002,5,3,0.8022967206228985,1.127144041291619
NAR032619002,NAR,JRS_1,JRS,1,R,R-NAR032619002,5,4,0.9445302686722348,1.127144041291619
NAR032619002,NAR,JRS_1,JRS,1,R,R-NAR032619002,5,5,1.0548554409147732,1.127144041291619
NAR032619003,NAR,CJF_1,CJF,1,R,R-NAR032619003,4,1,0.28596671856361183,1.0342470160334605
NAR032619003,NAR,CJF_1,CJF,1,R,R-NAR032619003,4,2,0.7257399288483506,1.0342470160334605
NAR032619003,NAR,CJF_1,CJF,1,R,R-NAR032619003,4,3,0.8960399615988105,1.0342470160334605
NAR032619003,NAR,CJF_1,CJF,1,R,R-NAR032619003,4,4,1.0342470160334605,1.0342470160334605
NAR032619003,NAR,CJF_2,CJF,2,R,R-NAR032619003,4,1,0.3306683935010236,1.0176722624131742
NAR032619003,NAR,CJF_2,CJF,2,R,R-NAR032619003,4,2,0.7312835357923408,1.0176722624131742
NAR032619003,NAR,CJF_2,CJF,2,R,R-NAR032619003,4,3,0.8897896183430146,1.0176722624131742
NAR032619003,NAR,CJF_2,CJF,2,R,R-NAR032619003,4,4,1.0176722624131742,1.0176722624131742
NAR032619003,NAR,CJF_3,CJF,3,R,R-NAR032619003,3,1,0.6410824390153892,0.9458004131550866
NAR032619003,NAR,CJF_3,CJF,3,R,R-NAR032619003,3,2,0.8209726876788771,0.9458004131550866
NAR032619003,NAR,CJF_3,CJF,3,R,R-NAR032619003,3,3,0.9458004131550866,0.9458004131550866
NAR032619003,NAR,JRS_1,JRS,1,R,R-NAR032619003,3,1,0.511052228732667,0.9694781372166673
NAR032619003,NAR,JRS_1,JRS,1,R,R-NAR032619003,3,2,0.6881829288068331,0.9694781372166673
NAR032619003,NAR,JRS_1,JRS,1,R,R-NAR032619003,3,3,0.8491926732924728,0.9694781372166673
NAR032619004,NAR,CJF_1,CJF,1,R,R-NAR032619004,4,1,0.39906189712113666,0.9814535246499306
NAR032619004,NAR,CJF_1,CJF,1,R,R-NAR032619004,4,2,0.679087402536017,0.9814535246499306
NAR032619004,NAR,CJF_1,CJF,1,R,R-NAR032619004,4,3,0.8422934937300962,0.9814535246499306
NAR032619004,NAR,CJF_1,CJF,1,R,R-NAR032619004,4,4,0.9814535246499306,0.9814535246499306
NAR032619004,NAR,CJF_2,CJF,2,R,R-NAR032619004,4,1,0.4299225126665385,1.0615282347719683
NAR032619004,NAR,CJF_2,CJF,2,R,R-NAR032619004,4,2,0.7198551452041979,1.0615282347719683
NAR032619004,NAR,CJF_2,CJF,2,R,R-NAR032619004,4,3,0.8911930699741053,1.0615282347719683
NAR032619004,NAR,CJF_2,CJF,2,R,R-NAR032619004,4,4,1.0615282347719683,1.0615282347719683
NAR032619004,NAR,CJF_3,CJF,3,R,R-NAR032619004,4,1,0.37163301273194177,0.9991950114925455
NAR032619004,NAR,CJF_3,CJF,3,R,R-NAR032619004,4,2,0.6486230043918771,0.9991950114925455
NAR032619004,NAR,CJF_3,CJF,3,R,R-NAR032619004,4,3,0.8435715105535782,0.9991950114925455
NAR032619004,NAR,CJF_3,CJF,3,R,R-NAR032619004,4,4,0.9991950114925455,0.9991950114925455
NAR032619004,NAR,JRS_1,JRS,1,R,R-NAR032619004,3,1,0.38816658625398887,1.0182497719681916
NAR032619004,NAR,JRS_1,JRS,1,R,R-NAR032619004,3,2,0.6853592438552695,1.0182497719681916
NAR032619004,NAR,JRS_1,JRS,1,R,R-NAR032619004,3,3,0.8609841793947693,1.0182497719681916
NAR032619005,NAR,CJF_1,CJF,1,R,R-NAR032619005,4,1,0.3324450293196891,0.891466389134256
NAR032619005,NAR,CJF_1,CJF,1,R,R-NAR032619005,4,2,0.5830519878759122,0.891466389134256
NAR032619005,NAR,CJF_1,CJF,1,R,R-NAR032619005,4,3,0.769097426943395,0.891466389134256
NAR032619005,NAR,CJF_1,CJF,1,R,R-NAR032619005,4,4,0.891466389134256,0.891466389134256
NAR032619005,NAR,CJF_2,CJF,2,R,R-NAR032619005,4,1,0.3365674838239329,0.9439298824363391
NAR032619005,NAR,CJF_2,CJF,2,R,R-NAR032619005,4,2,0.6104841477862023,0.9439298824363391
NAR032619005,NAR,CJF_2,CJF,2,R,R-NAR032619005,4,3,0.819010201083337,0.9439298824363391
NAR032619005,NAR,CJF_2,CJF,2,R,R-NAR032619005,4,4,0.9439298824363391,0.9439298824363391
NAR032619005,NAR,CJF_3,CJF,3,R,R-NAR032619005,4,1,0.30274036470247284,0.9074743508402389
NAR032619005,NAR,CJF_3,CJF,3,R,R-NAR032619005,4,2,0.5655505259134936,0.9074743508402389
NAR032619005,NAR,CJF_3,CJF,3,R,R-NAR032619005,4,3,0.7907632655236649,0.9074743508402389
NAR032619005,NAR,CJF_3,CJF,3,R,R-NAR032619005,4,4,0.9074743508402389,0.9074743508402389
NAR032619005,NAR,JRS_1,JRS,1,R,R-NAR032619005,2,1,0.2985496211161726,0.6398885918308739
NAR032619005,NAR,JRS_1,JRS,1,R,R-NAR032619005,2,2,0.4530776685656108,0.6398885918308739
NAR032619006,NAR,CJF_1,CJF,1,R,R-NAR032619006,7,1,0.3571171849790538,1.448115192653252
NAR032619006,NAR,CJF_1,CJF,1,R,R-NAR032619006,7,2,0.7112849754782442,1.448115192653252
NAR032619006,NAR,CJF_1,CJF,1,R,R-NAR032619006,7,3,0.8879998103564326,1.448115192653252
NAR032619006,NAR,CJF_1,CJF,1,R,R-NAR032619006,7,4,1.0885224575665586,1.448115192653252
NAR032619006,NAR,CJF_1,CJF,1,R,R-NAR032619006,7,5,1.1905485647209224,1.448115192653252
NAR032619006,NAR,CJF_1,CJF,1,R,R-NAR032619006,7,6,1.3335533868366192,1.448115192653252
NAR032619006,NAR,CJF_1,CJF,1,R,R-NAR032619006,7,7,1.448115192653252,1.448115192653252
NAR032619006,NAR,CJF_2,CJF,2,R,R-NAR032619006,7,1,0.4249701902618186,1.455319934678098
NAR032619006,NAR,CJF_2,CJF,2,R,R-NAR032619006,7,2,0.7011648914894542,1.455319934678098
NAR032619006,NAR,CJF_2,CJF,2,R,R-NAR032619006,7,3,0.9082794838373297,1.455319934678098
NAR032619006,NAR,CJF_2,CJF,2,R,R-NAR032619006,7,4,1.0653532064044957,1.455319934678098
NAR032619006,NAR,CJF_2,CJF,2,R,R-NAR032619006,7,5,1.187718037903316,1.455319934678098
NAR032619006,NAR,CJF_2,CJF,2,R,R-NAR032619006,7,6,1.3126944780636858,1.455319934678098
NAR032619006,NAR,CJF_2,CJF,2,R,R-NAR032619006,7,7,1.455319934678098,1.455319934678098
NAR032619006,NAR,CJF_3,CJF,3,R,R-NAR032619006,7,1,0.36794123206266777,1.3992718940813882
NAR032619006,NAR,CJF_3,CJF,3,R,R-NAR032619006,7,2,0.6445687360556561,1.3992718940813882
NAR032619006,NAR,CJF_3,CJF,3,R,R-NAR032619006,7,3,0.8618627368257156,1.3992718940813882
NAR032619006,NAR,CJF_3,CJF,3,R,R-NAR032619006,7,4,1.012509968118324,1.3992718940813882
NAR032619006,NAR,CJF_3,CJF,3,R,R-NAR032619006,7,5,1.1340483960859291,1.3992718940813882
NAR032619006,NAR,CJF_3,CJF,3,R,R-NAR032619006,7,6,1.2664328817646022,1.3992718940813882
NAR032619006,NAR,CJF_3,CJF,3,R,R-NAR032619006,7,7,1.3992718940813882,1.3992718940813882
NAR032619006,NAR,JRS_1,JRS,1,R,R-NAR032619006,6,1,0.3262751779123674,1.29763940632785
NAR032619006,NAR,JRS_1,JRS,1,R,R-NAR032619006,6,2,0.6684954832987413,1.29763940632785
NAR032619006,NAR,JRS_1,JRS,1,R,R-NAR032619006,6,3,0.8264573212373378,1.29763940632785
NAR032619006,NAR,JRS_1,JRS,1,R,R-NAR032619006,6,4,0.9554191009414765,1.29763940632785
NAR032619006,NAR,JRS_1,JRS,1,R,R-NAR032619006,6,5,1.0879247653181472,1.29763940632785
NAR032619006,NAR,JRS_1,JRS,1,R,R-NAR032619006,6,6,1.2007546495600017,1.29763940632785
NAR032619007,NAR,CJF_1,CJF,1,R,R-NAR032619007,10,1,0.5154880696881248,1.510959197028764
NAR032619007,NAR,CJF_1,CJF,1,R,R-NAR032619007,10,2,0.7348207272844449,1.510959197028764
NAR032619007,NAR,CJF_1,CJF,1,R,R-NAR032619007,10,3,0.8879133019844584,1.510959197028764
NAR032619007,NAR,CJF_1,CJF,1,R,R-NAR032619007,10,4,0.9755171932357807,1.510959197028764
NAR032619007,NAR,CJF_1,CJF,1,R,R-NAR032619007,10,5,1.081677760208317,1.510959197028764
NAR032619007,NAR,CJF_1,CJF,1,R,R-NAR032619007,10,6,1.1704678288201116,1.510959197028764
NAR032619007,NAR,CJF_1,CJF,1,R,R-NAR032619007,10,7,1.230777024914056,1.510959197028764
NAR032619007,NAR,CJF_1,CJF,1,R,R-NAR032619007,10,8,1.3096428967292144,1.510959197028764
NAR032619007,NAR,CJF_1,CJF,1,R,R-NAR032619007,10,9,1.4140769679168346,1.510959197028764
NAR032619007,NAR,CJF_1,CJF,1,R,R-NAR032619007,10,10,1.510959197028764,1.510959197028764
NAR032619007,NAR,CJF_2,CJF,2,R,R-NAR032619007,10,1,0.5162191784244573,1.451454620222757
NAR032619007,NAR,CJF_2,CJF,2,R,R-NAR032619007,10,2,0.7476311843047357,1.451454620222757
NAR032619007,NAR,CJF_2,CJF,2,R,R-NAR032619007,10,3,0.8972578570920715,1.451454620222757
NAR032619007,NAR,CJF_2,CJF,2,R,R-NAR032619007,10,4,0.9790431901850142,1.451454620222757
NAR032619007,NAR,CJF_2,CJF,2,R,R-NAR032619007,10,5,1.110175012667003,1.451454620222757
NAR032619007,NAR,CJF_2,CJF,2,R,R-NAR032619007,10,6,1.184542977459263,1.451454620222757
NAR032619007,NAR,CJF_2,CJF,2,R,R-NAR032619007,10,7,1.257032314953173,1.451454620222757
NAR032619007,NAR,CJF_2,CJF,2,R,R-NAR032619007,10,8,1.3250679364330018,1.451454620222757
NAR032619007,NAR,CJF_2,CJF,2,R,R-NAR032619007,10,9,1.3845040237311799,1.451454620222757
NAR032619007,NAR,CJF_2,CJF,2,R,R-NAR032619007,10,10,1.451454620222757,1.451454620222757
NAR032619007,NAR,CJF_3,CJF,3,R,R-NAR032619007,9,1,0.383931361029745,1.3971748367216783
NAR032619007,NAR,CJF_3,CJF,3,R,R-NAR032619007,9,2,0.6309947159474775,1.3971748367216783
NAR032619007,NAR,CJF_3,CJF,3,R,R-NAR032619007,9,3,0.767945709812274,1.3971748367216783
NAR032619007,NAR,CJF_3,CJF,3,R,R-NAR032619007,9,4,0.8788578776314634,1.3971748367216783
NAR032619007,NAR,CJF_3,CJF,3,R,R-NAR032619007,9,5,0.9989828586433582,1.3971748367216783
NAR032619007,NAR,CJF_3,CJF,3,R,R-NAR032619007,9,6,1.1116606155006208,1.3971748367216783
NAR032619007,NAR,CJF_3,CJF,3,R,R-NAR032619007,9,7,1.1916521289238993,1.3971748367216783
NAR032619007,NAR,CJF_3,CJF,3,R,R-NAR032619007,9,8,1.2979578901467368,1.3971748367216783
NAR032619007,NAR,CJF_3,CJF,3,R,R-NAR032619007,9,9,1.3971748367216783,1.3971748367216783
NAR032619007,NAR,JRS_1,JRS,1,R,R-NAR032619007,7,1,0.37073127103877096,0.9867934730264722
NAR032619007,NAR,JRS_1,JRS,1,R,R-NAR032619007,7,2,0.48647695703615,0.9867934730264722
NAR032619007,NAR,JRS_1,JRS,1,R,R-NAR032619007,7,3,0.5672015908969618,0.9867934730264722
NAR032619007,NAR,JRS_1,JRS,1,R,R-NAR032619007,7,4,0.6513402229980746,0.9867934730264722
NAR032619007,NAR,JRS_1,JRS,1,R,R-NAR032619007,7,5,0.7414625420775443,0.9867934730264722
NAR032619007,NAR,JRS_1,JRS,1,R,R-NAR032619007,7,6,0.8396977020066355,0.9867934730264722
NAR032619007,NAR,JRS_1,JRS,1,R,R-NAR032619007,7,7,0.9107676817749911,0.9867934730264722
NAR032619008,NAR,CJF_1,CJF,1,R,R-NAR032619008,12,1,0.433207243481338,1.4477953687164544
NAR032619008,NAR,CJF_1,CJF,1,R,R-NAR032619008,12,2,0.6252933228369265,1.4477953687164544
NAR032619008,NAR,CJF_1,CJF,1,R,R-NAR032619008,12,3,0.7723072903811297,1.4477953687164544
NAR032619008,NAR,CJF_1,CJF,1,R,R-NAR032619008,12,4,0.88372743676752,1.4477953687164544
NAR032619008,NAR,CJF_1,CJF,1,R,R-NAR032619008,12,5,0.9840256609980381,1.4477953687164544
NAR032619008,NAR,CJF_1,CJF,1,R,R-NAR032619008,12,6,1.062271790096926,1.4477953687164544
NAR032619008,NAR,CJF_1,CJF,1,R,R-NAR032619008,12,7,1.140033958421752,1.4477953687164544
NAR032619008,NAR,CJF_1,CJF,1,R,R-NAR032619008,12,8,1.1941004001126467,1.4477953687164544
NAR032619008,NAR,CJF_1,CJF,1,R,R-NAR032619008,12,9,1.257645132457114,1.4477953687164544
NAR032619008,NAR,CJF_1,CJF,1,R,R-NAR032619008,12,10,1.3180943509770957,1.4477953687164544
NAR032619008,NAR,CJF_1,CJF,1,R,R-NAR032619008,12,11,1.376415977220715,1.4477953687164544
NAR032619008,NAR,CJF_1,CJF,1,R,R-NAR032619008,12,12,1.4477953687164544,1.4477953687164544
NAR032619008,NAR,CJF_2,CJF,2,R,R-NAR032619008,13,1,0.46097305838945135,1.488245234335768
NAR032619008,NAR,CJF_2,CJF,2,R,R-NAR032619008,13,2,0.5901713462379438,1.488245234335768
NAR032619008,NAR,CJF_2,CJF,2,R,R-NAR032619008,13,3,0.6755283950484174,1.488245234335768
NAR032619008,NAR,CJF_2,CJF,2,R,R-NAR032619008,13,4,0.812181411906502,1.488245234335768
NAR032619008,NAR,CJF_2,CJF,2,R,R-NAR032619008,13,5,0.9290206450658379,1.488245234335768
NAR032619008,NAR,CJF_2,CJF,2,R,R-NAR032619008,13,6,1.0208883016984236,1.488245234335768
NAR032619008,NAR,CJF_2,CJF,2,R,R-NAR032619008,13,7,1.104075147901527,1.488245234335768
NAR032619008,NAR,CJF_2,CJF,2,R,R-NAR032619008,13,8,1.1773551022552557,1.488245234335768
NAR032619008,NAR,CJF_2,CJF,2,R,R-NAR032619008,13,9,1.2442511823610913,1.488245234335768
NAR032619008,NAR,CJF_2,CJF,2,R,R-NAR032619008,13,10,1.3032838396507056,1.488245234335768
NAR032619008,NAR,CJF_2,CJF,2,R,R-NAR032619008,13,11,1.3520009112843148,1.488245234335768
NAR032619008,NAR,CJF_2,CJF,2,R,R-NAR032619008,13,12,1.407228590740036,1.488245234335768
NAR032619008,NAR,CJF_2,CJF,2,R,R-NAR032619008,13,13,1.488245234335768,1.488245234335768
NAR032619008,NAR,CJF_3,CJF,3,R,R-NAR032619008,12,1,0.41071010910368466,1.4332284991650353
NAR032619008,NAR,CJF_3,CJF,3,R,R-NAR032619008,12,2,0.6044569212293578,1.4332284991650353
NAR032619008,NAR,CJF_3,CJF,3,R,R-NAR032619008,12,3,0.7714097536314914,1.4332284991650353
NAR032619008,NAR,CJF_3,CJF,3,R,R-NAR032619008,12,4,0.8722003484788603,1.4332284991650353
NAR032619008,NAR,CJF_3,CJF,3,R,R-NAR032619008,12,5,0.9784102316915072,1.4332284991650353
NAR032619008,NAR,CJF_3,CJF,3,R,R-NAR032619008,12,6,1.0550183060050242,1.4332284991650353
NAR032619008,NAR,CJF_3,CJF,3,R,R-NAR032619008,12,7,1.134917227334888,1.4332284991650353
NAR032619008,NAR,CJF_3,CJF,3,R,R-NAR032619008,12,8,1.1901506102901425,1.4332284991650353
NAR032619008,NAR,CJF_3,CJF,3,R,R-NAR032619008,12,9,1.2326133451518113,1.4332284991650353
NAR032619008,NAR,CJF_3,CJF,3,R,R-NAR032619008,12,10,1.3035154832451947,1.4332284991650353
NAR032619008,NAR,CJF_3,CJF,3,R,R-NAR032619008,12,11,1.3696777207999589,1.4332284991650353
NAR032619008,NAR,CJF_3,CJF,3,R,R-NAR032619008,12,12,1.4332284991650353,1.4332284991650353
NAR032619008,NAR,JRS_1,JRS,1,R,R-NAR032619008,11,1,0.42872741964130934,1.4840692894988377
NAR032619008,NAR,JRS_1,JRS,1,R,R-NAR032619008,11,2,0.5521496507843829,1.4840692894988377
NAR032619008,NAR,JRS_1,JRS,1,R,R-NAR032619008,11,3,0.639379704641022,1.4840692894988377
NAR032619008,NAR,JRS_1,JRS,1,R,R-NAR032619008,11,4,0.8124451354053199,1.4840692894988377
NAR032619008,NAR,JRS_1,JRS,1,R,R-NAR032619008,11,5,0.9196269903156473,1.4840692894988377
NAR032619008,NAR,JRS_1,JRS,1,R,R-NAR032619008,11,6,1.0043039932873252,1.4840692894988377
NAR032619008,NAR,JRS_1,JRS,1,R,R-NAR032619008,11,7,1.087822622323022,1.4840692894988377
NAR032619008,NAR,JRS_1,JRS,1,R,R-NAR032619008,11,8,1.166235149588798,1.4840692894988377
NAR032619008,NAR,JRS_1,JRS,1,R,R-NAR032619008,11,9,1.2437256059315898,1.4840692894988377
NAR032619008,NAR,JRS_1,JRS,1,R,R-NAR032619008,11,10,1.320979759261384,1.4840692894988377
NAR032619008,NAR,JRS_1,JRS,1,R,R-NAR032619008,11,11,1.419344087580848,1.4840692894988377
NAR032619009,NAR,CJF_1,CJF,1,R,R-NAR032619009,8,1,0.44447965900464675,1.2027372276886579
NAR032619009,NAR,CJF_1,CJF,1,R,R-NAR032619009,8,2,0.6308253982541963,1.2027372276886579
NAR032619009,NAR,CJF_1,CJF,1,R,R-NAR032619009,8,3,0.750345894903078,1.2027372276886579
NAR032619009,NAR,CJF_1,CJF,1,R,R-NAR032619009,8,4,0.8821133148044538,1.2027372276886579
NAR032619009,NAR,CJF_1,CJF,1,R,R-NAR032619009,8,5,0.9686591722957747,1.2027372276886579
NAR032619009,NAR,CJF_1,CJF,1,R,R-NAR032619009,8,6,1.047731338148935,1.2027372276886579
NAR032619009,NAR,CJF_1,CJF,1,R,R-NAR032619009,8,7,1.1236650618354969,1.2027372276886579
NAR032619009,NAR,CJF_1,CJF,1,R,R-NAR032619009,8,8,1.2027372276886579,1.2027372276886579
NAR032619009,NAR,CJF_2,CJF,2,R,R-NAR032619009,8,1,0.4504619368379608,1.1865872283020347
NAR032619009,NAR,CJF_2,CJF,2,R,R-NAR032619009,8,2,0.6516436728882192,1.1865872283020347
NAR032619009,NAR,CJF_2,CJF,2,R,R-NAR032619009,8,3,0.7783932392857162,1.1865872283020347
NAR032619009,NAR,CJF_2,CJF,2,R,R-NAR032619009,8,4,0.892836022747241,1.1865872283020347
NAR032619009,NAR,CJF_2,CJF,2,R,R-NAR032619009,8,5,0.9804079063239458,1.1865872283020347
NAR032619009,NAR,CJF_2,CJF,2,R,R-NAR032619009,8,6,1.0620949959174169,1.1865872283020347
NAR032619009,NAR,CJF_2,CJF,2,R,R-NAR032619009,8,7,1.126719175598123,1.1865872283020347
NAR032619009,NAR,CJF_2,CJF,2,R,R-NAR032619009,8,8,1.1865872283020347,1.1865872283020347
NAR032619009,NAR,CJF_3,CJF,3,R,R-NAR032619009,8,1,0.4286645587266788,1.1643719097873988
NAR032619009,NAR,CJF_3,CJF,3,R,R-NAR032619009,8,2,0.6251715557662249,1.1643719097873988
NAR032619009,NAR,CJF_3,CJF,3,R,R-NAR032619009,8,3,0.7412169699054983,1.1643719097873988
NAR032619009,NAR,CJF_3,CJF,3,R,R-NAR032619009,8,4,0.8638682284532452,1.1643719097873988
NAR032619009,NAR,CJF_3,CJF,3,R,R-NAR032619009,8,5,0.9499061636068845,1.1643719097873988
NAR032619009,NAR,CJF_3,CJF,3,R,R-NAR032619009,8,6,1.0163934991694503,1.1643719097873988
NAR032619009,NAR,CJF_3,CJF,3,R,R-NAR032619009,8,7,1.0856356441544053,1.1643719097873988
NAR032619009,NAR,CJF_3,CJF,3,R,R-NAR032619009,8,8,1.1643719097873988,1.1643719097873988
NAR032619009,NAR,JRS_1,JRS,1,R,R-NAR032619009,6,1,0.4355209029944862,1.1772536521443087
NAR032619009,NAR,JRS_1,JRS,1,R,R-NAR032619009,6,2,0.5630324870266367,1.1772536521443087
NAR032619009,NAR,JRS_1,JRS,1,R,R-NAR032619009,6,3,0.7270951348453109,1.1772536521443087
NAR032619009,NAR,JRS_1,JRS,1,R,R-NAR032619009,6,4,0.8664836660093442,1.1772536521443087
NAR032619009,NAR,JRS_1,JRS,1,R,R-NAR032619009,6,5,0.970449925388072,1.1772536521443087
NAR032619009,NAR,JRS_1,JRS,1,R,R-NAR032619009,6,6,1.0536315272860046,1.1772536521443087
NAR032619010,NAR,CJF_1,CJF,1,R,R-NAR032619010,7,1,0.4687292357181831,1.2626384640087323
NAR032619010,NAR,CJF_1,CJF,1,R,R-NAR032619010,7,2,0.6789616745603504,1.2626384640087323
NAR032619010,NAR,CJF_1,CJF,1,R,R-NAR032619010,7,3,0.8177169296668476,1.2626384640087323
NAR032619010,NAR,CJF_1,CJF,1,R,R-NAR032619010,7,4,0.939720266439102,1.2626384640087323
NAR032619010,NAR,CJF_1,CJF,1,R,R-NAR032619010,7,5,1.0520815475259395,1.2626384640087323
NAR032619010,NAR,CJF_1,CJF,1,R,R-NAR032619010,7,6,1.1669209420425954,1.2626384640087323
NAR032619010,NAR,CJF_1,CJF,1,R,R-NAR032619010,7,7,1.2626384640087323,1.2626384640087323
NAR032619010,NAR,CJF_2,CJF,2,R,R-NAR032619010,7,1,0.48418062065802786,1.2685643357162855
NAR032619010,NAR,CJF_2,CJF,2,R,R-NAR032619010,7,2,0.7128842942035469,1.2685643357162855
NAR032619010,NAR,CJF_2,CJF,2,R,R-NAR032619010,7,3,0.83457501944089,1.2685643357162855
NAR032619010,NAR,CJF_2,CJF,2,R,R-NAR032619010,7,4,0.9727957817976274,1.2685643357162855
NAR032619010,NAR,CJF_2,CJF,2,R,R-NAR032619010,7,5,1.068185599415761,1.2685643357162855
NAR032619010,NAR,CJF_2,CJF,2,R,R-NAR032619010,7,6,1.1873799290795384,1.2685643357162855
NAR032619010,NAR,CJF_2,CJF,2,R,R-NAR032619010,7,7,1.2685643357162855,1.2685643357162855
NAR032619010,NAR,CJF_3,CJF,3,R,R-NAR032619010,7,1,0.46116463455969786,1.2760272145686495
NAR032619010,NAR,CJF_3,CJF,3,R,R-NAR032619010,7,2,0.7039336394913197,1.2760272145686495
NAR032619010,NAR,CJF_3,CJF,3,R,R-NAR032619010,7,3,0.8392359553124991,1.2760272145686495
NAR032619010,NAR,CJF_3,CJF,3,R,R-NAR032619010,7,4,0.9746436758839406,1.2760272145686495
NAR032619010,NAR,CJF_3,CJF,3,R,R-NAR032619010,7,5,1.0649857594317431,1.2760272145686495
NAR032619010,NAR,CJF_3,CJF,3,R,R-NAR032619010,7,6,1.1718200200406097,1.2760272145686495
NAR032619010,NAR,CJF_3,CJF,3,R,R-NAR032619010,7,7,1.2760272145686495,1.2760272145686495
NAR032619010,NAR,JRS_1,JRS,1,R,R-NAR032619010,7,1,0.5010598541982461,1.2807604097410297
NAR032619010,NAR,JRS_1,JRS,1,R,R-NAR032619010,7,2,0.6935715051014479,1.2807604097410297
NAR032619010,NAR,JRS_1,JRS,1,R,R-NAR032619010,7,3,0.7833598410610444,1.2807604097410297
NAR032619010,NAR,JRS_1,JRS,1,R,R-NAR032619010,7,4,0.8665861229125797,1.2807604097410297
NAR032619010,NAR,JRS_1,JRS,1,R,R-NAR032619010,7,5,0.9980821644140014,1.2807604097410297
NAR032619010,NAR,JRS_1,JRS,1,R,R-NAR032619010,7,6,1.0975244523035756,1.2807604097410297
NAR032619010,NAR,JRS_1,JRS,1,R,R-NAR032619010,7,7,1.1940639716033485,1.2807604097410297
NAR032619011,NAR,CJF_1,CJF,1,R,R-NAR032619011,11,1,0.5020896882807317,1.4339614881581153
NAR032619011,NAR,CJF_1,CJF,1,R,R-NAR032619011,11,2,0.6759585381818715,1.4339614881581153
NAR032619011,NAR,CJF_1,CJF,1,R,R-NAR032619011,11,3,0.8207573948052246,1.4339614881581153
NAR032619011,NAR,CJF_1,CJF,1,R,R-NAR032619011,11,4,0.9192279654393123,1.4339614881581153
NAR032619011,NAR,CJF_1,CJF,1,R,R-NAR032619011,11,5,1.0077779977079138,1.4339614881581153
NAR032619011,NAR,CJF_1,CJF,1,R,R-NAR032619011,11,6,1.0725641167908087,1.4339614881581153
NAR032619011,NAR,CJF_1,CJF,1,R,R-NAR032619011,11,7,1.1455633152935591,1.4339614881581153
NAR032619011,NAR,CJF_1,CJF,1,R,R-NAR032619011,11,8,1.218562513796311,1.4339614881581153
NAR032619011,NAR,CJF_1,CJF,1,R,R-NAR032619011,11,9,1.2961761705724688,1.4339614881581153
NAR032619011,NAR,CJF_1,CJF,1,R,R-NAR032619011,11,10,1.3806196631311431,1.4339614881581153
NAR032619011,NAR,CJF_1,CJF,1,R,R-NAR032619011,11,11,1.4339614881581153,1.4339614881581153
NAR032619011,NAR,CJF_2,CJF,2,R,R-NAR032619011,11,1,0.48090741635257006,1.4288585592543257
NAR032619011,NAR,CJF_2,CJF,2,R,R-NAR032619011,11,2,0.6580287786343134,1.4288585592543257
NAR032619011,NAR,CJF_2,CJF,2,R,R-NAR032619011,11,3,0.7969193124012803,1.4288585592543257
NAR032619011,NAR,CJF_2,CJF,2,R,R-NAR032619011,11,4,0.906906022766771,1.4288585592543257
NAR032619011,NAR,CJF_2,CJF,2,R,R-NAR032619011,11,5,0.9994997119447486,1.4288585592543257
NAR032619011,NAR,CJF_2,CJF,2,R,R-NAR032619011,11,6,1.0636509817520403,1.4288585592543257
NAR032619011,NAR,CJF_2,CJF,2,R,R-NAR032619011,11,7,1.1221736683189139,1.4288585592543257
NAR032619011,NAR,CJF_2,CJF,2,R,R-NAR032619011,11,8,1.2049789483528026,1.4288585592543257
NAR032619011,NAR,CJF_2,CJF,2,R,R-NAR032619011,11,9,1.279633667068103,1.4288585592543257
NAR032619011,NAR,CJF_2,CJF,2,R,R-NAR032619011,11,10,1.3629003511327817,1.4288585592543257
NAR032619011,NAR,CJF_2,CJF,2,R,R-NAR032619011,11,11,1.4288585592543257,1.4288585592543257
NAR032619011,NAR,CJF_3,CJF,3,R,R-NAR032619011,11,1,0.4652219437194502,1.3764491559364138
NAR032619011,NAR,CJF_3,CJF,3,R,R-NAR032619011,11,2,0.6306130204781546,1.3764491559364138
NAR032619011,NAR,CJF_3,CJF,3,R,R-NAR032619011,11,3,0.7734940706501958,1.3764491559364138
NAR032619011,NAR,CJF_3,CJF,3,R,R-NAR032619011,11,4,0.8775325579752399,1.3764491559364138
NAR032619011,NAR,CJF_3,CJF,3,R,R-NAR032619011,11,5,0.981021061620621,1.3764491559364138
NAR032619011,NAR,CJF_3,CJF,3,R,R-NAR032619011,11,6,1.027275302716562,1.3764491559364138
NAR032619011,NAR,CJF_3,CJF,3,R,R-NAR032619011,11,7,1.0998829054435526,1.3764491559364138
NAR032619011,NAR,CJF_3,CJF,3,R,R-NAR032619011,11,8,1.167617591405102,1.3764491559364138
NAR032619011,NAR,CJF_3,CJF,3,R,R-NAR032619011,11,9,1.2363818590877051,1.3764491559364138
NAR032619011,NAR,CJF_3,CJF,3,R,R-NAR032619011,11,10,1.3225082447516974,1.3764491559364138
NAR032619011,NAR,CJF_3,CJF,3,R,R-NAR032619011,11,11,1.3764491559364138,1.3764491559364138
NAR032619011,NAR,JRS_1,JRS,1,R,R-NAR032619011,10,1,0.44729463329111196,1.3772638966014588
NAR032619011,NAR,JRS_1,JRS,1,R,R-NAR032619011,10,2,0.6158615583411955,1.3772638966014588
NAR032619011,NAR,JRS_1,JRS,1,R,R-NAR032619011,10,3,0.7635584710522365,1.3772638966014588
NAR032619011,NAR,JRS_1,JRS,1,R,R-NAR032619011,10,4,0.8783977241299492,1.3772638966014588
NAR032619011,NAR,JRS_1,JRS,1,R,R-NAR032619011,10,5,0.9514969525295764,1.3772638966014588
NAR032619011,NAR,JRS_1,JRS,1,R,R-NAR032619011,10,6,1.025436959960802,1.3772638966014588
NAR032619011,NAR,JRS_1,JRS,1,R,R-NAR032619011,10,7,1.1017162023354115,1.3772638966014588
NAR032619011,NAR,JRS_1,JRS,1,R,R-NAR032619011,10,8,1.1716354167600573,1.3772638966014588
NAR032619011,NAR,JRS_1,JRS,1,R,R-NAR032619011,10,9,1.244734645159685,1.3772638966014588
NAR032619011,NAR,JRS_1,JRS,1,R,R-NAR032619011,10,10,1.3109992708805713,1.3772638966014588
NAR032619012,NAR,CJF_1,CJF,1,R,R-NAR032619012,9,1,0.46044713227326345,1.2443696723388704
NAR032619012,NAR,CJF_1,CJF,1,R,R-NAR032619012,9,2,0.6396059254367406,1.2443696723388704
NAR032619012,NAR,CJF_1,CJF,1,R,R-NAR032619012,9,3,0.7628592832215273,1.2443696723388704
NAR032619012,NAR,CJF_1,CJF,1,R,R-NAR032619012,9,4,0.8650796616594344,1.2443696723388704
NAR032619012,NAR,CJF_1,CJF,1,R,R-NAR032619012,9,5,0.9324881390599299,1.2443696723388704
NAR032619012,NAR,CJF_1,CJF,1,R,R-NAR032619012,9,6,1.0220523968930686,1.2443696723388704
NAR032619012,NAR,CJF_1,CJF,1,R,R-NAR032619012,9,7,1.1084601939493162,1.2443696723388704
NAR032619012,NAR,CJF_1,CJF,1,R,R-NAR032619012,9,8,1.1685237812018634,1.2443696723388704
NAR032619012,NAR,CJF_1,CJF,1,R,R-NAR032619012,9,9,1.2443696723388704,1.2443696723388704
NAR032619012,NAR,CJF_2,CJF,2,R,R-NAR032619012,8,1,0.4773038709981337,1.2684302415028685
NAR032619012,NAR,CJF_2,CJF,2,R,R-NAR032619012,8,2,0.793578226864826,1.2684302415028685
NAR032619012,NAR,CJF_2,CJF,2,R,R-NAR032619012,8,3,0.878366500824916,1.2684302415028685
NAR032619012,NAR,CJF_2,CJF,2,R,R-NAR032619012,8,4,0.9493272246607263,1.2684302415028685
NAR032619012,NAR,CJF_2,CJF,2,R,R-NAR032619012,8,5,1.033298213167453,1.2684302415028685
NAR032619012,NAR,CJF_2,CJF,2,R,R-NAR032619012,8,6,1.1178980848198636,1.2684302415028685
NAR032619012,NAR,CJF_2,CJF,2,R,R-NAR032619012,8,7,1.1982868031204226,1.2684302415028685
NAR032619012,NAR,CJF_2,CJF,2,R,R-NAR032619012,8,8,1.2684302415028685,1.2684302415028685
NAR032619012,NAR,CJF_3,CJF,3,R,R-NAR032619012,9,1,0.44949793824871853,1.2352647806079244
NAR032619012,NAR,CJF_3,CJF,3,R,R-NAR032619012,9,2,0.6441017231767636,1.2352647806079244
NAR032619012,NAR,CJF_3,CJF,3,R,R-NAR032619012,9,3,0.7562082252693433,1.2352647806079244
NAR032619012,NAR,CJF_3,CJF,3,R,R-NAR032619012,9,4,0.8418706955727492,1.2352647806079244
NAR032619012,NAR,CJF_3,CJF,3,R,R-NAR032619012,9,5,0.9253893061193588,1.2352647806079244
NAR032619012,NAR,CJF_3,CJF,3,R,R-NAR032619012,9,6,1.0153394959363553,1.2352647806079244
NAR032619012,NAR,CJF_3,CJF,3,R,R-NAR032619012,9,7,1.0893625440791432,1.2352647806079244
NAR032619012,NAR,CJF_3,CJF,3,R,R-NAR032619012,9,8,1.1601698025867382,1.2352647806079244
NAR032619012,NAR,CJF_3,CJF,3,R,R-NAR032619012,9,9,1.2352647806079244,1.2352647806079244
NAR032619012,NAR,JRS_1,JRS,1,R,R-NAR032619012,8,1,0.3870101441249962,1.1570308159889513
NAR032619012,NAR,JRS_1,JRS,1,R,R-NAR032619012,8,2,0.5776540907390486,1.1570308159889513
NAR032619012,NAR,JRS_1,JRS,1,R,R-NAR032619012,8,3,0.6801872920245176,1.1570308159889513
NAR032619012,NAR,JRS_1,JRS,1,R,R-NAR032619012,8,4,0.7727649685977485,1.1570308159889513
NAR032619012,NAR,JRS_1,JRS,1,R,R-NAR032619012,8,5,0.8581314171925376,1.1570308159889513
NAR032619012,NAR,JRS_1,JRS,1,R,R-NAR032619012,8,6,0.9519644134180141,1.1570308159889513
NAR032619012,NAR,JRS_1,JRS,1,R,R-NAR032619012,8,7,1.0176534700176343,1.1570308159889513
NAR032619012,NAR,JRS_1,JRS,1,R,R-NAR032619012,8,8,1.0970640102862246,1.1570308159889513
NAR032619013,NAR,CJF_1,CJF,1,R,R-NAR032619013,6,1,0.3953152148609988,1.0857925591819877
NAR032619013,NAR,CJF_1,CJF,1,R,R-NAR032619013,6,2,0.5897929405419758,1.0857925591819877
NAR032619013,NAR,CJF_1,CJF,1,R,R-NAR032619013,6,3,0.7551261467553134,1.0857925591819877
NAR032619013,NAR,CJF_1,CJF,1,R,R-NAR032619013,6,4,0.8738272042754559,1.0857925591819877
NAR032619013,NAR,CJF_1,CJF,1,R,R-NAR032619013,6,5,0.9988868783634308,1.0857925591819877
NAR032619013,NAR,CJF_1,CJF,1,R,R-NAR032619013,6,6,1.0857925591819877,1.0857925591819877
NAR032619013,NAR,CJF_2,CJF,2,R,R-NAR032619013,6,1,0.49413942167098873,1.1260263215101425
NAR032619013,NAR,CJF_2,CJF,2,R,R-NAR032619013,6,2,0.6436855114021491,1.1260263215101425
NAR032619013,NAR,CJF_2,CJF,2,R,R-NAR032619013,6,3,0.799429573718073,1.1260263215101425
NAR032619013,NAR,CJF_2,CJF,2,R,R-NAR032619013,6,4,0.9259264204072117,1.1260263215101425
NAR032619013,NAR,CJF_2,CJF,2,R,R-NAR032619013,6,5,1.0394299883202844,1.1260263215101425
NAR032619013,NAR,CJF_2,CJF,2,R,R-NAR032619013,6,6,1.1260263215101425,1.1260263215101425
NAR032619013,NAR,CJF_3,CJF,3,R,R-NAR032619013,6,1,0.39899359773239146,1.0585358974624872
NAR032619013,NAR,CJF_3,CJF,3,R,R-NAR032619013,6,2,0.5740486646640836,1.0585358974624872
NAR032619013,NAR,CJF_3,CJF,3,R,R-NAR032619013,6,3,0.7214971400877197,1.0585358974624872
NAR032619013,NAR,CJF_3,CJF,3,R,R-NAR032619013,6,4,0.8473267072289985,1.0585358974624872
NAR032619013,NAR,CJF_3,CJF,3,R,R-NAR032619013,6,5,0.966414617028766,1.0585358974624872
NAR032619013,NAR,CJF_3,CJF,3,R,R-NAR032619013,6,6,1.0585358974624872,1.0585358974624872
NAR032619013,NAR,JRS_1,JRS,1,R,R-NAR032619013,4,1,0.31603829469547295,0.7291044668747458
NAR032619013,NAR,JRS_1,JRS,1,R,R-NAR032619013,4,2,0.4710707205730277,0.7291044668747458
NAR032619013,NAR,JRS_1,JRS,1,R,R-NAR032619013,4,3,0.5683571534493395,0.7291044668747458
NAR032619013,NAR,JRS_1,JRS,1,R,R-NAR032619013,4,4,0.6435330333992131,0.7291044668747458
NAR032619014,NAR,NGA_1,NGA,1,R,R-NAR032619014,9,1,0.5241513936194118,1.4319463021296546
NAR032619014,NAR,NGA_1,NGA,1,R,R-NAR032619014,9,2,0.7515061821113865,1.4319463021296546
NAR032619014,NAR,NGA_1,NGA,1,R,R-NAR032619014,9,3,0.8913434636261526,1.4319463021296546
NAR032619014,NAR,NGA_1,NGA,1,R,R-NAR032619014,9,4,0.9802021650309923,1.4319463021296546
NAR032619014,NAR,NGA_1,NGA,1,R,R-NAR032619014,9,5,1.086465959563762,1.4319463021296546
NAR032619014,NAR,NGA_1,NGA,1,R,R-NAR032619014,9,6,1.1874694715397738,1.4319463021296546
NAR032619014,NAR,NGA_1,NGA,1,R,R-NAR032619014,9,7,1.2756575757307986,1.4319463021296546
NAR032619014,NAR,NGA_1,NGA,1,R,R-NAR032619014,9,8,1.3549493602659615,1.4319463021296546
NAR032619014,NAR,NGA_1,NGA,1,R,R-NAR032619014,9,9,1.4319463021296546,1.4319463021296546
NAR032619014,NAR,NGA_2,NGA,2,R,R-NAR032619014,9,1,0.528330281719572,1.4277371076542513
NAR032619014,NAR,NGA_2,NGA,2,R,R-NAR032619014,9,2,0.7440371916836226,1.4277371076542513
NAR032619014,NAR,NGA_2,NGA,2,R,R-NAR032619014,9,3,0.8942816306879423,1.4277371076542513
NAR032619014,NAR,NGA_2,NGA,2,R,R-NAR032619014,9,4,0.9817937928666093,1.4277371076542513
NAR032619014,NAR,NGA_2,NGA,2,R,R-NAR032619014,9,5,1.0925531468205427,1.4277371076542513
NAR032619014,NAR,NGA_2,NGA,2,R,R-NAR032619014,9,6,1.1662224168367488,1.4277371076542513
NAR032619014,NAR,NGA_2,NGA,2,R,R-NAR032619014,9,7,1.257837978543653,1.4277371076542513
NAR032619014,NAR,NGA_2,NGA,2,R,R-NAR032619014,9,8,1.356973736609954,1.4277371076542513
NAR032619014,NAR,NGA_2,NGA,2,R,R-NAR032619014,9,9,1.4277371076542513,1.4277371076542513
NAR032619015,NAR,CJF_1,CJF,1,R,R-NAR032619015,21,1,0.5450452722537016,1.9614259315429363
NAR032619015,NAR,CJF_1,CJF,1,R,R-NAR032619015,21,2,0.7518773549259551,1.9614259315429363
NAR032619015,NAR,CJF_1,CJF,1,R,R-NAR032619015,21,3,0.8886311961828435,1.9614259315429363
NAR032619015,NAR,CJF_1,CJF,1,R,R-NAR032619015,21,4,0.9956036563275564,1.9614259315429363
NAR032619015,NAR,CJF_1,CJF,1,R,R-NAR032619015,21,5,1.0743298023165762,1.9614259315429363
NAR032619015,NAR,CJF_1,CJF,1,R,R-NAR032619015,21,6,1.1460456288449214,1.9614259315429363
NAR032619015,NAR,CJF_1,CJF,1,R,R-NAR032619015,21,7,1.2169939218950254,1.9614259315429363
NAR032619015,NAR,CJF_1,CJF,1,R,R-NAR032619015,21,8,1.289809789562485,1.9614259315429363
NAR032619015,NAR,CJF_1,CJF,1,R,R-NAR032619015,21,9,1.3803564921946254,1.9614259315429363
NAR032619015,NAR,CJF_1,CJF,1,R,R-NAR032619015,21,10,1.4222909376107946,1.9614259315429363
NAR032619015,NAR,CJF_1,CJF,1,R,R-NAR032619015,21,11,1.4786810477656824,1.9614259315429363
NAR032619015,NAR,CJF_1,CJF,1,R,R-NAR032619015,21,12,1.530030931233749,1.9614259315429363
NAR032619015,NAR,CJF_1,CJF,1,R,R-NAR032619015,21,13,1.5848859744321528,1.9614259315429363
NAR032619015,NAR,CJF_1,CJF,1,R,R-NAR032619015,21,14,1.6146673555443294,1.9614259315429363
NAR032619015,NAR,CJF_1,CJF,1,R,R-NAR032619015,21,15,1.6640471462385427,1.9614259315429363
NAR032619015,NAR,CJF_1,CJF,1,R,R-NAR032619015,21,16,1.7075166586111954,1.9614259315429363
NAR032619015,NAR,CJF_1,CJF,1,R,R-NAR032619015,21,17,1.7467134777752695,1.9614259315429363
NAR032619015,NAR,CJF_1,CJF,1,R,R-NAR032619015,21,18,1.8211669305557103,1.9614259315429363
NAR032619015,NAR,CJF_1,CJF,1,R,R-NAR032619015,21,19,1.860696257380656,1.9614259315429363
NAR032619015,NAR,CJF_1,CJF,1,R,R-NAR032619015,21,20,1.9128136743269646,1.9614259315429363
NAR032619015,NAR,CJF_1,CJF,1,R,R-NAR032619015,21,21,1.9614259315429363,1.9614259315429363
NAR032619015,NAR,CJF_2,CJF,2,R,R-NAR032619015,20,1,0.5419656181550151,1.8813930366117657
NAR032619015,NAR,CJF_2,CJF,2,R,R-NAR032619015,20,2,0.7348631077967851,1.8813930366117657
NAR032619015,NAR,CJF_2,CJF,2,R,R-NAR032619015,20,3,0.8865613060976454,1.8813930366117657
NAR032619015,NAR,CJF_2,CJF,2,R,R-NAR032619015,20,4,0.9865235586710263,1.8813930366117657
NAR032619015,NAR,CJF_2,CJF,2,R,R-NAR032619015,20,5,1.0625318351459903,1.8813930366117657
NAR032619015,NAR,CJF_2,CJF,2,R,R-NAR032619015,20,6,1.1334309617522031,1.8813930366117657
NAR032619015,NAR,CJF_2,CJF,2,R,R-NAR032619015,20,7,1.2011388041259041,1.8813930366117657
NAR032619015,NAR,CJF_2,CJF,2,R,R-NAR032619015,20,8,1.2643742059289904,1.8813930366117657
NAR032619015,NAR,CJF_2,CJF,2,R,R-NAR032619015,20,9,1.3400641277548864,1.8813930366117657
NAR032619015,NAR,CJF_2,CJF,2,R,R-NAR032619015,20,10,1.389245498547991,1.8813930366117657
NAR032619015,NAR,CJF_2,CJF,2,R,R-NAR032619015,20,11,1.4476901051313937,1.8813930366117657
NAR032619015,NAR,CJF_2,CJF,2,R,R-NAR032619015,20,12,1.4987893415607378,1.8813930366117657
NAR032619015,NAR,CJF_2,CJF,2,R,R-NAR032619015,20,13,1.5403069875507154,1.8813930366117657
NAR032619015,NAR,CJF_2,CJF,2,R,R-NAR032619015,20,14,1.601624523717562,1.8813930366117657
NAR032619015,NAR,CJF_2,CJF,2,R,R-NAR032619015,20,15,1.6447416806947104,1.8813930366117657
NAR032619015,NAR,CJF_2,CJF,2,R,R-NAR032619015,20,16,1.6725236503237748,1.8813930366117657
NAR032619015,NAR,CJF_2,CJF,2,R,R-NAR032619015,20,17,1.7076587278487287,1.8813930366117657
NAR032619015,NAR,CJF_2,CJF,2,R,R-NAR032619015,20,18,1.7597130282252769,1.8813930366117657
NAR032619015,NAR,CJF_2,CJF,2,R,R-NAR032619015,20,19,1.8277392252480458,1.8813930366117657
NAR032619015,NAR,CJF_2,CJF,2,R,R-NAR032619015,20,20,1.8813930366117657,1.8813930366117657
NAR032619015,NAR,CJF_3,CJF,3,R,R-NAR032619015,20,1,0.5556977190547331,1.9301373479449442
NAR032619015,NAR,CJF_3,CJF,3,R,R-NAR032619015,20,2,0.7308569799875273,1.9301373479449442
NAR032619015,NAR,CJF_3,CJF,3,R,R-NAR032619015,20,3,0.8818735403021093,1.9301373479449442
NAR032619015,NAR,CJF_3,CJF,3,R,R-NAR032619015,20,4,0.9832172599197158,1.9301373479449442
NAR032619015,NAR,CJF_3,CJF,3,R,R-NAR032619015,20,5,1.058337119728285,1.9301373479449442
NAR032619015,NAR,CJF_3,CJF,3,R,R-NAR032619015,20,6,1.1402279349052664,1.9301373479449442
NAR032619015,NAR,CJF_3,CJF,3,R,R-NAR032619015,20,7,1.2073556418192106,1.9301373479449442
NAR032619015,NAR,CJF_3,CJF,3,R,R-NAR032619015,20,8,1.2818649028646731,1.9301373479449442
NAR032619015,NAR,CJF_3,CJF,3,R,R-NAR032619015,20,9,1.3456902530615793,1.9301373479449442
NAR032619015,NAR,CJF_3,CJF,3,R,R-NAR032619015,20,10,1.4154265969622861,1.9301373479449442
NAR032619015,NAR,CJF_3,CJF,3,R,R-NAR032619015,20,11,1.4751727497447111,1.9301373479449442
NAR032619015,NAR,CJF_3,CJF,3,R,R-NAR032619015,20,12,1.5274542274284488,1.9301373479449442
NAR032619015,NAR,CJF_3,CJF,3,R,R-NAR032619015,20,13,1.5664431572768676,1.9301373479449442
NAR032619015,NAR,CJF_3,CJF,3,R,R-NAR032619015,20,14,1.623497552105362,1.9301373479449442
NAR032619015,NAR,CJF_3,CJF,3,R,R-NAR032619015,20,15,1.6496382909472305,1.9301373479449442
NAR032619015,NAR,CJF_3,CJF,3,R,R-NAR032619015,20,16,1.6980068131508244,1.9301373479449442
NAR032619015,NAR,CJF_3,CJF,3,R,R-NAR032619015,20,17,1.7335271443478681,1.9301373479449442
NAR032619015,NAR,CJF_3,CJF,3,R,R-NAR032619015,20,18,1.787889781222431,1.9301373479449442
NAR032619015,NAR,CJF_3,CJF,3,R,R-NAR032619015,20,19,1.842252418096994,1.9301373479449442
NAR032619015,NAR,CJF_3,CJF,3,R,R-NAR032619015,20,20,1.9301373479449442,1.9301373479449442
NAR032619015,NAR,JRS_1,JRS,1,R,R-NAR032619015,20,1,0.3734005222767238,1.9621700799166715
NAR032619015,NAR,JRS_1,JRS,1,R,R-NAR032619015,20,2,0.5800398468537994,1.9621700799166715
NAR032619015,NAR,JRS_1,JRS,1,R,R-NAR032619015,20,3,0.7368315128340902,1.9621700799166715
NAR032619015,NAR,JRS_1,JRS,1,R,R-NAR032619015,20,4,0.9035927105337381,1.9621700799166715
NAR032619015,NAR,JRS_1,JRS,1,R,R-NAR032619015,20,5,1.004191531292855,1.9621700799166715
NAR032619015,NAR,JRS_1,JRS,1,R,R-NAR032619015,20,6,1.0766990948577748,1.9621700799166715
NAR032619015,NAR,JRS_1,JRS,1,R,R-NAR032619015,20,7,1.151013665553789,1.9621700799166715
NAR032619015,NAR,JRS_1,JRS,1,R,R-NAR032619015,20,8,1.2208003875892879,1.9621700799166715
NAR032619015,NAR,JRS_1,JRS,1,R,R-NAR032619015,20,9,1.297835799814723,1.9621700799166715
NAR032619015,NAR,JRS_1,JRS,1,R,R-NAR032619015,20,10,1.3766885500040311,1.9621700799166715
NAR032619015,NAR,JRS_1,JRS,1,R,R-NAR032619015,20,11,1.4301605536957838,1.9621700799166715
NAR032619015,NAR,JRS_1,JRS,1,R,R-NAR032619015,20,12,1.4908812475774733,1.9621700799166715
NAR032619015,NAR,JRS_1,JRS,1,R,R-NAR032619015,20,13,1.5371045610792904,1.9621700799166715
NAR032619015,NAR,JRS_1,JRS,1,R,R-NAR032619015,20,14,1.590576564771043,1.9621700799166715
NAR032619015,NAR,JRS_1,JRS,1,R,R-NAR032619015,20,15,1.6268303465535028,1.9621700799166715
NAR032619015,NAR,JRS_1,JRS,1,R,R-NAR032619015,20,16,1.6793988466797085,1.9621700799166715
NAR032619015,NAR,JRS_1,JRS,1,R,R-NAR032619015,20,17,1.7201804771226836,1.9621700799166715
NAR032619015,NAR,JRS_1,JRS,1,R,R-NAR032619015,20,18,1.7736524808144367,1.9621700799166715
NAR032619015,NAR,JRS_1,JRS,1,R,R-NAR032619015,20,19,1.824403642976769,1.9621700799166715
NAR032619015,NAR,JRS_1,JRS,1,R,R-NAR032619015,20,20,1.8733477980080064,1.9621700799166715
NAR032619016,NAR,CJF_1,CJF,1,R,R-NAR032619016,4,1,0.4757751445382099,1.0126671761732717
NAR032619016,NAR,CJF_1,CJF,1,R,R-NAR032619016,4,2,0.7329406230489218,1.0126671761732717
NAR032619016,NAR,CJF_1,CJF,1,R,R-NAR032619016,4,3,0.8916817988080126,1.0126671761732717
NAR032619016,NAR,CJF_1,CJF,1,R,R-NAR032619016,4,4,1.0126671761732717,1.0126671761732717
NAR032619016,NAR,CJF_2,CJF,2,R,R-NAR032619016,4,1,0.5116990126803284,1.021356503925938
NAR032619016,NAR,CJF_2,CJF,2,R,R-NAR032619016,4,2,0.7137443855221024,1.021356503925938
NAR032619016,NAR,CJF_2,CJF,2,R,R-NAR032619016,4,3,0.9017624973686482,1.021356503925938
NAR032619016,NAR,CJF_2,CJF,2,R,R-NAR032619016,4,4,1.021356503925938,1.021356503925938
NAR032619016,NAR,CJF_3,CJF,3,R,R-NAR032619016,4,1,0.4944394094438463,0.9907476964923994
NAR032619016,NAR,CJF_3,CJF,3,R,R-NAR032619016,4,2,0.7264260523152106,0.9907476964923994
NAR032619016,NAR,CJF_3,CJF,3,R,R-NAR032619016,4,3,0.8866904470435727,0.9907476964923994
NAR032619016,NAR,CJF_3,CJF,3,R,R-NAR032619016,4,4,0.9907476964923994,0.9907476964923994
NAR032619016,NAR,JRS_1,JRS,1,R,R-NAR032619016,2,1,0.2558627429262493,0.5742055613972158
NAR032619016,NAR,JRS_1,JRS,1,R,R-NAR032619016,2,2,0.39969659820625913,0.5742055613972158
NAR032619017,NAR,CJF_1,CJF,1,R,R-NAR032619017,12,1,0.4074961354860276,1.5082481428518206
NAR032619017,NAR,CJF_1,CJF,1,R,R-NAR032619017,12,2,0.6237813016496079,1.5082481428518206
NAR032619017,NAR,CJF_1,CJF,1,R,R-NAR032619017,12,3,0.746686611478762,1.5082481428518206
NAR032619017,NAR,CJF_1,CJF,1,R,R-NAR032619017,12,4,0.8482645027270909,1.5082481428518206
NAR032619017,NAR,CJF_1,CJF,1,R,R-NAR032619017,12,5,0.954533696678727,1.5082481428518206
NAR032619017,NAR,CJF_1,CJF,1,R,R-NAR032619017,12,6,1.034671976199298,1.5082481428518206
NAR032619017,NAR,CJF_1,CJF,1,R,R-NAR032619017,12,7,1.106259981609322,1.5082481428518206
NAR032619017,NAR,CJF_1,CJF,1,R,R-NAR032619017,12,8,1.1730444911691054,1.5082481428518206
NAR032619017,NAR,CJF_1,CJF,1,R,R-NAR032619017,12,9,1.2387722831389565,1.5082481428518206
NAR032619017,NAR,CJF_1,CJF,1,R,R-NAR032619017,12,10,1.3366033961269779,1.5082481428518206
NAR032619017,NAR,CJF_1,CJF,1,R,R-NAR032619017,12,11,1.422954128284366,1.5082481428518206
NAR032619017,NAR,CJF_1,CJF,1,R,R-NAR032619017,12,12,1.5082481428518206,1.5082481428518206
NAR032619017,NAR,CJF_2,CJF,2,R,R-NAR032619017,13,1,0.4088639365997885,1.487052970620905
NAR032619017,NAR,CJF_2,CJF,2,R,R-NAR032619017,13,2,0.5896486087592642,1.487052970620905
NAR032619017,NAR,CJF_2,CJF,2,R,R-NAR032619017,13,3,0.7272716346301018,1.487052970620905
NAR032619017,NAR,CJF_2,CJF,2,R,R-NAR032619017,13,4,0.83562313527861,1.487052970620905
NAR032619017,NAR,CJF_2,CJF,2,R,R-NAR032619017,13,5,0.9285932317710991,1.487052970620905
NAR032619017,NAR,CJF_2,CJF,2,R,R-NAR032619017,13,6,1.0032420045871366,1.487052970620905
NAR032619017,NAR,CJF_2,CJF,2,R,R-NAR032619017,13,7,1.0765699459519296,1.487052970620905
NAR032619017,NAR,CJF_2,CJF,2,R,R-NAR032619017,13,8,1.14810834760907,1.487052970620905
NAR032619017,NAR,CJF_2,CJF,2,R,R-NAR032619017,13,9,1.2155138032740118,1.487052970620905
NAR032619017,NAR,CJF_2,CJF,2,R,R-NAR032619017,13,10,1.3219479592353913,1.487052970620905
NAR032619017,NAR,CJF_2,CJF,2,R,R-NAR032619017,13,11,1.3849222122901905,1.487052970620905
NAR032619017,NAR,CJF_2,CJF,2,R,R-NAR032619017,13,12,1.4328133178069131,1.487052970620905
NAR032619017,NAR,CJF_2,CJF,2,R,R-NAR032619017,13,13,1.487052970620905,1.487052970620905
NAR032619017,NAR,CJF_3,CJF,3,R,R-NAR032619017,13,1,0.4545009718788059,1.5355964433502702
NAR032619017,NAR,CJF_3,CJF,3,R,R-NAR032619017,13,2,0.6573508490472404,1.5355964433502702
NAR032619017,NAR,CJF_3,CJF,3,R,R-NAR032619017,13,3,0.7940433541078779,1.5355964433502702
NAR032619017,NAR,CJF_3,CJF,3,R,R-NAR032619017,13,4,0.8911959821390273,1.5355964433502702
NAR032619017,NAR,CJF_3,CJF,3,R,R-NAR032619017,13,5,0.9848984693154008,1.5355964433502702
NAR032619017,NAR,CJF_3,CJF,3,R,R-NAR032619017,13,6,1.0591226495917891,1.5355964433502702
NAR032619017,NAR,CJF_3,CJF,3,R,R-NAR032619017,13,7,1.148313919746324,1.5355964433502702
NAR032619017,NAR,CJF_3,CJF,3,R,R-NAR032619017,13,8,1.206032121039962,1.5355964433502702
NAR032619017,NAR,CJF_3,CJF,3,R,R-NAR032619017,13,9,1.278478505742974,1.5355964433502702
NAR032619017,NAR,CJF_3,CJF,3,R,R-NAR032619017,13,10,1.3576917159787443,1.5355964433502702
NAR032619017,NAR,CJF_3,CJF,3,R,R-NAR032619017,13,11,1.4303770071505284,1.5355964433502702
NAR032619017,NAR,CJF_3,CJF,3,R,R-NAR032619017,13,12,1.4738448379723357,1.5355964433502702
NAR032619017,NAR,CJF_3,CJF,3,R,R-NAR032619017,13,13,1.5355964433502702,1.5355964433502702
NAR032619017,NAR,JRS_1,JRS,1,R,R-NAR032619017,12,1,0.46947082662794304,1.5723261044761865
NAR032619017,NAR,JRS_1,JRS,1,R,R-NAR032619017,12,2,0.7151956807331528,1.5723261044761865
NAR032619017,NAR,JRS_1,JRS,1,R,R-NAR032619017,12,3,0.8091244116730321,1.5723261044761865
NAR032619017,NAR,JRS_1,JRS,1,R,R-NAR032619017,12,4,0.9108039842801073,1.5723261044761865
NAR032619017,NAR,JRS_1,JRS,1,R,R-NAR032619017,12,5,1.0137844455944256,1.5723261044761865
NAR032619017,NAR,JRS_1,JRS,1,R,R-NAR032619017,12,6,1.0907377764212158,1.5723261044761865
NAR032619017,NAR,JRS_1,JRS,1,R,R-NAR032619017,12,7,1.1770612484772252,1.5723261044761865
NAR032619017,NAR,JRS_1,JRS,1,R,R-NAR032619017,12,8,1.2271777990354784,1.5723261044761865
NAR032619017,NAR,JRS_1,JRS,1,R,R-NAR032619017,12,9,1.3131828602367088,1.5723261044761865
NAR032619017,NAR,JRS_1,JRS,1,R,R-NAR032619017,12,10,1.3857695313036698,1.5723261044761865
NAR032619017,NAR,JRS_1,JRS,1,R,R-NAR032619017,12,11,1.4729026531406886,1.5723261044761865
NAR032619017,NAR,JRS_1,JRS,1,R,R-NAR032619017,12,12,1.5451709133528713,1.5723261044761865
NAR032619018,NAR,CJF_1,CJF,1,R,R-NAR032619018,3,1,0.41393376084401207,0.773404578784882
NAR032619018,NAR,CJF_1,CJF,1,R,R-NAR032619018,3,2,0.6409016528031038,0.773404578784882
NAR032619018,NAR,CJF_1,CJF,1,R,R-NAR032619018,3,3,0.773404578784882,0.773404578784882
NAR032619018,NAR,CJF_2,CJF,2,R,R-NAR032619018,3,1,0.4951645895853665,0.8547509533106066
NAR032619018,NAR,CJF_2,CJF,2,R,R-NAR032619018,3,2,0.7093806173385565,0.8547509533106066
NAR032619018,NAR,CJF_2,CJF,2,R,R-NAR032619018,3,3,0.8547509533106066,0.8547509533106066
NAR032619018,NAR,CJF_3,CJF,3,R,R-NAR032619018,3,1,0.5184000015230066,0.8748350534671379
NAR032619018,NAR,CJF_3,CJF,3,R,R-NAR032619018,3,2,0.7384938570240653,0.8748350534671379
NAR032619018,NAR,CJF_3,CJF,3,R,R-NAR032619018,3,3,0.8748350534671379,0.8748350534671379
NAR032619018,NAR,JRS_1,JRS,1,R,R-NAR032619018,3,1,0.44698794669646613,0.7712096514747343
NAR032619018,NAR,JRS_1,JRS,1,R,R-NAR032619018,3,2,0.5731158618163221,0.7712096514747343
NAR032619018,NAR,JRS_1,JRS,1,R,R-NAR032619018,3,3,0.6635926623165553,0.7712096514747343
NAR032719001,NAR,CJF_1,CJF,1,R,R-NAR032719001,10,1,0.3258191893726639,1.263153998058662
NAR032719001,NAR,CJF_1,CJF,1,R,R-NAR032719001,10,2,0.5629990196267226,1.263153998058662
NAR032719001,NAR,CJF_1,CJF,1,R,R-NAR032719001,10,3,0.7109258760372702,1.263153998058662
NAR032719001,NAR,CJF_1,CJF,1,R,R-NAR032719001,10,4,0.7894079522754505,1.263153998058662
NAR032719001,NAR,CJF_1,CJF,1,R,R-NAR032719001,10,5,0.8642381812504836,1.263153998058662
NAR032719001,NAR,CJF_1,CJF,1,R,R-NAR032719001,10,6,0.955516643452822,1.263153998058662
NAR032719001,NAR,CJF_1,CJF,1,R,R-NAR032719001,10,7,1.0430360157568144,1.263153998058662
NAR032719001,NAR,CJF_1,CJF,1,R,R-NAR032719001,10,8,1.119385361000968,1.263153998058662
NAR032719001,NAR,CJF_1,CJF,1,R,R-NAR032719001,10,9,1.1920828589819747,1.263153998058662
NAR032719001,NAR,CJF_1,CJF,1,R,R-NAR032719001,10,10,1.263153998058662,1.263153998058662
NAR032719001,NAR,CJF_2,CJF,2,R,R-NAR032719001,9,1,0.5614410920168621,1.2355073658465268
NAR032719001,NAR,CJF_2,CJF,2,R,R-NAR032719001,9,2,0.6993806026523928,1.2355073658465268
NAR032719001,NAR,CJF_2,CJF,2,R,R-NAR032719001,9,3,0.7879850869105853,1.2355073658465268
NAR032719001,NAR,CJF_2,CJF,2,R,R-NAR032719001,9,4,0.8698032661505899,1.2355073658465268
NAR032719001,NAR,CJF_2,CJF,2,R,R-NAR032719001,9,5,0.9448351403724059,1.2355073658465268
NAR032719001,NAR,CJF_2,CJF,2,R,R-NAR032719001,9,6,1.0449535653553583,1.2355073658465268
NAR032719001,NAR,CJF_2,CJF,2,R,R-NAR032719001,9,7,1.1004645996675444,1.2355073658465268
NAR032719001,NAR,CJF_2,CJF,2,R,R-NAR032719001,9,8,1.1828930759908898,1.2355073658465268
NAR032719001,NAR,CJF_2,CJF,2,R,R-NAR032719001,9,9,1.2355073658465268,1.2355073658465268
NAR032719001,NAR,CJF_3,CJF,3,R,R-NAR032719001,10,1,0.3392476815080786,1.2394448097340482
NAR032719001,NAR,CJF_3,CJF,3,R,R-NAR032719001,10,2,0.5576761911303739,1.2394448097340482
NAR032719001,NAR,CJF_3,CJF,3,R,R-NAR032719001,10,3,0.696053661223238,1.2394448097340482
NAR032719001,NAR,CJF_3,CJF,3,R,R-NAR032719001,10,4,0.7954471892411155,1.2394448097340482
NAR032719001,NAR,CJF_3,CJF,3,R,R-NAR032719001,10,5,0.8540716248719218,1.2394448097340482
NAR032719001,NAR,CJF_3,CJF,3,R,R-NAR032719001,10,6,0.9546552530978565,1.2394448097340482
NAR032719001,NAR,CJF_3,CJF,3,R,R-NAR032719001,10,7,1.0338132374558855,1.2394448097340482
NAR032719001,NAR,CJF_3,CJF,3,R,R-NAR032719001,10,8,1.0903545177072316,1.2394448097340482
NAR032719001,NAR,CJF_3,CJF,3,R,R-NAR032719001,10,9,1.1626679858228528,1.2394448097340482
NAR032719001,NAR,CJF_3,CJF,3,R,R-NAR032719001,10,10,1.2394448097340482,1.2394448097340482
NAR032719001,NAR,JRS_1,JRS,1,R,R-NAR032719001,10,1,0.3230076648988203,1.231635744283785
NAR032719001,NAR,JRS_1,JRS,1,R,R-NAR032719001,10,2,0.4217894162347096,1.231635744283785
NAR032719001,NAR,JRS_1,JRS,1,R,R-NAR032719001,10,3,0.567778954534455,1.231635744283785
NAR032719001,NAR,JRS_1,JRS,1,R,R-NAR032719001,10,4,0.6857762729133193,1.231635744283785
NAR032719001,NAR,JRS_1,JRS,1,R,R-NAR032719001,10,5,0.7930022248696833,1.231635744283785
NAR032719001,NAR,JRS_1,JRS,1,R,R-NAR032719001,10,6,0.8496515692263116,1.231635744283785
NAR032719001,NAR,JRS_1,JRS,1,R,R-NAR032719001,10,7,0.9329190264125363,1.231635744283785
NAR032719001,NAR,JRS_1,JRS,1,R,R-NAR032719001,10,8,1.0279995048551147,1.231635744283785
NAR032719001,NAR,JRS_1,JRS,1,R,R-NAR032719001,10,9,1.0917189427409322,1.231635744283785
NAR032719001,NAR,JRS_1,JRS,1,R,R-NAR032719001,10,10,1.1264488039335714,1.231635744283785
NAR032719002,NAR,CJF_1,CJF,1,R,R-NAR032719002,11,1,0.38457324916051816,1.3324413781133106
NAR032719002,NAR,CJF_1,CJF,1,R,R-NAR032719002,11,2,0.5943278598855434,1.3324413781133106
NAR032719002,NAR,CJF_1,CJF,1,R,R-NAR032719002,11,3,0.7465176448499062,1.3324413781133106
NAR032719002,NAR,CJF_1,CJF,1,R,R-NAR032719002,11,4,0.8553673309025993,1.3324413781133106
NAR032719002,NAR,CJF_1,CJF,1,R,R-NAR032719002,11,5,0.9379718714742995,1.3324413781133106
NAR032719002,NAR,CJF_1,CJF,1,R,R-NAR032719002,11,6,1.0002782728512931,1.3324413781133106
NAR032719002,NAR,CJF_1,CJF,1,R,R-NAR032719002,11,7,1.0553058312126167,1.3324413781133106
NAR032719002,NAR,CJF_1,CJF,1,R,R-NAR032719002,11,8,1.130298569586302,1.3324413781133106
NAR032719002,NAR,CJF_1,CJF,1,R,R-NAR032719002,11,9,1.2049583487776403,1.3324413781133106
NAR032719002,NAR,CJF_1,CJF,1,R,R-NAR032719002,11,10,1.2865640118023032,1.3324413781133106
NAR032719002,NAR,CJF_1,CJF,1,R,R-NAR032719002,11,11,1.3324413781133106,1.3324413781133106
NAR032719002,NAR,CJF_2,CJF,2,R,R-NAR032719002,11,1,0.37987769877382344,1.3078042959144511
NAR032719002,NAR,CJF_2,CJF,2,R,R-NAR032719002,11,2,0.5948276938871161,1.3078042959144511
NAR032719002,NAR,CJF_2,CJF,2,R,R-NAR032719002,11,3,0.7211524413916428,1.3078042959144511
NAR032719002,NAR,CJF_2,CJF,2,R,R-NAR032719002,11,4,0.8097234229860076,1.3078042959144511
NAR032719002,NAR,CJF_2,CJF,2,R,R-NAR032719002,11,5,0.8987732657176943,1.3078042959144511
NAR032719002,NAR,CJF_2,CJF,2,R,R-NAR032719002,11,6,0.9630242602844613,1.3078042959144511
NAR032719002,NAR,CJF_2,CJF,2,R,R-NAR032719002,11,7,1.0094869927106511,1.3078042959144511
NAR032719002,NAR,CJF_2,CJF,2,R,R-NAR032719002,11,8,1.0984825694279374,1.3078042959144511
NAR032719002,NAR,CJF_2,CJF,2,R,R-NAR032719002,11,9,1.187053551022303,1.3078042959144511
NAR032719002,NAR,CJF_2,CJF,2,R,R-NAR032719002,11,10,1.2500307602203056,1.3078042959144511
NAR032719002,NAR,CJF_2,CJF,2,R,R-NAR032719002,11,11,1.3078042959144511,1.3078042959144511
NAR032719002,NAR,CJF_3,CJF,3,R,R-NAR032719002,11,1,0.3948882076430478,1.2938427004505686
NAR032719002,NAR,CJF_3,CJF,3,R,R-NAR032719002,11,2,0.5765125075250523,1.2938427004505686
NAR032719002,NAR,CJF_3,CJF,3,R,R-NAR032719002,11,3,0.6996859443990943,1.2938427004505686
NAR032719002,NAR,CJF_3,CJF,3,R,R-NAR032719002,11,4,0.8023198370023241,1.2938427004505686
NAR032719002,NAR,CJF_3,CJF,3,R,R-NAR032719002,11,5,0.8826897736382744,1.2938427004505686
NAR032719002,NAR,CJF_3,CJF,3,R,R-NAR032719002,11,6,0.9397611072890634,1.2938427004505686
NAR032719002,NAR,CJF_3,CJF,3,R,R-NAR032719002,11,7,0.981738605818526,1.2938427004505686
NAR032719002,NAR,CJF_3,CJF,3,R,R-NAR032719002,11,8,1.0734810801227836,1.2938427004505686
NAR032719002,NAR,CJF_3,CJF,3,R,R-NAR032719002,11,9,1.1535061344194402,1.2938427004505686
NAR032719002,NAR,CJF_3,CJF,3,R,R-NAR032719002,11,10,1.2189184729641047,1.2938427004505686
NAR032719002,NAR,CJF_3,CJF,3,R,R-NAR032719002,11,11,1.2938427004505686,1.2938427004505686
NAR032719003,NAR,CJF_1,CJF,1,R,R-NAR032719003,13,1,0.4838874670832451,1.5494439926070644
NAR032719003,NAR,CJF_1,CJF,1,R,R-NAR032719003,13,2,0.7012589689487156,1.5494439926070644
NAR032719003,NAR,CJF_1,CJF,1,R,R-NAR032719003,13,3,0.8195047958256748,1.5494439926070644
NAR032719003,NAR,CJF_1,CJF,1,R,R-NAR032719003,13,4,0.906471188812929,1.5494439926070644
NAR032719003,NAR,CJF_1,CJF,1,R,R-NAR032719003,13,5,1.0008168258293266,1.5494439926070644
NAR032719003,NAR,CJF_1,CJF,1,R,R-NAR032719003,13,6,1.0842583032703192,1.5494439926070644
NAR032719003,NAR,CJF_1,CJF,1,R,R-NAR032719003,13,7,1.1481612546809115,1.5494439926070644
NAR032719003,NAR,CJF_1,CJF,1,R,R-NAR032719003,13,8,1.206447419835491,1.5494439926070644
NAR032719003,NAR,CJF_1,CJF,1,R,R-NAR032719003,13,9,1.2659887074159215,1.5494439926070644
NAR032719003,NAR,CJF_1,CJF,1,R,R-NAR032719003,13,10,1.3277108269114326,1.5494439926070644
NAR032719003,NAR,CJF_1,CJF,1,R,R-NAR032719003,13,11,1.3977378999253183,1.5494439926070644
NAR032719003,NAR,CJF_1,CJF,1,R,R-NAR032719003,13,12,1.4777434230253783,1.5494439926070644
NAR032719003,NAR,CJF_1,CJF,1,R,R-NAR032719003,13,13,1.5494439926070644,1.5494439926070644
NAR032719003,NAR,CJF_2,CJF,2,R,R-NAR032719003,13,1,0.5221749978957344,1.5765912627859489
NAR032719003,NAR,CJF_2,CJF,2,R,R-NAR032719003,13,2,0.7247077854799091,1.5765912627859489
NAR032719003,NAR,CJF_2,CJF,2,R,R-NAR032719003,13,3,0.8456752571257392,1.5765912627859489
NAR032719003,NAR,CJF_2,CJF,2,R,R-NAR032719003,13,4,0.9290032015104762,1.5765912627859489
NAR032719003,NAR,CJF_2,CJF,2,R,R-NAR032719003,13,5,1.0260787543584573,1.5765912627859489
NAR032719003,NAR,CJF_2,CJF,2,R,R-NAR032719003,13,6,1.1120896620307108,1.5765912627859489
NAR032719003,NAR,CJF_2,CJF,2,R,R-NAR032719003,13,7,1.1787322838748833,1.5765912627859489
NAR032719003,NAR,CJF_2,CJF,2,R,R-NAR032719003,13,8,1.2366604318051821,1.5765912627859489
NAR032719003,NAR,CJF_2,CJF,2,R,R-NAR032719003,13,9,1.299366963495052,1.5765912627859489
NAR032719003,NAR,CJF_2,CJF,2,R,R-NAR032719003,13,10,1.3510868912450504,1.5765912627859489
NAR032719003,NAR,CJF_2,CJF,2,R,R-NAR032719003,13,11,1.4158888434069732,1.5765912627859489
NAR032719003,NAR,CJF_2,CJF,2,R,R-NAR032719003,13,12,1.5034076287358156,1.5765912627859489
NAR032719003,NAR,CJF_2,CJF,2,R,R-NAR032719003,13,13,1.5765912627859489,1.5765912627859489
NAR032719003,NAR,CJF_3,CJF,3,R,R-NAR032719003,12,1,0.50422741955174,1.5749925064094294
NAR032719003,NAR,CJF_3,CJF,3,R,R-NAR032719003,12,2,0.7266781114023616,1.5749925064094294
NAR032719003,NAR,CJF_3,CJF,3,R,R-NAR032719003,12,3,0.8435332512046028,1.5749925064094294
NAR032719003,NAR,CJF_3,CJF,3,R,R-NAR032719003,12,4,0.9321119165862004,1.5749925064094294
NAR032719003,NAR,CJF_3,CJF,3,R,R-NAR032719003,12,5,1.0212563486841082,1.5749925064094294
NAR032719003,NAR,CJF_3,CJF,3,R,R-NAR032719003,12,6,1.1061854036958603,1.5749925064094294
NAR032719003,NAR,CJF_3,CJF,3,R,R-NAR032719003,12,7,1.171013728387295,1.5749925064094294
NAR032719003,NAR,CJF_3,CJF,3,R,R-NAR032719003,12,8,1.2809800358439936,1.5749925064094294
NAR032719003,NAR,CJF_3,CJF,3,R,R-NAR032719003,12,9,1.3349591611757148,1.5749925064094294
NAR032719003,NAR,CJF_3,CJF,3,R,R-NAR032719003,12,10,1.429450503792398,1.5749925064094294
NAR032719003,NAR,CJF_3,CJF,3,R,R-NAR032719003,12,11,1.5053830379155295,1.5749925064094294
NAR032719003,NAR,CJF_3,CJF,3,R,R-NAR032719003,12,12,1.5749925064094294,1.5749925064094294
NAR032719003,NAR,JRS_1,JRS,1,R,R-NAR032719003,12,1,0.4250704426259799,1.4274673248448648
NAR032719003,NAR,JRS_1,JRS,1,R,R-NAR032719003,12,2,0.5998902336961361,1.4274673248448648
NAR032719003,NAR,JRS_1,JRS,1,R,R-NAR032719003,12,3,0.7181155324316685,1.4274673248448648
NAR032719003,NAR,JRS_1,JRS,1,R,R-NAR032719003,12,4,0.807431834883579,1.4274673248448648
NAR032719003,NAR,JRS_1,JRS,1,R,R-NAR032719003,12,5,0.8929495548154042,1.4274673248448648
NAR032719003,NAR,JRS_1,JRS,1,R,R-NAR032719003,12,6,0.9772153118874474,1.4274673248448648
NAR032719003,NAR,JRS_1,JRS,1,R,R-NAR032719003,12,7,1.0551785607198407,1.4274673248448648
NAR032719003,NAR,JRS_1,JRS,1,R,R-NAR032719003,12,8,1.0941744164496177,1.4274673248448648
NAR032719003,NAR,JRS_1,JRS,1,R,R-NAR032719003,12,9,1.1507689087842405,1.4274673248448648
NAR032719003,NAR,JRS_1,JRS,1,R,R-NAR032719003,12,10,1.2262282318970705,1.4274673248448648
NAR032719003,NAR,JRS_1,JRS,1,R,R-NAR032719003,12,11,1.2979174351169755,1.4274673248448648
NAR032719003,NAR,JRS_1,JRS,1,R,R-NAR032719003,12,12,1.3595482415178857,1.4274673248448648
NAR032719004,NAR,CJF_1,CJF,1,R,R-NAR032719004,4,1,0.43177966745066393,0.8954419187443462
NAR032719004,NAR,CJF_1,CJF,1,R,R-NAR032719004,4,2,0.6284249832601175,0.8954419187443462
NAR032719004,NAR,CJF_1,CJF,1,R,R-NAR032719004,4,3,0.7692824625403367,0.8954419187443462
NAR032719004,NAR,CJF_1,CJF,1,R,R-NAR032719004,4,4,0.8954419187443462,0.8954419187443462
NAR032719004,NAR,CJF_2,CJF,2,R,R-NAR032719004,5,1,0.4168213830015835,0.8818434874691992
NAR032719004,NAR,CJF_2,CJF,2,R,R-NAR032719004,5,2,0.6153583753452562,0.8818434874691992
NAR032719004,NAR,CJF_2,CJF,2,R,R-NAR032719004,5,3,0.7549713076056724,0.8818434874691992
NAR032719004,NAR,CJF_2,CJF,2,R,R-NAR032719004,5,4,0.8082683300304612,0.8818434874691992
NAR032719004,NAR,CJF_2,CJF,2,R,R-NAR032719004,5,5,0.8818434874691992,0.8818434874691992
NAR032719004,NAR,CJF_3,CJF,3,R,R-NAR032719004,4,1,0.3989413482896387,0.8585406228743874
NAR032719004,NAR,CJF_3,CJF,3,R,R-NAR032719004,4,2,0.5836702011014447,0.8585406228743874
NAR032719004,NAR,CJF_3,CJF,3,R,R-NAR032719004,4,3,0.7701536858032088,0.8585406228743874
NAR032719004,NAR,CJF_3,CJF,3,R,R-NAR032719004,4,4,0.8585406228743874,0.8585406228743874
NAR032719004,NAR,JRS_1,JRS,1,R,R-NAR032719004,2,1,0.32029270452194225,0.6572365998564927
NAR032719004,NAR,JRS_1,JRS,1,R,R-NAR032719004,2,2,0.4579994206823501,0.6572365998564927
NAR032719005,NAR,CJF_1,CJF,1,R,R-NAR032719005,15,1,0.4512786886146453,1.5647940452598357
NAR032719005,NAR,CJF_1,CJF,1,R,R-NAR032719005,15,2,0.608040013946112,1.5647940452598357
NAR032719005,NAR,CJF_1,CJF,1,R,R-NAR032719005,15,3,0.7258832594616413,1.5647940452598357
NAR032719005,NAR,CJF_1,CJF,1,R,R-NAR032719005,15,4,0.8389107857981927,1.5647940452598357
NAR032719005,NAR,CJF_1,CJF,1,R,R-NAR032719005,15,5,0.9174729494752145,1.5647940452598357
NAR032719005,NAR,CJF_1,CJF,1,R,R-NAR032719005,15,6,0.9860787169341412,1.5647940452598357
NAR032719005,NAR,CJF_1,CJF,1,R,R-NAR032719005,15,7,1.0488558474712428,1.5647940452598357
NAR032719005,NAR,CJF_1,CJF,1,R,R-NAR032719005,15,8,1.1214078732151482,1.5647940452598357
NAR032719005,NAR,CJF_1,CJF,1,R,R-NAR032719005,15,9,1.1711518101431764,1.5647940452598357
NAR032719005,NAR,CJF_1,CJF,1,R,R-NAR032719005,15,10,1.2202077871884902,1.5647940452598357
NAR032719005,NAR,CJF_1,CJF,1,R,R-NAR032719005,15,11,1.2895015145301287,1.5647940452598357
NAR032719005,NAR,CJF_1,CJF,1,R,R-NAR032719005,15,12,1.3582887830003425,1.5647940452598357
NAR032719005,NAR,CJF_1,CJF,1,R,R-NAR032719005,15,13,1.4373574055487863,1.5647940452598357
NAR032719005,NAR,CJF_1,CJF,1,R,R-NAR032719005,15,14,1.494124398152775,1.5647940452598357
NAR032719005,NAR,CJF_1,CJF,1,R,R-NAR032719005,15,15,1.5647940452598357,1.5647940452598357
NAR032719005,NAR,CJF_2,CJF,2,R,R-NAR032719005,16,1,0.3657091110856465,1.6226607682997733
NAR032719005,NAR,CJF_2,CJF,2,R,R-NAR032719005,16,2,0.4834821442409757,1.6226607682997733
NAR032719005,NAR,CJF_2,CJF,2,R,R-NAR032719005,16,3,0.6585041019060575,1.6226607682997733
NAR032719005,NAR,CJF_2,CJF,2,R,R-NAR032719005,16,4,0.7721066040421568,1.6226607682997733
NAR032719005,NAR,CJF_2,CJF,2,R,R-NAR032719005,16,5,0.8790769336803466,1.6226607682997733
NAR032719005,NAR,CJF_2,CJF,2,R,R-NAR032719005,16,6,0.9486340655835007,1.6226607682997733
NAR032719005,NAR,CJF_2,CJF,2,R,R-NAR032719005,16,7,1.0280377634013773,1.6226607682997733
NAR032719005,NAR,CJF_2,CJF,2,R,R-NAR032719005,16,8,1.1023147925976047,1.6226607682997733
NAR032719005,NAR,CJF_2,CJF,2,R,R-NAR032719005,16,9,1.1607232403740604,1.6226607682997733
NAR032719005,NAR,CJF_2,CJF,2,R,R-NAR032719005,16,10,1.2261098412579847,1.6226607682997733
NAR032719005,NAR,CJF_2,CJF,2,R,R-NAR032719005,16,11,1.2716607153671933,1.6226607682997733
NAR032719005,NAR,CJF_2,CJF,2,R,R-NAR032719005,16,12,1.3468938821658385,1.6226607682997733
NAR032719005,NAR,CJF_2,CJF,2,R,R-NAR032719005,16,13,1.4003790469849338,1.6226607682997733
NAR032719005,NAR,CJF_2,CJF,2,R,R-NAR032719005,16,14,1.4699361788880874,1.6226607682997733
NAR032719005,NAR,CJF_2,CJF,2,R,R-NAR032719005,16,15,1.5459220976248653,1.6226607682997733
NAR032719005,NAR,CJF_2,CJF,2,R,R-NAR032719005,16,16,1.6226607682997733,1.6226607682997733
NAR032719005,NAR,CJF_3,CJF,3,R,R-NAR032719005,15,1,0.43515400091115836,1.5451839301603625
NAR032719005,NAR,CJF_3,CJF,3,R,R-NAR032719005,15,2,0.5951557179074577,1.5451839301603625
NAR032719005,NAR,CJF_3,CJF,3,R,R-NAR032719005,15,3,0.7146652354255671,1.5451839301603625
NAR032719005,NAR,CJF_3,CJF,3,R,R-NAR032719005,15,4,0.8258790960676877,1.5451839301603625
NAR032719005,NAR,CJF_3,CJF,3,R,R-NAR032719005,15,5,0.8994123267942885,1.5451839301603625
NAR032719005,NAR,CJF_3,CJF,3,R,R-NAR032719005,15,6,0.9586045171964552,1.5451839301603625
NAR032719005,NAR,CJF_3,CJF,3,R,R-NAR032719005,15,7,1.0371995909132716,1.5451839301603625
NAR032719005,NAR,CJF_3,CJF,3,R,R-NAR032719005,15,8,1.0931579674296643,1.5451839301603625
NAR032719005,NAR,CJF_3,CJF,3,R,R-NAR032719005,15,9,1.1491163439460577,1.5451839301603625
NAR032719005,NAR,CJF_3,CJF,3,R,R-NAR032719005,15,10,1.2043718280717854,1.5451839301603625
NAR032719005,NAR,CJF_3,CJF,3,R,R-NAR032719005,15,11,1.2764992740170509,1.5451839301603625
NAR032719005,NAR,CJF_3,CJF,3,R,R-NAR032719005,15,12,1.3363943568098868,1.5451839301603625
NAR032719005,NAR,CJF_3,CJF,3,R,R-NAR032719005,15,13,1.4052879888693788,1.5451839301603625
NAR032719005,NAR,CJF_3,CJF,3,R,R-NAR032719005,15,14,1.4741816209288698,1.5451839301603625
NAR032719005,NAR,CJF_3,CJF,3,R,R-NAR032719005,15,15,1.5451839301603625,1.5451839301603625
NAR032719005,NAR,JRS_1,JRS,1,R,R-NAR032719005,15,1,0.29916402975511375,1.4954912518199905
NAR032719005,NAR,JRS_1,JRS,1,R,R-NAR032719005,15,2,0.41989968117063187,1.4954912518199905
NAR032719005,NAR,JRS_1,JRS,1,R,R-NAR032719005,15,3,0.5771634543973105,1.4954912518199905
NAR032719005,NAR,JRS_1,JRS,1,R,R-NAR032719005,15,4,0.6923234628218081,1.4954912518199905
NAR032719005,NAR,JRS_1,JRS,1,R,R-NAR032719005,15,5,0.7870615692166647,1.4954912518199905
NAR032719005,NAR,JRS_1,JRS,1,R,R-NAR032719005,15,6,0.853799466764684,1.4954912518199905
NAR032719005,NAR,JRS_1,JRS,1,R,R-NAR032719005,15,7,0.9237999888817765,1.4954912518199905
NAR032719005,NAR,JRS_1,JRS,1,R,R-NAR032719005,15,8,0.9872752618607226,1.4954912518199905
NAR032719005,NAR,JRS_1,JRS,1,R,R-NAR032719005,15,9,1.060538408546889,1.4954912518199905
NAR032719005,NAR,JRS_1,JRS,1,R,R-NAR032719005,15,10,1.1175918839196142,1.4954912518199905
NAR032719005,NAR,JRS_1,JRS,1,R,R-NAR032719005,15,11,1.183276723788583,1.4954912518199905
NAR032719005,NAR,JRS_1,JRS,1,R,R-NAR032719005,15,12,1.2456989390884794,1.4954912518199905
NAR032719005,NAR,JRS_1,JRS,1,R,R-NAR032719005,15,13,1.2995932414240545,1.4954912518199905
NAR032719005,NAR,JRS_1,JRS,1,R,R-NAR032719005,15,14,1.3673841966511242,1.4954912518199905
NAR032719005,NAR,JRS_1,JRS,1,R,R-NAR032719005,15,15,1.425490729702897,1.4954912518199905
NAR032719006,NAR,NGA_1,NGA,1,R,R-NAR032719006,8,1,0.48500574312309547,1.411533208326146
NAR032719006,NAR,NGA_1,NGA,1,R,R-NAR032719006,8,2,0.7079378634385431,1.411533208326146
NAR032719006,NAR,NGA_1,NGA,1,R,R-NAR032719006,8,3,0.8514567059099427,1.411533208326146
NAR032719006,NAR,NGA_1,NGA,1,R,R-NAR032719006,8,4,1.000646524524162,1.411533208326146
NAR032719006,NAR,NGA_1,NGA,1,R,R-NAR032719006,8,5,1.1314949571180446,1.411533208326146
NAR032719006,NAR,NGA_1,NGA,1,R,R-NAR032719006,8,6,1.2354955394773621,1.411533208326146
NAR032719006,NAR,NGA_1,NGA,1,R,R-NAR032719006,8,7,1.3304147152703365,1.411533208326146
NAR032719006,NAR,NGA_1,NGA,1,R,R-NAR032719006,8,8,1.411533208326146,1.411533208326146
NAR032719006,NAR,NGA_2,NGA,2,R,R-NAR032719006,8,1,0.5040392315486876,1.414345990287528
NAR032719006,NAR,NGA_2,NGA,2,R,R-NAR032719006,8,2,0.7177229120874861,1.414345990287528
NAR032719006,NAR,NGA_2,NGA,2,R,R-NAR032719006,8,3,0.866024529615343,1.414345990287528
NAR032719006,NAR,NGA_2,NGA,2,R,R-NAR032719006,8,4,0.9999810527604766,1.414345990287528
NAR032719006,NAR,NGA_2,NGA,2,R,R-NAR032719006,8,5,1.1324577948727517,1.414345990287528
NAR032719006,NAR,NGA_2,NGA,2,R,R-NAR032719006,8,6,1.2372170737935422,1.414345990287528
NAR032719006,NAR,NGA_2,NGA,2,R,R-NAR032719006,8,7,1.3303165999959665,1.414345990287528
NAR032719006,NAR,NGA_2,NGA,2,R,R-NAR032719006,8,8,1.414345990287528,1.414345990287528
NAR032719007,NAR,CJF_1,CJF,1,R,R-NAR032719007,9,1,0.5009669630682702,1.2879335781772854
NAR032719007,NAR,CJF_1,CJF,1,R,R-NAR032719007,9,2,0.6963809038550807,1.2879335781772854
NAR032719007,NAR,CJF_1,CJF,1,R,R-NAR032719007,9,3,0.7975278302714081,1.2879335781772854
NAR032719007,NAR,CJF_1,CJF,1,R,R-NAR032719007,9,4,0.879060897685867,1.2879335781772854
NAR032719007,NAR,CJF_1,CJF,1,R,R-NAR032719007,9,5,0.9553436018997068,1.2879335781772854
NAR032719007,NAR,CJF_1,CJF,1,R,R-NAR032719007,9,6,1.0411616441402762,1.2879335781772854
NAR032719007,NAR,CJF_1,CJF,1,R,R-NAR032719007,9,7,1.124806954587214,1.2879335781772854
NAR032719007,NAR,CJF_1,CJF,1,R,R-NAR032719007,9,8,1.2000032929042375,1.2879335781772854
NAR032719007,NAR,CJF_1,CJF,1,R,R-NAR032719007,9,9,1.2879335781772854,1.2879335781772854
NAR032719007,NAR,CJF_2,CJF,2,R,R-NAR032719007,9,1,0.4248357378060893,1.2155441488615149
NAR032719007,NAR,CJF_2,CJF,2,R,R-NAR032719007,9,2,0.608389181601325,1.2155441488615149
NAR032719007,NAR,CJF_2,CJF,2,R,R-NAR032719007,9,3,0.717093606133535,1.2155441488615149
NAR032719007,NAR,CJF_2,CJF,2,R,R-NAR032719007,9,4,0.7958425397876862,1.2155441488615149
NAR032719007,NAR,CJF_2,CJF,2,R,R-NAR032719007,9,5,0.8546179428865279,1.2155441488615149
NAR032719007,NAR,CJF_2,CJF,2,R,R-NAR032719007,9,6,0.9470610897966436,1.2155441488615149
NAR032719007,NAR,CJF_2,CJF,2,R,R-NAR032719007,9,7,1.0474917269469215,1.2155441488615149
NAR032719007,NAR,CJF_2,CJF,2,R,R-NAR032719007,9,8,1.1137806616862427,1.2155441488615149
NAR032719007,NAR,CJF_2,CJF,2,R,R-NAR032719007,9,9,1.2155441488615149,1.2155441488615149
NAR032719007,NAR,CJF_3,CJF,3,R,R-NAR032719007,8,1,0.4796719644093313,1.2566919296357744
NAR032719007,NAR,CJF_3,CJF,3,R,R-NAR032719007,8,2,0.6670552335939199,1.2566919296357744
NAR032719007,NAR,CJF_3,CJF,3,R,R-NAR032719007,8,3,0.8401968590990655,1.2566919296357744
NAR032719007,NAR,CJF_3,CJF,3,R,R-NAR032719007,8,4,0.9147292739048375,1.2566919296357744
NAR032719007,NAR,CJF_3,CJF,3,R,R-NAR032719007,8,5,1.0078239276694092,1.2566919296357744
NAR032719007,NAR,CJF_3,CJF,3,R,R-NAR032719007,8,6,1.0957733796556828,1.2566919296357744
NAR032719007,NAR,CJF_3,CJF,3,R,R-NAR032719007,8,7,1.167548515994053,1.2566919296357744
NAR032719007,NAR,CJF_3,CJF,3,R,R-NAR032719007,8,8,1.2566919296357744,1.2566919296357744
NAR032719007,NAR,JRS_1,JRS,1,R,R-NAR032719007,8,1,0.4202684447302859,1.1760546627282056
NAR032719007,NAR,JRS_1,JRS,1,R,R-NAR032719007,8,2,0.5612196137433939,1.1760546627282056
NAR032719007,NAR,JRS_1,JRS,1,R,R-NAR032719007,8,3,0.6709942117057316,1.1760546627282056
NAR032719007,NAR,JRS_1,JRS,1,R,R-NAR032719007,8,4,0.7807274748385358,1.1760546627282056
NAR032719007,NAR,JRS_1,JRS,1,R,R-NAR032719007,8,5,0.845583009590044,1.1760546627282056
NAR032719007,NAR,JRS_1,JRS,1,R,R-NAR032719007,8,6,0.9515833511626617,1.1760546627282056
NAR032719007,NAR,JRS_1,JRS,1,R,R-NAR032719007,8,7,1.0089730427937995,1.1760546627282056
NAR032719007,NAR,JRS_1,JRS,1,R,R-NAR032719007,8,8,1.097497970646172,1.1760546627282056
NAR032719008,NAR,CJF_1,CJF,1,R,R-NAR032719008,9,1,0.5906800583333799,1.744918531917006
NAR032719008,NAR,CJF_1,CJF,1,R,R-NAR032719008,9,2,0.7074671413022823,1.744918531917006
NAR032719008,NAR,CJF_1,CJF,1,R,R-NAR032719008,9,3,0.8695915149354396,1.744918531917006
NAR032719008,NAR,CJF_1,CJF,1,R,R-NAR032719008,9,4,1.1027620242961487,1.744918531917006
NAR032719008,NAR,CJF_1,CJF,1,R,R-NAR032719008,9,5,1.2361795081182292,1.744918531917006
NAR032719008,NAR,CJF_1,CJF,1,R,R-NAR032719008,9,6,1.3941536264332022,1.744918531917006
NAR032719008,NAR,CJF_1,CJF,1,R,R-NAR032719008,9,7,1.5127277844185958,1.744918531917006
NAR032719008,NAR,CJF_1,CJF,1,R,R-NAR032719008,9,8,1.5980411406976327,1.744918531917006
NAR032719008,NAR,CJF_1,CJF,1,R,R-NAR032719008,9,9,1.744918531917006,1.744918531917006
NAR032719008,NAR,CJF_2,CJF,2,R,R-NAR032719008,9,1,0.5516200402771877,1.689531223388196
NAR032719008,NAR,CJF_2,CJF,2,R,R-NAR032719008,9,2,0.8369966451253006,1.689531223388196
NAR032719008,NAR,CJF_2,CJF,2,R,R-NAR032719008,9,3,1.0417071853512676,1.689531223388196
NAR032719008,NAR,CJF_2,CJF,2,R,R-NAR032719008,9,4,1.1822884509609672,1.689531223388196
NAR032719008,NAR,CJF_2,CJF,2,R,R-NAR032719008,9,5,1.3539657545165358,1.689531223388196
NAR032719008,NAR,CJF_2,CJF,2,R,R-NAR032719008,9,6,1.4462751831565381,1.689531223388196
NAR032719008,NAR,CJF_2,CJF,2,R,R-NAR032719008,9,7,1.5262820670900543,1.689531223388196
NAR032719008,NAR,CJF_2,CJF,2,R,R-NAR032719008,9,8,1.6140579175923682,1.689531223388196
NAR032719008,NAR,CJF_2,CJF,2,R,R-NAR032719008,9,9,1.689531223388196,1.689531223388196
NAR032719008,NAR,CJF_3,CJF,3,R,R-NAR032719008,9,1,0.587591168733457,1.6248700970326182
NAR032719008,NAR,CJF_3,CJF,3,R,R-NAR032719008,9,2,0.8124125262979317,1.6248700970326182
NAR032719008,NAR,CJF_3,CJF,3,R,R-NAR032719008,9,3,0.996554484202543,1.6248700970326182
NAR032719008,NAR,CJF_3,CJF,3,R,R-NAR032719008,9,4,1.1354067009046303,1.6248700970326182
NAR032719008,NAR,CJF_3,CJF,3,R,R-NAR032719008,9,5,1.3048589155204358,1.6248700970326182
NAR032719008,NAR,CJF_3,CJF,3,R,R-NAR032719008,9,6,1.4206143800724702,1.6248700970326182
NAR032719008,NAR,CJF_3,CJF,3,R,R-NAR032719008,9,7,1.4927524963068795,1.6248700970326182
NAR032719008,NAR,CJF_3,CJF,3,R,R-NAR032719008,9,8,1.5531388179102448,1.6248700970326182
NAR032719008,NAR,CJF_3,CJF,3,R,R-NAR032719008,9,9,1.6248700970326182,1.6248700970326182
NAR032719008,NAR,JRS_1,JRS,1,R,R-NAR032719008,6,1,0.3221338305826161,0.8624068082565547
NAR032719008,NAR,JRS_1,JRS,1,R,R-NAR032719008,6,2,0.47496419019138914,0.8624068082565547
NAR032719008,NAR,JRS_1,JRS,1,R,R-NAR032719008,6,3,0.5766565439379933,0.8624068082565547
NAR032719008,NAR,JRS_1,JRS,1,R,R-NAR032719008,6,4,0.6668695511273925,0.8624068082565547
NAR032719008,NAR,JRS_1,JRS,1,R,R-NAR032719008,6,5,0.7360047874623445,0.8624068082565547
NAR032719008,NAR,JRS_1,JRS,1,R,R-NAR032719008,6,6,0.7848404635798242,0.8624068082565547
NAR032719009,NAR,CJF_1,CJF,1,R,R-NAR032719009,12,1,0.6129500603708068,1.6747580002555764
NAR032719009,NAR,CJF_1,CJF,1,R,R-NAR032719009,12,2,0.7976528401499946,1.6747580002555764
NAR032719009,NAR,CJF_1,CJF,1,R,R-NAR032719009,12,3,0.9351858660236863,1.6747580002555764
NAR032719009,NAR,CJF_1,CJF,1,R,R-NAR032719009,12,4,1.0266208782344337,1.6747580002555764
NAR032719009,NAR,CJF_1,CJF,1,R,R-NAR032719009,12,5,1.1060731981900218,1.6747580002555764
NAR032719009,NAR,CJF_1,CJF,1,R,R-NAR032719009,12,6,1.1980440805220456,1.6747580002555764
NAR032719009,NAR,CJF_1,CJF,1,R,R-NAR032719009,12,7,1.2800901709504662,1.6747580002555764
NAR032719009,NAR,CJF_1,CJF,1,R,R-NAR032719009,12,8,1.326724054734687,1.6747580002555764
NAR032719009,NAR,CJF_1,CJF,1,R,R-NAR032719009,12,9,1.4332713997947026,1.6747580002555764
NAR032719009,NAR,CJF_1,CJF,1,R,R-NAR032719009,12,10,1.5145564751079834,1.6747580002555764
NAR032719009,NAR,CJF_1,CJF,1,R,R-NAR032719009,12,11,1.5966025655364044,1.6747580002555764
NAR032719009,NAR,CJF_1,CJF,1,R,R-NAR032719009,12,12,1.6747580002555764,1.6747580002555764
NAR032719009,NAR,CJF_2,CJF,2,R,R-NAR032719009,12,1,0.6886678147014582,1.6878193081565478
NAR032719009,NAR,CJF_2,CJF,2,R,R-NAR032719009,12,2,0.876871429786017,1.6878193081565478
NAR032719009,NAR,CJF_2,CJF,2,R,R-NAR032719009,12,3,0.9756202548555748,1.6878193081565478
NAR032719009,NAR,CJF_2,CJF,2,R,R-NAR032719009,12,4,1.0594030724002717,1.6878193081565478
NAR032719009,NAR,CJF_2,CJF,2,R,R-NAR032719009,12,5,1.1543933328319056,1.6878193081565478
NAR032719009,NAR,CJF_2,CJF,2,R,R-NAR032719009,12,6,1.2586776283180983,1.6878193081565478
NAR032719009,NAR,CJF_2,CJF,2,R,R-NAR032719009,12,7,1.3089746192556495,1.6878193081565478
NAR032719009,NAR,CJF_2,CJF,2,R,R-NAR032719009,12,8,1.395923699512033,1.6878193081565478
NAR032719009,NAR,CJF_2,CJF,2,R,R-NAR032719009,12,9,1.4921668148229759,1.6878193081565478
NAR032719009,NAR,CJF_2,CJF,2,R,R-NAR032719009,12,10,1.554331801600537,1.6878193081565478
NAR032719009,NAR,CJF_2,CJF,2,R,R-NAR032719009,12,11,1.6300734389699825,1.6878193081565478
NAR032719009,NAR,CJF_2,CJF,2,R,R-NAR032719009,12,12,1.6878193081565478,1.6878193081565478
NAR032719009,NAR,CJF_3,CJF,3,R,R-NAR032719009,12,1,0.6138461343893684,1.641892938476239
NAR032719009,NAR,CJF_3,CJF,3,R,R-NAR032719009,12,2,0.8011275322851563,1.641892938476239
NAR032719009,NAR,CJF_3,CJF,3,R,R-NAR032719009,12,3,0.9336791655650694,1.641892938476239
NAR032719009,NAR,CJF_3,CJF,3,R,R-NAR032719009,12,4,1.0211372771113179,1.641892938476239
NAR032719009,NAR,CJF_3,CJF,3,R,R-NAR032719009,12,5,1.092777112377317,1.641892938476239
NAR032719009,NAR,CJF_3,CJF,3,R,R-NAR032719009,12,6,1.156779927090251,1.641892938476239
NAR032719009,NAR,CJF_3,CJF,3,R,R-NAR032719009,12,7,1.2196920554405215,1.641892938476239
NAR032719009,NAR,CJF_3,CJF,3,R,R-NAR032719009,12,8,1.310423334081971,1.641892938476239
NAR032719009,NAR,CJF_3,CJF,3,R,R-NAR032719009,12,9,1.4042456294224408,1.641892938476239
NAR032719009,NAR,CJF_3,CJF,3,R,R-NAR032719009,12,10,1.5013410918581107,1.641892938476239
NAR032719009,NAR,CJF_3,CJF,3,R,R-NAR032719009,12,11,1.581708634039837,1.641892938476239
NAR032719009,NAR,CJF_3,CJF,3,R,R-NAR032719009,12,12,1.641892938476239,1.641892938476239
NAR032719009,NAR,JRS_1,JRS,1,R,R-NAR032719009,10,1,0.30461623070924054,1.1550923058468598
NAR032719009,NAR,JRS_1,JRS,1,R,R-NAR032719009,10,2,0.4329656152228045,1.1550923058468598
NAR032719009,NAR,JRS_1,JRS,1,R,R-NAR032719009,10,3,0.5218228814245017,1.1550923058468598
NAR032719009,NAR,JRS_1,JRS,1,R,R-NAR032719009,10,4,0.6134712104912122,1.1550923058468598
NAR032719009,NAR,JRS_1,JRS,1,R,R-NAR032719009,10,5,0.6783436684642471,1.1550923058468598
NAR032719009,NAR,JRS_1,JRS,1,R,R-NAR032719009,10,6,0.7587234365204831,1.1550923058468598
NAR032719009,NAR,JRS_1,JRS,1,R,R-NAR032719009,10,7,0.8503717655871936,1.1550923058468598
NAR032719009,NAR,JRS_1,JRS,1,R,R-NAR032719009,10,8,0.9166919097679471,1.1550923058468598
NAR032719009,NAR,JRS_1,JRS,1,R,R-NAR032719009,10,9,0.9900418658864423,1.1550923058468598
NAR032719009,NAR,JRS_1,JRS,1,R,R-NAR032719009,10,10,1.0577575414997005,1.1550923058468598
NAR032719009,NAR,NGA_1,NGA,1,R,R-NAR032719009,12,1,0.5894784538196758,1.4370524533845042
NAR032719009,NAR,NGA_1,NGA,1,R,R-NAR032719009,12,2,0.7254681018361117,1.4370524533845042
NAR032719009,NAR,NGA_1,NGA,1,R,R-NAR032719009,12,3,0.8250752136184007,1.4370524533845042
NAR032719009,NAR,NGA_1,NGA,1,R,R-NAR032719009,12,4,0.9112732175897631,1.4370524533845042
NAR032719009,NAR,NGA_1,NGA,1,R,R-NAR032719009,12,5,0.9902801133327981,1.4370524533845042
NAR032719009,NAR,NGA_1,NGA,1,R,R-NAR032719009,12,6,1.0601973309403308,1.4370524533845042
NAR032719009,NAR,NGA_1,NGA,1,R,R-NAR032719009,12,7,1.1281921549485494,1.4370524533845042
NAR032719009,NAR,NGA_1,NGA,1,R,R-NAR032719009,12,8,1.1799061925929382,1.4370524533845042
NAR032719009,NAR,NGA_1,NGA,1,R,R-NAR032719009,12,9,1.244080053094667,1.4370524533845042
NAR032719009,NAR,NGA_1,NGA,1,R,R-NAR032719009,12,10,1.3202152702847993,1.4370524533845042
NAR032719009,NAR,NGA_1,NGA,1,R,R-NAR032719009,12,11,1.3882100942930173,1.4370524533845042
NAR032719009,NAR,NGA_1,NGA,1,R,R-NAR032719009,12,12,1.4370524533845042,1.4370524533845042
NAR032719009,NAR,NGA_2,NGA,2,R,R-NAR032719009,12,1,0.6404971018803184,1.4949046515758768
NAR032719009,NAR,NGA_2,NGA,2,R,R-NAR032719009,12,2,0.7825343847880827,1.4949046515758768
NAR032719009,NAR,NGA_2,NGA,2,R,R-NAR032719009,12,3,0.8861191035540414,1.4949046515758768
NAR032719009,NAR,NGA_2,NGA,2,R,R-NAR032719009,12,4,0.9857161062801949,1.4949046515758768
NAR032719009,NAR,NGA_2,NGA,2,R,R-NAR032719009,12,5,1.0533167440351487,1.4949046515758768
NAR032719009,NAR,NGA_2,NGA,2,R,R-NAR032719009,12,6,1.1290826278678943,1.4949046515758768
NAR032719009,NAR,NGA_2,NGA,2,R,R-NAR032719009,12,7,1.1973478849628156,1.4949046515758768
NAR032719009,NAR,NGA_2,NGA,2,R,R-NAR032719009,12,8,1.2522259383747398,1.4949046515758768
NAR032719009,NAR,NGA_2,NGA,2,R,R-NAR032719009,12,9,1.3129905687318368,1.4949046515758768
NAR032719009,NAR,NGA_2,NGA,2,R,R-NAR032719009,12,10,1.3923643603771367,1.4949046515758768
NAR032719009,NAR,NGA_2,NGA,2,R,R-NAR032719009,12,11,1.4465777944490927,1.4949046515758768
NAR032719009,NAR,NGA_2,NGA,2,R,R-NAR032719009,12,12,1.4949046515758768,1.4949046515758768
NAR032719010,NAR,CJF_1,CJF,1,R,R-NAR032719010,4,1,0.34328574705973675,0.8553317740177967
NAR032719010,NAR,CJF_1,CJF,1,R,R-NAR032719010,4,2,0.6187727743628555,0.8553317740177967
NAR032719010,NAR,CJF_1,CJF,1,R,R-NAR032719010,4,3,0.7505557819297717,0.8553317740177967
NAR032719010,NAR,CJF_1,CJF,1,R,R-NAR032719010,4,4,0.8553317740177967,0.8553317740177967
NAR032719010,NAR,CJF_2,CJF,2,R,R-NAR032719010,4,1,0.3871478774944229,0.833468485633094
NAR032719010,NAR,CJF_2,CJF,2,R,R-NAR032719010,4,2,0.606987584476754,0.833468485633094
NAR032719010,NAR,CJF_2,CJF,2,R,R-NAR032719010,4,3,0.7808665942308751,0.833468485633094
NAR032719010,NAR,CJF_2,CJF,2,R,R-NAR032719010,4,4,0.833468485633094,0.833468485633094
NAR032719010,NAR,CJF_3,CJF,3,R,R-NAR032719010,4,1,0.30897388806145626,0.8196264803776594
NAR032719010,NAR,CJF_3,CJF,3,R,R-NAR032719010,4,2,0.5829988816635969,0.8196264803776594
NAR032719010,NAR,CJF_3,CJF,3,R,R-NAR032719010,4,3,0.7303622872836684,0.8196264803776594
NAR032719010,NAR,CJF_3,CJF,3,R,R-NAR032719010,4,4,0.8196264803776594,0.8196264803776594
NAR032719010,NAR,JRS_1,JRS,1,R,R-NAR032719010,3,1,0.4594483094640168,0.8546673352537302
NAR032719010,NAR,JRS_1,JRS,1,R,R-NAR032719010,3,2,0.6393393075380681,0.8546673352537302
NAR032719010,NAR,JRS_1,JRS,1,R,R-NAR032719010,3,3,0.7589738102097693,0.8546673352537302
NAR032719011,NAR,CJF_1,CJF,1,R,R-NAR032719011,9,1,0.49243056818714565,1.2899764241021454
NAR032719011,NAR,CJF_1,CJF,1,R,R-NAR032719011,9,2,0.6738896774098415,1.2899764241021454
NAR032719011,NAR,CJF_1,CJF,1,R,R-NAR032719011,9,3,0.7907493364640552,1.2899764241021454
NAR032719011,NAR,CJF_1,CJF,1,R,R-NAR032719011,9,4,0.8945109725871329,1.2899764241021454
NAR032719011,NAR,CJF_1,CJF,1,R,R-NAR032719011,9,5,0.9711362146335848,1.2899764241021454
NAR032719011,NAR,CJF_1,CJF,1,R,R-NAR032719011,9,6,1.0673425496573337,1.2899764241021454
NAR032719011,NAR,CJF_1,CJF,1,R,R-NAR032719011,9,7,1.1288571895051287,1.2899764241021454
NAR032719011,NAR,CJF_1,CJF,1,R,R-NAR032719011,9,8,1.2195208026970699,1.2899764241021454
NAR032719011,NAR,CJF_1,CJF,1,R,R-NAR032719011,9,9,1.2899764241021454,1.2899764241021454
NAR032719011,NAR,CJF_2,CJF,2,R,R-NAR032719011,9,1,0.4389607938308884,1.2501482936586312
NAR032719011,NAR,CJF_2,CJF,2,R,R-NAR032719011,9,2,0.6198149154834329,1.2501482936586312
NAR032719011,NAR,CJF_2,CJF,2,R,R-NAR032719011,9,3,0.7438904841490502,1.2501482936586312
NAR032719011,NAR,CJF_2,CJF,2,R,R-NAR032719011,9,4,0.8496730431294784,1.2501482936586312
NAR032719011,NAR,CJF_2,CJF,2,R,R-NAR032719011,9,5,0.9302324371982787,1.2501482936586312
NAR032719011,NAR,CJF_2,CJF,2,R,R-NAR032719011,9,6,1.021310293958845,1.2501482936586312
NAR032719011,NAR,CJF_2,CJF,2,R,R-NAR032719011,9,7,1.1051765315706454,1.2501482936586312
NAR032719011,NAR,CJF_2,CJF,2,R,R-NAR032719011,9,8,1.1812682221890212,1.2501482936586312
NAR032719011,NAR,CJF_2,CJF,2,R,R-NAR032719011,9,9,1.2501482936586312,1.2501482936586312
NAR032719011,NAR,CJF_3,CJF,3,R,R-NAR032719011,9,1,0.42445350687813405,1.250722659354742
NAR032719011,NAR,CJF_3,CJF,3,R,R-NAR032719011,9,2,0.6448696461047458,1.250722659354742
NAR032719011,NAR,CJF_3,CJF,3,R,R-NAR032719011,9,3,0.767744203194485,1.250722659354742
NAR032719011,NAR,CJF_3,CJF,3,R,R-NAR032719011,9,4,0.8451166960816711,1.250722659354742
NAR032719011,NAR,CJF_3,CJF,3,R,R-NAR032719011,9,5,0.961505821823607,1.250722659354742
NAR032719011,NAR,CJF_3,CJF,3,R,R-NAR032719011,9,6,1.0392087011219486,1.250722659354742
NAR032719011,NAR,CJF_3,CJF,3,R,R-NAR032719011,9,7,1.1127908763345373,1.250722659354742
NAR032719011,NAR,CJF_3,CJF,3,R,R-NAR032719011,9,8,1.1788444385818937,1.250722659354742
NAR032719011,NAR,CJF_3,CJF,3,R,R-NAR032719011,9,9,1.250722659354742,1.250722659354742
NAR032719011,NAR,JRS_1,JRS,1,R,R-NAR032719011,8,1,0.48471956827479223,1.293263969928309
NAR032719011,NAR,JRS_1,JRS,1,R,R-NAR032719011,8,2,0.6737941656447128,1.293263969928309
NAR032719011,NAR,JRS_1,JRS,1,R,R-NAR032719011,8,3,0.7743659124216236,1.293263969928309
NAR032719011,NAR,JRS_1,JRS,1,R,R-NAR032719011,8,4,0.9071022776441834,1.293263969928309
NAR032719011,NAR,JRS_1,JRS,1,R,R-NAR032719011,8,5,1.0076596958875303,1.293263969928309
NAR032719011,NAR,JRS_1,JRS,1,R,R-NAR032719011,8,6,1.074031460632201,1.293263969928309
NAR032719011,NAR,JRS_1,JRS,1,R,R-NAR032719011,8,7,1.1685687593171612,1.293263969928309
NAR032719011,NAR,JRS_1,JRS,1,R,R-NAR032719011,8,8,1.2329266532755883,1.293263969928309
NAR032719012,NAR,CJF_1,CJF,1,R,R-NAR032719012,5,1,0.4016726981284848,1.0444975732799255
NAR032719012,NAR,CJF_1,CJF,1,R,R-NAR032719012,5,2,0.6294572093812361,1.0444975732799255
NAR032719012,NAR,CJF_1,CJF,1,R,R-NAR032719012,5,3,0.8233176125539944,1.0444975732799255
NAR032719012,NAR,CJF_1,CJF,1,R,R-NAR032719012,5,4,0.9492407673735546,1.0444975732799255
NAR032719012,NAR,CJF_1,CJF,1,R,R-NAR032719012,5,5,1.0444975732799255,1.0444975732799255
NAR032719012,NAR,CJF_2,CJF,2,R,R-NAR032719012,5,1,0.5002824122081665,1.1069064964042181
NAR032719012,NAR,CJF_2,CJF,2,R,R-NAR032719012,5,2,0.703191663917065,1.1069064964042181
NAR032719012,NAR,CJF_2,CJF,2,R,R-NAR032719012,5,3,0.8904236984737801,1.1069064964042181
NAR032719012,NAR,CJF_2,CJF,2,R,R-NAR032719012,5,4,1.0248355088583265,1.1069064964042181
NAR032719012,NAR,CJF_2,CJF,2,R,R-NAR032719012,5,5,1.1069064964042181,1.1069064964042181
NAR032719012,NAR,CJF_3,CJF,3,R,R-NAR032719012,5,1,0.4527251107793019,1.0522105827151274
NAR032719012,NAR,CJF_3,CJF,3,R,R-NAR032719012,5,2,0.6568866458658014,1.0522105827151274
NAR032719012,NAR,CJF_3,CJF,3,R,R-NAR032719012,5,3,0.8281263751319936,1.0522105827151274
NAR032719012,NAR,CJF_3,CJF,3,R,R-NAR032719012,5,4,0.969628515157388,1.0522105827151274
NAR032719012,NAR,CJF_3,CJF,3,R,R-NAR032719012,5,5,1.0522105827151274,1.0522105827151274
NAR032719012,NAR,JRS_1,JRS,1,R,R-NAR032719012,4,1,0.37769415725045885,0.9476468147071679
NAR032719012,NAR,JRS_1,JRS,1,R,R-NAR032719012,4,2,0.544240523295949,0.9476468147071679
NAR032719012,NAR,JRS_1,JRS,1,R,R-NAR032719012,4,3,0.736395466880074,0.9476468147071679
NAR032719012,NAR,JRS_1,JRS,1,R,R-NAR032719012,4,4,0.8707951929357305,0.9476468147071679
NAR032719013,NAR,CJF_1,CJF,1,R,R-NAR032719013,20,1,0.43823677718903914,1.8759902769005068
NAR032719013,NAR,CJF_1,CJF,1,R,R-NAR032719013,20,2,0.5356227276754927,1.8759902769005068
NAR032719013,NAR,CJF_1,CJF,1,R,R-NAR032719013,20,3,0.6362995006741361,1.8759902769005068
NAR032719013,NAR,CJF_1,CJF,1,R,R-NAR032719013,20,4,0.7545611078631114,1.8759902769005068
NAR032719013,NAR,CJF_1,CJF,1,R,R-NAR032719013,20,5,0.868606514911405,1.8759902769005068
NAR032719013,NAR,CJF_1,CJF,1,R,R-NAR032719013,20,6,0.9486129752084146,1.8759902769005068
NAR032719013,NAR,CJF_1,CJF,1,R,R-NAR032719013,20,7,1.035201080529805,1.8759902769005068
NAR032719013,NAR,CJF_1,CJF,1,R,R-NAR032719013,20,8,1.1192183969666094,1.8759902769005068
NAR032719013,NAR,CJF_1,CJF,1,R,R-NAR032719013,20,9,1.1832854343293817,1.8759902769005068
NAR032719013,NAR,CJF_1,CJF,1,R,R-NAR032719013,20,10,1.2753751342337485,1.8759902769005068
NAR032719013,NAR,CJF_1,CJF,1,R,R-NAR032719013,20,11,1.3211373037785865,1.8759902769005068
NAR032719013,NAR,CJF_1,CJF,1,R,R-NAR032719013,20,12,1.374406495976297,1.8759902769005068
NAR032719013,NAR,CJF_1,CJF,1,R,R-NAR032719013,20,13,1.4518421673887192,1.8759902769005068
NAR032719013,NAR,CJF_1,CJF,1,R,R-NAR032719013,20,14,1.5034659483303348,1.8759902769005068
NAR032719013,NAR,CJF_1,CJF,1,R,R-NAR032719013,20,15,1.5613113574825288,1.8759902769005068
NAR032719013,NAR,CJF_1,CJF,1,R,R-NAR032719013,20,16,1.6279491837298896,1.8759902769005068
NAR032719013,NAR,CJF_1,CJF,1,R,R-NAR032719013,20,17,1.696592438047147,1.8759902769005068
NAR032719013,NAR,CJF_1,CJF,1,R,R-NAR032719013,20,18,1.7648756755506012,1.8759902769005068
NAR032719013,NAR,CJF_1,CJF,1,R,R-NAR032719013,20,19,1.8155740788637247,1.8759902769005068
NAR032719013,NAR,CJF_1,CJF,1,R,R-NAR032719013,20,20,1.8759902769005068,1.8759902769005068
NAR032719013,NAR,CJF_2,CJF,2,R,R-NAR032719013,20,1,0.4199402353851262,1.8537263113238638
NAR032719013,NAR,CJF_2,CJF,2,R,R-NAR032719013,20,2,0.5084594705988298,1.8537263113238638
NAR032719013,NAR,CJF_2,CJF,2,R,R-NAR032719013,20,3,0.5939407377786616,1.8537263113238638
NAR032719013,NAR,CJF_2,CJF,2,R,R-NAR032719013,20,4,0.7228987088167602,1.8537263113238638
NAR032719013,NAR,CJF_2,CJF,2,R,R-NAR032719013,20,5,0.8338630890528024,1.8537263113238638
NAR032719013,NAR,CJF_2,CJF,2,R,R-NAR032719013,20,6,0.9013624763006352,1.8537263113238638
NAR032719013,NAR,CJF_2,CJF,2,R,R-NAR032719013,20,7,0.9853598920737067,1.8537263113238638
NAR032719013,NAR,CJF_2,CJF,2,R,R-NAR032719013,20,8,1.0738322838071759,1.8537263113238638
NAR032719013,NAR,CJF_2,CJF,2,R,R-NAR032719013,20,9,1.1443110847385878,1.8537263113238638
NAR032719013,NAR,CJF_2,CJF,2,R,R-NAR032719013,20,10,1.2133177451332984,1.8537263113238638
NAR032719013,NAR,CJF_2,CJF,2,R,R-NAR032719013,20,11,1.2928050523357972,1.8537263113238638
NAR032719013,NAR,CJF_2,CJF,2,R,R-NAR032719013,20,12,1.342275716171397,1.8537263113238638
NAR032719013,NAR,CJF_2,CJF,2,R,R-NAR032719013,20,13,1.4022972920351378,1.8537263113238638
NAR032719013,NAR,CJF_2,CJF,2,R,R-NAR032719013,20,14,1.474283366113427,1.8537263113238638
NAR032719013,NAR,CJF_2,CJF,2,R,R-NAR032719013,20,15,1.516264507694874,1.8537263113238638
NAR032719013,NAR,CJF_2,CJF,2,R,R-NAR032719013,20,16,1.5792654972421927,1.8537263113238638
NAR032719013,NAR,CJF_2,CJF,2,R,R-NAR032719013,20,17,1.6527588444673584,1.8537263113238638
NAR032719013,NAR,CJF_2,CJF,2,R,R-NAR032719013,20,18,1.7247449185456478,1.8537263113238638
NAR032719013,NAR,CJF_2,CJF,2,R,R-NAR032719013,20,19,1.7877224863528485,1.8537263113238638
NAR032719013,NAR,CJF_2,CJF,2,R,R-NAR032719013,20,20,1.8537263113238638,1.8537263113238638
NAR032719013,NAR,CJF_3,CJF,3,R,R-NAR032719013,20,1,0.4363734384148571,1.8704110990521394
NAR032719013,NAR,CJF_3,CJF,3,R,R-NAR032719013,20,2,0.5178287642294397,1.8704110990521394
NAR032719013,NAR,CJF_3,CJF,3,R,R-NAR032719013,20,3,0.6295747210008855,1.8704110990521394
NAR032719013,NAR,CJF_3,CJF,3,R,R-NAR032719013,20,4,0.7383262860207451,1.8704110990521394
NAR032719013,NAR,CJF_3,CJF,3,R,R-NAR032719013,20,5,0.8454506376244375,1.8704110990521394
NAR032719013,NAR,CJF_3,CJF,3,R,R-NAR032719013,20,6,0.9194633232401787,1.8704110990521394
NAR032719013,NAR,CJF_3,CJF,3,R,R-NAR032719013,20,7,1.0085346459741014,1.8704110990521394
NAR032719013,NAR,CJF_3,CJF,3,R,R-NAR032719013,20,8,1.0885361150930157,1.8704110990521394
NAR032719013,NAR,CJF_3,CJF,3,R,R-NAR032719013,20,9,1.1594677305969214,1.8704110990521394
NAR032719013,NAR,CJF_3,CJF,3,R,R-NAR032719013,20,10,1.2244105625976525,1.8704110990521394
NAR032719013,NAR,CJF_3,CJF,3,R,R-NAR032719013,20,11,1.2967960347972265,1.8704110990521394
NAR032719013,NAR,CJF_3,CJF,3,R,R-NAR032719013,20,12,1.3512151564872816,1.8704110990521394
NAR032719013,NAR,CJF_3,CJF,3,R,R-NAR032719013,20,13,1.4281355554943589,1.8704110990521394
NAR032719013,NAR,CJF_3,CJF,3,R,R-NAR032719013,20,14,1.487089603991919,1.8704110990521394
NAR032719013,NAR,CJF_3,CJF,3,R,R-NAR032719013,20,15,1.5488646875205654,1.8704110990521394
NAR032719013,NAR,CJF_3,CJF,3,R,R-NAR032719013,20,16,1.6002027390987839,1.8704110990521394
NAR032719013,NAR,CJF_3,CJF,3,R,R-NAR032719013,20,17,1.6757559597704421,1.8704110990521394
NAR032719013,NAR,CJF_3,CJF,3,R,R-NAR032719013,20,18,1.7330827948518346,1.8704110990521394
NAR032719013,NAR,CJF_3,CJF,3,R,R-NAR032719013,20,19,1.7964850917966477,1.8704110990521394
NAR032719013,NAR,CJF_3,CJF,3,R,R-NAR032719013,20,20,1.8704110990521394,1.8704110990521394
NAR032719013,NAR,JRS_1,JRS,1,R,R-NAR032719013,20,1,0.31437502203895196,1.8325770408470343
NAR032719013,NAR,JRS_1,JRS,1,R,R-NAR032719013,20,2,0.43817408223112786,1.8325770408470343
NAR032719013,NAR,JRS_1,JRS,1,R,R-NAR032719013,20,3,0.5436774980181256,1.8325770408470343
NAR032719013,NAR,JRS_1,JRS,1,R,R-NAR032719013,20,4,0.6067982046907635,1.8325770408470343
NAR032719013,NAR,JRS_1,JRS,1,R,R-NAR032719013,20,5,0.7278477838987814,1.8325770408470343
NAR032719013,NAR,JRS_1,JRS,1,R,R-NAR032719013,20,6,0.8095712628076581,1.8325770408470343
NAR032719013,NAR,JRS_1,JRS,1,R,R-NAR032719013,20,7,0.8943366810363762,1.8325770408470343
NAR032719013,NAR,JRS_1,JRS,1,R,R-NAR032719013,20,8,0.9833725499091748,1.8325770408470343
NAR032719013,NAR,JRS_1,JRS,1,R,R-NAR032719013,20,9,1.0687522238000122,1.8325770408470343
NAR032719013,NAR,JRS_1,JRS,1,R,R-NAR032719013,20,10,1.1376643507766513,1.8325770408470343
NAR032719013,NAR,JRS_1,JRS,1,R,R-NAR032719013,20,11,1.2090188309063878,1.8325770408470343
NAR032719013,NAR,JRS_1,JRS,1,R,R-NAR032719013,20,12,1.2550577350027077,1.8325770408470343
NAR032719013,NAR,JRS_1,JRS,1,R,R-NAR032719013,20,13,1.3318965076053866,1.8325770408470343
NAR032719013,NAR,JRS_1,JRS,1,R,R-NAR032719013,20,14,1.3989805370910446,1.8325770408470343
NAR032719013,NAR,JRS_1,JRS,1,R,R-NAR032719013,20,15,1.4578307931196035,1.8325770408470343
NAR032719013,NAR,JRS_1,JRS,1,R,R-NAR032719013,20,16,1.5206443719611813,1.8325770408470343
NAR032719013,NAR,JRS_1,JRS,1,R,R-NAR032719013,20,17,1.5855931761247992,1.8325770408470343
NAR032719013,NAR,JRS_1,JRS,1,R,R-NAR032719013,20,18,1.644136304322299,1.8325770408470343
NAR032719013,NAR,JRS_1,JRS,1,R,R-NAR032719013,20,19,1.7093922363169767,1.8325770408470343
NAR032719013,NAR,JRS_1,JRS,1,R,R-NAR032719013,20,20,1.7700705898365146,1.8325770408470343
NAR032719015,NAR,CJF_1,CJF,1,R,R-NAR032719015,21,1,0.485373043972108,2.2157210561787806
NAR032719015,NAR,CJF_1,CJF,1,R,R-NAR032719015,21,2,0.6519890693540482,2.2157210561787806
NAR032719015,NAR,CJF_1,CJF,1,R,R-NAR032719015,21,3,0.7991299092414279,2.2157210561787806
NAR032719015,NAR,CJF_1,CJF,1,R,R-NAR032719015,21,4,0.9192100853539878,2.2157210561787806
NAR032719015,NAR,CJF_1,CJF,1,R,R-NAR032719015,21,5,1.0230302011222667,2.2157210561787806
NAR032719015,NAR,CJF_1,CJF,1,R,R-NAR032719015,21,6,1.1128867745107474,2.2157210561787806
NAR032719015,NAR,CJF_1,CJF,1,R,R-NAR032719015,21,7,1.2188329116455385,2.2157210561787806
NAR032719015,NAR,CJF_1,CJF,1,R,R-NAR032719015,21,8,1.32736437373974,2.2157210561787806
NAR032719015,NAR,CJF_1,CJF,1,R,R-NAR032719015,21,9,1.3944123260864285,2.2157210561787806
NAR032719015,NAR,CJF_1,CJF,1,R,R-NAR032719015,21,10,1.4862244242434504,2.2157210561787806
NAR032719015,NAR,CJF_1,CJF,1,R,R-NAR032719015,21,11,1.5629838762369097,2.2157210561787806
NAR032719015,NAR,CJF_1,CJF,1,R,R-NAR032719015,21,12,1.618023810972342,2.2157210561787806
NAR032719015,NAR,CJF_1,CJF,1,R,R-NAR032719015,21,13,1.690071916639878,2.2157210561787806
NAR032719015,NAR,CJF_1,CJF,1,R,R-NAR032719015,21,14,1.7604533045337987,2.2157210561787806
NAR032719015,NAR,CJF_1,CJF,1,R,R-NAR032719015,21,15,1.8407166886724615,2.2157210561787806
NAR032719015,NAR,CJF_1,CJF,1,R,R-NAR032719015,21,16,1.9097201657876908,2.2157210561787806
NAR032719015,NAR,CJF_1,CJF,1,R,R-NAR032719015,21,17,1.9548781042783798,2.2157210561787806
NAR032719015,NAR,CJF_1,CJF,1,R,R-NAR032719015,21,18,2.0304301420911197,2.2157210561787806
NAR032719015,NAR,CJF_1,CJF,1,R,R-NAR032719015,21,19,2.096100183659117,2.2157210561787806
NAR032719015,NAR,CJF_1,CJF,1,R,R-NAR032719015,21,20,2.160851618041321,2.2157210561787806
NAR032719015,NAR,CJF_1,CJF,1,R,R-NAR032719015,21,21,2.2157210561787806,2.2157210561787806
NAR032719015,NAR,CJF_2,CJF,2,R,R-NAR032719015,21,1,0.48683090902834425,2.245090640635373
NAR032719015,NAR,CJF_2,CJF,2,R,R-NAR032719015,21,2,0.6369593071815096,2.245090640635373
NAR032719015,NAR,CJF_2,CJF,2,R,R-NAR032719015,21,3,0.7835382404314253,2.245090640635373
NAR032719015,NAR,CJF_2,CJF,2,R,R-NAR032719015,21,4,0.9164500307180223,2.245090640635373
NAR032719015,NAR,CJF_2,CJF,2,R,R-NAR032719015,21,5,1.0223979806244914,2.245090640635373
NAR032719015,NAR,CJF_2,CJF,2,R,R-NAR032719015,21,6,1.1242140854574203,2.245090640635373
NAR032719015,NAR,CJF_2,CJF,2,R,R-NAR032719015,21,7,1.208389713176215,2.245090640635373
NAR032719015,NAR,CJF_2,CJF,2,R,R-NAR032719015,21,8,1.3043784959453402,2.245090640635373
NAR032719015,NAR,CJF_2,CJF,2,R,R-NAR032719015,21,9,1.4034928743701496,2.245090640635373
NAR032719015,NAR,CJF_2,CJF,2,R,R-NAR032719015,21,10,1.484966775680826,2.245090640635373
NAR032719015,NAR,CJF_2,CJF,2,R,R-NAR032719015,21,11,1.5579650522206387,2.245090640635373
NAR032719015,NAR,CJF_2,CJF,2,R,R-NAR032719015,21,12,1.6303275248891025,2.245090640635373
NAR032719015,NAR,CJF_2,CJF,2,R,R-NAR032719015,21,13,1.6834074671542287,2.245090640635373
NAR032719015,NAR,CJF_2,CJF,2,R,R-NAR032719015,21,14,1.7675830948730233,2.245090640635373
NAR032719015,NAR,CJF_2,CJF,2,R,R-NAR032719015,21,15,1.8472030082707118,2.245090640635373
NAR032719015,NAR,CJF_2,CJF,2,R,R-NAR032719015,21,16,1.905474468728292,2.245090640635373
NAR032719015,NAR,CJF_2,CJF,2,R,R-NAR032719015,21,17,1.9554288153377337,2.245090640635373
NAR032719015,NAR,CJF_2,CJF,2,R,R-NAR032719015,21,18,2.020957716524539,2.245090640635373
NAR032719015,NAR,CJF_2,CJF,2,R,R-NAR032719015,21,19,2.0933201891930033,2.245090640635373
NAR032719015,NAR,CJF_2,CJF,2,R,R-NAR032719015,21,20,2.1536575721873534,2.245090640635373
NAR032719015,NAR,CJF_2,CJF,2,R,R-NAR032719015,21,21,2.245090640635373,2.245090640635373
NAR032719015,NAR,CJF_3,CJF,3,R,R-NAR032719015,22,1,0.4794102206613203,2.2800491051418557
NAR032719015,NAR,CJF_3,CJF,3,R,R-NAR032719015,22,2,0.6689980635895446,2.2800491051418557
NAR032719015,NAR,CJF_3,CJF,3,R,R-NAR032719015,22,3,0.8140943751332792,2.2800491051418557
NAR032719015,NAR,CJF_3,CJF,3,R,R-NAR032719015,22,4,0.9355016285588882,2.2800491051418557
NAR032719015,NAR,CJF_3,CJF,3,R,R-NAR032719015,22,5,1.0302955500230009,2.2800491051418557
NAR032719015,NAR,CJF_3,CJF,3,R,R-NAR032719015,22,6,1.1217949522893678,2.2800491051418557
NAR032719015,NAR,CJF_3,CJF,3,R,R-NAR032719015,22,7,1.23554012024798,2.2800491051418557
NAR032719015,NAR,CJF_3,CJF,3,R,R-NAR032719015,22,8,1.324523183016961,2.2800491051418557
NAR032719015,NAR,CJF_3,CJF,3,R,R-NAR032719015,22,9,1.413468556794329,2.2800491051418557
NAR032719015,NAR,CJF_3,CJF,3,R,R-NAR032719015,22,10,1.4936787980331931,2.2800491051418557
NAR032719015,NAR,CJF_3,CJF,3,R,R-NAR032719015,22,11,1.5687809822940595,2.2800491051418557
NAR032719015,NAR,CJF_3,CJF,3,R,R-NAR032719015,22,12,1.6365913264423022,2.2800491051418557
NAR032719015,NAR,CJF_3,CJF,3,R,R-NAR032719015,22,13,1.7091394822141686,2.2800491051418557
NAR032719015,NAR,CJF_3,CJF,3,R,R-NAR032719015,22,14,1.7816876379860356,2.2800491051418557
NAR032719015,NAR,CJF_3,CJF,3,R,R-NAR032719015,22,15,1.8702627664090303,2.2800491051418557
NAR032719015,NAR,CJF_3,CJF,3,R,R-NAR032719015,22,16,1.9289677326643955,2.2800491051418557
NAR032719015,NAR,CJF_3,CJF,3,R,R-NAR032719015,22,17,1.9821943965873898,2.2800491051418557
NAR032719015,NAR,CJF_3,CJF,3,R,R-NAR032719015,22,18,2.047820957601006,2.2800491051418557
NAR032719015,NAR,CJF_3,CJF,3,R,R-NAR032719015,22,19,2.123293387216245,2.2800491051418557
NAR032719015,NAR,CJF_3,CJF,3,R,R-NAR032719015,22,20,2.1768902964936125,2.2800491051418557
NAR032719015,NAR,CJF_3,CJF,3,R,R-NAR032719015,22,21,2.2206413371693565,2.2800491051418557
NAR032719015,NAR,CJF_3,CJF,3,R,R-NAR032719015,22,22,2.2800491051418557,2.2800491051418557
NAR032719015,NAR,JRS_1,JRS,1,R,R-NAR032719015,19,1,0.4574333935988567,2.242429610817298
NAR032719015,NAR,JRS_1,JRS,1,R,R-NAR032719015,19,2,0.6898403550483619,2.242429610817298
NAR032719015,NAR,JRS_1,JRS,1,R,R-NAR032719015,19,3,0.8171849441247355,2.242429610817298
NAR032719015,NAR,JRS_1,JRS,1,R,R-NAR032719015,19,4,0.9377000701801892,2.242429610817298
NAR032719015,NAR,JRS_1,JRS,1,R,R-NAR032719015,19,5,1.0386237209931233,2.242429610817298
NAR032719015,NAR,JRS_1,JRS,1,R,R-NAR032719015,19,6,1.1356841833854776,2.242429610817298
NAR032719015,NAR,JRS_1,JRS,1,R,R-NAR032719015,19,7,1.2434372972193322,2.242429610817298
NAR032719015,NAR,JRS_1,JRS,1,R,R-NAR032719015,19,8,1.351190411053187,2.242429610817298
NAR032719015,NAR,JRS_1,JRS,1,R,R-NAR032719015,19,9,1.4389035927344016,2.242429610817298
NAR032719015,NAR,JRS_1,JRS,1,R,R-NAR032719015,19,10,1.491297012351159,2.242429610817298
NAR032719015,NAR,JRS_1,JRS,1,R,R-NAR032719015,19,11,1.5824249255428342,2.242429610817298
NAR032719015,NAR,JRS_1,JRS,1,R,R-NAR032719015,19,12,1.7084241438888468,2.242429610817298
NAR032719015,NAR,JRS_1,JRS,1,R,R-NAR032719015,19,13,1.8004489709007627,2.242429610817298
NAR032719015,NAR,JRS_1,JRS,1,R,R-NAR032719015,19,14,1.8425981959861402,2.242429610817298
NAR032719015,NAR,JRS_1,JRS,1,R,R-NAR032719015,19,15,1.9171009085356352,2.242429610817298
NAR032719015,NAR,JRS_1,JRS,1,R,R-NAR032719015,19,16,1.9856710718844521,2.242429610817298
NAR032719015,NAR,JRS_1,JRS,1,R,R-NAR032719015,19,17,2.070417978965328,2.242429610817298
NAR032719015,NAR,JRS_1,JRS,1,R,R-NAR032719015,19,18,2.1326071362033447,2.242429610817298
NAR032719015,NAR,JRS_1,JRS,1,R,R-NAR032719015,19,19,2.1909331050207808,2.242429610817298
NAR032819001,NAR,CJF_1,CJF,1,R,R-NAR032819001,8,1,0.5523920074981066,1.4822239181253314
NAR032819001,NAR,CJF_1,CJF,1,R,R-NAR032819001,8,2,0.7482653600660053,1.4822239181253314
NAR032819001,NAR,CJF_1,CJF,1,R,R-NAR032819001,8,3,0.8906106940554811,1.4822239181253314
NAR032819001,NAR,CJF_1,CJF,1,R,R-NAR032819001,8,4,1.0191146866199203,1.4822239181253314
NAR032819001,NAR,CJF_1,CJF,1,R,R-NAR032819001,8,5,1.1478514094751815,1.4822239181253314
NAR032819001,NAR,CJF_1,CJF,1,R,R-NAR032819001,8,6,1.2752774924174037,1.4822239181253314
NAR032819001,NAR,CJF_1,CJF,1,R,R-NAR032819001,8,7,1.3807901593703908,1.4822239181253314
NAR032819001,NAR,CJF_1,CJF,1,R,R-NAR032819001,8,8,1.4822239181253314,1.4822239181253314
NAR032819001,NAR,CJF_2,CJF,2,R,R-NAR032819001,8,1,0.4964175421350424,1.4569588778287799
NAR032819001,NAR,CJF_2,CJF,2,R,R-NAR032819001,8,2,0.7304232365055991,1.4569588778287799
NAR032819001,NAR,CJF_2,CJF,2,R,R-NAR032819001,8,3,0.866365283538175,1.4569588778287799
NAR032819001,NAR,CJF_2,CJF,2,R,R-NAR032819001,8,4,1.0047275092500652,1.4569588778287799
NAR032819001,NAR,CJF_2,CJF,2,R,R-NAR032819001,8,5,1.1361907602957546,1.4569588778287799
NAR032819001,NAR,CJF_2,CJF,2,R,R-NAR032819001,8,6,1.2567908950152504,1.4569588778287799
NAR032819001,NAR,CJF_2,CJF,2,R,R-NAR032819001,8,7,1.3437723721023782,1.4569588778287799
NAR032819001,NAR,CJF_2,CJF,2,R,R-NAR032819001,8,8,1.4569588778287799,1.4569588778287799
NAR032819001,NAR,CJF_3,CJF,3,R,R-NAR032819001,8,1,0.5059617283320719,1.4362400621160463
NAR032819001,NAR,CJF_3,CJF,3,R,R-NAR032819001,8,2,0.7134397650904554,1.4362400621160463
NAR032819001,NAR,CJF_3,CJF,3,R,R-NAR032819001,8,3,0.8494910793259004,1.4362400621160463
NAR032819001,NAR,CJF_3,CJF,3,R,R-NAR032819001,8,4,0.9919231922315213,1.4362400621160463
NAR032819001,NAR,CJF_3,CJF,3,R,R-NAR032819001,8,5,1.119569573918199,1.4362400621160463
NAR032819001,NAR,CJF_3,CJF,3,R,R-NAR032819001,8,6,1.2432806229535498,1.4362400621160463
NAR032819001,NAR,CJF_3,CJF,3,R,R-NAR032819001,8,7,1.3260920112902155,1.4362400621160463
NAR032819001,NAR,CJF_3,CJF,3,R,R-NAR032819001,8,8,1.4362400621160463,1.4362400621160463
NAR032819001,NAR,JRS_1,JRS,1,R,R-NAR032819001,6,1,0.5607444770185158,1.502190145568298
NAR032819001,NAR,JRS_1,JRS,1,R,R-NAR032819001,6,2,0.7676234053686888,1.502190145568298
NAR032819001,NAR,JRS_1,JRS,1,R,R-NAR032819001,6,3,0.929944678751386,1.502190145568298
NAR032819001,NAR,JRS_1,JRS,1,R,R-NAR032819001,6,4,1.0659355586833554,1.502190145568298
NAR032819001,NAR,JRS_1,JRS,1,R,R-NAR032819001,6,5,1.1813812620690363,1.502190145568298
NAR032819001,NAR,JRS_1,JRS,1,R,R-NAR032819001,6,6,1.3283678823872045,1.502190145568298
NAR032819002,NAR,CJF_1,CJF,1,R,R-NAR032819002,13,1,0.34701248631171144,1.4260100001084723
NAR032819002,NAR,CJF_1,CJF,1,R,R-NAR032819002,13,2,0.5883134522647627,1.4260100001084723
NAR032819002,NAR,CJF_1,CJF,1,R,R-NAR032819002,13,3,0.6989261591591547,1.4260100001084723
NAR032819002,NAR,CJF_1,CJF,1,R,R-NAR032819002,13,4,0.7965122925917567,1.4260100001084723
NAR032819002,NAR,CJF_1,CJF,1,R,R-NAR032819002,13,5,0.8804712746407489,1.4260100001084723
NAR032819002,NAR,CJF_1,CJF,1,R,R-NAR032819002,13,6,0.9595290701540096,1.4260100001084723
NAR032819002,NAR,CJF_1,CJF,1,R,R-NAR032819002,13,7,1.0192849206254653,1.4260100001084723
NAR032819002,NAR,CJF_1,CJF,1,R,R-NAR032819002,13,8,1.091077450935448,1.4260100001084723
NAR032819002,NAR,CJF_1,CJF,1,R,R-NAR032819002,13,9,1.1516069085293674,1.4260100001084723
NAR032819002,NAR,CJF_1,CJF,1,R,R-NAR032819002,13,10,1.2339321617331152,1.4260100001084723
NAR032819002,NAR,CJF_1,CJF,1,R,R-NAR032819002,13,11,1.28478901815605,1.4260100001084723
NAR032819002,NAR,CJF_1,CJF,1,R,R-NAR032819002,13,12,1.3477258117176745,1.4260100001084723
NAR032819002,NAR,CJF_1,CJF,1,R,R-NAR032819002,13,13,1.4260100001084723,1.4260100001084723
NAR032819002,NAR,CJF_2,CJF,2,R,R-NAR032819002,13,1,0.3458093568200471,1.4244117180902955
NAR032819002,NAR,CJF_2,CJF,2,R,R-NAR032819002,13,2,0.5834005688338834,1.4244117180902955
NAR032819002,NAR,CJF_2,CJF,2,R,R-NAR032819002,13,3,0.6947932145641883,1.4244117180902955
NAR032819002,NAR,CJF_2,CJF,2,R,R-NAR032819002,13,4,0.7928511096762768,1.4244117180902955
NAR032819002,NAR,CJF_2,CJF,2,R,R-NAR032819002,13,5,0.8795959586201543,1.4244117180902955
NAR032819002,NAR,CJF_2,CJF,2,R,R-NAR032819002,13,6,0.9529888144644463,1.4244117180902955
NAR032819002,NAR,CJF_2,CJF,2,R,R-NAR032819002,13,7,1.0205832029755428,1.4244117180902955
NAR032819002,NAR,CJF_2,CJF,2,R,R-NAR032819002,13,8,1.0881775914866378,1.4244117180902955
NAR032819002,NAR,CJF_2,CJF,2,R,R-NAR032819002,13,9,1.167670045643677,1.4244117180902955
NAR032819002,NAR,CJF_2,CJF,2,R,R-NAR032819002,13,10,1.2384561775602376,1.4244117180902955
NAR032819002,NAR,CJF_2,CJF,2,R,R-NAR032819002,13,11,1.3019899146899585,1.4244117180902955
NAR032819002,NAR,CJF_2,CJF,2,R,R-NAR032819002,13,12,1.3568173295791996,1.4244117180902955
NAR032819002,NAR,CJF_2,CJF,2,R,R-NAR032819002,13,13,1.4244117180902955,1.4244117180902955
NAR032819002,NAR,CJF_3,CJF,3,R,R-NAR032819002,13,1,0.33474010786559366,1.4140327667581887
NAR032819002,NAR,CJF_3,CJF,3,R,R-NAR032819002,13,2,0.5712023336111804,1.4140327667581887
NAR032819002,NAR,CJF_3,CJF,3,R,R-NAR032819002,13,3,0.694232091627422,1.4140327667581887
NAR032819002,NAR,CJF_3,CJF,3,R,R-NAR032819002,13,4,0.7845025556036632,1.4140327667581887
NAR032819002,NAR,CJF_3,CJF,3,R,R-NAR032819002,13,5,0.8707910820435614,1.4140327667581887
NAR032819002,NAR,CJF_3,CJF,3,R,R-NAR032819002,13,6,0.9466801249464849,1.4140327667581887
NAR032819002,NAR,CJF_3,CJF,3,R,R-NAR032819002,13,7,1.0058101957399108,1.4140327667581887
NAR032819002,NAR,CJF_3,CJF,3,R,R-NAR032819002,13,8,1.0777027867494646,1.4140327667581887
NAR032819002,NAR,CJF_3,CJF,3,R,R-NAR032819002,13,9,1.134426277792654,1.4140327667581887
NAR032819002,NAR,CJF_3,CJF,3,R,R-NAR032819002,13,10,1.2294953869123415,1.4140327667581887
NAR032819002,NAR,CJF_3,CJF,3,R,R-NAR032819002,13,11,1.2822224260621597,1.4140327667581887
NAR032819002,NAR,CJF_3,CJF,3,R,R-NAR032819002,13,12,1.339733595998396,1.4140327667581887
NAR032819002,NAR,CJF_3,CJF,3,R,R-NAR032819002,13,13,1.4140327667581887,1.4140327667581887
NAR032819002,NAR,JRS_1,JRS,1,R,R-NAR032819002,13,1,0.40069804633176875,1.484608032979385
NAR032819002,NAR,JRS_1,JRS,1,R,R-NAR032819002,13,2,0.5150688299975142,1.484608032979385
NAR032819002,NAR,JRS_1,JRS,1,R,R-NAR032819002,13,3,0.6563137405800101,1.484608032979385
NAR032819002,NAR,JRS_1,JRS,1,R,R-NAR032819002,13,4,0.7732428185797752,1.484608032979385
NAR032819002,NAR,JRS_1,JRS,1,R,R-NAR032819002,13,5,0.8713910107808241,1.484608032979385
NAR032819002,NAR,JRS_1,JRS,1,R,R-NAR032819002,13,6,0.9584452365947557,1.484608032979385
NAR032819002,NAR,JRS_1,JRS,1,R,R-NAR032819002,13,7,1.00496103836126,1.484608032979385
NAR032819002,NAR,JRS_1,JRS,1,R,R-NAR032819002,13,8,1.0651291008488997,1.484608032979385
NAR032819002,NAR,JRS_1,JRS,1,R,R-NAR032819002,13,9,1.1197501801429803,1.484608032979385
NAR032819002,NAR,JRS_1,JRS,1,R,R-NAR032819002,13,10,1.1884539146837152,1.484608032979385
NAR032819002,NAR,JRS_1,JRS,1,R,R-NAR032819002,13,11,1.2627046324180038,1.484608032979385
NAR032819002,NAR,JRS_1,JRS,1,R,R-NAR032819002,13,12,1.330129219791728,1.484608032979385
NAR032819002,NAR,JRS_1,JRS,1,R,R-NAR032819002,13,13,1.4005424960249888,1.484608032979385
NAR032819003,NAR,CJF_1,CJF,1,R,R-NAR032819003,17,1,0.42444172739355,1.8004355254247018
NAR032819003,NAR,CJF_1,CJF,1,R,R-NAR032819003,17,2,0.5831289898920362,1.8004355254247018
NAR032819003,NAR,CJF_1,CJF,1,R,R-NAR032819003,17,3,0.7040146157921741,1.8004355254247018
NAR032819003,NAR,CJF_1,CJF,1,R,R-NAR032819003,17,4,0.8153069564543962,1.8004355254247018
NAR032819003,NAR,CJF_1,CJF,1,R,R-NAR032819003,17,5,0.9148934427458811,1.8004355254247018
NAR032819003,NAR,CJF_1,CJF,1,R,R-NAR032819003,17,6,0.9820464394112893,1.8004355254247018
NAR032819003,NAR,CJF_1,CJF,1,R,R-NAR032819003,17,7,1.0634159156531382,1.8004355254247018
NAR032819003,NAR,CJF_1,CJF,1,R,R-NAR032819003,17,8,1.1677990445635806,1.8004355254247018
NAR032819003,NAR,CJF_1,CJF,1,R,R-NAR032819003,17,9,1.2493419690858614,1.8004355254247018
NAR032819003,NAR,CJF_1,CJF,1,R,R-NAR032819003,17,10,1.3328240144605328,1.8004355254247018
NAR032819003,NAR,CJF_1,CJF,1,R,R-NAR032819003,17,11,1.396721433286492,1.8004355254247018
NAR032819003,NAR,CJF_1,CJF,1,R,R-NAR032819003,17,12,1.4677015121446622,1.8004355254247018
NAR032819003,NAR,CJF_1,CJF,1,R,R-NAR032819003,17,13,1.5193215722465696,1.8004355254247018
NAR032819003,NAR,CJF_1,CJF,1,R,R-NAR032819003,17,14,1.5868726249848593,1.8004355254247018
NAR032819003,NAR,CJF_1,CJF,1,R,R-NAR032819003,17,15,1.6651599716676913,1.8004355254247018
NAR032819003,NAR,CJF_1,CJF,1,R,R-NAR032819003,17,16,1.7440188227038367,1.8004355254247018
NAR032819003,NAR,CJF_1,CJF,1,R,R-NAR032819003,17,17,1.8004355254247018,1.8004355254247018
NAR032819003,NAR,CJF_2,CJF,2,R,R-NAR032819003,18,1,0.4540739512530224,1.8188954180146693
NAR032819003,NAR,CJF_2,CJF,2,R,R-NAR032819003,18,2,0.6272257614475583,1.8188954180146693
NAR032819003,NAR,CJF_2,CJF,2,R,R-NAR032819003,18,3,0.7560508482755259,1.8188954180146693
NAR032819003,NAR,CJF_2,CJF,2,R,R-NAR032819003,18,4,0.8342198923505513,1.8188954180146693
NAR032819003,NAR,CJF_2,CJF,2,R,R-NAR032819003,18,5,0.9303112641893292,1.8188954180146693
NAR032819003,NAR,CJF_2,CJF,2,R,R-NAR032819003,18,6,1.0168764254556226,1.8188954180146693
NAR032819003,NAR,CJF_2,CJF,2,R,R-NAR032819003,18,7,1.0950239818686993,1.8188954180146693
NAR032819003,NAR,CJF_2,CJF,2,R,R-NAR032819003,18,8,1.1831875887280479,1.8188954180146693
NAR032819003,NAR,CJF_2,CJF,2,R,R-NAR032819003,18,9,1.2903821290704163,1.8188954180146693
NAR032819003,NAR,CJF_2,CJF,2,R,R-NAR032819003,18,10,1.3231158440596062,1.8188954180146693
NAR032819003,NAR,CJF_2,CJF,2,R,R-NAR032819003,18,11,1.3748590048698677,1.8188954180146693
NAR032819003,NAR,CJF_2,CJF,2,R,R-NAR032819003,18,12,1.4123450813143255,1.8188954180146693
NAR032819003,NAR,CJF_2,CJF,2,R,R-NAR032819003,18,13,1.4741257802328065,1.8188954180146693
NAR032819003,NAR,CJF_2,CJF,2,R,R-NAR032819003,18,14,1.5490979331217218,1.8188954180146693
NAR032819003,NAR,CJF_2,CJF,2,R,R-NAR032819003,18,15,1.5960887324767152,1.8188954180146693
NAR032819003,NAR,CJF_2,CJF,2,R,R-NAR032819003,18,16,1.6789886503450597,1.8188954180146693
NAR032819003,NAR,CJF_2,CJF,2,R,R-NAR032819003,18,17,1.7639983413421951,1.8188954180146693
NAR032819003,NAR,CJF_2,CJF,2,R,R-NAR032819003,18,18,1.8188954180146693,1.8188954180146693
NAR032819003,NAR,CJF_3,CJF,3,R,R-NAR032819003,16,1,0.40765506948198854,1.766750610959601
NAR032819003,NAR,CJF_3,CJF,3,R,R-NAR032819003,16,2,0.5668013997667944,1.766750610959601
NAR032819003,NAR,CJF_3,CJF,3,R,R-NAR032819003,16,3,0.6836001408892,1.766750610959601
NAR032819003,NAR,CJF_3,CJF,3,R,R-NAR032819003,16,4,0.7889434497859511,1.766750610959601
NAR032819003,NAR,CJF_3,CJF,3,R,R-NAR032819003,16,5,0.8901818221313824,1.766750610959601
NAR032819003,NAR,CJF_3,CJF,3,R,R-NAR032819003,16,6,0.9825612095495718,1.766750610959601
NAR032819003,NAR,CJF_3,CJF,3,R,R-NAR032819003,16,7,1.0471705513386786,1.766750610959601
NAR032819003,NAR,CJF_3,CJF,3,R,R-NAR032819003,16,8,1.153812083884636,1.766750610959601
NAR032819003,NAR,CJF_3,CJF,3,R,R-NAR032819003,16,9,1.231929326175058,1.766750610959601
NAR032819003,NAR,CJF_3,CJF,3,R,R-NAR032819003,16,10,1.3203089098437784,1.766750610959601
NAR032819003,NAR,CJF_3,CJF,3,R,R-NAR032819003,16,11,1.367849393603004,1.766750610959601
NAR032819003,NAR,CJF_3,CJF,3,R,R-NAR032819003,16,12,1.4372127837680333,1.766750610959601
NAR032819003,NAR,CJF_3,CJF,3,R,R-NAR032819003,16,13,1.493612252454502,1.766750610959601
NAR032819003,NAR,CJF_3,CJF,3,R,R-NAR032819003,16,14,1.5533624130658361,1.766750610959601
NAR032819003,NAR,CJF_3,CJF,3,R,R-NAR032819003,16,15,1.6444435768348196,1.766750610959601
NAR032819003,NAR,CJF_3,CJF,3,R,R-NAR032819003,16,16,1.766750610959601,1.766750610959601
NAR032819003,NAR,JRS_1,JRS,1,R,R-NAR032819003,15,1,0.44905408567951294,1.8086770810495783
NAR032819003,NAR,JRS_1,JRS,1,R,R-NAR032819003,15,2,0.5901533888639902,1.8086770810495783
NAR032819003,NAR,JRS_1,JRS,1,R,R-NAR032819003,15,3,0.7171631132030732,1.8086770810495783
NAR032819003,NAR,JRS_1,JRS,1,R,R-NAR032819003,15,4,0.807951234647296,1.8086770810495783
NAR032819003,NAR,JRS_1,JRS,1,R,R-NAR032819003,15,5,0.9083088844441911,1.8086770810495783
NAR032819003,NAR,JRS_1,JRS,1,R,R-NAR032819003,15,6,1.0048794258461233,1.8086770810495783
NAR032819003,NAR,JRS_1,JRS,1,R,R-NAR032819003,15,7,1.097561101487828,1.8086770810495783
NAR032819003,NAR,JRS_1,JRS,1,R,R-NAR032819003,15,8,1.2431804551650278,1.8086770810495783
NAR032819003,NAR,JRS_1,JRS,1,R,R-NAR032819003,15,9,1.321772551961337,1.8086770810495783
NAR032819003,NAR,JRS_1,JRS,1,R,R-NAR032819003,15,10,1.3525782059473686,1.8086770810495783
NAR032819003,NAR,JRS_1,JRS,1,R,R-NAR032819003,15,11,1.4138230428705478,1.8086770810495783
NAR032819003,NAR,JRS_1,JRS,1,R,R-NAR032819003,15,12,1.483741509730293,1.8086770810495783
NAR032819003,NAR,JRS_1,JRS,1,R,R-NAR032819003,15,13,1.5443551619209794,1.8086770810495783
NAR032819003,NAR,JRS_1,JRS,1,R,R-NAR032819003,15,14,1.604337629379173,1.8086770810495783
NAR032819003,NAR,JRS_1,JRS,1,R,R-NAR032819003,15,15,1.7021705402460925,1.8086770810495783
NAR032819004,NAR,CJF_1,CJF,1,R,R-NAR032819004,9,1,0.3692855439277552,1.1759863335031562
NAR032819004,NAR,CJF_1,CJF,1,R,R-NAR032819004,9,2,0.60345444703785045,1.1759863335031562
NAR032819004,NAR,CJF_1,CJF,1,R,R-NAR032819004,9,3,0.6955080555783719,1.1759863335031562
NAR032819004,NAR,CJF_1,CJF,1,R,R-NAR032819004,9,4,0.7566391035463488,1.1759863335031562
NAR032819004,NAR,CJF_1,CJF,1,R,R-NAR032819004,9,5,0.8494067852639834,1.1759863335031562
NAR032819004,NAR,CJF_1,CJF,1,R,R-NAR032819004,9,6,0.9363185758518218,1.1759863335031562
NAR032819004,NAR,CJF_1,CJF,1,R,R-NAR032819004,9,7,1.0195166948412029,1.1759863335031562
NAR032819004,NAR,CJF_1,CJF,1,R,R-NAR032819004,9,8,1.0957161600786727,1.1759863335031562
NAR032819004,NAR,CJF_1,CJF,1,R,R-NAR032819004,9,9,1.1759863335031562,1.1759863335031562
NAR032819004,NAR,CJF_2,CJF,2,R,R-NAR032819004,9,1,0.3669778316253427,1.1821916146517022
NAR032819004,NAR,CJF_2,CJF,2,R,R-NAR032819004,9,2,0.5903091653901055,1.1821916146517022
NAR032819004,NAR,CJF_2,CJF,2,R,R-NAR032819004,9,3,0.6948998872343388,1.1821916146517022
NAR032819004,NAR,CJF_2,CJF,2,R,R-NAR032819004,9,4,0.7537230436155753,1.1821916146517022
NAR032819004,NAR,CJF_2,CJF,2,R,R-NAR032819004,9,5,0.8705827144423032,1.1821916146517022
NAR032819004,NAR,CJF_2,CJF,2,R,R-NAR032819004,9,6,0.9390929005220487,1.1821916146517022
NAR032819004,NAR,CJF_2,CJF,2,R,R-NAR032819004,9,7,1.0288580870926143,1.1821916146517022
NAR032819004,NAR,CJF_2,CJF,2,R,R-NAR032819004,9,8,1.1140747495398293,1.1821916146517022
NAR032819004,NAR,CJF_2,CJF,2,R,R-NAR032819004,9,9,1.1821916146517022,1.1821916146517022
NAR032819004,NAR,CJF_3,CJF,3,R,R-NAR032819004,9,1,0.3683967913384988,1.1880890783197102
NAR032819004,NAR,CJF_3,CJF,3,R,R-NAR032819004,9,2,0.5951560455040827,1.1880890783197102
NAR032819004,NAR,CJF_3,CJF,3,R,R-NAR032819004,9,3,0.7108535907450501,1.1880890783197102
NAR032819004,NAR,CJF_3,CJF,3,R,R-NAR032819004,9,4,0.784132635694261,1.1880890783197102
NAR032819004,NAR,CJF_3,CJF,3,R,R-NAR032819004,9,5,0.876239742318029,1.1880890783197102
NAR032819004,NAR,CJF_3,CJF,3,R,R-NAR032819004,9,6,0.9612349186844065,1.1880890783197102
NAR032819004,NAR,CJF_3,CJF,3,R,R-NAR032819004,9,7,1.0557864840926416,1.1880890783197102
NAR032819004,NAR,CJF_3,CJF,3,R,R-NAR032819004,9,8,1.1219535987844624,1.1880890783197102
NAR032819004,NAR,CJF_3,CJF,3,R,R-NAR032819004,9,9,1.1880890783197102,1.1880890783197102
NAR032819004,NAR,JRS_1,JRS,1,R,R-NAR032819004,7,1,0.45584858500886183,1.0670165476417082
NAR032819004,NAR,JRS_1,JRS,1,R,R-NAR032819004,7,2,0.5937317490510183,1.0670165476417082
NAR032819004,NAR,JRS_1,JRS,1,R,R-NAR032819004,7,3,0.670285706065485,1.0670165476417082
NAR032819004,NAR,JRS_1,JRS,1,R,R-NAR032819004,7,4,0.7788687799071135,1.0670165476417082
NAR032819004,NAR,JRS_1,JRS,1,R,R-NAR032819004,7,5,0.8639257401722026,1.0670165476417082
NAR032819004,NAR,JRS_1,JRS,1,R,R-NAR032819004,7,6,0.9407956205573909,1.0670165476417082
NAR032819004,NAR,JRS_1,JRS,1,R,R-NAR032819004,7,7,0.9938234639953185,1.0670165476417082
NAR032819005,NAR,CJF_1,CJF,1,R,R-NAR032819005,3,1,0.49324741311020515,0.8630456323574814
NAR032819005,NAR,CJF_1,CJF,1,R,R-NAR032819005,3,2,0.7065467794137833,0.8630456323574814
NAR032819005,NAR,CJF_1,CJF,1,R,R-NAR032819005,3,3,0.8630456323574814,0.8630456323574814
NAR032819005,NAR,CJF_2,CJF,2,R,R-NAR032819005,3,1,0.48825030974426664,0.8787819659640508
NAR032819005,NAR,CJF_2,CJF,2,R,R-NAR032819005,3,2,0.7172393260466824,0.8787819659640508
NAR032819005,NAR,CJF_2,CJF,2,R,R-NAR032819005,3,3,0.8787819659640508,0.8787819659640508
NAR032819005,NAR,CJF_3,CJF,3,R,R-NAR032819005,3,1,0.36711796311310896,0.767908172947655
NAR032819005,NAR,CJF_3,CJF,3,R,R-NAR032819005,3,2,0.5980585610108056,0.767908172947655
NAR032819005,NAR,CJF_3,CJF,3,R,R-NAR032819005,3,3,0.767908172947655,0.767908172947655
NAR032819005,NAR,JRS_1,JRS,1,R,R-NAR032819005,2,1,0.2809739611900201,0.49932890004834485
NAR032819005,NAR,JRS_1,JRS,1,R,R-NAR032819005,2,2,0.4189346769508233,0.49932890004834485
NAR032819006,NAR,CJF_1,CJF,1,R,R-NAR032819006,7,1,0.42774991365028525,1.1643212274703556
NAR032819006,NAR,CJF_1,CJF,1,R,R-NAR032819006,7,2,0.6317499004194865,1.1643212274703556
NAR032819006,NAR,CJF_1,CJF,1,R,R-NAR032819006,7,3,0.7664440256444178,1.1643212274703556
NAR032819006,NAR,CJF_1,CJF,1,R,R-NAR032819006,7,4,0.8872312423009594,1.1643212274703556
NAR032819006,NAR,CJF_1,CJF,1,R,R-NAR032819006,7,5,0.9809004366452948,1.1643212274703556
NAR032819006,NAR,CJF_1,CJF,1,R,R-NAR032819006,7,6,1.084759133205937,1.1643212274703556
NAR032819006,NAR,CJF_1,CJF,1,R,R-NAR032819006,7,7,1.1643212274703556,1.1643212274703556
NAR032819006,NAR,CJF_2,CJF,2,R,R-NAR032819006,7,1,0.4570980524125722,1.2108798074309919
NAR032819006,NAR,CJF_2,CJF,2,R,R-NAR032819006,7,2,0.6636548737194381,1.2108798074309919
NAR032819006,NAR,CJF_2,CJF,2,R,R-NAR032819006,7,3,0.8147281620067629,1.2108798074309919
NAR032819006,NAR,CJF_2,CJF,2,R,R-NAR032819006,7,4,0.9386330590674157,1.2108798074309919
NAR032819006,NAR,CJF_2,CJF,2,R,R-NAR032819006,7,5,1.034222814335199,1.2108798074309919
NAR032819006,NAR,CJF_2,CJF,2,R,R-NAR032819006,7,6,1.134410111054014,1.2108798074309919
NAR032819006,NAR,CJF_2,CJF,2,R,R-NAR032819006,7,7,1.2108798074309919,1.2108798074309919
NAR032819006,NAR,CJF_3,CJF,3,R,R-NAR032819006,7,1,0.3993993166041335,1.1801821688918284
NAR032819006,NAR,CJF_3,CJF,3,R,R-NAR032819006,7,2,0.6330085703346582,1.1801821688918284
NAR032819006,NAR,CJF_3,CJF,3,R,R-NAR032819006,7,3,0.7799648783596959,1.1801821688918284
NAR032819006,NAR,CJF_3,CJF,3,R,R-NAR032819006,7,4,0.8976758461632641,1.1801821688918284
NAR032819006,NAR,CJF_3,CJF,3,R,R-NAR032819006,7,5,0.9871361816939761,1.1801821688918284
NAR032819006,NAR,CJF_3,CJF,3,R,R-NAR032819006,7,6,1.0869197355872793,1.1801821688918284
NAR032819006,NAR,CJF_3,CJF,3,R,R-NAR032819006,7,7,1.1801821688918284,1.1801821688918284
NAR032819006,NAR,JRS_1,JRS,1,R,R-NAR032819006,6,1,0.42967605501199796,1.1918605605429953
NAR032819006,NAR,JRS_1,JRS,1,R,R-NAR032819006,6,2,0.6116703662771784,1.1918605605429953
NAR032819006,NAR,JRS_1,JRS,1,R,R-NAR032819006,6,3,0.7842772118251146,1.1918605605429953
NAR032819006,NAR,JRS_1,JRS,1,R,R-NAR032819006,6,4,0.9295635177057615,1.1918605605429953
NAR032819006,NAR,JRS_1,JRS,1,R,R-NAR032819006,6,5,1.0150940826509873,1.1918605605429953
NAR032819006,NAR,JRS_1,JRS,1,R,R-NAR032819006,6,6,1.1073981966268702,1.1918605605429953
NAR032819007,NAR,CJF_1,CJF,1,R,R-NAR032819007,4,1,0.3510682801634863,0.9219034156976029
NAR032819007,NAR,CJF_1,CJF,1,R,R-NAR032819007,4,2,0.6338991041861126,0.9219034156976029
NAR032819007,NAR,CJF_1,CJF,1,R,R-NAR032819007,4,3,0.7981344922499926,0.9219034156976029
NAR032819007,NAR,CJF_1,CJF,1,R,R-NAR032819007,4,4,0.9219034156976029,0.9219034156976029
NAR032819007,NAR,CJF_2,CJF,2,R,R-NAR032819007,4,1,0.35291744425890637,0.9011304642522106
NAR032819007,NAR,CJF_2,CJF,2,R,R-NAR032819007,4,2,0.6210988598922638,0.9011304642522106
NAR032819007,NAR,CJF_2,CJF,2,R,R-NAR032819007,4,3,0.7911046836605623,0.9011304642522106
NAR032819007,NAR,CJF_2,CJF,2,R,R-NAR032819007,4,4,0.9011304642522106,0.9011304642522106
NAR032819007,NAR,CJF_3,CJF,3,R,R-NAR032819007,4,1,0.3643509636054441,0.9071064308032373
NAR032819007,NAR,CJF_3,CJF,3,R,R-NAR032819007,4,2,0.637179506424203,0.9071064308032373
NAR032819007,NAR,CJF_3,CJF,3,R,R-NAR032819007,4,3,0.7900976523605007,0.9071064308032373
NAR032819007,NAR,CJF_3,CJF,3,R,R-NAR032819007,4,4,0.9071064308032373,0.9071064308032373
NAR032819007,NAR,JRS_1,JRS,1,R,R-NAR032819007,3,1,0.35757001802167093,0.9192764479426747
NAR032819007,NAR,JRS_1,JRS,1,R,R-NAR032819007,3,2,0.6345437743343518,0.9192764479426747
NAR032819007,NAR,JRS_1,JRS,1,R,R-NAR032819007,3,3,0.8101710629576323,0.9192764479426747
NAR032919001,NAR,CJF_1,CJF,1,R,R-NAR032919001,7,1,0.46533889163612385,1.1607653953813413
NAR032919001,NAR,CJF_1,CJF,1,R,R-NAR032919001,7,2,0.6327212030415286,1.1607653953813413
NAR032919001,NAR,CJF_1,CJF,1,R,R-NAR032919001,7,3,0.7898376248114448,1.1607653953813413
NAR032919001,NAR,CJF_1,CJF,1,R,R-NAR032919001,7,4,0.8841478401603311,1.1607653953813413
NAR032919001,NAR,CJF_1,CJF,1,R,R-NAR032919001,7,5,0.9901760857044415,1.1607653953813413
NAR032919001,NAR,CJF_1,CJF,1,R,R-NAR032919001,7,6,1.0814811142165155,1.1607653953813413
NAR032919001,NAR,CJF_1,CJF,1,R,R-NAR032919001,7,7,1.1607653953813413,1.1607653953813413
NAR032919001,NAR,CJF_2,CJF,2,R,R-NAR032919001,7,1,0.4381491680002172,1.1320414263223673
NAR032919001,NAR,CJF_2,CJF,2,R,R-NAR032919001,7,2,0.6095943059765744,1.1320414263223673
NAR032919001,NAR,CJF_2,CJF,2,R,R-NAR032919001,7,3,0.7450126300092879,1.1320414263223673
NAR032919001,NAR,CJF_2,CJF,2,R,R-NAR032919001,7,4,0.8502438385550138,1.1320414263223673
NAR032919001,NAR,CJF_2,CJF,2,R,R-NAR032919001,7,5,0.9557575108732262,1.1320414263223673
NAR032919001,NAR,CJF_2,CJF,2,R,R-NAR032919001,7,6,1.0491680906193952,1.1320414263223673
NAR032919001,NAR,CJF_2,CJF,2,R,R-NAR032919001,7,7,1.1320414263223673,1.1320414263223673
NAR032919001,NAR,CJF_3,CJF,3,R,R-NAR032919001,7,1,0.44107072668808406,1.1385580060095823
NAR032919001,NAR,CJF_3,CJF,3,R,R-NAR032919001,7,2,0.6168476505314817,1.1385580060095823
NAR032919001,NAR,CJF_3,CJF,3,R,R-NAR032919001,7,3,0.7540076147483175,1.1385580060095823
NAR032919001,NAR,CJF_3,CJF,3,R,R-NAR032919001,7,4,0.8643869529536226,1.1385580060095823
NAR032919001,NAR,CJF_3,CJF,3,R,R-NAR032919001,7,5,0.9627810821661851,1.1385580060095823
NAR032919001,NAR,CJF_3,CJF,3,R,R-NAR032919001,7,6,1.053703065180497,1.1385580060095823
NAR032919001,NAR,CJF_3,CJF,3,R,R-NAR032919001,7,7,1.1385580060095823,1.1385580060095823
NAR032919001,NAR,JRS_1,JRS,1,R,R-NAR032919001,6,1,0.33892587630576704,1.0070495240713673
NAR032919001,NAR,JRS_1,JRS,1,R,R-NAR032919001,6,2,0.5125610137264194,1.0070495240713673
NAR032919001,NAR,JRS_1,JRS,1,R,R-NAR032919001,6,3,0.6573472230185792,1.0070495240713673
NAR032919001,NAR,JRS_1,JRS,1,R,R-NAR032919001,6,4,0.7627142616756118,1.0070495240713673
NAR032919001,NAR,JRS_1,JRS,1,R,R-NAR032919001,6,5,0.853282960823357,1.0070495240713673
NAR032919001,NAR,JRS_1,JRS,1,R,R-NAR032919001,6,6,0.9399415406786051,1.0070495240713673
NAR032919002,NAR,CJF_1,CJF,1,R,R-NAR032919002,6,1,0.30317836941831267,1.0500764679611871
NAR032919002,NAR,CJF_1,CJF,1,R,R-NAR032919002,6,2,0.5986262233639457,1.0500764679611871
NAR032919002,NAR,CJF_1,CJF,1,R,R-NAR032919002,6,3,0.7564649814671132,1.0500764679611871
NAR032919002,NAR,CJF_1,CJF,1,R,R-NAR032919002,6,4,0.8789832818838847,1.0500764679611871
NAR032919002,NAR,CJF_1,CJF,1,R,R-NAR032919002,6,5,0.9838487585308477,1.0500764679611871
NAR032919002,NAR,CJF_1,CJF,1,R,R-NAR032919002,6,6,1.0500764679611871,1.0500764679611871
NAR032919002,NAR,CJF_2,CJF,2,R,R-NAR032919002,6,1,0.35129655385949826,1.0181820409311344
NAR032919002,NAR,CJF_2,CJF,2,R,R-NAR032919002,6,2,0.5526038286924707,1.0181820409311344
NAR032919002,NAR,CJF_2,CJF,2,R,R-NAR032919002,6,3,0.7225535014451745,1.0181820409311344
NAR032919002,NAR,CJF_2,CJF,2,R,R-NAR032919002,6,4,0.8466911274813398,1.0181820409311344
NAR032919002,NAR,CJF_2,CJF,2,R,R-NAR032919002,6,5,0.9471521098106895,1.0181820409311344
NAR032919002,NAR,CJF_2,CJF,2,R,R-NAR032919002,6,6,1.0181820409311344,1.0181820409311344
NAR032919002,NAR,CJF_3,CJF,3,R,R-NAR032919002,6,1,0.38397101195288197,1.0593817101389096
NAR032919002,NAR,CJF_3,CJF,3,R,R-NAR032919002,6,2,0.5997841700040634,1.0593817101389096
NAR032919002,NAR,CJF_3,CJF,3,R,R-NAR032919002,6,3,0.7521489393996809,1.0593817101389096
NAR032919002,NAR,CJF_3,CJF,3,R,R-NAR032919002,6,4,0.8844953637181178,1.0593817101389096
NAR032919002,NAR,CJF_3,CJF,3,R,R-NAR032919002,6,5,0.9835880494768532,1.0593817101389096
NAR032919002,NAR,CJF_3,CJF,3,R,R-NAR032919002,6,6,1.0593817101389096,1.0593817101389096
NAR032919002,NAR,JRS_1,JRS,1,R,R-NAR032919002,4,1,0.5573720808413436,1.0261192859674684
NAR032919002,NAR,JRS_1,JRS,1,R,R-NAR032919002,4,2,0.7298366005461554,1.0261192859674684
NAR032919002,NAR,JRS_1,JRS,1,R,R-NAR032919002,4,3,0.8617679413046608,1.0261192859674684
NAR032919002,NAR,JRS_1,JRS,1,R,R-NAR032919002,4,4,0.9463362294988776,1.0261192859674684
NAR032919003,NAR,CJF_1,CJF,1,R,R-NAR032919003,15,1,0.4794735430292075,1.5909556045717097
NAR032919003,NAR,CJF_1,CJF,1,R,R-NAR032919003,15,2,0.6769846299149758,1.5909556045717097
NAR032919003,NAR,CJF_1,CJF,1,R,R-NAR032919003,15,3,0.809259260646412,1.5909556045717097
NAR032919003,NAR,CJF_1,CJF,1,R,R-NAR032919003,15,4,0.9084505714468227,1.5909556045717097
NAR032919003,NAR,CJF_1,CJF,1,R,R-NAR032919003,15,5,0.9765732770016868,1.5909556045717097
NAR032919003,NAR,CJF_1,CJF,1,R,R-NAR032919003,15,6,1.0557172393121523,1.5909556045717097
NAR032919003,NAR,CJF_1,CJF,1,R,R-NAR032919003,15,7,1.126919640866034,1.5909556045717097
NAR032919003,NAR,CJF_1,CJF,1,R,R-NAR032919003,15,8,1.1778421480030399,1.5909556045717097
NAR032919003,NAR,CJF_1,CJF,1,R,R-NAR032919003,15,9,1.2404444503479921,1.5909556045717097
NAR032919003,NAR,CJF_1,CJF,1,R,R-NAR032919003,15,10,1.295996276315635,1.5909556045717097
NAR032919003,NAR,CJF_1,CJF,1,R,R-NAR032919003,15,11,1.3566229633035538,1.5909556045717097
NAR032919003,NAR,CJF_1,CJF,1,R,R-NAR032919003,15,12,1.416804108101833,1.5909556045717097
NAR032919003,NAR,CJF_1,CJF,1,R,R-NAR032919003,15,13,1.4723559340694772,1.5909556045717097
NAR032919003,NAR,CJF_1,CJF,1,R,R-NAR032919003,15,14,1.5329826210573947,1.5909556045717097
NAR032919003,NAR,CJF_1,CJF,1,R,R-NAR032919003,15,15,1.5909556045717097,1.5909556045717097
NAR032919003,NAR,CJF_2,CJF,2,R,R-NAR032919003,15,1,0.45038790503810483,1.5973825615213313
NAR032919003,NAR,CJF_2,CJF,2,R,R-NAR032919003,15,2,0.6518236838550702,1.5973825615213313
NAR032919003,NAR,CJF_2,CJF,2,R,R-NAR032919003,15,3,0.8021845456058585,1.5973825615213313
NAR032919003,NAR,CJF_2,CJF,2,R,R-NAR032919003,15,4,0.8839823977922375,1.5973825615213313
NAR032919003,NAR,CJF_2,CJF,2,R,R-NAR032919003,15,5,0.9728103162135415,1.5973825615213313
NAR032919003,NAR,CJF_2,CJF,2,R,R-NAR032919003,15,6,1.045365356386974,1.5973825615213313
NAR032919003,NAR,CJF_2,CJF,2,R,R-NAR032919003,15,7,1.113841292862303,1.5973825615213313
NAR032919003,NAR,CJF_2,CJF,2,R,R-NAR032919003,15,8,1.1765459138976084,1.5973825615213313
NAR032919003,NAR,CJF_2,CJF,2,R,R-NAR032919003,15,9,1.240986283219375,1.5973825615213313
NAR032919003,NAR,CJF_2,CJF,2,R,R-NAR032919003,15,10,1.2816031740222438,1.5973825615213313
NAR032919003,NAR,CJF_2,CJF,2,R,R-NAR032919003,15,11,1.3402286913594463,1.5973825615213313
NAR032919003,NAR,CJF_2,CJF,2,R,R-NAR032919003,15,12,1.3942110344179048,1.5973825615213313
NAR032919003,NAR,CJF_2,CJF,2,R,R-NAR032919003,15,13,1.461558829731953,1.5973825615213313
NAR032919003,NAR,CJF_2,CJF,2,R,R-NAR032919003,15,14,1.5219200953556167,1.5973825615213313
NAR032919003,NAR,CJF_2,CJF,2,R,R-NAR032919003,15,15,1.5973825615213313,1.5973825615213313
NAR032919003,NAR,CJF_3,CJF,3,R,R-NAR032919003,15,1,0.5207378667309518,1.6629115899787141
NAR032919003,NAR,CJF_3,CJF,3,R,R-NAR032919003,15,2,0.7079582142508463,1.6629115899787141
NAR032919003,NAR,CJF_3,CJF,3,R,R-NAR032919003,15,3,0.8608658235454396,1.6629115899787141
NAR032919003,NAR,CJF_3,CJF,3,R,R-NAR032919003,15,4,0.9546351234462139,1.6629115899787141
NAR032919003,NAR,CJF_3,CJF,3,R,R-NAR032919003,15,5,1.015585168381717,1.6629115899787141
NAR032919003,NAR,CJF_3,CJF,3,R,R-NAR032919003,15,6,1.0916656022140059,1.6629115899787141
NAR032919003,NAR,CJF_3,CJF,3,R,R-NAR032919003,15,7,1.1695577715879795,1.6629115899787141
NAR032919003,NAR,CJF_3,CJF,3,R,R-NAR032919003,15,8,1.2294428226118137,1.6629115899787141
NAR032919003,NAR,CJF_3,CJF,3,R,R-NAR032919003,15,9,1.2907111198289711,1.6629115899787141
NAR032919003,NAR,CJF_3,CJF,3,R,R-NAR032919003,15,10,1.3455894535761124,1.6629115899787141
NAR032919003,NAR,CJF_3,CJF,3,R,R-NAR032919003,15,11,1.3982275624332077,1.6629115899787141
NAR032919003,NAR,CJF_3,CJF,3,R,R-NAR032919003,15,12,1.4573658718270261,1.6629115899787141
NAR032919003,NAR,CJF_3,CJF,3,R,R-NAR032919003,15,13,1.5183159167625293,1.6629115899787141
NAR032919003,NAR,CJF_3,CJF,3,R,R-NAR032919003,15,14,1.5889611439697644,1.6629115899787141
NAR032919003,NAR,CJF_3,CJF,3,R,R-NAR032919003,15,15,1.6629115899787141,1.6629115899787141
NAR032919003,NAR,JRS_1,JRS,1,R,R-NAR032919003,14,1,0.4689921041437668,1.6503953005872183
NAR032919003,NAR,JRS_1,JRS,1,R,R-NAR032919003,14,2,0.709091611489396,1.6503953005872183
NAR032919003,NAR,JRS_1,JRS,1,R,R-NAR032919003,14,3,0.8313439947623273,1.6503953005872183
NAR032919003,NAR,JRS_1,JRS,1,R,R-NAR032919003,14,4,0.9535963780352577,1.6503953005872183
NAR032919003,NAR,JRS_1,JRS,1,R,R-NAR032919003,14,5,1.0203260249454689,1.6503953005872183
NAR032919003,NAR,JRS_1,JRS,1,R,R-NAR032919003,14,6,1.0832243746706496,1.6503953005872183
NAR032919003,NAR,JRS_1,JRS,1,R,R-NAR032919003,14,7,1.1510397999708049,1.6503953005872183
NAR032919003,NAR,JRS_1,JRS,1,R,R-NAR032919003,14,8,1.225145060243477,1.6503953005872183
NAR032919003,NAR,JRS_1,JRS,1,R,R-NAR032919003,14,9,1.284212112783627,1.6503953005872183
NAR032919003,NAR,JRS_1,JRS,1,R,R-NAR032919003,14,10,1.3383620897488033,1.6503953005872183
NAR032919003,NAR,JRS_1,JRS,1,R,R-NAR032919003,14,11,1.4127543310290758,1.6503953005872183
NAR032919003,NAR,JRS_1,JRS,1,R,R-NAR032919003,14,12,1.4655315485967075,1.6503953005872183
NAR032919003,NAR,JRS_1,JRS,1,R,R-NAR032919003,14,13,1.5245986011368575,1.6503953005872183
NAR032919003,NAR,JRS_1,JRS,1,R,R-NAR032919003,14,14,1.5839526346846078,1.6503953005872183
NAR032919004,NAR,CJF_1,CJF,1,R,R-NAR032919004,9,1,0.4442118483730945,1.362272283103684
NAR032919004,NAR,CJF_1,CJF,1,R,R-NAR032919004,9,2,0.6953965897269876,1.362272283103684
NAR032919004,NAR,CJF_1,CJF,1,R,R-NAR032919004,9,3,0.8101541440683117,1.362272283103684
NAR032919004,NAR,CJF_1,CJF,1,R,R-NAR032919004,9,4,0.9106512502344886,1.362272283103684
NAR032919004,NAR,CJF_1,CJF,1,R,R-NAR032919004,9,5,1.0104431446856297,1.362272283103684
NAR032919004,NAR,CJF_1,CJF,1,R,R-NAR032919004,9,6,1.1092352456257657,1.362272283103684
NAR032919004,NAR,CJF_1,CJF,1,R,R-NAR032919004,9,7,1.2004708711718188,1.362272283103684
NAR032919004,NAR,CJF_1,CJF,1,R,R-NAR032919004,9,8,1.2898542005938474,1.362272283103684
NAR032919004,NAR,CJF_1,CJF,1,R,R-NAR032919004,9,9,1.362272283103684,1.362272283103684
NAR032919004,NAR,CJF_1qqqqqqqqqqqqqq,CJF,1qqqqqqqqqqqqqq,R,R-NAR032919004,9,1,0.5683977200164653,1.3494529364880141
NAR032919004,NAR,CJF_1qqqqqqqqqqqqqq,CJF,1qqqqqqqqqqqqqq,R,R-NAR032919004,9,2,0.692120160581202,1.3494529364880141
NAR032919004,NAR,CJF_1qqqqqqqqqqqqqq,CJF,1qqqqqqqqqqqqqq,R,R-NAR032919004,9,3,0.8054700974316653,1.3494529364880141
NAR032919004,NAR,CJF_1qqqqqqqqqqqqqq,CJF,1qqqqqqqqqqqqqq,R,R-NAR032919004,9,4,0.9064256928004338,1.3494529364880141
NAR032919004,NAR,CJF_1qqqqqqqqqqqqqq,CJF,1qqqqqqqqqqqqqq,R,R-NAR032919004,9,5,1.0095277266043814,1.3494529364880141
NAR032919004,NAR,CJF_1qqqqqqqqqqqqqq,CJF,1qqqqqqqqqqqqqq,R,R-NAR032919004,9,6,1.1181968710395633,1.3494529364880141
NAR032919004,NAR,CJF_1qqqqqqqqqqqqqq,CJF,1qqqqqqqqqqqqqq,R,R-NAR032919004,9,7,1.2015648162986745,1.3494529364880141
NAR032919004,NAR,CJF_1qqqqqqqqqqqqqq,CJF,1qqqqqqqqqqqqqq,R,R-NAR032919004,9,8,1.2988505381358721,1.3494529364880141
NAR032919004,NAR,CJF_1qqqqqqqqqqqqqq,CJF,1qqqqqqqqqqqqqq,R,R-NAR032919004,9,9,1.3494529364880141,1.3494529364880141
NAR032919004,NAR,CJF_2,CJF,2,R,R-NAR032919004,9,1,0.5004798737057128,1.3844564980960288
NAR032919004,NAR,CJF_2,CJF,2,R,R-NAR032919004,9,2,0.7079814739545514,1.3844564980960288
NAR032919004,NAR,CJF_2,CJF,2,R,R-NAR032919004,9,3,0.8256598807161364,1.3844564980960288
NAR032919004,NAR,CJF_2,CJF,2,R,R-NAR032919004,9,4,0.9215777728463814,1.3844564980960288
NAR032919004,NAR,CJF_2,CJF,2,R,R-NAR032919004,9,5,1.03264101506088,1.3844564980960288
NAR032919004,NAR,CJF_2,CJF,2,R,R-NAR032919004,9,6,1.131344029758054,1.3844564980960288
NAR032919004,NAR,CJF_2,CJF,2,R,R-NAR032919004,9,7,1.207766063919792,1.3844564980960288
NAR032919004,NAR,CJF_2,CJF,2,R,R-NAR032919004,9,8,1.3082092817706676,1.3844564980960288
NAR032919004,NAR,CJF_2,CJF,2,R,R-NAR032919004,9,9,1.3844564980960288,1.3844564980960288
NAR032919004,NAR,CJF_3,CJF,3,R,R-NAR032919004,9,1,0.4384044030138825,1.3677391986260632
NAR032919004,NAR,CJF_3,CJF,3,R,R-NAR032919004,9,2,0.6956842500677242,1.3677391986260632
NAR032919004,NAR,CJF_3,CJF,3,R,R-NAR032919004,9,3,0.8111099618959579,1.3677391986260632
NAR032919004,NAR,CJF_3,CJF,3,R,R-NAR032919004,9,4,0.9011781481271192,1.3677391986260632
NAR032919004,NAR,CJF_3,CJF,3,R,R-NAR032919004,9,5,1.0054073724033954,1.3677391986260632
NAR032919004,NAR,CJF_3,CJF,3,R,R-NAR032919004,9,6,1.108648413181952,1.3677391986260632
NAR032919004,NAR,CJF_3,CJF,3,R,R-NAR032919004,9,7,1.1932010699397193,1.3677391986260632
NAR032919004,NAR,CJF_3,CJF,3,R,R-NAR032919004,9,8,1.2888674999468586,1.3677391986260632
NAR032919004,NAR,CJF_3,CJF,3,R,R-NAR032919004,9,9,1.3677391986260632,1.3677391986260632
NAR032919004,NAR,JRS_1,JRS,1,R,R-NAR032919004,8,1,0.608707270332545,1.479153671356408
NAR032919004,NAR,JRS_1,JRS,1,R,R-NAR032919004,8,2,0.7778160002823122,1.479153671356408
NAR032919004,NAR,JRS_1,JRS,1,R,R-NAR032919004,8,3,0.9264732451101331,1.479153671356408
NAR032919004,NAR,JRS_1,JRS,1,R,R-NAR032919004,8,4,1.0085828907268544,1.479153671356408
NAR032919004,NAR,JRS_1,JRS,1,R,R-NAR032919004,8,5,1.0920244391634677,1.479153671356408
NAR032919004,NAR,JRS_1,JRS,1,R,R-NAR032919004,8,6,1.227193418097739,1.479153671356408
NAR032919004,NAR,JRS_1,JRS,1,R,R-NAR032919004,8,7,1.3235332073001902,1.479153671356408
NAR032919004,NAR,JRS_1,JRS,1,R,R-NAR032919004,8,8,1.409942266505524,1.479153671356408
NAR032919005,NAR,CJF_1,CJF,1,R,R-NAR032919005,4,1,0.3687071700213059,0.9586386420553954
NAR032919005,NAR,CJF_1,CJF,1,R,R-NAR032919005,4,2,0.657531396228357,0.9586386420553954
NAR032919005,NAR,CJF_1,CJF,1,R,R-NAR032919005,4,3,0.845436490030225,0.9586386420553954
NAR032919005,NAR,CJF_1,CJF,1,R,R-NAR032919005,4,4,0.9586386420553954,0.9586386420553954
NAR032919005,NAR,CJF_1qqqqqqqqqqqqqq,CJF,1qqqqqqqqqqqqqq,R,R-NAR032919005,4,1,0.40193246831763685,0.9723297415155612
NAR032919005,NAR,CJF_1qqqqqqqqqqqqqq,CJF,1qqqqqqqqqqqqqq,R,R-NAR032919005,4,2,0.6739040012795477,0.9723297415155612
NAR032919005,NAR,CJF_1qqqqqqqqqqqqqq,CJF,1qqqqqqqqqqqqqq,R,R-NAR032919005,4,3,0.8561846304901833,0.9723297415155612
NAR032919005,NAR,CJF_1qqqqqqqqqqqqqq,CJF,1qqqqqqqqqqqqqq,R,R-NAR032919005,4,4,0.9723297415155612,0.9723297415155612
NAR032919005,NAR,CJF_2,CJF,2,R,R-NAR032919005,4,1,0.3937844713140656,0.9660900018568038
NAR032919005,NAR,CJF_2,CJF,2,R,R-NAR032919005,4,2,0.6658247527820707,0.9660900018568038
NAR032919005,NAR,CJF_2,CJF,2,R,R-NAR032919005,4,3,0.8457108871908818,0.9660900018568038
NAR032919005,NAR,CJF_2,CJF,2,R,R-NAR032919005,4,4,0.9660900018568038,0.9660900018568038
NAR032919005,NAR,CJF_3,CJF,3,R,R-NAR032919005,4,1,0.3702045665861111,0.9447557710632839
NAR032919005,NAR,CJF_3,CJF,3,R,R-NAR032919005,4,2,0.6466018007016836,0.9447557710632839
NAR032919005,NAR,CJF_3,CJF,3,R,R-NAR032919005,4,3,0.8360700309616842,0.9447557710632839
NAR032919005,NAR,CJF_3,CJF,3,R,R-NAR032919005,4,4,0.9447557710632839,0.9447557710632839
NAR032919005,NAR,JRS_1,JRS,1,R,R-NAR032919005,3,1,0.47440358915093206,1.03149806918014
NAR032919005,NAR,JRS_1,JRS,1,R,R-NAR032919005,3,2,0.7448620617711039,1.03149806918014
NAR032919005,NAR,JRS_1,JRS,1,R,R-NAR032919005,3,3,0.9264986635805156,1.03149806918014
NAR032919006,NAR,CJF_1,CJF,1,R,R-NAR032919006,5,1,0.42433499127596297,1.0454327868842173
NAR032919006,NAR,CJF_1,CJF,1,R,R-NAR032919006,5,2,0.6949910373094155,1.0454327868842173
NAR032919006,NAR,CJF_1,CJF,1,R,R-NAR032919006,5,3,0.8309747687674883,1.0454327868842173
NAR032919006,NAR,CJF_1,CJF,1,R,R-NAR032919006,5,4,0.9648252192582001,1.0454327868842173
NAR032919006,NAR,CJF_1,CJF,1,R,R-NAR032919006,5,5,1.0454327868842173,1.0454327868842173
NAR032919006,NAR,CJF_2,CJF,2,R,R-NAR032919006,5,1,0.4570075657564931,1.0704085736902704
NAR032919006,NAR,CJF_2,CJF,2,R,R-NAR032919006,5,2,0.6890944193339914,1.0704085736902704
NAR032919006,NAR,CJF_2,CJF,2,R,R-NAR032919006,5,3,0.8512972090164154,1.0704085736902704
NAR032919006,NAR,CJF_2,CJF,2,R,R-NAR032919006,5,4,0.962018599280861,1.0704085736902704
NAR032919006,NAR,CJF_2,CJF,2,R,R-NAR032919006,5,5,1.0704085736902704,1.0704085736902704
NAR032919006,NAR,CJF_3,CJF,3,R,R-NAR032919006,5,1,0.39418317255399776,1.0179915054416429
NAR032919006,NAR,CJF_3,CJF,3,R,R-NAR032919006,5,2,0.626479545387171,1.0179915054416429
NAR032919006,NAR,CJF_3,CJF,3,R,R-NAR032919006,5,3,0.7941288016486295,1.0179915054416429
NAR032919006,NAR,CJF_3,CJF,3,R,R-NAR032919006,5,4,0.9162494603766405,1.0179915054416429
NAR032919006,NAR,CJF_3,CJF,3,R,R-NAR032919006,5,5,1.0179915054416429,1.0179915054416429
NAR032919006,NAR,JRS_1,JRS,1,R,R-NAR032919006,4,1,0.2681143976380025,0.6685976513261674
NAR032919006,NAR,JRS_1,JRS,1,R,R-NAR032919006,4,2,0.41206150682900144,0.6685976513261674
NAR032919006,NAR,JRS_1,JRS,1,R,R-NAR032919006,4,3,0.5228706046485863,0.6685976513261674
NAR032919006,NAR,JRS_1,JRS,1,R,R-NAR032919006,4,4,0.6183583849186842,0.6685976513261674
NAR032919007,NAR,CJF_1,CJF,1,R,R-NAR032919007,3,1,0.3616001537884339,0.6747452866028995
NAR032919007,NAR,CJF_1,CJF,1,R,R-NAR032919007,3,2,0.5607183309587045,0.6747452866028995
NAR032919007,NAR,CJF_1,CJF,1,R,R-NAR032919007,3,3,0.6747452866028995,0.6747452866028995
NAR032919007,NAR,CJF_2,CJF,2,R,R-NAR032919007,3,1,0.3508187647908714,0.6755111748698903
NAR032919007,NAR,CJF_2,CJF,2,R,R-NAR032919007,3,2,0.5490338570745688,0.6755111748698903
NAR032919007,NAR,CJF_2,CJF,2,R,R-NAR032919007,3,3,0.6755111748698903,0.6755111748698903
NAR032919007,NAR,CJF_3,CJF,3,R,R-NAR032919007,3,1,0.34595951392784735,0.6418587833145678
NAR032919007,NAR,CJF_3,CJF,3,R,R-NAR032919007,3,2,0.5512156497818269,0.6418587833145678
NAR032919007,NAR,CJF_3,CJF,3,R,R-NAR032919007,3,3,0.6418587833145678,0.6418587833145678
NAR032919007,NAR,JRS_1,JRS,1,R,R-NAR032919007,3,1,0.38284231983829353,0.7183818805423597
NAR032919007,NAR,JRS_1,JRS,1,R,R-NAR032919007,3,2,0.5081425476617949,0.7183818805423597
NAR032919007,NAR,JRS_1,JRS,1,R,R-NAR032919007,3,3,0.5946754290195857,0.7183818805423597
NAR032919008,NAR,CJF_1,CJF,1,R,R-NAR032919008,15,1,0.4982937248375428,1.7319924889406257
NAR032919008,NAR,CJF_1,CJF,1,R,R-NAR032919008,15,2,0.6913922529610832,1.7319924889406257
NAR032919008,NAR,CJF_1,CJF,1,R,R-NAR032919008,15,3,0.8347425830109285,1.7319924889406257
NAR032919008,NAR,CJF_1,CJF,1,R,R-NAR032919008,15,4,0.9569336065869873,1.7319924889406257
NAR032919008,NAR,CJF_1,CJF,1,R,R-NAR032919008,15,5,1.0564300027343798,1.7319924889406257
NAR032919008,NAR,CJF_1,CJF,1,R,R-NAR032919008,15,6,1.1468026403987595,1.7319924889406257
NAR032919008,NAR,CJF_1,CJF,1,R,R-NAR032919008,15,7,1.2114100087247064,1.7319924889406257
NAR032919008,NAR,CJF_1,CJF,1,R,R-NAR032919008,15,8,1.2907176949009005,1.7319924889406257
NAR032919008,NAR,CJF_1,CJF,1,R,R-NAR032919008,15,9,1.3511249724124914,1.7319924889406257
NAR032919008,NAR,CJF_1,CJF,1,R,R-NAR032919008,15,10,1.4071733067077214,1.7319924889406257
NAR032919008,NAR,CJF_1,CJF,1,R,R-NAR032919008,15,11,1.4733159959885507,1.7319924889406257
NAR032919008,NAR,CJF_1,CJF,1,R,R-NAR032919008,15,12,1.5394586852693801,1.7319924889406257
NAR032919008,NAR,CJF_1,CJF,1,R,R-NAR032919008,15,13,1.6023718802384401,1.7319924889406257
NAR032919008,NAR,CJF_1,CJF,1,R,R-NAR032919008,15,14,1.670614614926448,1.7319924889406257
NAR032919008,NAR,CJF_1,CJF,1,R,R-NAR032919008,15,15,1.7319924889406257,1.7319924889406257
NAR032919008,NAR,CJF_2,CJF,2,R,R-NAR032919008,15,1,0.4576355147532791,1.711425626722564
NAR032919008,NAR,CJF_2,CJF,2,R,R-NAR032919008,15,2,0.6590612960231788,1.711425626722564
NAR032919008,NAR,CJF_2,CJF,2,R,R-NAR032919008,15,3,0.81023731118635,1.711425626722564
NAR032919008,NAR,CJF_2,CJF,2,R,R-NAR032919008,15,4,0.9438099118417619,1.711425626722564
NAR032919008,NAR,CJF_2,CJF,2,R,R-NAR032919008,15,5,1.046229802117631,1.711425626722564
NAR032919008,NAR,CJF_2,CJF,2,R,R-NAR032919008,15,6,1.130299457276028,1.711425626722564
NAR032919008,NAR,CJF_2,CJF,2,R,R-NAR032919008,15,7,1.18727052069086,1.711425626722564
NAR032919008,NAR,CJF_2,CJF,2,R,R-NAR032919008,15,8,1.2821689424211244,1.711425626722564
NAR032919008,NAR,CJF_2,CJF,2,R,R-NAR032919008,15,9,1.3486351830717622,1.711425626722564
NAR032919008,NAR,CJF_2,CJF,2,R,R-NAR032919008,15,10,1.40288571718668,1.711425626722564
NAR032919008,NAR,CJF_2,CJF,2,R,R-NAR032919008,15,11,1.4496681333837806,1.711425626722564
NAR032919008,NAR,CJF_2,CJF,2,R,R-NAR032919008,15,12,1.5201884926703955,1.711425626722564
NAR032919008,NAR,CJF_2,CJF,2,R,R-NAR032919008,15,13,1.5839342040211182,1.711425626722564
NAR032919008,NAR,CJF_2,CJF,2,R,R-NAR032919008,15,14,1.6354642088361215,1.711425626722564
NAR032919008,NAR,CJF_2,CJF,2,R,R-NAR032919008,15,15,1.711425626722564,1.711425626722564
NAR032919008,NAR,CJF_3,CJF,3,R,R-NAR032919008,15,1,0.46069704581551274,1.7155542741406415
NAR032919008,NAR,CJF_3,CJF,3,R,R-NAR032919008,15,2,0.6792461700616355,1.7155542741406415
NAR032919008,NAR,CJF_3,CJF,3,R,R-NAR032919008,15,3,0.8212857508878894,1.7155542741406415
NAR032919008,NAR,CJF_3,CJF,3,R,R-NAR032919008,15,4,0.9340133829408077,1.7155542741406415
NAR032919008,NAR,CJF_3,CJF,3,R,R-NAR032919008,15,5,1.0409280653315425,1.7155542741406415
NAR032919008,NAR,CJF_3,CJF,3,R,R-NAR032919008,15,6,1.1158976216672332,1.7155542741406415
NAR032919008,NAR,CJF_3,CJF,3,R,R-NAR032919008,15,7,1.195040342368812,1.7155542741406415
NAR032919008,NAR,CJF_3,CJF,3,R,R-NAR032919008,15,8,1.2679233165215584,1.7155542741406415
NAR032919008,NAR,CJF_3,CJF,3,R,R-NAR032919008,15,9,1.3449794550401928,1.7155542741406415
NAR032919008,NAR,CJF_3,CJF,3,R,R-NAR032919008,15,10,1.3999767833197394,1.7155542741406415
NAR032919008,NAR,CJF_3,CJF,3,R,R-NAR032919008,15,11,1.4534341245151068,1.7155542741406415
NAR032919008,NAR,CJF_3,CJF,3,R,R-NAR032919008,15,12,1.5121578202738928,1.7155542741406415
NAR032919008,NAR,CJF_3,CJF,3,R,R-NAR032919008,15,13,1.573514693314388,1.7155542741406415
NAR032919008,NAR,CJF_3,CJF,3,R,R-NAR032919008,15,14,1.633778376157353,1.7155542741406415
NAR032919008,NAR,CJF_3,CJF,3,R,R-NAR032919008,15,15,1.7155542741406415,1.7155542741406415
NAR032919008,NAR,JRS_1,JRS,1,R,R-NAR032919008,15,1,0.47013510895022775,1.7198276741267629
NAR032919008,NAR,JRS_1,JRS,1,R,R-NAR032919008,15,2,0.5901304994639627,1.7198276741267629
NAR032919008,NAR,JRS_1,JRS,1,R,R-NAR032919008,15,3,0.6821057142104721,1.7198276741267629
NAR032919008,NAR,JRS_1,JRS,1,R,R-NAR032919008,15,4,0.8370231789049959,1.7198276741267629
NAR032919008,NAR,JRS_1,JRS,1,R,R-NAR032919008,15,5,0.9575249639343659,1.7198276741267629
NAR032919008,NAR,JRS_1,JRS,1,R,R-NAR032919008,15,6,1.0303136669870903,1.7198276741267629
NAR032919008,NAR,JRS_1,JRS,1,R,R-NAR032919008,15,7,1.1183315380111822,1.7198276741267629
NAR032919008,NAR,JRS_1,JRS,1,R,R-NAR032919008,15,8,1.1847247371659786,1.7198276741267629
NAR032919008,NAR,JRS_1,JRS,1,R,R-NAR032919008,15,9,1.271317237045831,1.7198276741267629
NAR032919008,NAR,JRS_1,JRS,1,R,R-NAR032919008,15,10,1.338216830716262,1.7198276741267629
NAR032919008,NAR,JRS_1,JRS,1,R,R-NAR032919008,15,11,1.3844107291460017,1.7198276741267629
NAR032919008,NAR,JRS_1,JRS,1,R,R-NAR032919008,15,12,1.4473529790940152,1.7198276741267629
NAR032919008,NAR,JRS_1,JRS,1,R,R-NAR032919008,15,13,1.5201416821467395,1.7198276741267629
NAR032919008,NAR,JRS_1,JRS,1,R,R-NAR032919008,15,14,1.5865348813015354,1.7198276741267629
NAR032919008,NAR,JRS_1,JRS,1,R,R-NAR032919008,15,15,1.660336373385531,1.7198276741267629
NAR032919009,NAR,CJF_1,CJF,1,R,R-NAR032919009,6,1,0.4769795030733781,1.2216375336172143
NAR032919009,NAR,CJF_1,CJF,1,R,R-NAR032919009,6,2,0.6918328496024462,1.2216375336172143
NAR032919009,NAR,CJF_1,CJF,1,R,R-NAR032919009,6,3,0.8335374003890508,1.2216375336172143
NAR032919009,NAR,CJF_1,CJF,1,R,R-NAR032919009,6,4,0.975607737030448,1.2216375336172143
NAR032919009,NAR,CJF_1,CJF,1,R,R-NAR032919009,6,5,1.0977771843551254,1.2216375336172143
NAR032919009,NAR,CJF_1,CJF,1,R,R-NAR032919009,6,6,1.2216375336172143,1.2216375336172143
NAR032919009,NAR,CJF_2,CJF,2,R,R-NAR032919009,6,1,0.4661882219651072,1.2164015658765102
NAR032919009,NAR,CJF_2,CJF,2,R,R-NAR032919009,6,2,0.6752982313070752,1.2164015658765102
NAR032919009,NAR,CJF_2,CJF,2,R,R-NAR032919009,6,3,0.8553629457374038,1.2164015658765102
NAR032919009,NAR,CJF_2,CJF,2,R,R-NAR032919009,6,4,0.971385404831561,1.2164015658765102
NAR032919009,NAR,CJF_2,CJF,2,R,R-NAR032919009,6,5,1.1241914627966656,1.2164015658765102
NAR032919009,NAR,CJF_2,CJF,2,R,R-NAR032919009,6,6,1.2164015658765102,1.2164015658765102
NAR032919009,NAR,CJF_3,CJF,3,R,R-NAR032919009,6,1,0.517578752105855,1.2416732745811445
NAR032919009,NAR,CJF_3,CJF,3,R,R-NAR032919009,6,2,0.7115578003595167,1.2416732745811445
NAR032919009,NAR,CJF_3,CJF,3,R,R-NAR032919009,6,3,0.8788714967215858,1.2416732745811445
NAR032919009,NAR,CJF_3,CJF,3,R,R-NAR032919009,6,4,1.016310983829941,1.2416732745811445
NAR032919009,NAR,CJF_3,CJF,3,R,R-NAR032919009,6,5,1.1364129838003543,1.2416732745811445
NAR032919009,NAR,CJF_3,CJF,3,R,R-NAR032919009,6,6,1.2416732745811445,1.2416732745811445
NAR032919009,NAR,JRS_1,JRS,1,R,R-NAR032919009,5,1,0.5428434357153297,1.2556803648257047
NAR032919009,NAR,JRS_1,JRS,1,R,R-NAR032919009,5,2,0.7601120004239349,1.2556803648257047
NAR032919009,NAR,JRS_1,JRS,1,R,R-NAR032919009,5,3,0.9105020302033409,1.2556803648257047
NAR032919009,NAR,JRS_1,JRS,1,R,R-NAR032919009,5,4,1.0542951004811176,1.2556803648257047
NAR032919009,NAR,JRS_1,JRS,1,R,R-NAR032919009,5,5,1.179046951810998,1.2556803648257047
NAR032919010,NAR,CJF_1,CJF,1,R,R-NAR032919010,13,1,0.49456166213571423,1.541041911958497
NAR032919010,NAR,CJF_1,CJF,1,R,R-NAR032919010,13,2,0.693918218753742,1.541041911958497
NAR032919010,NAR,CJF_1,CJF,1,R,R-NAR032919010,13,3,0.809293738588833,1.541041911958497
NAR032919010,NAR,CJF_1,CJF,1,R,R-NAR032919010,13,4,0.8989317433337473,1.541041911958497
NAR032919010,NAR,CJF_1,CJF,1,R,R-NAR032919010,13,5,1.012754627130152,1.541041911958497
NAR032919010,NAR,CJF_1,CJF,1,R,R-NAR032919010,13,6,1.0775417129262963,1.541041911958497
NAR032919010,NAR,CJF_1,CJF,1,R,R-NAR032919010,13,7,1.16307538574792,1.541041911958497
NAR032919010,NAR,CJF_1,CJF,1,R,R-NAR032919010,13,8,1.217102111812877,1.541041911958497
NAR032919010,NAR,CJF_1,CJF,1,R,R-NAR032919010,13,9,1.2736805337624404,1.541041911958497
NAR032919010,NAR,CJF_1,CJF,1,R,R-NAR032919010,13,10,1.3474547870069582,1.541041911958497
NAR032919010,NAR,CJF_1,CJF,1,R,R-NAR032919010,13,11,1.4253333721747667,1.541041911958497
NAR032919010,NAR,CJF_1,CJF,1,R,R-NAR032919010,13,12,1.4866821659448994,1.541041911958497
NAR032919010,NAR,CJF_1,CJF,1,R,R-NAR032919010,13,13,1.541041911958497,1.541041911958497
NAR032919010,NAR,CJF_2,CJF,2,R,R-NAR032919010,13,1,0.4911338884406701,1.538961086235383
NAR032919010,NAR,CJF_2,CJF,2,R,R-NAR032919010,13,2,0.6886997613835362,1.538961086235383
NAR032919010,NAR,CJF_2,CJF,2,R,R-NAR032919010,13,3,0.8254841302857079,1.538961086235383
NAR032919010,NAR,CJF_2,CJF,2,R,R-NAR032919010,13,4,0.9392665250272366,1.538961086235383
NAR032919010,NAR,CJF_2,CJF,2,R,R-NAR032919010,13,5,1.0100476679146613,1.538961086235383
NAR032919010,NAR,CJF_2,CJF,2,R,R-NAR032919010,13,6,1.0786617549164341,1.538961086235383
NAR032919010,NAR,CJF_2,CJF,2,R,R-NAR032919010,13,7,1.1728886770658757,1.538961086235383
NAR032919010,NAR,CJF_2,CJF,2,R,R-NAR032919010,13,8,1.2185007899070057,1.538961086235383
NAR032919010,NAR,CJF_2,CJF,2,R,R-NAR032919010,13,9,1.2792822939477004,1.538961086235383
NAR032919010,NAR,CJF_2,CJF,2,R,R-NAR032919010,13,10,1.350063436835125,1.538961086235383
NAR032919010,NAR,CJF_2,CJF,2,R,R-NAR032919010,13,11,1.4299566083665325,1.538961086235383
NAR032919010,NAR,CJF_2,CJF,2,R,R-NAR032919010,13,12,1.4942365835970013,1.538961086235383
NAR032919010,NAR,CJF_2,CJF,2,R,R-NAR032919010,13,13,1.538961086235383,1.538961086235383
NAR032919010,NAR,CJF_3,CJF,3,R,R-NAR032919010,13,1,0.4589447132008905,1.5243520831315291
NAR032919010,NAR,CJF_3,CJF,3,R,R-NAR032919010,13,2,0.6825623735865584,1.5243520831315291
NAR032919010,NAR,CJF_3,CJF,3,R,R-NAR032919010,13,3,0.8020349151549937,1.5243520831315291
NAR032919010,NAR,CJF_3,CJF,3,R,R-NAR032919010,13,4,0.8934620547630072,1.5243520831315291
NAR032919010,NAR,CJF_3,CJF,3,R,R-NAR032919010,13,5,0.9783438159419834,1.5243520831315291
NAR032919010,NAR,CJF_3,CJF,3,R,R-NAR032919010,13,6,1.0460891392089327,1.5243520831315291
NAR032919010,NAR,CJF_3,CJF,3,R,R-NAR032919010,13,7,1.137143501168091,1.5243520831315291
NAR032919010,NAR,CJF_3,CJF,3,R,R-NAR032919010,13,8,1.19360708273779,1.5243520831315291
NAR032919010,NAR,CJF_3,CJF,3,R,R-NAR032919010,13,9,1.2405979377710639,1.5243520831315291
NAR032919010,NAR,CJF_3,CJF,3,R,R-NAR032919010,13,10,1.329470506920543,1.5243520831315291
NAR032919010,NAR,CJF_3,CJF,3,R,R-NAR032919010,13,11,1.3815705028708842,1.5243520831315291
NAR032919010,NAR,CJF_3,CJF,3,R,R-NAR032919010,13,12,1.458788552674259,1.5243520831315291
NAR032919010,NAR,CJF_3,CJF,3,R,R-NAR032919010,13,13,1.5243520831315291,1.5243520831315291
NAR032919010,NAR,JRS_1,JRS,1,R,R-NAR032919010,11,1,0.4436458543385694,1.497469316383844
NAR032919010,NAR,JRS_1,JRS,1,R,R-NAR032919010,11,2,0.6386097132266891,1.497469316383844
NAR032919010,NAR,JRS_1,JRS,1,R,R-NAR032919010,11,3,0.7599220716955125,1.497469316383844
NAR032919010,NAR,JRS_1,JRS,1,R,R-NAR032919010,11,4,0.8524500189806401,1.497469316383844
NAR032919010,NAR,JRS_1,JRS,1,R,R-NAR032919010,11,5,0.9386858173104909,1.497469316383844
NAR032919010,NAR,JRS_1,JRS,1,R,R-NAR032919010,11,6,1.0313311998168557,1.497469316383844
NAR032919010,NAR,JRS_1,JRS,1,R,R-NAR032919010,11,7,1.0918112262194115,1.497469316383844
NAR032919010,NAR,JRS_1,JRS,1,R,R-NAR032919010,11,8,1.1461165388879275,1.497469316383844
NAR032919010,NAR,JRS_1,JRS,1,R,R-NAR032919010,11,9,1.232352337217778,1.497469316383844
NAR032919010,NAR,JRS_1,JRS,1,R,R-NAR032919010,11,10,1.3028577631594358,1.497469316383844
NAR032919010,NAR,JRS_1,JRS,1,R,R-NAR032919010,11,11,1.401912729842315,1.497469316383844
NAR032919011,NAR,CJF_1,CJF,1,R,R-NAR032919011,13,1,0.5032210921434881,1.544493554301163
NAR032919011,NAR,CJF_1,CJF,1,R,R-NAR032919011,13,2,0.7303450134932259,1.544493554301163
NAR032919011,NAR,CJF_1,CJF,1,R,R-NAR032919011,13,3,0.8338978118876312,1.544493554301163
NAR032919011,NAR,CJF_1,CJF,1,R,R-NAR032919011,13,4,0.9150327161897687,1.544493554301163
NAR032919011,NAR,CJF_1,CJF,1,R,R-NAR032919011,13,5,0.9698122292677726,1.544493554301163
NAR032919011,NAR,CJF_1,CJF,1,R,R-NAR032919011,13,6,1.0659590510072925,1.544493554301163
NAR032919011,NAR,CJF_1,CJF,1,R,R-NAR032919011,13,7,1.1281445407401824,1.544493554301163
NAR032919011,NAR,CJF_1,CJF,1,R,R-NAR032919011,13,8,1.2385034234066379,1.544493554301163
NAR032919011,NAR,CJF_1,CJF,1,R,R-NAR032919011,13,9,1.2980202901269542,1.544493554301163
NAR032919011,NAR,CJF_1,CJF,1,R,R-NAR032919011,13,10,1.34846237781787,1.544493554301163
NAR032919011,NAR,CJF_1,CJF,1,R,R-NAR032919011,13,11,1.4182538083332568,1.544493554301163
NAR032919011,NAR,CJF_1,CJF,1,R,R-NAR032919011,13,12,1.4847767234532354,1.544493554301163
NAR032919011,NAR,CJF_1,CJF,1,R,R-NAR032919011,13,13,1.544493554301163,1.544493554301163
NAR032919011,NAR,CJF_2,CJF,2,R,R-NAR032919011,14,1,0.4834023648723791,1.5324415072133521
NAR032919011,NAR,CJF_2,CJF,2,R,R-NAR032919011,14,2,0.6994603980908743,1.5324415072133521
NAR032919011,NAR,CJF_2,CJF,2,R,R-NAR032919011,14,3,0.8033068340850027,1.5324415072133521
NAR032919011,NAR,CJF_2,CJF,2,R,R-NAR032919011,14,4,0.8816304752764579,1.5324415072133521
NAR032919011,NAR,CJF_2,CJF,2,R,R-NAR032919011,14,5,0.9619852295679622,1.5324415072133521
NAR032919011,NAR,CJF_2,CJF,2,R,R-NAR032919011,14,6,1.0372175740919916,1.5324415072133521
NAR032919011,NAR,CJF_2,CJF,2,R,R-NAR032919011,14,7,1.1004768955717004,1.5324415072133521
NAR032919011,NAR,CJF_2,CJF,2,R,R-NAR032919011,14,8,1.153642852311798,1.5324415072133521
NAR032919011,NAR,CJF_2,CJF,2,R,R-NAR032919011,14,9,1.2117797640240313,1.5324415072133521
NAR032919011,NAR,CJF_2,CJF,2,R,R-NAR032919011,14,10,1.27503908550374,1.5324415072133521
NAR032919011,NAR,CJF_2,CJF,2,R,R-NAR032919011,14,11,1.3334789068066524,1.5324415072133521
NAR032919011,NAR,CJF_2,CJF,2,R,R-NAR032919011,14,12,1.413530751507478,1.5324415072133521
NAR032919011,NAR,CJF_2,CJF,2,R,R-NAR032919011,14,13,1.4694850953243226,1.5324415072133521
NAR032919011,NAR,CJF_2,CJF,2,R,R-NAR032919011,14,14,1.5324415072133521,1.5324415072133521
NAR032919011,NAR,CJF_3,CJF,3,R,R-NAR032919011,14,1,0.3905340711384999,1.4010724234154806
NAR032919011,NAR,CJF_3,CJF,3,R,R-NAR032919011,14,2,0.5962708349063921,1.4010724234154806
NAR032919011,NAR,CJF_3,CJF,3,R,R-NAR032919011,14,3,0.7005038543837717,1.4010724234154806
NAR032919011,NAR,CJF_3,CJF,3,R,R-NAR032919011,14,4,0.778597725681884,1.4010724234154806
NAR032919011,NAR,CJF_3,CJF,3,R,R-NAR032919011,14,5,0.8471982184871606,1.4010724234154806
NAR032919011,NAR,CJF_3,CJF,3,R,R-NAR032919011,14,6,0.9181396985916772,1.4010724234154806
NAR032919011,NAR,CJF_3,CJF,3,R,R-NAR032919011,14,7,0.9749058256048784,1.4010724234154806
NAR032919011,NAR,CJF_3,CJF,3,R,R-NAR032919011,14,8,1.0388890584596124,1.4010724234154806
NAR032919011,NAR,CJF_3,CJF,3,R,R-NAR032919011,14,9,1.0909732108743335,1.4010724234154806
NAR032919011,NAR,CJF_3,CJF,3,R,R-NAR032919011,14,10,1.1501450398347122,1.4010724234154806
NAR032919011,NAR,CJF_3,CJF,3,R,R-NAR032919011,14,11,1.2069758814958509,1.4010724234154806
NAR032919011,NAR,CJF_3,CJF,3,R,R-NAR032919011,14,12,1.2944984166388611,1.4010724234154806
NAR032919011,NAR,CJF_3,CJF,3,R,R-NAR032919011,14,13,1.3417711651592261,1.4010724234154806
NAR032919011,NAR,CJF_3,CJF,3,R,R-NAR032919011,14,14,1.4010724234154806,1.4010724234154806
NAR032919011,NAR,JRS_1,JRS,1,R,R-NAR032919011,13,1,0.42473140442025026,1.5821357204851096
NAR032919011,NAR,JRS_1,JRS,1,R,R-NAR032919011,13,2,0.5798963976868352,1.5821357204851096
NAR032919011,NAR,JRS_1,JRS,1,R,R-NAR032919011,13,3,0.7782134456417361,1.5821357204851096
NAR032919011,NAR,JRS_1,JRS,1,R,R-NAR032919011,13,4,0.8768218867249246,1.5821357204851096
NAR032919011,NAR,JRS_1,JRS,1,R,R-NAR032919011,13,5,0.9596373510042203,1.5821357204851096
NAR032919011,NAR,JRS_1,JRS,1,R,R-NAR032919011,13,6,1.0424528152835164,1.5821357204851096
NAR032919011,NAR,JRS_1,JRS,1,R,R-NAR032919011,13,7,1.1008477638814627,1.5821357204851096
NAR032919011,NAR,JRS_1,JRS,1,R,R-NAR032919011,13,8,1.1742974586572754,1.5821357204851096
NAR032919011,NAR,JRS_1,JRS,1,R,R-NAR032919011,13,9,1.2426082596529668,1.5821357204851096
NAR032919011,NAR,JRS_1,JRS,1,R,R-NAR032919011,13,10,1.2881487936500942,1.5821357204851096
NAR032919011,NAR,JRS_1,JRS,1,R,R-NAR032919011,13,11,1.3353395763300078,1.5821357204851096
NAR032919011,NAR,JRS_1,JRS,1,R,R-NAR032919011,13,12,1.3889575663103306,1.5821357204851096
NAR032919011,NAR,JRS_1,JRS,1,R,R-NAR032919011,13,13,1.4677343025980292,1.5821357204851096
NAR032919012,NAR,CJF_1,CJF,1,R,R-NAR032919012,6,1,0.5022000062334943,1.116631470457937
NAR032919012,NAR,CJF_1,CJF,1,R,R-NAR032919012,6,2,0.6687070430515789,1.116631470457937
NAR032919012,NAR,CJF_1,CJF,1,R,R-NAR032919012,6,3,0.8111510453126911,1.116631470457937
NAR032919012,NAR,CJF_1,CJF,1,R,R-NAR032919012,6,4,0.9266904582910567,1.116631470457937
NAR032919012,NAR,CJF_1,CJF,1,R,R-NAR032919012,6,5,1.0321433473606374,1.116631470457937
NAR032919012,NAR,CJF_1,CJF,1,R,R-NAR032919012,6,6,1.116631470457937,1.116631470457937
NAR032919012,NAR,CJF_2,CJF,2,R,R-NAR032919012,6,1,0.5838064730324151,1.2344413775571506
NAR032919012,NAR,CJF_2,CJF,2,R,R-NAR032919012,6,2,0.7555220844518502,1.2344413775571506
NAR032919012,NAR,CJF_2,CJF,2,R,R-NAR032919012,6,3,0.8843486086160909,1.2344413775571506
NAR032919012,NAR,CJF_2,CJF,2,R,R-NAR032919012,6,4,1.001311635594207,1.2344413775571506
NAR032919012,NAR,CJF_2,CJF,2,R,R-NAR032919012,6,5,1.1370120557255141,1.2344413775571506
NAR032919012,NAR,CJF_2,CJF,2,R,R-NAR032919012,6,6,1.2344413775571506,1.2344413775571506
NAR032919012,NAR,CJF_3,CJF,3,R,R-NAR032919012,6,1,0.4646024941118911,1.0899030927605609
NAR032919012,NAR,CJF_3,CJF,3,R,R-NAR032919012,6,2,0.6404028005947602,1.0899030927605609
NAR032919012,NAR,CJF_3,CJF,3,R,R-NAR032919012,6,3,0.7679039818125345,1.0899030927605609
NAR032919012,NAR,CJF_3,CJF,3,R,R-NAR032919012,6,4,0.8931699778321194,1.0899030927605609
NAR032919012,NAR,CJF_3,CJF,3,R,R-NAR032919012,6,5,1.0033925793388414,1.0899030927605609
NAR032919012,NAR,CJF_3,CJF,3,R,R-NAR032919012,6,6,1.0899030927605609,1.0899030927605609
NAR032919012,NAR,JRS_1,JRS,1,R,R-NAR032919012,5,1,0.12153845059371073,0.6211106791343177
NAR032919012,NAR,JRS_1,JRS,1,R,R-NAR032919012,5,2,0.24153352055316057,0.6211106791343177
NAR032919012,NAR,JRS_1,JRS,1,R,R-NAR032919012,5,3,0.3619144356711814,0.6211106791343177
NAR032919012,NAR,JRS_1,JRS,1,R,R-NAR032919012,5,4,0.4469699049692474,0.6211106791343177
NAR032919012,NAR,JRS_1,JRS,1,R,R-NAR032919012,5,5,0.5276096935398241,0.6211106791343177
NAR032919013,NAR,CJF_1,CJF,1,R,R-NAR032919013,11,1,0.42299825452128986,1.2876188054284585
NAR032919013,NAR,CJF_1,CJF,1,R,R-NAR032919013,11,2,0.6054401928773298,1.2876188054284585
NAR032919013,NAR,CJF_1,CJF,1,R,R-NAR032919013,11,3,0.740292990360338,1.2876188054284585
NAR032919013,NAR,CJF_1,CJF,1,R,R-NAR032919013,11,4,0.8177174341751768,1.2876188054284585
NAR032919013,NAR,CJF_1,CJF,1,R,R-NAR032919013,11,5,0.9065818137809126,1.2876188054284585
NAR032919013,NAR,CJF_1,CJF,1,R,R-NAR032919013,11,6,0.987804737885599,1.2876188054284585
NAR032919013,NAR,CJF_1,CJF,1,R,R-NAR032919013,11,7,1.0344791799039113,1.2876188054284585
NAR032919013,NAR,CJF_1,CJF,1,R,R-NAR032919013,11,8,1.1096613715033057,1.2876188054284585
NAR032919013,NAR,CJF_1,CJF,1,R,R-NAR032919013,11,9,1.1729462778844422,1.2876188054284585
NAR032919013,NAR,CJF_1,CJF,1,R,R-NAR032919013,11,10,1.2478997947701578,1.2876188054284585
NAR032919013,NAR,CJF_1,CJF,1,R,R-NAR032919013,11,11,1.2876188054284585,1.2876188054284585
NAR032919013,NAR,CJF_2,CJF,2,R,R-NAR032919013,11,1,0.42449565662128635,1.2950610472460207
NAR032919013,NAR,CJF_2,CJF,2,R,R-NAR032919013,11,2,0.6180024286057626,1.2950610472460207
NAR032919013,NAR,CJF_2,CJF,2,R,R-NAR032919013,11,3,0.7389549152613304,1.2950610472460207
NAR032919013,NAR,CJF_2,CJF,2,R,R-NAR032919013,11,4,0.8546573553545624,1.2950610472460207
NAR032919013,NAR,CJF_2,CJF,2,R,R-NAR032919013,11,5,0.9090515610207023,1.2950610472460207
NAR032919013,NAR,CJF_2,CJF,2,R,R-NAR032919013,11,6,0.9776898197583999,1.2950610472460207
NAR032919013,NAR,CJF_2,CJF,2,R,R-NAR032919013,11,7,1.0537441361288653,1.2950610472460207
NAR032919013,NAR,CJF_2,CJF,2,R,R-NAR032919013,11,8,1.1180503727256963,1.2950610472460207
NAR032919013,NAR,CJF_2,CJF,2,R,R-NAR032919013,11,9,1.1767766005327016,1.2950610472460207
NAR032919013,NAR,CJF_2,CJF,2,R,R-NAR032919013,11,10,1.2501628769609177,1.2950610472460207
NAR032919013,NAR,CJF_2,CJF,2,R,R-NAR032919013,11,11,1.2950610472460207,1.2950610472460207
NAR032919013,NAR,CJF_3,CJF,3,R,R-NAR032919013,11,1,0.43486320109768867,1.2975048458130776
NAR032919013,NAR,CJF_3,CJF,3,R,R-NAR032919013,11,2,0.6294177381273187,1.2975048458130776
NAR032919013,NAR,CJF_3,CJF,3,R,R-NAR032919013,11,3,0.7435137823995003,1.2975048458130776
NAR032919013,NAR,CJF_3,CJF,3,R,R-NAR032919013,11,4,0.8449447975306308,1.2975048458130776
NAR032919013,NAR,CJF_3,CJF,3,R,R-NAR032919013,11,5,0.9312653120154261,1.2975048458130776
NAR032919013,NAR,CJF_3,CJF,3,R,R-NAR032919013,11,6,0.985860339388628,1.2975048458130776
NAR032919013,NAR,CJF_3,CJF,3,R,R-NAR032919013,11,7,1.0469916706244626,1.2975048458130776
NAR032919013,NAR,CJF_3,CJF,3,R,R-NAR032919013,11,8,1.1115245055671483,1.2975048458130776
NAR032919013,NAR,CJF_3,CJF,3,R,R-NAR032919013,11,9,1.1770133727114056,1.2975048458130776
NAR032919013,NAR,CJF_3,CJF,3,R,R-NAR032919013,11,10,1.2476749329325116,1.2975048458130776
NAR032919013,NAR,CJF_3,CJF,3,R,R-NAR032919013,11,11,1.2975048458130776,1.2975048458130776
NAR032919013,NAR,JRS_1,JRS,1,R,R-NAR032919013,10,1,0.20361750005518858,0.7261687279630709
NAR032919013,NAR,JRS_1,JRS,1,R,R-NAR032919013,10,2,0.287477663682674,0.7261687279630709
NAR032919013,NAR,JRS_1,JRS,1,R,R-NAR032919013,10,3,0.348886748320073,0.7261687279630709
NAR032919013,NAR,JRS_1,JRS,1,R,R-NAR032919013,10,4,0.4059094697690874,0.7261687279630709
NAR032919013,NAR,JRS_1,JRS,1,R,R-NAR032919013,10,5,0.456236517033942,0.7261687279630709
NAR032919013,NAR,JRS_1,JRS,1,R,R-NAR032919013,10,6,0.497790837922025,0.7261687279630709
NAR032919013,NAR,JRS_1,JRS,1,R,R-NAR032919013,10,7,0.5318432173328064,0.7261687279630709
NAR032919013,NAR,JRS_1,JRS,1,R,R-NAR032919013,10,8,0.5855181016897403,0.7261687279630709
NAR032919013,NAR,JRS_1,JRS,1,R,R-NAR032919013,10,9,0.6270724225778219,0.7261687279630709
NAR032919013,NAR,JRS_1,JRS,1,R,R-NAR032919013,10,10,0.6670689543214463,0.7261687279630709
NAR032919014,NAR,CJF_1,CJF,1,R,R-NAR032919014,13,1,0.4527664932190657,1.4407092943961666
NAR032919014,NAR,CJF_1,CJF,1,R,R-NAR032919014,13,2,0.64174071908187,1.4407092943961666
NAR032919014,NAR,CJF_1,CJF,1,R,R-NAR032919014,13,3,0.7447926637227513,1.4407092943961666
NAR032919014,NAR,CJF_1,CJF,1,R,R-NAR032919014,13,4,0.8427657923256604,1.4407092943961666
NAR032919014,NAR,CJF_1,CJF,1,R,R-NAR032919014,13,5,0.9492773018266024,1.4407092943961666
NAR032919014,NAR,CJF_1,CJF,1,R,R-NAR032919014,13,6,1.001276577973303,1.4407092943961666
NAR032919014,NAR,CJF_1,CJF,1,R,R-NAR032919014,13,7,1.0696799723906816,1.4407092943961666
NAR032919014,NAR,CJF_1,CJF,1,R,R-NAR032919014,13,8,1.1313323979692842,1.4407092943961666
NAR032919014,NAR,CJF_1,CJF,1,R,R-NAR032919014,13,9,1.1964443884079483,1.4407092943961666
NAR032919014,NAR,CJF_1,CJF,1,R,R-NAR032919014,13,10,1.2490010488215835,1.4407092943961666
NAR032919014,NAR,CJF_1,CJF,1,R,R-NAR032919014,13,11,1.324880957226018,1.4407092943961666
NAR032919014,NAR,CJF_1,CJF,1,R,R-NAR032919014,13,12,1.3899929476646817,1.4407092943961666
NAR032919014,NAR,CJF_1,CJF,1,R,R-NAR032919014,13,13,1.4407092943961666,1.4407092943961666
NAR032919014,NAR,CJF_2,CJF,2,R,R-NAR032919014,14,1,0.4181563918685576,1.497050076268292
NAR032919014,NAR,CJF_2,CJF,2,R,R-NAR032919014,14,2,0.5215289739700688,1.497050076268292
NAR032919014,NAR,CJF_2,CJF,2,R,R-NAR032919014,14,3,0.6575751128385816,1.497050076268292
NAR032919014,NAR,CJF_2,CJF,2,R,R-NAR032919014,14,4,0.7989996009263862,1.497050076268292
NAR032919014,NAR,CJF_2,CJF,2,R,R-NAR032919014,14,5,0.8701396376603515,1.497050076268292
NAR032919014,NAR,CJF_2,CJF,2,R,R-NAR032919014,14,6,0.9687557315135765,1.497050076268292
NAR032919014,NAR,CJF_2,CJF,2,R,R-NAR032919014,14,7,1.041165927608337,1.497050076268292
NAR032919014,NAR,CJF_2,CJF,2,R,R-NAR032919014,14,8,1.1127205383229721,1.497050076268292
NAR032919014,NAR,CJF_2,CJF,2,R,R-NAR032919014,14,9,1.1807888201501155,1.497050076268292
NAR032919014,NAR,CJF_2,CJF,2,R,R-NAR032919014,14,10,1.2329029038909343,1.497050076268292
NAR032919014,NAR,CJF_2,CJF,2,R,R-NAR032919014,14,11,1.3102768752243168,1.497050076268292
NAR032919014,NAR,CJF_2,CJF,2,R,R-NAR032919014,14,12,1.363336969131035,1.497050076268292
NAR032919014,NAR,CJF_2,CJF,2,R,R-NAR032919014,14,13,1.421153551286041,1.497050076268292
NAR032919014,NAR,CJF_2,CJF,2,R,R-NAR032919014,14,14,1.497050076268292,1.497050076268292
NAR032919014,NAR,CJF_3,CJF,3,R,R-NAR032919014,13,1,0.4367972554975487,1.418089537900627
NAR032919014,NAR,CJF_3,CJF,3,R,R-NAR032919014,13,2,0.5984712442442728,1.418089537900627
NAR032919014,NAR,CJF_3,CJF,3,R,R-NAR032919014,13,3,0.7248635703928662,1.418089537900627
NAR032919014,NAR,CJF_3,CJF,3,R,R-NAR032919014,13,4,0.8152717516489645,1.418089537900627
NAR032919014,NAR,CJF_3,CJF,3,R,R-NAR032919014,13,5,0.9029315112417555,1.418089537900627
NAR032919014,NAR,CJF_3,CJF,3,R,R-NAR032919014,13,6,0.9628523909319717,1.418089537900627
NAR032919014,NAR,CJF_3,CJF,3,R,R-NAR032919014,13,7,1.0258729334326766,1.418089537900627
NAR032919014,NAR,CJF_3,CJF,3,R,R-NAR032919014,13,8,1.077548548132973,1.418089537900627
NAR032919014,NAR,CJF_3,CJF,3,R,R-NAR032919014,13,9,1.1538633799253541,1.418089537900627
NAR032919014,NAR,CJF_3,CJF,3,R,R-NAR032919014,13,10,1.2157336211068348,1.418089537900627
NAR032919014,NAR,CJF_3,CJF,3,R,R-NAR032919014,13,11,1.2846022480813366,1.418089537900627
NAR032919014,NAR,CJF_3,CJF,3,R,R-NAR032919014,13,12,1.34292500742747,1.418089537900627
NAR032919014,NAR,CJF_3,CJF,3,R,R-NAR032919014,13,13,1.418089537900627,1.418089537900627
NAR032919014,NAR,JRS_1,JRS,1,R,R-NAR032919014,13,1,0.4117422789192307,1.4872024284246745
NAR032919014,NAR,JRS_1,JRS,1,R,R-NAR032919014,13,2,0.5310097361906663,1.4872024284246745
NAR032919014,NAR,JRS_1,JRS,1,R,R-NAR032919014,13,3,0.6858285007561484,1.4872024284246745
NAR032919014,NAR,JRS_1,JRS,1,R,R-NAR032919014,13,4,0.811373192620817,1.4872024284246745
NAR032919014,NAR,JRS_1,JRS,1,R,R-NAR032919014,13,5,0.8841448035054429,1.4872024284246745
NAR032919014,NAR,JRS_1,JRS,1,R,R-NAR032919014,13,6,0.9934129958245866,1.4872024284246745
NAR032919014,NAR,JRS_1,JRS,1,R,R-NAR032919014,13,7,1.059907372115979,1.4872024284246745
NAR032919014,NAR,JRS_1,JRS,1,R,R-NAR032919014,13,8,1.1189576876892555,1.4872024284246745
NAR032919014,NAR,JRS_1,JRS,1,R,R-NAR032919014,13,9,1.1980065331671148,1.4872024284246745
NAR032919014,NAR,JRS_1,JRS,1,R,R-NAR032919014,13,10,1.2356699407265157,1.4872024284246745
NAR032919014,NAR,JRS_1,JRS,1,R,R-NAR032919014,13,11,1.300997490893025,1.4872024284246745
NAR032919014,NAR,JRS_1,JRS,1,R,R-NAR032919014,13,12,1.3816562664645882,1.4872024284246745
NAR032919014,NAR,JRS_1,JRS,1,R,R-NAR032919014,13,13,1.4381513778036896,1.4872024284246745
NAR032919015,NAR,CJF_1,CJF,1,R,R-NAR032919015,15,1,0.4518304145706147,1.657897842460536
NAR032919015,NAR,CJF_1,CJF,1,R,R-NAR032919015,15,2,0.6659300277099649,1.657897842460536
NAR032919015,NAR,CJF_1,CJF,1,R,R-NAR032919015,15,3,0.7755313263392617,1.657897842460536
NAR032919015,NAR,CJF_1,CJF,1,R,R-NAR032919015,15,4,0.9094076636234594,1.657897842460536
NAR032919015,NAR,CJF_1,CJF,1,R,R-NAR032919015,15,5,0.9713173520936056,1.657897842460536
NAR032919015,NAR,CJF_1,CJF,1,R,R-NAR032919015,15,6,1.0450426347097088,1.657897842460536
NAR032919015,NAR,CJF_1,CJF,1,R,R-NAR032919015,15,7,1.1160018084785268,1.657897842460536
NAR032919015,NAR,CJF_1,CJF,1,R,R-NAR032919015,15,8,1.1957958507583555,1.657897842460536
NAR032919015,NAR,CJF_1,CJF,1,R,R-NAR032919015,15,9,1.2740458760237938,1.657897842460536
NAR032919015,NAR,CJF_1,CJF,1,R,R-NAR032919015,15,10,1.3356336393124462,1.657897842460536
NAR032919015,NAR,CJF_1,CJF,1,R,R-NAR032919015,15,11,1.394562602147646,1.657897842460536
NAR032919015,NAR,CJF_1,CJF,1,R,R-NAR032919015,15,12,1.46674386774936,1.657897842460536
NAR032919015,NAR,CJF_1,CJF,1,R,R-NAR032919015,15,13,1.5466452184230193,1.657897842460536
NAR032919015,NAR,CJF_1,CJF,1,R,R-NAR032919015,15,14,1.606688964697282,1.657897842460536
NAR032919015,NAR,CJF_1,CJF,1,R,R-NAR032919015,15,15,1.657897842460536,1.657897842460536
NAR032919015,NAR,CJF_2,CJF,2,R,R-NAR032919015,15,1,0.4691542356210949,1.6528879971427501
NAR032919015,NAR,CJF_2,CJF,2,R,R-NAR032919015,15,2,0.6460823027261481,1.6528879971427501
NAR032919015,NAR,CJF_2,CJF,2,R,R-NAR032919015,15,3,0.7907421237669385,1.6528879971427501
NAR032919015,NAR,CJF_2,CJF,2,R,R-NAR032919015,15,4,0.8790833700561383,1.6528879971427501
NAR032919015,NAR,CJF_2,CJF,2,R,R-NAR032919015,15,5,0.9689085763784013,1.6528879971427501
NAR032919015,NAR,CJF_2,CJF,2,R,R-NAR032919015,15,6,1.0390125468492015,1.6528879971427501
NAR032919015,NAR,CJF_2,CJF,2,R,R-NAR032919015,15,7,1.11820445841337,1.6528879971427501
NAR032919015,NAR,CJF_2,CJF,2,R,R-NAR032919015,15,8,1.1791590941591383,1.6528879971427501
NAR032919015,NAR,CJF_2,CJF,2,R,R-NAR032919015,15,9,1.2462337509321486,1.6528879971427501
NAR032919015,NAR,CJF_2,CJF,2,R,R-NAR032919015,15,10,1.3040362857168026,1.6528879971427501
NAR032919015,NAR,CJF_2,CJF,2,R,R-NAR032919015,15,11,1.3741402561876024,1.6528879971427501
NAR032919015,NAR,CJF_2,CJF,2,R,R-NAR032919015,15,12,1.4427602666253387,1.6528879971427501
NAR032919015,NAR,CJF_2,CJF,2,R,R-NAR032919015,15,13,1.5158321571622648,1.6528879971427501
NAR032919015,NAR,CJF_2,CJF,2,R,R-NAR032919015,15,14,1.5798161066058232,1.6528879971427501
NAR032919015,NAR,CJF_2,CJF,2,R,R-NAR032919015,15,15,1.6528879971427501,1.6528879971427501
NAR032919015,NAR,CJF_3,CJF,3,R,R-NAR032919015,16,1,0.5242104755302152,1.7184389735549963
NAR032919015,NAR,CJF_3,CJF,3,R,R-NAR032919015,16,2,0.6538018066023189,1.7184389735549963
NAR032919015,NAR,CJF_3,CJF,3,R,R-NAR032919015,16,3,0.739566881402941,1.7184389735549963
NAR032919015,NAR,CJF_3,CJF,3,R,R-NAR032919015,16,4,0.8540339544522744,1.7184389735549963
NAR032919015,NAR,CJF_3,CJF,3,R,R-NAR032919015,16,5,0.9580163228693236,1.7184389735549963
NAR032919015,NAR,CJF_3,CJF,3,R,R-NAR032919015,16,6,1.0392554842612978,1.7184389735549963
NAR032919015,NAR,CJF_3,CJF,3,R,R-NAR032919015,16,7,1.1131029766146447,1.7184389735549963
NAR032919015,NAR,CJF_3,CJF,3,R,R-NAR032919015,16,8,1.1899298645798095,1.7184389735549963
NAR032919015,NAR,CJF_3,CJF,3,R,R-NAR032919015,16,9,1.2622308391363273,1.7184389735549963
NAR032919015,NAR,CJF_3,CJF,3,R,R-NAR032919015,16,10,1.331438778099189,1.7184389735549963
NAR032919015,NAR,CJF_3,CJF,3,R,R-NAR032919015,16,11,1.3840895812242895,1.7184389735549963
NAR032919015,NAR,CJF_3,CJF,3,R,R-NAR032919015,16,12,1.4549576779658173,1.7184389735549963
NAR032919015,NAR,CJF_3,CJF,3,R,R-NAR032919015,16,13,1.5331038037641351,1.7184389735549963
NAR032919015,NAR,CJF_3,CJF,3,R,R-NAR032919015,16,14,1.5964665914851963,1.7184389735549963
NAR032919015,NAR,CJF_3,CJF,3,R,R-NAR032919015,16,15,1.6462516389803161,1.7184389735549963
NAR032919015,NAR,CJF_3,CJF,3,R,R-NAR032919015,16,16,1.7184389735549963,1.7184389735549963
NAR032919015,NAR,JRS_1,JRS,1,R,R-NAR032919015,15,1,0.35112884609793116,1.6626126427033885
NAR032919015,NAR,JRS_1,JRS,1,R,R-NAR032919015,15,2,0.4716192601858661,1.6626126427033885
NAR032919015,NAR,JRS_1,JRS,1,R,R-NAR032919015,15,3,0.6125360137553642,1.6626126427033885
NAR032919015,NAR,JRS_1,JRS,1,R,R-NAR032919015,15,4,0.8033555782029577,1.6626126427033885
NAR032919015,NAR,JRS_1,JRS,1,R,R-NAR032919015,15,5,0.9091598753785256,1.6626126427033885
NAR032919015,NAR,JRS_1,JRS,1,R,R-NAR032919015,15,6,0.9691466295723108,1.6626126427033885
NAR032919015,NAR,JRS_1,JRS,1,R,R-NAR032919015,15,7,1.0293918366162789,1.6626126427033885
NAR032919015,NAR,JRS_1,JRS,1,R,R-NAR032919015,15,8,1.1302312697731924,1.6626126427033885
NAR032919015,NAR,JRS_1,JRS,1,R,R-NAR032919015,15,9,1.2204698539140542,1.6626126427033885
NAR032919015,NAR,JRS_1,JRS,1,R,R-NAR032919015,15,10,1.2790601062851377,1.6626126427033885
NAR032919015,NAR,JRS_1,JRS,1,R,R-NAR032919015,15,11,1.3229642417438525,1.6626126427033885
NAR032919015,NAR,JRS_1,JRS,1,R,R-NAR032919015,15,12,1.3992920675228893,1.6626126427033885
NAR032919015,NAR,JRS_1,JRS,1,R,R-NAR032919015,15,13,1.4756198933019273,1.6626126427033885
NAR032919015,NAR,JRS_1,JRS,1,R,R-NAR032919015,15,14,1.5336932399726466,1.6626126427033885
NAR032919015,NAR,JRS_1,JRS,1,R,R-NAR032919015,15,15,1.608366111078801,1.6626126427033885
NAR032919016,NAR,CJF_1,CJF,1,R,R-NAR032919016,15,1,0.39783354186690467,1.4235330058767788
NAR032919016,NAR,CJF_1,CJF,1,R,R-NAR032919016,15,2,0.5659393299102154,1.4235330058767788
NAR032919016,NAR,CJF_1,CJF,1,R,R-NAR032919016,15,3,0.6759445366043811,1.4235330058767788
NAR032919016,NAR,CJF_1,CJF,1,R,R-NAR032919016,15,4,0.7662104359755548,1.4235330058767788
NAR032919016,NAR,CJF_1,CJF,1,R,R-NAR032919016,15,5,0.8177087042368939,1.4235330058767788
NAR032919016,NAR,CJF_1,CJF,1,R,R-NAR032919016,15,6,0.8676156428542957,1.4235330058767788
NAR032919016,NAR,CJF_1,CJF,1,R,R-NAR032919016,15,7,0.9397335645464137,1.4235330058767788
NAR032919016,NAR,CJF_1,CJF,1,R,R-NAR032919016,15,8,1.0139168049065728,1.4235330058767788
NAR032919016,NAR,CJF_1,CJF,1,R,R-NAR032919016,15,9,1.0635867490119226,1.4235330058767788
NAR032919016,NAR,CJF_1,CJF,1,R,R-NAR032919016,15,10,1.116676346917201,1.4235330058767788
NAR032919016,NAR,CJF_1,CJF,1,R,R-NAR032919016,15,11,1.1692919557983763,1.4235330058767788
NAR032919016,NAR,CJF_1,CJF,1,R,R-NAR032919016,15,12,1.2216705701675008,1.4235330058767788
NAR032919016,NAR,CJF_1,CJF,1,R,R-NAR032919016,15,13,1.294262480883722,1.4235330058767788
NAR032919016,NAR,CJF_1,CJF,1,R,R-NAR032919016,15,14,1.3436954304770206,1.4235330058767788
NAR032919016,NAR,CJF_1,CJF,1,R,R-NAR032919016,15,15,1.4235330058767788,1.4235330058767788
NAR032919016,NAR,CJF_2,CJF,2,R,R-NAR032919016,15,1,0.37413645720714817,1.3933298764436812
NAR032919016,NAR,CJF_2,CJF,2,R,R-NAR032919016,15,2,0.5284555584185309,1.3933298764436812
NAR032919016,NAR,CJF_2,CJF,2,R,R-NAR032919016,15,3,0.6491783759933007,1.3933298764436812
NAR032919016,NAR,CJF_2,CJF,2,R,R-NAR032919016,15,4,0.7340568659511403,1.3933298764436812
NAR032919016,NAR,CJF_2,CJF,2,R,R-NAR032919016,15,5,0.8062776892642874,1.3933298764436812
NAR032919016,NAR,CJF_2,CJF,2,R,R-NAR032919016,15,6,0.8538728414499038,1.3933298764436812
NAR032919016,NAR,CJF_2,CJF,2,R,R-NAR032919016,15,7,0.9099064380653158,1.3933298764436812
NAR032919016,NAR,CJF_2,CJF,2,R,R-NAR032919016,15,8,0.9700017628130573,1.3933298764436812
NAR032919016,NAR,CJF_2,CJF,2,R,R-NAR032919016,15,9,1.024753843355742,1.3933298764436812
NAR032919016,NAR,CJF_2,CJF,2,R,R-NAR032919016,15,10,1.0657242352635765,1.3933298764436812
NAR032919016,NAR,CJF_2,CJF,2,R,R-NAR032919016,15,11,1.1250702120178788,1.3933298764436812
NAR032919016,NAR,CJF_2,CJF,2,R,R-NAR032919016,15,12,1.1847908627689006,1.3933298764436812
NAR032919016,NAR,CJF_2,CJF,2,R,R-NAR032919016,15,13,1.2411991333810322,1.3933298764436812
NAR032919016,NAR,CJF_2,CJF,2,R,R-NAR032919016,15,14,1.3080767124891222,1.3933298764436812
NAR032919016,NAR,CJF_2,CJF,2,R,R-NAR032919016,15,15,1.3933298764436812,1.3933298764436812
NAR032919016,NAR,CJF_3,CJF,3,R,R-NAR032919016,15,1,0.4326200731919862,1.4380548626498002
NAR032919016,NAR,CJF_3,CJF,3,R,R-NAR032919016,15,2,0.5786340176525897,1.4380548626498002
NAR032919016,NAR,CJF_3,CJF,3,R,R-NAR032919016,15,3,0.6885575006010161,1.4380548626498002
NAR032919016,NAR,CJF_3,CJF,3,R,R-NAR032919016,15,4,0.7908677461032965,1.4380548626498002
NAR032919016,NAR,CJF_3,CJF,3,R,R-NAR032919016,15,5,0.8720982534479174,1.4380548626498002
NAR032919016,NAR,CJF_3,CJF,3,R,R-NAR032919016,15,6,0.9216552156716087,1.4380548626498002
NAR032919016,NAR,CJF_3,CJF,3,R,R-NAR032919016,15,7,0.9851101816823556,1.4380548626498002
NAR032919016,NAR,CJF_3,CJF,3,R,R-NAR032919016,15,8,1.0495699914916798,1.4380548626498002
NAR032919016,NAR,CJF_3,CJF,3,R,R-NAR032919016,15,9,1.0933815662188895,1.4380548626498002
NAR032919016,NAR,CJF_3,CJF,3,R,R-NAR032919016,15,10,1.1415021815684594,1.4380548626498002
NAR032919016,NAR,CJF_3,CJF,3,R,R-NAR032919016,15,11,1.197236034364176,1.4380548626498002
NAR032919016,NAR,CJF_3,CJF,3,R,R-NAR032919016,15,12,1.2664363878714051,1.4380548626498002
NAR032919016,NAR,CJF_3,CJF,3,R,R-NAR032919016,15,13,1.3176454485069873,1.4380548626498002
NAR032919016,NAR,CJF_3,CJF,3,R,R-NAR032919016,15,14,1.377904093462837,1.4380548626498002
NAR032919016,NAR,CJF_3,CJF,3,R,R-NAR032919016,15,15,1.4380548626498002,1.4380548626498002
NAR032919016,NAR,JRS_1,JRS,1,R,R-NAR032919016,14,1,0.22327795605781323,1.4033951713475776
NAR032919016,NAR,JRS_1,JRS,1,R,R-NAR032919016,14,2,0.3794710287350348,1.4033951713475776
NAR032919016,NAR,JRS_1,JRS,1,R,R-NAR032919016,14,3,0.5537435115760561,1.4033951713475776
NAR032919016,NAR,JRS_1,JRS,1,R,R-NAR032919016,14,4,0.667178833943574,1.4033951713475776
NAR032919016,NAR,JRS_1,JRS,1,R,R-NAR032919016,14,5,0.7411751987887216,1.4033951713475776
NAR032919016,NAR,JRS_1,JRS,1,R,R-NAR032919016,14,6,0.8102127022491508,1.4033951713475776
NAR032919016,NAR,JRS_1,JRS,1,R,R-NAR032919016,14,7,0.8680822770103361,1.4033951713475776
NAR032919016,NAR,JRS_1,JRS,1,R,R-NAR032919016,14,8,0.9335270917935425,1.4033951713475776
NAR032919016,NAR,JRS_1,JRS,1,R,R-NAR032919016,14,9,1.0117799038733797,1.4033951713475776
NAR032919016,NAR,JRS_1,JRS,1,R,R-NAR032919016,14,10,1.0860888202009793,1.4033951713475776
NAR032919016,NAR,JRS_1,JRS,1,R,R-NAR032919016,14,11,1.1429820849222456,1.4033951713475776
NAR032919016,NAR,JRS_1,JRS,1,R,R-NAR032919016,14,12,1.2008516596834307,1.4033951713475776
NAR032919016,NAR,JRS_1,JRS,1,R,R-NAR032919016,14,13,1.2735205074136449,1.4033951713475776
NAR032919016,NAR,JRS_1,JRS,1,R,R-NAR032919016,14,14,1.3149507406084149,1.4033951713475776
NAR032919017,NAR,CJF_1,CJF,1,R,R-NAR032919017,19,1,0.4492394701738351,1.9376650447235106
NAR032919017,NAR,CJF_1,CJF,1,R,R-NAR032919017,19,2,0.6641001147456584,1.9376650447235106
NAR032919017,NAR,CJF_1,CJF,1,R,R-NAR032919017,19,3,0.8222660021817635,1.9376650447235106
NAR032919017,NAR,CJF_1,CJF,1,R,R-NAR032919017,19,4,0.9272050081542309,1.9376650447235106
NAR032919017,NAR,CJF_1,CJF,1,R,R-NAR032919017,19,5,1.0084005789470258,1.9376650447235106
NAR032919017,NAR,CJF_1,CJF,1,R,R-NAR032919017,19,6,1.1004381385185307,1.9376650447235106
NAR032919017,NAR,CJF_1,CJF,1,R,R-NAR032919017,19,7,1.1883567828455308,1.9376650447235106
NAR032919017,NAR,CJF_1,CJF,1,R,R-NAR032919017,19,8,1.2763817660775074,1.9376650447235106
NAR032919017,NAR,CJF_1,CJF,1,R,R-NAR032919017,19,9,1.339042218270027,1.9376650447235106
NAR032919017,NAR,CJF_1,CJF,1,R,R-NAR032919017,19,10,1.3956306365007667,1.9376650447235106
NAR032919017,NAR,CJF_1,CJF,1,R,R-NAR032919017,19,11,1.4590484671706896,1.9376650447235106
NAR032919017,NAR,CJF_1,CJF,1,R,R-NAR032919017,19,12,1.5299467498522201,1.9376650447235106
NAR032919017,NAR,CJF_1,CJF,1,R,R-NAR032919017,19,13,1.598134535339073,1.9376650447235106
NAR032919017,NAR,CJF_1,CJF,1,R,R-NAR032919017,19,14,1.6397620495465968,1.9376650447235106
NAR032919017,NAR,CJF_1,CJF,1,R,R-NAR032919017,19,15,1.6888700157657284,1.9376650447235106
NAR032919017,NAR,CJF_1,CJF,1,R,R-NAR032919017,19,16,1.7610703775921084,1.9376650447235106
NAR032919017,NAR,CJF_1,CJF,1,R,R-NAR032919017,19,17,1.821777711067354,1.9376650447235106
NAR032919017,NAR,CJF_1,CJF,1,R,R-NAR032919017,19,18,1.879017168870518,1.9376650447235106
NAR032919017,NAR,CJF_1,CJF,1,R,R-NAR032919017,19,19,1.9376650447235106,1.9376650447235106
NAR032919017,NAR,CJF_2,CJF,2,R,R-NAR032919017,19,1,0.4050342931322005,1.8812576175537437
NAR032919017,NAR,CJF_2,CJF,2,R,R-NAR032919017,19,2,0.6295233312374362,1.8812576175537437
NAR032919017,NAR,CJF_2,CJF,2,R,R-NAR032919017,19,3,0.7618288959383128,1.8812576175537437
NAR032919017,NAR,CJF_2,CJF,2,R,R-NAR032919017,19,4,0.8792399154292689,1.8812576175537437
NAR032919017,NAR,CJF_2,CJF,2,R,R-NAR032919017,19,5,0.9613601808497415,1.8812576175537437
NAR032919017,NAR,CJF_2,CJF,2,R,R-NAR032919017,19,6,1.0614609865177607,1.8812576175537437
NAR032919017,NAR,CJF_2,CJF,2,R,R-NAR032919017,19,7,1.133518043954345,1.8812576175537437
NAR032919017,NAR,CJF_2,CJF,2,R,R-NAR032919017,19,8,1.222750418767472,1.8812576175537437
NAR032919017,NAR,CJF_2,CJF,2,R,R-NAR032919017,19,9,1.3001742434083066,1.8812576175537437
NAR032919017,NAR,CJF_2,CJF,2,R,R-NAR032919017,19,10,1.3526403148553323,1.8812576175537437
NAR032919017,NAR,CJF_2,CJF,2,R,R-NAR032919017,19,11,1.424227312633217,1.8812576175537437
NAR032919017,NAR,CJF_2,CJF,2,R,R-NAR032919017,19,12,1.4844758198975092,1.8812576175537437
NAR032919017,NAR,CJF_2,CJF,2,R,R-NAR032919017,19,13,1.5662609221056754,1.8812576175537437
NAR032919017,NAR,CJF_2,CJF,2,R,R-NAR032919017,19,14,1.5955799528668153,1.8812576175537437
NAR032919017,NAR,CJF_2,CJF,2,R,R-NAR032919017,19,15,1.6538828511767913,1.8812576175537437
NAR032919017,NAR,CJF_2,CJF,2,R,R-NAR032919017,19,16,1.7141313584410833,1.8812576175537437
NAR032919017,NAR,CJF_2,CJF,2,R,R-NAR032919017,19,17,1.7665974298881093,1.8812576175537437
NAR032919017,NAR,CJF_2,CJF,2,R,R-NAR032919017,19,18,1.8221494963727627,1.8812576175537437
NAR032919017,NAR,CJF_2,CJF,2,R,R-NAR032919017,19,19,1.8812576175537437,1.8812576175537437
NAR032919017,NAR,CJF_3,CJF,3,R,R-NAR032919017,19,1,0.4045838604981811,1.8737291761174486
NAR032919017,NAR,CJF_3,CJF,3,R,R-NAR032919017,19,2,0.6045903010881347,1.8737291761174486
NAR032919017,NAR,CJF_3,CJF,3,R,R-NAR032919017,19,3,0.7574656371432533,1.8737291761174486
NAR032919017,NAR,CJF_3,CJF,3,R,R-NAR032919017,19,4,0.8733797280719061,1.8737291761174486
NAR032919017,NAR,CJF_3,CJF,3,R,R-NAR032919017,19,5,0.974126586868286,1.8737291761174486
NAR032919017,NAR,CJF_3,CJF,3,R,R-NAR032919017,19,6,1.0655893558929086,1.8737291761174486
NAR032919017,NAR,CJF_3,CJF,3,R,R-NAR032919017,19,7,1.1532247841006604,1.8737291761174486
NAR032919017,NAR,CJF_3,CJF,3,R,R-NAR032919017,19,8,1.225091472809946,1.8737291761174486
NAR032919017,NAR,CJF_3,CJF,3,R,R-NAR032919017,19,9,1.301387009702295,1.8737291761174486
NAR032919017,NAR,CJF_3,CJF,3,R,R-NAR032919017,19,10,1.3551448950990495,1.8737291761174486
NAR032919017,NAR,CJF_3,CJF,3,R,R-NAR032919017,19,11,1.433496233535044,1.8737291761174486
NAR032919017,NAR,CJF_3,CJF,3,R,R-NAR032919017,19,12,1.4862262181599752,1.8737291761174486
NAR032919017,NAR,CJF_3,CJF,3,R,R-NAR032919017,19,13,1.5485245548270843,1.8737291761174486
NAR032919017,NAR,CJF_3,CJF,3,R,R-NAR032919017,19,14,1.5965414289985318,1.8737291761174486
NAR032919017,NAR,CJF_3,CJF,3,R,R-NAR032919017,19,15,1.6532408855755445,1.8737291761174486
NAR032919017,NAR,CJF_3,CJF,3,R,R-NAR032919017,19,16,1.7134834206990077,1.8737291761174486
NAR032919017,NAR,CJF_3,CJF,3,R,R-NAR032919017,19,17,1.7663555364591497,1.8737291761174486
NAR032919017,NAR,CJF_3,CJF,3,R,R-NAR032919017,19,18,1.8171718506756454,1.8737291761174486
NAR032919017,NAR,CJF_3,CJF,3,R,R-NAR032919017,19,19,1.8737291761174486,1.8737291761174486
NAR032919017,NAR,JRS_1,JRS,1,R,R-NAR032919017,18,1,0.4384912637791764,1.8351014252059663
NAR032919017,NAR,JRS_1,JRS,1,R,R-NAR032919017,18,2,0.5711972195881398,1.8351014252059663
NAR032919017,NAR,JRS_1,JRS,1,R,R-NAR032919017,18,3,0.7130974736043023,1.8351014252059663
NAR032919017,NAR,JRS_1,JRS,1,R,R-NAR032919017,18,4,0.813827175086543,1.8351014252059663
NAR032919017,NAR,JRS_1,JRS,1,R,R-NAR032919017,18,5,0.9221568624127096,1.8351014252059663
NAR032919017,NAR,JRS_1,JRS,1,R,R-NAR032919017,18,6,1.00889132718568,1.8351014252059663
NAR032919017,NAR,JRS_1,JRS,1,R,R-NAR032919017,18,7,1.084040025206542,1.8351014252059663
NAR032919017,NAR,JRS_1,JRS,1,R,R-NAR032919017,18,8,1.1771697408448563,1.8351014252059663
NAR032919017,NAR,JRS_1,JRS,1,R,R-NAR032919017,18,9,1.2339298424513219,1.8351014252059663
NAR032919017,NAR,JRS_1,JRS,1,R,R-NAR032919017,18,10,1.297085194923131,1.8351014252059663
NAR032919017,NAR,JRS_1,JRS,1,R,R-NAR032919017,18,11,1.375830096467484,1.8351014252059663
NAR032919017,NAR,JRS_1,JRS,1,R,R-NAR032919017,18,12,1.4453806998046381,1.8351014252059663
NAR032919017,NAR,JRS_1,JRS,1,R,R-NAR032919017,18,13,1.501343645229466,1.8351014252059663
NAR032919017,NAR,JRS_1,JRS,1,R,R-NAR032919017,18,14,1.548909448628733,1.8351014252059663
NAR032919017,NAR,JRS_1,JRS,1,R,R-NAR032919017,18,15,1.6256524590128676,1.8351014252059663
NAR032919017,NAR,JRS_1,JRS,1,R,R-NAR032919017,18,16,1.6852116079611867,1.8351014252059663
NAR032919017,NAR,JRS_1,JRS,1,R,R-NAR032919017,18,17,1.7419717095676517,1.8351014252059663
NAR032919017,NAR,JRS_1,JRS,1,R,R-NAR032919017,18,18,1.7851441532617904,1.8351014252059663
NAR032919018,NAR,CJF_1,CJF,1,R,R-NAR032919018,15,1,0.28617906082663574,1.5018875116113075
NAR032919018,NAR,CJF_1,CJF,1,R,R-NAR032919018,15,2,0.4754202480417482,1.5018875116113075
NAR032919018,NAR,CJF_1,CJF,1,R,R-NAR032919018,15,3,0.6369028747575984,1.5018875116113075
NAR032919018,NAR,CJF_1,CJF,1,R,R-NAR032919018,15,4,0.761883616414387,1.5018875116113075
NAR032919018,NAR,CJF_1,CJF,1,R,R-NAR032919018,15,5,0.8749080112334613,1.5018875116113075
NAR032919018,NAR,CJF_1,CJF,1,R,R-NAR032919018,15,6,0.9642612002871687,1.5018875116113075
NAR032919018,NAR,CJF_1,CJF,1,R,R-NAR032919018,15,7,1.0507070844269317,1.5018875116113075
NAR032919018,NAR,CJF_1,CJF,1,R,R-NAR032919018,15,8,1.1012196985996427,1.5018875116113075
NAR032919018,NAR,CJF_1,CJF,1,R,R-NAR032919018,15,9,1.1575897422361776,1.5018875116113075
NAR032919018,NAR,CJF_1,CJF,1,R,R-NAR032919018,15,10,1.2113153786868023,1.5018875116113075
NAR032919018,NAR,CJF_1,CJF,1,R,R-NAR032919018,15,11,1.2793574616150494,1.5018875116113075
NAR032919018,NAR,CJF_1,CJF,1,R,R-NAR032919018,15,12,1.3383505026195237,1.5018875116113075
NAR032919018,NAR,CJF_1,CJF,1,R,R-NAR032919018,15,13,1.3950048538020632,1.5018875116113075
NAR032919018,NAR,CJF_1,CJF,1,R,R-NAR032919018,15,14,1.455746559718498,1.5018875116113075
NAR032919018,NAR,CJF_1,CJF,1,R,R-NAR032919018,15,15,1.5018875116113075,1.5018875116113075
NAR032919018,NAR,CJF_2,CJF,2,R,R-NAR032919018,14,1,0.3851959601994801,1.5889756271926723
NAR032919018,NAR,CJF_2,CJF,2,R,R-NAR032919018,14,2,0.5475037165335255,1.5889756271926723
NAR032919018,NAR,CJF_2,CJF,2,R,R-NAR032919018,14,3,0.7447983133822554,1.5889756271926723
NAR032919018,NAR,CJF_2,CJF,2,R,R-NAR032919018,14,4,0.8644614946257054,1.5889756271926723
NAR032919018,NAR,CJF_2,CJF,2,R,R-NAR032919018,14,5,0.965610303787672,1.5889756271926723
NAR032919018,NAR,CJF_2,CJF,2,R,R-NAR032919018,14,6,1.0458964324936597,1.5889756271926723
NAR032919018,NAR,CJF_2,CJF,2,R,R-NAR032919018,14,7,1.120873134998232,1.5889756271926723
NAR032919018,NAR,CJF_2,CJF,2,R,R-NAR032919018,14,8,1.1911532207538142,1.5889756271926723
NAR032919018,NAR,CJF_2,CJF,2,R,R-NAR032919018,14,9,1.2440759337092928,1.5889756271926723
NAR032919018,NAR,CJF_2,CJF,2,R,R-NAR032919018,14,10,1.3093529979896716,1.5889756271926723
NAR032919018,NAR,CJF_2,CJF,2,R,R-NAR032919018,14,11,1.3746300622700516,1.5889756271926723
NAR032919018,NAR,CJF_2,CJF,2,R,R-NAR032919018,14,12,1.4390222221835276,1.5889756271926723
NAR032919018,NAR,CJF_2,CJF,2,R,R-NAR032919018,14,13,1.5163472330625947,1.5889756271926723
NAR032919018,NAR,CJF_2,CJF,2,R,R-NAR032919018,14,14,1.5889756271926723,1.5889756271926723
NAR032919018,NAR,CJF_3,CJF,3,R,R-NAR032919018,13,1,0.478781940449622,1.555183633159109
NAR032919018,NAR,CJF_3,CJF,3,R,R-NAR032919018,13,2,0.7226918277479986,1.555183633159109
NAR032919018,NAR,CJF_3,CJF,3,R,R-NAR032919018,13,3,0.8210148014376641,1.555183633159109
NAR032919018,NAR,CJF_3,CJF,3,R,R-NAR032919018,13,4,0.9138248456394972,1.555183633159109
NAR032919018,NAR,CJF_3,CJF,3,R,R-NAR032919018,13,5,1.0174797930115,1.555183633159109
NAR032919018,NAR,CJF_3,CJF,3,R,R-NAR032919018,13,6,1.084534747829132,1.555183633159109
NAR032919018,NAR,CJF_3,CJF,3,R,R-NAR032919018,13,7,1.16821772449705,1.555183633159109
NAR032919018,NAR,CJF_3,CJF,3,R,R-NAR032919018,13,8,1.216294721024866,1.555183633159109
NAR032919018,NAR,CJF_3,CJF,3,R,R-NAR032919018,13,9,1.2800057269886986,1.555183633159109
NAR032919018,NAR,CJF_3,CJF,3,R,R-NAR032919018,13,10,1.3470606818063309,1.555183633159109
NAR032919018,NAR,CJF_3,CJF,3,R,R-NAR032919018,13,11,1.4149286932327352,1.555183633159109
NAR032919018,NAR,CJF_3,CJF,3,R,R-NAR032919018,13,12,1.483971672878905,1.555183633159109
NAR032919018,NAR,CJF_3,CJF,3,R,R-NAR032919018,13,13,1.555183633159109,1.555183633159109
NAR032919018,NAR,JRS_1,JRS,1,R,R-NAR032919018,11,1,0.4902052175228419,1.4559577087284232
NAR032919018,NAR,JRS_1,JRS,1,R,R-NAR032919018,11,2,0.6643613145839413,1.4559577087284232
NAR032919018,NAR,JRS_1,JRS,1,R,R-NAR032919018,11,3,0.7645794412928003,1.4559577087284232
NAR032919018,NAR,JRS_1,JRS,1,R,R-NAR032919018,11,4,0.8746415584674752,1.4559577087284232
NAR032919018,NAR,JRS_1,JRS,1,R,R-NAR032919018,11,5,0.9571660100126483,1.4559577087284232
NAR032919018,NAR,JRS_1,JRS,1,R,R-NAR032919018,11,6,1.0334029151934097,1.4559577087284232
NAR032919018,NAR,JRS_1,JRS,1,R,R-NAR032919018,11,7,1.0727788770566717,1.4559577087284232
NAR032919018,NAR,JRS_1,JRS,1,R,R-NAR032919018,11,8,1.1293278013058017,1.4559577087284232
NAR032919018,NAR,JRS_1,JRS,1,R,R-NAR032919018,11,9,1.208600437810147,1.4559577087284232
NAR032919018,NAR,JRS_1,JRS,1,R,R-NAR032919018,11,10,1.2757301490201551,1.4559577087284232
NAR032919018,NAR,JRS_1,JRS,1,R,R-NAR032919018,11,11,1.363068553939615,1.4559577087284232
NAR032919019,NAR,CJF_1,CJF,1,R,R-NAR032919019,4,1,0.33147005282003,0.8769433662812955
NAR032919019,NAR,CJF_1,CJF,1,R,R-NAR032919019,4,2,0.6298433941156286,0.8769433662812955
NAR032919019,NAR,CJF_1,CJF,1,R,R-NAR032919019,4,3,0.7765894947911508,0.8769433662812955
NAR032919019,NAR,CJF_1,CJF,1,R,R-NAR032919019,4,4,0.8769433662812955,0.8769433662812955
NAR032919019,NAR,CJF_2,CJF,2,R,R-NAR032919019,4,1,0.40103749390104276,0.9382874354723434
NAR032919019,NAR,CJF_2,CJF,2,R,R-NAR032919019,4,2,0.6717312674225957,0.9382874354723434
NAR032919019,NAR,CJF_2,CJF,2,R,R-NAR032919019,4,3,0.8108780787382375,0.9382874354723434
NAR032919019,NAR,CJF_2,CJF,2,R,R-NAR032919019,4,4,0.9382874354723434,0.9382874354723434
NAR032919019,NAR,CJF_3,CJF,3,R,R-NAR032919019,4,1,0.38137441377993603,0.9289201721759661
NAR032919019,NAR,CJF_3,CJF,3,R,R-NAR032919019,4,2,0.6663777771510366,0.9289201721759661
NAR032919019,NAR,CJF_3,CJF,3,R,R-NAR032919019,4,3,0.8059145289162736,0.9289201721759661
NAR032919019,NAR,CJF_3,CJF,3,R,R-NAR032919019,4,4,0.9289201721759661,0.9289201721759661
NAR032919019,NAR,JRS_1,JRS,1,R,R-NAR032919019,3,1,0.3806157362377128,0.904024511142405
NAR032919019,NAR,JRS_1,JRS,1,R,R-NAR032919019,3,2,0.6419807852219674,0.904024511142405
NAR032919019,NAR,JRS_1,JRS,1,R,R-NAR032919019,3,3,0.7980586279025472,0.904024511142405
NAR032919020,NAR,CJF_1,CJF,1,R,R-NAR032919020,9,1,0.39833532980080266,1.2560640545873603
NAR032919020,NAR,CJF_1,CJF,1,R,R-NAR032919020,9,2,0.5924547147888821,1.2560640545873603
NAR032919020,NAR,CJF_1,CJF,1,R,R-NAR032919020,9,3,0.7682088095977664,1.2560640545873603
NAR032919020,NAR,CJF_1,CJF,1,R,R-NAR032919020,9,4,0.8645395490425024,1.2560640545873603
NAR032919020,NAR,CJF_1,CJF,1,R,R-NAR032919020,9,5,0.9398285392293747,1.2560640545873603
NAR032919020,NAR,CJF_1,CJF,1,R,R-NAR032919020,9,6,1.025453442359437,1.2560640545873603
NAR032919020,NAR,CJF_1,CJF,1,R,R-NAR032919020,9,7,1.1048767977235858,1.2560640545873603
NAR032919020,NAR,CJF_1,CJF,1,R,R-NAR032919020,9,8,1.1881951651464633,1.2560640545873603
NAR032919020,NAR,CJF_1,CJF,1,R,R-NAR032919020,9,9,1.2560640545873603,1.2560640545873603
NAR032919020,NAR,CJF_2,CJF,2,R,R-NAR032919020,9,1,0.46582199553104153,1.304830697501579
NAR032919020,NAR,CJF_2,CJF,2,R,R-NAR032919020,9,2,0.6519095739407519,1.304830697501579
NAR032919020,NAR,CJF_2,CJF,2,R,R-NAR032919020,9,3,0.8028260889842778,1.304830697501579
NAR032919020,NAR,CJF_2,CJF,2,R,R-NAR032919020,9,4,0.9103623783229822,1.304830697501579
NAR032919020,NAR,CJF_2,CJF,2,R,R-NAR032919020,9,5,0.9988347035561917,1.304830697501579
NAR032919020,NAR,CJF_2,CJF,2,R,R-NAR032919020,9,6,1.0699549385074716,1.304830697501579
NAR032919020,NAR,CJF_2,CJF,2,R,R-NAR032919020,9,7,1.157649155521771,1.304830697501579
NAR032919020,NAR,CJF_2,CJF,2,R,R-NAR032919020,9,8,1.2490783455997865,1.304830697501579
NAR032919020,NAR,CJF_2,CJF,2,R,R-NAR032919020,9,9,1.304830697501579,1.304830697501579
NAR032919020,NAR,CJF_3,CJF,3,R,R-NAR032919020,9,1,0.4354720539859491,1.2970912012917393
NAR032919020,NAR,CJF_3,CJF,3,R,R-NAR032919020,9,2,0.6487887490554354,1.2970912012917393
NAR032919020,NAR,CJF_3,CJF,3,R,R-NAR032919020,9,3,0.7826825848087932,1.2970912012917393
NAR032919020,NAR,CJF_3,CJF,3,R,R-NAR032919020,9,4,0.8794870143069906,1.2970912012917393
NAR032919020,NAR,CJF_3,CJF,3,R,R-NAR032919020,9,5,0.9546384204555731,1.2970912012917393
NAR032919020,NAR,CJF_3,CJF,3,R,R-NAR032919020,9,6,1.0521196860801505,1.2970912012917393
NAR032919020,NAR,CJF_3,CJF,3,R,R-NAR032919020,9,7,1.1330014358536729,1.2970912012917393
NAR032919020,NAR,CJF_3,CJF,3,R,R-NAR032919020,9,8,1.2050445217802186,1.2970912012917393
NAR032919020,NAR,CJF_3,CJF,3,R,R-NAR032919020,9,9,1.2970912012917393,1.2970912012917393
NAR032919020,NAR,JRS_1,JRS,1,R,R-NAR032919020,9,1,0.26456588899918987,0.8538191953464348
NAR032919020,NAR,JRS_1,JRS,1,R,R-NAR032919020,9,2,0.3432227184492296,0.8538191953464348
NAR032919020,NAR,JRS_1,JRS,1,R,R-NAR032919020,9,3,0.4510610939584841,0.8538191953464348
NAR032919020,NAR,JRS_1,JRS,1,R,R-NAR032919020,9,4,0.49701950488843033,0.8538191953464348
NAR032919020,NAR,JRS_1,JRS,1,R,R-NAR032919020,9,5,0.5694979006380805,0.8538191953464348
NAR032919020,NAR,JRS_1,JRS,1,R,R-NAR032919020,9,6,0.6231240156876336,0.8538191953464348
NAR032919020,NAR,JRS_1,JRS,1,R,R-NAR032919020,9,7,0.6911824139673329,0.8538191953464348
NAR032919020,NAR,JRS_1,JRS,1,R,R-NAR032919020,9,8,0.7309623911968881,0.8538191953464348
NAR032919020,NAR,JRS_1,JRS,1,R,R-NAR032919020,9,9,0.7795823633663438,0.8538191953464348
NAR032919021,NAR,CJF_1,CJF,1,R,R-NAR032919021,10,1,0.44195125683687614,1.3242326645528146
NAR032919021,NAR,CJF_1,CJF,1,R,R-NAR032919021,10,2,0.6426479375663129,1.3242326645528146
NAR032919021,NAR,CJF_1,CJF,1,R,R-NAR032919021,10,3,0.7408120810370087,1.3242326645528146
NAR032919021,NAR,CJF_1,CJF,1,R,R-NAR032919021,10,4,0.8397004178252736,1.3242326645528146
NAR032919021,NAR,CJF_1,CJF,1,R,R-NAR032919021,10,5,0.9283803465196758,1.3242326645528146
NAR032919021,NAR,CJF_1,CJF,1,R,R-NAR032919021,10,6,1.0125423959859927,1.3242326645528146
NAR032919021,NAR,CJF_1,CJF,1,R,R-NAR032919021,10,7,1.0889675881912333,1.3242326645528146
NAR032919021,NAR,CJF_1,CJF,1,R,R-NAR032919021,10,8,1.1719569880198597,1.3242326645528146
NAR032919021,NAR,CJF_1,CJF,1,R,R-NAR032919021,10,9,1.25145167281805,1.3242326645528146
NAR032919021,NAR,CJF_1,CJF,1,R,R-NAR032919021,10,10,1.3242326645528146,1.3242326645528146
NAR032919021,NAR,CJF_2,CJF,2,R,R-NAR032919021,10,1,0.45852042206407356,1.3393540921127192
NAR032919021,NAR,CJF_2,CJF,2,R,R-NAR032919021,10,2,0.6599029036528677,1.3393540921127192
NAR032919021,NAR,CJF_2,CJF,2,R,R-NAR032919021,10,3,0.746831977877629,1.3393540921127192
NAR032919021,NAR,CJF_2,CJF,2,R,R-NAR032919021,10,4,0.8675530694014209,1.3393540921127192
NAR032919021,NAR,CJF_2,CJF,2,R,R-NAR032919021,10,5,0.9443619320871348,1.3393540921127192
NAR032919021,NAR,CJF_2,CJF,2,R,R-NAR032919021,10,6,1.0370020489874006,1.3393540921127192
NAR032919021,NAR,CJF_2,CJF,2,R,R-NAR032919021,10,7,1.124962003450412,1.3393540921127192
NAR032919021,NAR,CJF_2,CJF,2,R,R-NAR032919021,10,8,1.191447409416795,1.3393540921127192
NAR032919021,NAR,CJF_2,CJF,2,R,R-NAR032919021,10,9,1.28133362756945,1.3393540921127192
NAR032919021,NAR,CJF_2,CJF,2,R,R-NAR032919021,10,10,1.3393540921127192,1.3393540921127192
NAR032919021,NAR,CJF_3,CJF,3,R,R-NAR032919021,10,1,0.45240329433222537,1.289020602178283
NAR032919021,NAR,CJF_3,CJF,3,R,R-NAR032919021,10,2,0.6108556514616582,1.289020602178283
NAR032919021,NAR,CJF_3,CJF,3,R,R-NAR032919021,10,3,0.7233670357772928,1.289020602178283
NAR032919021,NAR,CJF_3,CJF,3,R,R-NAR032919021,10,4,0.8206699645957427,1.289020602178283
NAR032919021,NAR,CJF_3,CJF,3,R,R-NAR032919021,10,5,0.9077287209753203,1.289020602178283
NAR032919021,NAR,CJF_3,CJF,3,R,R-NAR032919021,10,6,0.98556438028975,1.289020602178283
NAR032919021,NAR,CJF_3,CJF,3,R,R-NAR032919021,10,7,1.070863173542476,1.289020602178283
NAR032919021,NAR,CJF_3,CJF,3,R,R-NAR032919021,10,8,1.1419745866717386,1.289020602178283
NAR032919021,NAR,CJF_3,CJF,3,R,R-NAR032919021,10,9,1.216888113675298,1.289020602178283
NAR032919021,NAR,CJF_3,CJF,3,R,R-NAR032919021,10,10,1.289020602178283,1.289020602178283
NAR032919021,NAR,JRS_1,JRS,1,R,R-NAR032919021,9,1,0.5609228411730796,1.3800170891550345
NAR032919021,NAR,JRS_1,JRS,1,R,R-NAR032919021,9,2,0.6863342263686527,1.3800170891550345
NAR032919021,NAR,JRS_1,JRS,1,R,R-NAR032919021,9,3,0.8137057336695914,1.3800170891550345
NAR032919021,NAR,JRS_1,JRS,1,R,R-NAR032919021,9,4,0.9045799848837475,1.3800170891550345
NAR032919021,NAR,JRS_1,JRS,1,R,R-NAR032919021,9,5,1.0054971296718156,1.3800170891550345
NAR032919021,NAR,JRS_1,JRS,1,R,R-NAR032919021,9,6,1.0755514586873314,1.3800170891550345
NAR032919021,NAR,JRS_1,JRS,1,R,R-NAR032919021,9,7,1.1483000448590301,1.3800170891550345
NAR032919021,NAR,JRS_1,JRS,1,R,R-NAR032919021,9,8,1.245542871438233,1.3800170891550345
NAR032919021,NAR,JRS_1,JRS,1,R,R-NAR032919021,9,9,1.3163313355045658,1.3800170891550345
NAR032919022,NAR,CJF_1,CJF,1,R,R-NAR032919022,13,1,0.4995424186558277,1.5273661811023251
NAR032919022,NAR,CJF_1,CJF,1,R,R-NAR032919022,13,2,0.6849298785656568,1.5273661811023251
NAR032919022,NAR,CJF_1,CJF,1,R,R-NAR032919022,13,3,0.8034841182949592,1.5273661811023251
NAR032919022,NAR,CJF_1,CJF,1,R,R-NAR032919022,13,4,0.9112900488816211,1.5273661811023251
NAR032919022,NAR,CJF_1,CJF,1,R,R-NAR032919022,13,5,0.9936598914449389,1.5273661811023251
NAR032919022,NAR,CJF_1,CJF,1,R,R-NAR032919022,13,6,1.071453631643627,1.5273661811023251
NAR032919022,NAR,CJF_1,CJF,1,R,R-NAR032919022,13,7,1.1456307412645046,1.5273661811023251
NAR032919022,NAR,CJF_1,CJF,1,R,R-NAR032919022,13,8,1.2170400638096588,1.5273661811023251
NAR032919022,NAR,CJF_1,CJF,1,R,R-NAR032919022,13,9,1.2944093822573037,1.5273661811023251
NAR032919022,NAR,CJF_1,CJF,1,R,R-NAR032919022,13,10,1.3568787109487221,1.5273661811023251
NAR032919022,NAR,CJF_1,CJF,1,R,R-NAR032919022,13,11,1.4241363528802917,1.5273661811023251
NAR032919022,NAR,CJF_1,CJF,1,R,R-NAR032919022,13,12,1.4866056815717106,1.5273661811023251
NAR032919022,NAR,CJF_1,CJF,1,R,R-NAR032919022,13,13,1.5273661811023251,1.5273661811023251
NAR032919022,NAR,CJF_2,CJF,2,R,R-NAR032919022,13,1,0.4687590526483014,1.5130850407651901
NAR032919022,NAR,CJF_2,CJF,2,R,R-NAR032919022,13,2,0.6270607397724192,1.5130850407651901
NAR032919022,NAR,CJF_2,CJF,2,R,R-NAR032919022,13,3,0.7687666042079142,1.5130850407651901
NAR032919022,NAR,CJF_2,CJF,2,R,R-NAR032919022,13,4,0.8753027525370733,1.5130850407651901
NAR032919022,NAR,CJF_2,CJF,2,R,R-NAR032919022,13,5,0.9653789454231746,1.5130850407651901
NAR032919022,NAR,CJF_2,CJF,2,R,R-NAR032919022,13,6,1.041456784623208,1.5130850407651901
NAR032919022,NAR,CJF_2,CJF,2,R,R-NAR032919022,13,7,1.1278485705422494,1.5130850407651901
NAR032919022,NAR,CJF_2,CJF,2,R,R-NAR032919022,13,8,1.1964816665169555,1.5130850407651901
NAR032919022,NAR,CJF_2,CJF,2,R,R-NAR032919022,13,9,1.2465408690739466,1.5130850407651901
NAR032919022,NAR,CJF_2,CJF,2,R,R-NAR032919022,13,10,1.313467628810686,1.5130850407651901
NAR032919022,NAR,CJF_2,CJF,2,R,R-NAR032919022,13,11,1.3822365920309556,1.5130850407651901
NAR032919022,NAR,CJF_2,CJF,2,R,R-NAR032919022,13,12,1.4371430688107205,1.5130850407651901
NAR032919022,NAR,CJF_2,CJF,2,R,R-NAR032919022,13,13,1.5130850407651901,1.5130850407651901
NAR032919022,NAR,CJF_3,CJF,3,R,R-NAR032919022,13,1,0.4900985211791849,1.5217353512566305
NAR032919022,NAR,CJF_3,CJF,3,R,R-NAR032919022,13,2,0.6641700358142341,1.5217353512566305
NAR032919022,NAR,CJF_3,CJF,3,R,R-NAR032919022,13,3,0.7821117627015685,1.5217353512566305
NAR032919022,NAR,CJF_3,CJF,3,R,R-NAR032919022,13,4,0.8835708002917413,1.5217353512566305
NAR032919022,NAR,CJF_3,CJF,3,R,R-NAR032919022,13,5,0.9848870423870111,1.5217353512566305
NAR032919022,NAR,CJF_3,CJF,3,R,R-NAR032919022,13,6,1.0590628527747663,1.5217353512566305
NAR032919022,NAR,CJF_3,CJF,3,R,R-NAR032919022,13,7,1.149721352459683,1.5217353512566305
NAR032919022,NAR,CJF_3,CJF,3,R,R-NAR032919022,13,8,1.2072716780553743,1.5217353512566305
NAR032919022,NAR,CJF_3,CJF,3,R,R-NAR032919022,13,9,1.2769002839093937,1.5217353512566305
NAR032919022,NAR,CJF_3,CJF,3,R,R-NAR032919022,13,10,1.3434022230776528,1.5217353512566305
NAR032919022,NAR,CJF_3,CJF,3,R,R-NAR032919022,13,11,1.4116102910836967,1.5217353512566305
NAR032919022,NAR,CJF_3,CJF,3,R,R-NAR032919022,13,12,1.462907283307867,1.5217353512566305
NAR032919022,NAR,CJF_3,CJF,3,R,R-NAR032919022,13,13,1.5217353512566305,1.5217353512566305
NAR032919022,NAR,JRS_1,JRS,1,R,R-NAR032919022,11,1,0.4380017616935306,1.4606205713584874
NAR032919022,NAR,JRS_1,JRS,1,R,R-NAR032919022,11,2,0.6348821939993511,1.4606205713584874
NAR032919022,NAR,JRS_1,JRS,1,R,R-NAR032919022,11,3,0.7333034887089712,1.4606205713584874
NAR032919022,NAR,JRS_1,JRS,1,R,R-NAR032919022,11,4,0.825738377359137,1.4606205713584874
NAR032919022,NAR,JRS_1,JRS,1,R,R-NAR032919022,11,5,0.944227887593345,1.4606205713584874
NAR032919022,NAR,JRS_1,JRS,1,R,R-NAR032919022,11,6,1.0205854980918923,1.4606205713584874
NAR032919022,NAR,JRS_1,JRS,1,R,R-NAR032919022,11,7,1.0788325188657542,1.4606205713584874
NAR032919022,NAR,JRS_1,JRS,1,R,R-NAR032919022,11,8,1.1531568177912352,1.4606205713584874
NAR032919022,NAR,JRS_1,JRS,1,R,R-NAR032919022,11,9,1.223490179343747,1.4606205713584874
NAR032919022,NAR,JRS_1,JRS,1,R,R-NAR032919022,11,10,1.30191894430194,1.4606205713584874
NAR032919022,NAR,JRS_1,JRS,1,R,R-NAR032919022,11,11,1.3641569024487716,1.4606205713584874
NAR032919023,NAR,CJF_1,CJF,1,R,R-NAR032919023,15,1,0.4436771603563241,1.5872186770072652
NAR032919023,NAR,CJF_1,CJF,1,R,R-NAR032919023,15,2,0.6389312510471977,1.5872186770072652
NAR032919023,NAR,CJF_1,CJF,1,R,R-NAR032919023,15,3,0.7596547059082797,1.5872186770072652
NAR032919023,NAR,CJF_1,CJF,1,R,R-NAR032919023,15,4,0.8646518943617816,1.5872186770072652
NAR032919023,NAR,CJF_1,CJF,1,R,R-NAR032919023,15,5,0.9571159201455153,1.5872186770072652
NAR032919023,NAR,CJF_1,CJF,1,R,R-NAR032919023,15,6,1.0206109382434985,1.5872186770072652
NAR032919023,NAR,CJF_1,CJF,1,R,R-NAR032919023,15,7,1.1031821019291808,1.5872186770072652
NAR032919023,NAR,CJF_1,CJF,1,R,R-NAR032919023,15,8,1.1666771200271637,1.5872186770072652
NAR032919023,NAR,CJF_1,CJF,1,R,R-NAR032919023,15,9,1.22319597818186,1.5872186770072652
NAR032919023,NAR,CJF_1,CJF,1,R,R-NAR032919023,15,10,1.2723838870890682,1.5872186770072652
NAR032919023,NAR,CJF_1,CJF,1,R,R-NAR032919023,15,11,1.3105361782644678,1.5872186770072652
NAR032919023,NAR,CJF_1,CJF,1,R,R-NAR032919023,15,12,1.3931073419501498,1.5872186770072652
NAR032919023,NAR,CJF_1,CJF,1,R,R-NAR032919023,15,13,1.4499809894090472,1.5872186770072652
NAR032919023,NAR,CJF_1,CJF,1,R,R-NAR032919023,15,14,1.5237236589092824,1.5872186770072652
NAR032919023,NAR,CJF_1,CJF,1,R,R-NAR032919023,15,15,1.5872186770072652,1.5872186770072652
NAR032919023,NAR,CJF_2,CJF,2,R,R-NAR032919023,15,1,0.4301487018684815,1.576982000421077
NAR032919023,NAR,CJF_2,CJF,2,R,R-NAR032919023,15,2,0.6196643162024292,1.576982000421077
NAR032919023,NAR,CJF_2,CJF,2,R,R-NAR032919023,15,3,0.7458158711843988,1.576982000421077
NAR032919023,NAR,CJF_2,CJF,2,R,R-NAR032919023,15,4,0.8441899978245906,1.576982000421077
NAR032919023,NAR,CJF_2,CJF,2,R,R-NAR032919023,15,5,0.923661463088941,1.576982000421077
NAR032919023,NAR,CJF_2,CJF,2,R,R-NAR032919023,15,6,1.0056399019557674,1.576982000421077
NAR032919023,NAR,CJF_2,CJF,2,R,R-NAR032919023,15,7,1.0834692392006182,1.576982000421077
NAR032919023,NAR,CJF_2,CJF,2,R,R-NAR032919023,15,8,1.139024095884174,1.576982000421077
NAR032919023,NAR,CJF_2,CJF,2,R,R-NAR032919023,15,9,1.1951555162897145,1.576982000421077
NAR032919023,NAR,CJF_2,CJF,2,R,R-NAR032919023,15,10,1.2487799630927783,1.576982000421077
NAR032919023,NAR,CJF_2,CJF,2,R,R-NAR032919023,15,11,1.2976787445518823,1.576982000421077
NAR032919023,NAR,CJF_2,CJF,2,R,R-NAR032919023,15,12,1.3707824164527722,1.576982000421077
NAR032919023,NAR,CJF_2,CJF,2,R,R-NAR032919023,15,13,1.4402259873072174,1.576982000421077
NAR032919023,NAR,CJF_2,CJF,2,R,R-NAR032919023,15,14,1.498864381315234,1.576982000421077
NAR032919023,NAR,CJF_2,CJF,2,R,R-NAR032919023,15,15,1.576982000421077,1.576982000421077
NAR032919023,NAR,CJF_3,CJF,3,R,R-NAR032919023,15,1,0.44694026840938095,1.5725676110700442
NAR032919023,NAR,CJF_3,CJF,3,R,R-NAR032919023,15,2,0.6212873730423166,1.5725676110700442
NAR032919023,NAR,CJF_3,CJF,3,R,R-NAR032919023,15,3,0.7471038653211484,1.5725676110700442
NAR032919023,NAR,CJF_3,CJF,3,R,R-NAR032919023,15,4,0.8530341788842175,1.5725676110700442
NAR032919023,NAR,CJF_3,CJF,3,R,R-NAR032919023,15,5,0.9276847513809041,1.5725676110700442
NAR032919023,NAR,CJF_3,CJF,3,R,R-NAR032919023,15,6,1.0071740492778118,1.5725676110700442
NAR032919023,NAR,CJF_3,CJF,3,R,R-NAR032919023,15,7,1.0869844026982993,1.5725676110700442
NAR032919023,NAR,CJF_3,CJF,3,R,R-NAR032919023,15,8,1.1583575567197857,1.5725676110700442
NAR032919023,NAR,CJF_3,CJF,3,R,R-NAR032919023,15,9,1.2102210045152306,1.5725676110700442
NAR032919023,NAR,CJF_3,CJF,3,R,R-NAR032919023,15,10,1.2628373972901155,1.5725676110700442
NAR032919023,NAR,CJF_3,CJF,3,R,R-NAR032919023,15,11,1.3025543377554991,1.5725676110700442
NAR032919023,NAR,CJF_3,CJF,3,R,R-NAR032919023,15,12,1.3901043625616873,1.5725676110700442
NAR032919023,NAR,CJF_3,CJF,3,R,R-NAR032919023,15,13,1.4463746463014922,1.5725676110700442
NAR032919023,NAR,CJF_3,CJF,3,R,R-NAR032919023,15,14,1.5081811834548178,1.5725676110700442
NAR032919023,NAR,CJF_3,CJF,3,R,R-NAR032919023,15,15,1.5725676110700442,1.5725676110700442
NAR032919023,NAR,JRS_1,JRS,1,R,R-NAR032919023,14,1,0.35870099261346133,1.4705109280353723
NAR032919023,NAR,JRS_1,JRS,1,R,R-NAR032919023,14,2,0.541443984325695,1.4705109280353723
NAR032919023,NAR,JRS_1,JRS,1,R,R-NAR032919023,14,3,0.6411356695076691,1.4705109280353723
NAR032919023,NAR,JRS_1,JRS,1,R,R-NAR032919023,14,4,0.7687830263327602,1.4705109280353723
NAR032919023,NAR,JRS_1,JRS,1,R,R-NAR032919023,14,5,0.8324456555574052,1.4705109280353723
NAR032919023,NAR,JRS_1,JRS,1,R,R-NAR032919023,14,6,0.910000364779864,1.4705109280353723
NAR032919023,NAR,JRS_1,JRS,1,R,R-NAR032919023,14,7,0.9804479848155154,1.4705109280353723
NAR032919023,NAR,JRS_1,JRS,1,R,R-NAR032919023,14,8,1.053966001880868,1.4705109280353723
NAR032919023,NAR,JRS_1,JRS,1,R,R-NAR032919023,14,9,1.111809935421911,1.4705109280353723
NAR032919023,NAR,JRS_1,JRS,1,R,R-NAR032919023,14,10,1.1690096722113514,1.4705109280353723
NAR032919023,NAR,JRS_1,JRS,1,R,R-NAR032919023,14,11,1.217642414663289,1.4705109280353723
NAR032919023,NAR,JRS_1,JRS,1,R,R-NAR032919023,14,12,1.2779125484824305,1.4705109280353723
NAR032919023,NAR,JRS_1,JRS,1,R,R-NAR032919023,14,13,1.3557893560806906,1.4705109280353723
NAR032919023,NAR,JRS_1,JRS,1,R,R-NAR032919023,14,14,1.4065262004349255,1.4705109280353723
NAR032919024,NAR,CJF_1,CJF,1,R,R-NAR032919024,19,1,0.42073712892017384,1.8620931803708485
NAR032919024,NAR,CJF_1,CJF,1,R,R-NAR032919024,19,2,0.50865059085566,1.8620931803708485
NAR032919024,NAR,CJF_1,CJF,1,R,R-NAR032919024,19,3,0.6310216380054607,1.8620931803708485
NAR032919024,NAR,CJF_1,CJF,1,R,R-NAR032919024,19,4,0.7292216532117679,1.8620931803708485
NAR032919024,NAR,CJF_1,CJF,1,R,R-NAR032919024,19,5,0.8198335591986404,1.8620931803708485
NAR032919024,NAR,CJF_1,CJF,1,R,R-NAR032919024,19,6,0.9245540915243199,1.8620931803708485
NAR032919024,NAR,CJF_1,CJF,1,R,R-NAR032919024,19,7,1.0021249632724496,1.8620931803708485
NAR032919024,NAR,CJF_1,CJF,1,R,R-NAR032919024,19,8,1.094647905793314,1.8620931803708485
NAR032919024,NAR,CJF_1,CJF,1,R,R-NAR032919024,19,9,1.1535567075337918,1.8620931803708485
NAR032919024,NAR,CJF_1,CJF,1,R,R-NAR032919024,19,10,1.2536117223575578,1.8620931803708485
NAR032919024,NAR,CJF_1,CJF,1,R,R-NAR032919024,19,11,1.3433801839105015,1.8620931803708485
NAR032919024,NAR,CJF_1,CJF,1,R,R-NAR032919024,19,12,1.4041439852684379,1.8620931803708485
NAR032919024,NAR,CJF_1,CJF,1,R,R-NAR032919024,19,13,1.509820035861113,1.8620931803708485
NAR032919024,NAR,CJF_1,CJF,1,R,R-NAR032919024,19,14,1.5751933178044284,1.8620931803708485
NAR032919024,NAR,CJF_1,CJF,1,R,R-NAR032919024,19,15,1.636968674345894,1.8620931803708485
NAR032919024,NAR,CJF_1,CJF,1,R,R-NAR032919024,19,16,1.6892448851339334,1.8620931803708485
NAR032919024,NAR,CJF_1,CJF,1,R,R-NAR032919024,19,17,1.7546742039937824,1.8620931803708485
NAR032919024,NAR,CJF_1,CJF,1,R,R-NAR032919024,19,18,1.817293004969177,1.8620931803708485
NAR032919024,NAR,CJF_1,CJF,1,R,R-NAR032919024,19,19,1.8620931803708485,1.8620931803708485
NAR032919024,NAR,CJF_2,CJF,2,R,R-NAR032919024,18,1,0.4747288517274537,1.935076078767875
NAR032919024,NAR,CJF_2,CJF,2,R,R-NAR032919024,18,2,0.6567444799038968,1.935076078767875
NAR032919024,NAR,CJF_2,CJF,2,R,R-NAR032919024,18,3,0.7525741489788724,1.935076078767875
NAR032919024,NAR,CJF_2,CJF,2,R,R-NAR032919024,18,4,0.8847669667986121,1.935076078767875
NAR032919024,NAR,CJF_2,CJF,2,R,R-NAR032919024,18,5,0.9639219721981317,1.935076078767875
NAR032919024,NAR,CJF_2,CJF,2,R,R-NAR032919024,18,6,1.0374516961492777,1.935076078767875
NAR032919024,NAR,CJF_2,CJF,2,R,R-NAR032919024,18,7,1.1314733316313508,1.935076078767875
NAR032919024,NAR,CJF_2,CJF,2,R,R-NAR032919024,18,8,1.206007662713781,1.935076078767875
NAR032919024,NAR,CJF_2,CJF,2,R,R-NAR032919024,18,9,1.3064580061058464,1.935076078767875
NAR032919024,NAR,CJF_2,CJF,2,R,R-NAR032919024,18,10,1.3872198644286045,1.935076078767875
NAR032919024,NAR,CJF_2,CJF,2,R,R-NAR032919024,18,11,1.4579369476555637,1.935076078767875
NAR032919024,NAR,CJF_2,CJF,2,R,R-NAR032919024,18,12,1.5501505495447339,1.935076078767875
NAR032919024,NAR,CJF_2,CJF,2,R,R-NAR032919024,18,13,1.602384935503334,1.935076078767875
NAR032919024,NAR,CJF_2,CJF,2,R,R-NAR032919024,18,14,1.66747673728192,1.935076078767875
NAR032919024,NAR,CJF_2,CJF,2,R,R-NAR032919024,18,15,1.7420110683643502,1.935076078767875
NAR032919024,NAR,CJF_2,CJF,2,R,R-NAR032919024,18,16,1.8099155108671228,1.935076078767875
NAR032919024,NAR,CJF_2,CJF,2,R,R-NAR032919024,18,17,1.8784221991618495,1.935076078767875
NAR032919024,NAR,CJF_2,CJF,2,R,R-NAR032919024,18,18,1.935076078767875,1.935076078767875
NAR032919024,NAR,CJF_3,CJF,3,R,R-NAR032919024,19,1,0.43102168747122477,1.9070979287832026
NAR032919024,NAR,CJF_3,CJF,3,R,R-NAR032919024,19,2,0.5064870052800983,1.9070979287832026
NAR032919024,NAR,CJF_3,CJF,3,R,R-NAR032919024,19,3,0.6253059647701449,1.9070979287832026
NAR032919024,NAR,CJF_3,CJF,3,R,R-NAR032919024,19,4,0.7290629935455603,1.9070979287832026
NAR032919024,NAR,CJF_3,CJF,3,R,R-NAR032919024,19,5,0.8328200223209756,1.9070979287832026
NAR032919024,NAR,CJF_3,CJF,3,R,R-NAR032919024,19,6,0.9186267968755328,1.9070979287832026
NAR032919024,NAR,CJF_3,CJF,3,R,R-NAR032919024,19,7,1.0063279875870983,1.9070979287832026
NAR032919024,NAR,CJF_3,CJF,3,R,R-NAR032919024,19,8,1.0827249470509037,1.9070979287832026
NAR032919024,NAR,CJF_3,CJF,3,R,R-NAR032919024,19,9,1.1761093862334917,1.9070979287832026
NAR032919024,NAR,CJF_3,CJF,3,R,R-NAR032919024,19,10,1.257226819666245,1.9070979287832026
NAR032919024,NAR,CJF_3,CJF,3,R,R-NAR032919024,19,11,1.3204251317252835,1.9070979287832026
NAR032919024,NAR,CJF_3,CJF,3,R,R-NAR032919024,19,12,1.3854867270941869,1.9070979287832026
NAR032919024,NAR,CJF_3,CJF,3,R,R-NAR032919024,19,13,1.5034363106235875,1.9070979287832026
NAR032919024,NAR,CJF_3,CJF,3,R,R-NAR032919024,19,14,1.5543053512385054,1.9070979287832026
NAR032919024,NAR,CJF_3,CJF,3,R,R-NAR032919024,19,15,1.6354227846712586,1.9070979287832026
NAR032919024,NAR,CJF_3,CJF,3,R,R-NAR032919024,19,16,1.7023787961971693,1.9070979287832026
NAR032919024,NAR,CJF_3,CJF,3,R,R-NAR032919024,19,17,1.7627510504442678,1.9070979287832026
NAR032919024,NAR,CJF_3,CJF,3,R,R-NAR032919024,19,18,1.8372847265982089,1.9070979287832026
NAR032919024,NAR,CJF_3,CJF,3,R,R-NAR032919024,19,19,1.9070979287832026,1.9070979287832026
NAR032919024,NAR,JRS_1,JRS,1,R,R-NAR032919024,19,1,0.30050880046216094,1.8769733062829355
NAR032919024,NAR,JRS_1,JRS,1,R,R-NAR032919024,19,2,0.448740879640643,1.8769733062829355
NAR032919024,NAR,JRS_1,JRS,1,R,R-NAR032919024,19,3,0.5256948647295092,1.8769733062829355
NAR032919024,NAR,JRS_1,JRS,1,R,R-NAR032919024,19,4,0.6235591089719773,1.8769733062829355
NAR032919024,NAR,JRS_1,JRS,1,R,R-NAR032919024,19,5,0.7340153119484503,1.8769733062829355
NAR032919024,NAR,JRS_1,JRS,1,R,R-NAR032919024,19,6,0.8219300068772667,1.8769733062829355
NAR032919024,NAR,JRS_1,JRS,1,R,R-NAR032919024,19,7,0.9230567489078402,1.8769733062829355
NAR032919024,NAR,JRS_1,JRS,1,R,R-NAR032919024,19,8,1.0245745630969592,1.8769733062829355
NAR032919024,NAR,JRS_1,JRS,1,R,R-NAR032919024,19,9,1.107824527552826,1.8769733062829355
NAR032919024,NAR,JRS_1,JRS,1,R,R-NAR032919024,19,10,1.1983816319019944,1.8769733062829355
NAR032919024,NAR,JRS_1,JRS,1,R,R-NAR032919024,19,11,1.2617324977305575,1.8769733062829355
NAR032919024,NAR,JRS_1,JRS,1,R,R-NAR032919024,19,12,1.3382954106608766,1.8769733062829355
NAR032919024,NAR,JRS_1,JRS,1,R,R-NAR032919024,19,13,1.4000150275953875,1.8769733062829355
NAR032919024,NAR,JRS_1,JRS,1,R,R-NAR032919024,19,14,1.4988904323641559,1.8769733062829355
NAR032919024,NAR,JRS_1,JRS,1,R,R-NAR032919024,19,15,1.5658948681393692,1.8769733062829355
NAR032919024,NAR,JRS_1,JRS,1,R,R-NAR032919024,19,16,1.6408265321756361,1.8769733062829355
NAR032919024,NAR,JRS_1,JRS,1,R,R-NAR032919024,19,17,1.6942278486905473,1.8769733062829355
NAR032919024,NAR,JRS_1,JRS,1,R,R-NAR032919024,19,18,1.7748354037260632,1.8769733062829355
NAR032919024,NAR,JRS_1,JRS,1,R,R-NAR032919024,19,19,1.8199184198213736,1.8769733062829355
NAR032919025,NAR,CJF_1,CJF,1,R,R-NAR032919025,5,1,0.35785710201280574,1.0175540799385443
NAR032919025,NAR,CJF_1,CJF,1,R,R-NAR032919025,5,2,0.6287056414521692,1.0175540799385443
NAR032919025,NAR,CJF_1,CJF,1,R,R-NAR032919025,5,3,0.8044721294953319,1.0175540799385443
NAR032919025,NAR,CJF_1,CJF,1,R,R-NAR032919025,5,4,0.948350583366887,1.0175540799385443
NAR032919025,NAR,CJF_1,CJF,1,R,R-NAR032919025,5,5,1.0175540799385443,1.0175540799385443
NAR032919025,NAR,CJF_2,CJF,2,R,R-NAR032919025,5,1,0.375435830149055,1.1029293440811194
NAR032919025,NAR,CJF_2,CJF,2,R,R-NAR032919025,5,2,0.6513356547886688,1.1029293440811194
NAR032919025,NAR,CJF_2,CJF,2,R,R-NAR032919025,5,3,0.8224248265247206,1.1029293440811194
NAR032919025,NAR,CJF_2,CJF,2,R,R-NAR032919025,5,4,0.9886728508225742,1.1029293440811194
NAR032919025,NAR,CJF_2,CJF,2,R,R-NAR032919025,5,5,1.1029293440811194,1.1029293440811194
NAR032919025,NAR,CJF_3,CJF,3,R,R-NAR032919025,5,1,0.3747789529255976,1.0665135137525006
NAR032919025,NAR,CJF_3,CJF,3,R,R-NAR032919025,5,2,0.6415012004652999,1.0665135137525006
NAR032919025,NAR,CJF_3,CJF,3,R,R-NAR032919025,5,3,0.8336020100402255,1.0665135137525006
NAR032919025,NAR,CJF_3,CJF,3,R,R-NAR032919025,5,4,0.9824694095634701,1.0665135137525006
NAR032919025,NAR,CJF_3,CJF,3,R,R-NAR032919025,5,5,1.0665135137525006,1.0665135137525006
NAR032919025,NAR,JRS_1,JRS,1,R,R-NAR032919025,4,1,0.3342416486294719,0.9871419190209466
NAR032919025,NAR,JRS_1,JRS,1,R,R-NAR032919025,4,2,0.5709596024931336,0.9871419190209466
NAR032919025,NAR,JRS_1,JRS,1,R,R-NAR032919025,4,3,0.7622131105013416,0.9871419190209466
NAR032919025,NAR,JRS_1,JRS,1,R,R-NAR032919025,4,4,0.9172820712216906,0.9871419190209466
NAR033019001,NAR,CJF_1,CJF,1,R,R-NAR033019001,21,1,0.5247354295051754,2.10093272486725
NAR033019001,NAR,CJF_1,CJF,1,R,R-NAR033019001,21,2,0.6372208996628078,2.10093272486725
NAR033019001,NAR,CJF_1,CJF,1,R,R-NAR033019001,21,3,0.7821942315421118,2.10093272486725
NAR033019001,NAR,CJF_1,CJF,1,R,R-NAR033019001,21,4,0.8776668098605774,2.10093272486725
NAR033019001,NAR,CJF_1,CJF,1,R,R-NAR033019001,21,5,0.9774372779605854,2.10093272486725
NAR033019001,NAR,CJF_1,CJF,1,R,R-NAR033019001,21,6,1.082411805621909,2.10093272486725
NAR033019001,NAR,CJF_1,CJF,1,R,R-NAR033019001,21,7,1.1774312990504876,2.10093272486725
NAR033019001,NAR,CJF_1,CJF,1,R,R-NAR033019001,21,8,1.2427228985822756,2.10093272486725
NAR033019001,NAR,CJF_1,CJF,1,R,R-NAR033019001,21,9,1.330684534404432,2.10093272486725
NAR033019001,NAR,CJF_1,CJF,1,R,R-NAR033019001,21,10,1.4162020784901532,2.10093272486725
NAR033019001,NAR,CJF_1,CJF,1,R,R-NAR033019001,21,11,1.4914487122546853,2.10093272486725
NAR033019001,NAR,CJF_1,CJF,1,R,R-NAR033019001,21,12,1.5552023898298102,2.10093272486725
NAR033019001,NAR,CJF_1,CJF,1,R,R-NAR033019001,21,13,1.636422044133989,2.10093272486725
NAR033019001,NAR,CJF_1,CJF,1,R,R-NAR033019001,21,14,1.686691758673159,2.10093272486725
NAR033019001,NAR,CJF_1,CJF,1,R,R-NAR033019001,21,15,1.7524364430948327,2.10093272486725
NAR033019001,NAR,CJF_1,CJF,1,R,R-NAR033019001,21,16,1.804697164480551,2.10093272486725
NAR033019001,NAR,CJF_1,CJF,1,R,R-NAR033019001,21,17,1.8672287961874587,2.10093272486725
NAR033019001,NAR,CJF_1,CJF,1,R,R-NAR033019001,21,18,1.9144226668133035,2.10093272486725
NAR033019001,NAR,CJF_1,CJF,1,R,R-NAR033019001,21,19,1.9904382615561667,2.10093272486725
NAR033019001,NAR,CJF_1,CJF,1,R,R-NAR033019001,21,20,2.0652318104308116,2.10093272486725
NAR033019001,NAR,CJF_1,CJF,1,R,R-NAR033019001,21,21,2.10093272486725,2.10093272486725
NAR033019001,NAR,CJF_2,CJF,2,R,R-NAR033019001,21,1,0.5127478103357291,2.098719197244502
NAR033019001,NAR,CJF_2,CJF,2,R,R-NAR033019001,21,2,0.636368240945213,2.098719197244502
NAR033019001,NAR,CJF_2,CJF,2,R,R-NAR033019001,21,3,0.7910143725968581,2.098719197244502
NAR033019001,NAR,CJF_2,CJF,2,R,R-NAR033019001,21,4,0.8963687153085466,2.098719197244502
NAR033019001,NAR,CJF_2,CJF,2,R,R-NAR033019001,21,5,0.9977804163051789,2.098719197244502
NAR033019001,NAR,CJF_2,CJF,2,R,R-NAR033019001,21,6,1.0787300513264717,2.098719197244502
NAR033019001,NAR,CJF_2,CJF,2,R,R-NAR033019001,21,7,1.1725890709721418,2.098719197244502
NAR033019001,NAR,CJF_2,CJF,2,R,R-NAR033019001,21,8,1.2401469478098937,2.098719197244502
NAR033019001,NAR,CJF_2,CJF,2,R,R-NAR033019001,21,9,1.3347878839747491,2.098719197244502
NAR033019001,NAR,CJF_2,CJF,2,R,R-NAR033019001,21,10,1.410530587202636,2.098719197244502
NAR033019001,NAR,CJF_2,CJF,2,R,R-NAR033019001,21,11,1.4869054354696971,2.098719197244502
NAR033019001,NAR,CJF_2,CJF,2,R,R-NAR033019001,21,12,1.556359747424971,2.098719197244502
NAR033019001,NAR,CJF_2,CJF,2,R,R-NAR033019001,21,13,1.6231357077435367,2.098719197244502
NAR033019001,NAR,CJF_2,CJF,2,R,R-NAR033019001,21,14,1.6791982615152692,2.098719197244502
NAR033019001,NAR,CJF_2,CJF,2,R,R-NAR033019001,21,15,1.7426637251579529,2.098719197244502
NAR033019001,NAR,CJF_2,CJF,2,R,R-NAR033019001,21,16,1.8284876898934976,2.098719197244502
NAR033019001,NAR,CJF_2,CJF,2,R,R-NAR033019001,21,17,1.873054920599212,2.098719197244502
NAR033019001,NAR,CJF_2,CJF,2,R,R-NAR033019001,21,18,1.9251748326558877,2.098719197244502
NAR033019001,NAR,CJF_2,CJF,2,R,R-NAR033019001,21,19,1.9765128281933781,2.098719197244502
NAR033019001,NAR,CJF_2,CJF,2,R,R-NAR033019001,21,20,2.043288788511944,2.098719197244502
NAR033019001,NAR,CJF_2,CJF,2,R,R-NAR033019001,21,21,2.098719197244502,2.098719197244502
NAR033019001,NAR,CJF_3,CJF,3,R,R-NAR033019001,21,1,0.46973803630666466,2.0689789989209935
NAR033019001,NAR,CJF_3,CJF,3,R,R-NAR033019001,21,2,0.6078831419278358,2.0689789989209935
NAR033019001,NAR,CJF_3,CJF,3,R,R-NAR033019001,21,3,0.7406470262260376,2.0689789989209935
NAR033019001,NAR,CJF_3,CJF,3,R,R-NAR033019001,21,4,0.8545542972965071,2.0689789989209935
NAR033019001,NAR,CJF_3,CJF,3,R,R-NAR033019001,21,5,0.9408027624462871,2.0689789989209935
NAR033019001,NAR,CJF_3,CJF,3,R,R-NAR033019001,21,6,1.040556404297286,2.0689789989209935
NAR033019001,NAR,CJF_3,CJF,3,R,R-NAR033019001,21,7,1.1288395813911851,2.0689789989209935
NAR033019001,NAR,CJF_3,CJF,3,R,R-NAR033019001,21,8,1.2117266447638884,2.0689789989209935
NAR033019001,NAR,CJF_3,CJF,3,R,R-NAR033019001,21,9,1.3020445338019069,2.0689789989209935
NAR033019001,NAR,CJF_3,CJF,3,R,R-NAR033019001,21,10,1.3700997306404326,2.0689789989209935
NAR033019001,NAR,CJF_3,CJF,3,R,R-NAR033019001,21,11,1.4806307075355967,2.0689789989209935
NAR033019001,NAR,CJF_3,CJF,3,R,R-NAR033019001,21,12,1.5426413381346746,2.0689789989209935
NAR033019001,NAR,CJF_3,CJF,3,R,R-NAR033019001,21,13,1.587122045338978,2.0689789989209935
NAR033019001,NAR,CJF_3,CJF,3,R,R-NAR033019001,21,14,1.6383255560974346,2.0689789989209935
NAR033019001,NAR,CJF_3,CJF,3,R,R-NAR033019001,21,15,1.7158313981471687,2.0689789989209935
NAR033019001,NAR,CJF_3,CJF,3,R,R-NAR033019001,21,16,1.767064693702081,2.0689789989209935
NAR033019001,NAR,CJF_3,CJF,3,R,R-NAR033019001,21,17,1.8223227359505494,2.0689789989209935
NAR033019001,NAR,CJF_3,CJF,3,R,R-NAR033019001,21,18,1.8769025408843116,2.0689789989209935
NAR033019001,NAR,CJF_3,CJF,3,R,R-NAR033019001,21,19,1.9388982790851623,2.0689789989209935
NAR033019001,NAR,CJF_3,CJF,3,R,R-NAR033019001,21,20,2.0177605957643086,2.0689789989209935
NAR033019001,NAR,CJF_3,CJF,3,R,R-NAR033019001,21,21,2.0689789989209935,2.0689789989209935
NAR033019001,NAR,JRS_1,JRS,1,R,R-NAR033019001,21,1,0.3556193363211679,2.079189240490839
NAR033019001,NAR,JRS_1,JRS,1,R,R-NAR033019001,21,2,0.48580591058800804,2.079189240490839
NAR033019001,NAR,JRS_1,JRS,1,R,R-NAR033019001,21,3,0.6060516888642352,2.079189240490839
NAR033019001,NAR,JRS_1,JRS,1,R,R-NAR033019001,21,4,0.7649921358596554,2.079189240490839
NAR033019001,NAR,JRS_1,JRS,1,R,R-NAR033019001,21,5,0.8724990622942955,2.079189240490839
NAR033019001,NAR,JRS_1,JRS,1,R,R-NAR033019001,21,6,0.9629224525986827,2.079189240490839
NAR033019001,NAR,JRS_1,JRS,1,R,R-NAR033019001,21,7,1.0505477870520963,2.079189240490839
NAR033019001,NAR,JRS_1,JRS,1,R,R-NAR033019001,21,8,1.1453158616451502,2.079189240490839
NAR033019001,NAR,JRS_1,JRS,1,R,R-NAR033019001,21,9,1.230916454466437,2.079189240490839
NAR033019001,NAR,JRS_1,JRS,1,R,R-NAR033019001,21,10,1.3157437330688773,2.079189240490839
NAR033019001,NAR,JRS_1,JRS,1,R,R-NAR033019001,21,11,1.3921768441183977,2.079189240490839
NAR033019001,NAR,JRS_1,JRS,1,R,R-NAR033019001,21,12,1.4762308085019908,2.079189240490839
NAR033019001,NAR,JRS_1,JRS,1,R,R-NAR033019001,21,13,1.5399250677099243,2.079189240490839
NAR033019001,NAR,JRS_1,JRS,1,R,R-NAR033019001,21,14,1.6176096061727248,2.079189240490839
NAR033019001,NAR,JRS_1,JRS,1,R,R-NAR033019001,21,15,1.7024368847751647,2.079189240490839
NAR033019001,NAR,JRS_1,JRS,1,R,R-NAR033019001,21,16,1.7582150896246116,2.079189240490839
NAR033019001,NAR,JRS_1,JRS,1,R,R-NAR033019001,21,17,1.8290520889721849,2.079189240490839
NAR033019001,NAR,JRS_1,JRS,1,R,R-NAR033019001,21,18,1.8290520889721849,2.079189240490839
NAR033019001,NAR,JRS_1,JRS,1,R,R-NAR033019001,21,19,1.885603608040479,2.079189240490839
NAR033019001,NAR,JRS_1,JRS,1,R,R-NAR033019001,21,20,1.963288146503279,2.079189240490839
NAR033019001,NAR,JRS_1,JRS,1,R,R-NAR033019001,21,21,2.032578517413159,2.079189240490839
NAR033019002,NAR,CJF_1,CJF,1,R,R-NAR033019002,5,1,0.5194201423949152,1.021921175616529
NAR033019002,NAR,CJF_1,CJF,1,R,R-NAR033019002,5,2,0.6716139880239584,1.021921175616529
NAR033019002,NAR,CJF_1,CJF,1,R,R-NAR033019002,5,3,0.8188278600436008,1.021921175616529
NAR033019002,NAR,CJF_1,CJF,1,R,R-NAR033019002,5,4,0.9230714840137411,1.021921175616529
NAR033019002,NAR,CJF_1,CJF,1,R,R-NAR033019002,5,5,1.021921175616529,1.021921175616529
NAR033019002,NAR,CJF_2,CJF,2,R,R-NAR033019002,5,1,0.5631619298770676,1.048862002245277
NAR033019002,NAR,CJF_2,CJF,2,R,R-NAR033019002,5,2,0.7077069512093577,1.048862002245277
NAR033019002,NAR,CJF_2,CJF,2,R,R-NAR033019002,5,3,0.8614964754679452,1.048862002245277
NAR033019002,NAR,CJF_2,CJF,2,R,R-NAR033019002,5,4,0.9689258026669276,1.048862002245277
NAR033019002,NAR,CJF_2,CJF,2,R,R-NAR033019002,5,5,1.048862002245277,1.048862002245277
NAR033019002,NAR,CJF_3,CJF,3,R,R-NAR033019002,5,1,0.4934949650819033,0.9992011942545529
NAR033019002,NAR,CJF_3,CJF,3,R,R-NAR033019002,5,2,0.6490270207563108,0.9992011942545529
NAR033019002,NAR,CJF_3,CJF,3,R,R-NAR033019002,5,3,0.7832715656486477,0.9992011942545529
NAR033019002,NAR,CJF_3,CJF,3,R,R-NAR033019002,5,4,0.8935879271282534,0.9992011942545529
NAR033019002,NAR,CJF_3,CJF,3,R,R-NAR033019002,5,5,0.9992011942545529,0.9992011942545529
NAR033019002,NAR,JRS_1,JRS,1,R,R-NAR033019002,4,1,0.5303170893775656,1.02414546847826
NAR033019002,NAR,JRS_1,JRS,1,R,R-NAR033019002,4,2,0.698464238044971,1.02414546847826
NAR033019002,NAR,JRS_1,JRS,1,R,R-NAR033019002,4,3,0.8222119271684137,1.02414546847826
NAR033019002,NAR,JRS_1,JRS,1,R,R-NAR033019002,4,4,0.910437079771862,1.02414546847826
NAR033019003,NAR,CJF_1,CJF,1,R,R-NAR033019003,5,1,0.3585035252559173,1.006609364013878
NAR033019003,NAR,CJF_1,CJF,1,R,R-NAR033019003,5,2,0.6454799216571245,1.006609364013878
NAR033019003,NAR,CJF_1,CJF,1,R,R-NAR033019003,5,3,0.7866794299276076,1.006609364013878
NAR033019003,NAR,CJF_1,CJF,1,R,R-NAR033019003,5,4,0.9071121152416447,1.006609364013878
NAR033019003,NAR,CJF_1,CJF,1,R,R-NAR033019003,5,5,1.006609364013878,1.006609364013878
NAR033019003,NAR,CJF_2,CJF,2,R,R-NAR033019003,5,1,0.372346692896567,1.0176342510491565
NAR033019003,NAR,CJF_2,CJF,2,R,R-NAR033019003,5,2,0.6475948349808877,1.0176342510491565
NAR033019003,NAR,CJF_2,CJF,2,R,R-NAR033019003,5,3,0.7876149405078525,1.0176342510491565
NAR033019003,NAR,CJF_2,CJF,2,R,R-NAR033019003,5,4,0.9324271150044289,1.0176342510491565
NAR033019003,NAR,CJF_2,CJF,2,R,R-NAR033019003,5,5,1.0176342510491565,1.0176342510491565
NAR033019003,NAR,CJF_3,CJF,3,R,R-NAR033019003,5,1,0.3512184526040689,0.9936423920377677
NAR033019003,NAR,CJF_3,CJF,3,R,R-NAR033019003,5,2,0.6299985975908607,0.9936423920377677
NAR033019003,NAR,CJF_3,CJF,3,R,R-NAR033019003,5,3,0.7748752128254146,0.9936423920377677
NAR033019003,NAR,CJF_3,CJF,3,R,R-NAR033019003,5,4,0.9184769733251692,0.9936423920377677
NAR033019003,NAR,CJF_3,CJF,3,R,R-NAR033019003,5,5,0.9936423920377677,0.9936423920377677
NAR033019004,NAR,CJF_1,CJF,1,R,R-NAR033019004,9,1,0.42988016102844173,1.365338103585753
NAR033019004,NAR,CJF_1,CJF,1,R,R-NAR033019004,9,2,0.6354615876546167,1.365338103585753
NAR033019004,NAR,CJF_1,CJF,1,R,R-NAR033019004,9,3,0.7606315506115051,1.365338103585753
NAR033019004,NAR,CJF_1,CJF,1,R,R-NAR033019004,9,4,0.8622783193572132,1.365338103585753
NAR033019004,NAR,CJF_1,CJF,1,R,R-NAR033019004,9,5,0.9614070908025915,1.365338103585753
NAR033019004,NAR,CJF_1,CJF,1,R,R-NAR033019004,9,6,1.0794832781896344,1.365338103585753
NAR033019004,NAR,CJF_1,CJF,1,R,R-NAR033019004,9,7,1.1788421578005854,1.365338103585753
NAR033019004,NAR,CJF_1,CJF,1,R,R-NAR033019004,9,8,1.2639214430056154,1.365338103585753
NAR033019004,NAR,CJF_1,CJF,1,R,R-NAR033019004,9,9,1.365338103585753,1.365338103585753
NAR033019004,NAR,CJF_2,CJF,2,R,R-NAR033019004,9,1,0.45708704931952315,1.4280621585739879
NAR033019004,NAR,CJF_2,CJF,2,R,R-NAR033019004,9,2,0.6732910034929058,1.4280621585739879
NAR033019004,NAR,CJF_2,CJF,2,R,R-NAR033019004,9,3,0.801271875004008,1.4280621585739879
NAR033019004,NAR,CJF_2,CJF,2,R,R-NAR033019004,9,4,0.905823788927236,1.4280621585739879
NAR033019004,NAR,CJF_2,CJF,2,R,R-NAR033019004,9,5,0.9986612240565261,1.4280621585739879
NAR033019004,NAR,CJF_2,CJF,2,R,R-NAR033019004,9,6,1.1154634096529275,1.4280621585739879
NAR033019004,NAR,CJF_2,CJF,2,R,R-NAR033019004,9,7,1.2414943001833487,1.4280621585739879
NAR033019004,NAR,CJF_2,CJF,2,R,R-NAR033019004,9,8,1.3414318616395653,1.4280621585739879
NAR033019004,NAR,CJF_2,CJF,2,R,R-NAR033019004,9,9,1.4280621585739879,1.4280621585739879
NAR033019004,NAR,CJF_3,CJF,3,R,R-NAR033019004,9,1,0.5308228442241638,1.4793753509400758
NAR033019004,NAR,CJF_3,CJF,3,R,R-NAR033019004,9,2,0.7349760099195836,1.4793753509400758
NAR033019004,NAR,CJF_3,CJF,3,R,R-NAR033019004,9,3,0.8576155898332571,1.4793753509400758
NAR033019004,NAR,CJF_3,CJF,3,R,R-NAR033019004,9,4,0.9582219719775211,1.4793753509400758
NAR033019004,NAR,CJF_3,CJF,3,R,R-NAR033019004,9,5,1.0662958204586062,1.4793753509400758
NAR033019004,NAR,CJF_3,CJF,3,R,R-NAR033019004,9,6,1.186487267286789,1.4793753509400758
NAR033019004,NAR,CJF_3,CJF,3,R,R-NAR033019004,9,7,1.3088807130397608,1.4793753509400758
NAR033019004,NAR,CJF_3,CJF,3,R,R-NAR033019004,9,8,1.4025118971686072,1.4793753509400758
NAR033019004,NAR,CJF_3,CJF,3,R,R-NAR033019004,9,9,1.4793753509400758,1.4793753509400758
NAR033019004,NAR,JRS_1,JRS,1,R,R-NAR033019004,8,1,0.4275496263480219,1.3495955204572663
NAR033019004,NAR,JRS_1,JRS,1,R,R-NAR033019004,8,2,0.6108747829525787,1.3495955204572663
NAR033019004,NAR,JRS_1,JRS,1,R,R-NAR033019004,8,3,0.7583859640694626,1.3495955204572663
NAR033019004,NAR,JRS_1,JRS,1,R,R-NAR033019004,8,4,0.8612361834257429,1.3495955204572663
NAR033019004,NAR,JRS_1,JRS,1,R,R-NAR033019004,8,5,0.963996800326618,1.3495955204572663
NAR033019004,NAR,JRS_1,JRS,1,R,R-NAR033019004,8,6,1.0828165636949865,1.3495955204572663
NAR033019004,NAR,JRS_1,JRS,1,R,R-NAR033019004,8,7,1.1890040557823334,1.3495955204572663
NAR033019004,NAR,JRS_1,JRS,1,R,R-NAR033019004,8,8,1.2660521178441393,1.3495955204572663
NAR033019005,NAR,CJF_1,CJF,1,R,R-NAR033019005,12,1,0.3706784995384638,1.3377250744843705
NAR033019005,NAR,CJF_1,CJF,1,R,R-NAR033019005,12,2,0.579630199557011,1.3377250744843705
NAR033019005,NAR,CJF_1,CJF,1,R,R-NAR033019005,12,3,0.7113049722787995,1.3377250744843705
NAR033019005,NAR,CJF_1,CJF,1,R,R-NAR033019005,12,4,0.8111887311576808,1.3377250744843705
NAR033019005,NAR,CJF_1,CJF,1,R,R-NAR033019005,12,5,0.9075945159470048,1.3377250744843705
NAR033019005,NAR,CJF_1,CJF,1,R,R-NAR033019005,12,6,0.9618838629983922,1.3377250744843705
NAR033019005,NAR,CJF_1,CJF,1,R,R-NAR033019005,12,7,1.0450297460268412,1.3377250744843705
NAR033019005,NAR,CJF_1,CJF,1,R,R-NAR033019005,12,8,1.1310558577343142,1.3377250744843705
NAR033019005,NAR,CJF_1,CJF,1,R,R-NAR033019005,12,9,1.2061045509494035,1.3377250744843705
NAR033019005,NAR,CJF_1,CJF,1,R,R-NAR033019005,12,10,1.2563181785007003,1.3377250744843705
NAR033019005,NAR,CJF_1,CJF,1,R,R-NAR033019005,12,11,1.2892504339778526,1.3377250744843705
NAR033019005,NAR,CJF_1,CJF,1,R,R-NAR033019005,12,12,1.3377250744843705,1.3377250744843705
NAR033019005,NAR,CJF_2,CJF,2,R,R-NAR033019005,11,1,0.3892905080552032,1.3477934654635433
NAR033019005,NAR,CJF_2,CJF,2,R,R-NAR033019005,11,2,0.5724490516907031,1.3477934654635433
NAR033019005,NAR,CJF_2,CJF,2,R,R-NAR033019005,11,3,0.7270480250054803,1.3477934654635433
NAR033019005,NAR,CJF_2,CJF,2,R,R-NAR033019005,11,4,0.8233235981189561,1.3477934654635433
NAR033019005,NAR,CJF_2,CJF,2,R,R-NAR033019005,11,5,0.9228357735699977,1.3477934654635433
NAR033019005,NAR,CJF_2,CJF,2,R,R-NAR033019005,11,6,0.9756698614224624,1.3477934654635433
NAR033019005,NAR,CJF_2,CJF,2,R,R-NAR033019005,11,7,1.0716282301146935,1.3477934654635433
NAR033019005,NAR,CJF_2,CJF,2,R,R-NAR033019005,11,8,1.150387415730243,1.3477934654635433
NAR033019005,NAR,CJF_2,CJF,2,R,R-NAR033019005,11,9,1.2223561922494164,1.3477934654635433
NAR033019005,NAR,CJF_2,CJF,2,R,R-NAR033019005,11,10,1.2797279791869844,1.3477934654635433
NAR033019005,NAR,CJF_2,CJF,2,R,R-NAR033019005,11,11,1.3477934654635433,1.3477934654635433
NAR033019005,NAR,CJF_3,CJF,3,R,R-NAR033019005,11,1,0.3731604097424126,1.3549735706875048
NAR033019005,NAR,CJF_3,CJF,3,R,R-NAR033019005,11,2,0.5711300438539489,1.3549735706875048
NAR033019005,NAR,CJF_3,CJF,3,R,R-NAR033019005,11,3,0.7199499117182471,1.3549735706875048
NAR033019005,NAR,CJF_3,CJF,3,R,R-NAR033019005,11,4,0.8184594694576587,1.3549735706875048
NAR033019005,NAR,CJF_3,CJF,3,R,R-NAR033019005,11,5,0.8912834039917832,1.3549735706875048
NAR033019005,NAR,CJF_3,CJF,3,R,R-NAR033019005,11,6,0.9822884202614485,1.3549735706875048
NAR033019005,NAR,CJF_3,CJF,3,R,R-NAR033019005,11,7,1.0575438602038434,1.3549735706875048
NAR033019005,NAR,CJF_3,CJF,3,R,R-NAR033019005,11,8,1.1473331237693738,1.3549735706875048
NAR033019005,NAR,CJF_3,CJF,3,R,R-NAR033019005,11,9,1.214608762925666,1.3549735706875048
NAR033019005,NAR,CJF_3,CJF,3,R,R-NAR033019005,11,10,1.2709978365712287,1.3549735706875048
NAR033019005,NAR,CJF_3,CJF,3,R,R-NAR033019005,11,11,1.3549735706875048,1.3549735706875048
NAR033019005,NAR,JRS_1,JRS,1,R,R-NAR033019005,11,1,0.29265586641700525,1.2457722591936709
NAR033019005,NAR,JRS_1,JRS,1,R,R-NAR033019005,11,2,0.4904235857114384,1.2457722591936709
NAR033019005,NAR,JRS_1,JRS,1,R,R-NAR033019005,11,3,0.6199621768008502,1.2457722591936709
NAR033019005,NAR,JRS_1,JRS,1,R,R-NAR033019005,11,4,0.7063697919254567,1.2457722591936709
NAR033019005,NAR,JRS_1,JRS,1,R,R-NAR033019005,11,5,0.8138798467656341,1.2457722591936709
NAR033019005,NAR,JRS_1,JRS,1,R,R-NAR033019005,11,6,0.8863492409696379,1.2457722591936709
NAR033019005,NAR,JRS_1,JRS,1,R,R-NAR033019005,11,7,0.9635947810369536,1.2457722591936709
NAR033019005,NAR,JRS_1,JRS,1,R,R-NAR033019005,11,8,1.0274379800479965,1.2457722591936709
NAR033019005,NAR,JRS_1,JRS,1,R,R-NAR033019005,11,9,1.0883572262630539,1.2457722591936709
NAR033019005,NAR,JRS_1,JRS,1,R,R-NAR033019005,11,10,1.1435742300811353,1.2457722591936709
NAR033019005,NAR,JRS_1,JRS,1,R,R-NAR033019005,11,11,1.1872410859102702,1.2457722591936709
NAR033019006,NAR,CJF_1,CJF,1,R,R-NAR033019006,6,1,0.5107495406520851,1.1969382285568295
NAR033019006,NAR,CJF_1,CJF,1,R,R-NAR033019006,6,2,0.6843049723535676,1.1969382285568295
NAR033019006,NAR,CJF_1,CJF,1,R,R-NAR033019006,6,3,0.8431554075370546,1.1969382285568295
NAR033019006,NAR,CJF_1,CJF,1,R,R-NAR033019006,6,4,0.9703718638122816,1.1969382285568295
NAR033019006,NAR,CJF_1,CJF,1,R,R-NAR033019006,6,5,1.0840864984785041,1.1969382285568295
NAR033019006,NAR,CJF_1,CJF,1,R,R-NAR033019006,6,6,1.1969382285568295,1.1969382285568295
NAR033019006,NAR,CJF_2,CJF,2,R,R-NAR033019006,6,1,0.5172960903306588,1.2052780403767023
NAR033019006,NAR,CJF_2,CJF,2,R,R-NAR033019006,6,2,0.6975388236919824,1.2052780403767023
NAR033019006,NAR,CJF_2,CJF,2,R,R-NAR033019006,6,3,0.8530257004461719,1.2052780403767023
NAR033019006,NAR,CJF_2,CJF,2,R,R-NAR033019006,6,4,0.9668303926474574,1.2052780403767023
NAR033019006,NAR,CJF_2,CJF,2,R,R-NAR033019006,6,5,1.1045131499058947,1.2052780403767023
NAR033019006,NAR,CJF_2,CJF,2,R,R-NAR033019006,6,6,1.2052780403767023,1.2052780403767023
NAR033019006,NAR,CJF_3,CJF,3,R,R-NAR033019006,6,1,0.5050516823433843,1.1590689683259705
NAR033019006,NAR,CJF_3,CJF,3,R,R-NAR033019006,6,2,0.6925308821072637,1.1590689683259705
NAR033019006,NAR,CJF_3,CJF,3,R,R-NAR033019006,6,3,0.8255162950310101,1.1590689683259705
NAR033019006,NAR,CJF_3,CJF,3,R,R-NAR033019006,6,4,0.9436014738347969,1.1590689683259705
NAR033019006,NAR,CJF_3,CJF,3,R,R-NAR033019006,6,5,1.0765868867585433,1.1590689683259705
NAR033019006,NAR,CJF_3,CJF,3,R,R-NAR033019006,6,6,1.1590689683259705,1.1590689683259705
NAR033019006,NAR,JRS_1,JRS,1,R,R-NAR033019006,6,1,0.27933304688771937,1.137034725179151
NAR033019006,NAR,JRS_1,JRS,1,R,R-NAR033019006,6,2,0.4820226307425236,1.137034725179151
NAR033019006,NAR,JRS_1,JRS,1,R,R-NAR033019006,6,3,0.6563880656132983,1.137034725179151
NAR033019006,NAR,JRS_1,JRS,1,R,R-NAR033019006,6,4,0.8031539155179521,1.137034725179151
NAR033019006,NAR,JRS_1,JRS,1,R,R-NAR033019006,6,5,0.9342719844652009,1.137034725179151
NAR033019006,NAR,JRS_1,JRS,1,R,R-NAR033019006,6,6,1.0377904684463286,1.137034725179151
NAR033019007,NAR,CJF_1,CJF,1,R,R-NAR033019007,12,1,0.42867646929140074,1.4372335899094104
NAR033019007,NAR,CJF_1,CJF,1,R,R-NAR033019007,12,2,0.577781328175366,1.4372335899094104
NAR033019007,NAR,CJF_1,CJF,1,R,R-NAR033019007,12,3,0.6924645665462127,1.4372335899094104
NAR033019007,NAR,CJF_1,CJF,1,R,R-NAR033019007,12,4,0.7913642917644366,1.4372335899094104
NAR033019007,NAR,CJF_1,CJF,1,R,R-NAR033019007,12,5,0.8827498959346641,1.4372335899094104
NAR033019007,NAR,CJF_1,CJF,1,R,R-NAR033019007,12,6,0.9562526638010252,1.4372335899094104
NAR033019007,NAR,CJF_1,CJF,1,R,R-NAR033019007,12,7,1.032904416394251,1.4372335899094104
NAR033019007,NAR,CJF_1,CJF,1,R,R-NAR033019007,12,8,1.15195279108623,1.4372335899094104
NAR033019007,NAR,CJF_1,CJF,1,R,R-NAR033019007,12,9,1.2422887336808355,1.4372335899094104
NAR033019007,NAR,CJF_1,CJF,1,R,R-NAR033019007,12,10,1.3010576499701956,1.4372335899094104
NAR033019007,NAR,CJF_1,CJF,1,R,R-NAR033019007,12,11,1.3766597409877996,1.4372335899094104
NAR033019007,NAR,CJF_1,CJF,1,R,R-NAR033019007,12,12,1.4372335899094104,1.4372335899094104
NAR033019007,NAR,CJF_2,CJF,2,R,R-NAR033019007,12,1,0.44561104443149896,1.43268196405406
NAR033019007,NAR,CJF_2,CJF,2,R,R-NAR033019007,12,2,0.6111942364349479,1.43268196405406
NAR033019007,NAR,CJF_2,CJF,2,R,R-NAR033019007,12,3,0.697745152361994,1.43268196405406
NAR033019007,NAR,CJF_2,CJF,2,R,R-NAR033019007,12,4,0.7925035756690488,1.43268196405406
NAR033019007,NAR,CJF_2,CJF,2,R,R-NAR033019007,12,5,0.899429596243006,1.43268196405406
NAR033019007,NAR,CJF_2,CJF,2,R,R-NAR033019007,12,6,0.9702543649394003,1.43268196405406
NAR033019007,NAR,CJF_2,CJF,2,R,R-NAR033019007,12,7,1.0392998586539197,1.43268196405406
NAR033019007,NAR,CJF_2,CJF,2,R,R-NAR033019007,12,8,1.1515637041735016,1.43268196405406
NAR033019007,NAR,CJF_2,CJF,2,R,R-NAR033019007,12,9,1.2305959802499047,1.43268196405406
NAR033019007,NAR,CJF_2,CJF,2,R,R-NAR033019007,12,10,1.3217958535932095,1.43268196405406
NAR033019007,NAR,CJF_2,CJF,2,R,R-NAR033019007,12,11,1.3804530250227018,1.43268196405406
NAR033019007,NAR,CJF_2,CJF,2,R,R-NAR033019007,12,12,1.43268196405406,1.43268196405406
NAR033019007,NAR,CJF_3,CJF,3,R,R-NAR033019007,12,1,0.421700530416474,1.4264739133690714
NAR033019007,NAR,CJF_3,CJF,3,R,R-NAR033019007,12,2,0.5667479836854203,1.4264739133690714
NAR033019007,NAR,CJF_3,CJF,3,R,R-NAR033019007,12,3,0.6878947331188688,1.4264739133690714
NAR033019007,NAR,CJF_3,CJF,3,R,R-NAR033019007,12,4,0.7816544872351087,1.4264739133690714
NAR033019007,NAR,CJF_3,CJF,3,R,R-NAR033019007,12,5,0.8696148572690418,1.4264739133690714
NAR033019007,NAR,CJF_3,CJF,3,R,R-NAR033019007,12,6,0.9307914840071396,1.4264739133690714
NAR033019007,NAR,CJF_3,CJF,3,R,R-NAR033019007,12,7,0.9989406937086585,1.4264739133690714
NAR033019007,NAR,CJF_3,CJF,3,R,R-NAR033019007,12,8,1.1334626622092079,1.4264739133690714
NAR033019007,NAR,CJF_3,CJF,3,R,R-NAR033019007,12,9,1.2115341046577508,1.4264739133690714
NAR033019007,NAR,CJF_3,CJF,3,R,R-NAR033019007,12,10,1.2843428047220944,1.4264739133690714
NAR033019007,NAR,CJF_3,CJF,3,R,R-NAR033019007,12,11,1.3682469364145762,1.4264739133690714
NAR033019007,NAR,CJF_3,CJF,3,R,R-NAR033019007,12,12,1.4264739133690714,1.4264739133690714
NAR033019007,NAR,JRS_1,JRS,1,R,R-NAR033019007,11,1,0.40138468126150384,1.3999555958399672
NAR033019007,NAR,JRS_1,JRS,1,R,R-NAR033019007,11,2,0.5619142605455183,1.3999555958399672
NAR033019007,NAR,JRS_1,JRS,1,R,R-NAR033019007,11,3,0.6880706727193017,1.3999555958399672
NAR033019007,NAR,JRS_1,JRS,1,R,R-NAR033019007,11,4,0.7574566994148825,1.3999555958399672
NAR033019007,NAR,JRS_1,JRS,1,R,R-NAR033019007,11,5,0.8784632098272782,1.3999555958399672
NAR033019007,NAR,JRS_1,JRS,1,R,R-NAR033019007,11,6,0.9203021163934996,1.3999555958399672
NAR033019007,NAR,JRS_1,JRS,1,R,R-NAR033019007,11,7,1.0275350667412153,1.3999555958399672
NAR033019007,NAR,JRS_1,JRS,1,R,R-NAR033019007,11,8,1.1324521793943285,1.3999555958399672
NAR033019007,NAR,JRS_1,JRS,1,R,R-NAR033019007,11,9,1.2219195867632782,1.3999555958399672
NAR033019007,NAR,JRS_1,JRS,1,R,R-NAR033019007,11,10,1.283580760816777,1.3999555958399672
NAR033019007,NAR,JRS_1,JRS,1,R,R-NAR033019007,11,11,1.3268366994163912,1.3999555958399672
NAR033019008,NAR,CJF_1,CJF,1,R,R-NAR033019008,9,1,0.4386721270116637,1.3210034007856137
NAR033019008,NAR,CJF_1,CJF,1,R,R-NAR033019008,9,2,0.6443748044609441,1.3210034007856137
NAR033019008,NAR,CJF_1,CJF,1,R,R-NAR033019008,9,3,0.7621872024374539,1.3210034007856137
NAR033019008,NAR,CJF_1,CJF,1,R,R-NAR033019008,9,4,0.8507248279715219,1.3210034007856137
NAR033019008,NAR,CJF_1,CJF,1,R,R-NAR033019008,9,5,0.93926245350559,1.3210034007856137
NAR033019008,NAR,CJF_1,CJF,1,R,R-NAR033019008,9,6,1.039782118870243,1.3210034007856137
NAR033019008,NAR,CJF_1,CJF,1,R,R-NAR033019008,9,7,1.160249863237388,1.3210034007856137
NAR033019008,NAR,CJF_1,CJF,1,R,R-NAR033019008,9,8,1.2466176519267937,1.3210034007856137
NAR033019008,NAR,CJF_1,CJF,1,R,R-NAR033019008,9,9,1.3210034007856137,1.3210034007856137
NAR033019008,NAR,CJF_2,CJF,2,R,R-NAR033019008,9,1,0.4528431760754882,1.3326177562014987
NAR033019008,NAR,CJF_2,CJF,2,R,R-NAR033019008,9,2,0.6388468865105776,1.3326177562014987
NAR033019008,NAR,CJF_2,CJF,2,R,R-NAR033019008,9,3,0.748498611951274,1.3326177562014987
NAR033019008,NAR,CJF_2,CJF,2,R,R-NAR033019008,9,4,0.8581012771619726,1.3326177562014987
NAR033019008,NAR,CJF_2,CJF,2,R,R-NAR033019008,9,5,0.9630729914717646,1.3326177562014987
NAR033019008,NAR,CJF_2,CJF,2,R,R-NAR033019008,9,6,1.0536121905488638,1.3326177562014987
NAR033019008,NAR,CJF_2,CJF,2,R,R-NAR033019008,9,7,1.1488804609868648,1.3326177562014987
NAR033019008,NAR,CJF_2,CJF,2,R,R-NAR033019008,9,8,1.2562167109771079,1.3326177562014987
NAR033019008,NAR,CJF_2,CJF,2,R,R-NAR033019008,9,9,1.3326177562014987,1.3326177562014987
NAR033019008,NAR,CJF_3,CJF,3,R,R-NAR033019008,9,1,0.40228842516609126,1.2831490488053365
NAR033019008,NAR,CJF_3,CJF,3,R,R-NAR033019008,9,2,0.5998700172404997,1.2831490488053365
NAR033019008,NAR,CJF_3,CJF,3,R,R-NAR033019008,9,3,0.7284617984988011,1.2831490488053365
NAR033019008,NAR,CJF_3,CJF,3,R,R-NAR033019008,9,4,0.8069238104256605,1.2831490488053365
NAR033019008,NAR,CJF_3,CJF,3,R,R-NAR033019008,9,5,0.9117085478018206,1.2831490488053365
NAR033019008,NAR,CJF_3,CJF,3,R,R-NAR033019008,9,6,0.995033201389317,1.2831490488053365
NAR033019008,NAR,CJF_3,CJF,3,R,R-NAR033019008,9,7,1.0971335357246372,1.2831490488053365
NAR033019008,NAR,CJF_3,CJF,3,R,R-NAR033019008,9,8,1.204433954667956,1.2831490488053365
NAR033019008,NAR,CJF_3,CJF,3,R,R-NAR033019008,9,9,1.2831490488053365,1.2831490488053365
NAR033019008,NAR,JRS_1,JRS,1,R,R-NAR033019008,7,1,0.5005468378901574,1.3784100615886647
NAR033019008,NAR,JRS_1,JRS,1,R,R-NAR033019008,7,2,0.7048103996938899,1.3784100615886647
NAR033019008,NAR,JRS_1,JRS,1,R,R-NAR033019008,7,3,0.8937692191204782,1.3784100615886647
NAR033019008,NAR,JRS_1,JRS,1,R,R-NAR033019008,7,4,1.0169996712022862,1.3784100615886647
NAR033019008,NAR,JRS_1,JRS,1,R,R-NAR033019008,7,5,1.1050565574423095,1.3784100615886647
NAR033019008,NAR,JRS_1,JRS,1,R,R-NAR033019008,7,6,1.205958490628875,1.3784100615886647
NAR033019008,NAR,JRS_1,JRS,1,R,R-NAR033019008,7,7,1.2967756988219121,1.3784100615886647
NAR033019009,NAR,CJF_1,CJF,1,R,R-NAR033019009,6,1,0.43099480897683506,1.0850688711763266
NAR033019009,NAR,CJF_1,CJF,1,R,R-NAR033019009,6,2,0.6367845236814678,1.0850688711763266
NAR033019009,NAR,CJF_1,CJF,1,R,R-NAR033019009,6,3,0.7645008606175191,1.0850688711763266
NAR033019009,NAR,CJF_1,CJF,1,R,R-NAR033019009,6,4,0.8771034077536204,1.0850688711763266
NAR033019009,NAR,CJF_1,CJF,1,R,R-NAR033019009,6,5,0.9901344502775326,1.0850688711763266
NAR033019009,NAR,CJF_1,CJF,1,R,R-NAR033019009,6,6,1.0850688711763266,1.0850688711763266
NAR033019009,NAR,CJF_2,CJF,2,R,R-NAR033019009,6,1,0.39722110403757277,1.0188825231225063
NAR033019009,NAR,CJF_2,CJF,2,R,R-NAR033019009,6,2,0.5915994916515616,1.0188825231225063
NAR033019009,NAR,CJF_2,CJF,2,R,R-NAR033019009,6,3,0.7164666601699591,1.0188825231225063
NAR033019009,NAR,CJF_2,CJF,2,R,R-NAR033019009,6,4,0.8212444887426481,1.0188825231225063
NAR033019009,NAR,CJF_2,CJF,2,R,R-NAR033019009,6,5,0.934194034495524,1.0188825231225063
NAR033019009,NAR,CJF_2,CJF,2,R,R-NAR033019009,6,6,1.0188825231225063,1.0188825231225063
NAR033019009,NAR,CJF_3,CJF,3,R,R-NAR033019009,6,1,0.4436226892979689,1.08172633291421
NAR033019009,NAR,CJF_3,CJF,3,R,R-NAR033019009,6,2,0.6300518320380462,1.08172633291421
NAR033019009,NAR,CJF_3,CJF,3,R,R-NAR033019009,6,3,0.7846321468128761,1.08172633291421
NAR033019009,NAR,CJF_3,CJF,3,R,R-NAR033019009,6,4,0.9009460789164059,1.08172633291421
NAR033019009,NAR,CJF_3,CJF,3,R,R-NAR033019009,6,5,1.007693415352111,1.08172633291421
NAR033019009,NAR,CJF_3,CJF,3,R,R-NAR033019009,6,6,1.08172633291421,1.08172633291421
NAR033019009,NAR,JRS_1,JRS,1,R,R-NAR033019009,5,1,0.4762277062094948,1.095180745011503
NAR033019009,NAR,JRS_1,JRS,1,R,R-NAR033019009,5,2,0.6694612094773309,1.095180745011503
NAR033019009,NAR,JRS_1,JRS,1,R,R-NAR033019009,5,3,0.792568755386492,1.095180745011503
NAR033019009,NAR,JRS_1,JRS,1,R,R-NAR033019009,5,4,0.9195964675059648,1.095180745011503
NAR033019009,NAR,JRS_1,JRS,1,R,R-NAR033019009,5,5,1.0152289386793556,1.095180745011503
NAR033019010,NAR,CJF_1,CJF,1,R,R-NAR033019010,4,1,0.42572644267753834,0.9148130325844311
NAR033019010,NAR,CJF_1,CJF,1,R,R-NAR033019010,4,2,0.6363255330972515,0.9148130325844311
NAR033019010,NAR,CJF_1,CJF,1,R,R-NAR033019010,4,3,0.8027741711881573,0.9148130325844311
NAR033019010,NAR,CJF_1,CJF,1,R,R-NAR033019010,4,4,0.9148130325844311,0.9148130325844311
NAR033019010,NAR,CJF_2,CJF,2,R,R-NAR033019010,4,1,0.4367455100422353,0.9234551197777361
NAR033019010,NAR,CJF_2,CJF,2,R,R-NAR033019010,4,2,0.6470396555952771,0.9234551197777361
NAR033019010,NAR,CJF_2,CJF,2,R,R-NAR033019010,4,3,0.815573460614675,0.9234551197777361
NAR033019010,NAR,CJF_2,CJF,2,R,R-NAR033019010,4,4,0.9234551197777361,0.9234551197777361
NAR033019010,NAR,CJF_3,CJF,3,R,R-NAR033019010,4,1,0.35813338978135567,0.8626109967608696
NAR033019010,NAR,CJF_3,CJF,3,R,R-NAR033019010,4,2,0.5904703685248973,0.8626109967608696
NAR033019010,NAR,CJF_3,CJF,3,R,R-NAR033019010,4,3,0.7645479440849313,0.8626109967608696
NAR033019010,NAR,CJF_3,CJF,3,R,R-NAR033019010,4,4,0.8626109967608696,0.8626109967608696
NAR033019010,NAR,JRS_1,JRS,1,R,R-NAR033019010,3,1,0.47370096199335127,0.9331718463611429
NAR033019010,NAR,JRS_1,JRS,1,R,R-NAR033019010,3,2,0.6953168064950715,0.9331718463611429
NAR033019010,NAR,JRS_1,JRS,1,R,R-NAR033019010,3,3,0.8467227171568099,0.9331718463611429
NAR033019011,NAR,CJF_1,CJF,1,R,R-NAR033019011,3,1,0.5674166736280631,0.8930491479021151
NAR033019011,NAR,CJF_1,CJF,1,R,R-NAR033019011,3,2,0.7508483208497523,0.8930491479021151
NAR033019011,NAR,CJF_1,CJF,1,R,R-NAR033019011,3,3,0.8930491479021151,0.8930491479021151
NAR033019011,NAR,CJF_2,CJF,2,R,R-NAR033019011,3,1,0.5296869575062525,0.8766067152109361
NAR033019011,NAR,CJF_2,CJF,2,R,R-NAR033019011,3,2,0.7405460456610558,0.8766067152109361
NAR033019011,NAR,CJF_2,CJF,2,R,R-NAR033019011,3,3,0.8766067152109361,0.8766067152109361
NAR033019011,NAR,CJF_3,CJF,3,R,R-NAR033019011,3,1,0.49074841790856477,0.8231674249848988
NAR033019011,NAR,CJF_3,CJF,3,R,R-NAR033019011,3,2,0.6972856491040598,0.8231674249848988
NAR033019011,NAR,CJF_3,CJF,3,R,R-NAR033019011,3,3,0.8231674249848988,0.8231674249848988
NAR033019011,NAR,JRS_1,JRS,1,R,R-NAR033019011,2,1,0.5571084203626908,0.8796403872826565
NAR033019011,NAR,JRS_1,JRS,1,R,R-NAR033019011,2,2,0.7597946062316474,0.8796403872826565
NAR033019012,NAR,CJF_1,CJF,1,R,R-NAR033019012,13,1,0.39957096681480614,1.4835269007554794
NAR033019012,NAR,CJF_1,CJF,1,R,R-NAR033019012,13,2,0.580531293835165,1.4835269007554794
NAR033019012,NAR,CJF_1,CJF,1,R,R-NAR033019012,13,3,0.7091132771648021,1.4835269007554794
NAR033019012,NAR,CJF_1,CJF,1,R,R-NAR033019012,13,4,0.8309487991779936,1.4835269007554794
NAR033019012,NAR,CJF_1,CJF,1,R,R-NAR033019012,13,5,0.8988387750237199,1.4835269007554794
NAR033019012,NAR,CJF_1,CJF,1,R,R-NAR033019012,13,6,0.9847105995919349,1.4835269007554794
NAR033019012,NAR,CJF_1,CJF,1,R,R-NAR033019012,13,7,1.0659740852181856,1.4835269007554794
NAR033019012,NAR,CJF_1,CJF,1,R,R-NAR033019012,13,8,1.12082264547639,1.4835269007554794
NAR033019012,NAR,CJF_1,CJF,1,R,R-NAR033019012,13,9,1.1970262851153057,1.4835269007554794
NAR033019012,NAR,CJF_1,CJF,1,R,R-NAR033019012,13,10,1.2787412777869265,1.4835269007554794
NAR033019012,NAR,CJF_1,CJF,1,R,R-NAR033019012,13,11,1.3306681144322778,1.4835269007554794
NAR033019012,NAR,CJF_1,CJF,1,R,R-NAR033019012,13,12,1.4114800930131581,1.4835269007554794
NAR033019012,NAR,CJF_1,CJF,1,R,R-NAR033019012,13,13,1.4835269007554794,1.4835269007554794
NAR033019012,NAR,CJF_2,CJF,2,R,R-NAR033019012,13,1,0.4827107240816071,1.5429097434897092
NAR033019012,NAR,CJF_2,CJF,2,R,R-NAR033019012,13,2,0.6651465185476839,1.5429097434897092
NAR033019012,NAR,CJF_2,CJF,2,R,R-NAR033019012,13,3,0.7809965108630985,1.5429097434897092
NAR033019012,NAR,CJF_2,CJF,2,R,R-NAR033019012,13,4,0.8706584135226033,1.5429097434897092
NAR033019012,NAR,CJF_2,CJF,2,R,R-NAR033019012,13,5,0.9605477927655703,1.5429097434897092
NAR033019012,NAR,CJF_2,CJF,2,R,R-NAR033019012,13,6,1.0595311262619975,1.5429097434897092
NAR033019012,NAR,CJF_2,CJF,2,R,R-NAR033019012,13,7,1.1409799077933303,1.5429097434897092
NAR033019012,NAR,CJF_2,CJF,2,R,R-NAR033019012,13,8,1.1997930053784656,1.5429097434897092
NAR033019012,NAR,CJF_2,CJF,2,R,R-NAR033019012,13,9,1.2639347115281672,1.5429097434897092
NAR033019012,NAR,CJF_2,CJF,2,R,R-NAR033019012,13,10,1.357149019897383,1.5429097434897092
NAR033019012,NAR,CJF_2,CJF,2,R,R-NAR033019012,13,11,1.415962117482518,1.5429097434897092
NAR033019012,NAR,CJF_2,CJF,2,R,R-NAR033019012,13,12,1.474775215067653,1.5429097434897092
NAR033019012,NAR,CJF_2,CJF,2,R,R-NAR033019012,13,13,1.5429097434897092,1.5429097434897092
NAR033019012,NAR,CJF_3,CJF,3,R,R-NAR033019012,13,1,0.4574290506611927,1.5057993811472907
NAR033019012,NAR,CJF_3,CJF,3,R,R-NAR033019012,13,2,0.6381962003530918,1.5057993811472907
NAR033019012,NAR,CJF_3,CJF,3,R,R-NAR033019012,13,3,0.7652080314989139,1.5057993811472907
NAR033019012,NAR,CJF_3,CJF,3,R,R-NAR033019012,13,4,0.8674053364769102,1.5057993811472907
NAR033019012,NAR,CJF_3,CJF,3,R,R-NAR033019012,13,5,0.9489286137238246,1.5057993811472907
NAR033019012,NAR,CJF_3,CJF,3,R,R-NAR033019012,13,6,1.0438412595279363,1.5057993811472907
NAR033019012,NAR,CJF_3,CJF,3,R,R-NAR033019012,13,7,1.1084282027327754,1.5057993811472907
NAR033019012,NAR,CJF_3,CJF,3,R,R-NAR033019012,13,8,1.1881779972372515,1.5057993811472907
NAR033019012,NAR,CJF_3,CJF,3,R,R-NAR033019012,13,9,1.247055919693356,1.5057993811472907
NAR033019012,NAR,CJF_3,CJF,3,R,R-NAR033019012,13,10,1.319323210706658,1.5057993811472907
NAR033019012,NAR,CJF_3,CJF,3,R,R-NAR033019012,13,11,1.38981701897752,1.5057993811472907
NAR033019012,NAR,CJF_3,CJF,3,R,R-NAR033019012,13,12,1.4441658704754636,1.5057993811472907
NAR033019012,NAR,CJF_3,CJF,3,R,R-NAR033019012,13,13,1.5057993811472907,1.5057993811472907
NAR033019012,NAR,JRS_1,JRS,1,R,R-NAR033019012,12,1,0.395373359753968,1.433747438533869
NAR033019012,NAR,JRS_1,JRS,1,R,R-NAR033019012,12,2,0.5643989263214857,1.433747438533869
NAR033019012,NAR,JRS_1,JRS,1,R,R-NAR033019012,12,3,0.7160086989514685,1.433747438533869
NAR033019012,NAR,JRS_1,JRS,1,R,R-NAR033019012,12,4,0.7901123639071441,1.433747438533869
NAR033019012,NAR,JRS_1,JRS,1,R,R-NAR033019012,12,5,0.8927618098149487,1.433747438533869
NAR033019012,NAR,JRS_1,JRS,1,R,R-NAR033019012,12,6,0.9612716619917095,1.433747438533869
NAR033019012,NAR,JRS_1,JRS,1,R,R-NAR033019012,12,7,1.0413728306124168,1.433747438533869
NAR033019012,NAR,JRS_1,JRS,1,R,R-NAR033019012,12,8,1.1083833068729205,1.433747438533869
NAR033019012,NAR,JRS_1,JRS,1,R,R-NAR033019012,12,9,1.1620724260585469,1.433747438533869
NAR033019012,NAR,JRS_1,JRS,1,R,R-NAR033019012,12,10,1.2617231201338364,1.433747438533869
NAR033019012,NAR,JRS_1,JRS,1,R,R-NAR033019012,12,11,1.3177766355511868,1.433747438533869
NAR033019012,NAR,JRS_1,JRS,1,R,R-NAR033019012,12,12,1.375329526884795,1.433747438533869
NAR033019013,NAR,CJF_1,CJF,1,R,R-NAR033019013,7,1,0.3806566890301033,1.1077789520421066
NAR033019013,NAR,CJF_1,CJF,1,R,R-NAR033019013,7,2,0.6006943382719016,1.1077789520421066
NAR033019013,NAR,CJF_1,CJF,1,R,R-NAR033019013,7,3,0.7076768805595558,1.1077789520421066
NAR033019013,NAR,CJF_1,CJF,1,R,R-NAR033019013,7,4,0.8429958127641579,1.1077789520421066
NAR033019013,NAR,CJF_1,CJF,1,R,R-NAR033019013,7,5,0.9217871914916875,1.1077789520421066
NAR033019013,NAR,CJF_1,CJF,1,R,R-NAR033019013,7,6,1.0362878264340436,1.1077789520421066
NAR033019013,NAR,CJF_1,CJF,1,R,R-NAR033019013,7,7,1.1077789520421066,1.1077789520421066
NAR033019013,NAR,CJF_2,CJF,2,R,R-NAR033019013,7,1,0.29833424341778797,1.138315136873364
NAR033019013,NAR,CJF_2,CJF,2,R,R-NAR033019013,7,2,0.596844650721523,1.138315136873364
NAR033019013,NAR,CJF_2,CJF,2,R,R-NAR033019013,7,3,0.7318877181874883,1.138315136873364
NAR033019013,NAR,CJF_2,CJF,2,R,R-NAR033019013,7,4,0.8413965523341866,1.138315136873364
NAR033019013,NAR,CJF_2,CJF,2,R,R-NAR033019013,7,5,0.9447142593086033,1.138315136873364
NAR033019013,NAR,CJF_2,CJF,2,R,R-NAR033019013,7,6,1.0707936031403813,1.138315136873364
NAR033019013,NAR,CJF_2,CJF,2,R,R-NAR033019013,7,7,1.138315136873364,1.138315136873364
NAR033019013,NAR,CJF_3,CJF,3,R,R-NAR033019013,7,1,0.3922401203922738,1.1230746850341196
NAR033019013,NAR,CJF_3,CJF,3,R,R-NAR033019013,7,2,0.595758207761716,1.1230746850341196
NAR033019013,NAR,CJF_3,CJF,3,R,R-NAR033019013,7,3,0.7076814329200832,1.1230746850341196
NAR033019013,NAR,CJF_3,CJF,3,R,R-NAR033019013,7,4,0.8284428187152916,1.1230746850341196
NAR033019013,NAR,CJF_3,CJF,3,R,R-NAR033019013,7,5,0.9273215954729419,1.1230746850341196
NAR033019013,NAR,CJF_3,CJF,3,R,R-NAR033019013,7,6,1.0310851031117862,1.1230746850341196
NAR033019013,NAR,CJF_3,CJF,3,R,R-NAR033019013,7,7,1.1230746850341196,1.1230746850341196
NAR033019013,NAR,JRS_1,JRS,1,R,R-NAR033019013,6,1,0.4514490871105268,1.2228622600754562
NAR033019013,NAR,JRS_1,JRS,1,R,R-NAR033019013,6,2,0.6636752930589274,1.2228622600754562
NAR033019013,NAR,JRS_1,JRS,1,R,R-NAR033019013,6,3,0.8026596463471586,1.2228622600754562
NAR033019013,NAR,JRS_1,JRS,1,R,R-NAR033019013,6,4,0.9168966339803664,1.2228622600754562
NAR033019013,NAR,JRS_1,JRS,1,R,R-NAR033019013,6,5,1.0310714163763501,1.2228622600754562
NAR033019013,NAR,JRS_1,JRS,1,R,R-NAR033019013,6,6,1.1313099442502443,1.2228622600754562
NAR033019014,NAR,CJF_1,CJF,1,R,R-NAR033019014,17,1,0.37034901256088976,1.7993071600952542
NAR033019014,NAR,CJF_1,CJF,1,R,R-NAR033019014,17,2,0.5331474433021967,1.7993071600952542
NAR033019014,NAR,CJF_1,CJF,1,R,R-NAR033019014,17,3,0.6242980547393303,1.7993071600952542
NAR033019014,NAR,CJF_1,CJF,1,R,R-NAR033019014,17,4,0.7716539945754627,1.7993071600952542
NAR033019014,NAR,CJF_1,CJF,1,R,R-NAR033019014,17,5,0.9261099349665475,1.7993071600952542
NAR033019014,NAR,CJF_1,CJF,1,R,R-NAR033019014,17,6,1.0172605464036812,1.7993071600952542
NAR033019014,NAR,CJF_1,CJF,1,R,R-NAR033019014,17,7,1.1229750221320356,1.7993071600952542
NAR033019014,NAR,CJF_1,CJF,1,R,R-NAR033019014,17,8,1.1822910375015347,1.7993071600952542
NAR033019014,NAR,CJF_1,CJF,1,R,R-NAR033019014,17,9,1.2743202755526208,1.7993071600952542
NAR033019014,NAR,CJF_1,CJF,1,R,R-NAR033019014,17,10,1.3330505398461512,1.7993071600952542
NAR033019014,NAR,CJF_1,CJF,1,R,R-NAR033019014,17,11,1.403233981460404,1.7993071600952542
NAR033019014,NAR,CJF_1,CJF,1,R,R-NAR033019014,17,12,1.4650749327244348,1.7993071600952542
NAR033019014,NAR,CJF_1,CJF,1,R,R-NAR033019014,17,13,1.526330132912497,1.7993071600952542
NAR033019014,NAR,CJF_1,CJF,1,R,R-NAR033019014,17,14,1.589817393457107,1.7993071600952542
NAR033019014,NAR,CJF_1,CJF,1,R,R-NAR033019014,17,15,1.6634043975798443,1.7993071600952542
NAR033019014,NAR,CJF_1,CJF,1,R,R-NAR033019014,17,16,1.729123718481001,1.7993071600952542
NAR033019014,NAR,CJF_1,CJF,1,R,R-NAR033019014,17,17,1.7993071600952542,1.7993071600952542
NAR033019014,NAR,CJF_2,CJF,2,R,R-NAR033019014,16,1,0.4332069694504458,1.8632469450144489
NAR033019014,NAR,CJF_2,CJF,2,R,R-NAR033019014,16,2,0.6815070982026393,1.8632469450144489
NAR033019014,NAR,CJF_2,CJF,2,R,R-NAR033019014,16,3,0.8377834407772559,1.8632469450144489
NAR033019014,NAR,CJF_2,CJF,2,R,R-NAR033019014,16,4,0.961796794123454,1.8632469450144489
NAR033019014,NAR,CJF_2,CJF,2,R,R-NAR033019014,16,5,1.079131011543389,1.8632469450144489
NAR033019014,NAR,CJF_2,CJF,2,R,R-NAR033019014,16,6,1.1820132688716065,1.8632469450144489
NAR033019014,NAR,CJF_2,CJF,2,R,R-NAR033019014,16,7,1.2551323376732912,1.8632469450144489
NAR033019014,NAR,CJF_2,CJF,2,R,R-NAR033019014,16,8,1.3232518050712048,1.8632469450144489
NAR033019014,NAR,CJF_2,CJF,2,R,R-NAR033019014,16,9,1.3927773849318126,1.8632469450144489
NAR033019014,NAR,CJF_2,CJF,2,R,R-NAR033019014,16,10,1.4673025661961918,1.8632469450144489
NAR033019014,NAR,CJF_2,CJF,2,R,R-NAR033019014,16,11,1.5262430969659573,1.8632469450144489
NAR033019014,NAR,CJF_2,CJF,2,R,R-NAR033019014,16,12,1.582410404974039,1.8632469450144489
NAR033019014,NAR,CJF_2,CJF,2,R,R-NAR033019014,16,13,1.653029673073838,1.8632469450144489
NAR033019014,NAR,CJF_2,CJF,2,R,R-NAR033019014,16,14,1.730601499159698,1.8632469450144489
NAR033019014,NAR,CJF_2,CJF,2,R,R-NAR033019014,16,15,1.7845424285256921,1.8632469450144489
NAR033019014,NAR,CJF_2,CJF,2,R,R-NAR033019014,16,16,1.8632469450144489,1.8632469450144489
NAR033019014,NAR,CJF_3,CJF,3,R,R-NAR033019014,16,1,0.3814385136882177,1.8335113007446755
NAR033019014,NAR,CJF_3,CJF,3,R,R-NAR033019014,16,2,0.6334341103959422,1.8335113007446755
NAR033019014,NAR,CJF_3,CJF,3,R,R-NAR033019014,16,3,0.7880290179729539,1.8335113007446755
NAR033019014,NAR,CJF_3,CJF,3,R,R-NAR033019014,16,4,0.9230436480214681,1.8335113007446755
NAR033019014,NAR,CJF_3,CJF,3,R,R-NAR033019014,16,5,1.0414571838428943,1.8335113007446755
NAR033019014,NAR,CJF_3,CJF,3,R,R-NAR033019014,16,6,1.1262818776753472,1.8335113007446755
NAR033019014,NAR,CJF_3,CJF,3,R,R-NAR033019014,16,7,1.2240692203408585,1.8335113007446755
NAR033019014,NAR,CJF_3,CJF,3,R,R-NAR033019014,16,8,1.2886543745521943,1.8335113007446755
NAR033019014,NAR,CJF_3,CJF,3,R,R-NAR033019014,16,9,1.3616763801559841,1.8335113007446755
NAR033019014,NAR,CJF_3,CJF,3,R,R-NAR033019014,16,10,1.4346983857597742,1.8335113007446755
NAR033019014,NAR,CJF_3,CJF,3,R,R-NAR033019014,16,11,1.4944851339726855,1.8335113007446755
NAR033019014,NAR,CJF_3,CJF,3,R,R-NAR033019014,16,12,1.5442884166539481,1.8335113007446755
NAR033019014,NAR,CJF_3,CJF,3,R,R-NAR033019014,16,13,1.6081002637956867,1.8335113007446755
NAR033019014,NAR,CJF_3,CJF,3,R,R-NAR033019014,16,14,1.6815089229342755,1.8335113007446755
NAR033019014,NAR,CJF_3,CJF,3,R,R-NAR033019014,16,15,1.7460940771456115,1.8335113007446755
NAR033019014,NAR,CJF_3,CJF,3,R,R-NAR033019014,16,16,1.8335113007446755,1.8335113007446755
NAR033019014,NAR,JRS_1,JRS,1,R,R-NAR033019014,15,1,0.31477316332846644,1.7566277461763573
NAR033019014,NAR,JRS_1,JRS,1,R,R-NAR033019014,15,2,0.5736269373582428,1.7566277461763573
NAR033019014,NAR,JRS_1,JRS,1,R,R-NAR033019014,15,3,0.7169000323980692,1.7566277461763573
NAR033019014,NAR,JRS_1,JRS,1,R,R-NAR033019014,15,4,0.8225371631061416,1.7566277461763573
NAR033019014,NAR,JRS_1,JRS,1,R,R-NAR033019014,15,5,0.979781065453721,1.7566277461763573
NAR033019014,NAR,JRS_1,JRS,1,R,R-NAR033019014,15,6,1.0585456959441648,1.7566277461763573
NAR033019014,NAR,JRS_1,JRS,1,R,R-NAR033019014,15,7,1.1348867390055468,1.7566277461763573
NAR033019014,NAR,JRS_1,JRS,1,R,R-NAR033019014,15,8,1.2147204838938677,1.7566277461763573
NAR033019014,NAR,JRS_1,JRS,1,R,R-NAR033019014,15,9,1.295088785981126,1.7566277461763573
NAR033019014,NAR,JRS_1,JRS,1,R,R-NAR033019014,15,10,1.3579935789336937,1.7566277461763573
NAR033019014,NAR,JRS_1,JRS,1,R,R-NAR033019014,15,11,1.4219674862841374,1.7566277461763573
NAR033019014,NAR,JRS_1,JRS,1,R,R-NAR033019014,15,12,1.4789559899807048,1.7566277461763573
NAR033019014,NAR,JRS_1,JRS,1,R,R-NAR033019014,15,13,1.546422599158087,1.7566277461763573
NAR033019014,NAR,JRS_1,JRS,1,R,R-NAR033019014,15,14,1.6257217868474694,1.7566277461763573
NAR033019014,NAR,JRS_1,JRS,1,R,R-NAR033019014,15,15,1.683779404941913,1.7566277461763573
NAR033019015,NAR,CJF_1,CJF,1,R,R-NAR033019015,6,1,0.42355898381531554,1.0394796930089154
NAR033019015,NAR,CJF_1,CJF,1,R,R-NAR033019015,6,2,0.6097502908482986,1.0394796930089154
NAR033019015,NAR,CJF_1,CJF,1,R,R-NAR033019015,6,3,0.7285574792678009,1.0394796930089154
NAR033019015,NAR,CJF_1,CJF,1,R,R-NAR033019015,6,4,0.8618039133238695,1.0394796930089154
NAR033019015,NAR,CJF_1,CJF,1,R,R-NAR033019015,6,5,0.9614816381015336,1.0394796930089154
NAR033019015,NAR,CJF_1,CJF,1,R,R-NAR033019015,6,6,1.0394796930089154,1.0394796930089154
NAR033019015,NAR,CJF_2,CJF,2,R,R-NAR033019015,6,1,0.43797903539331406,1.0673178665542196
NAR033019015,NAR,CJF_2,CJF,2,R,R-NAR033019015,6,2,0.6418914740038337,1.0673178665542196
NAR033019015,NAR,CJF_2,CJF,2,R,R-NAR033019015,6,3,0.7535592129636101,1.0673178665542196
NAR033019015,NAR,CJF_2,CJF,2,R,R-NAR033019015,6,4,0.8613858789491327,1.0673178665542196
NAR033019015,NAR,CJF_2,CJF,2,R,R-NAR033019015,6,5,0.9900414087707312,1.0673178665542196
NAR033019015,NAR,CJF_2,CJF,2,R,R-NAR033019015,6,6,1.0673178665542196,1.0673178665542196
NAR033019015,NAR,CJF_3,CJF,3,R,R-NAR033019015,6,1,0.4558585327482891,1.067497965378893
NAR033019015,NAR,CJF_3,CJF,3,R,R-NAR033019015,6,2,0.641634610574825,1.067497965378893
NAR033019015,NAR,CJF_3,CJF,3,R,R-NAR033019015,6,3,0.7550735417738715,1.067497965378893
NAR033019015,NAR,CJF_3,CJF,3,R,R-NAR033019015,6,4,0.8788823091836373,1.067497965378893
NAR033019015,NAR,CJF_3,CJF,3,R,R-NAR033019015,6,5,0.9775124315462332,1.067497965378893
NAR033019015,NAR,CJF_3,CJF,3,R,R-NAR033019015,6,6,1.067497965378893,1.067497965378893
NAR033019015,NAR,JRS_1,JRS,1,R,R-NAR033019015,6,1,0.346708079917993,1.1205674023719423
NAR033019015,NAR,JRS_1,JRS,1,R,R-NAR033019015,6,2,0.5063125960723327,1.1205674023719423
NAR033019015,NAR,JRS_1,JRS,1,R,R-NAR033019015,6,3,0.70482503208199,1.1205674023719423
NAR033019015,NAR,JRS_1,JRS,1,R,R-NAR033019015,6,4,0.8153308604724466,1.1205674023719423
NAR033019015,NAR,JRS_1,JRS,1,R,R-NAR033019015,6,5,0.9196187576874071,1.1205674023719423
NAR033019015,NAR,JRS_1,JRS,1,R,R-NAR033019015,6,6,1.0389061354165396,1.1205674023719423
NAR033019016,NAR,CJF_1,CJF,1,R,R-NAR033019016,7,1,0.517048260097524,1.313653464053105
NAR033019016,NAR,CJF_1,CJF,1,R,R-NAR033019016,7,2,0.7411892426558421,1.313653464053105
NAR033019016,NAR,CJF_1,CJF,1,R,R-NAR033019016,7,3,0.876903029011336,1.313653464053105
NAR033019016,NAR,CJF_1,CJF,1,R,R-NAR033019016,7,4,0.9843640322136075,1.313653464053105
NAR033019016,NAR,CJF_1,CJF,1,R,R-NAR033019016,7,5,1.0906020865014934,1.313653464053105
NAR033019016,NAR,CJF_1,CJF,1,R,R-NAR033019016,7,6,1.2144864154361723,1.313653464053105
NAR033019016,NAR,CJF_1,CJF,1,R,R-NAR033019016,7,7,1.313653464053105,1.313653464053105
NAR033019016,NAR,CJF_2,CJF,2,R,R-NAR033019016,7,1,0.5505200498894178,1.3024758613380725
NAR033019016,NAR,CJF_2,CJF,2,R,R-NAR033019016,7,2,0.7479866215945272,1.3024758613380725
NAR033019016,NAR,CJF_2,CJF,2,R,R-NAR033019016,7,3,0.8812302080515837,1.3024758613380725
NAR033019016,NAR,CJF_2,CJF,2,R,R-NAR033019016,7,4,1.0051198349601667,1.3024758613380725
NAR033019016,NAR,CJF_2,CJF,2,R,R-NAR033019016,7,5,1.107908781006841,1.3024758613380725
NAR033019016,NAR,CJF_2,CJF,2,R,R-NAR033019016,7,6,1.2175664082815236,1.3024758613380725
NAR033019016,NAR,CJF_2,CJF,2,R,R-NAR033019016,7,7,1.3024758613380725,1.3024758613380725
NAR033019016,NAR,CJF_3,CJF,3,R,R-NAR033019016,7,1,0.4945149946309022,1.2834180643624225
NAR033019016,NAR,CJF_3,CJF,3,R,R-NAR033019016,7,2,0.7052164983928856,1.2834180643624225
NAR033019016,NAR,CJF_3,CJF,3,R,R-NAR033019016,7,3,0.8419304118996607,1.2834180643624225
NAR033019016,NAR,CJF_3,CJF,3,R,R-NAR033019016,7,4,0.9750564905370915,1.2834180643624225
NAR033019016,NAR,CJF_3,CJF,3,R,R-NAR033019016,7,5,1.0769910782417242,1.2834180643624225
NAR033019016,NAR,CJF_3,CJF,3,R,R-NAR033019016,7,6,1.1917147195035196,1.2834180643624225
NAR033019016,NAR,CJF_3,CJF,3,R,R-NAR033019016,7,7,1.2834180643624225,1.2834180643624225
NAR033019016,NAR,JRS_1,JRS,1,R,R-NAR033019016,7,1,0.4985307093860576,1.313791222660636
NAR033019016,NAR,JRS_1,JRS,1,R,R-NAR033019016,7,2,0.6475480965929086,1.313791222660636
NAR033019016,NAR,JRS_1,JRS,1,R,R-NAR033019016,7,3,0.7789003321750703,1.313791222660636
NAR033019016,NAR,JRS_1,JRS,1,R,R-NAR033019016,7,4,0.9029368990534486,1.313791222660636
NAR033019016,NAR,JRS_1,JRS,1,R,R-NAR033019016,7,5,1.0118550992658277,1.313791222660636
NAR033019016,NAR,JRS_1,JRS,1,R,R-NAR033019016,7,6,1.1182265145195165,1.313791222660636
NAR033019016,NAR,JRS_1,JRS,1,R,R-NAR033019016,7,7,1.2273070578180392,1.313791222660636
NAR033019017,NAR,CJF_1,CJF,1,R,R-NAR033019017,9,1,0.3691657432717326,1.2168792165908737
NAR033019017,NAR,CJF_1,CJF,1,R,R-NAR033019017,9,2,0.5680342636504169,1.2168792165908737
NAR033019017,NAR,CJF_1,CJF,1,R,R-NAR033019017,9,3,0.6931642589841723,1.2168792165908737
NAR033019017,NAR,CJF_1,CJF,1,R,R-NAR033019017,9,4,0.8002359644290103,1.2168792165908737
NAR033019017,NAR,CJF_1,CJF,1,R,R-NAR033019017,9,5,0.8946257011988874,1.2168792165908737
NAR033019017,NAR,CJF_1,CJF,1,R,R-NAR033019017,9,6,0.9894393987265531,1.2168792165908737
NAR033019017,NAR,CJF_1,CJF,1,R,R-NAR033019017,9,7,1.0507785956017133,1.2168792165908737
NAR033019017,NAR,CJF_1,CJF,1,R,R-NAR033019017,9,8,1.1552573792105212,1.2168792165908737
NAR033019017,NAR,CJF_1,CJF,1,R,R-NAR033019017,9,9,1.2168792165908737,1.2168792165908737
NAR033019017,NAR,CJF_2,CJF,2,R,R-NAR033019017,9,1,0.3702415632867769,1.183053786532768
NAR033019017,NAR,CJF_2,CJF,2,R,R-NAR033019017,9,2,0.5080288002090894,1.183053786532768
NAR033019017,NAR,CJF_2,CJF,2,R,R-NAR033019017,9,3,0.6382827077305802,1.183053786532768
NAR033019017,NAR,CJF_2,CJF,2,R,R-NAR033019017,9,4,0.7450431619685972,1.183053786532768
NAR033019017,NAR,CJF_2,CJF,2,R,R-NAR033019017,9,5,0.8356124002212098,1.183053786532768
NAR033019017,NAR,CJF_2,CJF,2,R,R-NAR033019017,9,6,0.9353017092639093,1.183053786532768
NAR033019017,NAR,CJF_2,CJF,2,R,R-NAR033019017,9,7,0.9996352923300212,1.183053786532768
NAR033019017,NAR,CJF_2,CJF,2,R,R-NAR033019017,9,8,1.0947645659776775,1.183053786532768
NAR033019017,NAR,CJF_2,CJF,2,R,R-NAR033019017,9,9,1.183053786532768,1.183053786532768
NAR033019017,NAR,CJF_3,CJF,3,R,R-NAR033019017,9,1,0.3774573318144487,1.233790866655574
NAR033019017,NAR,CJF_3,CJF,3,R,R-NAR033019017,9,2,0.5634895857367122,1.233790866655574
NAR033019017,NAR,CJF_3,CJF,3,R,R-NAR033019017,9,3,0.6901670684434656,1.233790866655574
NAR033019017,NAR,CJF_3,CJF,3,R,R-NAR033019017,9,4,0.8018267237898131,1.233790866655574
NAR033019017,NAR,CJF_3,CJF,3,R,R-NAR033019017,9,5,0.8849957941988369,1.233790866655574
NAR033019017,NAR,CJF_3,CJF,3,R,R-NAR033019017,9,6,0.9913633830577376,1.233790866655574
NAR033019017,NAR,CJF_3,CJF,3,R,R-NAR033019017,9,7,1.0699270846608635,1.233790866655574
NAR033019017,NAR,CJF_3,CJF,3,R,R-NAR033019017,9,8,1.1603475571195079,1.233790866655574
NAR033019017,NAR,CJF_3,CJF,3,R,R-NAR033019017,9,9,1.233790866655574,1.233790866655574
NAR033019017,NAR,JRS_1,JRS,1,R,R-NAR033019017,8,1,0.4122017844220402,1.329318758991827
NAR033019017,NAR,JRS_1,JRS,1,R,R-NAR033019017,8,2,0.648904309784621,1.329318758991827
NAR033019017,NAR,JRS_1,JRS,1,R,R-NAR033019017,8,3,0.7733964458188594,1.329318758991827
NAR033019017,NAR,JRS_1,JRS,1,R,R-NAR033019017,8,4,0.8756792827552508,1.329318758991827
NAR033019017,NAR,JRS_1,JRS,1,R,R-NAR033019017,8,5,0.9906915178741192,1.329318758991827
NAR033019017,NAR,JRS_1,JRS,1,R,R-NAR033019017,8,6,1.0834944538951403,1.329318758991827
NAR033019017,NAR,JRS_1,JRS,1,R,R-NAR033019017,8,7,1.1632994008477369,1.329318758991827
NAR033019017,NAR,JRS_1,JRS,1,R,R-NAR033019017,8,8,1.236694883561438,1.329318758991827
NAR033019018,NAR,CJF_1,CJF,1,R,R-NAR033019018,10,1,0.44638110591408664,1.3946999772177442
NAR033019018,NAR,CJF_1,CJF,1,R,R-NAR033019018,10,2,0.6539250501156942,1.3946999772177442
NAR033019018,NAR,CJF_1,CJF,1,R,R-NAR033019018,10,3,0.7895917415873641,1.3946999772177442
NAR033019018,NAR,CJF_1,CJF,1,R,R-NAR033019018,10,4,0.9347563440215775,1.3946999772177442
NAR033019018,NAR,CJF_1,CJF,1,R,R-NAR033019018,10,5,1.0344844091282788,1.3946999772177442
NAR033019018,NAR,CJF_1,CJF,1,R,R-NAR033019018,10,6,1.1233665942744038,1.3946999772177442
NAR033019018,NAR,CJF_1,CJF,1,R,R-NAR033019018,10,7,1.2196936728978676,1.3946999772177442
NAR033019018,NAR,CJF_1,CJF,1,R,R-NAR033019018,10,8,1.276660429347691,1.3946999772177442
NAR033019018,NAR,CJF_1,CJF,1,R,R-NAR033019018,10,9,1.3261822923201743,1.3946999772177442
NAR033019018,NAR,CJF_1,CJF,1,R,R-NAR033019018,10,10,1.3946999772177442,1.3946999772177442
NAR033019018,NAR,CJF_2,CJF,2,R,R-NAR033019018,9,1,0.40837059627113953,1.3383228021163855
NAR033019018,NAR,CJF_2,CJF,2,R,R-NAR033019018,9,2,0.7380187594271458,1.3383228021163855
NAR033019018,NAR,CJF_2,CJF,2,R,R-NAR033019018,9,3,0.87842583469397,1.3383228021163855
NAR033019018,NAR,CJF_2,CJF,2,R,R-NAR033019018,9,4,0.9984915973531758,1.3383228021163855
NAR033019018,NAR,CJF_2,CJF,2,R,R-NAR033019018,9,5,1.068352397518776,1.3383228021163855
NAR033019018,NAR,CJF_2,CJF,2,R,R-NAR033019018,9,6,1.1497424185560392,1.3383228021163855
NAR033019018,NAR,CJF_2,CJF,2,R,R-NAR033019018,9,7,1.2257229519286765,1.3383228021163855
NAR033019018,NAR,CJF_2,CJF,2,R,R-NAR033019018,9,8,1.2833690562869906,1.3383228021163855
NAR033019018,NAR,CJF_2,CJF,2,R,R-NAR033019018,9,9,1.3383228021163855,1.3383228021163855
NAR033019018,NAR,CJF_3,CJF,3,R,R-NAR033019018,9,1,0.3926555218199472,1.3407967328989172
NAR033019018,NAR,CJF_3,CJF,3,R,R-NAR033019018,9,2,0.6046079351596374,1.3407967328989172
NAR033019018,NAR,CJF_3,CJF,3,R,R-NAR033019018,9,3,0.7466241273341783,1.3407967328989172
NAR033019018,NAR,CJF_3,CJF,3,R,R-NAR033019018,9,4,0.8782049899138202,1.3407967328989172
NAR033019018,NAR,CJF_3,CJF,3,R,R-NAR033019018,9,5,0.9838870931613298,1.3407967328989172
NAR033019018,NAR,CJF_3,CJF,3,R,R-NAR033019018,9,6,1.0758703872056192,1.3407967328989172
NAR033019018,NAR,CJF_3,CJF,3,R,R-NAR033019018,9,7,1.1610042766482986,1.3407967328989172
NAR033019018,NAR,CJF_3,CJF,3,R,R-NAR033019018,9,8,1.2422864796379844,1.3407967328989172
NAR033019018,NAR,CJF_3,CJF,3,R,R-NAR033019018,9,9,1.3407967328989172,1.3407967328989172
NAR033019018,NAR,JRS_1,JRS,1,R,R-NAR033019018,8,1,0.3942696149515403,1.33385518918155
NAR033019018,NAR,JRS_1,JRS,1,R,R-NAR033019018,8,2,0.6229359751739975,1.33385518918155
NAR033019018,NAR,JRS_1,JRS,1,R,R-NAR033019018,8,3,0.7861130781693884,1.33385518918155
NAR033019018,NAR,JRS_1,JRS,1,R,R-NAR033019018,8,4,0.8879139475869774,1.33385518918155
NAR033019018,NAR,JRS_1,JRS,1,R,R-NAR033019018,8,5,0.9926550966944174,1.33385518918155
NAR033019018,NAR,JRS_1,JRS,1,R,R-NAR033019018,8,6,1.0915156864221558,1.33385518918155
NAR033019018,NAR,JRS_1,JRS,1,R,R-NAR033019018,8,7,1.182953332901719,1.33385518918155
NAR033019018,NAR,JRS_1,JRS,1,R,R-NAR033019018,8,8,1.2355087274099694,1.33385518918155
NAR033019018,NAR,NGA_1,NGA,1,R,R-NAR033019018,9,1,0.5380700853846548,1.4739080064180827
NAR033019018,NAR,NGA_1,NGA,1,R,R-NAR033019018,9,2,0.7376020321230016,1.4739080064180827
NAR033019018,NAR,NGA_1,NGA,1,R,R-NAR033019018,9,3,0.9020584164273775,1.4739080064180827
NAR033019018,NAR,NGA_1,NGA,1,R,R-NAR033019018,9,4,1.0178349853018613,1.4739080064180827
NAR033019018,NAR,NGA_1,NGA,1,R,R-NAR033019018,9,5,1.1300949269854879,1.4739080064180827
NAR033019018,NAR,NGA_1,NGA,1,R,R-NAR033019018,9,6,1.2342566843432325,1.4739080064180827
NAR033019018,NAR,NGA_1,NGA,1,R,R-NAR033019018,9,7,1.323055875109628,1.4739080064180827
NAR033019018,NAR,NGA_1,NGA,1,R,R-NAR033019018,9,8,1.4052840672618152,1.4739080064180827
NAR033019018,NAR,NGA_1,NGA,1,R,R-NAR033019018,9,9,1.4739080064180827,1.4739080064180827
NAR033019018,NAR,NGA_2,NGA,2,R,R-NAR033019018,9,1,0.5423119436962086,1.468927396322892
NAR033019018,NAR,NGA_2,NGA,2,R,R-NAR033019018,9,2,0.734463698161446,1.468927396322892
NAR033019018,NAR,NGA_2,NGA,2,R,R-NAR033019018,9,3,0.8963433237944232,1.468927396322892
NAR033019018,NAR,NGA_2,NGA,2,R,R-NAR033019018,9,4,1.004954890949108,1.468927396322892
NAR033019018,NAR,NGA_2,NGA,2,R,R-NAR033019018,9,5,1.1185807340726184,1.468927396322892
NAR033019018,NAR,NGA_2,NGA,2,R,R-NAR033019018,9,6,1.2236940563986656,1.468927396322892
NAR033019018,NAR,NGA_2,NGA,2,R,R-NAR033019018,9,7,1.3370401899932207,1.468927396322892
NAR033019018,NAR,NGA_2,NGA,2,R,R-NAR033019018,9,8,1.4037418087281515,1.468927396322892
NAR033019018,NAR,NGA_2,NGA,2,R,R-NAR033019018,9,9,1.468927396322892,1.468927396322892
NAR033019019,NAR,CJF_1,CJF,1,R,R-NAR033019019,15,1,0.4997376455262714,1.623691097775923
NAR033019019,NAR,CJF_1,CJF,1,R,R-NAR033019019,15,2,0.6861031830198185,1.623691097775923
NAR033019019,NAR,CJF_1,CJF,1,R,R-NAR033019019,15,3,0.7991549405283898,1.623691097775923
NAR033019019,NAR,CJF_1,CJF,1,R,R-NAR033019019,15,4,0.8973475025152021,1.623691097775923
NAR033019019,NAR,CJF_1,CJF,1,R,R-NAR033019019,15,5,0.9834718315863773,1.623691097775923
NAR033019019,NAR,CJF_1,CJF,1,R,R-NAR033019019,15,6,1.0453592078828167,1.623691097775923
NAR033019019,NAR,CJF_1,CJF,1,R,R-NAR033019019,15,7,1.1178690923201018,1.623691097775923
NAR033019019,NAR,CJF_1,CJF,1,R,R-NAR033019019,15,8,1.1979090614617276,1.623691097775923
NAR033019019,NAR,CJF_1,CJF,1,R,R-NAR033019019,15,9,1.258250226039914,1.623691097775923
NAR033019019,NAR,CJF_1,CJF,1,R,R-NAR033019019,15,10,1.294454924786826,1.623691097775923
NAR033019019,NAR,CJF_1,CJF,1,R,R-NAR033019019,15,11,1.3548965763084737,1.623691097775923
NAR033019019,NAR,CJF_1,CJF,1,R,R-NAR033019019,15,12,1.4106995926753638,1.623691097775923
NAR033019019,NAR,CJF_1,CJF,1,R,R-NAR033019019,15,13,1.4741331806900553,1.623691097775923
NAR033019019,NAR,CJF_1,CJF,1,R,R-NAR033019019,15,14,1.5376672556482092,1.623691097775923
NAR033019019,NAR,CJF_1,CJF,1,R,R-NAR033019019,15,15,1.623691097775923,1.623691097775923
NAR033019019,NAR,CJF_2,CJF,2,R,R-NAR033019019,15,1,0.5559755057987841,1.658008657762599
NAR033019019,NAR,CJF_2,CJF,2,R,R-NAR033019019,15,2,0.7272381571276332,1.658008657762599
NAR033019019,NAR,CJF_2,CJF,2,R,R-NAR033019019,15,3,0.8152307469001905,1.658008657762599
NAR033019019,NAR,CJF_2,CJF,2,R,R-NAR033019019,15,4,0.9260479724187003,1.658008657762599
NAR033019019,NAR,CJF_2,CJF,2,R,R-NAR033019019,15,5,1.0278929447059033,1.658008657762599
NAR033019019,NAR,CJF_2,CJF,2,R,R-NAR033019019,15,6,1.0930608987325086,1.658008657762599
NAR033019019,NAR,CJF_2,CJF,2,R,R-NAR033019019,15,7,1.1583864538261879,1.658008657762599
NAR033019019,NAR,CJF_2,CJF,2,R,R-NAR033019019,15,8,1.234416039290337,1.658008657762599
NAR033019019,NAR,CJF_2,CJF,2,R,R-NAR033019019,15,9,1.3041489204661323,1.658008657762599
NAR033019019,NAR,CJF_2,CJF,2,R,R-NAR033019019,15,10,1.354520720174302,1.658008657762599
NAR033019019,NAR,CJF_2,CJF,2,R,R-NAR033019019,15,11,1.4181144981288185,1.658008657762599
NAR033019019,NAR,CJF_2,CJF,2,R,R-NAR033019019,15,12,1.4818658771504098,1.658008657762599
NAR033019019,NAR,CJF_2,CJF,2,R,R-NAR033019019,15,13,1.5227926204260491,1.658008657762599
NAR033019019,NAR,CJF_2,CJF,2,R,R-NAR033019019,15,14,1.5900075537259666,1.658008657762599
NAR033019019,NAR,CJF_2,CJF,2,R,R-NAR033019019,15,15,1.658008657762599,1.658008657762599
NAR033019019,NAR,CJF_3,CJF,3,R,R-NAR033019019,15,1,0.5091187471676802,1.6143325420524288
NAR033019019,NAR,CJF_3,CJF,3,R,R-NAR033019019,15,2,0.6949461303140377,1.6143325420524288
NAR033019019,NAR,CJF_3,CJF,3,R,R-NAR033019019,15,3,0.7868459919622477,1.6143325420524288
NAR033019019,NAR,CJF_3,CJF,3,R,R-NAR033019019,15,4,0.8895578354112991,1.6143325420524288
NAR033019019,NAR,CJF_3,CJF,3,R,R-NAR033019019,15,5,0.9741213257330475,1.6143325420524288
NAR033019019,NAR,CJF_3,CJF,3,R,R-NAR033019019,15,6,1.0511552083198359,1.6143325420524288
NAR033019019,NAR,CJF_3,CJF,3,R,R-NAR033019019,15,7,1.1235553844205493,1.6143325420524288
NAR033019019,NAR,CJF_3,CJF,3,R,R-NAR033019019,15,8,1.1990446981786465,1.6143325420524288
NAR033019019,NAR,CJF_3,CJF,3,R,R-NAR033019019,15,9,1.2550343263892474,1.6143325420524288
NAR033019019,NAR,CJF_3,CJF,3,R,R-NAR033019019,15,10,1.3049422974893305,1.6143325420524288
NAR033019019,NAR,CJF_3,CJF,3,R,R-NAR033019019,15,11,1.3667237281977007,1.6143325420524288
NAR033019019,NAR,CJF_3,CJF,3,R,R-NAR033019019,15,12,1.4195276005466695,1.6143325420524288
NAR033019019,NAR,CJF_3,CJF,3,R,R-NAR033019019,15,13,1.4934723454760743,1.6143325420524288
NAR033019019,NAR,CJF_3,CJF,3,R,R-NAR033019019,15,14,1.5494619736866753,1.6143325420524288
NAR033019019,NAR,CJF_3,CJF,3,R,R-NAR033019019,15,15,1.6143325420524288,1.6143325420524288
NAR033019019,NAR,JRS_1,JRS,1,R,R-NAR033019019,15,1,0.40982447039314374,1.6595908302161708
NAR033019019,NAR,JRS_1,JRS,1,R,R-NAR033019019,15,2,0.5579315850087965,1.6595908302161708
NAR033019019,NAR,JRS_1,JRS,1,R,R-NAR033019019,15,3,0.7222668740919733,1.6595908302161708
NAR033019019,NAR,JRS_1,JRS,1,R,R-NAR033019019,15,4,0.8358819977122487,1.6595908302161708
NAR033019019,NAR,JRS_1,JRS,1,R,R-NAR033019019,15,5,0.9494963075894505,1.6595908302161708
NAR033019019,NAR,JRS_1,JRS,1,R,R-NAR033019019,15,6,1.0326793319319854,1.6595908302161708
NAR033019019,NAR,JRS_1,JRS,1,R,R-NAR033019019,15,7,1.1036891910661937,1.6595908302161708
NAR033019019,NAR,JRS_1,JRS,1,R,R-NAR033019019,15,8,1.2010728852466526,1.6595908302161708
NAR033019019,NAR,JRS_1,JRS,1,R,R-NAR033019019,15,9,1.249764732336882,1.6595908302161708
NAR033019019,NAR,JRS_1,JRS,1,R,R-NAR033019019,15,10,1.2984573931701844,1.6595908302161708
NAR033019019,NAR,JRS_1,JRS,1,R,R-NAR033019019,15,11,1.353235822864577,1.6595908302161708
NAR033019019,NAR,JRS_1,JRS,1,R,R-NAR033019019,15,12,1.4181590993946227,1.6595908302161708
NAR033019019,NAR,JRS_1,JRS,1,R,R-NAR033019019,15,13,1.4749666612047603,1.6595908302161708
NAR033019019,NAR,JRS_1,JRS,1,R,R-NAR033019019,15,14,1.5358316735033157,1.6595908302161708
NAR033019019,NAR,JRS_1,JRS,1,R,R-NAR033019019,15,15,1.5966966858018707,1.6595908302161708
NAR033019020,NAR,CJF_1,CJF,1,R,R-NAR033019020,11,1,0.3949898820968965,1.5683625520035904
NAR033019020,NAR,CJF_1,CJF,1,R,R-NAR033019020,11,2,0.6398249207012402,1.5683625520035904
NAR033019020,NAR,CJF_1,CJF,1,R,R-NAR033019020,11,3,0.7736228273563209,1.5683625520035904
NAR033019020,NAR,CJF_1,CJF,1,R,R-NAR033019020,11,4,0.9300956728216542,1.5683625520035904
NAR033019020,NAR,CJF_1,CJF,1,R,R-NAR033019020,11,5,1.0195827294177946,1.5683625520035904
NAR033019020,NAR,CJF_1,CJF,1,R,R-NAR033019020,11,6,1.0930591916969847,1.5683625520035904
NAR033019020,NAR,CJF_1,CJF,1,R,R-NAR033019020,11,7,1.1659298044767836,1.5683625520035904
NAR033019020,NAR,CJF_1,CJF,1,R,R-NAR033019020,11,8,1.281293718817349,1.5683625520035904
NAR033019020,NAR,CJF_1,CJF,1,R,R-NAR033019020,11,9,1.3708676109551423,1.5683625520035904
NAR033019020,NAR,CJF_1,CJF,1,R,R-NAR033019020,11,10,1.460095160572413,1.5683625520035904
NAR033019020,NAR,CJF_1,CJF,1,R,R-NAR033019020,11,11,1.5683625520035904,1.5683625520035904
NAR033019020,NAR,CJF_2,CJF,2,R,R-NAR033019020,11,1,0.365518907112162,1.5330292479770922
NAR033019020,NAR,CJF_2,CJF,2,R,R-NAR033019020,11,2,0.625595626852832,1.5330292479770922
NAR033019020,NAR,CJF_2,CJF,2,R,R-NAR033019020,11,3,0.7813399757793329,1.5330292479770922
NAR033019020,NAR,CJF_2,CJF,2,R,R-NAR033019020,11,4,0.9047806543671021,1.5330292479770922
NAR033019020,NAR,CJF_2,CJF,2,R,R-NAR033019020,11,5,0.9836931741670188,1.5330292479770922
NAR033019020,NAR,CJF_2,CJF,2,R,R-NAR033019020,11,6,1.0636807749139294,1.5330292479770922
NAR033019020,NAR,CJF_2,CJF,2,R,R-NAR033019020,11,7,1.1373220968098592,1.5330292479770922
NAR033019020,NAR,CJF_2,CJF,2,R,R-NAR033019020,11,8,1.2575722681669739,1.5330292479770922
NAR033019020,NAR,CJF_2,CJF,2,R,R-NAR033019020,11,9,1.3486745408056837,1.5330292479770922
NAR033019020,NAR,CJF_2,CJF,2,R,R-NAR033019020,11,10,1.4339680750669097,1.5330292479770922
NAR033019020,NAR,CJF_2,CJF,2,R,R-NAR033019020,11,11,1.5330292479770922,1.5330292479770922
NAR033019020,NAR,CJF_3,CJF,3,R,R-NAR033019020,10,1,0.5518968466596665,1.4679423703132861
NAR033019020,NAR,CJF_3,CJF,3,R,R-NAR033019020,10,2,0.7231800068167218,1.4679423703132861
NAR033019020,NAR,CJF_3,CJF,3,R,R-NAR033019020,10,3,0.8428162165346527,1.4679423703132861
NAR033019020,NAR,CJF_3,CJF,3,R,R-NAR033019020,10,4,0.9482306766827616,1.4679423703132861
NAR033019020,NAR,CJF_3,CJF,3,R,R-NAR033019020,10,5,1.020960519151508,1.4679423703132861
NAR033019020,NAR,CJF_3,CJF,3,R,R-NAR033019020,10,6,1.110032670459936,1.4679423703132861
NAR033019020,NAR,CJF_3,CJF,3,R,R-NAR033019020,10,7,1.1959853331980623,1.4679423703132861
NAR033019020,NAR,CJF_3,CJF,3,R,R-NAR033019020,10,8,1.2992792340763117,1.4679423703132861
NAR033019020,NAR,CJF_3,CJF,3,R,R-NAR033019020,10,9,1.385231896814438,1.4679423703132861
NAR033019020,NAR,CJF_3,CJF,3,R,R-NAR033019020,10,10,1.4679423703132861,1.4679423703132861
NAR033019020,NAR,JRS_1,JRS,1,R,R-NAR033019020,9,1,0.5883244362572976,1.4661004126517205
NAR033019020,NAR,JRS_1,JRS,1,R,R-NAR033019020,9,2,0.712975430292373,1.4661004126517205
NAR033019020,NAR,JRS_1,JRS,1,R,R-NAR033019020,9,3,0.8430269220851965,1.4661004126517205
NAR033019020,NAR,JRS_1,JRS,1,R,R-NAR033019020,9,4,0.9617963987727718,1.4661004126517205
NAR033019020,NAR,JRS_1,JRS,1,R,R-NAR033019020,9,5,1.0372350549247467,1.4661004126517205
NAR033019020,NAR,JRS_1,JRS,1,R,R-NAR033019020,9,6,1.1014507261574964,1.4661004126517205
NAR033019020,NAR,JRS_1,JRS,1,R,R-NAR033019020,9,7,1.2095372677016207,1.4661004126517205
NAR033019020,NAR,JRS_1,JRS,1,R,R-NAR033019020,9,8,1.288456732303121,1.4661004126517205
NAR033019020,NAR,JRS_1,JRS,1,R,R-NAR033019020,9,9,1.3743378138036706,1.4661004126517205
NAR033019021,NAR,CJF_1,CJF,1,R,R-NAR033019021,4,1,0.37451689670318106,0.9036638766497862
NAR033019021,NAR,CJF_1,CJF,1,R,R-NAR033019021,4,2,0.6399707029801815,0.9036638766497862
NAR033019021,NAR,CJF_1,CJF,1,R,R-NAR033019021,4,3,0.8177551269661427,0.9036638766497862
NAR033019021,NAR,CJF_1,CJF,1,R,R-NAR033019021,4,4,0.9036638766497862,0.9036638766497862
NAR033019021,NAR,CJF_2,CJF,2,R,R-NAR033019021,4,1,0.3460291511334248,0.8686166352138839
NAR033019021,NAR,CJF_2,CJF,2,R,R-NAR033019021,4,2,0.6084889061992642,0.8686166352138839
NAR033019021,NAR,CJF_2,CJF,2,R,R-NAR033019021,4,3,0.7886771730437079,0.8686166352138839
NAR033019021,NAR,CJF_2,CJF,2,R,R-NAR033019021,4,4,0.8686166352138839,0.8686166352138839
NAR033019021,NAR,CJF_3,CJF,3,R,R-NAR033019021,4,1,0.3915577913541181,0.9445943256013972
NAR033019021,NAR,CJF_3,CJF,3,R,R-NAR033019021,4,2,0.6554340240808222,0.9445943256013972
NAR033019021,NAR,CJF_3,CJF,3,R,R-NAR033019021,4,3,0.8526617992695757,0.9445943256013972
NAR033019021,NAR,CJF_3,CJF,3,R,R-NAR033019021,4,4,0.9445943256013972,0.9445943256013972
NAR033019021,NAR,JRS_1,JRS,1,R,R-NAR033019021,2,1,0.33954198151178105,0.6457059476498681
NAR033019021,NAR,JRS_1,JRS,1,R,R-NAR033019021,2,2,0.49575127568003186,0.6457059476498681
NAR040418002,NAR,CJF_1,CJF,1,R,R-NAR040418002,20,1,0.5015185329229503,1.8519283360176009
NAR040418002,NAR,CJF_1,CJF,1,R,R-NAR040418002,20,2,0.6547312482648693,1.8519283360176009
NAR040418002,NAR,CJF_1,CJF,1,R,R-NAR040418002,20,3,0.8024897738504557,1.8519283360176009
NAR040418002,NAR,CJF_1,CJF,1,R,R-NAR040418002,20,4,0.9160513942809427,1.8519283360176009
NAR040418002,NAR,CJF_1,CJF,1,R,R-NAR040418002,20,5,0.9764923797066343,1.8519283360176009
NAR040418002,NAR,CJF_1,CJF,1,R,R-NAR040418002,20,6,1.0538971461386706,1.8519283360176009
NAR040418002,NAR,CJF_1,CJF,1,R,R-NAR040418002,20,7,1.110512022056447,1.8519283360176009
NAR040418002,NAR,CJF_1,CJF,1,R,R-NAR040418002,20,8,1.1946359271720335,1.8519283360176009
NAR040418002,NAR,CJF_1,CJF,1,R,R-NAR040418002,20,9,1.2678827155012178,1.8519283360176009
NAR040418002,NAR,CJF_1,CJF,1,R,R-NAR040418002,20,10,1.330252387043999,1.8519283360176009
NAR040418002,NAR,CJF_1,CJF,1,R,R-NAR040418002,20,11,1.380148124278224,1.8519283360176009
NAR040418002,NAR,CJF_1,CJF,1,R,R-NAR040418002,20,12,1.4316406790346035,1.8519283360176009
NAR040418002,NAR,CJF_1,CJF,1,R,R-NAR040418002,20,13,1.4924135330552308,1.8519283360176009
NAR040418002,NAR,CJF_1,CJF,1,R,R-NAR040418002,20,14,1.5407124527673026,1.8519283360176009
NAR040418002,NAR,CJF_1,CJF,1,R,R-NAR040418002,20,15,1.6046789418322374,1.8519283360176009
NAR040418002,NAR,CJF_1,CJF,1,R,R-NAR040418002,20,16,1.6542428104715268,1.8519283360176009
NAR040418002,NAR,CJF_1,CJF,1,R,R-NAR040418002,20,17,1.7019092557199897,1.8519283360176009
NAR040418002,NAR,CJF_1,CJF,1,R,R-NAR040418002,20,18,1.7527693360127596,1.8519283360176009
NAR040418002,NAR,CJF_1,CJF,1,R,R-NAR040418002,20,19,1.8061905768862279,1.8519283360176009
NAR040418002,NAR,CJF_1,CJF,1,R,R-NAR040418002,20,20,1.8519283360176009,1.8519283360176009
NAR040418002,NAR,CJF_2,CJF,2,R,R-NAR040418002,20,1,0.4791900628401399,1.8460797803191222
NAR040418002,NAR,CJF_2,CJF,2,R,R-NAR040418002,20,2,0.6164884220230347,1.8460797803191222
NAR040418002,NAR,CJF_2,CJF,2,R,R-NAR040418002,20,3,0.7759456464111343,1.8460797803191222
NAR040418002,NAR,CJF_2,CJF,2,R,R-NAR040418002,20,4,0.8829746573284791,1.8460797803191222
NAR040418002,NAR,CJF_2,CJF,2,R,R-NAR040418002,20,5,0.9644593172906362,1.8460797803191222
NAR040418002,NAR,CJF_2,CJF,2,R,R-NAR040418002,20,6,1.0289193041958729,1.8460797803191222
NAR040418002,NAR,CJF_2,CJF,2,R,R-NAR040418002,20,7,1.0910800973390433,1.8460797803191222
NAR040418002,NAR,CJF_2,CJF,2,R,R-NAR040418002,20,8,1.1739189516011936,1.8460797803191222
NAR040418002,NAR,CJF_2,CJF,2,R,R-NAR040418002,20,9,1.2267563599098692,1.8460797803191222
NAR040418002,NAR,CJF_2,CJF,2,R,R-NAR040418002,20,10,1.3089181170220228,1.8460797803191222
NAR040418002,NAR,CJF_2,CJF,2,R,R-NAR040418002,20,11,1.3656768157048336,1.8460797803191222
NAR040418002,NAR,CJF_2,CJF,2,R,R-NAR040418002,20,12,1.4027024527307375,1.8460797803191222
NAR040418002,NAR,CJF_2,CJF,2,R,R-NAR040418002,20,13,1.4655403430239045,1.8460797803191222
NAR040418002,NAR,CJF_2,CJF,2,R,R-NAR040418002,20,14,1.5277011361670754,1.8460797803191222
NAR040418002,NAR,CJF_2,CJF,2,R,R-NAR040418002,20,15,1.577026448939536,1.8460797803191222
NAR040418002,NAR,CJF_2,CJF,2,R,R-NAR040418002,20,16,1.6433764347689181,1.8460797803191222
NAR040418002,NAR,CJF_2,CJF,2,R,R-NAR040418002,20,17,1.7052693256000124,1.8460797803191222
NAR040418002,NAR,CJF_2,CJF,2,R,R-NAR040418002,20,18,1.7545946383724735,1.8460797803191222
NAR040418002,NAR,CJF_2,CJF,2,R,R-NAR040418002,20,19,1.786218180938017,1.8460797803191222
NAR040418002,NAR,CJF_2,CJF,2,R,R-NAR040418002,20,20,1.8460797803191222,1.8460797803191222
NAR040418002,NAR,CJF_3,CJF,3,R,R-NAR040418002,20,1,0.5325336236555296,1.8998310473042448
NAR040418002,NAR,CJF_3,CJF,3,R,R-NAR040418002,20,2,0.6806313913861922,1.8998310473042448
NAR040418002,NAR,CJF_3,CJF,3,R,R-NAR040418002,20,3,0.8289824138592349,1.8998310473042448
NAR040418002,NAR,CJF_3,CJF,3,R,R-NAR040418002,20,4,0.9456231555077708,1.8998310473042448
NAR040418002,NAR,CJF_3,CJF,3,R,R-NAR040418002,20,5,1.0039435263320384,1.8998310473042448
NAR040418002,NAR,CJF_3,CJF,3,R,R-NAR040418002,20,6,1.074761119475792,1.8998310473042448
NAR040418002,NAR,CJF_3,CJF,3,R,R-NAR040418002,20,7,1.1490632580835034,1.8998310473042448
NAR040418002,NAR,CJF_3,CJF,3,R,R-NAR040418002,20,8,1.2256622373612078,1.8998310473042448
NAR040418002,NAR,CJF_3,CJF,3,R,R-NAR040418002,20,9,1.2948641851441733,1.8998310473042448
NAR040418002,NAR,CJF_3,CJF,3,R,R-NAR040418002,20,10,1.3605815874631801,1.8998310473042448
NAR040418002,NAR,CJF_3,CJF,3,R,R-NAR040418002,20,11,1.4115049267927087,1.8998310473042448
NAR040418002,NAR,CJF_3,CJF,3,R,R-NAR040418002,20,12,1.473991038390138,1.8998310473042448
NAR040418002,NAR,CJF_3,CJF,3,R,R-NAR040418002,20,13,1.5239799276680819,1.8998310473042448
NAR040418002,NAR,CJF_3,CJF,3,R,R-NAR040418002,20,14,1.587400489317096,1.8998310473042448
NAR040418002,NAR,CJF_3,CJF,3,R,R-NAR040418002,20,15,1.6322891877702936,1.8998310473042448
NAR040418002,NAR,CJF_3,CJF,3,R,R-NAR040418002,20,16,1.6864438178213994,1.8998310473042448
NAR040418002,NAR,CJF_3,CJF,3,R,R-NAR040418002,20,17,1.7431485432848783,1.8998310473042448
NAR040418002,NAR,CJF_3,CJF,3,R,R-NAR040418002,20,18,1.7889716917896603,1.8998310473042448
NAR040418002,NAR,CJF_3,CJF,3,R,R-NAR040418002,20,19,1.843126321840766,1.8998310473042448
NAR040418002,NAR,CJF_3,CJF,3,R,R-NAR040418002,20,20,1.8998310473042448,1.8998310473042448
NAR040418002,NAR,JRS_1,JRS,1,R,R-NAR040418002,19,1,0.4863749737794348,1.828869521691595
NAR040418002,NAR,JRS_1,JRS,1,R,R-NAR040418002,19,2,0.6404246693666384,1.828869521691595
NAR040418002,NAR,JRS_1,JRS,1,R,R-NAR040418002,19,3,0.7818211756277688,1.828869521691595
NAR040418002,NAR,JRS_1,JRS,1,R,R-NAR040418002,19,4,0.8834770948020658,1.828869521691595
NAR040418002,NAR,JRS_1,JRS,1,R,R-NAR040418002,19,5,0.9526095311068734,1.828869521691595
NAR040418002,NAR,JRS_1,JRS,1,R,R-NAR040418002,19,6,1.014254740285756,1.828869521691595
NAR040418002,NAR,JRS_1,JRS,1,R,R-NAR040418002,19,7,1.1010796733967763,1.828869521691595
NAR040418002,NAR,JRS_1,JRS,1,R,R-NAR040418002,19,8,1.14694005959807,1.828869521691595
NAR040418002,NAR,JRS_1,JRS,1,R,R-NAR040418002,19,9,1.2160724959028777,1.828869521691595
NAR040418002,NAR,JRS_1,JRS,1,R,R-NAR040418002,19,10,1.281803175647589,1.828869521691595
NAR040418002,NAR,JRS_1,JRS,1,R,R-NAR040418002,19,11,1.3453560586550959,1.828869521691595
NAR040418002,NAR,JRS_1,JRS,1,R,R-NAR040418002,19,12,1.414758617868483,1.828869521691595
NAR040418002,NAR,JRS_1,JRS,1,R,R-NAR040418002,19,13,1.4649745975441855,1.828869521691595
NAR040418002,NAR,JRS_1,JRS,1,R,R-NAR040418002,19,14,1.5319292371117887,1.828869521691595
NAR040418002,NAR,JRS_1,JRS,1,R,R-NAR040418002,19,15,1.5697621503699983,1.828869521691595
NAR040418002,NAR,JRS_1,JRS,1,R,R-NAR040418002,19,16,1.6233798866057971,1.828869521691595
NAR040418002,NAR,JRS_1,JRS,1,R,R-NAR040418002,19,17,1.6680163129841992,1.828869521691595
NAR040418002,NAR,JRS_1,JRS,1,R,R-NAR040418002,19,18,1.7185024155684814,1.828869521691595
NAR040418002,NAR,JRS_1,JRS,1,R,R-NAR040418002,19,19,1.7774295821930004,1.828869521691595
NAR040418003,NAR,CJF_1,CJF,1,R,R-NAR040418003,10,1,0.5145964013700491,1.4591831805590256
NAR040418003,NAR,CJF_1,CJF,1,R,R-NAR040418003,10,2,0.7238463321780977,1.4591831805590256
NAR040418003,NAR,CJF_1,CJF,1,R,R-NAR040418003,10,3,0.8796182410784461,1.4591831805590256
NAR040418003,NAR,CJF_1,CJF,1,R,R-NAR040418003,10,4,0.992215935099481,1.4591831805590256
NAR040418003,NAR,CJF_1,CJF,1,R,R-NAR040418003,10,5,1.0686749894128416,1.4591831805590256
NAR040418003,NAR,CJF_1,CJF,1,R,R-NAR040418003,10,6,1.1483363252413306,1.4591831805590256
NAR040418003,NAR,CJF_1,CJF,1,R,R-NAR040418003,10,7,1.2195022105905573,1.4591831805590256
NAR040418003,NAR,CJF_1,CJF,1,R,R-NAR040418003,10,8,1.2949158211794145,1.4591831805590256
NAR040418003,NAR,CJF_1,CJF,1,R,R-NAR040418003,10,9,1.3644805657710775,1.4591831805590256
NAR040418003,NAR,CJF_1,CJF,1,R,R-NAR040418003,10,10,1.4591831805590256,1.4591831805590256
NAR040418003,NAR,CJF_2,CJF,2,R,R-NAR040418003,10,1,0.4641360418538596,1.4017455201507443
NAR040418003,NAR,CJF_2,CJF,2,R,R-NAR040418003,10,2,0.6828939769045066,1.4017455201507443
NAR040418003,NAR,CJF_2,CJF,2,R,R-NAR040418003,10,3,0.8521022938032541,1.4017455201507443
NAR040418003,NAR,CJF_2,CJF,2,R,R-NAR040418003,10,4,0.9708186559177439,1.4017455201507443
NAR040418003,NAR,CJF_2,CJF,2,R,R-NAR040418003,10,5,1.043826017027756,1.4017455201507443
NAR040418003,NAR,CJF_2,CJF,2,R,R-NAR040418003,10,6,1.0940538235326247,1.4017455201507443
NAR040418003,NAR,CJF_2,CJF,2,R,R-NAR040418003,10,7,1.1806532364528062,1.4017455201507443
NAR040418003,NAR,CJF_2,CJF,2,R,R-NAR040418003,10,8,1.2583292948574005,1.4017455201507443
NAR040418003,NAR,CJF_2,CJF,2,R,R-NAR040418003,10,9,1.329830387467282,1.4017455201507443
NAR040418003,NAR,CJF_2,CJF,2,R,R-NAR040418003,10,10,1.4017455201507443,1.4017455201507443
NAR040418003,NAR,CJF_3,CJF,3,R,R-NAR040418003,10,1,0.473722039247346,1.4123480400588595
NAR040418003,NAR,CJF_3,CJF,3,R,R-NAR040418003,10,2,0.6950939263608302,1.4123480400588595
NAR040418003,NAR,CJF_3,CJF,3,R,R-NAR040418003,10,3,0.8622217865940428,1.4123480400588595
NAR040418003,NAR,CJF_3,CJF,3,R,R-NAR040418003,10,4,0.9495004566632559,1.4123480400588595
NAR040418003,NAR,CJF_3,CJF,3,R,R-NAR040418003,10,5,1.0227427181894673,1.4123480400588595
NAR040418003,NAR,CJF_3,CJF,3,R,R-NAR040418003,10,6,1.1021806327197539,1.4123480400588595
NAR040418003,NAR,CJF_3,CJF,3,R,R-NAR040418003,10,7,1.1700497925093147,1.4123480400588595
NAR040418003,NAR,CJF_3,CJF,3,R,R-NAR040418003,10,8,1.2522383840971476,1.4123480400588595
NAR040418003,NAR,CJF_3,CJF,3,R,R-NAR040418003,10,9,1.3239637954669508,1.4123480400588595
NAR040418003,NAR,CJF_3,CJF,3,R,R-NAR040418003,10,10,1.4123480400588595,1.4123480400588595
NAR040418003,NAR,JRS_1,JRS,1,R,R-NAR040418003,7,1,0.3244050266618393,0.8758688295683509
NAR040418003,NAR,JRS_1,JRS,1,R,R-NAR040418003,7,2,0.4567890651978477,0.8758688295683509
NAR040418003,NAR,JRS_1,JRS,1,R,R-NAR040418003,7,3,0.5411393206136488,0.8758688295683509
NAR040418003,NAR,JRS_1,JRS,1,R,R-NAR040418003,7,4,0.6078393825366849,0.8758688295683509
NAR040418003,NAR,JRS_1,JRS,1,R,R-NAR040418003,7,5,0.6619696775172726,0.8758688295683509
NAR040418003,NAR,JRS_1,JRS,1,R,R-NAR040418003,7,6,0.7219833703287821,0.8758688295683509
NAR040418003,NAR,JRS_1,JRS,1,R,R-NAR040418003,7,7,0.7676082396071752,0.8758688295683509
NAR040418004,NAR,CJF_1,CJF,1,R,R-NAR040418004,20,1,0.46307666018043747,1.898131660158471
NAR040418004,NAR,CJF_1,CJF,1,R,R-NAR040418004,20,2,0.6355646247959309,1.898131660158471
NAR040418004,NAR,CJF_1,CJF,1,R,R-NAR040418004,20,3,0.7959126796127665,1.898131660158471
NAR040418004,NAR,CJF_1,CJF,1,R,R-NAR040418004,20,4,0.9110996133265102,1.898131660158471
NAR040418004,NAR,CJF_1,CJF,1,R,R-NAR040418004,20,5,1.0008369836224509,1.898131660158471
NAR040418004,NAR,CJF_1,CJF,1,R,R-NAR040418004,20,6,1.0890779420888446,1.898131660158471
NAR040418004,NAR,CJF_1,CJF,1,R,R-NAR040418004,20,7,1.1561109310404036,1.898131660158471
NAR040418004,NAR,CJF_1,CJF,1,R,R-NAR040418004,20,8,1.2335397763754006,1.898131660158471
NAR040418004,NAR,CJF_1,CJF,1,R,R-NAR040418004,20,9,1.2963311714239918,1.898131660158471
NAR040418004,NAR,CJF_1,CJF,1,R,R-NAR040418004,20,10,1.368022011026475,1.898131660158471
NAR040418004,NAR,CJF_1,CJF,1,R,R-NAR040418004,20,11,1.4138470304631983,1.898131660158471
NAR040418004,NAR,CJF_1,CJF,1,R,R-NAR040418004,20,12,1.4812962761627146,1.898131660158471
NAR040418004,NAR,CJF_1,CJF,1,R,R-NAR040418004,20,13,1.5460003397888102,1.898131660158471
NAR040418004,NAR,CJF_1,CJF,1,R,R-NAR040418004,20,14,1.6007248037794255,1.898131660158471
NAR040418004,NAR,CJF_1,CJF,1,R,R-NAR040418004,20,15,1.6380666354102136,1.898131660158471
NAR040418004,NAR,CJF_1,CJF,1,R,R-NAR040418004,20,16,1.693871254482417,1.898131660158471
NAR040418004,NAR,CJF_1,CJF,1,R,R-NAR040418004,20,17,1.7505083870505367,1.898131660158471
NAR040418004,NAR,CJF_1,CJF,1,R,R-NAR040418004,20,18,1.7933405828281663,1.898131660158471
NAR040418004,NAR,CJF_1,CJF,1,R,R-NAR040418004,20,19,1.8557157211287996,1.898131660158471
NAR040418004,NAR,CJF_1,CJF,1,R,R-NAR040418004,20,20,1.898131660158471,1.898131660158471
NAR040418004,NAR,CJF_2,CJF,2,R,R-NAR040418004,20,1,0.46942906306539356,1.9244291566702998
NAR040418004,NAR,CJF_2,CJF,2,R,R-NAR040418004,20,2,0.625264244462223,1.9244291566702998
NAR040418004,NAR,CJF_2,CJF,2,R,R-NAR040418004,20,3,0.8009512489509271,1.9244291566702998
NAR040418004,NAR,CJF_2,CJF,2,R,R-NAR040418004,20,4,0.9275052629329726,1.9244291566702998
NAR040418004,NAR,CJF_2,CJF,2,R,R-NAR040418004,20,5,1.0007081814699326,1.9244291566702998
NAR040418004,NAR,CJF_2,CJF,2,R,R-NAR040418004,20,6,1.0852325881961045,1.9244291566702998
NAR040418004,NAR,CJF_2,CJF,2,R,R-NAR040418004,20,7,1.1541860267860347,1.9244291566702998
NAR040418004,NAR,CJF_2,CJF,2,R,R-NAR040418004,20,8,1.233530569136327,1.9244291566702998
NAR040418004,NAR,CJF_2,CJF,2,R,R-NAR040418004,20,9,1.2968075761273496,1.9244291566702998
NAR040418004,NAR,CJF_2,CJF,2,R,R-NAR040418004,20,10,1.3700104946643092,1.9244291566702998
NAR040418004,NAR,CJF_2,CJF,2,R,R-NAR040418004,20,11,1.42289639789497,1.9244291566702998
NAR040418004,NAR,CJF_2,CJF,2,R,R-NAR040418004,20,12,1.4729597728304782,1.9244291566702998
NAR040418004,NAR,CJF_2,CJF,2,R,R-NAR040418004,20,13,1.5376637314733783,1.9244291566702998
NAR040418004,NAR,CJF_2,CJF,2,R,R-NAR040418004,20,14,1.5754438587822226,1.9244291566702998
NAR040418004,NAR,CJF_2,CJF,2,R,R-NAR040418004,20,15,1.6387208657732448,1.9244291566702998
NAR040418004,NAR,CJF_2,CJF,2,R,R-NAR040418004,20,16,1.7081394965776,1.9244291566702998
NAR040418004,NAR,CJF_2,CJF,2,R,R-NAR040418004,20,17,1.7539533915660785,1.9244291566702998
NAR040418004,NAR,CJF_2,CJF,2,R,R-NAR040418004,20,18,1.8059089103678891,1.9244291566702998
NAR040418004,NAR,CJF_2,CJF,2,R,R-NAR040418004,20,19,1.8625791013311546,1.9244291566702998
NAR040418004,NAR,CJF_2,CJF,2,R,R-NAR040418004,20,20,1.9244291566702998,1.9244291566702998
NAR040418004,NAR,CJF_3,CJF,3,R,R-NAR040418004,20,1,0.4478470603538453,1.8874949944007895
NAR040418004,NAR,CJF_3,CJF,3,R,R-NAR040418004,20,2,0.6054928789969384,1.8874949944007895
NAR040418004,NAR,CJF_3,CJF,3,R,R-NAR040418004,20,3,0.7801821408985606,1.8874949944007895
NAR040418004,NAR,CJF_3,CJF,3,R,R-NAR040418004,20,4,0.8857541226396495,1.8874949944007895
NAR040418004,NAR,CJF_3,CJF,3,R,R-NAR040418004,20,5,0.9785435219368415,1.8874949944007895
NAR040418004,NAR,CJF_3,CJF,3,R,R-NAR040418004,20,6,1.0623364302924085,1.8874949944007895
NAR040418004,NAR,CJF_3,CJF,3,R,R-NAR040418004,20,7,1.1380823863310705,1.8874949944007895
NAR040418004,NAR,CJF_3,CJF,3,R,R-NAR040418004,20,8,1.2114605273062364,1.8874949944007895
NAR040418004,NAR,CJF_3,CJF,3,R,R-NAR040418004,20,9,1.283420391842627,1.8874949944007895
NAR040418004,NAR,CJF_3,CJF,3,R,R-NAR040418004,20,10,1.3468585347497521,1.8874949944007895
NAR040418004,NAR,CJF_3,CJF,3,R,R-NAR040418004,20,11,1.409347139032157,1.8874949944007895
NAR040418004,NAR,CJF_3,CJF,3,R,R-NAR040418004,20,12,1.4647383296223786,1.8874949944007895
NAR040418004,NAR,CJF_3,CJF,3,R,R-NAR040418004,20,13,1.5139695821485257,1.8874949944007895
NAR040418004,NAR,CJF_3,CJF,3,R,R-NAR040418004,20,14,1.5717285878022431,1.8874949944007895
NAR040418004,NAR,CJF_3,CJF,3,R,R-NAR040418004,20,15,1.6242771940166074,1.8874949944007895
NAR040418004,NAR,CJF_3,CJF,3,R,R-NAR040418004,20,16,1.6801371224208836,1.8874949944007895
NAR040418004,NAR,CJF_3,CJF,3,R,R-NAR040418004,20,17,1.7307926828841118,1.8874949944007895
NAR040418004,NAR,CJF_3,CJF,3,R,R-NAR040418004,20,18,1.7814482433473402,1.8874949944007895
NAR040418004,NAR,CJF_3,CJF,3,R,R-NAR040418004,20,19,1.8373142032499215,1.8874949944007895
NAR040418004,NAR,CJF_3,CJF,3,R,R-NAR040418004,20,20,1.8874949944007895,1.8874949944007895
NAR040418004,NAR,JRS_1,JRS,1,R,R-NAR040418004,19,1,0.4659339745142229,1.9015611701099207
NAR040418004,NAR,JRS_1,JRS,1,R,R-NAR040418004,19,2,0.6203915134608892,1.9015611701099207
NAR040418004,NAR,JRS_1,JRS,1,R,R-NAR040418004,19,3,0.7913491040249281,1.9015611701099207
NAR040418004,NAR,JRS_1,JRS,1,R,R-NAR040418004,19,4,0.8957405353334622,1.9015611701099207
NAR040418004,NAR,JRS_1,JRS,1,R,R-NAR040418004,19,5,0.9876227248010407,1.9015611701099207
NAR040418004,NAR,JRS_1,JRS,1,R,R-NAR040418004,19,6,1.0780754621664261,1.9015611701099207
NAR040418004,NAR,JRS_1,JRS,1,R,R-NAR040418004,19,7,1.1281415698045585,1.9015611701099207
NAR040418004,NAR,JRS_1,JRS,1,R,R-NAR040418004,19,8,1.212905639035481,1.9015611701099207
NAR040418004,NAR,JRS_1,JRS,1,R,R-NAR040418004,19,9,1.276344487830747,1.9015611701099207
NAR040418004,NAR,JRS_1,JRS,1,R,R-NAR040418004,19,10,1.351726625680953,1.9015611701099207
NAR040418004,NAR,JRS_1,JRS,1,R,R-NAR040418004,19,11,1.4185611911923106,1.9015611701099207
NAR040418004,NAR,JRS_1,JRS,1,R,R-NAR040418004,19,12,1.4521272472130704,1.9015611701099207
NAR040418004,NAR,JRS_1,JRS,1,R,R-NAR040418004,19,13,1.5130047383341123,1.9015611701099207
NAR040418004,NAR,JRS_1,JRS,1,R,R-NAR040418004,19,14,1.5548208201635585,1.9015611701099207
NAR040418004,NAR,JRS_1,JRS,1,R,R-NAR040418004,19,15,1.6256461954513328,1.9015611701099207
NAR040418004,NAR,JRS_1,JRS,1,R,R-NAR040418004,19,16,1.6979010228413003,1.9015611701099207
NAR040418004,NAR,JRS_1,JRS,1,R,R-NAR040418004,19,17,1.742844415130985,1.9015611701099207
NAR040418004,NAR,JRS_1,JRS,1,R,R-NAR040418004,19,18,1.7940424283411478,1.9015611701099207
NAR040418004,NAR,JRS_1,JRS,1,R,R-NAR040418004,19,19,1.861740493168683,1.9015611701099207
NAR040418005,NAR,JRS_1,JRS,1,R,R-NAR040418005,20,1,0.4017092530354154,2.232074858229014
NAR040418005,NAR,JRS_1,JRS,1,R,R-NAR040418005,20,2,0.5688130628463546,2.232074858229014
NAR040418005,NAR,JRS_1,JRS,1,R,R-NAR040418005,20,3,0.7321191218966285,2.232074858229014
NAR040418005,NAR,JRS_1,JRS,1,R,R-NAR040418005,20,4,0.838819596500505,2.232074858229014
NAR040418005,NAR,JRS_1,JRS,1,R,R-NAR040418005,20,5,0.8849359346919164,2.232074858229014
NAR040418005,NAR,JRS_1,JRS,1,R,R-NAR040418005,20,6,1.0094047549626557,2.232074858229014
NAR040418005,NAR,JRS_1,JRS,1,R,R-NAR040418005,20,7,1.1016826316468298,2.232074858229014
NAR040418005,NAR,JRS_1,JRS,1,R,R-NAR040418005,20,8,1.1763729638695437,2.232074858229014
NAR040418005,NAR,JRS_1,JRS,1,R,R-NAR040418005,20,9,1.2724033910130323,2.232074858229014
NAR040418005,NAR,JRS_1,JRS,1,R,R-NAR040418005,20,10,1.3647716682999076,2.232074858229014
NAR040418005,NAR,JRS_1,JRS,1,R,R-NAR040418005,20,11,1.4608020954433962,2.232074858229014
NAR040418005,NAR,JRS_1,JRS,1,R,R-NAR040418005,20,12,1.5461172748251473,2.232074858229014
NAR040418005,NAR,JRS_1,JRS,1,R,R-NAR040418005,20,13,1.6171454571912467,2.232074858229014
NAR040418005,NAR,JRS_1,JRS,1,R,R-NAR040418005,20,14,1.6846470906047848,2.232074858229014
NAR040418005,NAR,JRS_1,JRS,1,R,R-NAR040418005,20,15,1.7628639717800605,2.232074858229014
NAR040418005,NAR,JRS_1,JRS,1,R,R-NAR040418005,20,16,1.8374639034000733,2.232074858229014
NAR040418005,NAR,JRS_1,JRS,1,R,R-NAR040418005,20,17,1.9192525338292616,2.232074858229014
NAR040418005,NAR,JRS_1,JRS,1,R,R-NAR040418005,20,18,2.0151925603700493,2.232074858229014
NAR040418005,NAR,JRS_1,JRS,1,R,R-NAR040418005,20,19,2.0898828925927626,2.232074858229014
NAR040418005,NAR,JRS_1,JRS,1,R,R-NAR040418005,20,20,2.1502862277998256,2.232074858229014
NAR040418005,NAR,NGA_1,NGA,1,R,R-NAR040418005,20,1,0.49548876556157184,2.1448385600168507
NAR040418005,NAR,NGA_1,NGA,1,R,R-NAR040418005,20,2,0.6796613646322829,2.1448385600168507
NAR040418005,NAR,NGA_1,NGA,1,R,R-NAR040418005,20,3,0.7941272241443718,2.1448385600168507
NAR040418005,NAR,NGA_1,NGA,1,R,R-NAR040418005,20,4,0.9376070177775914,2.1448385600168507
NAR040418005,NAR,NGA_1,NGA,1,R,R-NAR040418005,20,5,1.0388041290008834,2.1448385600168507
NAR040418005,NAR,NGA_1,NGA,1,R,R-NAR040418005,20,6,1.1184166187336606,2.1448385600168507
NAR040418005,NAR,NGA_1,NGA,1,R,R-NAR040418005,20,7,1.2047551046957212,2.1448385600168507
NAR040418005,NAR,NGA_1,NGA,1,R,R-NAR040418005,20,8,1.3031802581851069,2.1448385600168507
NAR040418005,NAR,NGA_1,NGA,1,R,R-NAR040418005,20,9,1.4010143712937577,2.1448385600168507
NAR040418005,NAR,NGA_1,NGA,1,R,R-NAR040418005,20,10,1.48121790140727,2.1448385600168507
NAR040418005,NAR,NGA_1,NGA,1,R,R-NAR040418005,20,11,1.5586494737868766,2.1448385600168507
NAR040418005,NAR,NGA_1,NGA,1,R,R-NAR040418005,20,12,1.6465778367213724,2.1448385600168507
NAR040418005,NAR,NGA_1,NGA,1,R,R-NAR040418005,20,13,1.7101496204314472,2.1448385600168507
NAR040418005,NAR,NGA_1,NGA,1,R,R-NAR040418005,20,14,1.7690640492448124,2.1448385600168507
NAR040418005,NAR,NGA_1,NGA,1,R,R-NAR040418005,20,15,1.8412472263469737,2.1448385600168507
NAR040418005,NAR,NGA_1,NGA,1,R,R-NAR040418005,20,16,1.9078864879813224,2.1448385600168507
NAR040418005,NAR,NGA_1,NGA,1,R,R-NAR040418005,20,17,1.9560086060494297,2.1448385600168507
NAR040418005,NAR,NGA_1,NGA,1,R,R-NAR040418005,20,18,2.001949806764366,2.1448385600168507
NAR040418005,NAR,NGA_1,NGA,1,R,R-NAR040418005,20,19,2.069883425180783,2.1448385600168507
NAR040418005,NAR,NGA_1,NGA,1,R,R-NAR040418005,20,20,2.1448385600168507,2.1448385600168507
NAR040418005,NAR,NGA_2,NGA,2,R,R-NAR040418005,20,1,0.5137148203356527,2.183071399192702
NAR040418005,NAR,NGA_2,NGA,2,R,R-NAR040418005,20,2,0.6901064583299723,2.183071399192702
NAR040418005,NAR,NGA_2,NGA,2,R,R-NAR040418005,20,3,0.8222502444727877,2.183071399192702
NAR040418005,NAR,NGA_2,NGA,2,R,R-NAR040418005,20,4,0.971320173577118,2.183071399192702
NAR040418005,NAR,NGA_2,NGA,2,R,R-NAR040418005,20,5,1.0628145862730516,2.183071399192702
NAR040418005,NAR,NGA_2,NGA,2,R,R-NAR040418005,20,6,1.159906616702224,2.183071399192702
NAR040418005,NAR,NGA_2,NGA,2,R,R-NAR040418005,20,7,1.2398726040435764,2.183071399192702
NAR040418005,NAR,NGA_2,NGA,2,R,R-NAR040418005,20,8,1.3418958724297827,2.183071399192702
NAR040418005,NAR,NGA_2,NGA,2,R,R-NAR040418005,20,9,1.4435859509278859,2.183071399192702
NAR040418005,NAR,NGA_2,NGA,2,R,R-NAR040418005,20,10,1.5186207003122054,2.183071399192702
NAR040418005,NAR,NGA_2,NGA,2,R,R-NAR040418005,20,11,1.5827934041181488,2.183071399192702
NAR040418005,NAR,NGA_2,NGA,2,R,R-NAR040418005,20,12,1.663425771235707,2.183071399192702
NAR040418005,NAR,NGA_2,NGA,2,R,R-NAR040418005,20,13,1.7443913282413681,2.183071399192702
NAR040418005,NAR,NGA_2,NGA,2,R,R-NAR040418005,20,14,1.8134952700043452,2.183071399192702
NAR040418005,NAR,NGA_2,NGA,2,R,R-NAR040418005,20,15,1.9015244940574538,2.183071399192702
NAR040418005,NAR,NGA_2,NGA,2,R,R-NAR040418005,20,16,1.9474382953494722,2.183071399192702
NAR040418005,NAR,NGA_2,NGA,2,R,R-NAR040418005,20,17,1.9902200978867681,2.183071399192702
NAR040418005,NAR,NGA_2,NGA,2,R,R-NAR040418005,20,18,2.044197135890542,2.183071399192702
NAR040418005,NAR,NGA_2,NGA,2,R,R-NAR040418005,20,19,2.123496743455689,2.183071399192702
NAR040418005,NAR,NGA_2,NGA,2,R,R-NAR040418005,20,20,2.183071399192702,2.183071399192702
NAR040418006,NAR,CJF_1,CJF,1,R,R-NAR040418006,13,1,0.47952961033945735,1.4821899102013036
NAR040418006,NAR,CJF_1,CJF,1,R,R-NAR040418006,13,2,0.6670464282189824,1.4821899102013036
NAR040418006,NAR,CJF_1,CJF,1,R,R-NAR040418006,13,3,0.779807047001726,1.4821899102013036
NAR040418006,NAR,CJF_1,CJF,1,R,R-NAR040418006,13,4,0.8590209765098547,1.4821899102013036
NAR040418006,NAR,CJF_1,CJF,1,R,R-NAR040418006,13,5,0.9468249585304993,1.4821899102013036
NAR040418006,NAR,CJF_1,CJF,1,R,R-NAR040418006,13,6,1.0276169366239447,1.4821899102013036
NAR040418006,NAR,CJF_1,CJF,1,R,R-NAR040418006,13,7,1.093620379053123,1.4821899102013036
NAR040418006,NAR,CJF_1,CJF,1,R,R-NAR040418006,13,8,1.1472268551787972,1.4821899102013036
NAR040418006,NAR,CJF_1,CJF,1,R,R-NAR040418006,13,9,1.2025740840448766,1.4821899102013036
NAR040418006,NAR,CJF_1,CJF,1,R,R-NAR040418006,13,10,1.2666740695785599,1.4821899102013036
NAR040418006,NAR,CJF_1,CJF,1,R,R-NAR040418006,13,11,1.3325148078526492,1.4821899102013036
NAR040418006,NAR,CJF_1,CJF,1,R,R-NAR040418006,13,12,1.4010725237976793,1.4821899102013036
NAR040418006,NAR,CJF_1,CJF,1,R,R-NAR040418006,13,13,1.4821899102013036,1.4821899102013036
NAR040418006,NAR,CJF_2,CJF,2,R,R-NAR040418006,13,1,0.4680138531959455,1.4175827515827588
NAR040418006,NAR,CJF_2,CJF,2,R,R-NAR040418006,13,2,0.6261938915237502,1.4175827515827588
NAR040418006,NAR,CJF_2,CJF,2,R,R-NAR040418006,13,3,0.7257293360737016,1.4175827515827588
NAR040418006,NAR,CJF_2,CJF,2,R,R-NAR040418006,13,4,0.8107741685116311,1.4175827515827588
NAR040418006,NAR,CJF_2,CJF,2,R,R-NAR040418006,13,5,0.8981327117261947,1.4175827515827588
NAR040418006,NAR,CJF_2,CJF,2,R,R-NAR040418006,13,6,0.9758953391693385,1.4175827515827588
NAR040418006,NAR,CJF_2,CJF,2,R,R-NAR040418006,13,7,1.037535789053593,1.4175827515827588
NAR040418006,NAR,CJF_2,CJF,2,R,R-NAR040418006,13,8,1.105776298602867,1.4175827515827588
NAR040418006,NAR,CJF_2,CJF,2,R,R-NAR040418006,13,9,1.1561892672688345,1.4175827515827588
NAR040418006,NAR,CJF_2,CJF,2,R,R-NAR040418006,13,10,1.2099391647060864,1.4175827515827588
NAR040418006,NAR,CJF_2,CJF,2,R,R-NAR040418006,13,11,1.2857291540374798,1.4175827515827588
NAR040418006,NAR,CJF_2,CJF,2,R,R-NAR040418006,13,12,1.3453969658099836,1.4175827515827588
NAR040418006,NAR,CJF_2,CJF,2,R,R-NAR040418006,13,13,1.4175827515827588,1.4175827515827588
NAR040418006,NAR,CJF_3,CJF,3,R,R-NAR040418006,13,1,0.37846021333864655,1.4195372600782665
NAR040418006,NAR,CJF_3,CJF,3,R,R-NAR040418006,13,2,0.6343755159924453,1.4195372600782665
NAR040418006,NAR,CJF_3,CJF,3,R,R-NAR040418006,13,3,0.7154163579370925,1.4195372600782665
NAR040418006,NAR,CJF_3,CJF,3,R,R-NAR040418006,13,4,0.7984681941617419,1.4195372600782665
NAR040418006,NAR,CJF_3,CJF,3,R,R-NAR040418006,13,5,0.8825036781542681,1.4195372600782665
NAR040418006,NAR,CJF_3,CJF,3,R,R-NAR040418006,13,6,0.9635445200989148,1.4195372600782665
NAR040418006,NAR,CJF_3,CJF,3,R,R-NAR040418006,13,7,1.0337598807594561,1.4195372600782665
NAR040418006,NAR,CJF_3,CJF,3,R,R-NAR040418006,13,8,1.0848489463878535,1.4195372600782665
NAR040418006,NAR,CJF_3,CJF,3,R,R-NAR040418006,13,9,1.1394463273201922,1.4195372600782665
NAR040418006,NAR,CJF_3,CJF,3,R,R-NAR040418006,13,10,1.2053828627926986,1.4195372600782665
NAR040418006,NAR,CJF_3,CJF,3,R,R-NAR040418006,13,11,1.2816312062932471,1.4195372600782665
NAR040418006,NAR,CJF_3,CJF,3,R,R-NAR040418006,13,12,1.3478245783937846,1.4195372600782665
NAR040418006,NAR,CJF_3,CJF,3,R,R-NAR040418006,13,13,1.4195372600782665,1.4195372600782665
NAR040418006,NAR,JRS_1,JRS,1,R,R-NAR040418006,12,1,0.4751111293743842,1.3839676391297793
NAR040418006,NAR,JRS_1,JRS,1,R,R-NAR040418006,12,2,0.651739749858301,1.3839676391297793
NAR040418006,NAR,JRS_1,JRS,1,R,R-NAR040418006,12,3,0.7410901371139778,1.3839676391297793
NAR040418006,NAR,JRS_1,JRS,1,R,R-NAR040418006,12,4,0.8011479769876171,1.3839676391297793
NAR040418006,NAR,JRS_1,JRS,1,R,R-NAR040418006,12,5,0.9021691386680127,1.3839676391297793
NAR040418006,NAR,JRS_1,JRS,1,R,R-NAR040418006,12,6,0.9484498091802682,1.3839676391297793
NAR040418006,NAR,JRS_1,JRS,1,R,R-NAR040418006,12,7,1.0296743211482275,1.3839676391297793
NAR040418006,NAR,JRS_1,JRS,1,R,R-NAR040418006,12,8,1.0794998907974838,1.3839676391297793
NAR040418006,NAR,JRS_1,JRS,1,R,R-NAR040418006,12,9,1.1405938076848414,1.3839676391297793
NAR040418006,NAR,JRS_1,JRS,1,R,R-NAR040418006,12,10,1.203828360418089,1.3839676391297793
NAR040418006,NAR,JRS_1,JRS,1,R,R-NAR040418006,12,11,1.2610434328002833,1.3839676391297793
NAR040418006,NAR,JRS_1,JRS,1,R,R-NAR040418006,12,12,1.3221715905968678,1.3839676391297793
NAR040418007,NAR,CJF_1,CJF,1,R,R-NAR040418007,9,1,0.47694778134707533,1.227393734005834
NAR040418007,NAR,CJF_1,CJF,1,R,R-NAR040418007,9,2,0.6360959789479225,1.227393734005834
NAR040418007,NAR,CJF_1,CJF,1,R,R-NAR040418007,9,3,0.7449984360171298,1.227393734005834
NAR040418007,NAR,CJF_1,CJF,1,R,R-NAR040418007,9,4,0.8053918164777658,1.227393734005834
NAR040418007,NAR,CJF_1,CJF,1,R,R-NAR040418007,9,5,0.9021680924803619,1.227393734005834
NAR040418007,NAR,CJF_1,CJF,1,R,R-NAR040418007,9,6,0.9452340047894279,1.227393734005834
NAR040418007,NAR,CJF_1,CJF,1,R,R-NAR040418007,9,7,1.0293872882699464,1.227393734005834
NAR040418007,NAR,CJF_1,CJF,1,R,R-NAR040418007,9,8,1.1179944654811604,1.227393734005834
NAR040418007,NAR,CJF_1,CJF,1,R,R-NAR040418007,9,9,1.227393734005834,1.227393734005834
NAR040418007,NAR,CJF_2,CJF,2,R,R-NAR040418007,8,1,0.5435697151494977,1.2934340199453782
NAR040418007,NAR,CJF_2,CJF,2,R,R-NAR040418007,8,2,0.6713780154300617,1.2934340199453782
NAR040418007,NAR,CJF_2,CJF,2,R,R-NAR040418007,8,3,0.7799940351471979,1.2934340199453782
NAR040418007,NAR,CJF_2,CJF,2,R,R-NAR040418007,8,4,0.8720728308584746,1.2934340199453782
NAR040418007,NAR,CJF_2,CJF,2,R,R-NAR040418007,8,5,0.9722616267938731,1.2934340199453782
NAR040418007,NAR,CJF_2,CJF,2,R,R-NAR040418007,8,6,1.0869670372927958,1.2934340199453782
NAR040418007,NAR,CJF_2,CJF,2,R,R-NAR040418007,8,7,1.1721771645556351,1.2934340199453782
NAR040418007,NAR,CJF_2,CJF,2,R,R-NAR040418007,8,8,1.2934340199453782,1.2934340199453782
NAR040418007,NAR,CJF_3,CJF,3,R,R-NAR040418007,8,1,0.36702232956144337,1.2825577340240295
NAR040418007,NAR,CJF_3,CJF,3,R,R-NAR040418007,8,2,0.6402834474714878,1.2825577340240295
NAR040418007,NAR,CJF_3,CJF,3,R,R-NAR040418007,8,3,0.7569984692749505,1.2825577340240295
NAR040418007,NAR,CJF_3,CJF,3,R,R-NAR040418007,8,4,0.8480855085782985,1.2825577340240295
NAR040418007,NAR,CJF_3,CJF,3,R,R-NAR040418007,8,5,0.932018987601222,1.2825577340240295
NAR040418007,NAR,CJF_3,CJF,3,R,R-NAR040418007,8,6,1.0340332078314165,1.2825577340240295
NAR040418007,NAR,CJF_3,CJF,3,R,R-NAR040418007,8,7,1.1246225373645005,1.2825577340240295
NAR040418007,NAR,CJF_3,CJF,3,R,R-NAR040418007,8,8,1.2825577340240295,1.2825577340240295
NAR040418007,NAR,JRS_1,JRS,1,R,R-NAR040418007,7,1,0.4084203015601702,1.0908294548273438
NAR040418007,NAR,JRS_1,JRS,1,R,R-NAR040418007,7,2,0.5454683151509394,1.0908294548273438
NAR040418007,NAR,JRS_1,JRS,1,R,R-NAR040418007,7,3,0.6322731511492957,1.0908294548273438
NAR040418007,NAR,JRS_1,JRS,1,R,R-NAR040418007,7,4,0.7225519546815382,1.0908294548273438
NAR040418007,NAR,JRS_1,JRS,1,R,R-NAR040418007,7,5,0.8274768566710644,1.0908294548273438
NAR040418007,NAR,JRS_1,JRS,1,R,R-NAR040418007,7,6,0.9193854684957128,1.0908294548273438
NAR040418007,NAR,JRS_1,JRS,1,R,R-NAR040418007,7,7,1.006083129019535,1.0908294548273438
NAR040418008,NAR,JRS_1,JRS,1,R,R-NAR040418008,5,1,0.5609580444925021,1.3040550046219967
NAR040418008,NAR,JRS_1,JRS,1,R,R-NAR040418008,5,2,0.7646060464696979,1.3040550046219967
NAR040418008,NAR,JRS_1,JRS,1,R,R-NAR040418008,5,3,0.9360730171271573,1.3040550046219967
NAR040418008,NAR,JRS_1,JRS,1,R,R-NAR040418008,5,4,1.0824368761443182,1.3040550046219967
NAR040418008,NAR,JRS_1,JRS,1,R,R-NAR040418008,5,5,1.196839965683255,1.3040550046219967
NAR040418008,NAR,NGA_1,NGA,1,R,R-NAR040418008,6,1,0.5542468776811565,1.2642324309159587
NAR040418008,NAR,NGA_1,NGA,1,R,R-NAR040418008,6,2,0.7522083017577973,1.2642324309159587
NAR040418008,NAR,NGA_1,NGA,1,R,R-NAR040418008,6,3,0.8947269941729477,1.2642324309159587
NAR040418008,NAR,NGA_1,NGA,1,R,R-NAR040418008,6,4,1.0293542954650947,1.2642324309159587
NAR040418008,NAR,NGA_1,NGA,1,R,R-NAR040418008,6,5,1.1586304498750308,1.2642324309159587
NAR040418008,NAR,NGA_1,NGA,1,R,R-NAR040418008,6,6,1.2642324309159587,1.2642324309159587
NAR040418008,NAR,NGA_2,NGA,2,R,R-NAR040418008,6,1,0.5941121424991133,1.2885419749875087
NAR040418008,NAR,NGA_2,NGA,2,R,R-NAR040418008,6,2,0.7973943446307092,1.2885419749875087
NAR040418008,NAR,NGA_2,NGA,2,R,R-NAR040418008,6,3,0.918886611844245,1.2885419749875087
NAR040418008,NAR,NGA_2,NGA,2,R,R-NAR040418008,6,4,1.0641165818507698,1.2885419749875087
NAR040418008,NAR,NGA_2,NGA,2,R,R-NAR040418008,6,5,1.1802838185391313,1.2885419749875087
NAR040418008,NAR,NGA_2,NGA,2,R,R-NAR040418008,6,6,1.2885419749875087,1.2885419749875087
NAR040418009,NAR,CJF_1,CJF,1,R,R-NAR040418009,4,1,0.38305352091031314,1.0114799230879759
NAR040418009,NAR,CJF_1,CJF,1,R,R-NAR040418009,4,2,0.502126168521087,1.0114799230879759
NAR040418009,NAR,CJF_1,CJF,1,R,R-NAR040418009,4,3,0.854505037237232,1.0114799230879759
NAR040418009,NAR,CJF_1,CJF,1,R,R-NAR040418009,4,4,1.0114799230879759,1.0114799230879759
NAR040418009,NAR,CJF_2,CJF,2,R,R-NAR040418009,4,1,0.5010316652532266,1.0360493344722723
NAR040418009,NAR,CJF_2,CJF,2,R,R-NAR040418009,4,2,0.6703035664779947,1.0360493344722723
NAR040418009,NAR,CJF_2,CJF,2,R,R-NAR040418009,4,3,0.8843369589097865,1.0360493344722723
NAR040418009,NAR,CJF_2,CJF,2,R,R-NAR040418009,4,4,1.0360493344722723,1.0360493344722723
NAR040418009,NAR,CJF_3,CJF,3,R,R-NAR040418009,4,1,0.41306525691262913,1.0659139741385257
NAR040418009,NAR,CJF_3,CJF,3,R,R-NAR040418009,4,2,0.6968567044437101,1.0659139741385257
NAR040418009,NAR,CJF_3,CJF,3,R,R-NAR040418009,4,3,0.9138919327990822,1.0659139741385257
NAR040418009,NAR,CJF_3,CJF,3,R,R-NAR040418009,4,4,1.0659139741385257,1.0659139741385257
NAR040418009,NAR,JRS_1,JRS,1,R,R-NAR040418009,6,1,0.4130975258807557,1.0215708714630007
NAR040418009,NAR,JRS_1,JRS,1,R,R-NAR040418009,6,2,0.5117939333291932,1.0215708714630007
NAR040418009,NAR,JRS_1,JRS,1,R,R-NAR040418009,6,3,0.6255137270409161,1.0215708714630007
NAR040418009,NAR,JRS_1,JRS,1,R,R-NAR040418009,6,4,0.6957527552482023,1.0215708714630007
NAR040418009,NAR,JRS_1,JRS,1,R,R-NAR040418009,6,5,0.8000233302971679,1.0215708714630007
NAR040418009,NAR,JRS_1,JRS,1,R,R-NAR040418009,6,6,0.8865080433204147,1.0215708714630007
NAR040418010,NAR,CJF_1,CJF,1,R,R-NAR040418010,5,1,0.43463098033318887,1.0059123477520147
NAR040418010,NAR,CJF_1,CJF,1,R,R-NAR040418010,5,2,0.6165745558720381,1.0059123477520147
NAR040418010,NAR,CJF_1,CJF,1,R,R-NAR040418010,5,3,0.7695997331175394,1.0059123477520147
NAR040418010,NAR,CJF_1,CJF,1,R,R-NAR040418010,5,4,0.8962752909724063,1.0059123477520147
NAR040418010,NAR,CJF_1,CJF,1,R,R-NAR040418010,5,5,1.0059123477520147,1.0059123477520147
NAR040418010,NAR,CJF_2,CJF,2,R,R-NAR040418010,4,1,0.5997968944503318,1.005555788821047
NAR040418010,NAR,CJF_2,CJF,2,R,R-NAR040418010,4,2,0.778262008225636,1.005555788821047
NAR040418010,NAR,CJF_2,CJF,2,R,R-NAR040418010,4,3,0.8879547372266534,1.005555788821047
NAR040418010,NAR,CJF_2,CJF,2,R,R-NAR040418010,4,4,1.005555788821047,1.005555788821047
NAR040418010,NAR,CJF_3,CJF,3,R,R-NAR040418010,4,1,0.6235039174046297,1.0081354375534033
NAR040418010,NAR,CJF_3,CJF,3,R,R-NAR040418010,4,2,0.7674989794704865,1.0081354375534033
NAR040418010,NAR,CJF_3,CJF,3,R,R-NAR040418010,4,3,0.8967927240920677,1.0081354375534033
NAR040418010,NAR,CJF_3,CJF,3,R,R-NAR040418010,4,4,1.0081354375534033,1.0081354375534033
NAR040418010,NAR,JRS_1,JRS,1,R,R-NAR040418010,4,1,0.36392782047519534,0.8972611187763622
NAR040418010,NAR,JRS_1,JRS,1,R,R-NAR040418010,4,2,0.5328822020682563,0.8972611187763622
NAR040418010,NAR,JRS_1,JRS,1,R,R-NAR040418010,4,3,0.674810662237864,0.8972611187763622
NAR040418010,NAR,JRS_1,JRS,1,R,R-NAR040418010,4,4,0.7958192049076552,0.8972611187763622
NAR040418013,NAR,CJF_1,CJF,1,R,R-NAR040418013,4,1,0.4132444577719444,1.0385186755167928
NAR040418013,NAR,CJF_1,CJF,1,R,R-NAR040418013,4,2,0.6855091517132443,1.0385186755167928
NAR040418013,NAR,CJF_1,CJF,1,R,R-NAR040418013,4,3,0.8843088673452524,1.0385186755167928
NAR040418013,NAR,CJF_1,CJF,1,R,R-NAR040418013,4,4,1.0385186755167928,1.0385186755167928
NAR040418013,NAR,CJF_2,CJF,2,R,R-NAR040418013,4,1,0.43955650334206764,1.0286754132053302
NAR040418013,NAR,CJF_2,CJF,2,R,R-NAR040418013,4,2,0.6968092631676308,1.0286754132053302
NAR040418013,NAR,CJF_2,CJF,2,R,R-NAR040418013,4,3,0.8596987661126422,1.0286754132053302
NAR040418013,NAR,CJF_2,CJF,2,R,R-NAR040418013,4,4,1.0286754132053302,1.0286754132053302
NAR040418013,NAR,CJF_3,CJF,3,R,R-NAR040418013,6,1,0.43241612798682627,1.02122279052899
NAR040418013,NAR,CJF_3,CJF,3,R,R-NAR040418013,6,2,0.6908413951843806,1.02122279052899
NAR040418013,NAR,CJF_3,CJF,3,R,R-NAR040418013,6,3,0.7586163077996567,1.02122279052899
NAR040418013,NAR,CJF_3,CJF,3,R,R-NAR040418013,6,4,0.8539741692578495,1.02122279052899
NAR040418013,NAR,CJF_3,CJF,3,R,R-NAR040418013,6,5,0.9259302974049046,1.02122279052899
NAR040418013,NAR,CJF_3,CJF,3,R,R-NAR040418013,6,6,1.02122279052899,1.02122279052899
NAR040418013,NAR,JRS_1,JRS,1,R,R-NAR040418013,7,1,0.3920482384187702,1.0522543479173616
NAR040418013,NAR,JRS_1,JRS,1,R,R-NAR040418013,7,2,0.4772035743419011,1.0522543479173616
NAR040418013,NAR,JRS_1,JRS,1,R,R-NAR040418013,7,3,0.603545792463926,1.0522543479173616
NAR040418013,NAR,JRS_1,JRS,1,R,R-NAR040418013,7,4,0.7128899154755521,1.0522543479173616
NAR040418013,NAR,JRS_1,JRS,1,R,R-NAR040418013,7,5,0.7840964768375404,1.0522543479173616
NAR040418013,NAR,JRS_1,JRS,1,R,R-NAR040418013,7,6,0.8919159395745374,1.0522543479173616
NAR040418013,NAR,JRS_1,JRS,1,R,R-NAR040418013,7,7,0.9648120215822878,1.0522543479173616
NAR040418014,NAR,CJF_1,CJF,1,R,R-NAR040418014,5,1,0.4873148669657126,0.9953129153344105
NAR040418014,NAR,CJF_1,CJF,1,R,R-NAR040418014,5,2,0.6515037486692232,0.9953129153344105
NAR040418014,NAR,CJF_1,CJF,1,R,R-NAR040418014,5,3,0.7991136921327169,0.9953129153344105
NAR040418014,NAR,CJF_1,CJF,1,R,R-NAR040418014,5,4,0.9084759465595018,0.9953129153344105
NAR040418014,NAR,CJF_1,CJF,1,R,R-NAR040418014,5,5,0.9953129153344105,0.9953129153344105
NAR040418014,NAR,CJF_2,CJF,2,R,R-NAR040418014,5,1,0.4926366155521314,1.0246874731465225
NAR040418014,NAR,CJF_2,CJF,2,R,R-NAR040418014,5,2,0.6753242541222267,1.0246874731465225
NAR040418014,NAR,CJF_2,CJF,2,R,R-NAR040418014,5,3,0.8212428970075336,1.0246874731465225
NAR040418014,NAR,CJF_2,CJF,2,R,R-NAR040418014,5,4,0.9290368643643384,1.0246874731465225
NAR040418014,NAR,CJF_2,CJF,2,R,R-NAR040418014,5,5,1.0246874731465225,1.0246874731465225
NAR040418014,NAR,CJF_3,CJF,3,R,R-NAR040418014,5,1,0.4918363908233105,1.0025033620544215
NAR040418014,NAR,CJF_3,CJF,3,R,R-NAR040418014,5,2,0.6669377215143499,1.0025033620544215
NAR040418014,NAR,CJF_3,CJF,3,R,R-NAR040418014,5,3,0.8014291080261111,1.0025033620544215
NAR040418014,NAR,CJF_3,CJF,3,R,R-NAR040418014,5,4,0.9120847886217711,1.0025033620544215
NAR040418014,NAR,CJF_3,CJF,3,R,R-NAR040418014,5,5,1.0025033620544215,1.0025033620544215
NAR040418014,NAR,JRS_1,JRS,1,R,R-NAR040418014,4,1,0.513462045347879,1.021830432995667
NAR040418014,NAR,JRS_1,JRS,1,R,R-NAR040418014,4,2,0.6836287195098887,1.021830432995667
NAR040418014,NAR,JRS_1,JRS,1,R,R-NAR040418014,4,3,0.8396992297163663,1.021830432995667
NAR040418014,NAR,JRS_1,JRS,1,R,R-NAR040418014,4,4,0.9238053546585338,1.021830432995667
NAR040418015,NAR,CJF_1,CJF,1,R,R-NAR040418015,8,1,0.48390785019021426,1.3601819211016983
NAR040418015,NAR,CJF_1,CJF,1,R,R-NAR040418015,8,2,0.7532893915867314,1.3601819211016983
NAR040418015,NAR,CJF_1,CJF,1,R,R-NAR040418015,8,3,0.903573329596802,1.3601819211016983
NAR040418015,NAR,CJF_1,CJF,1,R,R-NAR040418015,8,4,1.0043737396304606,1.3601819211016983
NAR040418015,NAR,CJF_1,CJF,1,R,R-NAR040418015,8,5,1.1030840803511013,1.3601819211016983
NAR040418015,NAR,CJF_1,CJF,1,R,R-NAR040418015,8,6,1.173853374305964,1.3601819211016983
NAR040418015,NAR,CJF_1,CJF,1,R,R-NAR040418015,8,7,1.2446226682608261,1.3601819211016983
NAR040418015,NAR,CJF_1,CJF,1,R,R-NAR040418015,8,8,1.3601819211016983,1.3601819211016983
NAR040418015,NAR,CJF_2,CJF,2,R,R-NAR040418015,8,1,0.49145655000726157,1.3793963965680378
NAR040418015,NAR,CJF_2,CJF,2,R,R-NAR040418015,8,2,0.7737761995787711,1.3793963965680378
NAR040418015,NAR,CJF_2,CJF,2,R,R-NAR040418015,8,3,0.9332662763047137,1.3793963965680378
NAR040418015,NAR,CJF_2,CJF,2,R,R-NAR040418015,8,4,1.0281138400993755,1.3793963965680378
NAR040418015,NAR,CJF_2,CJF,2,R,R-NAR040418015,8,5,1.1229111280304052,1.3793963965680378
NAR040418015,NAR,CJF_2,CJF,2,R,R-NAR040418015,8,6,1.1897389758764383,1.3793963965680378
NAR040418015,NAR,CJF_2,CJF,2,R,R-NAR040418015,8,7,1.2824389116540726,1.3793963965680378
NAR040418015,NAR,CJF_2,CJF,2,R,R-NAR040418015,8,8,1.3793963965680378,1.3793963965680378
NAR040418015,NAR,CJF_3,CJF,3,R,R-NAR040418015,8,1,0.4205347216501303,1.2951742537497084
NAR040418015,NAR,CJF_3,CJF,3,R,R-NAR040418015,8,2,0.672673036039244,1.2951742537497084
NAR040418015,NAR,CJF_3,CJF,3,R,R-NAR040418015,8,3,0.8340661624412856,1.2951742537497084
NAR040418015,NAR,CJF_3,CJF,3,R,R-NAR040418015,8,4,0.9524211218027832,1.2951742537497084
NAR040418015,NAR,CJF_3,CJF,3,R,R-NAR040418015,8,5,1.0407015124076024,1.2951742537497084
NAR040418015,NAR,CJF_3,CJF,3,R,R-NAR040418015,8,6,1.1397414447725591,1.2951742537497084
NAR040418015,NAR,CJF_3,CJF,3,R,R-NAR040418015,8,7,1.21091086490457,1.2951742537497084
NAR040418015,NAR,CJF_3,CJF,3,R,R-NAR040418015,8,8,1.2951742537497084,1.2951742537497084
NAR040418015,NAR,JRS_1,JRS,1,R,R-NAR040418015,7,1,0.4684267631984431,1.2736162607979042
NAR040418015,NAR,JRS_1,JRS,1,R,R-NAR040418015,7,2,0.7082513532900253,1.2736162607979042
NAR040418015,NAR,JRS_1,JRS,1,R,R-NAR040418015,7,3,0.8435164830617454,1.2736162607979042
NAR040418015,NAR,JRS_1,JRS,1,R,R-NAR040418015,7,4,0.9533968941201785,1.2736162607979042
NAR040418015,NAR,JRS_1,JRS,1,R,R-NAR040418015,7,5,1.0281106098703212,1.2736162607979042
NAR040418015,NAR,JRS_1,JRS,1,R,R-NAR040418015,7,6,1.120947838420753,1.2736162607979042
NAR040418015,NAR,JRS_1,JRS,1,R,R-NAR040418015,7,7,1.1960216642683257,1.2736162607979042
NAR040418016,NAR,CJF_1,CJF,1,R,R-NAR040418016,6,1,0.523260815335265,1.4258775377117756
NAR040418016,NAR,CJF_1,CJF,1,R,R-NAR040418016,6,2,0.8073929726570592,1.4258775377117756
NAR040418016,NAR,CJF_1,CJF,1,R,R-NAR040418016,6,3,0.948355753538083,1.4258775377117756
NAR040418016,NAR,CJF_1,CJF,1,R,R-NAR040418016,6,4,1.0959609971417021,1.4258775377117756
NAR040418016,NAR,CJF_1,CJF,1,R,R-NAR040418016,6,5,1.2457955123484228,1.4258775377117756
NAR040418016,NAR,CJF_1,CJF,1,R,R-NAR040418016,6,6,1.4258775377117756,1.4258775377117756
NAR040418016,NAR,CJF_2,CJF,2,R,R-NAR040418016,6,1,0.4983800218306579,1.3487148019398205
NAR040418016,NAR,CJF_2,CJF,2,R,R-NAR040418016,6,2,0.7664669686457316,1.3487148019398205
NAR040418016,NAR,CJF_2,CJF,2,R,R-NAR040418016,6,3,0.9142658582332843,1.3487148019398205
NAR040418016,NAR,CJF_2,CJF,2,R,R-NAR040418016,6,4,1.0702111244344172,1.3487148019398205
NAR040418016,NAR,CJF_2,CJF,2,R,R-NAR040418016,6,5,1.2180100140219705,1.3487148019398205
NAR040418016,NAR,CJF_2,CJF,2,R,R-NAR040418016,6,6,1.3487148019398205,1.3487148019398205
NAR040418016,NAR,CJF_3,CJF,3,R,R-NAR040418016,6,1,0.5411540216441924,1.3636578278768974
NAR040418016,NAR,CJF_3,CJF,3,R,R-NAR040418016,6,2,0.7998832883094337,1.3636578278768974
NAR040418016,NAR,CJF_3,CJF,3,R,R-NAR040418016,6,3,0.9496040807867955,1.3636578278768974
NAR040418016,NAR,CJF_3,CJF,3,R,R-NAR040418016,6,4,1.1062092977353724,1.3636578278768974
NAR040418016,NAR,CJF_3,CJF,3,R,R-NAR040418016,6,5,1.2572338965984775,1.3636578278768974
NAR040418016,NAR,CJF_3,CJF,3,R,R-NAR040418016,6,6,1.3636578278768974,1.3636578278768974
NAR040418016,NAR,JRS_1,JRS,1,R,R-NAR040418016,5,1,0.43215002992439105,1.267459376028765
NAR040418016,NAR,JRS_1,JRS,1,R,R-NAR040418016,5,2,0.6881792856048217,1.267459376028765
NAR040418016,NAR,JRS_1,JRS,1,R,R-NAR040418016,5,3,0.8432647097140193,1.267459376028765
NAR040418016,NAR,JRS_1,JRS,1,R,R-NAR040418016,5,4,1.010001558062568,1.267459376028765
NAR040418016,NAR,JRS_1,JRS,1,R,R-NAR040418016,5,5,1.1505784333608815,1.267459376028765
NAR040418017,NAR,CJF_1,CJF,1,R,R-NAR040418017,19,1,0.34289656028977716,1.7779999168371103
NAR040418017,NAR,CJF_1,CJF,1,R,R-NAR040418017,19,2,0.5231692645920828,1.7779999168371103
NAR040418017,NAR,CJF_1,CJF,1,R,R-NAR040418017,19,3,0.670083229204651,1.7779999168371103
NAR040418017,NAR,CJF_1,CJF,1,R,R-NAR040418017,19,4,0.7541107819546558,1.7779999168371103
NAR040418017,NAR,CJF_1,CJF,1,R,R-NAR040418017,19,5,0.8583568434850865,1.7779999168371103
NAR040418017,NAR,CJF_1,CJF,1,R,R-NAR040418017,19,6,0.9619722014898565,1.7779999168371103
NAR040418017,NAR,CJF_1,CJF,1,R,R-NAR040418017,19,7,1.0636486025546956,1.7779999168371103
NAR040418017,NAR,CJF_1,CJF,1,R,R-NAR040418017,19,8,1.1521847727102223,1.7779999168371103
NAR040418017,NAR,CJF_1,CJF,1,R,R-NAR040418017,19,9,1.239751464395784,1.7779999168371103
NAR040418017,NAR,CJF_1,CJF,1,R,R-NAR040418017,19,10,1.293959416391608,1.7779999168371103
NAR040418017,NAR,CJF_1,CJF,1,R,R-NAR040418017,19,11,1.379925926081543,1.7779999168371103
NAR040418017,NAR,CJF_1,CJF,1,R,R-NAR040418017,19,12,1.4543523868577932,1.7779999168371103
NAR040418017,NAR,CJF_1,CJF,1,R,R-NAR040418017,19,13,1.5226700482328945,1.7779999168371103
NAR040418017,NAR,CJF_1,CJF,1,R,R-NAR040418017,19,14,1.5598598554395446,1.7779999168371103
NAR040418017,NAR,CJF_1,CJF,1,R,R-NAR040418017,19,15,1.5932185951292823,1.7779999168371103
NAR040418017,NAR,CJF_1,CJF,1,R,R-NAR040418017,19,16,1.6467958435994454,1.7779999168371103
NAR040418017,NAR,CJF_1,CJF,1,R,R-NAR040418017,19,17,1.6878635646859574,1.7779999168371103
NAR040418017,NAR,CJF_1,CJF,1,R,R-NAR040418017,19,18,1.7279618073025036,1.7779999168371103
NAR040418017,NAR,CJF_1,CJF,1,R,R-NAR040418017,19,19,1.7779999168371103,1.7779999168371103
NAR040418017,NAR,CJF_2,CJF,2,R,R-NAR040418017,19,1,0.3632958652762549,1.797900825576212
NAR040418017,NAR,CJF_2,CJF,2,R,R-NAR040418017,19,2,0.5263175780925912,1.797900825576212
NAR040418017,NAR,CJF_2,CJF,2,R,R-NAR040418017,19,3,0.6743729563323595,1.797900825576212
NAR040418017,NAR,CJF_2,CJF,2,R,R-NAR040418017,19,4,0.769425816336673,1.797900825576212
NAR040418017,NAR,CJF_2,CJF,2,R,R-NAR040418017,19,5,0.8838409211613533,1.797900825576212
NAR040418017,NAR,CJF_2,CJF,2,R,R-NAR040418017,19,6,0.971172018793742,1.797900825576212
NAR040418017,NAR,CJF_2,CJF,2,R,R-NAR040418017,19,7,1.0713090950237019,1.797900825576212
NAR040418017,NAR,CJF_2,CJF,2,R,R-NAR040418017,19,8,1.170566989204902,1.797900825576212
NAR040418017,NAR,CJF_2,CJF,2,R,R-NAR040418017,19,9,1.2445946783247857,1.797900825576212
NAR040418017,NAR,CJF_2,CJF,2,R,R-NAR040418017,19,10,1.310116861057442,1.797900825576212
NAR040418017,NAR,CJF_2,CJF,2,R,R-NAR040418017,19,11,1.3950967266439205,1.797900825576212
NAR040418017,NAR,CJF_2,CJF,2,R,R-NAR040418017,19,12,1.4580768012637533,1.797900825576212
NAR040418017,NAR,CJF_2,CJF,2,R,R-NAR040418017,19,13,1.5179218998223725,1.797900825576212
NAR040418017,NAR,CJF_2,CJF,2,R,R-NAR040418017,19,14,1.565744763798725,1.797900825576212
NAR040418017,NAR,CJF_2,CJF,2,R,R-NAR040418017,19,15,1.612879321793231,1.797900825576212
NAR040418017,NAR,CJF_2,CJF,2,R,R-NAR040418017,19,16,1.6515083734005072,1.797900825576212
NAR040418017,NAR,CJF_2,CJF,2,R,R-NAR040418017,19,17,1.7062692557334813,1.797900825576212
NAR040418017,NAR,CJF_2,CJF,2,R,R-NAR040418017,19,18,1.7399095291485687,1.797900825576212
NAR040418017,NAR,CJF_2,CJF,2,R,R-NAR040418017,19,19,1.797900825576212,1.797900825576212
NAR040418017,NAR,CJF_3,CJF,3,R,R-NAR040418017,18,1,0.36485559136098006,1.7934577943526333
NAR040418017,NAR,CJF_3,CJF,3,R,R-NAR040418017,18,2,0.5374038078690635,1.7934577943526333
NAR040418017,NAR,CJF_3,CJF,3,R,R-NAR040418017,18,3,0.674381820136188,1.7934577943526333
NAR040418017,NAR,CJF_3,CJF,3,R,R-NAR040418017,18,4,0.7868749743183058,1.7934577943526333
NAR040418017,NAR,CJF_3,CJF,3,R,R-NAR040418017,18,5,0.8904694919280598,1.7934577943526333
NAR040418017,NAR,CJF_3,CJF,3,R,R-NAR040418017,18,6,0.9848130923924334,1.7934577943526333
NAR040418017,NAR,CJF_3,CJF,3,R,R-NAR040418017,18,7,1.0873264262346414,1.7934577943526333
NAR040418017,NAR,CJF_3,CJF,3,R,R-NAR040418017,18,8,1.1557273622249493,1.7934577943526333
NAR040418017,NAR,CJF_3,CJF,3,R,R-NAR040418017,18,9,1.2475319725327187,1.7934577943526333
NAR040418017,NAR,CJF_3,CJF,3,R,R-NAR040418017,18,10,1.3075870348586842,1.7934577943526333
NAR040418017,NAR,CJF_3,CJF,3,R,R-NAR040418017,18,11,1.3854150282808808,1.7934577943526333
NAR040418017,NAR,CJF_3,CJF,3,R,R-NAR040418017,18,12,1.4596228477789264,1.7934577943526333
NAR040418017,NAR,CJF_3,CJF,3,R,R-NAR040418017,18,13,1.524755890418101,1.7934577943526333
NAR040418017,NAR,CJF_3,CJF,3,R,R-NAR040418017,18,14,1.5780990257552907,1.7934577943526333
NAR040418017,NAR,CJF_3,CJF,3,R,R-NAR040418017,18,15,1.6207334375580424,1.7934577943526333
NAR040418017,NAR,CJF_3,CJF,3,R,R-NAR040418017,18,16,1.6599238157231508,1.7934577943526333
NAR040418017,NAR,CJF_3,CJF,3,R,R-NAR040418017,18,17,1.7192499748545869,1.7934577943526333
NAR040418017,NAR,CJF_3,CJF,3,R,R-NAR040418017,18,18,1.7934577943526333,1.7934577943526333
NAR040418017,NAR,JRS_1,JRS,1,R,R-NAR040418017,15,1,0.3828090677203972,1.7626327843703669
NAR040418017,NAR,JRS_1,JRS,1,R,R-NAR040418017,15,2,0.5625071700681944,1.7626327843703669
NAR040418017,NAR,JRS_1,JRS,1,R,R-NAR040418017,15,3,0.6714033758857607,1.7626327843703669
NAR040418017,NAR,JRS_1,JRS,1,R,R-NAR040418017,15,4,0.7702654975498406,1.7626327843703669
NAR040418017,NAR,JRS_1,JRS,1,R,R-NAR040418017,15,5,0.8656702630049273,1.7626327843703669
NAR040418017,NAR,JRS_1,JRS,1,R,R-NAR040418017,15,6,0.9712217741046643,1.7626327843703669
NAR040418017,NAR,JRS_1,JRS,1,R,R-NAR040418017,15,7,1.0599371501240926,1.7626327843703669
NAR040418017,NAR,JRS_1,JRS,1,R,R-NAR040418017,15,8,1.1506945534701323,1.7626327843703669
NAR040418017,NAR,JRS_1,JRS,1,R,R-NAR040418017,15,9,1.2361778962628962,1.7626327843703669
NAR040418017,NAR,JRS_1,JRS,1,R,R-NAR040418017,15,10,1.3091344816109036,1.7626327843703669
NAR040418017,NAR,JRS_1,JRS,1,R,R-NAR040418017,15,11,1.3708669769053712,1.7626327843703669
NAR040418017,NAR,JRS_1,JRS,1,R,R-NAR040418017,15,12,1.438324178717773,1.7626327843703669
NAR040418017,NAR,JRS_1,JRS,1,R,R-NAR040418017,15,13,1.5291942435549772,1.7626327843703669
NAR040418017,NAR,JRS_1,JRS,1,R,R-NAR040418017,15,14,1.6280563652190567,1.7626327843703669
NAR040418017,NAR,JRS_1,JRS,1,R,R-NAR040418017,15,15,1.7019776334847874,1.7626327843703669
NAR040418019,NAR,CJF_1,CJF,1,R,R-NAR040418019,6,1,0.5659992568615941,1.3227497152176464
NAR040418019,NAR,CJF_1,CJF,1,R,R-NAR040418019,6,2,0.8067063597076873,1.3227497152176464
NAR040418019,NAR,CJF_1,CJF,1,R,R-NAR040418019,6,3,0.9655828683124421,1.3227497152176464
NAR040418019,NAR,CJF_1,CJF,1,R,R-NAR040418019,6,4,1.1089053472488692,1.3227497152176464
NAR040418019,NAR,CJF_1,CJF,1,R,R-NAR040418019,6,5,1.2316406387171701,1.3227497152176464
NAR040418019,NAR,CJF_1,CJF,1,R,R-NAR040418019,6,6,1.3227497152176464,1.3227497152176464
NAR040418019,NAR,CJF_2,CJF,2,R,R-NAR040418019,6,1,0.5504061010323456,1.3084046803797842
NAR040418019,NAR,CJF_2,CJF,2,R,R-NAR040418019,6,2,0.7866986709411843,1.3084046803797842
NAR040418019,NAR,CJF_2,CJF,2,R,R-NAR040418019,6,3,0.9393883122710193,1.3084046803797842
NAR040418019,NAR,CJF_2,CJF,2,R,R-NAR040418019,6,4,1.0906324617597702,1.3084046803797842
NAR040418019,NAR,CJF_2,CJF,2,R,R-NAR040418019,6,5,1.215083409637109,1.3084046803797842
NAR040418019,NAR,CJF_2,CJF,2,R,R-NAR040418019,6,6,1.3084046803797842,1.3084046803797842
NAR040418019,NAR,CJF_3,CJF,3,R,R-NAR040418019,6,1,0.5893302607549699,1.3613972645566663
NAR040418019,NAR,CJF_3,CJF,3,R,R-NAR040418019,6,2,0.8218794119616797,1.3613972645566663
NAR040418019,NAR,CJF_3,CJF,3,R,R-NAR040418019,6,3,0.9930984570978361,1.3613972645566663
NAR040418019,NAR,CJF_3,CJF,3,R,R-NAR040418019,6,4,1.1075626582241151,1.3613972645566663
NAR040418019,NAR,CJF_3,CJF,3,R,R-NAR040418019,6,5,1.242835057922973,1.3613972645566663
NAR040418019,NAR,CJF_3,CJF,3,R,R-NAR040418019,6,6,1.3613972645566663,1.3613972645566663
NAR040418019,NAR,JRS_1,JRS,1,R,R-NAR040418019,5,1,0.4778481433321577,1.1606563947846489
NAR040418019,NAR,JRS_1,JRS,1,R,R-NAR040418019,5,2,0.6855160477015259,1.1606563947846489
NAR040418019,NAR,JRS_1,JRS,1,R,R-NAR040418019,5,3,0.8250599705050934,1.1606563947846489
NAR040418019,NAR,JRS_1,JRS,1,R,R-NAR040418019,5,4,0.9701175130438857,1.1606563947846489
NAR040418019,NAR,JRS_1,JRS,1,R,R-NAR040418019,5,5,1.0696937163807072,1.1606563947846489
NAR040418020,NAR,CJF_1,CJF,1,R,R-NAR040418020,3,1,0.3990937654837657,0.7578726688568551
NAR040418020,NAR,CJF_1,CJF,1,R,R-NAR040418020,3,2,0.631981368273432,0.7578726688568551
NAR040418020,NAR,CJF_1,CJF,1,R,R-NAR040418020,3,3,0.7578726688568551,0.7578726688568551
NAR040418020,NAR,CJF_2,CJF,2,R,R-NAR040418020,3,1,0.387982926227874,0.7514098418356372
NAR040418020,NAR,CJF_2,CJF,2,R,R-NAR040418020,3,2,0.6246810771961324,0.7514098418356372
NAR040418020,NAR,CJF_2,CJF,2,R,R-NAR040418020,3,3,0.7514098418356372,0.7514098418356372
NAR040418020,NAR,CJF_3,CJF,3,R,R-NAR040418020,3,1,0.3362858181032385,0.7195028812667099
NAR040418020,NAR,CJF_3,CJF,3,R,R-NAR040418020,3,2,0.5789088827164313,0.7195028812667099
NAR040418020,NAR,CJF_3,CJF,3,R,R-NAR040418020,3,3,0.7195028812667099,0.7195028812667099
NAR040418020,NAR,JRS_1,JRS,1,R,R-NAR040418020,2,1,0.33786606259922086,0.6759715799742706
NAR040418020,NAR,JRS_1,JRS,1,R,R-NAR040418020,2,2,0.5330584703731021,0.6759715799742706
NAR040418021,NAR,JRS_1,JRS,1,R,R-NAR040418021,3,1,0.27365861359495225,0.8291088745761969
NAR040418021,NAR,JRS_1,JRS,1,R,R-NAR040418021,3,2,0.4664788192165561,0.8291088745761969
NAR040418021,NAR,JRS_1,JRS,1,R,R-NAR040418021,3,3,0.6625200877981722,0.8291088745761969
NAR040418021,NAR,NGA_1,NGA,1,R,R-NAR040418021,5,1,0.32721952374425206,0.8641217714362737
NAR040418021,NAR,NGA_1,NGA,1,R,R-NAR040418021,5,2,0.42253493760591687,0.8641217714362737
NAR040418021,NAR,NGA_1,NGA,1,R,R-NAR040418021,5,3,0.5127595914721625,0.8641217714362737
NAR040418021,NAR,NGA_1,NGA,1,R,R-NAR040418021,5,4,0.7052767315183657,0.8641217714362737
NAR040418021,NAR,NGA_1,NGA,1,R,R-NAR040418021,5,5,0.8641217714362737,0.8641217714362737
NAR040418021,NAR,NGA_2,NGA,2,R,R-NAR040418021,5,1,0.28687829406294957,0.824751834608037
NAR040418021,NAR,NGA_2,NGA,2,R,R-NAR040418021,5,2,0.3778260882841133,0.824751834608037
NAR040418021,NAR,NGA_2,NGA,2,R,R-NAR040418021,5,3,0.4770211944713,0.824751834608037
NAR040418021,NAR,NGA_2,NGA,2,R,R-NAR040418021,5,4,0.6647043823470629,0.824751834608037
NAR040418021,NAR,NGA_2,NGA,2,R,R-NAR040418021,5,5,0.824751834608037,0.824751834608037
NAR040418023,NAR,CJF_1,CJF,1,R,R-NAR040418023,3,1,0.3486298375489416,0.7770823270460926
NAR040418023,NAR,CJF_1,CJF,1,R,R-NAR040418023,3,2,0.6036929569891121,0.7770823270460926
NAR040418023,NAR,CJF_1,CJF,1,R,R-NAR040418023,3,3,0.7770823270460926,0.7770823270460926
NAR040418023,NAR,CJF_2,CJF,2,R,R-NAR040418023,3,1,0.3148664888975516,0.7504841943967382
NAR040418023,NAR,CJF_2,CJF,2,R,R-NAR040418023,3,2,0.5923436349637512,0.7504841943967382
NAR040418023,NAR,CJF_2,CJF,2,R,R-NAR040418023,3,3,0.7504841943967382,0.7504841943967382
NAR040418023,NAR,CJF_3,CJF,3,R,R-NAR040418023,3,1,0.3171138773203667,0.7683600174934395
NAR040418023,NAR,CJF_3,CJF,3,R,R-NAR040418023,3,2,0.586734352547045,0.7683600174934395
NAR040418023,NAR,CJF_3,CJF,3,R,R-NAR040418023,3,3,0.7683600174934395,0.7683600174934395
NAR040418023,NAR,JRS_1,JRS,1,R,R-NAR040418023,2,1,0.28370949946249235,0.5439822399594909
NAR040418023,NAR,JRS_1,JRS,1,R,R-NAR040418023,2,2,0.43299281819836793,0.5439822399594909
NAR040418024,NAR,CJF_1,CJF,1,R,R-NAR040418024,4,1,0.3904238346538208,0.840488749037626
NAR040418024,NAR,CJF_1,CJF,1,R,R-NAR040418024,4,2,0.596280174342581,0.840488749037626
NAR040418024,NAR,CJF_1,CJF,1,R,R-NAR040418024,4,3,0.7317589991983113,0.840488749037626
NAR040418024,NAR,CJF_1,CJF,1,R,R-NAR040418024,4,4,0.840488749037626,0.840488749037626
NAR040418024,NAR,CJF_2,CJF,2,R,R-NAR040418024,4,1,0.40951512898767806,0.8404650864305826
NAR040418024,NAR,CJF_2,CJF,2,R,R-NAR040418024,4,2,0.584516654200175,0.8404650864305826
NAR040418024,NAR,CJF_2,CJF,2,R,R-NAR040418024,4,3,0.7243275956466373,0.8404650864305826
NAR040418024,NAR,CJF_2,CJF,2,R,R-NAR040418024,4,4,0.8404650864305826,0.8404650864305826
NAR040418024,NAR,CJF_3,CJF,3,R,R-NAR040418024,4,1,0.4633909120749694,0.8934846458326298
NAR040418024,NAR,CJF_3,CJF,3,R,R-NAR040418024,4,2,0.6542808955043359,0.8934846458326298
NAR040418024,NAR,CJF_3,CJF,3,R,R-NAR040418024,4,3,0.7815685233569815,0.8934846458326298
NAR040418024,NAR,CJF_3,CJF,3,R,R-NAR040418024,4,4,0.8934846458326298,0.8934846458326298
NAR040418024,NAR,JRS_1,JRS,1,R,R-NAR040418024,4,1,0.32407473946467635,0.9080421789956001
NAR040418024,NAR,JRS_1,JRS,1,R,R-NAR040418024,4,2,0.5216471991633139,0.9080421789956001
NAR040418024,NAR,JRS_1,JRS,1,R,R-NAR040418024,4,3,0.6884551064872133,0.9080421789956001
NAR040418024,NAR,JRS_1,JRS,1,R,R-NAR040418024,4,4,0.8145618184441852,0.9080421789956001
NAR040418025,NAR,CJF_1,CJF,1,R,R-NAR040418025,4,1,0.4114778317936631,0.9761850934002667
NAR040418025,NAR,CJF_1,CJF,1,R,R-NAR040418025,4,2,0.6223004942287973,0.9761850934002667
NAR040418025,NAR,CJF_1,CJF,1,R,R-NAR040418025,4,3,0.8597020453958776,0.9761850934002667
NAR040418025,NAR,CJF_1,CJF,1,R,R-NAR040418025,4,4,0.9761850934002667,0.9761850934002667
NAR040418025,NAR,CJF_2,CJF,2,R,R-NAR040418025,4,1,0.377080467957621,1.0007494264858625
NAR040418025,NAR,CJF_2,CJF,2,R,R-NAR040418025,4,2,0.6332659346638284,1.0007494264858625
NAR040418025,NAR,CJF_2,CJF,2,R,R-NAR040418025,4,3,0.8696484745246759,1.0007494264858625
NAR040418025,NAR,CJF_2,CJF,2,R,R-NAR040418025,4,4,1.0007494264858625,1.0007494264858625
NAR040418025,NAR,CJF_3,CJF,3,R,R-NAR040418025,4,1,0.39743691762156647,0.9908245126023627
NAR040418025,NAR,CJF_3,CJF,3,R,R-NAR040418025,4,2,0.6394415927550443,0.9908245126023627
NAR040418025,NAR,CJF_3,CJF,3,R,R-NAR040418025,4,3,0.8803002609854598,0.9908245126023627
NAR040418025,NAR,CJF_3,CJF,3,R,R-NAR040418025,4,4,0.9908245126023627,0.9908245126023627
NAR040418025,NAR,JRS_1,JRS,1,R,R-NAR040418025,4,1,0.45456305254022356,0.9729557247268935
NAR040418025,NAR,JRS_1,JRS,1,R,R-NAR040418025,4,2,0.6567576818585364,0.9729557247268935
NAR040418025,NAR,JRS_1,JRS,1,R,R-NAR040418025,4,3,0.7563354500128264,0.9729557247268935
NAR040418025,NAR,JRS_1,JRS,1,R,R-NAR040418025,4,4,0.8506048518005593,0.9729557247268935
NAR040418026,NAR,CJF_1,CJF,1,R,R-NAR040418026,3,1,0.3777662762103155,0.8040091097307127
NAR040418026,NAR,CJF_1,CJF,1,R,R-NAR040418026,3,2,0.643783839549441,0.8040091097307127
NAR040418026,NAR,CJF_1,CJF,1,R,R-NAR040418026,3,3,0.8040091097307127,0.8040091097307127
NAR040418026,NAR,CJF_2,CJF,2,R,R-NAR040418026,3,1,0.35750922495433934,0.7877052332403074
NAR040418026,NAR,CJF_2,CJF,2,R,R-NAR040418026,3,2,0.6251621046205961,0.7877052332403074
NAR040418026,NAR,CJF_2,CJF,2,R,R-NAR040418026,3,3,0.7877052332403074,0.7877052332403074
NAR040418026,NAR,CJF_3,CJF,3,R,R-NAR040418026,3,1,0.36986584109679677,0.8015099424339547
NAR040418026,NAR,CJF_3,CJF,3,R,R-NAR040418026,3,2,0.6391270838556578,0.8015099424339547
NAR040418026,NAR,CJF_3,CJF,3,R,R-NAR040418026,3,3,0.8015099424339547,0.8015099424339547
NAR040418026,NAR,JRS_1,JRS,1,R,R-NAR040418026,2,1,0.4014417584122025,0.769884858163594
NAR040418026,NAR,JRS_1,JRS,1,R,R-NAR040418026,2,2,0.6371826862690746,0.769884858163594
NAR040518001,NAR,CJF_1,CJF,1,R,R-NAR040518001,3,1,0.3516778946414276,0.7952959754820395
NAR040518001,NAR,CJF_1,CJF,1,R,R-NAR040518001,3,2,0.6217354855276682,0.7952959754820395
NAR040518001,NAR,CJF_1,CJF,1,R,R-NAR040518001,3,3,0.7952959754820395,0.7952959754820395
NAR040518001,NAR,CJF_2,CJF,2,R,R-NAR040518001,3,1,0.3444778693371803,0.7717506166851846
NAR040518001,NAR,CJF_2,CJF,2,R,R-NAR040518001,3,2,0.5894489936540217,0.7717506166851846
NAR040518001,NAR,CJF_2,CJF,2,R,R-NAR040518001,3,3,0.7717506166851846,0.7717506166851846
NAR040518001,NAR,CJF_3,CJF,3,R,R-NAR040518001,3,1,0.3033473028869103,0.7360984353835797
NAR040518001,NAR,CJF_3,CJF,3,R,R-NAR040518001,3,2,0.5572102328339006,0.7360984353835797
NAR040518001,NAR,CJF_3,CJF,3,R,R-NAR040518001,3,3,0.7360984353835797,0.7360984353835797
NAR040518001,NAR,JRS_1,JRS,1,R,R-NAR040518001,2,1,0.23972930218540017,0.462600525044514
NAR040518001,NAR,JRS_1,JRS,1,R,R-NAR040518001,2,2,0.3637418581794585,0.462600525044514
NAR040518002,NAR,CJF_1,CJF,1,R,R-NAR040518002,4,1,0.31772582503741253,0.8328172456212067
NAR040518002,NAR,CJF_1,CJF,1,R,R-NAR040518002,4,2,0.5547186800169533,0.8328172456212067
NAR040518002,NAR,CJF_1,CJF,1,R,R-NAR040518002,4,3,0.7145672266633624,0.8328172456212067
NAR040518002,NAR,CJF_1,CJF,1,R,R-NAR040518002,4,4,0.8328172456212067,0.8328172456212067
NAR040518002,NAR,CJF_2,CJF,2,R,R-NAR040518002,4,1,0.34768442109076325,0.8661678153992549
NAR040518002,NAR,CJF_2,CJF,2,R,R-NAR040518002,4,2,0.5632918418378103,0.8661678153992549
NAR040518002,NAR,CJF_2,CJF,2,R,R-NAR040518002,4,3,0.744403131391163,0.8661678153992549
NAR040518002,NAR,CJF_2,CJF,2,R,R-NAR040518002,4,4,0.8661678153992549,0.8661678153992549
NAR040518002,NAR,CJF_3,CJF,3,R,R-NAR040518002,4,1,0.4009577713754457,0.9335840121468262
NAR040518002,NAR,CJF_3,CJF,3,R,R-NAR040518002,4,2,0.6404770798032813,0.9335840121468262
NAR040518002,NAR,CJF_3,CJF,3,R,R-NAR040518002,4,3,0.8077010525417789,0.9335840121468262
NAR040518002,NAR,CJF_3,CJF,3,R,R-NAR040518002,4,4,0.9335840121468262,0.9335840121468262
NAR040518002,NAR,JRS_1,JRS,1,R,R-NAR040518002,3,1,0.3311703201324348,0.8164788724371564
NAR040518002,NAR,JRS_1,JRS,1,R,R-NAR040518002,3,2,0.5639894802870097,0.8164788724371564
NAR040518002,NAR,JRS_1,JRS,1,R,R-NAR040518002,3,3,0.7084254275120928,0.8164788724371564
NAR040518003,NAR,CJF_1,CJF,1,R,R-NAR040518003,8,1,0.4792055332383742,1.2812715297955959
NAR040518003,NAR,CJF_1,CJF,1,R,R-NAR040518003,8,2,0.6664803727435178,1.2812715297955959
NAR040518003,NAR,CJF_1,CJF,1,R,R-NAR040518003,8,3,0.8130809267983177,1.2812715297955959
NAR040518003,NAR,CJF_1,CJF,1,R,R-NAR040518003,8,4,0.919572602733254,1.2812715297955959
NAR040518003,NAR,CJF_1,CJF,1,R,R-NAR040518003,8,5,1.0190001912716133,1.2812715297955959
NAR040518003,NAR,CJF_1,CJF,1,R,R-NAR040518003,8,6,1.1293031103356586,1.2812715297955959
NAR040518003,NAR,CJF_1,CJF,1,R,R-NAR040518003,8,7,1.2026033873630582,1.2812715297955959
NAR040518003,NAR,CJF_1,CJF,1,R,R-NAR040518003,8,8,1.2812715297955959,1.2812715297955959
NAR040518003,NAR,CJF_2,CJF,2,R,R-NAR040518003,8,1,0.44956109000742556,1.250799791210227
NAR040518003,NAR,CJF_2,CJF,2,R,R-NAR040518003,8,2,0.6429069983706868,1.250799791210227
NAR040518003,NAR,CJF_2,CJF,2,R,R-NAR040518003,8,3,0.7825080725566713,1.250799791210227
NAR040518003,NAR,CJF_2,CJF,2,R,R-NAR040518003,8,4,0.8749376899067688,1.250799791210227
NAR040518003,NAR,CJF_2,CJF,2,R,R-NAR040518003,8,5,0.9806960794416049,1.250799791210227
NAR040518003,NAR,CJF_2,CJF,2,R,R-NAR040518003,8,6,1.0930798513183908,1.250799791210227
NAR040518003,NAR,CJF_2,CJF,2,R,R-NAR040518003,8,7,1.1704234151637514,1.250799791210227
NAR040518003,NAR,CJF_2,CJF,2,R,R-NAR040518003,8,8,1.250799791210227,1.250799791210227
NAR040518003,NAR,CJF_3,CJF,3,R,R-NAR040518003,8,1,0.4661072266009522,1.2567344611093216
NAR040518003,NAR,CJF_3,CJF,3,R,R-NAR040518003,8,2,0.6469214480513401,1.2567344611093216
NAR040518003,NAR,CJF_3,CJF,3,R,R-NAR040518003,8,3,0.7888441889285119,1.2567344611093216
NAR040518003,NAR,CJF_3,CJF,3,R,R-NAR040518003,8,4,0.8844326753014592,1.2567344611093216
NAR040518003,NAR,CJF_3,CJF,3,R,R-NAR040518003,8,5,0.9837425486399097,1.2567344611093216
NAR040518003,NAR,CJF_3,CJF,3,R,R-NAR040518003,8,6,1.0866185131380741,1.2567344611093216
NAR040518003,NAR,CJF_3,CJF,3,R,R-NAR040518003,8,7,1.1784856125455174,1.2567344611093216
NAR040518003,NAR,CJF_3,CJF,3,R,R-NAR040518003,8,8,1.2567344611093216,1.2567344611093216
NAR040518003,NAR,JRS_1,JRS,1,R,R-NAR040518003,7,1,0.4488285075213885,1.2421507705265171
NAR040518003,NAR,JRS_1,JRS,1,R,R-NAR040518003,7,2,0.6499992507023362,1.2421507705265171
NAR040518003,NAR,JRS_1,JRS,1,R,R-NAR040518003,7,3,0.7551802154327346,1.2421507705265171
NAR040518003,NAR,JRS_1,JRS,1,R,R-NAR040518003,7,4,0.8674008402398153,1.2421507705265171
NAR040518003,NAR,JRS_1,JRS,1,R,R-NAR040518003,7,5,0.9774159471367945,1.2421507705265171
NAR040518003,NAR,JRS_1,JRS,1,R,R-NAR040518003,7,6,1.0755932462618008,1.2421507705265171
NAR040518003,NAR,JRS_1,JRS,1,R,R-NAR040518003,7,7,1.1417679534914085,1.2421507705265171
NAR040518004,NAR,CJF_1,CJF,1,R,R-NAR040518004,20,1,0.48017152529318025,2.0558209458244248
NAR040518004,NAR,CJF_1,CJF,1,R,R-NAR040518004,20,2,0.68275245664273,2.0558209458244248
NAR040518004,NAR,CJF_1,CJF,1,R,R-NAR040518004,20,3,0.8340055215908979,2.0558209458244248
NAR040518004,NAR,CJF_1,CJF,1,R,R-NAR040518004,20,4,0.9625474753704091,2.0558209458244248
NAR040518004,NAR,CJF_1,CJF,1,R,R-NAR040518004,20,5,1.0602886326131005,2.0558209458244248
NAR040518004,NAR,CJF_1,CJF,1,R,R-NAR040518004,20,6,1.1460573643914604,2.0558209458244248
NAR040518004,NAR,CJF_1,CJF,1,R,R-NAR040518004,20,7,1.225233205297628,2.0558209458244248
NAR040518004,NAR,CJF_1,CJF,1,R,R-NAR040518004,20,8,1.313449033116047,2.0558209458244248
NAR040518004,NAR,CJF_1,CJF,1,R,R-NAR040518004,20,9,1.381380462325914,2.0558209458244248
NAR040518004,NAR,CJF_1,CJF,1,R,R-NAR040518004,20,10,1.4439323569436429,2.0558209458244248
NAR040518004,NAR,CJF_1,CJF,1,R,R-NAR040518004,20,11,1.522137512825768,2.0558209458244248
NAR040518004,NAR,CJF_1,CJF,1,R,R-NAR040518004,20,12,1.5844467361874857,2.0558209458244248
NAR040518004,NAR,CJF_1,CJF,1,R,R-NAR040518004,20,13,1.6611754810535937,2.0558209458244248
NAR040518004,NAR,CJF_1,CJF,1,R,R-NAR040518004,20,14,1.7315540063035202,2.0558209458244248
NAR040518004,NAR,CJF_1,CJF,1,R,R-NAR040518004,20,15,1.7814054616888848,2.0558209458244248
NAR040518004,NAR,CJF_1,CJF,1,R,R-NAR040518004,20,16,1.8312569170742496,2.0558209458244248
NAR040518004,NAR,CJF_1,CJF,1,R,R-NAR040518004,20,17,1.8723110568033738,2.0558209458244248
NAR040518004,NAR,CJF_1,CJF,1,R,R-NAR040518004,20,18,1.9285127318049202,2.0558209458244248
NAR040518004,NAR,CJF_1,CJF,1,R,R-NAR040518004,20,19,1.9908219551666375,2.0558209458244248
NAR040518004,NAR,CJF_1,CJF,1,R,R-NAR040518004,20,20,2.0558209458244248,2.0558209458244248
NAR040518004,NAR,CJF_2,CJF,2,R,R-NAR040518004,21,1,0.4872336270945928,2.058887257105331
NAR040518004,NAR,CJF_2,CJF,2,R,R-NAR040518004,21,2,0.6846171429958379,2.058887257105331
NAR040518004,NAR,CJF_2,CJF,2,R,R-NAR040518004,21,3,0.8570443102720022,2.058887257105331
NAR040518004,NAR,CJF_2,CJF,2,R,R-NAR040518004,21,4,0.9882461590244322,2.058887257105331
NAR040518004,NAR,CJF_2,CJF,2,R,R-NAR040518004,21,5,1.0702725022295,2.058887257105331
NAR040518004,NAR,CJF_2,CJF,2,R,R-NAR040518004,21,6,1.1560617920251803,2.058887257105331
NAR040518004,NAR,CJF_2,CJF,2,R,R-NAR040518004,21,7,1.2309865358914238,2.058887257105331
NAR040518004,NAR,CJF_2,CJF,2,R,R-NAR040518004,21,8,1.3147100544660983,2.058887257105331
NAR040518004,NAR,CJF_2,CJF,2,R,R-NAR040518004,21,9,1.3859275497327312,2.058887257105331
NAR040518004,NAR,CJF_2,CJF,2,R,R-NAR040518004,21,10,1.4558721634721594,2.058887257105331
NAR040518004,NAR,CJF_2,CJF,2,R,R-NAR040518004,21,11,1.524175299832983,2.058887257105331
NAR040518004,NAR,CJF_2,CJF,2,R,R-NAR040518004,21,12,1.5774823478223572,2.058887257105331
NAR040518004,NAR,CJF_2,CJF,2,R,R-NAR040518004,21,13,1.657442919806419,2.058887257105331
NAR040518004,NAR,CJF_2,CJF,2,R,R-NAR040518004,21,14,1.7199173383556237,2.058887257105331
NAR040518004,NAR,CJF_2,CJF,2,R,R-NAR040518004,21,15,1.7873718870316435,2.058887257105331
NAR040518004,NAR,CJF_2,CJF,2,R,R-NAR040518004,21,16,1.8256828466495687,2.058887257105331
NAR040518004,NAR,CJF_2,CJF,2,R,R-NAR040518004,21,17,1.846931946675039,2.058887257105331
NAR040518004,NAR,CJF_2,CJF,2,R,R-NAR040518004,21,18,1.9068606021698327,2.058887257105331
NAR040518004,NAR,CJF_2,CJF,2,R,R-NAR040518004,21,19,1.9643548905922217,2.058887257105331
NAR040518004,NAR,CJF_2,CJF,2,R,R-NAR040518004,21,20,1.9964128385561262,2.058887257105331
NAR040518004,NAR,CJF_2,CJF,2,R,R-NAR040518004,21,21,2.058887257105331,2.058887257105331
NAR040518004,NAR,CJF_3,CJF,3,R,R-NAR040518004,22,1,0.4613876595897865,2.0008259072572736
NAR040518004,NAR,CJF_3,CJF,3,R,R-NAR040518004,22,2,0.6489224439046948,2.0008259072572736
NAR040518004,NAR,CJF_3,CJF,3,R,R-NAR040518004,22,3,0.813990076058691,2.0008259072572736
NAR040518004,NAR,CJF_3,CJF,3,R,R-NAR040518004,22,4,0.9407948443606362,2.0008259072572736
NAR040518004,NAR,CJF_3,CJF,3,R,R-NAR040518004,22,5,1.0391196321911473,2.0008259072572736
NAR040518004,NAR,CJF_3,CJF,3,R,R-NAR040518004,22,6,1.1183177280332592,2.0008259072572736
NAR040518004,NAR,CJF_3,CJF,3,R,R-NAR040518004,22,7,1.1926196422474367,2.0008259072572736
NAR040518004,NAR,CJF_3,CJF,3,R,R-NAR040518004,22,8,1.2675896484961162,2.0008259072572736
NAR040518004,NAR,CJF_3,CJF,3,R,R-NAR040518004,22,9,1.3410039332893744,2.0008259072572736
NAR040518004,NAR,CJF_3,CJF,3,R,R-NAR040518004,22,10,1.4024020413368397,2.0008259072572736
NAR040518004,NAR,CJF_3,CJF,3,R,R-NAR040518004,22,11,1.4724758659575854,2.0008259072572736
NAR040518004,NAR,CJF_3,CJF,3,R,R-NAR040518004,22,12,1.5198630010310024,2.0008259072572736
NAR040518004,NAR,CJF_3,CJF,3,R,R-NAR040518004,22,13,1.5957206367006016,2.0008259072572736
NAR040518004,NAR,CJF_3,CJF,3,R,R-NAR040518004,22,14,1.6584549288170718,2.0008259072572736
NAR040518004,NAR,CJF_3,CJF,3,R,R-NAR040518004,22,15,1.7180777780226983,2.0008259072572736
NAR040518004,NAR,CJF_3,CJF,3,R,R-NAR040518004,22,16,1.744992557163459,2.0008259072572736
NAR040518004,NAR,CJF_3,CJF,3,R,R-NAR040518004,22,17,1.7694639854278782,2.0008259072572736
NAR040518004,NAR,CJF_3,CJF,3,R,R-NAR040518004,22,18,1.8126230309078626,2.0008259072572736
NAR040518004,NAR,CJF_3,CJF,3,R,R-NAR040518004,22,19,1.852441616215336,2.0008259072572736
NAR040518004,NAR,CJF_3,CJF,3,R,R-NAR040518004,22,20,1.910060189317455,2.0008259072572736
NAR040518004,NAR,CJF_3,CJF,3,R,R-NAR040518004,22,21,1.9547749562528622,2.0008259072572736
NAR040518004,NAR,CJF_3,CJF,3,R,R-NAR040518004,22,22,2.0008259072572736,2.0008259072572736
NAR040518004,NAR,JRS_1,JRS,1,R,R-NAR040518004,18,1,0.4281019924905469,1.980841621725316
NAR040518004,NAR,JRS_1,JRS,1,R,R-NAR040518004,18,2,0.5152824267048424,1.980841621725316
NAR040518004,NAR,JRS_1,JRS,1,R,R-NAR040518004,18,3,0.6513316371408001,1.980841621725316
NAR040518004,NAR,JRS_1,JRS,1,R,R-NAR040518004,18,4,0.8224816511909501,1.980841621725316
NAR040518004,NAR,JRS_1,JRS,1,R,R-NAR040518004,18,5,0.9227408231006909,1.980841621725316
NAR040518004,NAR,JRS_1,JRS,1,R,R-NAR040518004,18,6,1.02093229027436,1.980841621725316
NAR040518004,NAR,JRS_1,JRS,1,R,R-NAR040518004,18,7,1.1030694855558203,1.980841621725316
NAR040518004,NAR,JRS_1,JRS,1,R,R-NAR040518004,18,8,1.1842821257435783,1.980841621725316
NAR040518004,NAR,JRS_1,JRS,1,R,R-NAR040518004,18,9,1.266873235755384,1.980841621725316
NAR040518004,NAR,JRS_1,JRS,1,R,R-NAR040518004,18,10,1.3391425477198409,1.980841621725316
NAR040518004,NAR,JRS_1,JRS,1,R,R-NAR040518004,18,11,1.3951222676104102,1.980841621725316
NAR040518004,NAR,JRS_1,JRS,1,R,R-NAR040518004,18,12,1.4458234283864655,1.980841621725316
NAR040518004,NAR,JRS_1,JRS,1,R,R-NAR040518004,18,13,1.5180927403509221,1.980841621725316
NAR040518004,NAR,JRS_1,JRS,1,R,R-NAR040518004,18,14,1.5935729066938202,1.980841621725316
NAR040518004,NAR,JRS_1,JRS,1,R,R-NAR040518004,18,15,1.6775424865296742,1.980841621725316
NAR040518004,NAR,JRS_1,JRS,1,R,R-NAR040518004,18,16,1.737422295710709,1.980841621725316
NAR040518004,NAR,JRS_1,JRS,1,R,R-NAR040518004,18,17,1.7725230993249017,1.980841621725316
NAR040518004,NAR,JRS_1,JRS,1,R,R-NAR040518004,18,18,1.8298812890395193,1.980841621725316
NAR040618001,NAR,CJF_1,CJF,1,R,R-NAR040618001,20,1,0.550220641351247,2.018359996616376
NAR040618001,NAR,CJF_1,CJF,1,R,R-NAR040618001,20,2,0.7027724515149134,2.018359996616376
NAR040618001,NAR,CJF_1,CJF,1,R,R-NAR040618001,20,3,0.864668646553856,2.018359996616376
NAR040618001,NAR,CJF_1,CJF,1,R,R-NAR040618001,20,4,0.9930718636718159,2.018359996616376
NAR040618001,NAR,CJF_1,CJF,1,R,R-NAR040618001,20,5,1.0864519232072842,2.018359996616376
NAR040618001,NAR,CJF_1,CJF,1,R,R-NAR040618001,20,6,1.1706415511918165,2.018359996616376
NAR040618001,NAR,CJF_1,CJF,1,R,R-NAR040618001,20,7,1.242118528329376,2.018359996616376
NAR040618001,NAR,CJF_1,CJF,1,R,R-NAR040618001,20,8,1.3275848649621458,2.018359996616376
NAR040618001,NAR,CJF_1,CJF,1,R,R-NAR040618001,20,9,1.3948242918173814,2.018359996616376
NAR040618001,NAR,CJF_1,CJF,1,R,R-NAR040618001,20,10,1.4572647907283438,2.018359996616376
NAR040618001,NAR,CJF_1,CJF,1,R,R-NAR040618001,20,11,1.5105148580883692,2.018359996616376
NAR040618001,NAR,CJF_1,CJF,1,R,R-NAR040618001,20,12,1.5602427061523592,2.018359996616376
NAR040618001,NAR,CJF_1,CJF,1,R,R-NAR040618001,20,13,1.6287588416558327,2.018359996616376
NAR040618001,NAR,CJF_1,CJF,1,R,R-NAR040618001,20,14,1.6875231679464204,2.018359996616376
NAR040618001,NAR,CJF_1,CJF,1,R,R-NAR040618001,20,15,1.7481255805471951,2.018359996616376
NAR040618001,NAR,CJF_1,CJF,1,R,R-NAR040618001,20,16,1.790501083370436,2.018359996616376
NAR040618001,NAR,CJF_1,CJF,1,R,R-NAR040618001,20,17,1.8317538308697778,2.018359996616376
NAR040618001,NAR,CJF_1,CJF,1,R,R-NAR040618001,20,18,1.8888340241745172,2.018359996616376
NAR040618001,NAR,CJF_1,CJF,1,R,R-NAR040618001,20,19,1.9566348286917024,2.018359996616376
NAR040618001,NAR,CJF_1,CJF,1,R,R-NAR040618001,20,20,2.018359996616376,2.018359996616376
NAR040618001,NAR,CJF_2,CJF,2,R,R-NAR040618001,19,1,0.6535053175906015,1.962934422372072
NAR040618001,NAR,CJF_2,CJF,2,R,R-NAR040618001,19,2,0.8167956334423295,1.962934422372072
NAR040618001,NAR,CJF_2,CJF,2,R,R-NAR040618001,19,3,0.94266542144924,1.962934422372072
NAR040618001,NAR,CJF_2,CJF,2,R,R-NAR040618001,19,4,1.0439416845588316,1.962934422372072
NAR040618001,NAR,CJF_2,CJF,2,R,R-NAR040618001,19,5,1.120577876192317,1.962934422372072
NAR040618001,NAR,CJF_2,CJF,2,R,R-NAR040618001,19,6,1.187772922318676,1.962934422372072
NAR040618001,NAR,CJF_2,CJF,2,R,R-NAR040618001,19,7,1.279124346001088,1.962934422372072
NAR040618001,NAR,CJF_2,CJF,2,R,R-NAR040618001,19,8,1.3420592400045432,1.962934422372072
NAR040618001,NAR,CJF_2,CJF,2,R,R-NAR040618001,19,9,1.4073660570294764,1.962934422372072
NAR040618001,NAR,CJF_2,CJF,2,R,R-NAR040618001,19,10,1.4684127219315062,1.962934422372072
NAR040618001,NAR,CJF_2,CJF,2,R,R-NAR040618001,19,11,1.519050853486302,1.962934422372072
NAR040618001,NAR,CJF_2,CJF,2,R,R-NAR040618001,19,12,1.5843576705112359,1.962934422372072
NAR040618001,NAR,CJF_2,CJF,2,R,R-NAR040618001,19,13,1.6411441832903613,1.962934422372072
NAR040618001,NAR,CJF_2,CJF,2,R,R-NAR040618001,19,14,1.6984143899895403,1.962934422372072
NAR040618001,NAR,CJF_2,CJF,2,R,R-NAR040618001,19,15,1.754717208848612,1.962934422372072
NAR040618001,NAR,CJF_2,CJF,2,R,R-NAR040618001,19,16,1.7906866549332703,1.962934422372072
NAR040618001,NAR,CJF_2,CJF,2,R,R-NAR040618001,19,17,1.8323207883222046,1.962934422372072
NAR040618001,NAR,CJF_2,CJF,2,R,R-NAR040618001,19,18,1.8976276053471381,1.962934422372072
NAR040618001,NAR,CJF_2,CJF,2,R,R-NAR040618001,19,19,1.962934422372072,1.962934422372072
NAR040618001,NAR,CJF_3,CJF,3,R,R-NAR040618001,19,1,0.5661423516353954,2.0514343378490203
NAR040618001,NAR,CJF_3,CJF,3,R,R-NAR040618001,19,2,0.7139540183456501,2.0514343378490203
NAR040618001,NAR,CJF_3,CJF,3,R,R-NAR040618001,19,3,0.8805020039089789,2.0514343378490203
NAR040618001,NAR,CJF_3,CJF,3,R,R-NAR040618001,19,4,1.0047808115210373,2.0514343378490203
NAR040618001,NAR,CJF_3,CJF,3,R,R-NAR040618001,19,5,1.1058410512563825,2.0514343378490203
NAR040618001,NAR,CJF_3,CJF,3,R,R-NAR040618001,19,6,1.1814005126417775,2.0514343378490203
NAR040618001,NAR,CJF_3,CJF,3,R,R-NAR040618001,19,7,1.2674281527289093,2.0514343378490203
NAR040618001,NAR,CJF_3,CJF,3,R,R-NAR040618001,19,8,1.3495199543125347,2.0514343378490203
NAR040618001,NAR,CJF_3,CJF,3,R,R-NAR040618001,19,9,1.4168934474694317,2.0514343378490203
NAR040618001,NAR,CJF_3,CJF,3,R,R-NAR040618001,19,10,1.4822990213745757,2.0514343378490203
NAR040618001,NAR,CJF_3,CJF,3,R,R-NAR040618001,19,11,1.542825883111757,2.0514343378490203
NAR040618001,NAR,CJF_3,CJF,3,R,R-NAR040618001,19,12,1.5872950996134276,2.0514343378490203
NAR040618001,NAR,CJF_3,CJF,3,R,R-NAR040618001,19,13,1.6540400103273536,2.0514343378490203
NAR040618001,NAR,CJF_3,CJF,3,R,R-NAR040618001,19,14,1.7092916967522467,2.0514343378490203
NAR040618001,NAR,CJF_3,CJF,3,R,R-NAR040618001,19,15,1.7721007689626664,2.0514343378490203
NAR040618001,NAR,CJF_3,CJF,3,R,R-NAR040618001,19,16,1.8182236134946046,2.0514343378490203
NAR040618001,NAR,CJF_3,CJF,3,R,R-NAR040618001,19,17,1.9003154150782302,2.0514343378490203
NAR040618001,NAR,CJF_3,CJF,3,R,R-NAR040618001,19,18,1.9801250061886169,2.0514343378490203
NAR040618001,NAR,CJF_3,CJF,3,R,R-NAR040618001,19,19,2.0514343378490203,2.0514343378490203
NAR040618001,NAR,JRS_1,JRS,1,R,R-NAR040618001,17,1,0.3470606858405427,1.754090584645526
NAR040618001,NAR,JRS_1,JRS,1,R,R-NAR040618001,17,2,0.5007883157576902,1.754090584645526
NAR040618001,NAR,JRS_1,JRS,1,R,R-NAR040618001,17,3,0.6726712572510521,1.754090584645526
NAR040618001,NAR,JRS_1,JRS,1,R,R-NAR040618001,17,4,0.7927512230029923,1.754090584645526
NAR040618001,NAR,JRS_1,JRS,1,R,R-NAR040618001,17,5,0.8871046097909747,1.754090584645526
NAR040618001,NAR,JRS_1,JRS,1,R,R-NAR040618001,17,6,0.9623210233226388,1.754090584645526
NAR040618001,NAR,JRS_1,JRS,1,R,R-NAR040618001,17,7,1.0421637192017326,1.754090584645526
NAR040618001,NAR,JRS_1,JRS,1,R,R-NAR040618001,17,8,1.1028694418245077,1.754090584645526
NAR040618001,NAR,JRS_1,JRS,1,R,R-NAR040618001,17,9,1.180398996529887,1.754090584645526
NAR040618001,NAR,JRS_1,JRS,1,R,R-NAR040618001,17,10,1.248675986540406,1.754090584645526
NAR040618001,NAR,JRS_1,JRS,1,R,R-NAR040618001,17,11,1.2856184535594328,1.754090584645526
NAR040618001,NAR,JRS_1,JRS,1,R,R-NAR040618001,17,12,1.3542452613834577,1.754090584645526
NAR040618001,NAR,JRS_1,JRS,1,R,R-NAR040618001,17,13,1.399108813603734,1.754090584645526
NAR040618001,NAR,JRS_1,JRS,1,R,R-NAR040618001,17,14,1.4687172831078634,1.754090584645526
NAR040618001,NAR,JRS_1,JRS,1,R,R-NAR040618001,17,15,1.5485599789869573,1.754090584645526
NAR040618001,NAR,JRS_1,JRS,1,R,R-NAR040618001,17,16,1.622444913025011,1.754090584645526
NAR040618001,NAR,JRS_1,JRS,1,R,R-NAR040618001,17,17,1.691071720849036,1.754090584645526
NAR040618002,NAR,CJF_1,CJF,1,R,R-NAR040618002,9,1,0.43212368752074937,1.1973171423816502
NAR040618002,NAR,CJF_1,CJF,1,R,R-NAR040618002,9,2,0.6193632512335743,1.1973171423816502
NAR040618002,NAR,CJF_1,CJF,1,R,R-NAR040618002,9,3,0.7529483618401412,1.1973171423816502
NAR040618002,NAR,CJF_1,CJF,1,R,R-NAR040618002,9,4,0.8643847610686164,1.1973171423816502
NAR040618002,NAR,CJF_1,CJF,1,R,R-NAR040618002,9,5,0.9456922349413166,1.1973171423816502
NAR040618002,NAR,CJF_1,CJF,1,R,R-NAR040618002,9,6,1.023146987852292,1.1973171423816502
NAR040618002,NAR,CJF_1,CJF,1,R,R-NAR040618002,9,7,1.0923467547313503,1.1973171423816502
NAR040618002,NAR,CJF_1,CJF,1,R,R-NAR040618002,9,8,1.14792756831847,1.1973171423816502
NAR040618002,NAR,CJF_1,CJF,1,R,R-NAR040618002,9,9,1.1973171423816502,1.1973171423816502
NAR040618002,NAR,CJF_2,CJF,2,R,R-NAR040618002,9,1,0.4556661606086546,1.2232437008240087
NAR040618002,NAR,CJF_2,CJF,2,R,R-NAR040618002,9,2,0.6537019933264661,1.2232437008240087
NAR040618002,NAR,CJF_2,CJF,2,R,R-NAR040618002,9,3,0.7613622449661015,1.2232437008240087
NAR040618002,NAR,CJF_2,CJF,2,R,R-NAR040618002,9,4,0.8493927725393524,1.2232437008240087
NAR040618002,NAR,CJF_2,CJF,2,R,R-NAR040618002,9,5,0.9396043805644235,1.2232437008240087
NAR040618002,NAR,CJF_2,CJF,2,R,R-NAR040618002,9,6,1.0383763373436723,1.2232437008240087
NAR040618002,NAR,CJF_2,CJF,2,R,R-NAR040618002,9,7,1.1138942878918667,1.2232437008240087
NAR040618002,NAR,CJF_2,CJF,2,R,R-NAR040618002,9,8,1.1672734878156468,1.2232437008240087
NAR040618002,NAR,CJF_2,CJF,2,R,R-NAR040618002,9,9,1.2232437008240087,1.2232437008240087
NAR040618002,NAR,CJF_3,CJF,3,R,R-NAR040618002,9,1,0.4422482109857494,1.2147243139721897
NAR040618002,NAR,CJF_3,CJF,3,R,R-NAR040618002,9,2,0.6189492632869852,1.2147243139721897
NAR040618002,NAR,CJF_3,CJF,3,R,R-NAR040618002,9,3,0.7405567715013222,1.2147243139721897
NAR040618002,NAR,CJF_3,CJF,3,R,R-NAR040618002,9,4,0.864629063286378,1.2147243139721897
NAR040618002,NAR,CJF_3,CJF,3,R,R-NAR040618002,9,5,0.9362831121417375,1.2147243139721897
NAR040618002,NAR,CJF_3,CJF,3,R,R-NAR040618002,9,6,1.0386548144304104,1.2147243139721897
NAR040618002,NAR,CJF_3,CJF,3,R,R-NAR040618002,9,7,1.1003006388835204,1.2147243139721897
NAR040618002,NAR,CJF_3,CJF,3,R,R-NAR040618002,9,8,1.1543415950379918,1.2147243139721897
NAR040618002,NAR,CJF_3,CJF,3,R,R-NAR040618002,9,9,1.2147243139721897,1.2147243139721897
NAR040618002,NAR,JRS_1,JRS,1,R,R-NAR040618002,7,1,0.389828141503831,1.1465621054519877
NAR040618002,NAR,JRS_1,JRS,1,R,R-NAR040618002,7,2,0.5687731017861529,1.1465621054519877
NAR040618002,NAR,JRS_1,JRS,1,R,R-NAR040618002,7,3,0.7020267574258601,1.1465621054519877
NAR040618002,NAR,JRS_1,JRS,1,R,R-NAR040618002,7,4,0.8112886063247499,1.1465621054519877
NAR040618002,NAR,JRS_1,JRS,1,R,R-NAR040618002,7,5,0.9122985280685153,1.1465621054519877
NAR040618002,NAR,JRS_1,JRS,1,R,R-NAR040618002,7,6,0.9876357448112982,1.1465621054519877
NAR040618002,NAR,JRS_1,JRS,1,R,R-NAR040618002,7,7,1.0695439904490396,1.1465621054519877
NAR040618003,NAR,CJF_1,CJF,1,R,R-NAR040618003,6,1,0.5215327015678004,1.233468242463443
NAR040618003,NAR,CJF_1,CJF,1,R,R-NAR040618003,6,2,0.754129515520038,1.233468242463443
NAR040618003,NAR,CJF_1,CJF,1,R,R-NAR040618003,6,3,0.8815300239369537,1.233468242463443
NAR040618003,NAR,CJF_1,CJF,1,R,R-NAR040618003,6,4,1.0174922450125474,1.233468242463443
NAR040618003,NAR,CJF_1,CJF,1,R,R-NAR040618003,6,5,1.1297424367585043,1.233468242463443
NAR040618003,NAR,CJF_1,CJF,1,R,R-NAR040618003,6,6,1.233468242463443,1.233468242463443
NAR040618003,NAR,CJF_2,CJF,2,R,R-NAR040618003,6,1,0.4385897611739346,1.1567370772719214
NAR040618003,NAR,CJF_2,CJF,2,R,R-NAR040618003,6,2,0.6695863972179233,1.1567370772719214
NAR040618003,NAR,CJF_2,CJF,2,R,R-NAR040618003,6,3,0.8089798018666098,1.1567370772719214
NAR040618003,NAR,CJF_2,CJF,2,R,R-NAR040618003,6,4,0.9360514177411793,1.1567370772719214
NAR040618003,NAR,CJF_2,CJF,2,R,R-NAR040618003,6,5,1.0545659541544792,1.1567370772719214
NAR040618003,NAR,CJF_2,CJF,2,R,R-NAR040618003,6,6,1.1567370772719214,1.1567370772719214
NAR040618003,NAR,CJF_3,CJF,3,R,R-NAR040618003,6,1,0.48715835751679504,1.1997306983915446
NAR040618003,NAR,CJF_3,CJF,3,R,R-NAR040618003,6,2,0.7235801220640525,1.1997306983915446
NAR040618003,NAR,CJF_3,CJF,3,R,R-NAR040618003,6,3,0.8492882070953044,1.1997306983915446
NAR040618003,NAR,CJF_3,CJF,3,R,R-NAR040618003,6,4,0.9730483990795116,1.1997306983915446
NAR040618003,NAR,CJF_3,CJF,3,R,R-NAR040618003,6,5,1.0876578646896067,1.1997306983915446
NAR040618003,NAR,CJF_3,CJF,3,R,R-NAR040618003,6,6,1.1997306983915446,1.1997306983915446
NAR040618003,NAR,JRS_1,JRS,1,R,R-NAR040618003,5,1,0.5208751675069144,1.167207497133703
NAR040618003,NAR,JRS_1,JRS,1,R,R-NAR040618003,5,2,0.7401255497418233,1.167207497133703
NAR040618003,NAR,JRS_1,JRS,1,R,R-NAR040618003,5,3,0.8511968212111991,1.167207497133703
NAR040618003,NAR,JRS_1,JRS,1,R,R-NAR040618003,5,4,0.9679025883508255,1.167207497133703
NAR040618003,NAR,JRS_1,JRS,1,R,R-NAR040618003,5,5,1.0846083554904524,1.167207497133703
NAR040618004,NAR,CJF_1,CJF,1,R,R-NAR040618004,8,1,0.46608181877173727,1.200241527516492
NAR040618004,NAR,CJF_1,CJF,1,R,R-NAR040618004,8,2,0.6489745646195084,1.200241527516492
NAR040618004,NAR,CJF_1,CJF,1,R,R-NAR040618004,8,3,0.772757256453883,1.200241527516492
NAR040618004,NAR,CJF_1,CJF,1,R,R-NAR040618004,8,4,0.8602892352514053,1.200241527516492
NAR040618004,NAR,CJF_1,CJF,1,R,R-NAR040618004,8,5,0.9399924257962013,1.200241527516492
NAR040618004,NAR,CJF_1,CJF,1,R,R-NAR040618004,8,6,1.0341797755103115,1.200241527516492
NAR040618004,NAR,CJF_1,CJF,1,R,R-NAR040618004,8,7,1.1174838482906537,1.200241527516492
NAR040618004,NAR,CJF_1,CJF,1,R,R-NAR040618004,8,8,1.200241527516492,1.200241527516492
NAR040618004,NAR,CJF_2,CJF,2,R,R-NAR040618004,8,1,0.4352010976283359,1.1600520162564945
NAR040618004,NAR,CJF_2,CJF,2,R,R-NAR040618004,8,2,0.6122602718457366,1.1600520162564945
NAR040618004,NAR,CJF_2,CJF,2,R,R-NAR040618004,8,3,0.7242938265832977,1.1600520162564945
NAR040618004,NAR,CJF_2,CJF,2,R,R-NAR040618004,8,4,0.8153056929970532,1.1600520162564945
NAR040618004,NAR,CJF_2,CJF,2,R,R-NAR040618004,8,5,0.8976719003640503,1.1600520162564945
NAR040618004,NAR,CJF_2,CJF,2,R,R-NAR040618004,8,6,0.9934790513041767,1.1600520162564945
NAR040618004,NAR,CJF_2,CJF,2,R,R-NAR040618004,8,7,1.0758452586711733,1.1600520162564945
NAR040618004,NAR,CJF_2,CJF,2,R,R-NAR040618004,8,8,1.1600520162564945,1.1600520162564945
NAR040618004,NAR,CJF_3,CJF,3,R,R-NAR040618004,8,1,0.4485725721671488,1.179021313664954
NAR040618004,NAR,CJF_3,CJF,3,R,R-NAR040618004,8,2,0.6413373132609279,1.179021313664954
NAR040618004,NAR,CJF_3,CJF,3,R,R-NAR040618004,8,3,0.7437808207299338,1.179021313664954
NAR040618004,NAR,CJF_3,CJF,3,R,R-NAR040618004,8,4,0.8310745133893079,1.179021313664954
NAR040618004,NAR,CJF_3,CJF,3,R,R-NAR040618004,8,5,0.9159364852902541,1.179021313664954
NAR040618004,NAR,CJF_3,CJF,3,R,R-NAR040618004,8,6,1.0080754544925306,1.179021313664954
NAR040618004,NAR,CJF_3,CJF,3,R,R-NAR040618004,8,7,1.0965789525398006,1.179021313664954
NAR040618004,NAR,CJF_3,CJF,3,R,R-NAR040618004,8,8,1.179021313664954,1.179021313664954
NAR040618004,NAR,JRS_1,JRS,1,R,R-NAR040618004,8,1,0.45821275035912923,1.1490115071429094
NAR040618004,NAR,JRS_1,JRS,1,R,R-NAR040618004,8,2,0.5252414765935685,1.1490115071429094
NAR040618004,NAR,JRS_1,JRS,1,R,R-NAR040618004,8,3,0.6106756267513791,1.1490115071429094
NAR040618004,NAR,JRS_1,JRS,1,R,R-NAR040618004,8,4,0.7463813215850187,1.1490115071429094
NAR040618004,NAR,JRS_1,JRS,1,R,R-NAR040618004,8,5,0.8085110882852385,1.1490115071429094
NAR040618004,NAR,JRS_1,JRS,1,R,R-NAR040618004,8,6,0.902323829222354,1.1490115071429094
NAR040618004,NAR,JRS_1,JRS,1,R,R-NAR040618004,8,7,1.0159613223719746,1.1490115071429094
NAR040618004,NAR,JRS_1,JRS,1,R,R-NAR040618004,8,8,1.0834021091976038,1.1490115071429094
NAR040618005,NAR,JRS_1,JRS,1,R,R-NAR040618005,6,1,0.5901907881566502,1.32508979854899
NAR040618005,NAR,JRS_1,JRS,1,R,R-NAR040618005,6,2,0.7725373093138894,1.32508979854899
NAR040618005,NAR,JRS_1,JRS,1,R,R-NAR040618005,6,3,0.910592419700883,1.32508979854899
NAR040618005,NAR,JRS_1,JRS,1,R,R-NAR040618005,6,4,0.9994132865969054,1.32508979854899
NAR040618005,NAR,JRS_1,JRS,1,R,R-NAR040618005,6,5,1.10234851558851,1.32508979854899
NAR040618005,NAR,JRS_1,JRS,1,R,R-NAR040618005,6,6,1.2202062450738833,1.32508979854899
NAR040618005,NAR,NGA_1,NGA,1,R,R-NAR040618005,7,1,0.4467151449621619,1.1692674843347763
NAR040618005,NAR,NGA_1,NGA,1,R,R-NAR040618005,7,2,0.6573028371091405,1.1692674843347763
NAR040618005,NAR,NGA_1,NGA,1,R,R-NAR040618005,7,3,0.7597542382473461,1.1692674843347763
NAR040618005,NAR,NGA_1,NGA,1,R,R-NAR040618005,7,4,0.8760832618472274,1.1692674843347763
NAR040618005,NAR,NGA_1,NGA,1,R,R-NAR040618005,7,5,0.9659109618840253,1.1692674843347763
NAR040618005,NAR,NGA_1,NGA,1,R,R-NAR040618005,7,6,1.0727933315325298,1.1692674843347763
NAR040618005,NAR,NGA_1,NGA,1,R,R-NAR040618005,7,7,1.1692674843347763,1.1692674843347763
NAR040618005,NAR,NGA_2,NGA,2,R,R-NAR040618005,7,1,0.5588894948743018,1.276924482469827
NAR040618005,NAR,NGA_2,NGA,2,R,R-NAR040618005,7,2,0.7464856925522987,1.276924482469827
NAR040618005,NAR,NGA_2,NGA,2,R,R-NAR040618005,7,3,0.8684000095159605,1.276924482469827
NAR040618005,NAR,NGA_2,NGA,2,R,R-NAR040618005,7,4,0.9743684471257812,1.276924482469827
NAR040618005,NAR,NGA_2,NGA,2,R,R-NAR040618005,7,5,1.0709236261684907,1.276924482469827
NAR040618005,NAR,NGA_2,NGA,2,R,R-NAR040618005,7,6,1.1650200259417012,1.276924482469827
NAR040618005,NAR,NGA_2,NGA,2,R,R-NAR040618005,7,7,1.276924482469827,1.276924482469827
NAR040618006,NAR,CJF_1,CJF,1,R,R-NAR040618006,7,1,0.4655355012578636,1.1216448483027217
NAR040618006,NAR,CJF_1,CJF,1,R,R-NAR040618006,7,2,0.6272977594461231,1.1216448483027217
NAR040618006,NAR,CJF_1,CJF,1,R,R-NAR040618006,7,3,0.7395727716367853,1.1216448483027217
NAR040618006,NAR,CJF_1,CJF,1,R,R-NAR040618006,7,4,0.841682195931726,1.1216448483027217
NAR040618006,NAR,CJF_1,CJF,1,R,R-NAR040618006,7,5,0.9559323354530799,1.1216448483027217
NAR040618006,NAR,CJF_1,CJF,1,R,R-NAR040618006,7,6,1.0591470333519206,1.1216448483027217
NAR040618006,NAR,CJF_1,CJF,1,R,R-NAR040618006,7,7,1.1216448483027217,1.1216448483027217
NAR040618006,NAR,CJF_2,CJF,2,R,R-NAR040618006,7,1,0.46662798262768235,1.1060161758397564
NAR040618006,NAR,CJF_2,CJF,2,R,R-NAR040618006,7,2,0.6222875862034596,1.1060161758397564
NAR040618006,NAR,CJF_2,CJF,2,R,R-NAR040618006,7,3,0.7413452788111932,1.1060161758397564
NAR040618006,NAR,CJF_2,CJF,2,R,R-NAR040618006,7,4,0.8255001012023999,1.1060161758397564
NAR040618006,NAR,CJF_2,CJF,2,R,R-NAR040618006,7,5,0.9334313793051888,1.1060161758397564
NAR040618006,NAR,CJF_2,CJF,2,R,R-NAR040618006,7,6,1.0283617881016924,1.1060161758397564
NAR040618006,NAR,CJF_2,CJF,2,R,R-NAR040618006,7,7,1.1060161758397564,1.1060161758397564
NAR040618006,NAR,CJF_3,CJF,3,R,R-NAR040618006,7,1,0.4606918935823981,1.129288958124072
NAR040618006,NAR,CJF_3,CJF,3,R,R-NAR040618006,7,2,0.6325046623874845,1.129288958124072
NAR040618006,NAR,CJF_3,CJF,3,R,R-NAR040618006,7,3,0.7425816710151234,1.129288958124072
NAR040618006,NAR,CJF_3,CJF,3,R,R-NAR040618006,7,4,0.8172676675017042,1.129288958124072
NAR040618006,NAR,CJF_3,CJF,3,R,R-NAR040618006,7,5,0.9358067572720924,1.129288958124072
NAR040618006,NAR,CJF_3,CJF,3,R,R-NAR040618006,7,6,1.0242143338528382,1.129288958124072
NAR040618006,NAR,CJF_3,CJF,3,R,R-NAR040618006,7,7,1.129288958124072,1.129288958124072
NAR040618006,NAR,JRS_1,JRS,1,R,R-NAR040618006,6,1,0.5234324406930353,1.1595013205570734
NAR040618006,NAR,JRS_1,JRS,1,R,R-NAR040618006,6,2,0.6765466521942256,1.1595013205570734
NAR040618006,NAR,JRS_1,JRS,1,R,R-NAR040618006,6,3,0.785983606146009,1.1595013205570734
NAR040618006,NAR,JRS_1,JRS,1,R,R-NAR040618006,6,4,0.891386129772117,1.1595013205570734
NAR040618006,NAR,JRS_1,JRS,1,R,R-NAR040618006,6,5,0.9905299781663905,1.1595013205570734
NAR040618006,NAR,JRS_1,JRS,1,R,R-NAR040618006,6,6,1.0868216662913701,1.1595013205570734
NAR040618008,NAR,CJF_1,CJF,1,R,R-NAR040618008,7,1,0.36932747809898886,1.1527586760414537
NAR040618008,NAR,CJF_1,CJF,1,R,R-NAR040618008,7,2,0.5975580537009241,1.1527586760414537
NAR040618008,NAR,CJF_1,CJF,1,R,R-NAR040618008,7,3,0.724650993858041,1.1527586760414537
NAR040618008,NAR,CJF_1,CJF,1,R,R-NAR040618008,7,4,0.8275163510057837,1.1527586760414537
NAR040618008,NAR,CJF_1,CJF,1,R,R-NAR040618008,7,5,0.9505848225480557,1.1527586760414537
NAR040618008,NAR,CJF_1,CJF,1,R,R-NAR040618008,7,6,1.0430030781579487,1.1527586760414537
NAR040618008,NAR,CJF_1,CJF,1,R,R-NAR040618008,7,7,1.1527586760414537,1.1527586760414537
NAR040618008,NAR,CJF_2,CJF,2,R,R-NAR040618008,7,1,0.48715562346178304,1.2312821615194063
NAR040618008,NAR,CJF_2,CJF,2,R,R-NAR040618008,7,2,0.6741455877892235,1.2312821615194063
NAR040618008,NAR,CJF_2,CJF,2,R,R-NAR040618008,7,3,0.813920653387053,1.2312821615194063
NAR040618008,NAR,CJF_2,CJF,2,R,R-NAR040618008,7,4,0.9043302966551656,1.2312821615194063
NAR040618008,NAR,CJF_2,CJF,2,R,R-NAR040618008,7,5,1.0306887448705129,1.2312821615194063
NAR040618008,NAR,CJF_2,CJF,2,R,R-NAR040618008,7,6,1.1374598979121635,1.2312821615194063
NAR040618008,NAR,CJF_2,CJF,2,R,R-NAR040618008,7,7,1.2312821615194063,1.2312821615194063
NAR040618008,NAR,CJF_3,CJF,3,R,R-NAR040618008,7,1,0.47125531196809345,1.219132896442935
NAR040618008,NAR,CJF_3,CJF,3,R,R-NAR040618008,7,2,0.647404820786337,1.219132896442935
NAR040618008,NAR,CJF_3,CJF,3,R,R-NAR040618008,7,3,0.7665651843277052,1.219132896442935
NAR040618008,NAR,CJF_3,CJF,3,R,R-NAR040618008,7,4,0.886039685958074,1.219132896442935
NAR040618008,NAR,CJF_3,CJF,3,R,R-NAR040618008,7,5,0.9927470057804393,1.219132896442935
NAR040618008,NAR,CJF_3,CJF,3,R,R-NAR040618008,7,6,1.104746467469663,1.219132896442935
NAR040618008,NAR,CJF_3,CJF,3,R,R-NAR040618008,7,7,1.219132896442935,1.219132896442935
NAR040618008,NAR,JRS_1,JRS,1,R,R-NAR040618008,6,1,0.42390432183722976,1.1099622016378463
NAR040618008,NAR,JRS_1,JRS,1,R,R-NAR040618008,6,2,0.5603205957032362,1.1099622016378463
NAR040618008,NAR,JRS_1,JRS,1,R,R-NAR040618008,6,3,0.6926835703912317,1.1099622016378463
NAR040618008,NAR,JRS_1,JRS,1,R,R-NAR040618008,6,4,0.79511301406978,1.1099622016378463
NAR040618008,NAR,JRS_1,JRS,1,R,R-NAR040618008,6,5,0.9072862815751469,1.1099622016378463
NAR040618008,NAR,JRS_1,JRS,1,R,R-NAR040618008,6,6,1.0220319404931182,1.1099622016378463
NAR040618009,NAR,CJF_1,CJF,1,R,R-NAR040618009,5,1,0.5487492699204779,1.2187043435681293
NAR040618009,NAR,CJF_1,CJF,1,R,R-NAR040618009,5,2,0.7529617027861176,1.2187043435681293
NAR040618009,NAR,CJF_1,CJF,1,R,R-NAR040618009,5,3,0.9633814877613357,1.2187043435681293
NAR040618009,NAR,CJF_1,CJF,1,R,R-NAR040618009,5,4,1.1024835447849817,1.2187043435681293
NAR040618009,NAR,CJF_1,CJF,1,R,R-NAR040618009,5,5,1.2187043435681293,1.2187043435681293
NAR040618009,NAR,CJF_2,CJF,2,R,R-NAR040618009,5,1,0.5226438267316678,1.1708746292141132
NAR040618009,NAR,CJF_2,CJF,2,R,R-NAR040618009,5,2,0.7157435103069679,1.1708746292141132
NAR040618009,NAR,CJF_2,CJF,2,R,R-NAR040618009,5,3,0.9173492626061962,1.1708746292141132
NAR040618009,NAR,CJF_2,CJF,2,R,R-NAR040618009,5,4,1.050955634323221,1.1708746292141132
NAR040618009,NAR,CJF_2,CJF,2,R,R-NAR040618009,5,5,1.1708746292141132,1.1708746292141132
NAR040618009,NAR,CJF_3,CJF,3,R,R-NAR040618009,5,1,0.5235304777863742,1.178713768926455
NAR040618009,NAR,CJF_3,CJF,3,R,R-NAR040618009,5,2,0.725425957750516,1.178713768926455
NAR040618009,NAR,CJF_3,CJF,3,R,R-NAR040618009,5,3,0.9098454685553926,1.178713768926455
NAR040618009,NAR,CJF_3,CJF,3,R,R-NAR040618009,5,4,1.0508941708471091,1.178713768926455
NAR040618009,NAR,CJF_3,CJF,3,R,R-NAR040618009,5,5,1.178713768926455,1.178713768926455
NAR040618009,NAR,JRS_1,JRS,1,R,R-NAR040618009,4,1,0.4768715699020853,1.1259375507398546
NAR040618009,NAR,JRS_1,JRS,1,R,R-NAR040618009,4,2,0.6928897486530936,1.1259375507398546
NAR040618009,NAR,JRS_1,JRS,1,R,R-NAR040618009,4,3,0.8872447592319143,1.1259375507398546
NAR040618009,NAR,JRS_1,JRS,1,R,R-NAR040618009,4,4,0.9991172377823025,1.1259375507398546
NAR040618010,NAR,CJF_1,CJF,1,R,R-NAR040618010,19,1,0.5985364037981733,2.00339014903817
NAR040618010,NAR,CJF_1,CJF,1,R,R-NAR040618010,19,2,0.7778081184012301,2.00339014903817
NAR040618010,NAR,CJF_1,CJF,1,R,R-NAR040618010,19,3,0.9073338985100289,2.00339014903817
NAR040618010,NAR,CJF_1,CJF,1,R,R-NAR040618010,19,4,1.0128882125966414,2.00339014903817
NAR040618010,NAR,CJF_1,CJF,1,R,R-NAR040618010,19,5,1.1081206389369482,2.00339014903817
NAR040618010,NAR,CJF_1,CJF,1,R,R-NAR040618010,19,6,1.1834232293204658,2.00339014903817
NAR040618010,NAR,CJF_1,CJF,1,R,R-NAR040618010,19,7,1.2544663770557736,2.00339014903817
NAR040618010,NAR,CJF_1,CJF,1,R,R-NAR040618010,19,8,1.3344640352531274,2.00339014903817
NAR040618010,NAR,CJF_1,CJF,1,R,R-NAR040618010,19,9,1.4037041805385486,2.00339014903817
NAR040618010,NAR,CJF_1,CJF,1,R,R-NAR040618010,19,10,1.4682492580101358,2.00339014903817
NAR040618010,NAR,CJF_1,CJF,1,R,R-NAR040618010,19,11,1.5262962652180012,2.00339014903817
NAR040618010,NAR,CJF_1,CJF,1,R,R-NAR040618010,19,12,1.5697619420313507,2.00339014903817
NAR040618010,NAR,CJF_1,CJF,1,R,R-NAR040618010,19,13,1.6390020873167728,2.00339014903817
NAR040618010,NAR,CJF_1,CJF,1,R,R-NAR040618010,19,14,1.6925718392936155,2.00339014903817
NAR040618010,NAR,CJF_1,CJF,1,R,R-NAR040618010,19,15,1.7510544716671068,2.00339014903817
NAR040618010,NAR,CJF_1,CJF,1,R,R-NAR040618010,19,16,1.808665853709347,2.00339014903817
NAR040618010,NAR,CJF_1,CJF,1,R,R-NAR040618010,19,17,1.8935763923033477,2.00339014903817
NAR040618010,NAR,CJF_1,CJF,1,R,R-NAR040618010,19,18,1.951623399511213,2.00339014903817
NAR040618010,NAR,CJF_1,CJF,1,R,R-NAR040618010,19,19,2.00339014903817,2.00339014903817
NAR040618010,NAR,CJF_2,CJF,2,R,R-NAR040618010,20,1,0.6308609533072845,2.0872459833564063
NAR040618010,NAR,CJF_2,CJF,2,R,R-NAR040618010,20,2,0.8034270014581616,2.0872459833564063
NAR040618010,NAR,CJF_2,CJF,2,R,R-NAR040618010,20,3,0.9344429961236386,2.0872459833564063
NAR040618010,NAR,CJF_2,CJF,2,R,R-NAR040618010,20,4,1.0541493769745158,2.0872459833564063
NAR040618010,NAR,CJF_2,CJF,2,R,R-NAR040618010,20,5,1.134916466067617,2.0872459833564063
NAR040618010,NAR,CJF_2,CJF,2,R,R-NAR040618010,20,6,1.210150952501218,2.0872459833564063
NAR040618010,NAR,CJF_2,CJF,2,R,R-NAR040618010,20,7,1.2819747810117441,2.0872459833564063
NAR040618010,NAR,CJF_2,CJF,2,R,R-NAR040618010,20,8,1.3651082233368705,2.0872459833564063
NAR040618010,NAR,CJF_2,CJF,2,R,R-NAR040618010,20,9,1.4295552483013962,2.0872459833564063
NAR040618010,NAR,CJF_2,CJF,2,R,R-NAR040618010,20,10,1.4905916153428473,2.0872459833564063
NAR040618010,NAR,CJF_2,CJF,2,R,R-NAR040618010,20,11,1.5474174282657733,2.0872459833564063
NAR040618010,NAR,CJF_2,CJF,2,R,R-NAR040618010,20,12,1.5945000844106738,2.0872459833564063
NAR040618010,NAR,CJF_2,CJF,2,R,R-NAR040618010,20,13,1.6658017605756745,2.0872459833564063
NAR040618010,NAR,CJF_2,CJF,2,R,R-NAR040618010,20,14,1.7284045846537006,2.0872459833564063
NAR040618010,NAR,CJF_2,CJF,2,R,R-NAR040618010,20,15,1.7823418919990766,2.0872459833564063
NAR040618010,NAR,CJF_2,CJF,2,R,R-NAR040618010,20,16,1.8307465966849525,2.0872459833564063
NAR040618010,NAR,CJF_2,CJF,2,R,R-NAR040618010,20,17,1.8904609151854281,2.0872459833564063
NAR040618010,NAR,CJF_2,CJF,2,R,R-NAR040618010,20,18,1.942554021644304,2.0872459833564063
NAR040618010,NAR,CJF_2,CJF,2,R,R-NAR040618010,20,19,2.0138556978093054,2.0872459833564063
NAR040618010,NAR,CJF_2,CJF,2,R,R-NAR040618010,20,20,2.0872459833564063,2.0872459833564063
NAR040618010,NAR,CJF_3,CJF,3,R,R-NAR040618010,20,1,0.6261514675341703,2.0577037315364377
NAR040618010,NAR,CJF_3,CJF,3,R,R-NAR040618010,20,2,0.8007476364408895,2.0577037315364377
NAR040618010,NAR,CJF_3,CJF,3,R,R-NAR040618010,20,3,0.9371223565219127,2.0577037315364377
NAR040618010,NAR,CJF_3,CJF,3,R,R-NAR040618010,20,4,1.0594283688503208,2.0577037315364377
NAR040618010,NAR,CJF_3,CJF,3,R,R-NAR040618010,20,5,1.1266741741182913,2.0577037315364377
NAR040618010,NAR,CJF_3,CJF,3,R,R-NAR040618010,20,6,1.1990166098819919,2.0577037315364377
NAR040618010,NAR,CJF_3,CJF,3,R,R-NAR040618010,20,7,1.2877543334119113,2.0577037315364377
NAR040618010,NAR,CJF_3,CJF,3,R,R-NAR040618010,20,8,1.3550001386798818,2.0577037315364377
NAR040618010,NAR,CJF_3,CJF,3,R,R-NAR040618010,20,9,1.42689910397506,2.0577037315364377
NAR040618010,NAR,CJF_3,CJF,3,R,R-NAR040618010,20,10,1.498354598801716,2.0577037315364377
NAR040618010,NAR,CJF_3,CJF,3,R,R-NAR040618010,20,11,1.5506447553800276,2.0577037315364377
NAR040618010,NAR,CJF_3,CJF,3,R,R-NAR040618010,20,12,1.597838281462609,2.0577037315364377
NAR040618010,NAR,CJF_3,CJF,3,R,R-NAR040618010,20,13,1.6622048085774614,2.0577037315364377
NAR040618010,NAR,CJF_3,CJF,3,R,R-NAR040618010,20,14,1.7182611842459357,2.0577037315364377
NAR040618010,NAR,CJF_3,CJF,3,R,R-NAR040618010,20,15,1.7812972999552212,2.0577037315364377
NAR040618010,NAR,CJF_3,CJF,3,R,R-NAR040618010,20,16,1.8293777669748472,2.0577037315364377
NAR040618010,NAR,CJF_3,CJF,3,R,R-NAR040618010,20,17,1.8709219644221846,2.0577037315364377
NAR040618010,NAR,CJF_3,CJF,3,R,R-NAR040618010,20,18,1.9381677696901554,2.0577037315364377
NAR040618010,NAR,CJF_3,CJF,3,R,R-NAR040618010,20,19,2.0016473558679633,2.0577037315364377
NAR040618010,NAR,CJF_3,CJF,3,R,R-NAR040618010,20,20,2.0577037315364377,2.0577037315364377
NAR040618011,NAR,JRS_1,JRS,1,R,R-NAR040618011,8,1,0.36985951944233786,1.3009097831273444
NAR040618011,NAR,JRS_1,JRS,1,R,R-NAR040618011,8,2,0.5549895499324191,1.3009097831273444
NAR040618011,NAR,JRS_1,JRS,1,R,R-NAR040618011,8,3,0.7250469148831643,1.3009097831273444
NAR040618011,NAR,JRS_1,JRS,1,R,R-NAR040618011,8,4,0.8067747294344996,1.3009097831273444
NAR040618011,NAR,JRS_1,JRS,1,R,R-NAR040618011,8,5,0.906408778988412,1.3009097831273444
NAR040618011,NAR,JRS_1,JRS,1,R,R-NAR040618011,8,6,0.9917712460786396,1.3009097831273444
NAR040618011,NAR,JRS_1,JRS,1,R,R-NAR040618011,8,7,1.0592274781662896,1.3009097831273444
NAR040618011,NAR,JRS_1,JRS,1,R,R-NAR040618011,8,8,1.1478240562575828,1.3009097831273444
NAR040618011,NAR,NGA_1,NGA,1,R,R-NAR040618011,9,1,0.3772099036677633,1.2917708962925705
NAR040618011,NAR,NGA_1,NGA,1,R,R-NAR040618011,9,2,0.5816702374431864,1.2917708962925705
NAR040618011,NAR,NGA_1,NGA,1,R,R-NAR040618011,9,3,0.7206299349223961,1.2917708962925705
NAR040618011,NAR,NGA_1,NGA,1,R,R-NAR040618011,9,4,0.8331435065550286,1.2917708962925705
NAR040618011,NAR,NGA_1,NGA,1,R,R-NAR040618011,9,5,0.9384362672851538,1.2917708962925705
NAR040618011,NAR,NGA_1,NGA,1,R,R-NAR040618011,9,6,1.014343243990334,1.2917708962925705
NAR040618011,NAR,NGA_1,NGA,1,R,R-NAR040618011,9,7,1.077150093436272,1.2917708962925705
NAR040618011,NAR,NGA_1,NGA,1,R,R-NAR040618011,9,8,1.158321708177958,1.2917708962925705
NAR040618011,NAR,NGA_1,NGA,1,R,R-NAR040618011,9,9,1.2917708962925705,1.2917708962925705
NAR040618011,NAR,NGA_2,NGA,2,R,R-NAR040618011,9,1,0.39009686609123684,1.3188122432442224
NAR040618011,NAR,NGA_2,NGA,2,R,R-NAR040618011,9,2,0.6075657014085218,1.3188122432442224
NAR040618011,NAR,NGA_2,NGA,2,R,R-NAR040618011,9,3,0.7376846750746074,1.3188122432442224
NAR040618011,NAR,NGA_2,NGA,2,R,R-NAR040618011,9,4,0.8384900168970962,1.3188122432442224
NAR040618011,NAR,NGA_2,NGA,2,R,R-NAR040618011,9,5,0.9473308206540647,1.3188122432442224
NAR040618011,NAR,NGA_2,NGA,2,R,R-NAR040618011,9,6,1.029591643041025,1.3188122432442224
NAR040618011,NAR,NGA_2,NGA,2,R,R-NAR040618011,9,7,1.0906452195844196,1.3188122432442224
NAR040618011,NAR,NGA_2,NGA,2,R,R-NAR040618011,9,8,1.180846938485126,1.3188122432442224
NAR040618011,NAR,NGA_2,NGA,2,R,R-NAR040618011,9,9,1.3188122432442224,1.3188122432442224
NAR040618012,NAR,CJF_1,CJF,1,R,R-NAR040618012,3,1,0.46318049339198747,0.8813549567057186
NAR040618012,NAR,CJF_1,CJF,1,R,R-NAR040618012,3,2,0.7351841484253022,0.8813549567057186
NAR040618012,NAR,CJF_1,CJF,1,R,R-NAR040618012,3,3,0.8813549567057186,0.8813549567057186
NAR040618012,NAR,CJF_2,CJF,2,R,R-NAR040618012,4,1,0.3049553463863097,0.8243283539397733
NAR040618012,NAR,CJF_2,CJF,2,R,R-NAR040618012,4,2,0.6717746275207258,0.8243283539397733
NAR040618012,NAR,CJF_2,CJF,2,R,R-NAR040618012,4,3,0.7636125409496423,0.8243283539397733
NAR040618012,NAR,CJF_2,CJF,2,R,R-NAR040618012,4,4,0.8243283539397733,0.8243283539397733
NAR040618012,NAR,CJF_3,CJF,3,R,R-NAR040618012,3,1,0.38665396253589424,0.8804851956126805
NAR040618012,NAR,CJF_3,CJF,3,R,R-NAR040618012,3,2,0.7343479305572436,0.8804851956126805
NAR040618012,NAR,CJF_3,CJF,3,R,R-NAR040618012,3,3,0.8804851956126805,0.8804851956126805
NAR040618012,NAR,JRS_1,JRS,1,R,R-NAR040618012,2,1,0.37732439741904644,0.8040674257255708
NAR040618012,NAR,JRS_1,JRS,1,R,R-NAR040618012,2,2,0.691526765644122,0.8040674257255708
NAR040618013,NAR,CJF_1,CJF,1,R,R-NAR040618013,4,1,0.5932100844922592,1.0054964461562785
NAR040618013,NAR,CJF_1,CJF,1,R,R-NAR040618013,4,2,0.767362465849473,1.0054964461562785
NAR040618013,NAR,CJF_1,CJF,1,R,R-NAR040618013,4,3,0.8867649612041527,1.0054964461562785
NAR040618013,NAR,CJF_1,CJF,1,R,R-NAR040618013,4,4,1.0054964461562785,1.0054964461562785
NAR040618013,NAR,CJF_2,CJF,2,R,R-NAR040618013,4,1,0.5907756925323392,0.9864149137180784
NAR040618013,NAR,CJF_2,CJF,2,R,R-NAR040618013,4,2,0.7498459750639007,0.9864149137180784
NAR040618013,NAR,CJF_2,CJF,2,R,R-NAR040618013,4,3,0.8717498062419081,0.9864149137180784
NAR040618013,NAR,CJF_2,CJF,2,R,R-NAR040618013,4,4,0.9864149137180784,0.9864149137180784
NAR040618013,NAR,CJF_3,CJF,3,R,R-NAR040618013,6,1,0.4134756517310962,1.040304703490335
NAR040618013,NAR,CJF_3,CJF,3,R,R-NAR040618013,6,2,0.6285430433148141,1.040304703490335
NAR040618013,NAR,CJF_3,CJF,3,R,R-NAR040618013,6,3,0.7417486351681936,1.040304703490335
NAR040618013,NAR,CJF_3,CJF,3,R,R-NAR040618013,6,4,0.8097720780861345,1.040304703490335
NAR040618013,NAR,CJF_3,CJF,3,R,R-NAR040618013,6,5,0.9145614218980576,1.040304703490335
NAR040618013,NAR,CJF_3,CJF,3,R,R-NAR040618013,6,6,1.040304703490335,1.040304703490335
NAR040618013,NAR,JRS_1,JRS,1,R,R-NAR040618013,3,1,0.6240912919828068,0.9574391558725811
NAR040618013,NAR,JRS_1,JRS,1,R,R-NAR040618013,3,2,0.740868703521275,0.9574391558725811
NAR040618013,NAR,JRS_1,JRS,1,R,R-NAR040618013,3,3,0.8548153866054715,0.9574391558725811
NAR040618014,NAR,JRS_1,JRS,1,R,R-NAR040618014,4,1,0.33521218192613145,1.1410979185065973
NAR040618014,NAR,JRS_1,JRS,1,R,R-NAR040618014,4,2,0.6638420508699681,1.1410979185065973
NAR040618014,NAR,JRS_1,JRS,1,R,R-NAR040618014,4,3,0.8412915926258288,1.1410979185065973
NAR040618014,NAR,JRS_1,JRS,1,R,R-NAR040618014,4,4,1.0322659845140312,1.1410979185065973
NAR040618014,NAR,NGA_1,NGA,1,R,R-NAR040618014,4,1,0.6182116578383398,1.133218567565216
NAR040618014,NAR,NGA_1,NGA,1,R,R-NAR040618014,4,2,0.849119897145127,1.133218567565216
NAR040618014,NAR,NGA_1,NGA,1,R,R-NAR040618014,4,3,1.005176132759746,1.133218567565216
NAR040618014,NAR,NGA_1,NGA,1,R,R-NAR040618014,4,4,1.133218567565216,1.133218567565216
NAR040618014,NAR,NGA_2,NGA,2,R,R-NAR040618014,4,1,0.6919015256644483,1.1691409093489893
NAR040618014,NAR,NGA_2,NGA,2,R,R-NAR040618014,4,2,0.8587231456181552,1.1691409093489893
NAR040618014,NAR,NGA_2,NGA,2,R,R-NAR040618014,4,3,1.0403414933696575,1.1691409093489893
NAR040618014,NAR,NGA_2,NGA,2,R,R-NAR040618014,4,4,1.1691409093489893,1.1691409093489893
NAR040618015,NAR,CJF_1,CJF,1,R,R-NAR040618015,17,1,0.494996627379083,1.6881732315271123
NAR040618015,NAR,CJF_1,CJF,1,R,R-NAR040618015,17,2,0.6131486963520134,1.6881732315271123
NAR040618015,NAR,CJF_1,CJF,1,R,R-NAR040618015,17,3,0.7087053598045453,1.6881732315271123
NAR040618015,NAR,CJF_1,CJF,1,R,R-NAR040618015,17,4,0.8013480446523954,1.6881732315271123
NAR040618015,NAR,CJF_1,CJF,1,R,R-NAR040618015,17,5,0.9029397193473273,1.6881732315271123
NAR040618015,NAR,CJF_1,CJF,1,R,R-NAR040618015,17,6,0.9719758711778267,1.6881732315271123
NAR040618015,NAR,CJF_1,CJF,1,R,R-NAR040618015,17,7,1.0391091719005967,1.6881732315271123
NAR040618015,NAR,CJF_1,CJF,1,R,R-NAR040618015,17,8,1.099642195689403,1.6881732315271123
NAR040618015,NAR,CJF_1,CJF,1,R,R-NAR040618015,17,9,1.1672213582175612,1.6881732315271123
NAR040618015,NAR,CJF_1,CJF,1,R,R-NAR040618015,17,10,1.223948679790909,1.6881732315271123
NAR040618015,NAR,CJF_1,CJF,1,R,R-NAR040618015,17,11,1.2887332676005614,1.6881732315271123
NAR040618015,NAR,CJF_1,CJF,1,R,R-NAR040618015,17,12,1.351615004302485,1.6881732315271123
NAR040618015,NAR,CJF_1,CJF,1,R,R-NAR040618015,17,13,1.414942602809797,1.6881732315271123
NAR040618015,NAR,CJF_1,CJF,1,R,R-NAR040618015,17,14,1.4608180834283335,1.6881732315271123
NAR040618015,NAR,CJF_1,CJF,1,R,R-NAR040618015,17,15,1.5113909898731055,1.6881732315271123
NAR040618015,NAR,CJF_1,CJF,1,R,R-NAR040618015,17,16,1.5955305466792622,1.6881732315271123
NAR040618015,NAR,CJF_1,CJF,1,R,R-NAR040618015,17,17,1.6881732315271123,1.6881732315271123
NAR040618015,NAR,CJF_2,CJF,2,R,R-NAR040618015,18,1,0.524305446976796,1.729186607551883
NAR040618015,NAR,CJF_2,CJF,2,R,R-NAR040618015,18,2,0.6419386027375413,1.729186607551883
NAR040618015,NAR,CJF_2,CJF,2,R,R-NAR040618015,18,3,0.7364084170051834,1.729186607551883
NAR040618015,NAR,CJF_2,CJF,2,R,R-NAR040618015,18,4,0.841060364282677,1.729186607551883
NAR040618015,NAR,CJF_2,CJF,2,R,R-NAR040618015,18,5,0.9313157944874295,1.729186607551883
NAR040618015,NAR,CJF_2,CJF,2,R,R-NAR040618015,18,6,1.0075127639140244,1.729186607551883
NAR040618015,NAR,CJF_2,CJF,2,R,R-NAR040618015,18,7,1.0910927908770702,1.729186607551883
NAR040618015,NAR,CJF_2,CJF,2,R,R-NAR040618015,18,8,1.149386513462779,1.729186607551883
NAR040618015,NAR,CJF_2,CJF,2,R,R-NAR040618015,18,9,1.2048811605750873,1.729186607551883
NAR040618015,NAR,CJF_2,CJF,2,R,R-NAR040618015,18,10,1.270557940697247,1.729186607551883
NAR040618015,NAR,CJF_2,CJF,2,R,R-NAR040618015,18,11,1.3197152408624326,1.729186607551883
NAR040618015,NAR,CJF_2,CJF,2,R,R-NAR040618015,18,12,1.389944461342065,1.729186607551883
NAR040618015,NAR,CJF_2,CJF,2,R,R-NAR040618015,18,13,1.4559592977588087,1.729186607551883
NAR040618015,NAR,CJF_2,CJF,2,R,R-NAR040618015,18,14,1.494934464914142,1.729186607551883
NAR040618015,NAR,CJF_2,CJF,2,R,R-NAR040618015,18,15,1.5715010323408984,1.729186607551883
NAR040618015,NAR,CJF_2,CJF,2,R,R-NAR040618015,18,16,1.6269956794532061,1.729186607551883
NAR040618015,NAR,CJF_2,CJF,2,R,R-NAR040618015,18,17,1.6803673636812813,1.729186607551883
NAR040618015,NAR,CJF_2,CJF,2,R,R-NAR040618015,18,18,1.729186607551883,1.729186607551883
NAR040618015,NAR,CJF_3,CJF,3,R,R-NAR040618015,17,1,0.5242612142086733,1.7039929077840865
NAR040618015,NAR,CJF_3,CJF,3,R,R-NAR040618015,17,2,0.6408622823609313,1.7039929077840865
NAR040618015,NAR,CJF_3,CJF,3,R,R-NAR040618015,17,3,0.7413452914956339,1.7039929077840865
NAR040618015,NAR,CJF_3,CJF,3,R,R-NAR040618015,17,4,0.8502647956420514,1.7039929077840865
NAR040618015,NAR,CJF_3,CJF,3,R,R-NAR040618015,17,5,0.930633294491585,1.7039929077840865
NAR040618015,NAR,CJF_3,CJF,3,R,R-NAR040618015,17,6,1.0100250660970012,1.7039929077840865
NAR040618015,NAR,CJF_3,CJF,3,R,R-NAR040618015,17,7,1.0869302484465513,1.7039929077840865
NAR040618015,NAR,CJF_3,CJF,3,R,R-NAR040618015,17,8,1.158640456046126,1.7039929077840865
NAR040618015,NAR,CJF_3,CJF,3,R,R-NAR040618015,17,9,1.2134776736222714,1.7039929077840865
NAR040618015,NAR,CJF_3,CJF,3,R,R-NAR040618015,17,10,1.2591234651808287,1.7039929077840865
NAR040618015,NAR,CJF_3,CJF,3,R,R-NAR040618015,17,11,1.317423999256958,1.7039929077840865
NAR040618015,NAR,CJF_3,CJF,3,R,R-NAR040618015,17,12,1.3841610283448018,1.7039929077840865
NAR040618015,NAR,CJF_3,CJF,3,R,R-NAR040618015,17,13,1.4566261669502507,1.7039929077840865
NAR040618015,NAR,CJF_3,CJF,3,R,R-NAR040618015,17,14,1.4990304382470685,1.7039929077840865
NAR040618015,NAR,CJF_3,CJF,3,R,R-NAR040618015,17,15,1.5816637301142233,1.7039929077840865
NAR040618015,NAR,CJF_3,CJF,3,R,R-NAR040618015,17,16,1.653152141475554,1.7039929077840865
NAR040618015,NAR,CJF_3,CJF,3,R,R-NAR040618015,17,17,1.7039929077840865,1.7039929077840865
NAR040618015,NAR,JRS_1,JRS,1,R,R-NAR040618015,17,1,0.4845715100692838,1.726204046543242
NAR040618015,NAR,JRS_1,JRS,1,R,R-NAR040618015,17,2,0.5919235200336248,1.726204046543242
NAR040618015,NAR,JRS_1,JRS,1,R,R-NAR040618015,17,3,0.6926700044503328,1.726204046543242
NAR040618015,NAR,JRS_1,JRS,1,R,R-NAR040618015,17,4,0.7793987091210524,1.726204046543242
NAR040618015,NAR,JRS_1,JRS,1,R,R-NAR040618015,17,5,0.8644130363690165,1.726204046543242
NAR040618015,NAR,JRS_1,JRS,1,R,R-NAR040618015,17,6,0.9551252403925787,1.726204046543242
NAR040618015,NAR,JRS_1,JRS,1,R,R-NAR040618015,17,7,1.024760314736502,1.726204046543242
NAR040618015,NAR,JRS_1,JRS,1,R,R-NAR040618015,17,8,1.1036229408228497,1.726204046543242
NAR040618015,NAR,JRS_1,JRS,1,R,R-NAR040618015,17,9,1.16014788419282,1.726204046543242
NAR040618015,NAR,JRS_1,JRS,1,R,R-NAR040618015,17,10,1.2192948537575805,1.726204046543242
NAR040618015,NAR,JRS_1,JRS,1,R,R-NAR040618015,17,11,1.2767274458995859,1.726204046543242
NAR040618015,NAR,JRS_1,JRS,1,R,R-NAR040618015,17,12,1.3406646434679101,1.726204046543242
NAR040618015,NAR,JRS_1,JRS,1,R,R-NAR040618015,17,13,1.4024336392274617,1.726204046543242
NAR040618015,NAR,JRS_1,JRS,1,R,R-NAR040618015,17,14,1.4729763623434196,1.726204046543242
NAR040618015,NAR,JRS_1,JRS,1,R,R-NAR040618015,17,15,1.5154835259674022,1.726204046543242
NAR040618015,NAR,JRS_1,JRS,1,R,R-NAR040618015,17,16,1.5715546449513544,1.726204046543242
NAR040618015,NAR,JRS_1,JRS,1,R,R-NAR040618015,17,17,1.6718473049820448,1.726204046543242
NAR040618016,NAR,JRS_1,JRS,1,R,R-NAR040618016,6,1,0.490706891854648,1.3740236630681881
NAR040618016,NAR,JRS_1,JRS,1,R,R-NAR040618016,6,2,0.7567183626573921,1.3740236630681881
NAR040618016,NAR,JRS_1,JRS,1,R,R-NAR040618016,6,3,0.9054108404287033,1.3740236630681881
NAR040618016,NAR,JRS_1,JRS,1,R,R-NAR040618016,6,4,1.0163225066149109,1.3740236630681881
NAR040618016,NAR,JRS_1,JRS,1,R,R-NAR040618016,6,5,1.1504327116129078,1.3740236630681881
NAR040618016,NAR,JRS_1,JRS,1,R,R-NAR040618016,6,6,1.2688561742409639,1.3740236630681881
NAR040618016,NAR,NGA_1,NGA,1,R,R-NAR040618016,6,1,0.7511543927156626,1.3956937358806822
NAR040618016,NAR,NGA_1,NGA,1,R,R-NAR040618016,6,2,0.919081226012059,1.3956937358806822
NAR040618016,NAR,NGA_1,NGA,1,R,R-NAR040618016,6,3,1.0342398212531752,1.3956937358806822
NAR040618016,NAR,NGA_1,NGA,1,R,R-NAR040618016,6,4,1.1817982592933225,1.3956937358806822
NAR040618016,NAR,NGA_1,NGA,1,R,R-NAR040618016,6,5,1.2967350620390818,1.3956937358806822
NAR040618016,NAR,NGA_1,NGA,1,R,R-NAR040618016,6,6,1.3956937358806822,1.3956937358806822
NAR040618016,NAR,NGA_2,NGA,2,R,R-NAR040618016,6,1,0.7523633017885978,1.375696538697425
NAR040618016,NAR,NGA_2,NGA,2,R,R-NAR040618016,6,2,0.8934220726947606,1.375696538697425
NAR040618016,NAR,NGA_2,NGA,2,R,R-NAR040618016,6,3,1.0134374803315398,1.375696538697425
NAR040618016,NAR,NGA_2,NGA,2,R,R-NAR040618016,6,4,1.1453457676811345,1.375696538697425
NAR040618016,NAR,NGA_2,NGA,2,R,R-NAR040618016,6,5,1.270194325169743,1.375696538697425
NAR040618016,NAR,NGA_2,NGA,2,R,R-NAR040618016,6,6,1.375696538697425,1.375696538697425
NAR040618017,NAR,CJF_1,CJF,1,R,R-NAR040618017,8,1,0.4396035128723491,1.0208288013551525
NAR040618017,NAR,CJF_1,CJF,1,R,R-NAR040618017,8,2,0.5708379625422368,1.0208288013551525
NAR040618017,NAR,CJF_1,CJF,1,R,R-NAR040618017,8,3,0.6576941310625838,1.0208288013551525
NAR040618017,NAR,CJF_1,CJF,1,R,R-NAR040618017,8,4,0.7746631973311606,1.0208288013551525
NAR040618017,NAR,CJF_1,CJF,1,R,R-NAR040618017,8,5,0.830813168998675,1.0208288013551525
NAR040618017,NAR,CJF_1,CJF,1,R,R-NAR040618017,8,6,0.9003772103622323,1.0208288013551525
NAR040618017,NAR,CJF_1,CJF,1,R,R-NAR040618017,8,7,0.9604052394904914,1.0208288013551525
NAR040618017,NAR,CJF_1,CJF,1,R,R-NAR040618017,8,8,1.0208288013551525,1.0208288013551525
NAR040618017,NAR,CJF_2,CJF,2,R,R-NAR040618017,8,1,0.40250703192923826,0.99197627072203
NAR040618017,NAR,CJF_2,CJF,2,R,R-NAR040618017,8,2,0.5406886078846351,0.99197627072203
NAR040618017,NAR,CJF_2,CJF,2,R,R-NAR040618017,8,3,0.6343724905330662,0.99197627072203
NAR040618017,NAR,CJF_2,CJF,2,R,R-NAR040618017,8,4,0.7129984985051152,0.99197627072203
NAR040618017,NAR,CJF_2,CJF,2,R,R-NAR040618017,8,5,0.8084858845930499,0.99197627072203
NAR040618017,NAR,CJF_2,CJF,2,R,R-NAR040618017,8,6,0.8745334520504016,0.99197627072203
NAR040618017,NAR,CJF_2,CJF,2,R,R-NAR040618017,8,7,0.9364332680509995,0.99197627072203
NAR040618017,NAR,CJF_2,CJF,2,R,R-NAR040618017,8,8,0.99197627072203,0.99197627072203
NAR040618017,NAR,CJF_3,CJF,3,R,R-NAR040618017,8,1,0.44552909231539656,1.0516497712418877
NAR040618017,NAR,CJF_3,CJF,3,R,R-NAR040618017,8,2,0.5976490102928254,1.0516497712418877
NAR040618017,NAR,CJF_3,CJF,3,R,R-NAR040618017,8,3,0.6961580407916199,1.0516497712418877
NAR040618017,NAR,CJF_3,CJF,3,R,R-NAR040618017,8,4,0.7902504301049752,1.0516497712418877
NAR040618017,NAR,CJF_3,CJF,3,R,R-NAR040618017,8,5,0.8566893584465126,1.0516497712418877
NAR040618017,NAR,CJF_3,CJF,3,R,R-NAR040618017,8,6,0.9231885557442522,1.0516497712418877
NAR040618017,NAR,CJF_3,CJF,3,R,R-NAR040618017,8,7,0.9809750085835176,1.0516497712418877
NAR040618017,NAR,CJF_3,CJF,3,R,R-NAR040618017,8,8,1.0516497712418877,1.0516497712418877
NAR040618017,NAR,JRS_1,JRS,1,R,R-NAR040618017,7,1,0.386176472015928,0.9387559814871398
NAR040618017,NAR,JRS_1,JRS,1,R,R-NAR040618017,7,2,0.49291726622664606,0.9387559814871398
NAR040618017,NAR,JRS_1,JRS,1,R,R-NAR040618017,7,3,0.5788006246259783,0.9387559814871398
NAR040618017,NAR,JRS_1,JRS,1,R,R-NAR040618017,7,4,0.6396268935463816,0.9387559814871398
NAR040618017,NAR,JRS_1,JRS,1,R,R-NAR040618017,7,5,0.7489315979887843,0.9387559814871398
NAR040618017,NAR,JRS_1,JRS,1,R,R-NAR040618017,7,6,0.8182674693221706,0.9387559814871398
NAR040618017,NAR,JRS_1,JRS,1,R,R-NAR040618017,7,7,0.886785468937628,0.9387559814871398
NAR040618018,NAR,CJF_1,CJF,1,R,R-NAR040618018,14,1,0.4346065067473005,1.4237260376079097
NAR040618018,NAR,CJF_1,CJF,1,R,R-NAR040618018,14,2,0.5770222751466003,1.4237260376079097
NAR040618018,NAR,CJF_1,CJF,1,R,R-NAR040618018,14,3,0.690219181841129,1.4237260376079097
NAR040618018,NAR,CJF_1,CJF,1,R,R-NAR040618018,14,4,0.7960568869862568,1.4237260376079097
NAR040618018,NAR,CJF_1,CJF,1,R,R-NAR040618018,14,5,0.8733253213045356,1.4237260376079097
NAR040618018,NAR,CJF_1,CJF,1,R,R-NAR040618018,14,6,0.9432345540734131,1.4237260376079097
NAR040618018,NAR,CJF_1,CJF,1,R,R-NAR040618018,14,7,1.0014564542904112,1.4237260376079097
NAR040618018,NAR,CJF_1,CJF,1,R,R-NAR040618018,14,8,1.0594614706647196,1.4237260376079097
NAR040618018,NAR,CJF_1,CJF,1,R,R-NAR040618018,14,9,1.122228385726885,1.4237260376079097
NAR040618018,NAR,CJF_1,CJF,1,R,R-NAR040618018,14,10,1.1782856901175711,1.4237260376079097
NAR040618018,NAR,CJF_1,CJF,1,R,R-NAR040618018,14,11,1.2369402973698032,1.4237260376079097
NAR040618018,NAR,CJF_1,CJF,1,R,R-NAR040618018,14,12,1.304252227277135,1.4237260376079097
NAR040618018,NAR,CJF_1,CJF,1,R,R-NAR040618018,14,13,1.3546822189094994,1.4237260376079097
NAR040618018,NAR,CJF_1,CJF,1,R,R-NAR040618018,14,14,1.4237260376079097,1.4237260376079097
NAR040618018,NAR,CJF_2,CJF,2,R,R-NAR040618018,14,1,0.46377791939006635,1.4227405987324315
NAR040618018,NAR,CJF_2,CJF,2,R,R-NAR040618018,14,2,0.6044563861815939,1.4227405987324315
NAR040618018,NAR,CJF_2,CJF,2,R,R-NAR040618018,14,3,0.7193568726594883,1.4227405987324315
NAR040618018,NAR,CJF_2,CJF,2,R,R-NAR040618018,14,4,0.798135092485805,1.4227405987324315
NAR040618018,NAR,CJF_2,CJF,2,R,R-NAR040618018,14,5,0.874555599267449,1.4227405987324315
NAR040618018,NAR,CJF_2,CJF,2,R,R-NAR040618018,14,6,0.9253808125673109,1.4227405987324315
NAR040618018,NAR,CJF_2,CJF,2,R,R-NAR040618018,14,7,0.978746425743696,1.4227405987324315
NAR040618018,NAR,CJF_2,CJF,2,R,R-NAR040618018,14,8,1.049720759108591,1.4227405987324315
NAR040618018,NAR,CJF_2,CJF,2,R,R-NAR040618018,14,9,1.1165191189949977,1.4227405987324315
NAR040618018,NAR,CJF_2,CJF,2,R,R-NAR040618018,14,10,1.177871305464657,1.4227405987324315
NAR040618018,NAR,CJF_2,CJF,2,R,R-NAR040618018,14,11,1.2448523521829147,1.4227405987324315
NAR040618018,NAR,CJF_2,CJF,2,R,R-NAR040618018,14,12,1.3074747385908347,1.4227405987324315
NAR040618018,NAR,CJF_2,CJF,2,R,R-NAR040618018,14,13,1.3639288121392972,1.4227405987324315
NAR040618018,NAR,CJF_2,CJF,2,R,R-NAR040618018,14,14,1.4227405987324315,1.4227405987324315
NAR040618018,NAR,CJF_3,CJF,3,R,R-NAR040618018,14,1,0.41825843486106246,1.3603269102468032
NAR040618018,NAR,CJF_3,CJF,3,R,R-NAR040618018,14,2,0.5639045999183228,1.3603269102468032
NAR040618018,NAR,CJF_3,CJF,3,R,R-NAR040618018,14,3,0.6768222418405979,1.3603269102468032
NAR040618018,NAR,CJF_3,CJF,3,R,R-NAR040618018,14,4,0.7575275143093463,1.3603269102468032
NAR040618018,NAR,CJF_3,CJF,3,R,R-NAR040618018,14,5,0.8358332600290732,1.3603269102468032
NAR040618018,NAR,CJF_3,CJF,3,R,R-NAR040618018,14,6,0.8932337675239916,1.3603269102468032
NAR040618018,NAR,CJF_3,CJF,3,R,R-NAR040618018,14,7,0.9408687120112297,1.3603269102468032
NAR040618018,NAR,CJF_3,CJF,3,R,R-NAR040618018,14,8,0.9936445148430371,1.3603269102468032
NAR040618018,NAR,CJF_3,CJF,3,R,R-NAR040618018,14,9,1.0640680706226453,1.3603269102468032
NAR040618018,NAR,CJF_3,CJF,3,R,R-NAR040618018,14,10,1.1332918630277415,1.3603269102468032
NAR040618018,NAR,CJF_3,CJF,3,R,R-NAR040618018,14,11,1.2064567504028985,1.3603269102468032
NAR040618018,NAR,CJF_3,CJF,3,R,R-NAR040618018,14,12,1.2607741214557433,1.3603269102468032
NAR040618018,NAR,CJF_3,CJF,3,R,R-NAR040618018,14,13,1.3178328241041364,1.3603269102468032
NAR040618018,NAR,CJF_3,CJF,3,R,R-NAR040618018,14,14,1.3603269102468032,1.3603269102468032
NAR040618018,NAR,JRS_1,JRS,1,R,R-NAR040618018,13,1,0.325598779786727,1.2451426586238674
NAR040618018,NAR,JRS_1,JRS,1,R,R-NAR040618018,13,2,0.47684962354882676,1.2451426586238674
NAR040618018,NAR,JRS_1,JRS,1,R,R-NAR040618018,13,3,0.591354544594909,1.2451426586238674
NAR040618018,NAR,JRS_1,JRS,1,R,R-NAR040618018,13,4,0.6713772506249593,1.2451426586238674
NAR040618018,NAR,JRS_1,JRS,1,R,R-NAR040618018,13,5,0.7261481056110013,1.2451426586238674
NAR040618018,NAR,JRS_1,JRS,1,R,R-NAR040618018,13,6,0.7936538350375538,1.2451426586238674
NAR040618018,NAR,JRS_1,JRS,1,R,R-NAR040618018,13,7,0.844484383881087,1.2451426586238674
NAR040618018,NAR,JRS_1,JRS,1,R,R-NAR040618018,13,8,0.8991462899486234,1.2451426586238674
NAR040618018,NAR,JRS_1,JRS,1,R,R-NAR040618018,13,9,0.9677838732251689,1.2451426586238674
NAR040618018,NAR,JRS_1,JRS,1,R,R-NAR040618018,13,10,1.0276268882037143,1.2451426586238674
NAR040618018,NAR,JRS_1,JRS,1,R,R-NAR040618018,13,11,1.0848793487267558,1.2451426586238674
NAR040618018,NAR,JRS_1,JRS,1,R,R-NAR040618018,13,12,1.1332282920332901,1.2451426586238674
NAR040618018,NAR,JRS_1,JRS,1,R,R-NAR040618018,13,13,1.1814682864213182,1.2451426586238674
NAR040618020,NAR,CJF_1,CJF,1,R,R-NAR040618020,4,1,0.5535845401800431,0.953846936580712
NAR040618020,NAR,CJF_1,CJF,1,R,R-NAR040618020,4,2,0.7066357475726788,0.953846936580712
NAR040618020,NAR,CJF_1,CJF,1,R,R-NAR040618020,4,3,0.8383949358252594,0.953846936580712
NAR040618020,NAR,CJF_1,CJF,1,R,R-NAR040618020,4,4,0.953846936580712,0.953846936580712
NAR040618020,NAR,CJF_2,CJF,2,R,R-NAR040618020,4,1,0.6049644555805622,0.992154606525255
NAR040618020,NAR,CJF_2,CJF,2,R,R-NAR040618020,4,2,0.7391154042190218,0.992154606525255
NAR040618020,NAR,CJF_2,CJF,2,R,R-NAR040618020,4,3,0.8752745843363092,0.992154606525255
NAR040618020,NAR,CJF_2,CJF,2,R,R-NAR040618020,4,4,0.992154606525255,0.992154606525255
NAR040618020,NAR,CJF_3,CJF,3,R,R-NAR040618020,5,1,0.38883755821157906,1.0016868390926077
NAR040618020,NAR,CJF_3,CJF,3,R,R-NAR040618020,5,2,0.5669869014433383,1.0016868390926077
NAR040618020,NAR,CJF_3,CJF,3,R,R-NAR040618020,5,3,0.7307469985845528,1.0016868390926077
NAR040618020,NAR,CJF_3,CJF,3,R,R-NAR040618020,5,4,0.8603250624697822,1.0016868390926077
NAR040618020,NAR,CJF_3,CJF,3,R,R-NAR040618020,5,5,1.0016868390926077,1.0016868390926077
NAR040618020,NAR,JRS_1,JRS,1,R,R-NAR040618020,4,1,0.11367074586293424,0.9639686079640201
NAR040618020,NAR,JRS_1,JRS,1,R,R-NAR040618020,4,2,0.23085019830815223,0.9639686079640201
NAR040618020,NAR,JRS_1,JRS,1,R,R-NAR040618020,4,3,0.377993905392284,0.9639686079640201
NAR040618020,NAR,JRS_1,JRS,1,R,R-NAR040618020,4,4,0.5825916126771539,0.9639686079640201
NAR040618021,NAR,CJF_1,CJF,1,R,R-NAR040618021,8,1,0.392620501037533,1.1408421447466306
NAR040618021,NAR,CJF_1,CJF,1,R,R-NAR040618021,8,2,0.5689691939944911,1.1408421447466306
NAR040618021,NAR,CJF_1,CJF,1,R,R-NAR040618021,8,3,0.6907031787517496,1.1408421447466306
NAR040618021,NAR,CJF_1,CJF,1,R,R-NAR040618021,8,4,0.779748652257523,1.1408421447466306
NAR040618021,NAR,CJF_1,CJF,1,R,R-NAR040618021,8,5,0.8605772021979611,1.1408421447466306
NAR040618021,NAR,CJF_1,CJF,1,R,R-NAR040618021,8,6,0.9484611730006751,1.1408421447466306
NAR040618021,NAR,CJF_1,CJF,1,R,R-NAR040618021,8,7,1.0416151082891163,1.1408421447466306
NAR040618021,NAR,CJF_1,CJF,1,R,R-NAR040618021,8,8,1.1408421447466306,1.1408421447466306
NAR040618021,NAR,CJF_2,CJF,2,R,R-NAR040618021,8,1,0.4526240700519691,1.1720650150605505
NAR040618021,NAR,CJF_2,CJF,2,R,R-NAR040618021,8,2,0.6133472495965144,1.1720650150605505
NAR040618021,NAR,CJF_2,CJF,2,R,R-NAR040618021,8,3,0.736552512939961,1.1720650150605505
NAR040618021,NAR,CJF_2,CJF,2,R,R-NAR040618021,8,4,0.826431321631232,1.1720650150605505
NAR040618021,NAR,CJF_2,CJF,2,R,R-NAR040618021,8,5,0.9163101303225027,1.1720650150605505
NAR040618021,NAR,CJF_2,CJF,2,R,R-NAR040618021,8,6,1.0071503739670824,1.1720650150605505
NAR040618021,NAR,CJF_2,CJF,2,R,R-NAR040618021,8,7,1.0970291826583536,1.1720650150605505
NAR040618021,NAR,CJF_2,CJF,2,R,R-NAR040618021,8,8,1.1720650150605505,1.1720650150605505
NAR040618021,NAR,CJF_3,CJF,3,R,R-NAR040618021,8,1,0.4665668615068375,1.2277675913472534
NAR040618021,NAR,CJF_3,CJF,3,R,R-NAR040618021,8,2,0.6570645770751441,1.2277675913472534
NAR040618021,NAR,CJF_3,CJF,3,R,R-NAR040618021,8,3,0.7821000371437993,1.2277675913472534
NAR040618021,NAR,CJF_3,CJF,3,R,R-NAR040618021,8,4,0.8609922841505638,1.2277675913472534
NAR040618021,NAR,CJF_3,CJF,3,R,R-NAR040618021,8,5,0.9524885778415335,1.2277675913472534
NAR040618021,NAR,CJF_3,CJF,3,R,R-NAR040618021,8,6,1.0439490591424059,1.2277675913472534
NAR040618021,NAR,CJF_3,CJF,3,R,R-NAR040618021,8,7,1.1396467017281104,1.2277675913472534
NAR040618021,NAR,CJF_3,CJF,3,R,R-NAR040618021,8,8,1.2277675913472534,1.2277675913472534
NAR040618021,NAR,JRS_1,JRS,1,R,R-NAR040618021,7,1,0.4784590417622,1.190826019900637
NAR040618021,NAR,JRS_1,JRS,1,R,R-NAR040618021,7,2,0.6321984926411128,1.190826019900637
NAR040618021,NAR,JRS_1,JRS,1,R,R-NAR040618021,7,3,0.7643068875762046,1.190826019900637
NAR040618021,NAR,JRS_1,JRS,1,R,R-NAR040618021,7,4,0.8589343790276718,1.190826019900637
NAR040618021,NAR,JRS_1,JRS,1,R,R-NAR040618021,7,5,0.9659405989988917,1.190826019900637
NAR040618021,NAR,JRS_1,JRS,1,R,R-NAR040618021,7,6,1.0444884309609788,1.190826019900637
NAR040618021,NAR,JRS_1,JRS,1,R,R-NAR040618021,7,7,1.1213007034130411,1.190826019900637
NAR040618023,NAR,CJF_1,CJF,1,R,R-NAR040618023,20,1,0.4343096458197145,2.0924990238487298
NAR040618023,NAR,CJF_1,CJF,1,R,R-NAR040618023,20,2,0.5572499295703202,2.0924990238487298
NAR040618023,NAR,CJF_1,CJF,1,R,R-NAR040618023,20,3,0.736401289598876,2.0924990238487298
NAR040618023,NAR,CJF_1,CJF,1,R,R-NAR040618023,20,4,0.8587968068112172,2.0924990238487298
NAR040618023,NAR,CJF_1,CJF,1,R,R-NAR040618023,20,5,0.9631062140678124,2.0924990238487298
NAR040618023,NAR,CJF_1,CJF,1,R,R-NAR040618023,20,6,1.0540060904706927,2.0924990238487298
NAR040618023,NAR,CJF_1,CJF,1,R,R-NAR040618023,20,7,1.1541836851635208,2.0924990238487298
NAR040618023,NAR,CJF_1,CJF,1,R,R-NAR040618023,20,8,1.2569342327194388,2.0924990238487298
NAR040618023,NAR,CJF_1,CJF,1,R,R-NAR040618023,20,9,1.3519659216860866,2.0924990238487298
NAR040618023,NAR,CJF_1,CJF,1,R,R-NAR040618023,20,10,1.4314844535600784,2.0924990238487298
NAR040618023,NAR,CJF_1,CJF,1,R,R-NAR040618023,20,11,1.5032841268447994,2.0924990238487298
NAR040618023,NAR,CJF_1,CJF,1,R,R-NAR040618023,20,12,1.5745390335912561,2.0924990238487298
NAR040618023,NAR,CJF_1,CJF,1,R,R-NAR040618023,20,13,1.6489116597390676,2.0924990238487298
NAR040618023,NAR,CJF_1,CJF,1,R,R-NAR040618023,20,14,1.7171242869982848,2.0924990238487298
NAR040618023,NAR,CJF_1,CJF,1,R,R-NAR040618023,20,15,1.7925110063085095,2.0924990238487298
NAR040618023,NAR,CJF_1,CJF,1,R,R-NAR040618023,20,16,1.8431068502361299,2.0924990238487298
NAR040618023,NAR,CJF_1,CJF,1,R,R-NAR040618023,20,17,1.8921438344630734,2.0924990238487298
NAR040618023,NAR,CJF_1,CJF,1,R,R-NAR040618023,20,18,1.9499892103558156,2.0924990238487298
NAR040618023,NAR,CJF_1,CJF,1,R,R-NAR040618023,20,19,2.02537592966604,2.0924990238487298
NAR040618023,NAR,CJF_1,CJF,1,R,R-NAR040618023,20,20,2.0924990238487298,2.0924990238487298
NAR040618023,NAR,CJF_2,CJF,2,R,R-NAR040618023,20,1,0.4308566347335974,2.104212735053064
NAR040618023,NAR,CJF_2,CJF,2,R,R-NAR040618023,20,2,0.5875874041557454,2.104212735053064
NAR040618023,NAR,CJF_2,CJF,2,R,R-NAR040618023,20,3,0.7413644091438233,2.104212735053064
NAR040618023,NAR,CJF_2,CJF,2,R,R-NAR040618023,20,4,0.8623856123152408,2.104212735053064
NAR040618023,NAR,CJF_2,CJF,2,R,R-NAR040618023,20,5,0.9696465075883763,2.104212735053064
NAR040618023,NAR,CJF_2,CJF,2,R,R-NAR040618023,20,6,1.0693907952553912,2.104212735053064
NAR040618023,NAR,CJF_2,CJF,2,R,R-NAR040618023,20,7,1.1550386036001012,2.104212735053064
NAR040618023,NAR,CJF_2,CJF,2,R,R-NAR040618023,20,8,1.2772005175645316,2.104212735053064
NAR040618023,NAR,CJF_2,CJF,2,R,R-NAR040618023,20,9,1.3423759497738288,2.104212735053064
NAR040618023,NAR,CJF_2,CJF,2,R,R-NAR040618023,20,10,1.4198348076643739,2.104212735053064
NAR040618023,NAR,CJF_2,CJF,2,R,R-NAR040618023,20,11,1.5084363804431535,2.104212735053064
NAR040618023,NAR,CJF_2,CJF,2,R,R-NAR040618023,20,12,1.5739479840764745,2.104212735053064
NAR040618023,NAR,CJF_2,CJF,2,R,R-NAR040618023,20,13,1.6420771807198418,2.104212735053064
NAR040618023,NAR,CJF_2,CJF,2,R,R-NAR040618023,20,14,1.712823970373257,2.104212735053064
NAR040618023,NAR,CJF_2,CJF,2,R,R-NAR040618023,20,15,1.7765225203655193,2.104212735053064
NAR040618023,NAR,CJF_2,CJF,2,R,R-NAR040618023,20,16,1.8290783554695458,2.104212735053064
NAR040618023,NAR,CJF_2,CJF,2,R,R-NAR040618023,20,17,1.8834472442146308,2.104212735053064
NAR040618023,NAR,CJF_2,CJF,2,R,R-NAR040618023,20,18,1.9586246805191512,2.104212735053064
NAR040618023,NAR,CJF_2,CJF,2,R,R-NAR040618023,20,19,2.030848352389602,2.104212735053064
NAR040618023,NAR,CJF_2,CJF,2,R,R-NAR040618023,20,20,2.104212735053064,2.104212735053064
NAR040618023,NAR,CJF_3,CJF,3,R,R-NAR040618023,20,1,0.4334520801687278,2.104368948975567
NAR040618023,NAR,CJF_3,CJF,3,R,R-NAR040618023,20,2,0.5779079338369447,2.104368948975567
NAR040618023,NAR,CJF_3,CJF,3,R,R-NAR040618023,20,3,0.7188838536226313,2.104368948975567
NAR040618023,NAR,CJF_3,CJF,3,R,R-NAR040618023,20,4,0.8579075930471491,2.104368948975567
NAR040618023,NAR,CJF_3,CJF,3,R,R-NAR040618023,20,5,0.9664616967182146,2.104368948975567
NAR040618023,NAR,CJF_3,CJF,3,R,R-NAR040618023,20,6,1.0695836861455814,2.104368948975567
NAR040618023,NAR,CJF_3,CJF,3,R,R-NAR040618023,20,7,1.1527603606311658,2.104368948975567
NAR040618023,NAR,CJF_3,CJF,3,R,R-NAR040618023,20,8,1.2698866047527326,2.104368948975567
NAR040618023,NAR,CJF_3,CJF,3,R,R-NAR040618023,20,9,1.3364279443411993,2.104368948975567
NAR040618023,NAR,CJF_3,CJF,3,R,R-NAR040618023,20,10,1.425970105914173,2.104368948975567
NAR040618023,NAR,CJF_3,CJF,3,R,R-NAR040618023,20,11,1.5117778606026746,2.104368948975567
NAR040618023,NAR,CJF_3,CJF,3,R,R-NAR040618023,20,12,1.5857880139600864,2.104368948975567
NAR040618023,NAR,CJF_3,CJF,3,R,R-NAR040618023,20,13,1.6485949466640817,2.104368948975567
NAR040618023,NAR,CJF_3,CJF,3,R,R-NAR040618023,20,14,1.7125052060496317,2.104368948975567
NAR040618023,NAR,CJF_3,CJF,3,R,R-NAR040618023,20,15,1.7683522709885648,2.104368948975567
NAR040618023,NAR,CJF_3,CJF,3,R,R-NAR040618023,20,16,1.8235204360857504,2.104368948975567
NAR040618023,NAR,CJF_3,CJF,3,R,R-NAR040618023,20,17,1.8915895291955795,2.104368948975567
NAR040618023,NAR,CJF_3,CJF,3,R,R-NAR040618023,20,18,1.9638174560296882,2.104368948975567
NAR040618023,NAR,CJF_3,CJF,3,R,R-NAR040618023,20,19,2.039779789748269,2.104368948975567
NAR040618023,NAR,CJF_3,CJF,3,R,R-NAR040618023,20,20,2.104368948975567,2.104368948975567
NAR040618023,NAR,JRS_1,JRS,1,R,R-NAR040618023,18,1,0.4157457751321267,2.0481345486303133
NAR040618023,NAR,JRS_1,JRS,1,R,R-NAR040618023,18,2,0.5471406177872417,2.0481345486303133
NAR040618023,NAR,JRS_1,JRS,1,R,R-NAR040618023,18,3,0.7054947920656821,2.0481345486303133
NAR040618023,NAR,JRS_1,JRS,1,R,R-NAR040618023,18,4,0.8296818252256059,2.0481345486303133
NAR040618023,NAR,JRS_1,JRS,1,R,R-NAR040618023,18,5,0.9430726894724393,2.0481345486303133
NAR040618023,NAR,JRS_1,JRS,1,R,R-NAR040618023,18,6,1.0366809409317428,2.0481345486303133
NAR040618023,NAR,JRS_1,JRS,1,R,R-NAR040618023,18,7,1.1068404935371237,2.0481345486303133
NAR040618023,NAR,JRS_1,JRS,1,R,R-NAR040618023,18,8,1.211229368579817,2.0481345486303133
NAR040618023,NAR,JRS_1,JRS,1,R,R-NAR040618023,18,9,1.3084259794570174,2.0481345486303133
NAR040618023,NAR,JRS_1,JRS,1,R,R-NAR040618023,18,10,1.393001151052782,2.0481345486303133
NAR040618023,NAR,JRS_1,JRS,1,R,R-NAR040618023,18,11,1.4506014456955232,2.0481345486303133
NAR040618023,NAR,JRS_1,JRS,1,R,R-NAR040618023,18,12,1.5207765436306029,2.0481345486303133
NAR040618023,NAR,JRS_1,JRS,1,R,R-NAR040618023,18,13,1.6125750700512582,2.0481345486303133
NAR040618023,NAR,JRS_1,JRS,1,R,R-NAR040618023,18,14,1.6791773538981398,2.0481345486303133
NAR040618023,NAR,JRS_1,JRS,1,R,R-NAR040618023,18,15,1.7367621032111813,2.0481345486303133
NAR040618023,NAR,JRS_1,JRS,1,R,R-NAR040618023,18,16,1.788964313397378,2.0481345486303133
NAR040618023,NAR,JRS_1,JRS,1,R,R-NAR040618023,18,17,1.8357528937973298,2.0481345486303133
NAR040618023,NAR,JRS_1,JRS,1,R,R-NAR040618023,18,18,1.9185338856841463,2.0481345486303133
NAR040618024,NAR,CJF_1,CJF,1,R,R-NAR040618024,8,1,0.41837167412831217,1.1950794486575078
NAR040618024,NAR,CJF_1,CJF,1,R,R-NAR040618024,8,2,0.6418178026924851,1.1950794486575078
NAR040618024,NAR,CJF_1,CJF,1,R,R-NAR040618024,8,3,0.7556666493291342,1.1950794486575078
NAR040618024,NAR,CJF_1,CJF,1,R,R-NAR040618024,8,4,0.8465036346566401,1.1950794486575078
NAR040618024,NAR,CJF_1,CJF,1,R,R-NAR040618024,8,5,0.938147593256858,1.1950794486575078
NAR040618024,NAR,CJF_1,CJF,1,R,R-NAR040618024,8,6,1.0223587911298004,1.1950794486575078
NAR040618024,NAR,CJF_1,CJF,1,R,R-NAR040618024,8,7,1.0999442015481784,1.1950794486575078
NAR040618024,NAR,CJF_1,CJF,1,R,R-NAR040618024,8,8,1.1950794486575078,1.1950794486575078
NAR040618024,NAR,CJF_2,CJF,2,R,R-NAR040618024,8,1,0.4634988367019461,1.210293620361366
NAR040618024,NAR,CJF_2,CJF,2,R,R-NAR040618024,8,2,0.652391066700903,1.210293620361366
NAR040618024,NAR,CJF_2,CJF,2,R,R-NAR040618024,8,3,0.776659953705365,1.210293620361366
NAR040618024,NAR,CJF_2,CJF,2,R,R-NAR040618024,8,4,0.8785723612163298,1.210293620361366
NAR040618024,NAR,CJF_2,CJF,2,R,R-NAR040618024,8,5,0.9615870661192065,1.210293620361366
NAR040618024,NAR,CJF_2,CJF,2,R,R-NAR040618024,8,6,1.0325376380335018,1.210293620361366
NAR040618024,NAR,CJF_2,CJF,2,R,R-NAR040618024,8,7,1.116649008487103,1.210293620361366
NAR040618024,NAR,CJF_2,CJF,2,R,R-NAR040618024,8,8,1.210293620361366,1.210293620361366
NAR040618024,NAR,CJF_3,CJF,3,R,R-NAR040618024,8,1,0.49596732640453484,1.257605357400463
NAR040618024,NAR,CJF_3,CJF,3,R,R-NAR040618024,8,2,0.7030876156838283,1.257605357400463
NAR040618024,NAR,CJF_3,CJF,3,R,R-NAR040618024,8,3,0.8185148579786318,1.257605357400463
NAR040618024,NAR,CJF_3,CJF,3,R,R-NAR040618024,8,4,0.9251103343972847,1.257605357400463
NAR040618024,NAR,CJF_3,CJF,3,R,R-NAR040618024,8,5,1.0134844162871703,1.257605357400463
NAR040618024,NAR,CJF_3,CJF,3,R,R-NAR040618024,8,6,1.091911006747975,1.257605357400463
NAR040618024,NAR,CJF_3,CJF,3,R,R-NAR040618024,8,7,1.1664701731924394,1.257605357400463
NAR040618024,NAR,CJF_3,CJF,3,R,R-NAR040618024,8,8,1.257605357400463,1.257605357400463
NAR040618024,NAR,JRS_1,JRS,1,R,R-NAR040618024,6,1,0.7203380474039253,1.288328927868402
NAR040618024,NAR,JRS_1,JRS,1,R,R-NAR040618024,6,2,0.8274752366725665,1.288328927868402
NAR040618024,NAR,JRS_1,JRS,1,R,R-NAR040618024,6,3,0.9418979802468346,1.288328927868402
NAR040618024,NAR,JRS_1,JRS,1,R,R-NAR040618024,6,4,1.0407330236268548,1.288328927868402
NAR040618024,NAR,JRS_1,JRS,1,R,R-NAR040618024,6,5,1.1130520353541857,1.288328927868402
NAR040618024,NAR,JRS_1,JRS,1,R,R-NAR040618024,6,6,1.2180995703819486,1.288328927868402
NAR040618025,NAR,CJF_1,CJF,1,R,R-NAR040618025,10,1,0.3285353319004427,1.3380921284853264
NAR040618025,NAR,CJF_1,CJF,1,R,R-NAR040618025,10,2,0.6084461170567017,1.3380921284853264
NAR040618025,NAR,CJF_1,CJF,1,R,R-NAR040618025,10,3,0.7660310252165167,1.3380921284853264
NAR040618025,NAR,CJF_1,CJF,1,R,R-NAR040618025,10,4,0.8834152077841888,1.3380921284853264
NAR040618025,NAR,CJF_1,CJF,1,R,R-NAR040618025,10,5,0.9646785090784821,1.3380921284853264
NAR040618025,NAR,CJF_1,CJF,1,R,R-NAR040618025,10,6,1.0380809805329956,1.3380921284853264
NAR040618025,NAR,CJF_1,CJF,1,R,R-NAR040618025,10,7,1.095462933510202,1.3380921284853264
NAR040618025,NAR,CJF_1,CJF,1,R,R-NAR040618025,10,8,1.1604068575294402,1.3380921284853264
NAR040618025,NAR,CJF_1,CJF,1,R,R-NAR040618025,10,9,1.2673099336440725,1.3380921284853264
NAR040618025,NAR,CJF_1,CJF,1,R,R-NAR040618025,10,10,1.3380921284853264,1.3380921284853264
NAR040618025,NAR,CJF_2,CJF,2,R,R-NAR040618025,10,1,0.35698830732500453,1.349488041425312
NAR040618025,NAR,CJF_2,CJF,2,R,R-NAR040618025,10,2,0.6366743296840689,1.349488041425312
NAR040618025,NAR,CJF_2,CJF,2,R,R-NAR040618025,10,3,0.7844439537879973,1.349488041425312
NAR040618025,NAR,CJF_2,CJF,2,R,R-NAR040618025,10,4,0.9067606205679102,1.349488041425312
NAR040618025,NAR,CJF_2,CJF,2,R,R-NAR040618025,10,5,0.9703930138779477,1.349488041425312
NAR040618025,NAR,CJF_2,CJF,2,R,R-NAR040618025,10,6,1.0416227852400755,1.349488041425312
NAR040618025,NAR,CJF_2,CJF,2,R,R-NAR040618025,10,7,1.1044542371808599,1.349488041425312
NAR040618025,NAR,CJF_2,CJF,2,R,R-NAR040618025,10,8,1.1766659306819962,1.349488041425312
NAR040618025,NAR,CJF_2,CJF,2,R,R-NAR040618025,10,9,1.2620045735297671,1.349488041425312
NAR040618025,NAR,CJF_2,CJF,2,R,R-NAR040618025,10,10,1.349488041425312,1.349488041425312
NAR040618025,NAR,CJF_3,CJF,3,R,R-NAR040618025,10,1,0.3372032640522236,1.330942845004942
NAR040618025,NAR,CJF_3,CJF,3,R,R-NAR040618025,10,2,0.6093081143050463,1.330942845004942
NAR040618025,NAR,CJF_3,CJF,3,R,R-NAR040618025,10,3,0.759225879409962,1.330942845004942
NAR040618025,NAR,CJF_3,CJF,3,R,R-NAR040618025,10,4,0.878424028130415,1.330942845004942
NAR040618025,NAR,CJF_3,CJF,3,R,R-NAR040618025,10,5,0.959116232883183,1.330942845004942
NAR040618025,NAR,CJF_3,CJF,3,R,R-NAR040618025,10,6,1.0407232328935705,1.330942845004942
NAR040618025,NAR,CJF_3,CJF,3,R,R-NAR040618025,10,7,1.1062896122152428,1.330942845004942
NAR040618025,NAR,CJF_3,CJF,3,R,R-NAR040618025,10,8,1.1720794064045883,1.330942845004942
NAR040618025,NAR,CJF_3,CJF,3,R,R-NAR040618025,10,9,1.2546012016725947,1.330942845004942
NAR040618025,NAR,CJF_3,CJF,3,R,R-NAR040618025,10,10,1.330942845004942,1.330942845004942
NAR040618025,NAR,JRS_1,JRS,1,R,R-NAR040618025,9,1,0.3805565799739095,1.3543183243368415
NAR040618025,NAR,JRS_1,JRS,1,R,R-NAR040618025,9,2,0.6471845668144143,1.3543183243368415
NAR040618025,NAR,JRS_1,JRS,1,R,R-NAR040618025,9,3,0.804246420311773,1.3543183243368415
NAR040618025,NAR,JRS_1,JRS,1,R,R-NAR040618025,9,4,0.9018729770896761,1.3543183243368415
NAR040618025,NAR,JRS_1,JRS,1,R,R-NAR040618025,9,5,0.9811419215578467,1.3543183243368415
NAR040618025,NAR,JRS_1,JRS,1,R,R-NAR040618025,9,6,1.0515546533921203,1.3543183243368415
NAR040618025,NAR,JRS_1,JRS,1,R,R-NAR040618025,9,7,1.1109899501115752,1.3543183243368415
NAR040618025,NAR,JRS_1,JRS,1,R,R-NAR040618025,9,8,1.1991807537403338,1.3543183243368415
NAR040618025,NAR,JRS_1,JRS,1,R,R-NAR040618025,9,9,1.2814674156131605,1.3543183243368415
NAR040618026,NAR,CJF_1,CJF,1,R,R-NAR040618026,3,1,0.39815575739082837,0.8138986292672057
NAR040618026,NAR,CJF_1,CJF,1,R,R-NAR040618026,3,2,0.6491640711890168,0.8138986292672057
NAR040618026,NAR,CJF_1,CJF,1,R,R-NAR040618026,3,3,0.8138986292672057,0.8138986292672057
NAR040618026,NAR,CJF_2,CJF,2,R,R-NAR040618026,3,1,0.3947204883050437,0.8196514386506686
NAR040618026,NAR,CJF_2,CJF,2,R,R-NAR040618026,3,2,0.666002181652112,0.8196514386506686
NAR040618026,NAR,CJF_2,CJF,2,R,R-NAR040618026,3,3,0.8196514386506686,0.8196514386506686
NAR040618026,NAR,CJF_3,CJF,3,R,R-NAR040618026,3,1,0.40540895849957065,0.8085812550237859
NAR040618026,NAR,CJF_3,CJF,3,R,R-NAR040618026,3,2,0.657228123487646,0.8085812550237859
NAR040618026,NAR,CJF_3,CJF,3,R,R-NAR040618026,3,3,0.8085812550237859,0.8085812550237859
NAR040618026,NAR,JRS_1,JRS,1,R,R-NAR040618026,2,1,0.34569680215189935,0.7680795415453789
NAR040618026,NAR,JRS_1,JRS,1,R,R-NAR040618026,2,2,0.5985286762744524,0.7680795415453789
NAR040618027,NAR,CJF_1,CJF,1,R,R-NAR040618027,4,1,0.45181369596653936,0.9387197588082469
NAR040618027,NAR,CJF_1,CJF,1,R,R-NAR040618027,4,2,0.6569482079687071,0.9387197588082469
NAR040618027,NAR,CJF_1,CJF,1,R,R-NAR040618027,4,3,0.7942891784776258,0.9387197588082469
NAR040618027,NAR,CJF_1,CJF,1,R,R-NAR040618027,4,4,0.9387197588082469,0.9387197588082469
NAR040618027,NAR,CJF_2,CJF,2,R,R-NAR040618027,4,1,0.32686462487898293,0.942607869914497
NAR040618027,NAR,CJF_2,CJF,2,R,R-NAR040618027,4,2,0.6324101018798993,0.942607869914497
NAR040618027,NAR,CJF_2,CJF,2,R,R-NAR040618027,4,3,0.7916757001082945,0.942607869914497
NAR040618027,NAR,CJF_2,CJF,2,R,R-NAR040618027,4,4,0.942607869914497,0.942607869914497
NAR040618027,NAR,CJF_3,CJF,3,R,R-NAR040618027,4,1,0.36824482525800084,0.9613369714416441
NAR040618027,NAR,CJF_3,CJF,3,R,R-NAR040618027,4,2,0.6653621532164682,0.9613369714416441
NAR040618027,NAR,CJF_3,CJF,3,R,R-NAR040618027,4,3,0.8212259040895719,0.9613369714416441
NAR040618027,NAR,CJF_3,CJF,3,R,R-NAR040618027,4,4,0.9613369714416441,0.9613369714416441
NAR040618027,NAR,JRS_1,JRS,1,R,R-NAR040618027,3,1,0.3662741300830447,0.9407932213537584
NAR040618027,NAR,JRS_1,JRS,1,R,R-NAR040618027,3,2,0.6427096792247293,0.9407932213537584
NAR040618027,NAR,JRS_1,JRS,1,R,R-NAR040618027,3,3,0.81632021145713,0.9407932213537584
NAR040618028,NAR,CJF_1,CJF,1,R,R-NAR040618028,10,1,0.4549279053448325,1.30291926659096
NAR040618028,NAR,CJF_1,CJF,1,R,R-NAR040618028,10,2,0.6269134920061216,1.30291926659096
NAR040618028,NAR,CJF_1,CJF,1,R,R-NAR040618028,10,3,0.7482225569539771,1.30291926659096
NAR040618028,NAR,CJF_1,CJF,1,R,R-NAR040618028,10,4,0.8423973973810748,1.30291926659096
NAR040618028,NAR,CJF_1,CJF,1,R,R-NAR040618028,10,5,0.9313960713453713,1.30291926659096
NAR040618028,NAR,CJF_1,CJF,1,R,R-NAR040618028,10,6,1.0092068175795628,1.30291926659096
NAR040618028,NAR,CJF_1,CJF,1,R,R-NAR040618028,10,7,1.0663128979625518,1.30291926659096
NAR040618028,NAR,CJF_1,CJF,1,R,R-NAR040618028,10,8,1.1531412860977002,1.30291926659096
NAR040618028,NAR,CJF_1,CJF,1,R,R-NAR040618028,10,9,1.2261936632713424,1.30291926659096
NAR040618028,NAR,CJF_1,CJF,1,R,R-NAR040618028,10,10,1.30291926659096,1.30291926659096
NAR040618028,NAR,CJF_2,CJF,2,R,R-NAR040618028,10,1,0.3575418838787636,1.2355218464129545
NAR040618028,NAR,CJF_2,CJF,2,R,R-NAR040618028,10,2,0.5538809010578521,1.2355218464129545
NAR040618028,NAR,CJF_2,CJF,2,R,R-NAR040618028,10,3,0.6860435501042387,1.2355218464129545
NAR040618028,NAR,CJF_2,CJF,2,R,R-NAR040618028,10,4,0.7818000978488155,1.2355218464129545
NAR040618028,NAR,CJF_2,CJF,2,R,R-NAR040618028,10,5,0.8620628716146338,1.2355218464129545
NAR040618028,NAR,CJF_2,CJF,2,R,R-NAR040618028,10,6,0.9282711972514472,1.2355218464129545
NAR040618028,NAR,CJF_2,CJF,2,R,R-NAR040618028,10,7,1.0154765377249886,1.2355218464129545
NAR040618028,NAR,CJF_2,CJF,2,R,R-NAR040618028,10,8,1.0883734278422859,1.2355218464129545
NAR040618028,NAR,CJF_2,CJF,2,R,R-NAR040618028,10,9,1.1642335968589692,1.2355218464129545
NAR040618028,NAR,CJF_2,CJF,2,R,R-NAR040618028,10,10,1.2355218464129545,1.2355218464129545
NAR040618028,NAR,CJF_3,CJF,3,R,R-NAR040618028,10,1,0.40008129900836104,1.2877709259951595
NAR040618028,NAR,CJF_3,CJF,3,R,R-NAR040618028,10,2,0.6106509758718637,1.2877709259951595
NAR040618028,NAR,CJF_3,CJF,3,R,R-NAR040618028,10,3,0.7367984580867973,1.2877709259951595
NAR040618028,NAR,CJF_3,CJF,3,R,R-NAR040618028,10,4,0.8294685482970547,1.2877709259951595
NAR040618028,NAR,CJF_3,CJF,3,R,R-NAR040618028,10,5,0.9216528287493937,1.2877709259951595
NAR040618028,NAR,CJF_3,CJF,3,R,R-NAR040618028,10,6,0.982931247817147,1.2877709259951595
NAR040618028,NAR,CJF_3,CJF,3,R,R-NAR040618028,10,7,1.0555149028245996,1.2877709259951595
NAR040618028,NAR,CJF_3,CJF,3,R,R-NAR040618028,10,8,1.1451276526568472,1.2877709259951595
NAR040618028,NAR,CJF_3,CJF,3,R,R-NAR040618028,10,9,1.2172254979063806,1.2877709259951595
NAR040618028,NAR,CJF_3,CJF,3,R,R-NAR040618028,10,10,1.2877709259951595,1.2877709259951595
NAR040618028,NAR,JRS_1,JRS,1,R,R-NAR040618028,9,1,0.34157311770528737,1.1685413460423713
NAR040618028,NAR,JRS_1,JRS,1,R,R-NAR040618028,9,2,0.49023401207160067,1.1685413460423713
NAR040618028,NAR,JRS_1,JRS,1,R,R-NAR040618028,9,3,0.6043223210294696,1.1685413460423713
NAR040618028,NAR,JRS_1,JRS,1,R,R-NAR040618028,9,4,0.7204851168076916,1.1685413460423713
NAR040618028,NAR,JRS_1,JRS,1,R,R-NAR040618028,9,5,0.8000008403571173,1.1685413460423713
NAR040618028,NAR,JRS_1,JRS,1,R,R-NAR040618028,9,6,0.8781338862545122,1.1685413460423713
NAR040618028,NAR,JRS_1,JRS,1,R,R-NAR040618028,9,7,0.9458954387347572,1.1685413460423713
NAR040618028,NAR,JRS_1,JRS,1,R,R-NAR040618028,9,8,1.037858083206296,1.1685413460423713
NAR040618028,NAR,JRS_1,JRS,1,R,R-NAR040618028,9,9,1.1146084514516597,1.1685413460423713
NAR040618029,NAR,CJF_1,CJF,1,R,R-NAR040618029,4,1,0.3631503598187189,0.9208783958303709
NAR040618029,NAR,CJF_1,CJF,1,R,R-NAR040618029,4,2,0.5913765512085342,0.9208783958303709
NAR040618029,NAR,CJF_1,CJF,1,R,R-NAR040618029,4,3,0.7731167849385804,0.9208783958303709
NAR040618029,NAR,CJF_1,CJF,1,R,R-NAR040618029,4,4,0.9208783958303709,0.9208783958303709
NAR040618029,NAR,CJF_2,CJF,2,R,R-NAR040618029,4,1,0.4026613345911272,0.9615181123922747
NAR040618029,NAR,CJF_2,CJF,2,R,R-NAR040618029,4,2,0.6494356233736784,0.9615181123922747
NAR040618029,NAR,CJF_2,CJF,2,R,R-NAR040618029,4,3,0.8217585695379869,0.9615181123922747
NAR040618029,NAR,CJF_2,CJF,2,R,R-NAR040618029,4,4,0.9615181123922747,0.9615181123922747
NAR040618029,NAR,CJF_3,CJF,3,R,R-NAR040618029,4,1,0.41979008973918347,0.9730205058690921
NAR040618029,NAR,CJF_3,CJF,3,R,R-NAR040618029,4,2,0.6534286668261622,0.9730205058690921
NAR040618029,NAR,CJF_3,CJF,3,R,R-NAR040618029,4,3,0.8319825780677492,0.9730205058690921
NAR040618029,NAR,CJF_3,CJF,3,R,R-NAR040618029,4,4,0.9730205058690921,0.9730205058690921
NAR040618029,NAR,JRS_1,JRS,1,R,R-NAR040618029,3,1,0.40306209610476623,0.9341726951400061
NAR040618029,NAR,JRS_1,JRS,1,R,R-NAR040618029,3,2,0.6289276829936811,0.9341726951400061
NAR040618029,NAR,JRS_1,JRS,1,R,R-NAR040618029,3,3,0.8011136058585318,0.9341726951400061
NAR040618030,NAR,JRS_1,JRS,1,R,R-NAR040618030,2,1,0.3334499885636493,0.624877030899275
NAR040618030,NAR,JRS_1,JRS,1,R,R-NAR040618030,2,2,0.5123307163811985,0.624877030899275
NAR040618030,NAR,NGA_1,NGA,1,R,R-NAR040618030,3,1,0.3443544892399222,0.775901815971263
NAR040618030,NAR,NGA_1,NGA,1,R,R-NAR040618030,3,2,0.6341268063490675,0.775901815971263
NAR040618030,NAR,NGA_1,NGA,1,R,R-NAR040618030,3,3,0.775901815971263,0.775901815971263
NAR040618030,NAR,NGA_2,NGA,2,R,R-NAR040618030,3,1,0.3510049320912432,0.7103543154591289
NAR040618030,NAR,NGA_2,NGA,2,R,R-NAR040618030,3,2,0.6242391625115089,0.7103543154591289
NAR040618030,NAR,NGA_2,NGA,2,R,R-NAR040618030,3,3,0.7103543154591289,0.7103543154591289
NAR061119001,NAR,CJF_1,CJF,1,R,R-NAR061119001,5,1,0.5543466198692973,1.134945761762415
NAR061119001,NAR,CJF_1,CJF,1,R,R-NAR061119001,5,2,0.735831411350185,1.134945761762415
NAR061119001,NAR,CJF_1,CJF,1,R,R-NAR061119001,5,3,0.8988633419915368,1.134945761762415
NAR061119001,NAR,CJF_1,CJF,1,R,R-NAR061119001,5,4,1.019377613233634,1.134945761762415
NAR061119001,NAR,CJF_1,CJF,1,R,R-NAR061119001,5,5,1.1168733780371882,1.134945761762415
NAR061119001,NAR,CJF_2,CJF,2,R,R-NAR061119001,5,1,0.48612910630466644,1.0660743826330332
NAR061119001,NAR,CJF_2,CJF,2,R,R-NAR061119001,5,2,0.6713509075211522,1.0660743826330332
NAR061119001,NAR,CJF_2,CJF,2,R,R-NAR061119001,5,3,0.8300175672067558,1.0660743826330332
NAR061119001,NAR,CJF_2,CJF,2,R,R-NAR061119001,5,4,0.970890619219144,1.0660743826330332
NAR061119001,NAR,CJF_2,CJF,2,R,R-NAR061119001,5,5,1.0508536377654631,1.0660743826330332
NAR061119001,NAR,CJF_3,CJF,3,R,R-NAR061119001,5,1,0.48587081987496994,1.0708918525109774
NAR061119001,NAR,CJF_3,CJF,3,R,R-NAR061119001,5,2,0.6787358519897493,1.0708918525109774
NAR061119001,NAR,CJF_3,CJF,3,R,R-NAR061119001,5,3,0.8285569441492363,1.0708918525109774
NAR061119001,NAR,CJF_3,CJF,3,R,R-NAR061119001,5,4,0.9618179241373642,1.0708918525109774
NAR061119001,NAR,CJF_3,CJF,3,R,R-NAR061119001,5,5,1.0569442069097088,1.0708918525109774
NAR061119001,NAR,JRS_1,JRS,1,R,R-NAR061119001,4,1,0.3978962421064566,1.0600109666154292
NAR061119001,NAR,JRS_1,JRS,1,R,R-NAR061119001,4,2,0.6688421311794912,1.0600109666154292
NAR061119001,NAR,JRS_1,JRS,1,R,R-NAR061119001,4,3,0.8197917402195148,1.0600109666154292
NAR061119001,NAR,JRS_1,JRS,1,R,R-NAR061119001,4,4,0.9552646847560324,1.0600109666154292
NAR061119001,NAR,LEL_1,LEL,1,R,R-NAR061119001,3,1,0.635237725699006,1.0487020102449711
NAR061119001,NAR,LEL_1,LEL,1,R,R-NAR061119001,3,2,0.7925029571478382,1.0487020102449711
NAR061119001,NAR,LEL_1,LEL,1,R,R-NAR061119001,3,3,0.9444102943161733,1.0487020102449711
NAR061119001,NAR,LSR_1,LSR,1,R,R-NAR061119001,4,1,0.5737302090624498,1.135363700207015
NAR061119001,NAR,LSR_1,LSR,1,R,R-NAR061119001,4,2,0.7445344838357235,1.135363700207015
NAR061119001,NAR,LSR_1,LSR,1,R,R-NAR061119001,4,3,0.9058716165820354,1.135363700207015
NAR061119001,NAR,LSR_1,LSR,1,R,R-NAR061119001,4,4,1.0375566305176525,1.135363700207015
NAR061119001,NAR,MJS_1,MJS,1,R,R-NAR061119001,4,1,0.5212826670112523,1.1154203720105011
NAR061119001,NAR,MJS_1,MJS,1,R,R-NAR061119001,4,2,0.7071977829074569,1.1154203720105011
NAR061119001,NAR,MJS_1,MJS,1,R,R-NAR061119001,4,3,0.8705493223992942,1.1154203720105011
NAR061119001,NAR,MJS_1,MJS,1,R,R-NAR061119001,4,4,1.0121341965126096,1.1154203720105011
NAR061119002,NAR,CJF_1,CJF,1,R,R-NAR061119002,2,1,0.702319356816942,0.8461881815109568
NAR061119002,NAR,CJF_1,CJF,1,R,R-NAR061119002,2,2,0.8145652156441735,0.8461881815109568
NAR061119002,NAR,CJF_2,CJF,2,R,R-NAR061119002,2,1,0.6314906521721092,0.7816513766300276
NAR061119002,NAR,CJF_2,CJF,2,R,R-NAR061119002,2,2,0.7567454108261961,0.7816513766300276
NAR061119002,NAR,CJF_3,CJF,3,R,R-NAR061119002,2,1,0.5916848888064663,0.7444304256457976
NAR061119002,NAR,CJF_3,CJF,3,R,R-NAR061119002,2,2,0.7263451531052734,0.7444304256457976
NAR061119002,NAR,LEL_1,LEL,1,R,R-NAR061119002,1,1,0.42820197319308795,0.4960016734566153
NAR061119002,NAR,LSR_1,LSR,1,R,R-NAR061119002,2,1,0.3249533014321425,0.46664366140852115
NAR061119002,NAR,LSR_1,LSR,1,R,R-NAR061119002,2,2,0.3996437929944277,0.46664366140852115
NAR061119002,NAR,MJS_1,MJS,1,R,R-NAR061119002,1,1,0.6446589754246234,0.7987208204212736
NAR061119003,NAR,CJF_1,CJF,1,R,R-NAR061119003,3,1,0.5145617181498112,0.8837870555790351
NAR061119003,NAR,CJF_1,CJF,1,R,R-NAR061119003,3,2,0.7197187498459868,0.8837870555790351
NAR061119003,NAR,CJF_1,CJF,1,R,R-NAR061119003,3,3,0.8391239034850919,0.8837870555790351
NAR061119003,NAR,CJF_2,CJF,2,R,R-NAR061119003,3,1,0.5179384780113007,0.8784042958582541
NAR061119003,NAR,CJF_2,CJF,2,R,R-NAR061119003,3,2,0.7233864838934196,0.8784042958582541
NAR061119003,NAR,CJF_2,CJF,2,R,R-NAR061119003,3,3,0.8416424207791648,0.8784042958582541
NAR061119003,NAR,CJF_3,CJF,3,R,R-NAR061119003,3,1,0.5437290481950797,0.8978085362801171
NAR061119003,NAR,CJF_3,CJF,3,R,R-NAR061119003,3,2,0.7342312770145406,0.8978085362801171
NAR061119003,NAR,CJF_3,CJF,3,R,R-NAR061119003,3,3,0.8556589221000143,0.8978085362801171
NAR061119003,NAR,JRS_1,JRS,1,R,R-NAR061119003,3,1,0.3707221831062551,0.9082735752325269
NAR061119003,NAR,JRS_1,JRS,1,R,R-NAR061119003,3,2,0.5644003556320585,0.9082735752325269
NAR061119003,NAR,JRS_1,JRS,1,R,R-NAR061119003,3,3,0.7840641229197204,0.9082735752325269
NAR061119003,NAR,LEL_1,LEL,1,R,R-NAR061119003,2,1,0.24685972451949786,0.7749299975285612
NAR061119003,NAR,LEL_1,LEL,1,R,R-NAR061119003,2,2,0.4806105492934204,0.7749299975285612
NAR061119003,NAR,LSR_1,LSR,1,R,R-NAR061119003,2,1,0.3356260197010939,0.5427790013721847
NAR061119003,NAR,LSR_1,LSR,1,R,R-NAR061119003,2,2,0.4630708817407656,0.5427790013721847
NAR061119003,NAR,MJS_1,MJS,1,R,R-NAR061119003,2,1,0.3874610810810145,0.6033233688659096
NAR061119003,NAR,MJS_1,MJS,1,R,R-NAR061119003,2,2,0.5234576725263188,0.6033233688659096
NAR061119004,NAR,CJF_1,CJF,1,R,R-NAR061119004,1,1,0.7056016601467221,0.7376407493046382
NAR061119004,NAR,CJF_2,CJF,2,R,R-NAR061119004,2,1,0.526000016751743,0.7063726338348302
NAR061119004,NAR,CJF_2,CJF,2,R,R-NAR061119004,2,2,0.6723386560331228,0.7063726338348302
NAR061119004,NAR,CJF_3,CJF,3,R,R-NAR061119004,2,1,0.4961196899831722,0.6719648717437662
NAR061119004,NAR,CJF_3,CJF,3,R,R-NAR061119004,2,2,0.6415431486112303,0.6719648717437662
NAR061119004,NAR,JRS_1,JRS,1,R,R-NAR061119004,2,1,0.39677499983450754,0.6607820848611857
NAR061119004,NAR,JRS_1,JRS,1,R,R-NAR061119004,2,2,0.5039706649194193,0.6607820848611857
NAR061119004,NAR,LEL_1,LEL,1,R,R-NAR061119004,1,1,0.4077860116950787,0.4836329452297168
NAR061119004,NAR,LSR_1,LSR,1,R,R-NAR061119004,2,1,0.40298530418563683,0.6494491985269104
NAR061119004,NAR,LSR_1,LSR,1,R,R-NAR061119004,2,2,0.5028117257620142,0.6494491985269104
NAR061119004,NAR,MJS_1,MJS,1,R,R-NAR061119004,1,1,0.5416867716990431,0.6994835284865866
NAR061119005,NAR,CJF_1,CJF,1,R,R-NAR061119005,3,1,0.5403794672383215,0.9465510883701272
NAR061119005,NAR,CJF_1,CJF,1,R,R-NAR061119005,3,2,0.7790520815960298,0.9465510883701272
NAR061119005,NAR,CJF_1,CJF,1,R,R-NAR061119005,3,3,0.9262599889193005,0.9465510883701272
NAR061119005,NAR,CJF_2,CJF,2,R,R-NAR061119005,3,1,0.45963592922127616,0.8418474149476993
NAR061119005,NAR,CJF_2,CJF,2,R,R-NAR061119005,3,2,0.6862713570946609,0.8418474149476993
NAR061119005,NAR,CJF_2,CJF,2,R,R-NAR061119005,3,3,0.8315726338726078,0.8418474149476993
NAR061119005,NAR,CJF_3,CJF,3,R,R-NAR061119005,3,1,0.4804185872365153,0.8739830351169454
NAR061119005,NAR,CJF_3,CJF,3,R,R-NAR061119005,3,2,0.7143289893932143,0.8739830351169454
NAR061119005,NAR,CJF_3,CJF,3,R,R-NAR061119005,3,3,0.8630137354228851,0.8739830351169454
NAR061119005,NAR,JRS_1,JRS,1,R,R-NAR061119005,2,1,0.5233124413993745,0.9139038082314792
NAR061119005,NAR,JRS_1,JRS,1,R,R-NAR061119005,2,2,0.7651900129021794,0.9139038082314792
NAR061119005,NAR,LEL_1,LEL,1,R,R-NAR061119005,2,1,0.34148405471830257,0.5518286662749867
NAR061119005,NAR,LEL_1,LEL,1,R,R-NAR061119005,2,2,0.48469534726098684,0.5518286662749867
NAR061119005,NAR,LSR_1,LSR,1,R,R-NAR061119005,2,1,0.4135810855024081,0.6226461825303305
NAR061119005,NAR,LSR_1,LSR,1,R,R-NAR061119005,2,2,0.5326558662773542,0.6226461825303305
NAR061119005,NAR,MJS_1,MJS,1,R,R-NAR061119005,2,1,0.44792846067642816,0.8398837692667653
NAR061119005,NAR,MJS_1,MJS,1,R,R-NAR061119005,2,2,0.6771048701027564,0.8398837692667653
NAR061119006,NAR,CJF_1,CJF,1,R,R-NAR061119006,5,1,0.5898374129336622,1.1271748104090458
NAR061119006,NAR,CJF_1,CJF,1,R,R-NAR061119006,5,2,0.7797217538264491,1.1271748104090458
NAR061119006,NAR,CJF_1,CJF,1,R,R-NAR061119006,5,3,0.8948053962062851,1.1271748104090458
NAR061119006,NAR,CJF_1,CJF,1,R,R-NAR061119006,5,4,0.9937827279708644,1.1271748104090458
NAR061119006,NAR,CJF_1,CJF,1,R,R-NAR061119006,5,5,1.1029466751711854,1.1271748104090458
NAR061119006,NAR,CJF_2,CJF,2,R,R-NAR061119006,5,1,0.5869365158217551,1.0962769205135559
NAR061119006,NAR,CJF_2,CJF,2,R,R-NAR061119006,5,2,0.77473665796856,1.0962769205135559
NAR061119006,NAR,CJF_2,CJF,2,R,R-NAR061119006,5,3,0.8965615575906676,1.0962769205135559
NAR061119006,NAR,CJF_2,CJF,2,R,R-NAR061119006,5,4,1.0082608717854884,1.0962769205135559
NAR061119006,NAR,CJF_2,CJF,2,R,R-NAR061119006,5,5,1.0843616997374728,1.0962769205135559
NAR061119006,NAR,CJF_3,CJF,3,R,R-NAR061119006,5,1,0.5902145844922269,1.1039707460805863
NAR061119006,NAR,CJF_3,CJF,3,R,R-NAR061119006,5,2,0.7796156675969085,1.1039707460805863
NAR061119006,NAR,CJF_3,CJF,3,R,R-NAR061119006,5,3,0.8964472307073177,1.1039707460805863
NAR061119006,NAR,CJF_3,CJF,3,R,R-NAR061119006,5,4,0.9971646457398771,1.1039707460805863
NAR061119006,NAR,CJF_3,CJF,3,R,R-NAR061119006,5,5,1.095889734765684,1.1039707460805863
NAR061119006,NAR,JRS_1,JRS,1,R,R-NAR061119006,4,1,0.5782199937294221,1.0896627517399058
NAR061119006,NAR,JRS_1,JRS,1,R,R-NAR061119006,4,2,0.7696970966639436,1.0896627517399058
NAR061119006,NAR,JRS_1,JRS,1,R,R-NAR061119006,4,3,0.8950248265183476,1.0896627517399058
NAR061119006,NAR,JRS_1,JRS,1,R,R-NAR061119006,4,4,0.9909203436453132,1.0896627517399058
NAR061119006,NAR,LEL_1,LEL,1,R,R-NAR061119006,4,1,0.6005304527280922,1.0791042201740277
NAR061119006,NAR,LEL_1,LEL,1,R,R-NAR061119006,4,2,0.7610976847450558,1.0791042201740277
NAR061119006,NAR,LEL_1,LEL,1,R,R-NAR061119006,4,3,0.8844933034811112,1.0791042201740277
NAR061119006,NAR,LEL_1,LEL,1,R,R-NAR061119006,4,4,0.9923627474737842,1.0791042201740277
NAR061119006,NAR,LSR_1,LSR,1,R,R-NAR061119006,4,1,0.34504675066818447,0.7043546724248507
NAR061119006,NAR,LSR_1,LSR,1,R,R-NAR061119006,4,2,0.4608014029216742,0.7043546724248507
NAR061119006,NAR,LSR_1,LSR,1,R,R-NAR061119006,4,3,0.562079190217913,0.7043546724248507
NAR061119006,NAR,LSR_1,LSR,1,R,R-NAR061119006,4,4,0.6298134089508476,0.7043546724248507
NAR061119006,NAR,MJS_1,MJS,1,R,R-NAR061119006,4,1,0.38561331377107727,0.736898864863385
NAR061119006,NAR,MJS_1,MJS,1,R,R-NAR061119006,4,2,0.5222501208978818,0.736898864863385
NAR061119006,NAR,MJS_1,MJS,1,R,R-NAR061119006,4,3,0.6221989710019331,0.736898864863385
NAR061119006,NAR,MJS_1,MJS,1,R,R-NAR061119006,4,4,0.6819617555146318,0.736898864863385
NAR061119007,NAR,CJF_1,CJF,1,R,R-NAR061119007,14,1,0.49998588500722235,1.5878376725140162
NAR061119007,NAR,CJF_1,CJF,1,R,R-NAR061119007,14,2,0.675199686977064,1.5878376725140162
NAR061119007,NAR,CJF_1,CJF,1,R,R-NAR061119007,14,3,0.8072922071945883,1.5878376725140162
NAR061119007,NAR,CJF_1,CJF,1,R,R-NAR061119007,14,4,0.9124563228842851,1.5878376725140162
NAR061119007,NAR,CJF_1,CJF,1,R,R-NAR061119007,14,5,0.9908749417556754,1.5878376725140162
NAR061119007,NAR,CJF_1,CJF,1,R,R-NAR061119007,14,6,1.053464008707912,1.5878376725140162
NAR061119007,NAR,CJF_1,CJF,1,R,R-NAR061119007,14,7,1.1528062041142704,1.5878376725140162
NAR061119007,NAR,CJF_1,CJF,1,R,R-NAR061119007,14,8,1.2128482587585998,1.5878376725140162
NAR061119007,NAR,CJF_1,CJF,1,R,R-NAR061119007,14,9,1.2938138899378975,1.5878376725140162
NAR061119007,NAR,CJF_1,CJF,1,R,R-NAR061119007,14,10,1.3705950548215717,1.5878376725140162
NAR061119007,NAR,CJF_1,CJF,1,R,R-NAR061119007,14,11,1.4475578823579138,1.5878376725140162
NAR061119007,NAR,CJF_1,CJF,1,R,R-NAR061119007,14,12,1.5035971333592875,1.5878376725140162
NAR061119007,NAR,CJF_1,CJF,1,R,R-NAR061119007,14,13,1.5452626237765563,1.5878376725140162
NAR061119007,NAR,CJF_1,CJF,1,R,R-NAR061119007,14,14,1.5661862003115241,1.5878376725140162
NAR061119007,NAR,CJF_2,CJF,2,R,R-NAR061119007,14,1,0.5503157304647804,1.635957773706946
NAR061119007,NAR,CJF_2,CJF,2,R,R-NAR061119007,14,2,0.741011429059356,1.635957773706946
NAR061119007,NAR,CJF_2,CJF,2,R,R-NAR061119007,14,3,0.8573080465321272,1.635957773706946
NAR061119007,NAR,CJF_2,CJF,2,R,R-NAR061119007,14,4,0.9630571536580628,1.635957773706946
NAR061119007,NAR,CJF_2,CJF,2,R,R-NAR061119007,14,5,1.0503252840389055,1.635957773706946
NAR061119007,NAR,CJF_2,CJF,2,R,R-NAR061119007,14,6,1.1322739919700657,1.635957773706946
NAR061119007,NAR,CJF_2,CJF,2,R,R-NAR061119007,14,7,1.2116086559526498,1.635957773706946
NAR061119007,NAR,CJF_2,CJF,2,R,R-NAR061119007,14,8,1.2879454363977552,1.635957773706946
NAR061119007,NAR,CJF_2,CJF,2,R,R-NAR061119007,14,9,1.3421270119350113,1.635957773706946
NAR061119007,NAR,CJF_2,CJF,2,R,R-NAR061119007,14,10,1.4270736034036513,1.635957773706946
NAR061119007,NAR,CJF_2,CJF,2,R,R-NAR061119007,14,11,1.500119995274903,1.635957773706946
NAR061119007,NAR,CJF_2,CJF,2,R,R-NAR061119007,14,12,1.5645565761226201,1.635957773706946
NAR061119007,NAR,CJF_2,CJF,2,R,R-NAR061119007,14,13,1.5986119806278567,1.635957773706946
NAR061119007,NAR,CJF_2,CJF,2,R,R-NAR061119007,14,14,1.6240575741095584,1.635957773706946
NAR061119007,NAR,CJF_3,CJF,3,R,R-NAR061119007,15,1,0.3804090616025941,1.5969229641561224
NAR061119007,NAR,CJF_3,CJF,3,R,R-NAR061119007,15,2,0.5175610146949867,1.5969229641561224
NAR061119007,NAR,CJF_3,CJF,3,R,R-NAR061119007,15,3,0.6958731888435585,1.5969229641561224
NAR061119007,NAR,CJF_3,CJF,3,R,R-NAR061119007,15,4,0.8300703466833463,1.5969229641561224
NAR061119007,NAR,CJF_3,CJF,3,R,R-NAR061119007,15,5,0.9279141876329966,1.5969229641561224
NAR061119007,NAR,CJF_3,CJF,3,R,R-NAR061119007,15,6,1.0272354262089494,1.5969229641561224
NAR061119007,NAR,CJF_3,CJF,3,R,R-NAR061119007,15,7,1.1077037594078711,1.5969229641561224
NAR061119007,NAR,CJF_3,CJF,3,R,R-NAR061119007,15,8,1.174864790208954,1.5969229641561224
NAR061119007,NAR,CJF_3,CJF,3,R,R-NAR061119007,15,9,1.2363553142684665,1.5969229641561224
NAR061119007,NAR,CJF_3,CJF,3,R,R-NAR061119007,15,10,1.3191646476692196,1.5969229641561224
NAR061119007,NAR,CJF_3,CJF,3,R,R-NAR061119007,15,11,1.3878030760966054,1.5969229641561224
NAR061119007,NAR,CJF_3,CJF,3,R,R-NAR061119007,15,12,1.4595212035389733,1.5969229641561224
NAR061119007,NAR,CJF_3,CJF,3,R,R-NAR061119007,15,13,1.5069657263874958,1.5969229641561224
NAR061119007,NAR,CJF_3,CJF,3,R,R-NAR061119007,15,14,1.5558876468623213,1.5969229641561224
NAR061119007,NAR,CJF_3,CJF,3,R,R-NAR061119007,15,15,1.5913773611769302,1.5969229641561224
NAR061119007,NAR,JRS_1,JRS,1,R,R-NAR061119007,12,1,0.6076146514224362,1.6628379137212461
NAR061119007,NAR,JRS_1,JRS,1,R,R-NAR061119007,12,2,0.7635131643944238,1.6628379137212461
NAR061119007,NAR,JRS_1,JRS,1,R,R-NAR061119007,12,3,0.8995367852177569,1.6628379137212461
NAR061119007,NAR,JRS_1,JRS,1,R,R-NAR061119007,12,4,0.9861912295058546,1.6628379137212461
NAR061119007,NAR,JRS_1,JRS,1,R,R-NAR061119007,12,5,1.067519206972115,1.6628379137212461
NAR061119007,NAR,JRS_1,JRS,1,R,R-NAR061119007,12,6,1.1496686899531905,1.6628379137212461
NAR061119007,NAR,JRS_1,JRS,1,R,R-NAR061119007,12,7,1.234070653587778,1.6628379137212461
NAR061119007,NAR,JRS_1,JRS,1,R,R-NAR061119007,12,8,1.299419230588525,1.6628379137212461
NAR061119007,NAR,JRS_1,JRS,1,R,R-NAR061119007,12,9,1.367841793757599,1.6628379137212461
NAR061119007,NAR,JRS_1,JRS,1,R,R-NAR061119007,12,10,1.4553177435605122,1.6628379137212461
NAR061119007,NAR,JRS_1,JRS,1,R,R-NAR061119007,12,11,1.5313192542049356,1.6628379137212461
NAR061119007,NAR,JRS_1,JRS,1,R,R-NAR061119007,12,12,1.608142270364173,1.6628379137212461
NAR061119007,NAR,LEL_1,LEL,1,R,R-NAR061119007,10,1,0.7048035714821999,1.5484971423016893
NAR061119007,NAR,LEL_1,LEL,1,R,R-NAR061119007,10,2,0.8287246802506321,1.5484971423016893
NAR061119007,NAR,LEL_1,LEL,1,R,R-NAR061119007,10,3,0.9296186272635135,1.5484971423016893
NAR061119007,NAR,LEL_1,LEL,1,R,R-NAR061119007,10,4,1.0176001215170518,1.5484971423016893
NAR061119007,NAR,LEL_1,LEL,1,R,R-NAR061119007,10,5,1.091172273954361,1.5484971423016893
NAR061119007,NAR,LEL_1,LEL,1,R,R-NAR061119007,10,6,1.165863523896923,1.5484971423016893
NAR061119007,NAR,LEL_1,LEL,1,R,R-NAR061119007,10,7,1.2296987588896566,1.5484971423016893
NAR061119007,NAR,LEL_1,LEL,1,R,R-NAR061119007,10,8,1.2965277719961608,1.5484971423016893
NAR061119007,NAR,LEL_1,LEL,1,R,R-NAR061119007,10,9,1.3715968134903547,1.5484971423016893
NAR061119007,NAR,LEL_1,LEL,1,R,R-NAR061119007,10,10,1.450778730603575,1.5484971423016893
NAR061119007,NAR,LSR_1,LSR,1,R,R-NAR061119007,10,1,0.7326093560254932,1.637212030543686
NAR061119007,NAR,LSR_1,LSR,1,R,R-NAR061119007,10,2,0.8569920074382882,1.637212030543686
NAR061119007,NAR,LSR_1,LSR,1,R,R-NAR061119007,10,3,0.9551879266233104,1.637212030543686
NAR061119007,NAR,LSR_1,LSR,1,R,R-NAR061119007,10,4,1.0474346757579083,1.637212030543686
NAR061119007,NAR,LSR_1,LSR,1,R,R-NAR061119007,10,5,1.129562643803831,1.637212030543686
NAR061119007,NAR,LSR_1,LSR,1,R,R-NAR061119007,10,6,1.1980040593984764,1.637212030543686
NAR061119007,NAR,LSR_1,LSR,1,R,R-NAR061119007,10,7,1.2616826776174799,1.637212030543686
NAR061119007,NAR,LSR_1,LSR,1,R,R-NAR061119007,10,8,1.337861475612979,1.637212030543686
NAR061119007,NAR,LSR_1,LSR,1,R,R-NAR061119007,10,9,1.4176080449710817,1.637212030543686
NAR061119007,NAR,LSR_1,LSR,1,R,R-NAR061119007,10,10,1.4914054442787597,1.637212030543686
NAR061119007,NAR,MJS_1,MJS,1,R,R-NAR061119007,12,1,0.5747888899300703,1.6536782671460672
NAR061119007,NAR,MJS_1,MJS,1,R,R-NAR061119007,12,2,0.7266442291231818,1.6536782671460672
NAR061119007,NAR,MJS_1,MJS,1,R,R-NAR061119007,12,3,0.8663806135019612,1.6536782671460672
NAR061119007,NAR,MJS_1,MJS,1,R,R-NAR061119007,12,4,0.9669228474003317,1.6536782671460672
NAR061119007,NAR,MJS_1,MJS,1,R,R-NAR061119007,12,5,1.057430103175482,1.6536782671460672
NAR061119007,NAR,MJS_1,MJS,1,R,R-NAR061119007,12,6,1.1395428017369205,1.6536782671460672
NAR061119007,NAR,MJS_1,MJS,1,R,R-NAR061119007,12,7,1.207896124574519,1.6536782671460672
NAR061119007,NAR,MJS_1,MJS,1,R,R-NAR061119007,12,8,1.282308924819283,1.6536782671460672
NAR061119007,NAR,MJS_1,MJS,1,R,R-NAR061119007,12,9,1.3490218267473728,1.6536782671460672
NAR061119007,NAR,MJS_1,MJS,1,R,R-NAR061119007,12,10,1.4304398664117743,1.6536782671460672
NAR061119007,NAR,MJS_1,MJS,1,R,R-NAR061119007,12,11,1.4964581094428269,1.6536782671460672
NAR061119007,NAR,MJS_1,MJS,1,R,R-NAR061119007,12,12,1.577625045991794,1.6536782671460672
NAR061119008,NAR,CJF_1,CJF,1,R,R-NAR061119008,15,1,0.49508829740618365,1.555296792677197
NAR061119008,NAR,CJF_1,CJF,1,R,R-NAR061119008,15,2,0.6273325958742044,1.555296792677197
NAR061119008,NAR,CJF_1,CJF,1,R,R-NAR061119008,15,3,0.7611051169178822,1.555296792677197
NAR061119008,NAR,CJF_1,CJF,1,R,R-NAR061119008,15,4,0.8595369715932828,1.555296792677197
NAR061119008,NAR,CJF_1,CJF,1,R,R-NAR061119008,15,5,0.9484427116727706,1.555296792677197
NAR061119008,NAR,CJF_1,CJF,1,R,R-NAR061119008,15,6,1.0114064788577604,1.555296792677197
NAR061119008,NAR,CJF_1,CJF,1,R,R-NAR061119008,15,7,1.0736188768671355,1.555296792677197
NAR061119008,NAR,CJF_1,CJF,1,R,R-NAR061119008,15,8,1.1507443948238636,1.555296792677197
NAR061119008,NAR,CJF_1,CJF,1,R,R-NAR061119008,15,9,1.2066400287351986,1.555296792677197
NAR061119008,NAR,CJF_1,CJF,1,R,R-NAR061119008,15,10,1.256218898548493,1.555296792677197
NAR061119008,NAR,CJF_1,CJF,1,R,R-NAR061119008,15,11,1.315247430284421,1.555296792677197
NAR061119008,NAR,CJF_1,CJF,1,R,R-NAR061119008,15,12,1.3837001397185567,1.555296792677197
NAR061119008,NAR,CJF_1,CJF,1,R,R-NAR061119008,15,13,1.462404848699795,1.555296792677197
NAR061119008,NAR,CJF_1,CJF,1,R,R-NAR061119008,15,14,1.5002034963903308,1.555296792677197
NAR061119008,NAR,CJF_1,CJF,1,R,R-NAR061119008,15,15,1.5245917624847436,1.555296792677197
NAR061119008,NAR,CJF_2,CJF,2,R,R-NAR061119008,15,1,0.45842279866700303,1.5459053169474868
NAR061119008,NAR,CJF_2,CJF,2,R,R-NAR061119008,15,2,0.6234851242896549,1.5459053169474868
NAR061119008,NAR,CJF_2,CJF,2,R,R-NAR061119008,15,3,0.7397701751408281,1.5459053169474868
NAR061119008,NAR,CJF_2,CJF,2,R,R-NAR061119008,15,4,0.8342865876047804,1.5459053169474868
NAR061119008,NAR,CJF_2,CJF,2,R,R-NAR061119008,15,5,0.9273536574019776,1.5459053169474868
NAR061119008,NAR,CJF_2,CJF,2,R,R-NAR061119008,15,6,0.9995997526445247,1.5459053169474868
NAR061119008,NAR,CJF_2,CJF,2,R,R-NAR061119008,15,7,1.0633725672297356,1.5459053169474868
NAR061119008,NAR,CJF_2,CJF,2,R,R-NAR061119008,15,8,1.1198706044072735,1.5459053169474868
NAR061119008,NAR,CJF_2,CJF,2,R,R-NAR061119008,15,9,1.197942134390739,1.5459053169474868
NAR061119008,NAR,CJF_2,CJF,2,R,R-NAR061119008,15,10,1.2410891200025933,1.5459053169474868
NAR061119008,NAR,CJF_2,CJF,2,R,R-NAR061119008,15,11,1.28961555535698,1.5459053169474868
NAR061119008,NAR,CJF_2,CJF,2,R,R-NAR061119008,15,12,1.3623076355979125,1.5459053169474868
NAR061119008,NAR,CJF_2,CJF,2,R,R-NAR061119008,15,13,1.4389855167504215,1.5459053169474868
NAR061119008,NAR,CJF_2,CJF,2,R,R-NAR061119008,15,14,1.5034551557511104,1.5459053169474868
NAR061119008,NAR,CJF_2,CJF,2,R,R-NAR061119008,15,15,1.525976312389608,1.5459053169474868
NAR061119008,NAR,CJF_3,CJF,3,R,R-NAR061119008,15,1,0.5511867024257179,1.6454595780515227
NAR061119008,NAR,CJF_3,CJF,3,R,R-NAR061119008,15,2,0.7227134987367418,1.6454595780515227
NAR061119008,NAR,CJF_3,CJF,3,R,R-NAR061119008,15,3,0.8404689382039916,1.6454595780515227
NAR061119008,NAR,CJF_3,CJF,3,R,R-NAR061119008,15,4,0.9317386765811311,1.6454595780515227
NAR061119008,NAR,CJF_3,CJF,3,R,R-NAR061119008,15,5,1.017256029382172,1.6454595780515227
NAR061119008,NAR,CJF_3,CJF,3,R,R-NAR061119008,15,6,1.0745956583888279,1.6454595780515227
NAR061119008,NAR,CJF_3,CJF,3,R,R-NAR061119008,15,7,1.1514484743961462,1.6454595780515227
NAR061119008,NAR,CJF_3,CJF,3,R,R-NAR061119008,15,8,1.2167246023921183,1.6454595780515227
NAR061119008,NAR,CJF_3,CJF,3,R,R-NAR061119008,15,9,1.2912292747499043,1.6454595780515227
NAR061119008,NAR,CJF_3,CJF,3,R,R-NAR061119008,15,10,1.3467847676751197,1.6454595780515227
NAR061119008,NAR,CJF_3,CJF,3,R,R-NAR061119008,15,11,1.4023402606003352,1.6454595780515227
NAR061119008,NAR,CJF_3,CJF,3,R,R-NAR061119008,15,12,1.4634841088653352,1.6454595780515227
NAR061119008,NAR,CJF_3,CJF,3,R,R-NAR061119008,15,13,1.5484374540982844,1.6454595780515227
NAR061119008,NAR,CJF_3,CJF,3,R,R-NAR061119008,15,14,1.5969485160749035,1.6454595780515227
NAR061119008,NAR,CJF_3,CJF,3,R,R-NAR061119008,15,15,1.6272384364233572,1.6454595780515227
NAR061119008,NAR,JRS_1,JRS,1,R,R-NAR061119008,13,1,0.5167903807861063,1.5659952282129612
NAR061119008,NAR,JRS_1,JRS,1,R,R-NAR061119008,13,2,0.6794348155336548,1.5659952282129612
NAR061119008,NAR,JRS_1,JRS,1,R,R-NAR061119008,13,3,0.7908096570338017,1.5659952282129612
NAR061119008,NAR,JRS_1,JRS,1,R,R-NAR061119008,13,4,0.9222059200720664,1.5659952282129612
NAR061119008,NAR,JRS_1,JRS,1,R,R-NAR061119008,13,5,0.9879040515911982,1.5659952282129612
NAR061119008,NAR,JRS_1,JRS,1,R,R-NAR061119008,13,6,1.0347763091551248,1.5659952282129612
NAR061119008,NAR,JRS_1,JRS,1,R,R-NAR061119008,13,7,1.0960771049907818,1.5659952282129612
NAR061119008,NAR,JRS_1,JRS,1,R,R-NAR061119008,13,8,1.1669832651281282,1.5659952282129612
NAR061119008,NAR,JRS_1,JRS,1,R,R-NAR061119008,13,9,1.23268139664726,1.5659952282129612
NAR061119008,NAR,JRS_1,JRS,1,R,R-NAR061119008,13,10,1.2763518661106232,1.5659952282129612
NAR061119008,NAR,JRS_1,JRS,1,R,R-NAR061119008,13,11,1.3348357284938908,1.5659952282129612
NAR061119008,NAR,JRS_1,JRS,1,R,R-NAR061119008,13,12,1.4129561577671021,1.5659952282129612
NAR061119008,NAR,JRS_1,JRS,1,R,R-NAR061119008,13,13,1.4890703465226625,1.5659952282129612
NAR061119008,NAR,LEL_1,LEL,1,R,R-NAR061119008,11,1,0.6443039515797616,1.5411293303680191
NAR061119008,NAR,LEL_1,LEL,1,R,R-NAR061119008,11,2,0.7770012784627907,1.5411293303680191
NAR061119008,NAR,LEL_1,LEL,1,R,R-NAR061119008,11,3,0.9064991642310722,1.5411293303680191
NAR061119008,NAR,LEL_1,LEL,1,R,R-NAR061119008,11,4,1.0004594577835524,1.5411293303680191
NAR061119008,NAR,LEL_1,LEL,1,R,R-NAR061119008,11,5,1.0792021298080707,1.5411293303680191
NAR061119008,NAR,LEL_1,LEL,1,R,R-NAR061119008,11,6,1.1263443432180127,1.5411293303680191
NAR061119008,NAR,LEL_1,LEL,1,R,R-NAR061119008,11,7,1.2075348000177009,1.5411293303680191
NAR061119008,NAR,LEL_1,LEL,1,R,R-NAR061119008,11,8,1.248395484856016,1.5411293303680191
NAR061119008,NAR,LEL_1,LEL,1,R,R-NAR061119008,11,9,1.2975579599689544,1.5411293303680191
NAR061119008,NAR,LEL_1,LEL,1,R,R-NAR061119008,11,10,1.3811962015438126,1.5411293303680191
NAR061119008,NAR,LEL_1,LEL,1,R,R-NAR061119008,11,11,1.4722811872489505,1.5411293303680191
NAR061119008,NAR,LSR_1,LSR,1,R,R-NAR061119008,12,1,0.6504994383698363,1.562949472453822
NAR061119008,NAR,LSR_1,LSR,1,R,R-NAR061119008,12,2,0.7736573978168814,1.562949472453822
NAR061119008,NAR,LSR_1,LSR,1,R,R-NAR061119008,12,3,0.8770185391753421,1.562949472453822
NAR061119008,NAR,LSR_1,LSR,1,R,R-NAR061119008,12,4,0.9593081362728255,1.562949472453822
NAR061119008,NAR,LSR_1,LSR,1,R,R-NAR061119008,12,5,1.029065381293394,1.562949472453822
NAR061119008,NAR,LSR_1,LSR,1,R,R-NAR061119008,12,6,1.0850155480646553,1.562949472453822
NAR061119008,NAR,LSR_1,LSR,1,R,R-NAR061119008,12,7,1.1607625329245024,1.562949472453822
NAR061119008,NAR,LSR_1,LSR,1,R,R-NAR061119008,12,8,1.2299669055467115,1.562949472453822
NAR061119008,NAR,LSR_1,LSR,1,R,R-NAR061119008,12,9,1.28519521854394,1.562949472453822
NAR061119008,NAR,LSR_1,LSR,1,R,R-NAR061119008,12,10,1.3687595418138157,1.562949472453822
NAR061119008,NAR,LSR_1,LSR,1,R,R-NAR061119008,12,11,1.4555951712025097,1.562949472453822
NAR061119008,NAR,LSR_1,LSR,1,R,R-NAR061119008,12,12,1.516260351640656,1.562949472453822
NAR061119008,NAR,MJS_1,MJS,1,R,R-NAR061119008,13,1,0.6637479731968735,1.6031553825513238
NAR061119008,NAR,MJS_1,MJS,1,R,R-NAR061119008,13,2,0.7674318319588136,1.6031553825513238
NAR061119008,NAR,MJS_1,MJS,1,R,R-NAR061119008,13,3,0.898182270954352,1.6031553825513238
NAR061119008,NAR,MJS_1,MJS,1,R,R-NAR061119008,13,4,0.9739686956084304,1.6031553825513238
NAR061119008,NAR,MJS_1,MJS,1,R,R-NAR061119008,13,5,1.045589503456517,1.6031553825513238
NAR061119008,NAR,MJS_1,MJS,1,R,R-NAR061119008,13,6,1.1209590827441291,1.6031553825513238
NAR061119008,NAR,MJS_1,MJS,1,R,R-NAR061119008,13,7,1.1796718685251153,1.6031553825513238
NAR061119008,NAR,MJS_1,MJS,1,R,R-NAR061119008,13,8,1.2412997350126949,1.6031553825513238
NAR061119008,NAR,MJS_1,MJS,1,R,R-NAR061119008,13,9,1.2954328954798935,1.6031553825513238
NAR061119008,NAR,MJS_1,MJS,1,R,R-NAR061119008,13,10,1.3437358945339062,1.6031553825513238
NAR061119008,NAR,MJS_1,MJS,1,R,R-NAR061119008,13,11,1.4049469156550194,1.6031553825513238
NAR061119008,NAR,MJS_1,MJS,1,R,R-NAR061119008,13,12,1.4611614660958785,1.6031553825513238
NAR061119008,NAR,MJS_1,MJS,1,R,R-NAR061119008,13,13,1.533615964676898,1.6031553825513238
NAR061119009,NAR,CJF_1,CJF,1,R,R-NAR061119009,4,1,0.6495123802128147,1.0481229432523245
NAR061119009,NAR,CJF_1,CJF,1,R,R-NAR061119009,4,2,0.8000629876758008,1.0481229432523245
NAR061119009,NAR,CJF_1,CJF,1,R,R-NAR061119009,4,3,0.9290900161559402,1.0481229432523245
NAR061119009,NAR,CJF_1,CJF,1,R,R-NAR061119009,4,4,1.0227943535420945,1.0481229432523245
NAR061119009,NAR,CJF_2,CJF,2,R,R-NAR061119009,5,1,0.43719840139672506,1.0023639873835948
NAR061119009,NAR,CJF_2,CJF,2,R,R-NAR061119009,5,2,0.6076743674893523,1.0023639873835948
NAR061119009,NAR,CJF_2,CJF,2,R,R-NAR061119009,5,3,0.755433916250523,1.0023639873835948
NAR061119009,NAR,CJF_2,CJF,2,R,R-NAR061119009,5,4,0.8800891403025719,1.0023639873835948
NAR061119009,NAR,CJF_2,CJF,2,R,R-NAR061119009,5,5,0.9882374943691745,1.0023639873835948
NAR061119009,NAR,CJF_3,CJF,3,R,R-NAR061119009,6,1,0.4261642658318745,0.9911909632536193
NAR061119009,NAR,CJF_3,CJF,3,R,R-NAR061119009,6,2,0.6077374315352765,0.9911909632536193
NAR061119009,NAR,CJF_3,CJF,3,R,R-NAR061119009,6,3,0.6891892086361476,0.9911909632536193
NAR061119009,NAR,CJF_3,CJF,3,R,R-NAR061119009,6,4,0.758037398852004,0.9911909632536193
NAR061119009,NAR,CJF_3,CJF,3,R,R-NAR061119009,6,5,0.8572285051222379,0.9911909632536193
NAR061119009,NAR,CJF_3,CJF,3,R,R-NAR061119009,6,6,0.9622498671832593,0.9911909632536193
NAR061119009,NAR,LEL_1,LEL,1,R,R-NAR061119009,3,1,0.6083345748858509,0.9847552147909981
NAR061119009,NAR,LEL_1,LEL,1,R,R-NAR061119009,3,2,0.756520253245721,0.9847552147909981
NAR061119009,NAR,LEL_1,LEL,1,R,R-NAR061119009,3,3,0.8673362736779829,0.9847552147909981
NAR061119009,NAR,LSR_1,LSR,1,R,R-NAR061119009,3,1,0.6840416944353437,1.0845845892038786
NAR061119009,NAR,LSR_1,LSR,1,R,R-NAR061119009,3,2,0.848602921349562,1.0845845892038786
NAR061119009,NAR,LSR_1,LSR,1,R,R-NAR061119009,3,3,0.9707484765184378,1.0845845892038786
NAR061119009,NAR,MJS_1,MJS,1,R,R-NAR061119009,3,1,0.7216663632074009,1.1344652886653983
NAR061119009,NAR,MJS_1,MJS,1,R,R-NAR061119009,3,2,0.894265963814441,1.1344652886653983
NAR061119009,NAR,MJS_1,MJS,1,R,R-NAR061119009,3,3,1.0163633332553736,1.1344652886653983
NAR061119010,NAR,CJF_1,CJF,1,R,R-NAR061119010,6,1,0.5497544610811769,1.1971748906192305
NAR061119010,NAR,CJF_1,CJF,1,R,R-NAR061119010,6,2,0.7386555876418625,1.1971748906192305
NAR061119010,NAR,CJF_1,CJF,1,R,R-NAR061119010,6,3,0.874005737905031,1.1971748906192305
NAR061119010,NAR,CJF_1,CJF,1,R,R-NAR061119010,6,4,0.9833914482120518,1.1971748906192305
NAR061119010,NAR,CJF_1,CJF,1,R,R-NAR061119010,6,5,1.081778832742032,1.1971748906192305
NAR061119010,NAR,CJF_1,CJF,1,R,R-NAR061119010,6,6,1.1779422143063645,1.1971748906192305
NAR061119010,NAR,CJF_2,CJF,2,R,R-NAR061119010,6,1,0.5391563367490902,1.1896312187573663
NAR061119010,NAR,CJF_2,CJF,2,R,R-NAR061119010,6,2,0.7225741176170921,1.1896312187573663
NAR061119010,NAR,CJF_2,CJF,2,R,R-NAR061119010,6,3,0.8638949475906097,1.1896312187573663
NAR061119010,NAR,CJF_2,CJF,2,R,R-NAR061119010,6,4,0.9971718900659591,1.1896312187573663
NAR061119010,NAR,CJF_2,CJF,2,R,R-NAR061119010,6,5,1.0847121945711409,1.1896312187573663
NAR061119010,NAR,CJF_2,CJF,2,R,R-NAR061119010,6,6,1.1661462623628303,1.1896312187573663
NAR061119010,NAR,CJF_3,CJF,3,R,R-NAR061119010,6,1,0.42309949859690066,1.1611910351871941
NAR061119010,NAR,CJF_3,CJF,3,R,R-NAR061119010,6,2,0.6435218196878618,1.1611910351871941
NAR061119010,NAR,CJF_3,CJF,3,R,R-NAR061119010,6,3,0.7878975234818606,1.1611910351871941
NAR061119010,NAR,CJF_3,CJF,3,R,R-NAR061119010,6,4,0.914584984667151,1.1611910351871941
NAR061119010,NAR,CJF_3,CJF,3,R,R-NAR061119010,6,5,1.009600580556119,1.1611910351871941
NAR061119010,NAR,CJF_3,CJF,3,R,R-NAR061119010,6,6,1.1057024234232733,1.1611910351871941
NAR061119011,NAR,CJF_1,CJF,1,R,R-NAR061119011,6,1,0.38464206000407897,1.2827441574765883
NAR061119011,NAR,CJF_1,CJF,1,R,R-NAR061119011,6,2,0.6766786710604995,1.2827441574765883
NAR061119011,NAR,CJF_1,CJF,1,R,R-NAR061119011,6,3,0.8850238996721277,1.2827441574765883
NAR061119011,NAR,CJF_1,CJF,1,R,R-NAR061119011,6,4,1.030589237103093,1.2827441574765883
NAR061119011,NAR,CJF_1,CJF,1,R,R-NAR061119011,6,5,1.1717088956296937,1.2827441574765883
NAR061119011,NAR,CJF_1,CJF,1,R,R-NAR061119011,6,6,1.2632562802323708,1.2827441574765883
NAR061119011,NAR,CJF_2,CJF,2,R,R-NAR061119011,6,1,0.37012157214401326,1.2380024160106877
NAR061119011,NAR,CJF_2,CJF,2,R,R-NAR061119011,6,2,0.6470421258795279,1.2380024160106877
NAR061119011,NAR,CJF_2,CJF,2,R,R-NAR061119011,6,3,0.8440553171153649,1.2380024160106877
NAR061119011,NAR,CJF_2,CJF,2,R,R-NAR061119011,6,4,1.0020332321058156,1.2380024160106877
NAR061119011,NAR,CJF_2,CJF,2,R,R-NAR061119011,6,5,1.140599220408707,1.2380024160106877
NAR061119011,NAR,CJF_2,CJF,2,R,R-NAR061119011,6,6,1.224999466548487,1.2380024160106877
NAR061119011,NAR,CJF_3,CJF,3,R,R-NAR061119011,6,1,0.398769421647602,1.2733205659617495
NAR061119011,NAR,CJF_3,CJF,3,R,R-NAR061119011,6,2,0.6654624182468127,1.2733205659617495
NAR061119011,NAR,CJF_3,CJF,3,R,R-NAR061119011,6,3,0.8507711875985907,1.2733205659617495
NAR061119011,NAR,CJF_3,CJF,3,R,R-NAR061119011,6,4,1.0302304343840025,1.2733205659617495
NAR061119011,NAR,CJF_3,CJF,3,R,R-NAR061119011,6,5,1.1579349332039035,1.2733205659617495
NAR061119011,NAR,CJF_3,CJF,3,R,R-NAR061119011,6,6,1.2560984985889279,1.2733205659617495
NAR061119012,NAR,CJF_1,CJF,1,R,R-NAR061119012,5,1,0.7634588795558601,1.277128461337339
NAR061119012,NAR,CJF_1,CJF,1,R,R-NAR061119012,5,2,0.9205352960996295,1.277128461337339
NAR061119012,NAR,CJF_1,CJF,1,R,R-NAR061119012,5,3,1.0401427835547281,1.277128461337339
NAR061119012,NAR,CJF_1,CJF,1,R,R-NAR061119012,5,4,1.155434717448091,1.277128461337339
NAR061119012,NAR,CJF_1,CJF,1,R,R-NAR061119012,5,5,1.2488628021458954,1.277128461337339
NAR061119012,NAR,CJF_2,CJF,2,R,R-NAR061119012,6,1,0.5593467399339105,1.2546410300683668
NAR061119012,NAR,CJF_2,CJF,2,R,R-NAR061119012,6,2,0.7558282375009489,1.2546410300683668
NAR061119012,NAR,CJF_2,CJF,2,R,R-NAR061119012,6,3,0.9071631059171803,1.2546410300683668
NAR061119012,NAR,CJF_2,CJF,2,R,R-NAR061119012,6,4,1.027892558818082,1.2546410300683668
NAR061119012,NAR,CJF_2,CJF,2,R,R-NAR061119012,6,5,1.131858435350404,1.2546410300683668
NAR061119012,NAR,CJF_2,CJF,2,R,R-NAR061119012,6,6,1.2460900209680348,1.2546410300683668
NAR061119012,NAR,CJF_3,CJF,3,R,R-NAR061119012,6,1,0.5479286842000637,1.2281769012926795
NAR061119012,NAR,CJF_3,CJF,3,R,R-NAR061119012,6,2,0.7236076214316818,1.2281769012926795
NAR061119012,NAR,CJF_3,CJF,3,R,R-NAR061119012,6,3,0.8946409196716936,1.2281769012926795
NAR061119012,NAR,CJF_3,CJF,3,R,R-NAR061119012,6,4,1.0093558920431887,1.2281769012926795
NAR061119012,NAR,CJF_3,CJF,3,R,R-NAR061119012,6,5,1.1112749421261268,1.2281769012926795
NAR061119012,NAR,CJF_3,CJF,3,R,R-NAR061119012,6,6,1.2130309929681709,1.2281769012926795
NAR061119013,NAR,CJF_1,CJF,1,R,R-NAR061119013,7,1,0.3954858733175337,1.2014891156493137
NAR061119013,NAR,CJF_1,CJF,1,R,R-NAR061119013,7,2,0.6237834802975695,1.2014891156493137
NAR061119013,NAR,CJF_1,CJF,1,R,R-NAR061119013,7,3,0.7494383626628593,1.2014891156493137
NAR061119013,NAR,CJF_1,CJF,1,R,R-NAR061119013,7,4,0.880241995233778,1.2014891156493137
NAR061119013,NAR,CJF_1,CJF,1,R,R-NAR061119013,7,5,0.9703239105245824,1.2014891156493137
NAR061119013,NAR,CJF_1,CJF,1,R,R-NAR061119013,7,6,1.0741752136033453,1.2014891156493137
NAR061119013,NAR,CJF_1,CJF,1,R,R-NAR061119013,7,7,1.1675573251072597,1.2014891156493137
NAR061119013,NAR,CJF_2,CJF,2,R,R-NAR061119013,7,1,0.42903005084454365,1.2174273565922378
NAR061119013,NAR,CJF_2,CJF,2,R,R-NAR061119013,7,2,0.6109709813318197,1.2174273565922378
NAR061119013,NAR,CJF_2,CJF,2,R,R-NAR061119013,7,3,0.7462980276794267,1.2174273565922378
NAR061119013,NAR,CJF_2,CJF,2,R,R-NAR061119013,7,4,0.8749319561896008,1.2174273565922378
NAR061119013,NAR,CJF_2,CJF,2,R,R-NAR061119013,7,5,0.9802388530841858,1.2174273565922378
NAR061119013,NAR,CJF_2,CJF,2,R,R-NAR061119013,7,6,1.0935459748758223,1.2174273565922378
NAR061119013,NAR,CJF_2,CJF,2,R,R-NAR061119013,7,7,1.1794471613336739,1.2174273565922378
NAR061119013,NAR,CJF_3,CJF,3,R,R-NAR061119013,8,1,0.3711565288325795,1.1854400933214466
NAR061119013,NAR,CJF_3,CJF,3,R,R-NAR061119013,8,2,0.4802844705800807,1.1854400933214466
NAR061119013,NAR,CJF_3,CJF,3,R,R-NAR061119013,8,3,0.5734818751172474,1.1854400933214466
NAR061119013,NAR,CJF_3,CJF,3,R,R-NAR061119013,8,4,0.7015130794048139,1.1854400933214466
NAR061119013,NAR,CJF_3,CJF,3,R,R-NAR061119013,8,5,0.8315330098623622,1.1854400933214466
NAR061119013,NAR,CJF_3,CJF,3,R,R-NAR061119013,8,6,0.9356787722596682,1.1854400933214466
NAR061119013,NAR,CJF_3,CJF,3,R,R-NAR061119013,8,7,1.056404162023647,1.1854400933214466
NAR061119013,NAR,CJF_3,CJF,3,R,R-NAR061119013,8,8,1.1406626627211396,1.1854400933214466
NAR061119014,NAR,CJF_1,CJF,1,R,R-NAR061119014,8,1,0.3983976251188579,1.2065053580226819
NAR061119014,NAR,CJF_1,CJF,1,R,R-NAR061119014,8,2,0.6001007857736297,1.2065053580226819
NAR061119014,NAR,CJF_1,CJF,1,R,R-NAR061119014,8,3,0.7238202900921722,1.2065053580226819
NAR061119014,NAR,CJF_1,CJF,1,R,R-NAR061119014,8,4,0.8263414358164539,1.2065053580226819
NAR061119014,NAR,CJF_1,CJF,1,R,R-NAR061119014,8,5,0.9358038760347689,1.2065053580226819
NAR061119014,NAR,CJF_1,CJF,1,R,R-NAR061119014,8,6,1.046035340724919,1.2065053580226819
NAR061119014,NAR,CJF_1,CJF,1,R,R-NAR061119014,8,7,1.1224809481174796,1.2065053580226819
NAR061119014,NAR,CJF_1,CJF,1,R,R-NAR061119014,8,8,1.1937863428661264,1.2065053580226819
NAR061119014,NAR,CJF_2,CJF,2,R,R-NAR061119014,8,1,0.41673820548800805,1.242254087199392
NAR061119014,NAR,CJF_2,CJF,2,R,R-NAR061119014,8,2,0.6487583037407315,1.242254087199392
NAR061119014,NAR,CJF_2,CJF,2,R,R-NAR061119014,8,3,0.7592348225801823,1.242254087199392
NAR061119014,NAR,CJF_2,CJF,2,R,R-NAR061119014,8,4,0.8801716522490243,1.242254087199392
NAR061119014,NAR,CJF_2,CJF,2,R,R-NAR061119014,8,5,0.9905996493637835,1.242254087199392
NAR061119014,NAR,CJF_2,CJF,2,R,R-NAR061119014,8,6,1.0636519991331028,1.242254087199392
NAR061119014,NAR,CJF_2,CJF,2,R,R-NAR061119014,8,7,1.1446648781670536,1.242254087199392
NAR061119014,NAR,CJF_2,CJF,2,R,R-NAR061119014,8,8,1.2103391875538247,1.242254087199392
NAR061119014,NAR,CJF_3,CJF,3,R,R-NAR061119014,9,1,0.4463498770244834,1.255079114908666
NAR061119014,NAR,CJF_3,CJF,3,R,R-NAR061119014,9,2,0.6358809328266762,1.255079114908666
NAR061119014,NAR,CJF_3,CJF,3,R,R-NAR061119014,9,3,0.7797783053196535,1.255079114908666
NAR061119014,NAR,CJF_3,CJF,3,R,R-NAR061119014,9,4,0.8733170150387661,1.255079114908666
NAR061119014,NAR,CJF_3,CJF,3,R,R-NAR061119014,9,5,0.9809025458753096,1.255079114908666
NAR061119014,NAR,CJF_3,CJF,3,R,R-NAR061119014,9,6,1.070208979932864,1.255079114908666
NAR061119014,NAR,CJF_3,CJF,3,R,R-NAR061119014,9,7,1.1347967570874473,1.255079114908666
NAR061119014,NAR,CJF_3,CJF,3,R,R-NAR061119014,9,8,1.198955889077198,1.255079114908666
NAR061119014,NAR,CJF_3,CJF,3,R,R-NAR061119014,9,9,1.2363713729648431,1.255079114908666
NAR061119015,NAR,CJF_1,CJF,1,R,R-NAR061119015,7,1,0.43723060133577163,1.2779609766406679
NAR061119015,NAR,CJF_1,CJF,1,R,R-NAR061119015,7,2,0.6415536523139256,1.2779609766406679
NAR061119015,NAR,CJF_1,CJF,1,R,R-NAR061119015,7,3,0.7895731091349001,1.2779609766406679
NAR061119015,NAR,CJF_1,CJF,1,R,R-NAR061119015,7,4,0.9469934990766168,1.2779609766406679
NAR061119015,NAR,CJF_1,CJF,1,R,R-NAR061119015,7,5,1.0380216480213438,1.2779609766406679
NAR061119015,NAR,CJF_1,CJF,1,R,R-NAR061119015,7,6,1.1452784992139649,1.2779609766406679
NAR061119015,NAR,CJF_1,CJF,1,R,R-NAR061119015,7,7,1.2489684589920937,1.2779609766406679
NAR061119015,NAR,CJF_2,CJF,2,R,R-NAR061119015,7,1,0.45316543172258644,1.296327688157244
NAR061119015,NAR,CJF_2,CJF,2,R,R-NAR061119015,7,2,0.6565421395768558,1.296327688157244
NAR061119015,NAR,CJF_2,CJF,2,R,R-NAR061119015,7,3,0.8172061459865028,1.296327688157244
NAR061119015,NAR,CJF_2,CJF,2,R,R-NAR061119015,7,4,0.9585142878067094,1.296327688157244
NAR061119015,NAR,CJF_2,CJF,2,R,R-NAR061119015,7,5,1.0635667587506217,1.296327688157244
NAR061119015,NAR,CJF_2,CJF,2,R,R-NAR061119015,7,6,1.1618909956609784,1.296327688157244
NAR061119015,NAR,CJF_2,CJF,2,R,R-NAR061119015,7,7,1.2640577624311469,1.296327688157244
NAR061119015,NAR,CJF_3,CJF,3,R,R-NAR061119015,7,1,0.4426723989875286,1.2857567194561639
NAR061119015,NAR,CJF_3,CJF,3,R,R-NAR061119015,7,2,0.6394771397825914,1.2857567194561639
NAR061119015,NAR,CJF_3,CJF,3,R,R-NAR061119015,7,3,0.7915629053381159,1.2857567194561639
NAR061119015,NAR,CJF_3,CJF,3,R,R-NAR061119015,7,4,0.9317893608159892,1.2857567194561639
NAR061119015,NAR,CJF_3,CJF,3,R,R-NAR061119015,7,5,1.0432802901577298,1.2857567194561639
NAR061119015,NAR,CJF_3,CJF,3,R,R-NAR061119015,7,6,1.165817691033723,1.2857567194561639
NAR061119015,NAR,CJF_3,CJF,3,R,R-NAR061119015,7,7,1.2536499465289186,1.2857567194561639
NAR061119016,NAR,CJF_1,CJF,1,R,R-NAR061119016,3,1,0.4624206420905994,0.7774041161117792
NAR061119016,NAR,CJF_1,CJF,1,R,R-NAR061119016,3,2,0.6599591857066562,0.7774041161117792
NAR061119016,NAR,CJF_1,CJF,1,R,R-NAR061119016,3,3,0.7563709962904035,0.7774041161117792
NAR061119016,NAR,CJF_2,CJF,2,R,R-NAR061119016,3,1,0.49473523611366493,0.7782150605276842
NAR061119016,NAR,CJF_2,CJF,2,R,R-NAR061119016,3,2,0.6058341076786664,0.7782150605276842
NAR061119016,NAR,CJF_2,CJF,2,R,R-NAR061119016,3,3,0.7496888545057978,0.7782150605276842
NAR061119016,NAR,CJF_3,CJF,3,R,R-NAR061119016,3,1,0.48158869338371524,0.8035220796598919
NAR061119016,NAR,CJF_3,CJF,3,R,R-NAR061119016,3,2,0.6834645422056662,0.8035220796598919
NAR061119016,NAR,CJF_3,CJF,3,R,R-NAR061119016,3,3,0.7862115171006799,0.8035220796598919
NAR061119017,NAR,CJF_1,CJF,1,R,R-NAR061119017,3,1,0.4884717083297934,0.8151839149755241
NAR061119017,NAR,CJF_1,CJF,1,R,R-NAR061119017,3,2,0.6705987369145304,0.8151839149755241
NAR061119017,NAR,CJF_1,CJF,1,R,R-NAR061119017,3,3,0.7868110629371403,0.8151839149755241
NAR061119017,NAR,CJF_2,CJF,2,R,R-NAR061119017,3,1,0.4464994380856423,0.765048036982419
NAR061119017,NAR,CJF_2,CJF,2,R,R-NAR061119017,3,2,0.6205227535148726,0.765048036982419
NAR061119017,NAR,CJF_2,CJF,2,R,R-NAR061119017,3,3,0.7459972960883994,0.765048036982419
NAR061119017,NAR,CJF_3,CJF,3,R,R-NAR061119017,3,1,0.4607787100812124,0.7848727766262902
NAR061119017,NAR,CJF_3,CJF,3,R,R-NAR061119017,3,2,0.6305705907948991,0.7848727766262902
NAR061119017,NAR,CJF_3,CJF,3,R,R-NAR061119017,3,3,0.7575128992274818,0.7848727766262902
NAR061119018,NAR,CJF_1,CJF,1,R,R-NAR061119018,3,1,0.5630238779859049,0.9608820521131042
NAR061119018,NAR,CJF_1,CJF,1,R,R-NAR061119018,3,2,0.8022975750254214,0.9608820521131042
NAR061119018,NAR,CJF_1,CJF,1,R,R-NAR061119018,3,3,0.926841995555895,0.9608820521131042
NAR061119018,NAR,CJF_2,CJF,2,R,R-NAR061119018,3,1,0.5289196650212911,0.9122869988616958
NAR061119018,NAR,CJF_2,CJF,2,R,R-NAR061119018,3,2,0.773280294966082,0.9122869988616958
NAR061119018,NAR,CJF_2,CJF,2,R,R-NAR061119018,3,3,0.8892873768077575,0.9122869988616958
NAR061119018,NAR,CJF_3,CJF,3,R,R-NAR061119018,3,1,0.6275567755539277,1.0100715526772996
NAR061119018,NAR,CJF_3,CJF,3,R,R-NAR061119018,3,2,0.8822590699530652,1.0100715526772996
NAR061119018,NAR,CJF_3,CJF,3,R,R-NAR061119018,3,3,1.0007456958316354,1.0100715526772996
NAR061119019,NAR,CJF_1,CJF,1,R,R-NAR061119019,3,1,0.5281430553862234,0.8479520342320301
NAR061119019,NAR,CJF_1,CJF,1,R,R-NAR061119019,3,2,0.6979811935069027,0.8479520342320301
NAR061119019,NAR,CJF_1,CJF,1,R,R-NAR061119019,3,3,0.8257396308623763,0.8479520342320301
NAR061119019,NAR,CJF_2,CJF,2,R,R-NAR061119019,3,1,0.3604744331724093,0.7020174939676374
NAR061119019,NAR,CJF_2,CJF,2,R,R-NAR061119019,3,2,0.5799677134147236,0.7020174939676374
NAR061119019,NAR,CJF_2,CJF,2,R,R-NAR061119019,3,3,0.685173311282638,0.7020174939676374
NAR061119019,NAR,CJF_3,CJF,3,R,R-NAR061119019,3,1,0.3744972867552205,0.6911989382612189
NAR061119019,NAR,CJF_3,CJF,3,R,R-NAR061119019,3,2,0.5327277085272358,0.6911989382612189
NAR061119019,NAR,CJF_3,CJF,3,R,R-NAR061119019,3,3,0.6826871618706358,0.6911989382612189
NAR061119020,NAR,CJF_1,CJF,1,R,R-NAR061119020,3,1,0.4784136150657367,0.7852769165106379
NAR061119020,NAR,CJF_1,CJF,1,R,R-NAR061119020,3,2,0.6523244784679442,0.7852769165106379
NAR061119020,NAR,CJF_1,CJF,1,R,R-NAR061119020,3,3,0.7742884320157499,0.7852769165106379
NAR061119020,NAR,CJF_2,CJF,2,R,R-NAR061119020,3,1,0.4900951629074096,0.8078448979596267
NAR061119020,NAR,CJF_2,CJF,2,R,R-NAR061119020,3,2,0.6701828048577176,0.8078448979596267
NAR061119020,NAR,CJF_2,CJF,2,R,R-NAR061119020,3,3,0.7843301531367584,0.8078448979596267
NAR061119020,NAR,CJF_3,CJF,3,R,R-NAR061119020,3,1,0.4824629573969553,0.7979898779572966
NAR061119020,NAR,CJF_3,CJF,3,R,R-NAR061119020,3,2,0.6604734915027572,0.7979898779572966
NAR061119020,NAR,CJF_3,CJF,3,R,R-NAR061119020,3,3,0.7760069979506183,0.7979898779572966
NAR061119021,NAR,CJF_1,CJF,1,R,R-NAR061119021,3,1,0.4083662039515223,0.7741187751997
NAR061119021,NAR,CJF_1,CJF,1,R,R-NAR061119021,3,2,0.6155931368346657,0.7741187751997
NAR061119021,NAR,CJF_1,CJF,1,R,R-NAR061119021,3,3,0.7502151000264841,0.7741187751997
NAR061119021,NAR,CJF_2,CJF,2,R,R-NAR061119021,3,1,0.37158012165539045,0.7306185327692589
NAR061119021,NAR,CJF_2,CJF,2,R,R-NAR061119021,3,2,0.5737329868439422,0.7306185327692589
NAR061119021,NAR,CJF_2,CJF,2,R,R-NAR061119021,3,3,0.7044010991032827,0.7306185327692589
NAR061119021,NAR,CJF_3,CJF,3,R,R-NAR061119021,3,1,0.40591231782828247,0.7683281126322912
NAR061119021,NAR,CJF_3,CJF,3,R,R-NAR061119021,3,2,0.5957655538879256,0.7683281126322912
NAR061119021,NAR,CJF_3,CJF,3,R,R-NAR061119021,3,3,0.7397100395101701,0.7683281126322912
NAR061119022,NAR,CJF_1,CJF,1,R,R-NAR061119022,3,1,0.44838041390369804,0.7687357140328375
NAR061119022,NAR,CJF_1,CJF,1,R,R-NAR061119022,3,2,0.6364550245261873,0.7687357140328375
NAR061119022,NAR,CJF_1,CJF,1,R,R-NAR061119022,3,3,0.7469789728248435,0.7687357140328375
NAR061119022,NAR,CJF_2,CJF,2,R,R-NAR061119022,3,1,0.4693479822630731,0.7679376084113493
NAR061119022,NAR,CJF_2,CJF,2,R,R-NAR061119022,3,2,0.6588491401576584,0.7679376084113493
NAR061119022,NAR,CJF_2,CJF,2,R,R-NAR061119022,3,3,0.7491948066315599,0.7679376084113493
NAR061119022,NAR,CJF_3,CJF,3,R,R-NAR061119022,3,1,0.4565273794974319,0.7743238419343516
NAR061119022,NAR,CJF_3,CJF,3,R,R-NAR061119022,3,2,0.6403342822458724,0.7743238419343516
NAR061119022,NAR,CJF_3,CJF,3,R,R-NAR061119022,3,3,0.7484742014710627,0.7743238419343516
NAR061119023,NAR,CJF_1,CJF,1,R,R-NAR061119023,3,1,0.4887896480218797,0.8386577402108415
NAR061119023,NAR,CJF_1,CJF,1,R,R-NAR061119023,3,2,0.6929825038876289,0.8386577402108415
NAR061119023,NAR,CJF_1,CJF,1,R,R-NAR061119023,3,3,0.82092356412955525,0.8386577402108415
NAR061119023,NAR,CJF_2,CJF,2,R,R-NAR061119023,3,1,0.49496673916084694,0.8863867909682286
NAR061119023,NAR,CJF_2,CJF,2,R,R-NAR061119023,3,2,0.7372175107047259,0.8863867909682286
NAR061119023,NAR,CJF_2,CJF,2,R,R-NAR061119023,3,3,0.8628868799655971,0.8863867909682286
NAR061119023,NAR,CJF_3,CJF,3,R,R-NAR061119023,3,1,0.48825394540352374,0.9405910166127593
NAR061119023,NAR,CJF_3,CJF,3,R,R-NAR061119023,3,2,0.7862782076969309,0.9405910166127593
NAR061119023,NAR,CJF_3,CJF,3,R,R-NAR061119023,3,3,0.9118003215778708,0.9405910166127593
NAR061119024,NAR,CJF_1,CJF,1,R,R-NAR061119024,10,1,0.46254114670999213,1.4479151021928163
NAR061119024,NAR,CJF_1,CJF,1,R,R-NAR061119024,10,2,0.6751666545436292,1.4479151021928163
NAR061119024,NAR,CJF_1,CJF,1,R,R-NAR061119024,10,3,0.8258096249595992,1.4479151021928163
NAR061119024,NAR,CJF_1,CJF,1,R,R-NAR061119024,10,4,0.9319319795804217,1.4479151021928163
NAR061119024,NAR,CJF_1,CJF,1,R,R-NAR061119024,10,5,1.029640705549977,1.4479151021928163
NAR061119024,NAR,CJF_1,CJF,1,R,R-NAR061119024,10,6,1.0912424443756539,1.4479151021928163
NAR061119024,NAR,CJF_1,CJF,1,R,R-NAR061119024,10,7,1.1845539567235794,1.4479151021928163
NAR061119024,NAR,CJF_1,CJF,1,R,R-NAR061119024,10,8,1.2737221211778702,1.4479151021928163
NAR061119024,NAR,CJF_1,CJF,1,R,R-NAR061119024,10,9,1.362763352768164,1.4479151021928163
NAR061119024,NAR,CJF_1,CJF,1,R,R-NAR061119024,10,10,1.4308339791622875,1.4479151021928163
NAR061119024,NAR,CJF_2,CJF,2,R,R-NAR061119024,10,1,0.36579071941818364,1.352063355796148
NAR061119024,NAR,CJF_2,CJF,2,R,R-NAR061119024,10,2,0.5663187039983618,1.352063355796148
NAR061119024,NAR,CJF_2,CJF,2,R,R-NAR061119024,10,3,0.7243016086807315,1.352063355796148
NAR061119024,NAR,CJF_2,CJF,2,R,R-NAR061119024,10,4,0.8382933324959674,1.352063355796148
NAR061119024,NAR,CJF_2,CJF,2,R,R-NAR061119024,10,5,0.9097399764133948,1.352063355796148
NAR061119024,NAR,CJF_2,CJF,2,R,R-NAR061119024,10,6,1.009726659108109,1.352063355796148
NAR061119024,NAR,CJF_2,CJF,2,R,R-NAR061119024,10,7,1.0891761836658345,1.352063355796148
NAR061119024,NAR,CJF_2,CJF,2,R,R-NAR061119024,10,8,1.1944419763561096,1.352063355796148
NAR061119024,NAR,CJF_2,CJF,2,R,R-NAR061119024,10,9,1.2786159917186466,1.352063355796148
NAR061119024,NAR,CJF_2,CJF,2,R,R-NAR061119024,10,10,1.3409751792687816,1.352063355796148
NAR061119024,NAR,CJF_3,CJF,3,R,R-NAR061119024,10,1,0.3645068063228264,1.3545124684155798
NAR061119024,NAR,CJF_3,CJF,3,R,R-NAR061119024,10,2,0.5535958725958816,1.3545124684155798
NAR061119024,NAR,CJF_3,CJF,3,R,R-NAR061119024,10,3,0.7070579822153421,1.3545124684155798
NAR061119024,NAR,CJF_3,CJF,3,R,R-NAR061119024,10,4,0.8196535118262188,1.3545124684155798
NAR061119024,NAR,CJF_3,CJF,3,R,R-NAR061119024,10,5,0.8927543004928554,1.3545124684155798
NAR061119024,NAR,CJF_3,CJF,3,R,R-NAR061119024,10,6,0.9891825586541471,1.3545124684155798
NAR061119024,NAR,CJF_3,CJF,3,R,R-NAR061119024,10,7,1.08358990788424,1.3545124684155798
NAR061119024,NAR,CJF_3,CJF,3,R,R-NAR061119024,10,8,1.1665208733939996,1.3545124684155798
NAR061119024,NAR,CJF_3,CJF,3,R,R-NAR061119024,10,9,1.2750745851424798,1.3545124684155798
NAR061119024,NAR,CJF_3,CJF,3,R,R-NAR061119024,10,10,1.3418382792026535,1.3545124684155798
NAR061119025,NAR,CJF_1,CJF,1,R,R-NAR061119025,3,1,0.4493683365471909,0.8666009922930299
NAR061119025,NAR,CJF_1,CJF,1,R,R-NAR061119025,3,2,0.6937724146826385,0.8666009922930299
NAR061119025,NAR,CJF_1,CJF,1,R,R-NAR061119025,3,3,0.8405316265683855,0.8666009922930299
NAR061119025,NAR,CJF_2,CJF,2,R,R-NAR061119025,3,1,0.4590724231093762,0.8689749031975169
NAR061119025,NAR,CJF_2,CJF,2,R,R-NAR061119025,3,2,0.6981075869482967,0.8689749031975169
NAR061119025,NAR,CJF_2,CJF,2,R,R-NAR061119025,3,3,0.8434119603513797,0.8689749031975169
NAR061119025,NAR,CJF_3,CJF,3,R,R-NAR061119025,3,1,0.44447191983596307,0.8842206995658684
NAR061119025,NAR,CJF_3,CJF,3,R,R-NAR061119025,3,2,0.6953879462165149,0.8842206995658684
NAR061119025,NAR,CJF_3,CJF,3,R,R-NAR061119025,3,3,0.855291554388905,0.8842206995658684
NAR061119026,NAR,CJF_1,CJF,1,R,R-NAR061119026,3,1,0.4469498368942398,0.8104201197624917
NAR061119026,NAR,CJF_1,CJF,1,R,R-NAR061119026,3,2,0.6368445027744448,0.8104201197624917
NAR061119026,NAR,CJF_1,CJF,1,R,R-NAR061119026,3,3,0.7722747943850139,0.8104201197624917
NAR061119026,NAR,CJF_2,CJF,2,R,R-NAR061119026,2,1,0.4535057711020229,0.7849314202502626
NAR061119026,NAR,CJF_2,CJF,2,R,R-NAR061119026,2,2,0.7412946995170031,0.7849314202502626
NAR061119026,NAR,CJF_3,CJF,3,R,R-NAR061119026,3,1,0.49426900284105635,0.8252473999293622
NAR061119026,NAR,CJF_3,CJF,3,R,R-NAR061119026,3,2,0.696028482130571,0.8252473999293622
NAR061119026,NAR,CJF_3,CJF,3,R,R-NAR061119026,3,3,0.8053385168438347,0.8252473999293622
NAR061119026,NAR,JRS_1,JRS,1,R,R-NAR061119026,2,1,0.357738097918834,0.5812215720183711
NAR061119026,NAR,JRS_1,JRS,1,R,R-NAR061119026,2,2,0.48441986808179704,0.5812215720183711
NAR061119026,NAR,LEL_1,LEL,1,R,R-NAR061119026,2,1,0.3433111792937655,0.5817953862712799
NAR061119026,NAR,LEL_1,LEL,1,R,R-NAR061119026,2,2,0.4855788289293986,0.5817953862712799
NAR061119026,NAR,LSR_1,LSR,1,R,R-NAR061119026,2,1,0.31465502241690335,0.5569603601529738
NAR061119026,NAR,LSR_1,LSR,1,R,R-NAR061119026,2,2,0.46221812397426043,0.5569603601529738
NAR061119026,NAR,MJS_1,MJS,1,R,R-NAR061119026,2,1,0.31641816216046903,0.5392595527938806
NAR061119026,NAR,MJS_1,MJS,1,R,R-NAR061119026,2,2,0.44359517088384004,0.5392595527938806
NAR061119027,NAR,CJF_1,CJF,1,R,R-NAR061119027,3,1,0.5172524810115592,0.9521930379238701
NAR061119027,NAR,CJF_1,CJF,1,R,R-NAR061119027,3,2,0.7845353279318924,0.9521930379238701
NAR061119027,NAR,CJF_1,CJF,1,R,R-NAR061119027,3,3,0.926847968082549,0.9521930379238701
NAR061119027,NAR,CJF_2,CJF,2,R,R-NAR061119027,3,1,0.3998669567350618,0.8403894894672905
NAR061119027,NAR,CJF_2,CJF,2,R,R-NAR061119027,3,2,0.662068758104947,0.8403894894672905
NAR061119027,NAR,CJF_2,CJF,2,R,R-NAR061119027,3,3,0.8107880691280513,0.8403894894672905
NAR061119027,NAR,CJF_3,CJF,3,R,R-NAR061119027,3,1,0.43216966121140304,0.8598287534649475
NAR061119027,NAR,CJF_3,CJF,3,R,R-NAR061119027,3,2,0.7011957503297013,0.8598287534649475
NAR061119027,NAR,CJF_3,CJF,3,R,R-NAR061119027,3,3,0.846116976891404,0.8598287534649475
NAR061119027,NAR,JRS_1,JRS,1,R,R-NAR061119027,2,1,0.2977261111228291,0.5432540762171189
NAR061119027,NAR,JRS_1,JRS,1,R,R-NAR061119027,2,2,0.4316149266292788,0.5432540762171189
NAR061119027,NAR,LEL_1,LEL,1,R,R-NAR061119027,2,1,0.3313059344814167,0.5676444796296389
NAR061119027,NAR,LEL_1,LEL,1,R,R-NAR061119027,2,2,0.4974359295627113,0.5676444796296389
NAR061119027,NAR,LSR_1,LSR,1,R,R-NAR061119027,2,1,0.3694782693697907,0.5885831074234358
NAR061119027,NAR,LSR_1,LSR,1,R,R-NAR061119027,2,2,0.4983007821874318,0.5885831074234358
NAR061119027,NAR,MJS_1,MJS,1,R,R-NAR061119027,2,1,0.30175744729640097,0.5161616062051232
NAR061119027,NAR,MJS_1,MJS,1,R,R-NAR061119027,2,2,0.4335683061345952,0.5161616062051232
NAR061119029,NAR,CJF_1,CJF,1,R,R-NAR061119029,3,1,0.5693894269199813,0.9822321218623157
NAR061119029,NAR,CJF_1,CJF,1,R,R-NAR061119029,3,2,0.8026799997425469,0.9822321218623157
NAR061119029,NAR,CJF_1,CJF,1,R,R-NAR061119029,3,3,0.9461945115052283,0.9822321218623157
NAR061119029,NAR,CJF_2,CJF,2,R,R-NAR061119029,3,1,0.5118995814769548,0.9296377371315985
NAR061119029,NAR,CJF_2,CJF,2,R,R-NAR061119029,3,2,0.7624596842441257,0.9296377371315985
NAR061119029,NAR,CJF_2,CJF,2,R,R-NAR061119029,3,3,0.9156642842577474,0.9296377371315985
NAR061119029,NAR,CJF_3,CJF,3,R,R-NAR061119029,3,1,0.5408900766710453,0.9615363455896317
NAR061119029,NAR,CJF_3,CJF,3,R,R-NAR061119029,3,2,0.7809079627047788,0.9615363455896317
NAR061119029,NAR,CJF_3,CJF,3,R,R-NAR061119029,3,3,0.9288615093811703,0.9615363455896317
NAR061119029,NAR,JRS_1,JRS,1,R,R-NAR061119029,2,1,0.5407225380436411,0.8976071262114957
NAR061119029,NAR,JRS_1,JRS,1,R,R-NAR061119029,2,2,0.7272703674701251,0.8976071262114957
NAR061119029,NAR,LEL_1,LEL,1,R,R-NAR061119029,2,1,0.35022137910304385,0.577585007675717
NAR061119029,NAR,LEL_1,LEL,1,R,R-NAR061119029,2,2,0.4777086446039107,0.577585007675717
NAR061119029,NAR,LSR_1,LSR,1,R,R-NAR061119029,2,1,0.3123378496706107,0.5303891525589013
NAR061119029,NAR,LSR_1,LSR,1,R,R-NAR061119029,2,2,0.4435481982003354,0.5303891525589013
NAR061119029,NAR,MJS_1,MJS,1,R,R-NAR061119029,2,1,0.6114840619476933,1.0014676378017766
NAR061119029,NAR,MJS_1,MJS,1,R,R-NAR061119029,2,2,0.846503965291609,1.0014676378017766
NAR061119030,NAR,CJF_1,CJF,1,R,R-NAR061119030,3,1,0.5337446164427295,0.8996873251840376
NAR061119030,NAR,CJF_1,CJF,1,R,R-NAR061119030,3,2,0.7285383087013513,0.8996873251840376
NAR061119030,NAR,CJF_1,CJF,1,R,R-NAR061119030,3,3,0.8745798493185479,0.8996873251840376
NAR061119030,NAR,CJF_2,CJF,2,R,R-NAR061119030,3,1,0.4551411181625863,0.7887902119765644
NAR061119030,NAR,CJF_2,CJF,2,R,R-NAR061119030,3,2,0.6320882125124677,0.7887902119765644
NAR061119030,NAR,CJF_2,CJF,2,R,R-NAR061119030,3,3,0.7672143359098097,0.7887902119765644
NAR061119030,NAR,CJF_3,CJF,3,R,R-NAR061119030,3,1,0.5121946710591301,0.8655417593355642
NAR061119030,NAR,CJF_3,CJF,3,R,R-NAR061119030,3,2,0.7034923232185482,0.8655417593355642
NAR061119030,NAR,CJF_3,CJF,3,R,R-NAR061119030,3,3,0.8363989510931811,0.8655417593355642
NAR061119030,NAR,JRS_1,JRS,1,R,R-NAR061119030,1,1,0.7307875427834213,0.8728576536955487
NAR061119030,NAR,LEL_1,LEL,1,R,R-NAR061119030,0,NA,NA,0.5620155424013078
NAR061119030,NAR,LSR_1,LSR,1,R,R-NAR061119030,1,1,0.5297565611425282,0.5746918523930032
NAR061119030,NAR,MJS_1,MJS,1,R,R-NAR061119030,1,1,0.6937274346504543,0.8485312992868972
NAR061119031,NAR,CJF_1,CJF,1,R,R-NAR061119031,3,1,0.41786268634372514,0.7512860288776276
NAR061119031,NAR,CJF_1,CJF,1,R,R-NAR061119031,3,2,0.6118823499177957,0.7512860288776276
NAR061119031,NAR,CJF_1,CJF,1,R,R-NAR061119031,3,3,0.7252474811268996,0.7512860288776276
NAR061119031,NAR,CJF_2,CJF,2,R,R-NAR061119031,3,1,0.40802908375468894,0.7543266451131951
NAR061119031,NAR,CJF_2,CJF,2,R,R-NAR061119031,3,2,0.6176429438022242,0.7543266451131951
NAR061119031,NAR,CJF_2,CJF,2,R,R-NAR061119031,3,3,0.7243981769176717,0.7543266451131951
NAR061119031,NAR,CJF_3,CJF,3,R,R-NAR061119031,3,1,0.40125337604153505,0.7393499127593237
NAR061119031,NAR,CJF_3,CJF,3,R,R-NAR061119031,3,2,0.6080113444311831,0.7393499127593237
NAR061119031,NAR,CJF_3,CJF,3,R,R-NAR061119031,3,3,0.7211788747211435,0.7393499127593237
NAR061119031,NAR,JRS_1,JRS,1,R,R-NAR061119031,2,1,0.47857098765221473,0.82344667611274
NAR061119031,NAR,JRS_1,JRS,1,R,R-NAR061119031,2,2,0.6764141711430112,0.82344667611274
NAR061119031,NAR,LEL_1,LEL,1,R,R-NAR061119031,1,1,0.34901740063373415,0.4235567727566202
NAR061119031,NAR,LSR_1,LSR,1,R,R-NAR061119031,1,1,0.7471940122211417,0.8659224464751782
NAR061119031,NAR,MJS_1,MJS,1,R,R-NAR061119031,2,1,0.5477570613597225,0.849827692420501
NAR061119031,NAR,MJS_1,MJS,1,R,R-NAR061119031,2,2,0.7083190644182265,0.849827692420501
NAR061119032,NAR,CJF_1,CJF,1,R,R-NAR061119032,10,1,0.442410669372341,1.2102915560740315
NAR061119032,NAR,CJF_1,CJF,1,R,R-NAR061119032,10,2,0.6265858989515742,1.2102915560740315
NAR061119032,NAR,CJF_1,CJF,1,R,R-NAR061119032,10,3,0.718673513741191,1.2102915560740315
NAR061119032,NAR,CJF_1,CJF,1,R,R-NAR061119032,10,4,0.7898094750992468,1.2102915560740315
NAR061119032,NAR,CJF_1,CJF,1,R,R-NAR061119032,10,5,0.8312243144793702,1.2102915560740315
NAR061119032,NAR,CJF_1,CJF,1,R,R-NAR061119032,10,6,0.8736128108044051,1.2102915560740315
NAR061119032,NAR,CJF_1,CJF,1,R,R-NAR061119032,10,7,0.9471845535352819,1.2102915560740315
NAR061119032,NAR,CJF_1,CJF,1,R,R-NAR061119032,10,8,1.0144226090926074,1.2102915560740315
NAR061119032,NAR,CJF_1,CJF,1,R,R-NAR061119032,10,9,1.1040744425094033,1.2102915560740315
NAR061119032,NAR,CJF_1,CJF,1,R,R-NAR061119032,10,10,1.1698503736388195,1.2102915560740315
NAR061119032,NAR,CJF_2,CJF,2,R,R-NAR061119032,9,1,0.4324876815955666,1.2038017824393754
NAR061119032,NAR,CJF_2,CJF,2,R,R-NAR061119032,9,2,0.6067604695161758,1.2038017824393754
NAR061119032,NAR,CJF_2,CJF,2,R,R-NAR061119032,9,3,0.7045053462530226,1.2038017824393754
NAR061119032,NAR,CJF_2,CJF,2,R,R-NAR061119032,9,4,0.7979668851989788,1.2038017824393754
NAR061119032,NAR,CJF_2,CJF,2,R,R-NAR061119032,9,5,0.8648755014904491,1.2038017824393754
NAR061119032,NAR,CJF_2,CJF,2,R,R-NAR061119032,9,6,0.9384722792958831,1.2038017824393754
NAR061119032,NAR,CJF_2,CJF,2,R,R-NAR061119032,9,7,1.010553559561811,1.2038017824393754
NAR061119032,NAR,CJF_2,CJF,2,R,R-NAR061119032,9,8,1.0877076421015117,1.2038017824393754
NAR061119032,NAR,CJF_2,CJF,2,R,R-NAR061119032,9,9,1.1754702074177557,1.2038017824393754
NAR061119032,NAR,CJF_3,CJF,3,R,R-NAR061119032,10,1,0.4759361870874017,1.2427025494085515
NAR061119032,NAR,CJF_3,CJF,3,R,R-NAR061119032,10,2,0.6583499703145536,1.2427025494085515
NAR061119032,NAR,CJF_3,CJF,3,R,R-NAR061119032,10,3,0.7492365628684944,1.2427025494085515
NAR061119032,NAR,CJF_3,CJF,3,R,R-NAR061119032,10,4,0.8531341633458862,1.2427025494085515
NAR061119032,NAR,CJF_3,CJF,3,R,R-NAR061119032,10,5,0.9002438729957423,1.2427025494085515
NAR061119032,NAR,CJF_3,CJF,3,R,R-NAR061119032,10,6,0.981772583431639,1.2427025494085515
NAR061119032,NAR,CJF_3,CJF,3,R,R-NAR061119032,10,7,1.0464120925341505,1.2427025494085515
NAR061119032,NAR,CJF_3,CJF,3,R,R-NAR061119032,10,8,1.1321869111671703,1.2427025494085515
NAR061119032,NAR,CJF_3,CJF,3,R,R-NAR061119032,10,9,1.194086575915627,1.2427025494085515
NAR061119032,NAR,CJF_3,CJF,3,R,R-NAR061119032,10,10,1.2275922952503158,1.2427025494085515
NAR061119032,NAR,JRS_1,JRS,1,R,R-NAR061119032,9,1,0.4847007660816195,1.2498189662151133
NAR061119032,NAR,JRS_1,JRS,1,R,R-NAR061119032,9,2,0.6642884047283588,1.2498189662151133
NAR061119032,NAR,JRS_1,JRS,1,R,R-NAR061119032,9,3,0.7721186439402066,1.2498189662151133
NAR061119032,NAR,JRS_1,JRS,1,R,R-NAR061119032,9,4,0.840569961531252,1.2498189662151133
NAR061119032,NAR,JRS_1,JRS,1,R,R-NAR061119032,9,5,0.9141745419475771,1.2498189662151133
NAR061119032,NAR,JRS_1,JRS,1,R,R-NAR061119032,9,6,0.9770843165943214,1.2498189662151133
NAR061119032,NAR,JRS_1,JRS,1,R,R-NAR061119032,9,7,1.0580776209363814,1.2498189662151133
NAR061119032,NAR,JRS_1,JRS,1,R,R-NAR061119032,9,8,1.114375231895434,1.2498189662151133
NAR061119032,NAR,JRS_1,JRS,1,R,R-NAR061119032,9,9,1.1795204676426339,1.2498189662151133
NAR061119032,NAR,LSR_1,LSR,1,R,R-NAR061119032,8,1,0.5233582554891171,1.2537402531392032
NAR061119032,NAR,LSR_1,LSR,1,R,R-NAR061119032,8,2,0.7170561338481969,1.2537402531392032
NAR061119032,NAR,LSR_1,LSR,1,R,R-NAR061119032,8,3,0.8071948558036239,1.2537402531392032
NAR061119032,NAR,LSR_1,LSR,1,R,R-NAR061119032,8,4,0.8997537265721038,1.2537402531392032
NAR061119032,NAR,LSR_1,LSR,1,R,R-NAR061119032,8,5,0.968897765040941,1.2537402531392032
NAR061119032,NAR,LSR_1,LSR,1,R,R-NAR061119032,8,6,1.0495450330368283,1.2537402531392032
NAR061119032,NAR,LSR_1,LSR,1,R,R-NAR061119032,8,7,1.1340267108750666,1.2537402531392032
NAR061119032,NAR,LSR_1,LSR,1,R,R-NAR061119032,8,8,1.2003422272853088,1.2537402531392032
NAR061119032,NAR,MJS_1,MJS,1,R,R-NAR061119032,8,1,0.5524159677343689,1.2988855789752245
NAR061119032,NAR,MJS_1,MJS,1,R,R-NAR061119032,8,2,0.7339797136954169,1.2988855789752245
NAR061119032,NAR,MJS_1,MJS,1,R,R-NAR061119032,8,3,0.8238662509680886,1.2988855789752245
NAR061119032,NAR,MJS_1,MJS,1,R,R-NAR061119032,8,4,0.901247956573823,1.2988855789752245
NAR061119032,NAR,MJS_1,MJS,1,R,R-NAR061119032,8,5,0.9869612385836821,1.2988855789752245
NAR061119032,NAR,MJS_1,MJS,1,R,R-NAR061119032,8,6,1.0691081118836303,1.2988855789752245
NAR061119032,NAR,MJS_1,MJS,1,R,R-NAR061119032,8,7,1.1328011609596231,1.2988855789752245
NAR061119032,NAR,MJS_1,MJS,1,R,R-NAR061119032,8,8,1.2215038733694905,1.2988855789752245
NAR061119033,NAR,CJF_1,CJF,1,R,R-NAR061119033,6,1,0.6382354787425465,1.367941398529975
NAR061119033,NAR,CJF_1,CJF,1,R,R-NAR061119033,6,2,0.8023227840836229,1.367941398529975
NAR061119033,NAR,CJF_1,CJF,1,R,R-NAR061119033,6,3,0.9657512022023497,1.367941398529975
NAR061119033,NAR,CJF_1,CJF,1,R,R-NAR061119033,6,4,1.1244864628600486,1.367941398529975
NAR061119033,NAR,CJF_1,CJF,1,R,R-NAR061119033,6,5,1.2556407190693555,1.367941398529975
NAR061119033,NAR,CJF_1,CJF,1,R,R-NAR061119033,6,6,1.3543156181113665,1.367941398529975
NAR061119033,NAR,CJF_2,CJF,2,R,R-NAR061119033,6,1,0.5264303065666515,1.3086700060471737
NAR061119033,NAR,CJF_2,CJF,2,R,R-NAR061119033,6,2,0.7200323607673698,1.3086700060471737
NAR061119033,NAR,CJF_2,CJF,2,R,R-NAR061119033,6,3,0.9022591330359294,1.3086700060471737
NAR061119033,NAR,CJF_2,CJF,2,R,R-NAR061119033,6,4,1.064097874276511,1.3086700060471737
NAR061119033,NAR,CJF_2,CJF,2,R,R-NAR061119033,6,5,1.2031860516527753,1.3086700060471737
NAR061119033,NAR,CJF_2,CJF,2,R,R-NAR061119033,6,6,1.2984759905331849,1.3086700060471737
NAR061119033,NAR,CJF_3,CJF,3,R,R-NAR061119033,6,1,0.6026444841142164,1.382668852766904
NAR061119033,NAR,CJF_3,CJF,3,R,R-NAR061119033,6,2,0.8040118520305614,1.382668852766904
NAR061119033,NAR,CJF_3,CJF,3,R,R-NAR061119033,6,3,0.9777547142149461,1.382668852766904
NAR061119033,NAR,CJF_3,CJF,3,R,R-NAR061119033,6,4,1.1373244319911244,1.382668852766904
NAR061119033,NAR,CJF_3,CJF,3,R,R-NAR061119033,6,5,1.2812633857242803,1.382668852766904
NAR061119033,NAR,CJF_3,CJF,3,R,R-NAR061119033,6,6,1.3684957083586984,1.382668852766904
NAR061119033,NAR,JRS_1,JRS,1,R,R-NAR061119033,5,1,0.33784084628545513,0.7891120748413728
NAR061119033,NAR,JRS_1,JRS,1,R,R-NAR061119033,5,2,0.4584520961810259,0.7891120748413728
NAR061119033,NAR,JRS_1,JRS,1,R,R-NAR061119033,5,3,0.5596137711368672,0.7891120748413728
NAR061119033,NAR,JRS_1,JRS,1,R,R-NAR061119033,5,4,0.634961770369849,0.7891120748413728
NAR061119033,NAR,JRS_1,JRS,1,R,R-NAR061119033,5,5,0.7177628928419365,0.7891120748413728
NAR061119033,NAR,LEL_1,LEL,1,R,R-NAR061119033,5,1,0.7055054617644418,1.4233862378467836
NAR061119033,NAR,LEL_1,LEL,1,R,R-NAR061119033,5,2,0.8577733683123303,1.4233862378467836
NAR061119033,NAR,LEL_1,LEL,1,R,R-NAR061119033,5,3,1.039864835889486,1.4233862378467836
NAR061119033,NAR,LEL_1,LEL,1,R,R-NAR061119033,5,4,1.1747815321734538,1.4233862378467836
NAR061119033,NAR,LEL_1,LEL,1,R,R-NAR061119033,5,5,1.3321223711148096,1.4233862378467836
NAR061119033,NAR,LSR_1,LSR,1,R,R-NAR061119033,4,1,0.43314531489459984,0.720999762529825
NAR061119033,NAR,LSR_1,LSR,1,R,R-NAR061119033,4,2,0.5272037210026637,0.720999762529825
NAR061119033,NAR,LSR_1,LSR,1,R,R-NAR061119033,4,3,0.6157478546676555,0.720999762529825
NAR061119033,NAR,LSR_1,LSR,1,R,R-NAR061119033,4,4,0.6758361431014765,0.720999762529825
NAR061119033,NAR,MJS_1,MJS,1,R,R-NAR061119033,5,1,0.3035675575065995,0.7054812132285254
NAR061119033,NAR,MJS_1,MJS,1,R,R-NAR061119033,5,2,0.44302893651867337,0.7054812132285254
NAR061119033,NAR,MJS_1,MJS,1,R,R-NAR061119033,5,3,0.5226530402869374,0.7054812132285254
NAR061119033,NAR,MJS_1,MJS,1,R,R-NAR061119033,5,4,0.5890064600938243,0.7054812132285254
NAR061119033,NAR,MJS_1,MJS,1,R,R-NAR061119033,5,5,0.648843735337634,0.7054812132285254
NAR061119034,NAR,CJF_1,CJF,1,R,R-NAR061119034,15,1,0.3896699896898785,1.7601675472378144
NAR061119034,NAR,CJF_1,CJF,1,R,R-NAR061119034,15,2,0.6015854938871976,1.7601675472378144
NAR061119034,NAR,CJF_1,CJF,1,R,R-NAR061119034,15,3,0.7368029579764382,1.7601675472378144
NAR061119034,NAR,CJF_1,CJF,1,R,R-NAR061119034,15,4,0.8538658560268635,1.7601675472378144
NAR061119034,NAR,CJF_1,CJF,1,R,R-NAR061119034,15,5,0.9547780008827301,1.7601675472378144
NAR061119034,NAR,CJF_1,CJF,1,R,R-NAR061119034,15,6,1.0396115428083446,1.7601675472378144
NAR061119034,NAR,CJF_1,CJF,1,R,R-NAR061119034,15,7,1.12640079740201,1.7601675472378144
NAR061119034,NAR,CJF_1,CJF,1,R,R-NAR061119034,15,8,1.205102650354345,1.7601675472378144
NAR061119034,NAR,CJF_1,CJF,1,R,R-NAR061119034,15,9,1.2898640420156522,1.7601675472378144
NAR061119034,NAR,CJF_1,CJF,1,R,R-NAR061119034,15,10,1.3645823193675775,1.7601675472378144
NAR061119034,NAR,CJF_1,CJF,1,R,R-NAR061119034,15,11,1.4372246336109398,1.7601675472378144
NAR061119034,NAR,CJF_1,CJF,1,R,R-NAR061119034,15,12,1.507839084921944,1.7601675472378144
NAR061119034,NAR,CJF_1,CJF,1,R,R-NAR061119034,15,13,1.6007119283126843,1.7601675472378144
NAR061119034,NAR,CJF_1,CJF,1,R,R-NAR061119034,15,14,1.6754302056646095,1.7601675472378144
NAR061119034,NAR,CJF_1,CJF,1,R,R-NAR061119034,15,15,1.7359774925781293,1.7601675472378144
NAR061119034,NAR,CJF_2,CJF,2,R,R-NAR061119034,15,1,0.3373891135132384,1.7071097654428151
NAR061119034,NAR,CJF_2,CJF,2,R,R-NAR061119034,15,2,0.551978003922316,1.7071097654428151
NAR061119034,NAR,CJF_2,CJF,2,R,R-NAR061119034,15,3,0.6788110666018013,1.7071097654428151
NAR061119034,NAR,CJF_2,CJF,2,R,R-NAR061119034,15,4,0.7971756822441588,1.7071097654428151
NAR061119034,NAR,CJF_2,CJF,2,R,R-NAR061119034,15,5,0.8916654747437517,1.7071097654428151
NAR061119034,NAR,CJF_2,CJF,2,R,R-NAR061119034,15,6,0.9942209463939939,1.7071097654428151
NAR061119034,NAR,CJF_2,CJF,2,R,R-NAR061119034,15,7,1.0763705594357258,1.7071097654428151
NAR061119034,NAR,CJF_2,CJF,2,R,R-NAR061119034,15,8,1.144687171484357,1.7071097654428151
NAR061119034,NAR,CJF_2,CJF,2,R,R-NAR061119034,15,9,1.2330068742550193,1.7071097654428151
NAR061119034,NAR,CJF_2,CJF,2,R,R-NAR061119034,15,10,1.3175353981822442,1.7071097654428151
NAR061119034,NAR,CJF_2,CJF,2,R,R-NAR061119034,15,11,1.379843027656536,1.7071097654428151
NAR061119034,NAR,CJF_2,CJF,2,R,R-NAR061119034,15,12,1.4602581584311407,1.7071097654428151
NAR061119034,NAR,CJF_2,CJF,2,R,R-NAR061119034,15,13,1.5422466643182813,1.7071097654428151
NAR061119034,NAR,CJF_2,CJF,2,R,R-NAR061119034,15,14,1.610563276366912,1.7071097654428151
NAR061119034,NAR,CJF_2,CJF,2,R,R-NAR061119034,15,15,1.6869455675661922,1.7071097654428151
NAR061119034,NAR,CJF_3,CJF,3,R,R-NAR061119034,15,1,0.3674118668426949,1.7236398046299477
NAR061119034,NAR,CJF_3,CJF,3,R,R-NAR061119034,15,2,0.5731805912426963,1.7236398046299477
NAR061119034,NAR,CJF_3,CJF,3,R,R-NAR061119034,15,3,0.7110493623677511,1.7236398046299477
NAR061119034,NAR,CJF_3,CJF,3,R,R-NAR061119034,15,4,0.8249055726843828,1.7236398046299477
NAR061119034,NAR,CJF_3,CJF,3,R,R-NAR061119034,15,5,0.9227467927539881,1.7236398046299477
NAR061119034,NAR,CJF_3,CJF,3,R,R-NAR061119034,15,6,1.0126102913864286,1.7236398046299477
NAR061119034,NAR,CJF_3,CJF,3,R,R-NAR061119034,15,7,1.0964855366599375,1.7236398046299477
NAR061119034,NAR,CJF_3,CJF,3,R,R-NAR061119034,15,8,1.1723830604962813,1.7236398046299477
NAR061119034,NAR,CJF_3,CJF,3,R,R-NAR061119034,15,9,1.2622664082529538,1.7236398046299477
NAR061119034,NAR,CJF_3,CJF,3,R,R-NAR061119034,15,10,1.3321558296061333,1.7236398046299477
NAR061119034,NAR,CJF_3,CJF,3,R,R-NAR061119034,15,11,1.3960569976003816,1.7236398046299477
NAR061119034,NAR,CJF_3,CJF,3,R,R-NAR061119034,15,12,1.4679954344044908,1.7236398046299477
NAR061119034,NAR,CJF_3,CJF,3,R,R-NAR061119034,15,13,1.5498613624755344,1.7236398046299477
NAR061119034,NAR,CJF_3,CJF,3,R,R-NAR061119034,15,14,1.6317669887950421,1.7236398046299477
NAR061119034,NAR,CJF_3,CJF,3,R,R-NAR061119034,15,15,1.6956681567892902,1.7236398046299477
NAR061119034,NAR,JRS_1,JRS,1,R,R-NAR061119034,14,1,0.39273715566774914,1.7387670771949981
NAR061119034,NAR,JRS_1,JRS,1,R,R-NAR061119034,14,2,0.5854766579619105,1.7387670771949981
NAR061119034,NAR,JRS_1,JRS,1,R,R-NAR061119034,14,3,0.7356881642624025,1.7387670771949981
NAR061119034,NAR,JRS_1,JRS,1,R,R-NAR061119034,14,4,0.8400432773276526,1.7387670771949981
NAR061119034,NAR,JRS_1,JRS,1,R,R-NAR061119034,14,5,0.9308470502497064,1.7387670771949981
NAR061119034,NAR,JRS_1,JRS,1,R,R-NAR061119034,14,6,1.030181593218987,1.7387670771949981
NAR061119034,NAR,JRS_1,JRS,1,R,R-NAR061119034,14,7,1.110035212400673,1.7387670771949981
NAR061119034,NAR,JRS_1,JRS,1,R,R-NAR061119034,14,8,1.1904342397114167,1.7387670771949981
NAR061119034,NAR,JRS_1,JRS,1,R,R-NAR061119034,14,9,1.2788186289403294,1.7387670771949981
NAR061119034,NAR,JRS_1,JRS,1,R,R-NAR061119034,14,10,1.342883326995364,1.7387670771949981
NAR061119034,NAR,JRS_1,JRS,1,R,R-NAR061119034,14,11,1.4125140032754255,1.7387670771949981
NAR061119034,NAR,JRS_1,JRS,1,R,R-NAR061119034,14,12,1.490130041473656,1.7387670771949981
NAR061119034,NAR,JRS_1,JRS,1,R,R-NAR061119034,14,13,1.570347266074714,1.7387670771949981
NAR061119034,NAR,JRS_1,JRS,1,R,R-NAR061119034,14,14,1.6611510389967679,1.7387670771949981
NAR061119034,NAR,LEL_1,LEL,1,R,R-NAR061119034,14,1,0.39921688661289567,1.713774264863928
NAR061119034,NAR,LEL_1,LEL,1,R,R-NAR061119034,14,2,0.5509537572231885,1.713774264863928
NAR061119034,NAR,LEL_1,LEL,1,R,R-NAR061119034,14,3,0.6861265008020054,1.713774264863928
NAR061119034,NAR,LEL_1,LEL,1,R,R-NAR061119034,14,4,0.8052268804698393,1.713774264863928
NAR061119034,NAR,LEL_1,LEL,1,R,R-NAR061119034,14,5,0.8977526560207656,1.713774264863928
NAR061119034,NAR,LEL_1,LEL,1,R,R-NAR061119034,14,6,0.9929638559476739,1.713774264863928
NAR061119034,NAR,LEL_1,LEL,1,R,R-NAR061119034,14,7,1.0751336353763752,1.713774264863928
NAR061119034,NAR,LEL_1,LEL,1,R,R-NAR061119034,14,8,1.1616505549711456,1.713774264863928
NAR061119034,NAR,LEL_1,LEL,1,R,R-NAR061119034,14,9,1.2400581705685745,1.713774264863928
NAR061119034,NAR,LEL_1,LEL,1,R,R-NAR061119034,14,10,1.3351231264117835,1.713774264863928
NAR061119034,NAR,LEL_1,LEL,1,R,R-NAR061119034,14,11,1.3935499701832583,1.713774264863928
NAR061119034,NAR,LEL_1,LEL,1,R,R-NAR061119034,14,12,1.471226365362191,1.713774264863928
NAR061119034,NAR,LEL_1,LEL,1,R,R-NAR061119034,14,13,1.5422558973807756,1.713774264863928
NAR061119034,NAR,LEL_1,LEL,1,R,R-NAR061119034,14,14,1.608499556982193,1.713774264863928
NAR061119034,NAR,LSR_1,LSR,1,R,R-NAR061119034,15,1,0.48957425634469465,1.8362843431282396
NAR061119034,NAR,LSR_1,LSR,1,R,R-NAR061119034,15,2,0.6356208271016424,1.8362843431282396
NAR061119034,NAR,LSR_1,LSR,1,R,R-NAR061119034,15,3,0.7978128728440965,1.8362843431282396
NAR061119034,NAR,LSR_1,LSR,1,R,R-NAR061119034,15,4,0.9250844974419045,1.8362843431282396
NAR061119034,NAR,LSR_1,LSR,1,R,R-NAR061119034,15,5,1.0196965241250027,1.8362843431282396
NAR061119034,NAR,LSR_1,LSR,1,R,R-NAR061119034,15,6,1.0844627480388744,1.8362843431282396
NAR061119034,NAR,LSR_1,LSR,1,R,R-NAR061119034,15,7,1.1869631882428764,1.8362843431282396
NAR061119034,NAR,LSR_1,LSR,1,R,R-NAR061119034,15,8,1.2793143916960381,1.8362843431282396
NAR061119034,NAR,LSR_1,LSR,1,R,R-NAR061119034,15,9,1.3630398857408998,1.8362843431282396
NAR061119034,NAR,LSR_1,LSR,1,R,R-NAR061119034,15,10,1.4356945231756757,1.8362843431282396
NAR061119034,NAR,LSR_1,LSR,1,R,R-NAR061119034,15,11,1.5034588662068809,1.8362843431282396
NAR061119034,NAR,LSR_1,LSR,1,R,R-NAR061119034,15,12,1.5717761811536326,1.8362843431282396
NAR061119034,NAR,LSR_1,LSR,1,R,R-NAR061119034,15,13,1.658315470343978,1.8362843431282396
NAR061119034,NAR,LSR_1,LSR,1,R,R-NAR061119034,15,14,1.7443017876187759,1.8362843431282396
NAR061119034,NAR,LSR_1,LSR,1,R,R-NAR061119034,15,15,1.803809069185379,1.8362843431282396
NAR061119034,NAR,MJS_1,MJS,1,R,R-NAR061119034,15,1,0.37220997875923645,1.7531646122273847
NAR061119034,NAR,MJS_1,MJS,1,R,R-NAR061119034,15,2,0.5959544633224982,1.7531646122273847
NAR061119034,NAR,MJS_1,MJS,1,R,R-NAR061119034,15,3,0.7198746586799555,1.7531646122273847
NAR061119034,NAR,MJS_1,MJS,1,R,R-NAR061119034,15,4,0.8422725341021882,1.7531646122273847
NAR061119034,NAR,MJS_1,MJS,1,R,R-NAR061119034,15,5,0.918745225634354,1.7531646122273847
NAR061119034,NAR,MJS_1,MJS,1,R,R-NAR061119034,15,6,1.0052506221515984,1.7531646122273847
NAR061119034,NAR,MJS_1,MJS,1,R,R-NAR061119034,15,7,1.1034318175056632,1.7531646122273847
NAR061119034,NAR,MJS_1,MJS,1,R,R-NAR061119034,15,8,1.179575890267481,1.7531646122273847
NAR061119034,NAR,MJS_1,MJS,1,R,R-NAR061119034,15,9,1.249717754225715,1.7531646122273847
NAR061119034,NAR,MJS_1,MJS,1,R,R-NAR061119034,15,10,1.3268476832985774,1.7531646122273847
NAR061119034,NAR,MJS_1,MJS,1,R,R-NAR061119034,15,11,1.3837914284847668,1.7531646122273847
NAR061119034,NAR,MJS_1,MJS,1,R,R-NAR061119034,15,12,1.4813153862981345,1.7531646122273847
NAR061119034,NAR,MJS_1,MJS,1,R,R-NAR061119034,15,13,1.5417531640416382,1.7531646122273847
NAR061119034,NAR,MJS_1,MJS,1,R,R-NAR061119034,15,14,1.631423974345849,1.7531646122273847
NAR061119034,NAR,MJS_1,MJS,1,R,R-NAR061119034,15,15,1.7090903670428919,1.7531646122273847
NAR061119035,NAR,CJF_1,CJF,1,R,R-NAR061119035,13,1,0.5459545889681987,1.603685514312718
NAR061119035,NAR,CJF_1,CJF,1,R,R-NAR061119035,13,2,0.7345800275344851,1.603685514312718
NAR061119035,NAR,CJF_1,CJF,1,R,R-NAR061119035,13,3,0.8449208180616945,1.603685514312718
NAR061119035,NAR,CJF_1,CJF,1,R,R-NAR061119035,13,4,0.9488765564992842,1.603685514312718
NAR061119035,NAR,CJF_1,CJF,1,R,R-NAR061119035,13,5,1.0388375331557211,1.603685514312718
NAR061119035,NAR,CJF_1,CJF,1,R,R-NAR061119035,13,6,1.1324070415978782,1.603685514312718
NAR061119035,NAR,CJF_1,CJF,1,R,R-NAR061119035,13,7,1.200959869841679,1.603685514312718
NAR061119035,NAR,CJF_1,CJF,1,R,R-NAR061119035,13,8,1.2567425939062389,1.603685514312718
NAR061119035,NAR,CJF_1,CJF,1,R,R-NAR061119035,13,9,1.3136190935326806,1.603685514312718
NAR061119035,NAR,CJF_1,CJF,1,R,R-NAR061119035,13,10,1.3908099660098774,1.603685514312718
NAR061119035,NAR,CJF_1,CJF,1,R,R-NAR061119035,13,11,1.4427878352286723,1.603685514312718
NAR061119035,NAR,CJF_1,CJF,1,R,R-NAR061119035,13,12,1.5250736611735622,1.603685514312718
NAR061119035,NAR,CJF_1,CJF,1,R,R-NAR061119035,13,13,1.577051530392357,1.603685514312718
NAR061119035,NAR,CJF_2,CJF,2,R,R-NAR061119035,14,1,0.5072355226194446,1.5845804590342794
NAR061119035,NAR,CJF_2,CJF,2,R,R-NAR061119035,14,2,0.6938865925124109,1.5845804590342794
NAR061119035,NAR,CJF_2,CJF,2,R,R-NAR061119035,14,3,0.8187678530993976,1.5845804590342794
NAR061119035,NAR,CJF_2,CJF,2,R,R-NAR061119035,14,4,0.9172054272619916,1.5845804590342794
NAR061119035,NAR,CJF_2,CJF,2,R,R-NAR061119035,14,5,1.0169167690838812,1.5845804590342794
NAR061119035,NAR,CJF_2,CJF,2,R,R-NAR061119035,14,6,1.1051642019721182,1.5845804590342794
NAR061119035,NAR,CJF_2,CJF,2,R,R-NAR061119035,14,7,1.1682756532531258,1.5845804590342794
NAR061119035,NAR,CJF_2,CJF,2,R,R-NAR061119035,14,8,1.2199571327583465,1.5845804590342794
NAR061119035,NAR,CJF_2,CJF,2,R,R-NAR061119035,14,9,1.2855821822000761,1.5845804590342794
NAR061119035,NAR,CJF_2,CJF,2,R,R-NAR061119035,14,10,1.3335441702010116,1.5845804590342794
NAR061119035,NAR,CJF_2,CJF,2,R,R-NAR061119035,14,11,1.3878071221826886,1.5845804590342794
NAR061119035,NAR,CJF_2,CJF,2,R,R-NAR061119035,14,12,1.4407623693472043,1.5845804590342794
NAR061119035,NAR,CJF_2,CJF,2,R,R-NAR061119035,14,13,1.5013262853096214,1.5845804590342794
NAR061119035,NAR,CJF_2,CJF,2,R,R-NAR061119035,14,14,1.558102835452021,1.5845804590342794
NAR061119035,NAR,CJF_3,CJF,3,R,R-NAR061119035,13,1,0.5742251787849619,1.6221130174812366
NAR061119035,NAR,CJF_3,CJF,3,R,R-NAR061119035,13,2,0.7320964790903493,1.6221130174812366
NAR061119035,NAR,CJF_3,CJF,3,R,R-NAR061119035,13,3,0.8569019085861711,1.6221130174812366
NAR061119035,NAR,CJF_3,CJF,3,R,R-NAR061119035,13,4,0.949827590735157,1.6221130174812366
NAR061119035,NAR,CJF_3,CJF,3,R,R-NAR061119035,13,5,1.045320555790209,1.6221130174812366
NAR061119035,NAR,CJF_3,CJF,3,R,R-NAR061119035,13,6,1.1306256542129165,1.6221130174812366
NAR061119035,NAR,CJF_3,CJF,3,R,R-NAR061119035,13,7,1.1993734377332652,1.6221130174812366
NAR061119035,NAR,CJF_3,CJF,3,R,R-NAR061119035,13,8,1.260484384528951,1.6221130174812366
NAR061119035,NAR,CJF_3,CJF,3,R,R-NAR061119035,13,9,1.3203604488667549,1.6221130174812366
NAR061119035,NAR,CJF_3,CJF,3,R,R-NAR061119035,13,10,1.3776204713033422,1.6221130174812366
NAR061119035,NAR,CJF_3,CJF,3,R,R-NAR061119035,13,11,1.4578722689058363,1.6221130174812366
NAR061119035,NAR,CJF_3,CJF,3,R,R-NAR061119035,13,12,1.5368079190585293,1.6221130174812366
NAR061119035,NAR,CJF_3,CJF,3,R,R-NAR061119035,13,13,1.5966514773995666,1.6221130174812366
NAR061119035,NAR,JRS_1,JRS,1,R,R-NAR061119035,12,1,0.5349562967071104,1.5634632611456714
NAR061119035,NAR,JRS_1,JRS,1,R,R-NAR061119035,12,2,0.7007894856957377,1.5634632611456714
NAR061119035,NAR,JRS_1,JRS,1,R,R-NAR061119035,12,3,0.8429678212683553,1.5634632611456714
NAR061119035,NAR,JRS_1,JRS,1,R,R-NAR061119035,12,4,0.9205841046024299,1.5634632611456714
NAR061119035,NAR,JRS_1,JRS,1,R,R-NAR061119035,12,5,1.0168041452688374,1.5634632611456714
NAR061119035,NAR,JRS_1,JRS,1,R,R-NAR061119035,12,6,1.1015705818420853,1.5634632611456714
NAR061119035,NAR,JRS_1,JRS,1,R,R-NAR061119035,12,7,1.1743849841690466,1.5634632611456714
NAR061119035,NAR,JRS_1,JRS,1,R,R-NAR061119035,12,8,1.2370971943286557,1.5634632611456714
NAR061119035,NAR,JRS_1,JRS,1,R,R-NAR061119035,12,9,1.3096623815790545,1.5634632611456714
NAR061119035,NAR,JRS_1,JRS,1,R,R-NAR061119035,12,10,1.3654736535760543,1.5634632611456714
NAR061119035,NAR,JRS_1,JRS,1,R,R-NAR061119035,12,11,1.4332369598193393,1.5634632611456714
NAR061119035,NAR,JRS_1,JRS,1,R,R-NAR061119035,12,12,1.5212046503973284,1.5634632611456714
NAR061119035,NAR,LEL_1,LEL,1,R,R-NAR061119035,12,1,0.4121091437552596,1.4446868290575001
NAR061119035,NAR,LEL_1,LEL,1,R,R-NAR061119035,12,2,0.5959541641106468,1.4446868290575001
NAR061119035,NAR,LEL_1,LEL,1,R,R-NAR061119035,12,3,0.7126775536617966,1.4446868290575001
NAR061119035,NAR,LEL_1,LEL,1,R,R-NAR061119035,12,4,0.8338041207407396,1.4446868290575001
NAR061119035,NAR,LEL_1,LEL,1,R,R-NAR061119035,12,5,0.931195788557983,1.4446868290575001
NAR061119035,NAR,LEL_1,LEL,1,R,R-NAR061119035,12,6,1.0136589121691124,1.4446868290575001
NAR061119035,NAR,LEL_1,LEL,1,R,R-NAR061119035,12,7,1.0793816418975486,1.4446868290575001
NAR061119035,NAR,LEL_1,LEL,1,R,R-NAR061119035,12,8,1.149094600553001,1.4446868290575001
NAR061119035,NAR,LEL_1,LEL,1,R,R-NAR061119035,12,9,1.206263868553163,1.4446868290575001
NAR061119035,NAR,LEL_1,LEL,1,R,R-NAR061119035,12,10,1.2466927426706325,1.4446868290575001
NAR061119035,NAR,LEL_1,LEL,1,R,R-NAR061119035,12,11,1.3022566352946043,1.4446868290575001
NAR061119035,NAR,LEL_1,LEL,1,R,R-NAR061119035,12,12,1.3867380828827038,1.4446868290575001
NAR061119035,NAR,LSR_1,LSR,1,R,R-NAR061119035,12,1,0.4663353350497427,1.5394717244394338
NAR061119035,NAR,LSR_1,LSR,1,R,R-NAR061119035,12,2,0.6572335595968289,1.5394717244394338
NAR061119035,NAR,LSR_1,LSR,1,R,R-NAR061119035,12,3,0.7803896017717126,1.5394717244394338
NAR061119035,NAR,LSR_1,LSR,1,R,R-NAR061119035,12,4,0.8747555343972115,1.5394717244394338
NAR061119035,NAR,LSR_1,LSR,1,R,R-NAR061119035,12,5,0.9930870817013543,1.5394717244394338
NAR061119035,NAR,LSR_1,LSR,1,R,R-NAR061119035,12,6,1.0767992747748572,1.5394717244394338
NAR061119035,NAR,LSR_1,LSR,1,R,R-NAR061119035,12,7,1.142040181247466,1.5394717244394338
NAR061119035,NAR,LSR_1,LSR,1,R,R-NAR061119035,12,8,1.2139370252833992,1.5394717244394338
NAR061119035,NAR,LSR_1,LSR,1,R,R-NAR061119035,12,9,1.2658660566293596,1.5394717244394338
NAR061119035,NAR,LSR_1,LSR,1,R,R-NAR061119035,12,10,1.3152938120757272,1.5394717244394338
NAR061119035,NAR,LSR_1,LSR,1,R,R-NAR061119035,12,11,1.3990060051492292,1.5394717244394338
NAR061119035,NAR,LSR_1,LSR,1,R,R-NAR061119035,12,12,1.4675748804035,1.5394717244394338
NAR061119035,NAR,MJS_1,MJS,1,R,R-NAR061119035,12,1,0.5304419738239927,1.59292023643496
NAR061119035,NAR,MJS_1,MJS,1,R,R-NAR061119035,12,2,0.7010657652559152,1.59292023643496
NAR061119035,NAR,MJS_1,MJS,1,R,R-NAR061119035,12,3,0.8273101519999475,1.59292023643496
NAR061119035,NAR,MJS_1,MJS,1,R,R-NAR061119035,12,4,0.9006869917734694,1.59292023643496
NAR061119035,NAR,MJS_1,MJS,1,R,R-NAR061119035,12,5,1.011377219759342,1.59292023643496
NAR061119035,NAR,MJS_1,MJS,1,R,R-NAR061119035,12,6,1.1188788178192484,1.59292023643496
NAR061119035,NAR,MJS_1,MJS,1,R,R-NAR061119035,12,7,1.1835953261542473,1.59292023643496
NAR061119035,NAR,MJS_1,MJS,1,R,R-NAR061119035,12,8,1.2451232045632814,1.59292023643496
NAR061119035,NAR,MJS_1,MJS,1,R,R-NAR061119035,12,9,1.3183278551809012,1.59292023643496
NAR061119035,NAR,MJS_1,MJS,1,R,R-NAR061119035,12,10,1.3763227253521646,1.59292023643496
NAR061119035,NAR,MJS_1,MJS,1,R,R-NAR061119035,12,11,1.436084099642313,1.59292023643496
NAR061119035,NAR,MJS_1,MJS,1,R,R-NAR061119035,12,12,1.5059279311780647,1.59292023643496
NAR061219001,NAR,CJF_1,CJF,1,R,R-NAR061219001,6,1,0.6145428777833906,1.4181032663899102
NAR061219001,NAR,CJF_1,CJF,1,R,R-NAR061219001,6,2,0.8067220511633701,1.4181032663899102
NAR061219001,NAR,CJF_1,CJF,1,R,R-NAR061219001,6,3,1.0012900810274759,1.4181032663899102
NAR061219001,NAR,CJF_1,CJF,1,R,R-NAR061219001,6,4,1.1642213601042282,1.4181032663899102
NAR061219001,NAR,CJF_1,CJF,1,R,R-NAR061219001,6,5,1.2828591755568022,1.4181032663899102
NAR061219001,NAR,CJF_1,CJF,1,R,R-NAR061219001,6,6,1.389633209464119,1.4181032663899102
NAR061219001,NAR,CJF_2,CJF,2,R,R-NAR061219001,6,1,0.49344422667593363,1.3338529247886721
NAR061219001,NAR,CJF_2,CJF,2,R,R-NAR061219001,6,2,0.7497944655148638,1.3338529247886721
NAR061219001,NAR,CJF_2,CJF,2,R,R-NAR061219001,6,3,0.9311686942992004,1.3338529247886721
NAR061219001,NAR,CJF_2,CJF,2,R,R-NAR061219001,6,4,1.0938353614670344,1.3338529247886721
NAR061219001,NAR,CJF_2,CJF,2,R,R-NAR061219001,6,5,1.2126567000782484,1.3338529247886721
NAR061219001,NAR,CJF_2,CJF,2,R,R-NAR061219001,6,6,1.3081664684631293,1.3338529247886721
NAR061219001,NAR,CJF_3,CJF,3,R,R-NAR061219001,6,1,0.5353771871908051,1.3862119734042657
NAR061219001,NAR,CJF_3,CJF,3,R,R-NAR061219001,6,2,0.7914063867458783,1.3862119734042657
NAR061219001,NAR,CJF_3,CJF,3,R,R-NAR061219001,6,3,0.9627692412283109,1.3862119734042657
NAR061219001,NAR,CJF_3,CJF,3,R,R-NAR061219001,6,4,1.137404696126577,1.3862119734042657
NAR061219001,NAR,CJF_3,CJF,3,R,R-NAR061219001,6,5,1.2677323175577473,1.3862119734042657
NAR061219001,NAR,CJF_3,CJF,3,R,R-NAR061219001,6,6,1.3656000711064733,1.3862119734042657
NAR061219001,NAR,JRS_1,JRS,1,R,R-NAR061219001,10,1,0.3958527734292406,1.4044399093489028
NAR061219001,NAR,JRS_1,JRS,1,R,R-NAR061219001,10,2,0.45901907379443807,1.4044399093489028
NAR061219001,NAR,JRS_1,JRS,1,R,R-NAR061219001,10,3,0.5200762893227951,1.4044399093489028
NAR061219001,NAR,JRS_1,JRS,1,R,R-NAR061219001,10,4,0.5716691842703746,1.4044399093489028
NAR061219001,NAR,JRS_1,JRS,1,R,R-NAR061219001,10,5,0.6643095499813307,1.4044399093489028
NAR061219001,NAR,JRS_1,JRS,1,R,R-NAR061219001,10,6,0.7211663032926765,1.4044399093489028
NAR061219001,NAR,JRS_1,JRS,1,R,R-NAR061219001,10,7,0.814852357693718,1.4044399093489028
NAR061219001,NAR,JRS_1,JRS,1,R,R-NAR061219001,10,8,0.9959503343552885,1.4044399093489028
NAR061219001,NAR,JRS_1,JRS,1,R,R-NAR061219001,10,9,1.159129943632049,1.4044399093489028
NAR061219001,NAR,JRS_1,JRS,1,R,R-NAR061219001,10,10,1.2875716291992845,1.4044399093489028
NAR061219001,NAR,LEL_1,LEL,1,R,R-NAR061219001,4,1,0.7749375848440753,1.3586407684815174
NAR061219001,NAR,LEL_1,LEL,1,R,R-NAR061219001,4,2,0.9615070665712888,1.3586407684815174
NAR061219001,NAR,LEL_1,LEL,1,R,R-NAR061219001,4,3,1.1131969977240532,1.3586407684815174
NAR061219001,NAR,LEL_1,LEL,1,R,R-NAR061219001,4,4,1.239028829422398,1.3586407684815174
NAR061219001,NAR,LSR_1,LSR,1,R,R-NAR061219001,5,1,0.36319931847004366,0.8313807034080741
NAR061219001,NAR,LSR_1,LSR,1,R,R-NAR061219001,5,2,0.46384138472361086,0.8313807034080741
NAR061219001,NAR,LSR_1,LSR,1,R,R-NAR061219001,5,3,0.5578451714786772,0.8313807034080741
NAR061219001,NAR,LSR_1,LSR,1,R,R-NAR061219001,5,4,0.648325646391461,0.8313807034080741
NAR061219001,NAR,LSR_1,LSR,1,R,R-NAR061219001,5,5,0.7462610891748758,0.8313807034080741
NAR061219001,NAR,MJS_1,MJS,1,R,R-NAR061219001,5,1,0.3360120715395236,0.7236245724991179
NAR061219001,NAR,MJS_1,MJS,1,R,R-NAR061219001,5,2,0.43053985926464156,0.7236245724991179
NAR061219001,NAR,MJS_1,MJS,1,R,R-NAR061219001,5,3,0.5258959259338586,0.7236245724991179
NAR061219001,NAR,MJS_1,MJS,1,R,R-NAR061219001,5,4,0.6084534319662358,0.7236245724991179
NAR061219001,NAR,MJS_1,MJS,1,R,R-NAR061219001,5,5,0.6685158864656351,0.7236245724991179
NAR061219002,NAR,CJF_1,CJF,1,R,R-NAR061219002,2,1,0.5062668740520736,0.6627256470577879
NAR061219002,NAR,CJF_1,CJF,1,R,R-NAR061219002,2,2,0.6445547947744819,0.6627256470577879
NAR061219002,NAR,CJF_2,CJF,2,R,R-NAR061219002,2,1,0.5029008092181987,0.6606387463829576
NAR061219002,NAR,CJF_2,CJF,2,R,R-NAR061219002,2,2,0.6448853275108981,0.6606387463829576
NAR061219002,NAR,CJF_3,CJF,3,R,R-NAR061219002,2,1,0.5194662745667874,0.677972807415008
NAR061219002,NAR,CJF_3,CJF,3,R,R-NAR061219002,2,2,0.666139790433136,0.677972807415008
NAR061219002,NAR,JRS_1,JRS,1,R,R-NAR061219002,1,1,0.4575535795395151,0.6232116334225757
NAR061219002,NAR,LEL_1,LEL,1,R,R-NAR061219002,1,1,0.5174237669536033,0.6498860962999213
NAR061219002,NAR,LSR_1,LSR,1,R,R-NAR061219002,1,1,0.38436604692704235,0.48971906206647914
NAR061219002,NAR,MJS_1,MJS,1,R,R-NAR061219002,1,1,0.3652649116546105,0.47304484825284915
NAR061219003,NAR,CJF_1,CJF,1,R,R-NAR061219003,3,1,0.5413286464971524,0.8322346114831121
NAR061219003,NAR,CJF_1,CJF,1,R,R-NAR061219003,3,2,0.6956263095992953,0.8322346114831121
NAR061219003,NAR,CJF_1,CJF,1,R,R-NAR061219003,3,3,0.8141493039141243,0.8322346114831121
NAR061219003,NAR,CJF_2,CJF,2,R,R-NAR061219003,3,1,0.4555485797080855,0.7385774810478881
NAR061219003,NAR,CJF_2,CJF,2,R,R-NAR061219003,3,2,0.5959933241330009,0.7385774810478881
NAR061219003,NAR,CJF_2,CJF,2,R,R-NAR061219003,3,3,0.7087770021709277,0.7385774810478881
NAR061219003,NAR,CJF_3,CJF,3,R,R-NAR061219003,3,1,0.3994016176220313,0.7691725906355671
NAR061219003,NAR,CJF_3,CJF,3,R,R-NAR061219003,3,2,0.6198791078513225,0.7691725906355671
NAR061219003,NAR,CJF_3,CJF,3,R,R-NAR061219003,3,3,0.7512012710201177,0.7691725906355671
NAR061219003,NAR,JRS_1,JRS,1,R,R-NAR061219003,2,1,0.2575905726285867,0.4926872903311233
NAR061219003,NAR,JRS_1,JRS,1,R,R-NAR061219003,2,2,0.3841319550099055,0.4926872903311233
NAR061219003,NAR,LEL_1,LEL,1,R,R-NAR061219003,1,1,0.5947506338572449,0.773331153889919
NAR061219003,NAR,LSR_1,LSR,1,R,R-NAR061219003,2,1,0.35905769726237424,0.5560847054551658
NAR061219003,NAR,LSR_1,LSR,1,R,R-NAR061219003,2,2,0.464768440824888,0.5560847054551658
NAR061219003,NAR,MJS_1,MJS,1,R,R-NAR061219003,2,1,0.31927188776752136,0.5226420578116279
NAR061219003,NAR,MJS_1,MJS,1,R,R-NAR061219003,2,2,0.42725939348218145,0.5226420578116279
NAR061219004,NAR,CJF_1,CJF,1,R,R-NAR061219004,20,1,0.507976488703833,2.510197329593464
NAR061219004,NAR,CJF_1,CJF,1,R,R-NAR061219004,20,2,0.6920548756881946,2.510197329593464
NAR061219004,NAR,CJF_1,CJF,1,R,R-NAR061219004,20,3,0.8406437077410513,2.510197329593464
NAR061219004,NAR,CJF_1,CJF,1,R,R-NAR061219004,20,4,0.9457098531296664,2.510197329593464
NAR061219004,NAR,CJF_1,CJF,1,R,R-NAR061219004,20,5,1.051442532339171,2.510197329593464
NAR061219004,NAR,CJF_1,CJF,1,R,R-NAR061219004,20,6,1.152474748920387,2.510197329593464
NAR061219004,NAR,CJF_1,CJF,1,R,R-NAR061219004,20,7,1.292662456448002,2.510197329593464
NAR061219004,NAR,CJF_1,CJF,1,R,R-NAR061219004,20,8,1.3933614061187738,2.510197329593464
NAR061219004,NAR,CJF_1,CJF,1,R,R-NAR061219004,20,9,1.4928765586619575,2.510197329593464
NAR061219004,NAR,CJF_1,CJF,1,R,R-NAR061219004,20,10,1.5841398571940926,2.510197329593464
NAR061219004,NAR,CJF_1,CJF,1,R,R-NAR061219004,20,11,1.6646691628278711,2.510197329593464
NAR061219004,NAR,CJF_1,CJF,1,R,R-NAR061219004,20,12,1.751231998731718,2.510197329593464
NAR061219004,NAR,CJF_1,CJF,1,R,R-NAR061219004,20,13,1.8357952331728953,2.510197329593464
NAR061219004,NAR,CJF_1,CJF,1,R,R-NAR061219004,20,14,1.9403441152548129,2.510197329593464
NAR061219004,NAR,CJF_1,CJF,1,R,R-NAR061219004,20,15,2.0255738835168797,2.510197329593464
NAR061219004,NAR,CJF_1,CJF,1,R,R-NAR061219004,20,16,2.0897834775248114,2.510197329593464
NAR061219004,NAR,CJF_1,CJF,1,R,R-NAR061219004,20,17,2.216869597898896,2.510197329593464
NAR061219004,NAR,CJF_1,CJF,1,R,R-NAR061219004,20,18,2.3244526080568777,2.510197329593464
NAR061219004,NAR,CJF_1,CJF,1,R,R-NAR061219004,20,19,2.410348910139834,2.510197329593464
NAR061219004,NAR,CJF_1,CJF,1,R,R-NAR061219004,20,20,2.4664906465329692,2.510197329593464
NAR061219004,NAR,CJF_2,CJF,2,R,R-NAR061219004,20,1,0.48759490848388876,2.5027233019921797
NAR061219004,NAR,CJF_2,CJF,2,R,R-NAR061219004,20,2,0.6710996975878304,2.5027233019921797
NAR061219004,NAR,CJF_2,CJF,2,R,R-NAR061219004,20,3,0.8366730959961363,2.5027233019921797
NAR061219004,NAR,CJF_2,CJF,2,R,R-NAR061219004,20,4,0.9397523032777877,2.5027233019921797
NAR061219004,NAR,CJF_2,CJF,2,R,R-NAR061219004,20,5,1.0428315105594383,2.5027233019921797
NAR061219004,NAR,CJF_2,CJF,2,R,R-NAR061219004,20,6,1.1557804550698219,2.5027233019921797
NAR061219004,NAR,CJF_2,CJF,2,R,R-NAR061219004,20,7,1.2716435505821024,2.5027233019921797
NAR061219004,NAR,CJF_2,CJF,2,R,R-NAR061219004,20,8,1.388612713334451,2.5027233019921797
NAR061219004,NAR,CJF_2,CJF,2,R,R-NAR061219004,20,9,1.4781635818977703,2.5027233019921797
NAR061219004,NAR,CJF_2,CJF,2,R,R-NAR061219004,20,10,1.5680760672134553,2.5027233019921797
NAR061219004,NAR,CJF_2,CJF,2,R,R-NAR061219004,20,11,1.6609239205140087,2.5027233019921797
NAR061219004,NAR,CJF_2,CJF,2,R,R-NAR061219004,20,12,1.7395202015914986,2.5027233019921797
NAR061219004,NAR,CJF_2,CJF,2,R,R-NAR061219004,20,13,1.8371115066387498,2.5027233019921797
NAR061219004,NAR,CJF_2,CJF,2,R,R-NAR061219004,20,14,1.922280540207737,2.5027233019921797
NAR061219004,NAR,CJF_2,CJF,2,R,R-NAR061219004,20,15,2.019510228502622,2.5027233019921797
NAR061219004,NAR,CJF_2,CJF,2,R,R-NAR061219004,20,16,2.082004419629277,2.5027233019921797
NAR061219004,NAR,CJF_2,CJF,2,R,R-NAR061219004,20,17,2.1887422284005287,2.5027233019921797
NAR061219004,NAR,CJF_2,CJF,2,R,R-NAR061219004,20,18,2.3053497744005123,2.5027233019921797
NAR061219004,NAR,CJF_2,CJF,2,R,R-NAR061219004,20,19,2.4153633509260266,2.5027233019921797
NAR061219004,NAR,CJF_2,CJF,2,R,R-NAR061219004,20,20,2.478601992540384,2.5027233019921797
NAR061219004,NAR,CJF_3,CJF,3,R,R-NAR061219004,20,1,0.5060072401861239,2.516220292112365
NAR061219004,NAR,CJF_3,CJF,3,R,R-NAR061219004,20,2,0.686206556859822,2.516220292112365
NAR061219004,NAR,CJF_3,CJF,3,R,R-NAR061219004,20,3,0.8474249519911251,2.516220292112365
NAR061219004,NAR,CJF_3,CJF,3,R,R-NAR061219004,20,4,0.9484664496248704,2.516220292112365
NAR061219004,NAR,CJF_3,CJF,3,R,R-NAR061219004,20,5,1.0542045837843332,2.516220292112365
NAR061219004,NAR,CJF_3,CJF,3,R,R-NAR061219004,20,6,1.1708558697106537,2.516220292112365
NAR061219004,NAR,CJF_3,CJF,3,R,R-NAR061219004,20,7,1.2681948582756046,2.516220292112365
NAR061219004,NAR,CJF_3,CJF,3,R,R-NAR061219004,20,8,1.3798181318572327,2.516220292112365
NAR061219004,NAR,CJF_3,CJF,3,R,R-NAR061219004,20,9,1.4796711265945302,2.516220292112365
NAR061219004,NAR,CJF_3,CJF,3,R,R-NAR061219004,20,10,1.5770101151594809,2.516220292112365
NAR061219004,NAR,CJF_3,CJF,3,R,R-NAR061219004,20,11,1.665092831052445,2.516220292112365
NAR061219004,NAR,CJF_3,CJF,3,R,R-NAR061219004,20,12,1.7466276558852958,2.516220292112365
NAR061219004,NAR,CJF_3,CJF,3,R,R-NAR061219004,20,13,1.8442980202692207,2.516220292112365
NAR061219004,NAR,CJF_3,CJF,3,R,R-NAR061219004,20,14,1.9376031239464029,2.516220292112365
NAR061219004,NAR,CJF_3,CJF,3,R,R-NAR061219004,20,15,2.038644621580148,2.516220292112365
NAR061219004,NAR,CJF_3,CJF,3,R,R-NAR061219004,20,16,2.1072206646722176,2.516220292112365
NAR061219004,NAR,CJF_3,CJF,3,R,R-NAR061219004,20,17,2.1971546350995794,2.516220292112365
NAR061219004,NAR,CJF_3,CJF,3,R,R-NAR061219004,20,18,2.3255761998702322,2.516220292112365
NAR061219004,NAR,CJF_3,CJF,3,R,R-NAR061219004,20,19,2.4185499277284395,2.516220292112365
NAR061219004,NAR,CJF_3,CJF,3,R,R-NAR061219004,20,20,2.4688078009160623,2.516220292112365
NAR061219004,NAR,JRS_1,JRS,1,R,R-NAR061219004,21,1,0.36224717969479425,2.584132000937157
NAR061219004,NAR,JRS_1,JRS,1,R,R-NAR061219004,21,2,0.45339653842813893,2.584132000937157
NAR061219004,NAR,JRS_1,JRS,1,R,R-NAR061219004,21,3,0.528570918959731,2.584132000937157
NAR061219004,NAR,JRS_1,JRS,1,R,R-NAR061219004,21,4,0.7296632315593188,2.584132000937157
NAR061219004,NAR,JRS_1,JRS,1,R,R-NAR061219004,21,5,0.8767250139987965,2.584132000937157
NAR061219004,NAR,JRS_1,JRS,1,R,R-NAR061219004,21,6,0.9871363295576002,2.584132000937157
NAR061219004,NAR,JRS_1,JRS,1,R,R-NAR061219004,21,7,1.1048325916784392,2.584132000937157
NAR061219004,NAR,JRS_1,JRS,1,R,R-NAR061219004,21,8,1.2222946729529975,2.584132000937157
NAR061219004,NAR,JRS_1,JRS,1,R,R-NAR061219004,21,9,1.3327059885118004,2.584132000937157
NAR061219004,NAR,JRS_1,JRS,1,R,R-NAR061219004,21,10,1.4318428363460216,2.584132000937157
NAR061219004,NAR,JRS_1,JRS,1,R,R-NAR061219004,21,11,1.530511322487682,2.584132000937157
NAR061219004,NAR,JRS_1,JRS,1,R,R-NAR061219004,21,12,1.6355195850304745,2.584132000937157
NAR061219004,NAR,JRS_1,JRS,1,R,R-NAR061219004,21,13,1.7400594858807066,2.584132000937157
NAR061219004,NAR,JRS_1,JRS,1,R,R-NAR061219004,21,14,1.8260399724443206,2.584132000937157
NAR061219004,NAR,JRS_1,JRS,1,R,R-NAR061219004,21,15,1.9087334803842282,2.584132000937157
NAR061219004,NAR,JRS_1,JRS,1,R,R-NAR061219004,21,16,2.0379383910759303,2.584132000937157
NAR061219004,NAR,JRS_1,JRS,1,R,R-NAR061219004,21,17,2.1316721858941396,2.584132000937157
NAR061219004,NAR,JRS_1,JRS,1,R,R-NAR061219004,21,18,2.211781257749182,2.584132000937157
NAR061219004,NAR,JRS_1,JRS,1,R,R-NAR061219004,21,19,2.3003461803976615,2.584132000937157
NAR061219004,NAR,JRS_1,JRS,1,R,R-NAR061219004,21,20,2.4074705173327593,2.584132000937157
NAR061219004,NAR,JRS_1,JRS,1,R,R-NAR061219004,21,21,2.4793579192406447,2.584132000937157
NAR061219004,NAR,LEL_1,LEL,1,R,R-NAR061219004,16,1,0.5515465535513359,2.210890726505917
NAR061219004,NAR,LEL_1,LEL,1,R,R-NAR061219004,16,2,0.7111946147227584,2.210890726505917
NAR061219004,NAR,LEL_1,LEL,1,R,R-NAR061219004,16,3,0.7904099697586751,2.210890726505917
NAR061219004,NAR,LEL_1,LEL,1,R,R-NAR061219004,16,4,0.9144637441140253,2.210890726505917
NAR061219004,NAR,LEL_1,LEL,1,R,R-NAR061219004,16,5,1.0388788558724946,2.210890726505917
NAR061219004,NAR,LEL_1,LEL,1,R,R-NAR061219004,16,6,1.1365824759151337,2.210890726505917
NAR061219004,NAR,LEL_1,LEL,1,R,R-NAR061219004,16,7,1.2379697024640914,2.210890726505917
NAR061219004,NAR,LEL_1,LEL,1,R,R-NAR061219004,16,8,1.3321861613057473,2.210890726505917
NAR061219004,NAR,LEL_1,LEL,1,R,R-NAR061219004,16,9,1.4182109466458472,2.210890726505917
NAR061219004,NAR,LEL_1,LEL,1,R,R-NAR061219004,16,10,1.4768331186714305,2.210890726505917
NAR061219004,NAR,LEL_1,LEL,1,R,R-NAR061219004,16,11,1.561114323411039,2.210890726505917
NAR061219004,NAR,LEL_1,LEL,1,R,R-NAR061219004,16,12,1.6738190472594168,2.210890726505917
NAR061219004,NAR,LEL_1,LEL,1,R,R-NAR061219004,16,13,1.7587913735977116,2.210890726505917
NAR061219004,NAR,LEL_1,LEL,1,R,R-NAR061219004,16,14,1.8322497573312506,2.210890726505917
NAR061219004,NAR,LEL_1,LEL,1,R,R-NAR061219004,16,15,1.9915680343071054,2.210890726505917
NAR061219004,NAR,LEL_1,LEL,1,R,R-NAR061219004,16,16,2.09032411335155,2.210890726505917
NAR061219004,NAR,LSR_1,LSR,1,R,R-NAR061219004,18,1,0.36403302160516626,2.3436133644948094
NAR061219004,NAR,LSR_1,LSR,1,R,R-NAR061219004,18,2,0.5444354910866034,2.3436133644948094
NAR061219004,NAR,LSR_1,LSR,1,R,R-NAR061219004,18,3,0.6897555793024779,2.3436133644948094
NAR061219004,NAR,LSR_1,LSR,1,R,R-NAR061219004,18,4,0.807479130983228,2.3436133644948094
NAR061219004,NAR,LSR_1,LSR,1,R,R-NAR061219004,18,5,0.9235886413428323,2.3436133644948094
NAR061219004,NAR,LSR_1,LSR,1,R,R-NAR061219004,18,6,1.0413121930235822,2.3436133644948094
NAR061219004,NAR,LSR_1,LSR,1,R,R-NAR061219004,18,7,1.1377516317063316,2.3436133644948094
NAR061219004,NAR,LSR_1,LSR,1,R,R-NAR061219004,18,8,1.2504846202334565,2.3436133644948094
NAR061219004,NAR,LSR_1,LSR,1,R,R-NAR061219004,18,9,1.355291143902311,2.3436133644948094
NAR061219004,NAR,LSR_1,LSR,1,R,R-NAR061219004,18,10,1.4559883446732065,2.3436133644948094
NAR061219004,NAR,LSR_1,LSR,1,R,R-NAR061219004,18,11,1.5352529932559145,2.3436133644948094
NAR061219004,NAR,LSR_1,LSR,1,R,R-NAR061219004,18,12,1.6316924319386645,2.3436133644948094
NAR061219004,NAR,LSR_1,LSR,1,R,R-NAR061219004,18,13,1.7181507443141646,2.3436133644948094
NAR061219004,NAR,LSR_1,LSR,1,R,R-NAR061219004,18,14,1.8179667048293933,2.3436133644948094
NAR061219004,NAR,LSR_1,LSR,1,R,R-NAR061219004,18,15,1.9298184531008515,2.3436133644948094
NAR061219004,NAR,LSR_1,LSR,1,R,R-NAR061219004,18,16,2.0717620194842477,2.3436133644948094
NAR061219004,NAR,LSR_1,LSR,1,R,R-NAR061219004,18,17,2.202110418239247,2.3436133644948094
NAR061219004,NAR,LSR_1,LSR,1,R,R-NAR061219004,18,18,2.268017418682226,2.3436133644948094
NAR061219004,NAR,MJS_1,MJS,1,R,R-NAR061219004,19,1,0.39302231089524825,2.4467379094673625
NAR061219004,NAR,MJS_1,MJS,1,R,R-NAR061219004,19,2,0.5848732958903059,2.4467379094673625
NAR061219004,NAR,MJS_1,MJS,1,R,R-NAR061219004,19,3,0.7399933032190347,2.4467379094673625
NAR061219004,NAR,MJS_1,MJS,1,R,R-NAR061219004,19,4,0.8703010215747075,2.4467379094673625
NAR061219004,NAR,MJS_1,MJS,1,R,R-NAR061219004,19,5,0.987990332627699,2.4467379094673625
NAR061219004,NAR,MJS_1,MJS,1,R,R-NAR061219004,19,6,1.092361517768599,2.4467379094673625
NAR061219004,NAR,MJS_1,MJS,1,R,R-NAR061219004,19,7,1.21005082882159,2.4467379094673625
NAR061219004,NAR,MJS_1,MJS,1,R,R-NAR061219004,19,8,1.319819236188267,2.4467379094673625
NAR061219004,NAR,MJS_1,MJS,1,R,R-NAR061219004,19,9,1.41879319910339,2.4467379094673625
NAR061219004,NAR,MJS_1,MJS,1,R,R-NAR061219004,19,10,1.5066228582622523,2.4467379094673625
NAR061219004,NAR,MJS_1,MJS,1,R,R-NAR061219004,19,11,1.5894051545000418,2.4467379094673625
NAR061219004,NAR,MJS_1,MJS,1,R,R-NAR061219004,19,12,1.6743612728936632,2.4467379094673625
NAR061219004,NAR,MJS_1,MJS,1,R,R-NAR061219004,19,13,1.7679380135830076,2.4467379094673625
NAR061219004,NAR,MJS_1,MJS,1,R,R-NAR061219004,19,14,1.891724265471186,2.4467379094673625
NAR061219004,NAR,MJS_1,MJS,1,R,R-NAR061219004,19,15,1.9910480876910137,2.4467379094673625
NAR061219004,NAR,MJS_1,MJS,1,R,R-NAR061219004,19,16,2.0619863615631338,2.4467379094673625
NAR061219004,NAR,MJS_1,MJS,1,R,R-NAR061219004,19,17,2.149466161417291,2.4467379094673625
NAR061219004,NAR,MJS_1,MJS,1,R,R-NAR061219004,19,18,2.2624579688539144,2.4467379094673625
NAR061219004,NAR,MJS_1,MJS,1,R,R-NAR061219004,19,19,2.361431931769037,2.4467379094673625
NAR061219005,NAR,CJF_1,CJF,1,R,R-NAR061219005,16,1,0.30977783558148636,1.5265481917986328
NAR061219005,NAR,CJF_1,CJF,1,R,R-NAR061219005,16,2,0.5756826571127929,1.5265481917986328
NAR061219005,NAR,CJF_1,CJF,1,R,R-NAR061219005,16,3,0.719871112238808,1.5265481917986328
NAR061219005,NAR,CJF_1,CJF,1,R,R-NAR061219005,16,4,0.8544958193973234,1.5265481917986328
NAR061219005,NAR,CJF_1,CJF,1,R,R-NAR061219005,16,5,0.9440452465024682,1.5265481917986328
NAR061219005,NAR,CJF_1,CJF,1,R,R-NAR061219005,16,6,1.0133960142813474,1.5265481917986328
NAR061219005,NAR,CJF_1,CJF,1,R,R-NAR061219005,16,7,1.0844190784530883,1.5265481917986328
NAR061219005,NAR,CJF_1,CJF,1,R,R-NAR061219005,16,8,1.1513653142255864,1.5265481917986328
NAR061219005,NAR,CJF_1,CJF,1,R,R-NAR061219005,16,9,1.207676638639318,1.5265481917986328
NAR061219005,NAR,CJF_1,CJF,1,R,R-NAR061219005,16,10,1.2477350295141023,1.5265481917986328
NAR061219005,NAR,CJF_1,CJF,1,R,R-NAR061219005,16,11,1.2938814729587393,1.5265481917986328
NAR061219005,NAR,CJF_1,CJF,1,R,R-NAR061219005,16,12,1.3564119525542473,1.5265481917986328
NAR061219005,NAR,CJF_1,CJF,1,R,R-NAR061219005,16,13,1.4149967063624362,1.5265481917986328
NAR061219005,NAR,CJF_1,CJF,1,R,R-NAR061219005,16,14,1.451579401839573,1.5265481917986328
NAR061219005,NAR,CJF_1,CJF,1,R,R-NAR061219005,16,15,1.4876920669270388,1.5265481917986328
NAR061219005,NAR,CJF_1,CJF,1,R,R-NAR061219005,16,16,1.514711014436676,1.5265481917986328
NAR061219005,NAR,CJF_2,CJF,2,R,R-NAR061219005,15,1,0.4541111881004951,1.549474426396373
NAR061219005,NAR,CJF_2,CJF,2,R,R-NAR061219005,15,2,0.6280549450358539,1.549474426396373
NAR061219005,NAR,CJF_2,CJF,2,R,R-NAR061219005,15,3,0.7388571351361823,1.549474426396373
NAR061219005,NAR,CJF_2,CJF,2,R,R-NAR061219005,15,4,0.8617145111909369,1.549474426396373
NAR061219005,NAR,CJF_2,CJF,2,R,R-NAR061219005,15,5,0.9570140796212476,1.549474426396373
NAR061219005,NAR,CJF_2,CJF,2,R,R-NAR061219005,15,6,1.0276214774900114,1.549474426396373
NAR061219005,NAR,CJF_2,CJF,2,R,R-NAR061219005,15,7,1.0821661331363488,1.549474426396373
NAR061219005,NAR,CJF_2,CJF,2,R,R-NAR061219005,15,8,1.1539262892603577,1.549474426396373
NAR061219005,NAR,CJF_2,CJF,2,R,R-NAR061219005,15,9,1.2222498487189175,1.549474426396373
NAR061219005,NAR,CJF_2,CJF,2,R,R-NAR061219005,15,10,1.2825257784910504,1.549474426396373
NAR061219005,NAR,CJF_2,CJF,2,R,R-NAR061219005,15,11,1.3175385780990858,1.549474426396373
NAR061219005,NAR,CJF_2,CJF,2,R,R-NAR061219005,15,12,1.3600280477909963,1.549474426396373
NAR061219005,NAR,CJF_2,CJF,2,R,R-NAR061219005,15,13,1.426046090739067,1.549474426396373
NAR061219005,NAR,CJF_2,CJF,2,R,R-NAR061219005,15,14,1.4679537617782847,1.549474426396373
NAR061219005,NAR,CJF_2,CJF,2,R,R-NAR061219005,15,15,1.5104323924200533,1.549474426396373
NAR061219005,NAR,CJF_3,CJF,3,R,R-NAR061219005,15,1,0.49788915852417337,1.575925818024573
NAR061219005,NAR,CJF_3,CJF,3,R,R-NAR061219005,15,2,0.6616277889248948,1.575925818024573
NAR061219005,NAR,CJF_3,CJF,3,R,R-NAR061219005,15,3,0.7654136171366771,1.575925818024573
NAR061219005,NAR,CJF_3,CJF,3,R,R-NAR061219005,15,4,0.8937455497899315,1.575925818024573
NAR061219005,NAR,CJF_3,CJF,3,R,R-NAR061219005,15,5,0.9827255847770586,1.575925818024573
NAR061219005,NAR,CJF_3,CJF,3,R,R-NAR061219005,15,6,1.0409253260126305,1.575925818024573
NAR061219005,NAR,CJF_3,CJF,3,R,R-NAR061219005,15,7,1.1122262247325572,1.575925818024573
NAR061219005,NAR,CJF_3,CJF,3,R,R-NAR061219005,15,8,1.1823584161502385,1.575925818024573
NAR061219005,NAR,CJF_3,CJF,3,R,R-NAR061219005,15,9,1.2451361361686581,1.575925818024573
NAR061219005,NAR,CJF_3,CJF,3,R,R-NAR061219005,15,10,1.2782054193116368,1.575925818024573
NAR061219005,NAR,CJF_3,CJF,3,R,R-NAR061219005,15,11,1.3169729633266416,1.575925818024573
NAR061219005,NAR,CJF_3,CJF,3,R,R-NAR061219005,15,12,1.3591497788222484,1.575925818024573
NAR061219005,NAR,CJF_3,CJF,3,R,R-NAR061219005,15,13,1.4242164882320918,1.575925818024573
NAR061219005,NAR,CJF_3,CJF,3,R,R-NAR061219005,15,14,1.4892347724288701,1.575925818024573
NAR061219005,NAR,CJF_3,CJF,3,R,R-NAR061219005,15,15,1.5439768169707737,1.575925818024573
NAR061219005,NAR,JRS_1,JRS,1,R,R-NAR061219005,16,1,0.5658190576992842,1.5859875406789805
NAR061219005,NAR,JRS_1,JRS,1,R,R-NAR061219005,16,2,0.6630152721395228,1.5859875406789805
NAR061219005,NAR,JRS_1,JRS,1,R,R-NAR061219005,16,3,0.7854335165699271,1.5859875406789805
NAR061219005,NAR,JRS_1,JRS,1,R,R-NAR061219005,16,4,0.8400494720778515,1.5859875406789805
NAR061219005,NAR,JRS_1,JRS,1,R,R-NAR061219005,16,5,0.9039198604763233,1.5859875406789805
NAR061219005,NAR,JRS_1,JRS,1,R,R-NAR061219005,16,6,1.012608229210133,1.5859875406789805
NAR061219005,NAR,JRS_1,JRS,1,R,R-NAR061219005,16,7,1.0733938066450894,1.5859875406789805
NAR061219005,NAR,JRS_1,JRS,1,R,R-NAR061219005,16,8,1.146215080655655,1.5859875406789805
NAR061219005,NAR,JRS_1,JRS,1,R,R-NAR061219005,16,9,1.2016781257240714,1.5859875406789805
NAR061219005,NAR,JRS_1,JRS,1,R,R-NAR061219005,16,10,1.235851041326331,1.5859875406789805
NAR061219005,NAR,JRS_1,JRS,1,R,R-NAR061219005,16,11,1.2859915540282087,1.5859875406789805
NAR061219005,NAR,JRS_1,JRS,1,R,R-NAR061219005,16,12,1.3179267482274444,1.5859875406789805
NAR061219005,NAR,JRS_1,JRS,1,R,R-NAR061219005,16,13,1.359659917599267,1.5859875406789805
NAR061219005,NAR,JRS_1,JRS,1,R,R-NAR061219005,16,14,1.422683216437246,1.5859875406789805
NAR061219005,NAR,JRS_1,JRS,1,R,R-NAR061219005,16,15,1.4714330972965926,1.5859875406789805
NAR061219005,NAR,JRS_1,JRS,1,R,R-NAR061219005,16,16,1.5100814557048987,1.5859875406789805
NAR061219005,NAR,LEL_1,LEL,1,R,R-NAR061219005,11,1,0.5217569081455536,1.4853310262703054
NAR061219005,NAR,LEL_1,LEL,1,R,R-NAR061219005,11,2,0.7132867555886702,1.4853310262703054
NAR061219005,NAR,LEL_1,LEL,1,R,R-NAR061219005,11,3,0.8507873190218858,1.4853310262703054
NAR061219005,NAR,LEL_1,LEL,1,R,R-NAR061219005,11,4,0.933249227397099,1.4853310262703054
NAR061219005,NAR,LEL_1,LEL,1,R,R-NAR061219005,11,5,1.0215119757704072,1.4853310262703054
NAR061219005,NAR,LEL_1,LEL,1,R,R-NAR061219005,11,6,1.07390194488569,1.4853310262703054
NAR061219005,NAR,LEL_1,LEL,1,R,R-NAR061219005,11,7,1.1319030403982768,1.4853310262703054
NAR061219005,NAR,LEL_1,LEL,1,R,R-NAR061219005,11,8,1.1875084014358654,1.4853310262703054
NAR061219005,NAR,LEL_1,LEL,1,R,R-NAR061219005,11,9,1.2557223786949578,1.4853310262703054
NAR061219005,NAR,LEL_1,LEL,1,R,R-NAR061219005,11,10,1.3113277397325467,1.4853310262703054
NAR061219005,NAR,LEL_1,LEL,1,R,R-NAR061219005,11,11,1.3820006893335661,1.4853310262703054
NAR061219005,NAR,LSR_1,LSR,1,R,R-NAR061219005,12,1,0.41787523619349487,1.044828812189044
NAR061219005,NAR,LSR_1,LSR,1,R,R-NAR061219005,12,2,0.47011283893823724,1.044828812189044
NAR061219005,NAR,LSR_1,LSR,1,R,R-NAR061219005,12,3,0.5148367554759555,1.044828812189044
NAR061219005,NAR,LSR_1,LSR,1,R,R-NAR061219005,12,4,0.5559829292624207,1.044828812189044
NAR061219005,NAR,LSR_1,LSR,1,R,R-NAR061219005,12,5,0.6082461177717857,1.044828812189044
NAR061219005,NAR,LSR_1,LSR,1,R,R-NAR061219005,12,6,0.6567524631776297,1.044828812189044
NAR061219005,NAR,LSR_1,LSR,1,R,R-NAR061219005,12,7,0.7164525806002239,1.044828812189044
NAR061219005,NAR,LSR_1,LSR,1,R,R-NAR061219005,12,8,0.7538163255185633,1.044828812189044
NAR061219005,NAR,LSR_1,LSR,1,R,R-NAR061219005,12,9,0.8173244575738875,1.044828812189044
NAR061219005,NAR,LSR_1,LSR,1,R,R-NAR061219005,12,10,0.8807046608061527,1.044828812189044
NAR061219005,NAR,LSR_1,LSR,1,R,R-NAR061219005,12,11,0.9590610649233122,1.044828812189044
NAR061219005,NAR,LSR_1,LSR,1,R,R-NAR061219005,12,12,1.0150299250069896,1.044828812189044
NAR061219005,NAR,MJS_1,MJS,1,R,R-NAR061219005,14,1,0.5607425332090964,1.5776080338840754
NAR061219005,NAR,MJS_1,MJS,1,R,R-NAR061219005,14,2,0.6598694893146342,1.5776080338840754
NAR061219005,NAR,MJS_1,MJS,1,R,R-NAR061219005,14,3,0.7689323025941276,1.5776080338840754
NAR061219005,NAR,MJS_1,MJS,1,R,R-NAR061219005,14,4,0.8940869187299603,1.5776080338840754
NAR061219005,NAR,MJS_1,MJS,1,R,R-NAR061219005,14,5,0.98179693514945,1.5776080338840754
NAR061219005,NAR,MJS_1,MJS,1,R,R-NAR061219005,14,6,1.0489719011763217,1.5776080338840754
NAR061219005,NAR,MJS_1,MJS,1,R,R-NAR061219005,14,7,1.122966148930286,1.5776080338840754
NAR061219005,NAR,MJS_1,MJS,1,R,R-NAR061219005,14,8,1.1786469700597713,1.5776080338840754
NAR061219005,NAR,MJS_1,MJS,1,R,R-NAR061219005,14,9,1.254708431159199,1.5776080338840754
NAR061219005,NAR,MJS_1,MJS,1,R,R-NAR061219005,14,10,1.3060232099637437,1.5776080338840754
NAR061219005,NAR,MJS_1,MJS,1,R,R-NAR061219005,14,11,1.3403512342332253,1.5776080338840754
NAR061219005,NAR,MJS_1,MJS,1,R,R-NAR061219005,14,12,1.3876544859121862,1.5776080338840754
NAR061219005,NAR,MJS_1,MJS,1,R,R-NAR061219005,14,13,1.4448935947651023,1.5776080338840754
NAR061219005,NAR,MJS_1,MJS,1,R,R-NAR061219005,14,14,1.500574415894587,1.5776080338840754
NAR061219006,NAR,CJF_1,CJF,1,R,R-NAR061219006,7,1,0.5325354826455236,1.1947240023613206
NAR061219006,NAR,CJF_1,CJF,1,R,R-NAR061219006,7,2,0.6895325315574836,1.1947240023613206
NAR061219006,NAR,CJF_1,CJF,1,R,R-NAR061219006,7,3,0.7830228527962162,1.1947240023613206
NAR061219006,NAR,CJF_1,CJF,1,R,R-NAR061219006,7,4,0.8950384818867809,1.1947240023613206
NAR061219006,NAR,CJF_1,CJF,1,R,R-NAR061219006,7,5,0.9882368561502315,1.1947240023613206
NAR061219006,NAR,CJF_1,CJF,1,R,R-NAR061219006,7,6,1.0779077488177395,1.1947240023613206
NAR061219006,NAR,CJF_1,CJF,1,R,R-NAR061219006,7,7,1.1728698638791606,1.1947240023613206
NAR061219006,NAR,CJF_2,CJF,2,R,R-NAR061219006,8,1,0.37041908168539217,1.2047920616564174
NAR061219006,NAR,CJF_2,CJF,2,R,R-NAR061219006,8,2,0.5490940445982638,1.2047920616564174
NAR061219006,NAR,CJF_2,CJF,2,R,R-NAR061219006,8,3,0.6875440729113818,1.2047920616564174
NAR061219006,NAR,CJF_2,CJF,2,R,R-NAR061219006,8,4,0.7839248658080458,1.2047920616564174
NAR061219006,NAR,CJF_2,CJF,2,R,R-NAR061219006,8,5,0.8947103818706553,1.2047920616564174
NAR061219006,NAR,CJF_2,CJF,2,R,R-NAR061219006,8,6,1.000137837166993,1.2047920616564174
NAR061219006,NAR,CJF_2,CJF,2,R,R-NAR061219006,8,7,1.1161223638531301,1.2047920616564174
NAR061219006,NAR,CJF_2,CJF,2,R,R-NAR061219006,8,8,1.1707678131599135,1.2047920616564174
NAR061219006,NAR,CJF_3,CJF,3,R,R-NAR061219006,7,1,0.528889963817551,1.2138401794475158
NAR061219006,NAR,CJF_3,CJF,3,R,R-NAR061219006,7,2,0.6931489221370294,1.2138401794475158
NAR061219006,NAR,CJF_3,CJF,3,R,R-NAR061219006,7,3,0.8074088074659158,1.2138401794475158
NAR061219006,NAR,CJF_3,CJF,3,R,R-NAR061219006,7,4,0.9067069300657162,1.2138401794475158
NAR061219006,NAR,CJF_3,CJF,3,R,R-NAR061219006,7,5,1.0070096242185766,1.2138401794475158
NAR061219006,NAR,CJF_3,CJF,3,R,R-NAR061219006,7,6,1.0988446672149712,1.2138401794475158
NAR061219006,NAR,CJF_3,CJF,3,R,R-NAR061219006,7,7,1.1812430910241127,1.2138401794475158
NAR061219006,NAR,JRS_1,JRS,1,R,R-NAR061219006,4,1,0.8373345636378522,1.3466145249643684
NAR061219006,NAR,JRS_1,JRS,1,R,R-NAR061219006,4,2,0.9509972118734469,1.3466145249643684
NAR061219006,NAR,JRS_1,JRS,1,R,R-NAR061219006,4,3,1.0525500720477028,1.3466145249643684
NAR061219006,NAR,JRS_1,JRS,1,R,R-NAR061219006,4,4,1.2252460001347534,1.3466145249643684
NAR061219006,NAR,LEL_1,LEL,1,R,R-NAR061219006,4,1,0.6556913995658524,1.1156762773506987
NAR061219006,NAR,LEL_1,LEL,1,R,R-NAR061219006,4,2,0.74275334997547,1.1156762773506987
NAR061219006,NAR,LEL_1,LEL,1,R,R-NAR061219006,4,3,0.8577495694216817,1.1156762773506987
NAR061219006,NAR,LEL_1,LEL,1,R,R-NAR061219006,4,4,0.9562185213807255,1.1156762773506987
NAR061219006,NAR,LSR_1,LSR,1,R,R-NAR061219006,7,1,0.6090873552142241,1.4316911024215775
NAR061219006,NAR,LSR_1,LSR,1,R,R-NAR061219006,7,2,0.7710073546346454,1.4316911024215775
NAR061219006,NAR,LSR_1,LSR,1,R,R-NAR061219006,7,3,0.8519673543448558,1.4316911024215775
NAR061219006,NAR,LSR_1,LSR,1,R,R-NAR061219006,7,4,0.9975274967330223,1.4316911024215775
NAR061219006,NAR,LSR_1,LSR,1,R,R-NAR061219006,7,5,1.0948473534754877,1.4316911024215775
NAR061219006,NAR,LSR_1,LSR,1,R,R-NAR061219006,7,6,1.1837774603390594,1.4316911024215775
NAR061219006,NAR,LSR_1,LSR,1,R,R-NAR061219006,7,7,1.2878084960582896,1.4316911024215775
NAR061219006,NAR,MJS_1,MJS,1,R,R-NAR061219006,4,1,0.7629935127142586,1.1865949840857077
NAR061219006,NAR,MJS_1,MJS,1,R,R-NAR061219006,4,2,0.8801912289615613,1.1865949840857077
NAR061219006,NAR,MJS_1,MJS,1,R,R-NAR061219006,4,3,0.9700866733543674,1.1865949840857077
NAR061219006,NAR,MJS_1,MJS,1,R,R-NAR061219006,4,4,1.0775235036823922,1.1865949840857077
NAR061219007,NAR,CJF_1,CJF,1,R,R-NAR061219007,5,1,0.3656802328760177,1.1050230851842342
NAR061219007,NAR,CJF_1,CJF,1,R,R-NAR061219007,5,2,0.6868577091740007,1.1050230851842342
NAR061219007,NAR,CJF_1,CJF,1,R,R-NAR061219007,5,3,0.8667044306534417,1.1050230851842342
NAR061219007,NAR,CJF_1,CJF,1,R,R-NAR061219007,5,4,0.99199046162375,1.1050230851842342
NAR061219007,NAR,CJF_1,CJF,1,R,R-NAR061219007,5,5,1.0888984106001285,1.1050230851842342
NAR061219007,NAR,CJF_2,CJF,2,R,R-NAR061219007,5,1,0.37898141423019227,1.1049284857264214
NAR061219007,NAR,CJF_2,CJF,2,R,R-NAR061219007,5,2,0.6986277159700588,1.1049284857264214
NAR061219007,NAR,CJF_2,CJF,2,R,R-NAR061219007,5,3,0.870196424765499,1.1049284857264214
NAR061219007,NAR,CJF_2,CJF,2,R,R-NAR061219007,5,4,0.9935656536587327,1.1049284857264214
NAR061219007,NAR,CJF_2,CJF,2,R,R-NAR061219007,5,5,1.0885721714256433,1.1049284857264214
NAR061219007,NAR,CJF_3,CJF,3,R,R-NAR061219007,5,1,0.5037943199068148,1.1115677572672042
NAR061219007,NAR,CJF_3,CJF,3,R,R-NAR061219007,5,2,0.7096586972163709,1.1115677572672042
NAR061219007,NAR,CJF_3,CJF,3,R,R-NAR061219007,5,3,0.8815810058896815,1.1115677572672042
NAR061219007,NAR,CJF_3,CJF,3,R,R-NAR061219007,5,4,1.0156097465205367,1.1115677572672042
NAR061219007,NAR,CJF_3,CJF,3,R,R-NAR061219007,5,5,1.0995360972068433,1.1115677572672042
NAR061219007,NAR,JRS_1,JRS,1,R,R-NAR061219007,4,1,0.4693314201504757,1.0485546232036198
NAR061219007,NAR,JRS_1,JRS,1,R,R-NAR061219007,4,2,0.7000804728025617,1.0485546232036198
NAR061219007,NAR,JRS_1,JRS,1,R,R-NAR061219007,4,3,0.8706248232117701,1.0485546232036198
NAR061219007,NAR,JRS_1,JRS,1,R,R-NAR061219007,4,4,0.995287505279721,1.0485546232036198
NAR061219007,NAR,LEL_1,LEL,1,R,R-NAR061219007,4,1,0.4736839651134958,1.0662003723883131
NAR061219007,NAR,LEL_1,LEL,1,R,R-NAR061219007,4,2,0.698647355415883,1.0662003723883131
NAR061219007,NAR,LEL_1,LEL,1,R,R-NAR061219007,4,3,0.8854996928387072,1.0662003723883131
NAR061219007,NAR,LEL_1,LEL,1,R,R-NAR061219007,4,4,1.0059579641323595,1.0662003723883131
NAR061219007,NAR,LSR_1,LSR,1,R,R-NAR061219007,4,1,0.32483645676006917,0.6920442069728177
NAR061219007,NAR,LSR_1,LSR,1,R,R-NAR061219007,4,2,0.44513022212965975,0.6920442069728177
NAR061219007,NAR,LSR_1,LSR,1,R,R-NAR061219007,4,3,0.5667201637702532,0.6920442069728177
NAR061219007,NAR,LSR_1,LSR,1,R,R-NAR061219007,4,4,0.6334403310012574,0.6920442069728177
NAR061219007,NAR,MJS_1,MJS,1,R,R-NAR061219007,4,1,0.5283467325411833,1.1440531356412647
NAR061219007,NAR,MJS_1,MJS,1,R,R-NAR061219007,4,2,0.7169279005541642,1.1440531356412647
NAR061219007,NAR,MJS_1,MJS,1,R,R-NAR061219007,4,3,0.9012038092390949,1.1440531356412647
NAR061219007,NAR,MJS_1,MJS,1,R,R-NAR061219007,4,4,1.0459577483236835,1.1440531356412647
NAR061219008,NAR,CJF_1,CJF,1,R,R-NAR061219008,3,1,0.4911260537472274,0.8499355520207851
NAR061219008,NAR,CJF_1,CJF,1,R,R-NAR061219008,3,2,0.7113158683888264,0.8499355520207851
NAR061219008,NAR,CJF_1,CJF,1,R,R-NAR061219008,3,3,0.8373292957042086,0.8499355520207851
NAR061219008,NAR,CJF_2,CJF,2,R,R-NAR061219008,3,1,0.49386078213045603,0.837691851016684
NAR061219008,NAR,CJF_2,CJF,2,R,R-NAR061219008,3,2,0.6875977276967963,0.837691851016684
NAR061219008,NAR,CJF_2,CJF,2,R,R-NAR061219008,3,3,0.8201739641361556,0.837691851016684
NAR061219008,NAR,CJF_3,CJF,3,R,R-NAR061219008,3,1,0.49955197702438087,0.8580629211952718
NAR061219008,NAR,CJF_3,CJF,3,R,R-NAR061219008,3,2,0.7100443561629984,0.8580629211952718
NAR061219008,NAR,CJF_3,CJF,3,R,R-NAR061219008,3,3,0.8383683810713842,0.8580629211952718
NAR061219008,NAR,JRS_1,JRS,1,R,R-NAR061219008,2,1,0.49438719110107754,0.8532157228061654
NAR061219008,NAR,JRS_1,JRS,1,R,R-NAR061219008,2,2,0.7105704317614674,0.8532157228061654
NAR061219008,NAR,LEL_1,LEL,1,R,R-NAR061219008,2,1,0.5043726825604363,0.8389041573724293
NAR061219008,NAR,LEL_1,LEL,1,R,R-NAR061219008,2,2,0.7209056493416441,0.8389041573724293
NAR061219008,NAR,LSR_1,LSR,1,R,R-NAR061219008,3,1,0.47561012047011336,0.894186769201003
NAR061219008,NAR,LSR_1,LSR,1,R,R-NAR061219008,3,2,0.577571099007125,0.894186769201003
NAR061219008,NAR,LSR_1,LSR,1,R,R-NAR061219008,3,3,0.7514580635214262,0.894186769201003
NAR061219008,NAR,MJS_1,MJS,1,R,R-NAR061219008,2,1,0.5092566286032165,0.8521412349289526
NAR061219008,NAR,MJS_1,MJS,1,R,R-NAR061219008,2,2,0.7100801688452141,0.8521412349289526
NAR061219009,NAR,CJF_1,CJF,1,R,R-NAR061219009,4,1,0.44733949112718374,0.9323916901610375
NAR061219009,NAR,CJF_1,CJF,1,R,R-NAR061219009,4,2,0.6479079410743507,0.9323916901610375
NAR061219009,NAR,CJF_1,CJF,1,R,R-NAR061219009,4,3,0.796455112561667,0.9323916901610375
NAR061219009,NAR,CJF_1,CJF,1,R,R-NAR061219009,4,4,0.9037745490546768,0.9323916901610375
NAR061219009,NAR,CJF_2,CJF,2,R,R-NAR061219009,4,1,0.44089407463509805,0.9257111824237357
NAR061219009,NAR,CJF_2,CJF,2,R,R-NAR061219009,4,2,0.6382149654187551,0.9257111824237357
NAR061219009,NAR,CJF_2,CJF,2,R,R-NAR061219009,4,3,0.7867324969066187,0.9257111824237357
NAR061219009,NAR,CJF_2,CJF,2,R,R-NAR061219009,4,4,0.8866130238340105,0.9257111824237357
NAR061219009,NAR,CJF_3,CJF,3,R,R-NAR061219009,4,1,0.45778474294821286,0.9494541348915448
NAR061219009,NAR,CJF_3,CJF,3,R,R-NAR061219009,4,2,0.6795154024118908,0.9494541348915448
NAR061219009,NAR,CJF_3,CJF,3,R,R-NAR061219009,4,3,0.8167150421249612,0.9494541348915448
NAR061219009,NAR,CJF_3,CJF,3,R,R-NAR061219009,4,4,0.9175368920452405,0.9494541348915448
NAR061219009,NAR,JRS_1,JRS,1,R,R-NAR061219009,3,1,0.4299150809314198,0.9011796664583728
NAR061219009,NAR,JRS_1,JRS,1,R,R-NAR061219009,3,2,0.6194674259090847,0.9011796664583728
NAR061219009,NAR,JRS_1,JRS,1,R,R-NAR061219009,3,3,0.7776244478802472,0.9011796664583728
NAR061219009,NAR,LEL_1,LEL,1,R,R-NAR061219009,3,1,0.49095247801318803,0.9442022381200933
NAR061219009,NAR,LEL_1,LEL,1,R,R-NAR061219009,3,2,0.6839899544529074,0.9442022381200933
NAR061219009,NAR,LEL_1,LEL,1,R,R-NAR061219009,3,3,0.8065533620116634,0.9442022381200933
NAR061219009,NAR,LSR_1,LSR,1,R,R-NAR061219009,4,1,0.48714843531155383,0.9632358981916649
NAR061219009,NAR,LSR_1,LSR,1,R,R-NAR061219009,4,2,0.6786510542790203,0.9632358981916649
NAR061219009,NAR,LSR_1,LSR,1,R,R-NAR061219009,4,3,0.8364058471654878,0.9632358981916649
NAR061219009,NAR,LSR_1,LSR,1,R,R-NAR061219009,4,4,0.9342102424591616,0.9632358981916649
NAR061219009,NAR,MJS_1,MJS,1,R,R-NAR061219009,3,1,0.47875142527549414,0.9352840916546398
NAR061219009,NAR,MJS_1,MJS,1,R,R-NAR061219009,3,2,0.671779828601182,0.9352840916546398
NAR061219009,NAR,MJS_1,MJS,1,R,R-NAR061219009,3,3,0.8170850100755591,0.9352840916546398
NAR061219010,NAR,CJF_1,CJF,1,R,R-NAR061219010,3,1,0.4965925681689327,0.9049578079699132
NAR061219010,NAR,CJF_1,CJF,1,R,R-NAR061219010,3,2,0.7451972321048997,0.9049578079699132
NAR061219010,NAR,CJF_1,CJF,1,R,R-NAR061219010,3,3,0.8844778700095639,0.9049578079699132
NAR061219010,NAR,CJF_2,CJF,2,R,R-NAR061219010,3,1,0.49174127980905696,0.9032565711928393
NAR061219010,NAR,CJF_2,CJF,2,R,R-NAR061219010,3,2,0.7314711576583529,0.9032565711928393
NAR061219010,NAR,CJF_2,CJF,2,R,R-NAR061219010,3,3,0.8714491767903563,0.9032565711928393
NAR061219010,NAR,CJF_3,CJF,3,R,R-NAR061219010,3,1,0.5101447855427611,0.9303351875117514
NAR061219010,NAR,CJF_3,CJF,3,R,R-NAR061219010,3,2,0.7669725361255952,0.9303351875117514
NAR061219010,NAR,CJF_3,CJF,3,R,R-NAR061219010,3,3,0.9080522631650085,0.9303351875117514
NAR061219010,NAR,JRS_1,JRS,1,R,R-NAR061219010,2,1,0.534127496590541,0.911774642405578
NAR061219010,NAR,JRS_1,JRS,1,R,R-NAR061219010,2,2,0.7048535970588978,0.911774642405578
NAR061219010,NAR,LEL_1,LEL,1,R,R-NAR061219010,2,1,0.31221949704221225,0.5140138490820844
NAR061219010,NAR,LEL_1,LEL,1,R,R-NAR061219010,2,2,0.44392521034161614,0.5140138490820844
NAR061219010,NAR,LSR_1,LSR,1,R,R-NAR061219010,2,1,0.30111535048072613,0.5289010512864709
NAR061219010,NAR,LSR_1,LSR,1,R,R-NAR061219010,2,2,0.4312144416163066,0.5289010512864709
NAR061219010,NAR,MJS_1,MJS,1,R,R-NAR061219010,2,1,0.3739458397683277,0.5630747078643586
NAR061219010,NAR,MJS_1,MJS,1,R,R-NAR061219010,2,2,0.4903795327579689,0.5630747078643586
NAR061219012,NAR,CJF_1,CJF,1,R,R-NAR061219012,7,1,0.53363882814655506,1.3011469950908787
NAR061219012,NAR,CJF_1,CJF,1,R,R-NAR061219012,7,2,0.7220327569628051,1.3011469950908787
NAR061219012,NAR,CJF_1,CJF,1,R,R-NAR061219012,7,3,0.8427162104484084,1.3011469950908787
NAR061219012,NAR,CJF_1,CJF,1,R,R-NAR061219012,7,4,0.9656692317879859,1.3011469950908787
NAR061219012,NAR,CJF_1,CJF,1,R,R-NAR061219012,7,5,1.0950571366334474,1.3011469950908787
NAR061219012,NAR,CJF_1,CJF,1,R,R-NAR061219012,7,6,1.1965507503699853,1.3011469950908787
NAR061219012,NAR,CJF_1,CJF,1,R,R-NAR061219012,7,7,1.2740283617280441,1.3011469950908787
NAR061219012,NAR,CJF_2,CJF,2,R,R-NAR061219012,7,1,0.5214001012856855,1.3282178415631216
NAR061219012,NAR,CJF_2,CJF,2,R,R-NAR061219012,7,2,0.7079723449130034,1.3282178415631216
NAR061219012,NAR,CJF_2,CJF,2,R,R-NAR061219012,7,3,0.8630337190755326,1.3282178415631216
NAR061219012,NAR,CJF_2,CJF,2,R,R-NAR061219012,7,4,0.9832536512490495,1.3282178415631216
NAR061219012,NAR,CJF_2,CJF,2,R,R-NAR061219012,7,5,1.1002626679501724,1.3282178415631216
NAR061219012,NAR,CJF_2,CJF,2,R,R-NAR061219012,7,6,1.2126946255463653,1.3282178415631216
NAR061219012,NAR,CJF_2,CJF,2,R,R-NAR061219012,7,7,1.2839829672605876,1.3282178415631216
NAR061219012,NAR,CJF_3,CJF,3,R,R-NAR061219012,7,1,0.5342330455247962,1.3111644573828436
NAR061219012,NAR,CJF_3,CJF,3,R,R-NAR061219012,7,2,0.7113573041695087,1.3111644573828436
NAR061219012,NAR,CJF_3,CJF,3,R,R-NAR061219012,7,3,0.8688834838701407,1.3111644573828436
NAR061219012,NAR,CJF_3,CJF,3,R,R-NAR061219012,7,4,0.9857304093866451,1.3111644573828436
NAR061219012,NAR,CJF_3,CJF,3,R,R-NAR061219012,7,5,1.0979161709663505,1.3111644573828436
NAR061219012,NAR,CJF_3,CJF,3,R,R-NAR061219012,7,6,1.2217548423880529,1.3111644573828436
NAR061219012,NAR,CJF_3,CJF,3,R,R-NAR061219012,7,7,1.2962275423755611,1.3111644573828436
NAR061219012,NAR,JRS_1,JRS,1,R,R-NAR061219012,7,1,0.35893433072475395,1.298497725857199
NAR061219012,NAR,JRS_1,JRS,1,R,R-NAR061219012,7,2,0.5099508401591425,1.298497725857199
NAR061219012,NAR,JRS_1,JRS,1,R,R-NAR061219012,7,3,0.7243087020743695,1.298497725857199
NAR061219012,NAR,JRS_1,JRS,1,R,R-NAR061219012,7,4,0.8741636169239663,1.298497725857199
NAR061219012,NAR,JRS_1,JRS,1,R,R-NAR061219012,7,5,0.9826877945958519,1.298497725857199
NAR061219012,NAR,JRS_1,JRS,1,R,R-NAR061219012,7,6,1.1020336277898208,1.298497725857199
NAR061219012,NAR,JRS_1,JRS,1,R,R-NAR061219012,7,7,1.2046472917207316,1.298497725857199
NAR061219012,NAR,LEL_1,LEL,1,R,R-NAR061219012,6,1,0.5241020482751975,1.27423720474372
NAR061219012,NAR,LEL_1,LEL,1,R,R-NAR061219012,6,2,0.6741767377605871,1.27423720474372
NAR061219012,NAR,LEL_1,LEL,1,R,R-NAR061219012,6,3,0.831493089327079,1.27423720474372
NAR061219012,NAR,LEL_1,LEL,1,R,R-NAR061219012,6,4,0.9452957652810423,1.27423720474372
NAR061219012,NAR,LEL_1,LEL,1,R,R-NAR061219012,6,5,1.074741130320876,1.27423720474372
NAR061219012,NAR,LEL_1,LEL,1,R,R-NAR061219012,6,6,1.1923710767108584,1.27423720474372
NAR061219012,NAR,LSR_1,LSR,1,R,R-NAR061219012,6,1,0.3084042496364698,0.7778077156068711
NAR061219012,NAR,LSR_1,LSR,1,R,R-NAR061219012,6,2,0.4346758394804803,0.7778077156068711
NAR061219012,NAR,LSR_1,LSR,1,R,R-NAR061219012,6,3,0.5168214460253001,0.7778077156068711
NAR061219012,NAR,LSR_1,LSR,1,R,R-NAR061219012,6,4,0.6034274142458262,0.7778077156068711
NAR061219012,NAR,LSR_1,LSR,1,R,R-NAR061219012,6,5,0.6503677608428658,0.7778077156068711
NAR061219012,NAR,LSR_1,LSR,1,R,R-NAR061219012,6,6,0.71631791906272,0.7778077156068711
NAR061219012,NAR,MJS_1,MJS,1,R,R-NAR061219012,6,1,0.3173781512589794,0.7948893043955592
NAR061219012,NAR,MJS_1,MJS,1,R,R-NAR061219012,6,2,0.4459075638175942,0.7948893043955592
NAR061219012,NAR,MJS_1,MJS,1,R,R-NAR061219012,6,3,0.535512087637645,0.7948893043955592
NAR061219012,NAR,MJS_1,MJS,1,R,R-NAR061219012,6,4,0.5935130221387074,0.7948893043955592
NAR061219012,NAR,MJS_1,MJS,1,R,R-NAR061219012,6,5,0.661926444913595,0.7948893043955592
NAR061219012,NAR,MJS_1,MJS,1,R,R-NAR061219012,6,6,0.7251336235515717,0.7948893043955592
NAR061219013,NAR,CJF_1,CJF,1,R,R-NAR061219013,7,1,0.5986715208249657,1.2932005885588316
NAR061219013,NAR,CJF_1,CJF,1,R,R-NAR061219013,7,2,0.7829614005219017,1.2932005885588316
NAR061219013,NAR,CJF_1,CJF,1,R,R-NAR061219013,7,3,0.9103151394821531,1.2932005885588316
NAR061219013,NAR,CJF_1,CJF,1,R,R-NAR061219013,7,4,1.0301039175030386,1.2932005885588316
NAR061219013,NAR,CJF_1,CJF,1,R,R-NAR061219013,7,5,1.1137234795764848,1.2932005885588316
NAR061219013,NAR,CJF_1,CJF,1,R,R-NAR061219013,7,6,1.1888141016961395,1.2932005885588316
NAR061219013,NAR,CJF_1,CJF,1,R,R-NAR061219013,7,7,1.2612922804095186,1.2932005885588316
NAR061219013,NAR,CJF_2,CJF,2,R,R-NAR061219013,7,1,0.580063937830654,1.269725934197936
NAR061219013,NAR,CJF_2,CJF,2,R,R-NAR061219013,7,2,0.7683097375340342,1.269725934197936
NAR061219013,NAR,CJF_2,CJF,2,R,R-NAR061219013,7,3,0.9019472384773599,1.269725934197936
NAR061219013,NAR,CJF_2,CJF,2,R,R-NAR061219013,7,4,1.0082805900406582,1.269725934197936
NAR061219013,NAR,CJF_2,CJF,2,R,R-NAR061219013,7,5,1.101131542150285,1.269725934197936
NAR061219013,NAR,CJF_2,CJF,2,R,R-NAR061219013,7,6,1.1859693467910126,1.269725934197936
NAR061219013,NAR,CJF_2,CJF,2,R,R-NAR061219013,7,7,1.256985401505384,1.269725934197936
NAR061219013,NAR,CJF_3,CJF,3,R,R-NAR061219013,7,1,0.5826917365568806,1.2834102734185835
NAR061219013,NAR,CJF_3,CJF,3,R,R-NAR061219013,7,2,0.7605999952566591,1.2834102734185835
NAR061219013,NAR,CJF_3,CJF,3,R,R-NAR061219013,7,3,0.8954451489954506,1.2834102734185835
NAR061219013,NAR,CJF_3,CJF,3,R,R-NAR061219013,7,4,1.0115866696816636,1.2834102734185835
NAR061219013,NAR,CJF_3,CJF,3,R,R-NAR061219013,7,5,1.1041127683816487,1.2834102734185835
NAR061219013,NAR,CJF_3,CJF,3,R,R-NAR061219013,7,6,1.1630021602136966,1.2834102734185835
NAR061219013,NAR,CJF_3,CJF,3,R,R-NAR061219013,7,7,1.253146946013618,1.2834102734185835
NAR061219013,NAR,JRS_1,JRS,1,R,R-NAR061219013,6,1,0.5456992470823464,1.2477263695826033
NAR061219013,NAR,JRS_1,JRS,1,R,R-NAR061219013,6,2,0.748196809302516,1.2477263695826033
NAR061219013,NAR,JRS_1,JRS,1,R,R-NAR061219013,6,3,0.8884619194974772,1.2477263695826033
NAR061219013,NAR,JRS_1,JRS,1,R,R-NAR061219013,6,4,0.9957234743524472,1.2477263695826033
NAR061219013,NAR,JRS_1,JRS,1,R,R-NAR061219013,6,5,1.0864832515374223,1.2477263695826033
NAR061219013,NAR,JRS_1,JRS,1,R,R-NAR061219013,6,6,1.1656564936796723,1.2477263695826033
NAR061219013,NAR,LEL_1,LEL,1,R,R-NAR061219013,6,1,0.5823489634149618,1.2614681843859574
NAR061219013,NAR,LEL_1,LEL,1,R,R-NAR061219013,6,2,0.7721141719795199,1.2614681843859574
NAR061219013,NAR,LEL_1,LEL,1,R,R-NAR061219013,6,3,0.8674286307814886,1.2614681843859574
NAR061219013,NAR,LEL_1,LEL,1,R,R-NAR061219013,6,4,1.0057613033975528,1.2614681843859574
NAR061219013,NAR,LEL_1,LEL,1,R,R-NAR061219013,6,5,1.105677032742017,1.2614681843859574
NAR061219013,NAR,LEL_1,LEL,1,R,R-NAR061219013,6,6,1.1873083190636187,1.2614681843859574
NAR061219013,NAR,LSR_1,LSR,1,R,R-NAR061219013,8,1,0.2234117628719839,0.7726329461393114
NAR061219013,NAR,LSR_1,LSR,1,R,R-NAR061219013,8,2,0.291480218647376,0.7726329461393114
NAR061219013,NAR,LSR_1,LSR,1,R,R-NAR061219013,8,3,0.3572507561064173,0.7726329461393114
NAR061219013,NAR,LSR_1,LSR,1,R,R-NAR061219013,8,4,0.44319031112356505,0.7726329461393114
NAR061219013,NAR,LSR_1,LSR,1,R,R-NAR061219013,8,5,0.5165222516836859,0.7726329461393114
NAR061219013,NAR,LSR_1,LSR,1,R,R-NAR061219013,8,6,0.5779919263702948,0.7726329461393114
NAR061219013,NAR,LSR_1,LSR,1,R,R-NAR061219013,8,7,0.6258913645875828,0.7726329461393114
NAR061219013,NAR,LSR_1,LSR,1,R,R-NAR061219013,8,8,0.704564490363919,0.7726329461393114
NAR061219013,NAR,MJS_1,MJS,1,R,R-NAR061219013,6,1,0.6014210982942755,1.319384776304217
NAR061219013,NAR,MJS_1,MJS,1,R,R-NAR061219013,6,2,0.7897736502903963,1.319384776304217
NAR061219013,NAR,MJS_1,MJS,1,R,R-NAR061219013,6,3,0.9370095323627065,1.319384776304217
NAR061219013,NAR,MJS_1,MJS,1,R,R-NAR061219013,6,4,1.0471351157909887,1.319384776304217
NAR061219013,NAR,MJS_1,MJS,1,R,R-NAR061219013,6,5,1.128197154333462,1.319384776304217
NAR061219013,NAR,MJS_1,MJS,1,R,R-NAR061219013,6,6,1.2229760865834223,1.319384776304217
NAR061219014,NAR,CJF_1,CJF,1,R,R-NAR061219014,6,1,0.5279246235924043,1.2533730903071467
NAR061219014,NAR,CJF_1,CJF,1,R,R-NAR061219014,6,2,0.6986321956399439,1.2533730903071467
NAR061219014,NAR,CJF_1,CJF,1,R,R-NAR061219014,6,3,0.8748860924915219,1.2533730903071467
NAR061219014,NAR,CJF_1,CJF,1,R,R-NAR061219014,6,4,1.0132310686602242,1.2533730903071467
NAR061219014,NAR,CJF_1,CJF,1,R,R-NAR061219014,6,5,1.1356175654130072,1.2533730903071467
NAR061219014,NAR,CJF_1,CJF,1,R,R-NAR061219014,6,6,1.2241239043284269,1.2533730903071467
NAR061219014,NAR,CJF_2,CJF,2,R,R-NAR061219014,6,1,0.5388379632308844,1.2559742337513204
NAR061219014,NAR,CJF_2,CJF,2,R,R-NAR061219014,6,2,0.7171362705204359,1.2559742337513204
NAR061219014,NAR,CJF_2,CJF,2,R,R-NAR061219014,6,3,0.8685733380689619,1.2559742337513204
NAR061219014,NAR,CJF_2,CJF,2,R,R-NAR061219014,6,4,1.0090427275200504,1.2559742337513204
NAR061219014,NAR,CJF_2,CJF,2,R,R-NAR061219014,6,5,1.1194478856624606,1.2559742337513204
NAR061219014,NAR,CJF_2,CJF,2,R,R-NAR061219014,6,6,1.220486861491261,1.2559742337513204
NAR061219014,NAR,CJF_3,CJF,3,R,R-NAR061219014,6,1,0.5588021951994392,1.2662170926249972
NAR061219014,NAR,CJF_3,CJF,3,R,R-NAR061219014,6,2,0.7445036028560603,1.2662170926249972
NAR061219014,NAR,CJF_3,CJF,3,R,R-NAR061219014,6,3,0.8747689875704872,1.2662170926249972
NAR061219014,NAR,CJF_3,CJF,3,R,R-NAR061219014,6,4,1.0412132463000778,1.2662170926249972
NAR061219014,NAR,CJF_3,CJF,3,R,R-NAR061219014,6,5,1.1390752725637052,1.2662170926249972
NAR061219014,NAR,CJF_3,CJF,3,R,R-NAR061219014,6,6,1.2457420020435455,1.2662170926249972
NAR061219014,NAR,JRS_1,JRS,1,R,R-NAR061219014,5,1,0.32178266598014077,0.8041681913450576
NAR061219014,NAR,JRS_1,JRS,1,R,R-NAR061219014,5,2,0.45253275837289386,0.8041681913450576
NAR061219014,NAR,JRS_1,JRS,1,R,R-NAR061219014,5,3,0.5722322999462842,0.8041681913450576
NAR061219014,NAR,JRS_1,JRS,1,R,R-NAR061219014,5,4,0.6659549072042978,0.8041681913450576
NAR061219014,NAR,JRS_1,JRS,1,R,R-NAR061219014,5,5,0.7293920370623522,0.8041681913450576
NAR061219014,NAR,LEL_1,LEL,1,R,R-NAR061219014,5,1,0.5510368494804421,1.244938182052454
NAR061219014,NAR,LEL_1,LEL,1,R,R-NAR061219014,5,2,0.720467243850328,1.244938182052454
NAR061219014,NAR,LEL_1,LEL,1,R,R-NAR061219014,5,3,0.8751870571317215,1.244938182052454
NAR061219014,NAR,LEL_1,LEL,1,R,R-NAR061219014,5,4,1.0063047916822527,1.244938182052454
NAR061219014,NAR,LEL_1,LEL,1,R,R-NAR061219014,5,5,1.1402777771314545,1.244938182052454
NAR061219014,NAR,LSR_1,LSR,1,R,R-NAR061219014,5,1,0.3232672929675486,0.8035077986288383
NAR061219014,NAR,LSR_1,LSR,1,R,R-NAR061219014,5,2,0.43288843757112955,0.8035077986288383
NAR061219014,NAR,LSR_1,LSR,1,R,R-NAR061219014,5,3,0.5512776585343915,0.8035077986288383
NAR061219014,NAR,LSR_1,LSR,1,R,R-NAR061219014,5,4,0.6531820047918763,0.8035077986288383
NAR061219014,NAR,LSR_1,LSR,1,R,R-NAR061219014,5,5,0.723951812792651,0.8035077986288383
NAR061219014,NAR,MJS_1,MJS,1,R,R-NAR061219014,5,1,0.3447141563522125,0.7642984150715698
NAR061219014,NAR,MJS_1,MJS,1,R,R-NAR061219014,5,2,0.45722630777622597,0.7642984150715698
NAR061219014,NAR,MJS_1,MJS,1,R,R-NAR061219014,5,3,0.5436513997471961,0.7642984150715698
NAR061219014,NAR,MJS_1,MJS,1,R,R-NAR061219014,5,4,0.6366819780132652,0.7642984150715698
NAR061219014,NAR,MJS_1,MJS,1,R,R-NAR061219014,5,5,0.6978480020243778,0.7642984150715698
NAR061219015,NAR,CJF_1,CJF,1,R,R-NAR061219015,15,1,0.4690712490371869,1.7094334091454693
NAR061219015,NAR,CJF_1,CJF,1,R,R-NAR061219015,15,2,0.6744666819463168,1.7094334091454693
NAR061219015,NAR,CJF_1,CJF,1,R,R-NAR061219015,15,3,0.8093850045798624,1.7094334091454693
NAR061219015,NAR,CJF_1,CJF,1,R,R-NAR061219015,15,4,0.9342851410911757,1.7094334091454693
NAR061219015,NAR,CJF_1,CJF,1,R,R-NAR061219015,15,5,0.9946191340231143,1.7094334091454693
NAR061219015,NAR,CJF_1,CJF,1,R,R-NAR061219015,15,6,1.0932970829066446,1.7094334091454693
NAR061219015,NAR,CJF_1,CJF,1,R,R-NAR061219015,15,7,1.1939536827703394,1.7094334091454693
NAR061219015,NAR,CJF_1,CJF,1,R,R-NAR061219015,15,8,1.2403121876197176,1.7094334091454693
NAR061219015,NAR,CJF_1,CJF,1,R,R-NAR061219015,15,9,1.3228361074862631,1.7094334091454693
NAR061219015,NAR,CJF_1,CJF,1,R,R-NAR061219015,15,10,1.387277319844225,1.7094334091454693
NAR061219015,NAR,CJF_1,CJF,1,R,R-NAR061219015,15,11,1.4456576480402823,1.7094334091454693
NAR061219015,NAR,CJF_1,CJF,1,R,R-NAR061219015,15,12,1.5221956424777707,1.7094334091454693
NAR061219015,NAR,CJF_1,CJF,1,R,R-NAR061219015,15,13,1.5926477665090724,1.7094334091454693
NAR061219015,NAR,CJF_1,CJF,1,R,R-NAR061219015,15,14,1.669185760946561,1.7094334091454693
NAR061219015,NAR,CJF_1,CJF,1,R,R-NAR061219015,15,15,1.695332989841496,1.7094334091454693
NAR061219015,NAR,CJF_2,CJF,2,R,R-NAR061219015,16,1,0.4531609411261948,1.6895170162424946
NAR061219015,NAR,CJF_2,CJF,2,R,R-NAR061219015,16,2,0.6605066603256546,1.6895170162424946
NAR061219015,NAR,CJF_2,CJF,2,R,R-NAR061219015,16,3,0.8080379928735536,1.6895170162424946
NAR061219015,NAR,CJF_2,CJF,2,R,R-NAR061219015,16,4,0.908894628945876,1.6895170162424946
NAR061219015,NAR,CJF_2,CJF,2,R,R-NAR061219015,16,5,0.9853953598025925,1.6895170162424946
NAR061219015,NAR,CJF_2,CJF,2,R,R-NAR061219015,16,6,1.0681291302012377,1.6895170162424946
NAR061219015,NAR,CJF_2,CJF,2,R,R-NAR061219015,16,7,1.1659504054472363,1.6895170162424946
NAR061219015,NAR,CJF_2,CJF,2,R,R-NAR061219015,16,8,1.2078042443144008,1.6895170162424946
NAR061219015,NAR,CJF_2,CJF,2,R,R-NAR061219015,16,9,1.2578389373948626,1.6895170162424946
NAR061219015,NAR,CJF_2,CJF,2,R,R-NAR061219015,16,10,1.3014539335091104,1.6895170162424946
NAR061219015,NAR,CJF_2,CJF,2,R,R-NAR061219015,16,11,1.3731338067574153,1.6895170162424946
NAR061219015,NAR,CJF_2,CJF,2,R,R-NAR061219015,16,12,1.4364705079031426,1.6895170162424946
NAR061219015,NAR,CJF_2,CJF,2,R,R-NAR061219015,16,13,1.5103984920663727,1.6895170162424946
NAR061219015,NAR,CJF_2,CJF,2,R,R-NAR061219015,16,14,1.5779067792633887,1.6895170162424946
NAR061219015,NAR,CJF_2,CJF,2,R,R-NAR061219015,16,15,1.6338742156422223,1.6895170162424946
NAR061219015,NAR,CJF_2,CJF,2,R,R-NAR061219015,16,16,1.6797373226713952,1.6895170162424946
NAR061219015,NAR,CJF_3,CJF,3,R,R-NAR061219015,15,1,0.5272041316368847,1.7695439254179959
NAR061219015,NAR,CJF_3,CJF,3,R,R-NAR061219015,15,2,0.7334656996152952,1.7695439254179959
NAR061219015,NAR,CJF_3,CJF,3,R,R-NAR061219015,15,3,0.861842725078685,1.7695439254179959
NAR061219015,NAR,CJF_3,CJF,3,R,R-NAR061219015,15,4,0.9839279004211762,1.7695439254179959
NAR061219015,NAR,CJF_3,CJF,3,R,R-NAR061219015,15,5,1.052159448541351,1.7695439254179959
NAR061219015,NAR,CJF_3,CJF,3,R,R-NAR061219015,15,6,1.1463979702408358,1.7695439254179959
NAR061219015,NAR,CJF_3,CJF,3,R,R-NAR061219015,15,7,1.218490716118949,1.7695439254179959
NAR061219015,NAR,CJF_3,CJF,3,R,R-NAR061219015,15,8,1.2864949672009465,1.7695439254179959
NAR061219015,NAR,CJF_3,CJF,3,R,R-NAR061219015,15,9,1.3567480330153616,1.7695439254179959
NAR061219015,NAR,CJF_3,CJF,3,R,R-NAR061219015,15,10,1.434905331976196,1.7695439254179959
NAR061219015,NAR,CJF_3,CJF,3,R,R-NAR061219015,15,11,1.4990938447078908,1.7695439254179959
NAR061219015,NAR,CJF_3,CJF,3,R,R-NAR061219015,15,12,1.5571723449492294,1.7695439254179959
NAR061219015,NAR,CJF_3,CJF,3,R,R-NAR061219015,15,13,1.6293105502349783,1.7695439254179959
NAR061219015,NAR,CJF_3,CJF,3,R,R-NAR061219015,15,14,1.7114199657690214,1.7695439254179959
NAR061219015,NAR,CJF_3,CJF,3,R,R-NAR061219015,15,15,1.7495105861061362,1.7695439254179959
NAR061219015,NAR,JRS_1,JRS,1,R,R-NAR061219015,15,1,0.5013808414849722,1.702622494745893
NAR061219015,NAR,JRS_1,JRS,1,R,R-NAR061219015,15,2,0.5869371064437271,1.702622494745893
NAR061219015,NAR,JRS_1,JRS,1,R,R-NAR061219015,15,3,0.6828966241036236,1.702622494745893
NAR061219015,NAR,JRS_1,JRS,1,R,R-NAR061219015,15,4,0.8249147417284886,1.702622494745893
NAR061219015,NAR,JRS_1,JRS,1,R,R-NAR061219015,15,5,0.947076578087041,1.702622494745893
NAR061219015,NAR,JRS_1,JRS,1,R,R-NAR061219015,15,6,1.019337496750666,1.702622494745893
NAR061219015,NAR,JRS_1,JRS,1,R,R-NAR061219015,15,7,1.099497948413048,1.702622494745893
NAR061219015,NAR,JRS_1,JRS,1,R,R-NAR061219015,15,8,1.1954574660729445,1.702622494745893
NAR061219015,NAR,JRS_1,JRS,1,R,R-NAR061219015,15,9,1.238235598552322,1.702622494745893
NAR061219015,NAR,JRS_1,JRS,1,R,R-NAR061219015,15,10,1.3180076763231003,1.702622494745893
NAR061219015,NAR,JRS_1,JRS,1,R,R-NAR061219015,15,11,1.3906569688783286,1.702622494745893
NAR061219015,NAR,JRS_1,JRS,1,R,R-NAR061219015,15,12,1.4438383540588478,1.702622494745893
NAR061219015,NAR,JRS_1,JRS,1,R,R-NAR061219015,15,13,1.5394094978271409,1.702622494745893
NAR061219015,NAR,JRS_1,JRS,1,R,R-NAR061219015,15,14,1.598375070195636,1.702622494745893
NAR061219015,NAR,JRS_1,JRS,1,R,R-NAR061219015,15,15,1.6627364558605036,1.702622494745893
NAR061219015,NAR,LEL_1,LEL,1,R,R-NAR061219015,15,1,0.46132688735666494,1.7095061166577437
NAR061219015,NAR,LEL_1,LEL,1,R,R-NAR061219015,15,2,0.5262128579169001,1.7095061166577437
NAR061219015,NAR,LEL_1,LEL,1,R,R-NAR061219015,15,3,0.6457070890992348,1.7095061166577437
NAR061219015,NAR,LEL_1,LEL,1,R,R-NAR061219015,15,4,0.7790415769372143,1.7095061166577437
NAR061219015,NAR,LEL_1,LEL,1,R,R-NAR061219015,15,5,0.9187483922097301,1.7095061166577437
NAR061219015,NAR,LEL_1,LEL,1,R,R-NAR061219015,15,6,0.9816816715181659,1.7095061166577437
NAR061219015,NAR,LEL_1,LEL,1,R,R-NAR061219015,15,7,1.0605793166270918,1.7095061166577437
NAR061219015,NAR,LEL_1,LEL,1,R,R-NAR061219015,15,8,1.1490690001019712,1.7095061166577437
NAR061219015,NAR,LEL_1,LEL,1,R,R-NAR061219015,15,9,1.234338972645434,1.7095061166577437
NAR061219015,NAR,LEL_1,LEL,1,R,R-NAR061219015,15,10,1.2956623964881615,1.7095061166577437
NAR061219015,NAR,LEL_1,LEL,1,R,R-NAR061219015,15,11,1.3701404054143504,1.7095061166577437
NAR061219015,NAR,LEL_1,LEL,1,R,R-NAR061219015,15,12,1.4368076493333402,1.7095061166577437
NAR061219015,NAR,LEL_1,LEL,1,R,R-NAR061219015,15,13,1.5135811852974204,1.7095061166577437
NAR061219015,NAR,LEL_1,LEL,1,R,R-NAR061219015,15,14,1.5637698097367823,1.7095061166577437
NAR061219015,NAR,LEL_1,LEL,1,R,R-NAR061219015,15,15,1.6449629818835996,1.7095061166577437
NAR061219015,NAR,LSR_1,LSR,1,R,R-NAR061219015,15,1,0.5658465426920393,1.8054030912693926
NAR061219015,NAR,LSR_1,LSR,1,R,R-NAR061219015,15,2,0.6582841861772861,1.8054030912693926
NAR061219015,NAR,LSR_1,LSR,1,R,R-NAR061219015,15,3,0.7499553553191796,1.8054030912693926
NAR061219015,NAR,LSR_1,LSR,1,R,R-NAR061219015,15,4,0.9048041145984295,1.8054030912693926
NAR061219015,NAR,LSR_1,LSR,1,R,R-NAR061219015,15,5,0.9922701458128564,1.8054030912693926
NAR061219015,NAR,LSR_1,LSR,1,R,R-NAR061219015,15,6,1.0737425989653266,1.8054030912693926
NAR061219015,NAR,LSR_1,LSR,1,R,R-NAR061219015,15,7,1.1852415798090394,1.8054030912693926
NAR061219015,NAR,LSR_1,LSR,1,R,R-NAR061219015,15,8,1.272452119575682,1.8054030912693926
NAR061219015,NAR,LSR_1,LSR,1,R,R-NAR061219015,15,9,1.3184154498705212,1.8054030912693926
NAR061219015,NAR,LSR_1,LSR,1,R,R-NAR061219015,15,10,1.4053704981893793,1.8054030912693926
NAR061219015,NAR,LSR_1,LSR,1,R,R-NAR061219015,15,11,1.4706506572904692,1.8054030912693926
NAR061219015,NAR,LSR_1,LSR,1,R,R-NAR061219015,15,12,1.5387998596986452,1.8054030912693926
NAR061219015,NAR,LSR_1,LSR,1,R,R-NAR061219015,15,13,1.632259468975029,1.8054030912693926
NAR061219015,NAR,LSR_1,LSR,1,R,R-NAR061219015,15,14,1.7051247922062402,1.8054030912693926
NAR061219015,NAR,LSR_1,LSR,1,R,R-NAR061219015,15,15,1.775632055025934,1.8054030912693926
NAR061219015,NAR,MJS_1,MJS,1,R,R-NAR061219015,14,1,0.6450614706874516,1.793920014978484
NAR061219015,NAR,MJS_1,MJS,1,R,R-NAR061219015,14,2,0.7467007407022437,1.793920014978484
NAR061219015,NAR,MJS_1,MJS,1,R,R-NAR061219015,14,3,0.8883472250322969,1.793920014978484
NAR061219015,NAR,MJS_1,MJS,1,R,R-NAR061219015,14,4,0.986733480315258,1.793920014978484
NAR061219015,NAR,MJS_1,MJS,1,R,R-NAR061219015,14,5,1.0912436778156986,1.793920014978484
NAR061219015,NAR,MJS_1,MJS,1,R,R-NAR061219015,14,6,1.1599601669874429,1.793920014978484
NAR061219015,NAR,MJS_1,MJS,1,R,R-NAR061219015,14,7,1.2575822477780378,1.793920014978484
NAR061219015,NAR,MJS_1,MJS,1,R,R-NAR061219015,14,8,1.3127082740139064,1.793920014978484
NAR061219015,NAR,MJS_1,MJS,1,R,R-NAR061219015,14,9,1.3938689643829774,1.793920014978484
NAR061219015,NAR,MJS_1,MJS,1,R,R-NAR061219015,14,10,1.4514838308583111,1.793920014978484
NAR061219015,NAR,MJS_1,MJS,1,R,R-NAR061219015,14,11,1.5205824072762386,1.793920014978484
NAR061219015,NAR,MJS_1,MJS,1,R,R-NAR061219015,14,12,1.5942765769269136,1.793920014978484
NAR061219015,NAR,MJS_1,MJS,1,R,R-NAR061219015,14,13,1.6576332983735445,1.793920014978484
NAR061219015,NAR,MJS_1,MJS,1,R,R-NAR061219015,14,14,1.7317095552704025,1.793920014978484
NAR061219016,NAR,CJF_1,CJF,1,R,R-NAR061219016,12,1,0.5487083281401967,1.408155452408169
NAR061219016,NAR,CJF_1,CJF,1,R,R-NAR061219016,12,2,0.6835688026376401,1.408155452408169
NAR061219016,NAR,CJF_1,CJF,1,R,R-NAR061219016,12,3,0.768439581316854,1.408155452408169
NAR061219016,NAR,CJF_1,CJF,1,R,R-NAR061219016,12,4,0.8563787421320199,1.408155452408169
NAR061219016,NAR,CJF_1,CJF,1,R,R-NAR061219016,12,5,0.9279696803870473,1.408155452408169
NAR061219016,NAR,CJF_1,CJF,1,R,R-NAR061219016,12,6,1.0035740289158388,1.408155452408169
NAR061219016,NAR,CJF_1,CJF,1,R,R-NAR061219016,12,7,1.065603955555361,1.408155452408169
NAR061219016,NAR,CJF_1,CJF,1,R,R-NAR061219016,12,8,1.134421093139518,1.408155452408169
NAR061219016,NAR,CJF_1,CJF,1,R,R-NAR061219016,12,9,1.1992248204499105,1.408155452408169
NAR061219016,NAR,CJF_1,CJF,1,R,R-NAR061219016,12,10,1.2461461341321878,1.408155452408169
NAR061219016,NAR,CJF_1,CJF,1,R,R-NAR061219016,12,11,1.31094986144258,1.408155452408169
NAR061219016,NAR,CJF_1,CJF,1,R,R-NAR061219016,12,12,1.375753588752973,1.408155452408169
NAR061219016,NAR,CJF_2,CJF,2,R,R-NAR061219016,12,1,0.5673944294129178,1.4267032558853217
NAR061219016,NAR,CJF_2,CJF,2,R,R-NAR061219016,12,2,0.6902449258260318,1.4267032558853217
NAR061219016,NAR,CJF_2,CJF,2,R,R-NAR061219016,12,3,0.7929629963619239,1.4267032558853217
NAR061219016,NAR,CJF_2,CJF,2,R,R-NAR061219016,12,4,0.8602090229954624,1.4267032558853217
NAR061219016,NAR,CJF_2,CJF,2,R,R-NAR061219016,12,5,0.9365724285050875,1.4267032558853217
NAR061219016,NAR,CJF_2,CJF,2,R,R-NAR061219016,12,6,1.0220532128907989,1.4267032558853217
NAR061219016,NAR,CJF_2,CJF,2,R,R-NAR061219016,12,7,1.0745861313520342,1.4267032558853217
NAR061219016,NAR,CJF_2,CJF,2,R,R-NAR061219016,12,8,1.1378604101441747,1.4267032558853217
NAR061219016,NAR,CJF_2,CJF,2,R,R-NAR061219016,12,9,1.2130499324605102,1.4267032558853217
NAR061219016,NAR,CJF_2,CJF,2,R,R-NAR061219016,12,10,1.2667567341150354,1.4267032558853217
NAR061219016,NAR,CJF_2,CJF,2,R,R-NAR061219016,12,11,1.3284070314523573,1.4267032558853217
NAR061219016,NAR,CJF_2,CJF,2,R,R-NAR061219016,12,12,1.398000824472475,1.4267032558853217
NAR061219016,NAR,CJF_3,CJF,3,R,R-NAR061219016,12,1,0.601447917889127,1.457724878643583
NAR061219016,NAR,CJF_3,CJF,3,R,R-NAR061219016,12,2,0.7316216601548614,1.457724878643583
NAR061219016,NAR,CJF_3,CJF,3,R,R-NAR061219016,12,3,0.8316502330496995,1.457724878643583
NAR061219016,NAR,CJF_3,CJF,3,R,R-NAR061219016,12,4,0.9087410783456311,1.457724878643583
NAR061219016,NAR,CJF_3,CJF,3,R,R-NAR061219016,12,5,0.9858319236415626,1.457724878643583
NAR061219016,NAR,CJF_3,CJF,3,R,R-NAR061219016,12,6,1.0627165091446178,1.457724878643583
NAR061219016,NAR,CJF_3,CJF,3,R,R-NAR061219016,12,7,1.123870808820756,1.457724878643583
NAR061219016,NAR,CJF_3,CJF,3,R,R-NAR061219016,12,8,1.1831298485981692,1.457724878643583
NAR061219016,NAR,CJF_3,CJF,3,R,R-NAR061219016,12,9,1.2561849925409332,1.457724878643583
NAR061219016,NAR,CJF_3,CJF,3,R,R-NAR061219016,12,10,1.3090616297178606,1.457724878643583
NAR061219016,NAR,CJF_3,CJF,3,R,R-NAR061219016,12,11,1.3725626306413166,1.457724878643583
NAR061219016,NAR,CJF_3,CJF,3,R,R-NAR061219016,12,12,1.4362698913576488,1.457724878643583
NAR061219017,NAR,JRS_1,JRS,1,R,R-NAR061219017,3,1,0.6299449374014384,1.010733687904353
NAR061219017,NAR,JRS_1,JRS,1,R,R-NAR061219017,3,2,0.7832408517976592,1.010733687904353
NAR061219017,NAR,JRS_1,JRS,1,R,R-NAR061219017,3,3,0.9007644750917907,1.010733687904353
NAR061219017,NAR,NGA_1,NGA,1,R,R-NAR061219017,3,1,0.6195805915634729,1.0708257310335425
NAR061219017,NAR,NGA_1,NGA,1,R,R-NAR061219017,3,1,0.4370529113448342,0.7541973566193692
NAR061219017,NAR,NGA_1,NGA,1,R,R-NAR061219017,3,2,0.8310853458633471,1.0708257310335425
NAR061219017,NAR,NGA_1,NGA,1,R,R-NAR061219017,3,2,0.5607039205370096,0.7541973566193692
NAR061219017,NAR,NGA_1,NGA,1,R,R-NAR061219017,3,3,0.9599157412501347,1.0708257310335425
NAR061219017,NAR,NGA_1,NGA,1,R,R-NAR061219017,3,3,0.6674281281339297,0.7541973566193692
NAR061219017,NAR,NGA_2,NGA,2,R,R-NAR061219017,2,1,0.6728480182943715,0.9543055906628037
NAR061219017,NAR,NGA_2,NGA,2,R,R-NAR061219017,3,1,0.48934616429697436,0.7768489527257129
NAR061219017,NAR,NGA_2,NGA,2,R,R-NAR061219017,2,2,0.8361628753068024,0.9543055906628037
NAR061219017,NAR,NGA_2,NGA,2,R,R-NAR061219017,3,2,0.5918330805460521,0.7768489527257129
NAR061219017,NAR,NGA_2,NGA,2,R,R-NAR061219017,3,3,0.696444606451934,0.7768489527257129
NAR061219018,NAR,CJF_1,CJF,1,R,R-NAR061219018,4,1,0.4918436370683723,0.9824804543291081
NAR061219018,NAR,CJF_1,CJF,1,R,R-NAR061219018,4,2,0.7079624334357503,0.9824804543291081
NAR061219018,NAR,CJF_1,CJF,1,R,R-NAR061219018,4,3,0.843168453991959,0.9824804543291081
NAR061219018,NAR,CJF_1,CJF,1,R,R-NAR061219018,4,4,0.9429187885421614,0.9824804543291081
NAR061219018,NAR,CJF_2,CJF,2,R,R-NAR061219018,4,1,0.5675896566247712,1.0636339037803064
NAR061219018,NAR,CJF_2,CJF,2,R,R-NAR061219018,4,2,0.7606902442073954,1.0636339037803064
NAR061219018,NAR,CJF_2,CJF,2,R,R-NAR061219018,4,3,0.9218584757006199,1.0636339037803064
NAR061219018,NAR,CJF_2,CJF,2,R,R-NAR061219018,4,4,1.027521696798954,1.0636339037803064
NAR061219018,NAR,CJF_3,CJF,3,R,R-NAR061219018,4,1,0.5875913573279823,1.0704829164061533
NAR061219018,NAR,CJF_3,CJF,3,R,R-NAR061219018,4,2,0.8012550110457165,1.0704829164061533
NAR061219018,NAR,CJF_3,CJF,3,R,R-NAR061219018,4,3,0.9555881114935676,1.0704829164061533
NAR061219018,NAR,CJF_3,CJF,3,R,R-NAR061219018,4,4,1.0474736482922444,1.0704829164061533
NAR061219019,NAR,CJF_1,CJF,1,R,R-NAR061219019,13,1,0.47721767055034575,1.5229644018294104
NAR061219019,NAR,CJF_1,CJF,1,R,R-NAR061219019,13,2,0.6558545064551935,1.5229644018294104
NAR061219019,NAR,CJF_1,CJF,1,R,R-NAR061219019,13,3,0.7735485547033913,1.5229644018294104
NAR061219019,NAR,CJF_1,CJF,1,R,R-NAR061219019,13,4,0.8692056589067676,1.5229644018294104
NAR061219019,NAR,CJF_1,CJF,1,R,R-NAR061219019,13,5,0.9739653563865568,1.5229644018294104
NAR061219019,NAR,CJF_1,CJF,1,R,R-NAR061219019,13,6,1.0632837743389807,1.5229644018294104
NAR061219019,NAR,CJF_1,CJF,1,R,R-NAR061219019,13,7,1.1241751663423294,1.5229644018294104
NAR061219019,NAR,CJF_1,CJF,1,R,R-NAR061219019,13,8,1.1896178549838843,1.5229644018294104
NAR061219019,NAR,CJF_1,CJF,1,R,R-NAR061219019,13,9,1.2549577523188382,1.5229644018294104
NAR061219019,NAR,CJF_1,CJF,1,R,R-NAR061219019,13,10,1.3355847422212554,1.5229644018294104
NAR061219019,NAR,CJF_1,CJF,1,R,R-NAR061219019,13,11,1.400873243902908,1.5229644018294104
NAR061219019,NAR,CJF_1,CJF,1,R,R-NAR061219019,13,12,1.462073009826062,1.5229644018294104
NAR061219019,NAR,CJF_1,CJF,1,R,R-NAR061219019,13,13,1.5055301500760963,1.5229644018294104
NAR061219019,NAR,CJF_2,CJF,2,R,R-NAR061219019,13,1,0.5077568263239824,1.5431579811467595
NAR061219019,NAR,CJF_2,CJF,2,R,R-NAR061219019,13,2,0.6524176570840219,1.5431579811467595
NAR061219019,NAR,CJF_2,CJF,2,R,R-NAR061219019,13,3,0.7865348546786318,1.5431579811467595
NAR061219019,NAR,CJF_2,CJF,2,R,R-NAR061219019,13,4,0.8795474319851375,1.5431579811467595
NAR061219019,NAR,CJF_2,CJF,2,R,R-NAR061219019,13,5,0.9723003057267751,1.5431579811467595
NAR061219019,NAR,CJF_2,CJF,2,R,R-NAR061219019,13,6,1.0630743046177609,1.5431579811467595
NAR061219019,NAR,CJF_2,CJF,2,R,R-NAR061219019,13,7,1.1386976617298434,1.5431579811467595
NAR061219019,NAR,CJF_2,CJF,2,R,R-NAR061219019,13,8,1.2037773856764964,1.5431579811467595
NAR061219019,NAR,CJF_2,CJF,2,R,R-NAR061219019,13,9,1.2600326477435042,1.5431579811467595
NAR061219019,NAR,CJF_2,CJF,2,R,R-NAR061219019,13,10,1.3461996380210164,1.5431579811467595
NAR061219019,NAR,CJF_2,CJF,2,R,R-NAR061219019,13,11,1.4173458383020585,1.5431579811467595
NAR061219019,NAR,CJF_2,CJF,2,R,R-NAR061219019,13,12,1.4762292341318883,1.5431579811467595
NAR061219019,NAR,CJF_2,CJF,2,R,R-NAR061219019,13,13,1.5190530257057766,1.5431579811467595
NAR061219019,NAR,CJF_3,CJF,3,R,R-NAR061219019,13,1,0.47843876727671586,1.5245967312111053
NAR061219019,NAR,CJF_3,CJF,3,R,R-NAR061219019,13,2,0.6674620340290515,1.5245967312111053
NAR061219019,NAR,CJF_3,CJF,3,R,R-NAR061219019,13,3,0.7740343031352473,1.5245967312111053
NAR061219019,NAR,CJF_3,CJF,3,R,R-NAR061219019,13,4,0.8672724069721401,1.5245967312111053
NAR061219019,NAR,CJF_3,CJF,3,R,R-NAR061219019,13,5,0.971622315200119,1.5245967312111053
NAR061219019,NAR,CJF_3,CJF,3,R,R-NAR061219019,13,6,1.0612274427814103,1.5245967312111053
NAR061219019,NAR,CJF_3,CJF,3,R,R-NAR061219019,13,7,1.124813636224761,1.5245967312111053
NAR061219019,NAR,CJF_3,CJF,3,R,R-NAR061219019,13,8,1.1904598414461633,1.5245967312111053
NAR061219019,NAR,CJF_3,CJF,3,R,R-NAR061219019,13,9,1.2437459759992608,1.5245967312111053
NAR061219019,NAR,CJF_3,CJF,3,R,R-NAR061219019,13,10,1.3328640562800524,1.5245967312111053
NAR061219019,NAR,CJF_3,CJF,3,R,R-NAR061219019,13,11,1.390594912589585,1.5245967312111053
NAR061219019,NAR,CJF_3,CJF,3,R,R-NAR061219019,13,12,1.447838721598617,1.5245967312111053
NAR061219019,NAR,CJF_3,CJF,3,R,R-NAR061219019,13,13,1.4987401461733314,1.5245967312111053
NAR061219020,NAR,CJF_1,CJF,1,R,R-NAR061219020,20,1,0.45757926679298705,1.6922792241165558
NAR061219020,NAR,CJF_1,CJF,1,R,R-NAR061219020,20,2,0.6134838939215195,1.6922792241165558
NAR061219020,NAR,CJF_1,CJF,1,R,R-NAR061219020,20,3,0.7113443576387385,1.6922792241165558
NAR061219020,NAR,CJF_1,CJF,1,R,R-NAR061219020,20,4,0.7771206905305816,1.6922792241165558
NAR061219020,NAR,CJF_1,CJF,1,R,R-NAR061219020,20,5,0.8529594222085816,1.6922792241165558
NAR061219020,NAR,CJF_1,CJF,1,R,R-NAR061219020,20,6,0.9371802656251932,1.6922792241165558
NAR061219020,NAR,CJF_1,CJF,1,R,R-NAR061219020,20,7,1.0070393306766623,1.6922792241165558
NAR061219020,NAR,CJF_1,CJF,1,R,R-NAR061219020,20,8,1.060928546121896,1.6922792241165558
NAR061219020,NAR,CJF_1,CJF,1,R,R-NAR061219020,20,9,1.1407055783466145,1.6922792241165558
NAR061219020,NAR,CJF_1,CJF,1,R,R-NAR061219020,20,10,1.2007911078377407,1.6922792241165558
NAR061219020,NAR,CJF_1,CJF,1,R,R-NAR061219020,20,11,1.2508142385427101,1.6922792241165558
NAR061219020,NAR,CJF_1,CJF,1,R,R-NAR061219020,20,12,1.3065281726483964,1.6922792241165558
NAR061219020,NAR,CJF_1,CJF,1,R,R-NAR061219020,20,13,1.3505716367268348,1.6922792241165558
NAR061219020,NAR,CJF_1,CJF,1,R,R-NAR061219020,20,14,1.3984089697390842,1.6922792241165558
NAR061219020,NAR,CJF_1,CJF,1,R,R-NAR061219020,20,15,1.436544982997445,1.6922792241165558
NAR061219020,NAR,CJF_1,CJF,1,R,R-NAR061219020,20,16,1.4964138650692103,1.6922792241165558
NAR061219020,NAR,CJF_1,CJF,1,R,R-NAR061219020,20,17,1.550375296320898,1.6922792241165558
NAR061219020,NAR,CJF_1,CJF,1,R,R-NAR061219020,20,18,1.5943465445928828,1.6922792241165558
NAR061219020,NAR,CJF_1,CJF,1,R,R-NAR061219020,20,19,1.628327609885165,1.6922792241165558
NAR061219020,NAR,CJF_1,CJF,1,R,R-NAR061219020,20,20,1.6642778254508053,1.6922792241165558
NAR061219020,NAR,CJF_2,CJF,2,R,R-NAR061219020,20,1,0.42850854452368253,1.7477717927160774
NAR061219020,NAR,CJF_2,CJF,2,R,R-NAR061219020,20,2,0.6273879327769601,1.7477717927160774
NAR061219020,NAR,CJF_2,CJF,2,R,R-NAR061219020,20,3,0.751071130236368,1.7477717927160774
NAR061219020,NAR,CJF_2,CJF,2,R,R-NAR061219020,20,4,0.8262673210302378,1.7477717927160774
NAR061219020,NAR,CJF_2,CJF,2,R,R-NAR061219020,20,5,0.8912405824154391,1.7477717927160774
NAR061219020,NAR,CJF_2,CJF,2,R,R-NAR061219020,20,6,0.970396377306983,1.7477717927160774
NAR061219020,NAR,CJF_2,CJF,2,R,R-NAR061219020,20,7,1.0495521721985268,1.7477717927160774
NAR061219020,NAR,CJF_2,CJF,2,R,R-NAR061219020,20,8,1.1144444537926068,1.7477717927160774
NAR061219020,NAR,CJF_2,CJF,2,R,R-NAR061219020,20,9,1.1894786850042343,1.7477717927160774
NAR061219020,NAR,CJF_2,CJF,2,R,R-NAR061219020,20,10,1.2546139059716779,1.7477717927160774
NAR061219020,NAR,CJF_2,CJF,2,R,R-NAR061219020,20,11,1.3153846238858424,1.7477717927160774
NAR061219020,NAR,CJF_2,CJF,2,R,R-NAR061219020,20,12,1.3682361336046596,1.7477717927160774
NAR061219020,NAR,CJF_2,CJF,2,R,R-NAR061219020,20,13,1.4086419724926074,1.7477717927160774
NAR061219020,NAR,CJF_2,CJF,2,R,R-NAR061219020,20,14,1.4615744620025453,1.7477717927160774
NAR061219020,NAR,CJF_2,CJF,2,R,R-NAR061219020,20,15,1.4980206967928202,1.7477717927160774
NAR061219020,NAR,CJF_2,CJF,2,R,R-NAR061219020,20,16,1.550872206511637,1.7477717927160774
NAR061219020,NAR,CJF_2,CJF,2,R,R-NAR061219020,20,17,1.6077643001192483,1.7477717927160774
NAR061219020,NAR,CJF_2,CJF,2,R,R-NAR061219020,20,18,1.6625146320957813,1.7477717927160774
NAR061219020,NAR,CJF_2,CJF,2,R,R-NAR061219020,20,19,1.6991228264682978,1.7477717927160774
NAR061219020,NAR,CJF_2,CJF,2,R,R-NAR061219020,20,20,1.7396096451473673,1.7477717927160774
NAR061219020,NAR,CJF_3,CJF,3,R,R-NAR061219020,20,1,0.4917525378158068,1.7402102893758913
NAR061219020,NAR,CJF_3,CJF,3,R,R-NAR061219020,20,2,0.6252440572217408,1.7402102893758913
NAR061219020,NAR,CJF_3,CJF,3,R,R-NAR061219020,20,3,0.7345302523056874,1.7402102893758913
NAR061219020,NAR,CJF_3,CJF,3,R,R-NAR061219020,20,4,0.8133963442006237,1.7402102893758913
NAR061219020,NAR,CJF_3,CJF,3,R,R-NAR061219020,20,5,0.8822343118954029,1.7402102893758913
NAR061219020,NAR,CJF_3,CJF,3,R,R-NAR061219020,20,6,0.9469938837924121,1.7402102893758913
NAR061219020,NAR,CJF_3,CJF,3,R,R-NAR061219020,20,7,1.0198572371920347,1.7402102893758913
NAR061219020,NAR,CJF_3,CJF,3,R,R-NAR061219020,20,8,1.08256877617467,1.7402102893758913
NAR061219020,NAR,CJF_3,CJF,3,R,R-NAR061219020,20,9,1.1351638408022704,1.7402102893758913
NAR061219020,NAR,CJF_3,CJF,3,R,R-NAR061219020,20,10,1.1938676641110384,1.7402102893758913
NAR061219020,NAR,CJF_3,CJF,3,R,R-NAR061219020,20,11,1.2424373430337947,1.7402102893758913
NAR061219020,NAR,CJF_3,CJF,3,R,R-NAR061219020,20,12,1.2970451005138166,1.7402102893758913
NAR061219020,NAR,CJF_3,CJF,3,R,R-NAR061219020,20,13,1.3678604209990666,1.7402102893758913
NAR061219020,NAR,CJF_3,CJF,3,R,R-NAR061219020,20,14,1.412422384247955,1.7402102893758913
NAR061219020,NAR,CJF_3,CJF,3,R,R-NAR061219020,20,15,1.473103560347193,1.7402102893758913
NAR061219020,NAR,CJF_3,CJF,3,R,R-NAR061219020,20,16,1.533820076508383,1.7402102893758913
NAR061219020,NAR,CJF_3,CJF,3,R,R-NAR061219020,20,17,1.6026227041412118,1.7402102893758913
NAR061219020,NAR,CJF_3,CJF,3,R,R-NAR061219020,20,18,1.6471493273281488,1.7402102893758913
NAR061219020,NAR,CJF_3,CJF,3,R,R-NAR061219020,20,19,1.6835368289505206,1.7402102893758913
NAR061219020,NAR,CJF_3,CJF,3,R,R-NAR061219020,20,20,1.7260507592850367,1.7402102893758913
NAR061219020,NAR,JRS_1,JRS,1,R,R-NAR061219020,19,1,0.5011107944082183,1.7500607163761
NAR061219020,NAR,JRS_1,JRS,1,R,R-NAR061219020,19,2,0.6771972868653893,1.7500607163761
NAR061219020,NAR,JRS_1,JRS,1,R,R-NAR061219020,19,3,0.7963889832027717,1.7500607163761
NAR061219020,NAR,JRS_1,JRS,1,R,R-NAR061219020,19,4,0.8722947655205798,1.7500607163761
NAR061219020,NAR,JRS_1,JRS,1,R,R-NAR061219020,19,5,0.9427293625034487,1.7500607163761
NAR061219020,NAR,JRS_1,JRS,1,R,R-NAR061219020,19,6,1.005095343958177,1.7500607163761
NAR061219020,NAR,JRS_1,JRS,1,R,R-NAR061219020,19,7,1.0646566515083005,1.7500607163761
NAR061219020,NAR,JRS_1,JRS,1,R,R-NAR061219020,19,8,1.145895456686779,1.7500607163761
NAR061219020,NAR,JRS_1,JRS,1,R,R-NAR061219020,19,9,1.205456764236902,1.7500607163761
NAR061219020,NAR,JRS_1,JRS,1,R,R-NAR061219020,19,10,1.2569494562588859,1.7500607163761
NAR061219020,NAR,JRS_1,JRS,1,R,R-NAR061219020,19,11,1.31664892628328,1.7500607163761
NAR061219020,NAR,JRS_1,JRS,1,R,R-NAR061219020,19,12,1.3789458265008732,1.7500607163761
NAR061219020,NAR,JRS_1,JRS,1,R,R-NAR061219020,19,13,1.4195652290901124,1.7500607163761
NAR061219020,NAR,JRS_1,JRS,1,R,R-NAR061219020,19,14,1.4601846316793512,1.7500607163761
NAR061219020,NAR,JRS_1,JRS,1,R,R-NAR061219020,19,15,1.4954019301707862,1.7500607163761
NAR061219020,NAR,JRS_1,JRS,1,R,R-NAR061219020,19,16,1.5495611336231045,1.7500607163761
NAR061219020,NAR,JRS_1,JRS,1,R,R-NAR061219020,19,17,1.6118580338406978,1.7500607163761
NAR061219020,NAR,JRS_1,JRS,1,R,R-NAR061219020,19,18,1.652477436429937,1.7500607163761
NAR061219020,NAR,JRS_1,JRS,1,R,R-NAR061219020,19,19,1.6958324316866462,1.7500607163761
NAR061219020,NAR,LEL_1,LEL,1,R,R-NAR061219020,19,1,0.41784567556219643,1.7239954442558165
NAR061219020,NAR,LEL_1,LEL,1,R,R-NAR061219020,19,2,0.48771965910139203,1.7239954442558165
NAR061219020,NAR,LEL_1,LEL,1,R,R-NAR061219020,19,3,0.6204270154835936,1.7239954442558165
NAR061219020,NAR,LEL_1,LEL,1,R,R-NAR061219020,19,4,0.7340913358668207,1.7239954442558165
NAR061219020,NAR,LEL_1,LEL,1,R,R-NAR061219020,19,5,0.8078753922937256,1.7239954442558165
NAR061219020,NAR,LEL_1,LEL,1,R,R-NAR061219020,19,6,0.8861263323792178,1.7239954442558165
NAR061219020,NAR,LEL_1,LEL,1,R,R-NAR061219020,19,7,0.9461137715449642,1.7239954442558165
NAR061219020,NAR,LEL_1,LEL,1,R,R-NAR061219020,19,8,1.003700725650154,1.7239954442558165
NAR061219020,NAR,LEL_1,LEL,1,R,R-NAR061219020,19,9,1.0477137868025366,1.7239954442558165
NAR061219020,NAR,LEL_1,LEL,1,R,R-NAR061219020,19,10,1.1280311254860595,1.7239954442558165
NAR061219020,NAR,LEL_1,LEL,1,R,R-NAR061219020,19,11,1.2001942319316359,1.7239954442558165
NAR061219020,NAR,LEL_1,LEL,1,R,R-NAR061219020,19,12,1.2478946416633767,1.7239954442558165
NAR061219020,NAR,LEL_1,LEL,1,R,R-NAR061219020,19,13,1.303860645787239,1.7239954442558165
NAR061219020,NAR,LEL_1,LEL,1,R,R-NAR061219020,19,14,1.3599380120652762,1.7239954442558165
NAR061219020,NAR,LEL_1,LEL,1,R,R-NAR061219020,19,15,1.41534720541826,1.7239954442558165
NAR061219020,NAR,LEL_1,LEL,1,R,R-NAR061219020,19,16,1.475780093200709,1.7239954442558165
NAR061219020,NAR,LEL_1,LEL,1,R,R-NAR061219020,19,17,1.5397889674083403,1.7239954442558165
NAR061219020,NAR,LEL_1,LEL,1,R,R-NAR061219020,19,18,1.6036864794617962,1.7239954442558165
NAR061219020,NAR,LEL_1,LEL,1,R,R-NAR061219020,19,19,1.6418344312826152,1.7239954442558165
NAR061219020,NAR,LSR_1,LSR,1,R,R-NAR061219020,18,1,0.5077909766390685,1.7597610417600602
NAR061219020,NAR,LSR_1,LSR,1,R,R-NAR061219020,18,2,0.6108991059328083,1.7597610417600602
NAR061219020,NAR,LSR_1,LSR,1,R,R-NAR061219020,18,3,0.7469471956756655,1.7597610417600602
NAR061219020,NAR,LSR_1,LSR,1,R,R-NAR061219020,18,4,0.8393988850081326,1.7597610417600602
NAR061219020,NAR,LSR_1,LSR,1,R,R-NAR061219020,18,5,0.9260370340773135,1.7597610417600602
NAR061219020,NAR,LSR_1,LSR,1,R,R-NAR061219020,18,6,0.9964825287977357,1.7597610417600602
NAR061219020,NAR,LSR_1,LSR,1,R,R-NAR061219020,18,7,1.067205349393957,1.7597610417600602
NAR061219020,NAR,LSR_1,LSR,1,R,R-NAR061219020,18,8,1.1297625113468497,1.7597610417600602
NAR061219020,NAR,LSR_1,LSR,1,R,R-NAR061219020,18,9,1.1978558876872283,1.7597610417600602
NAR061219020,NAR,LSR_1,LSR,1,R,R-NAR061219020,18,10,1.2602743867022206,1.7597610417600602
NAR061219020,NAR,LSR_1,LSR,1,R,R-NAR061219020,18,11,1.3066388943063545,1.7597610417600602
NAR061219020,NAR,LSR_1,LSR,1,R,R-NAR061219020,18,12,1.3878794919259487,1.7597610417600602
NAR061219020,NAR,LSR_1,LSR,1,R,R-NAR061219020,18,13,1.4395028880417686,1.7597610417600602
NAR061219020,NAR,LSR_1,LSR,1,R,R-NAR061219020,18,14,1.4882195140259447,1.7597610417600602
NAR061219020,NAR,LSR_1,LSR,1,R,R-NAR061219020,18,15,1.5615717788780101,1.7597610417600602
NAR061219020,NAR,LSR_1,LSR,1,R,R-NAR061219020,18,16,1.6293878293425887,1.7597610417600602
NAR061219020,NAR,LSR_1,LSR,1,R,R-NAR061219020,18,17,1.6756136740088228,1.7597610417600602
NAR061219020,NAR,LSR_1,LSR,1,R,R-NAR061219020,18,18,1.7133965341559267,1.7597610417600602
NAR061219020,NAR,MJS_1,MJS,1,R,R-NAR061219020,18,1,0.4912073640437811,1.7371859692158773
NAR061219020,NAR,MJS_1,MJS,1,R,R-NAR061219020,18,2,0.6700497612244031,1.7371859692158773
NAR061219020,NAR,MJS_1,MJS,1,R,R-NAR061219020,18,3,0.7903118545306952,1.7371859692158773
NAR061219020,NAR,MJS_1,MJS,1,R,R-NAR061219020,18,4,0.8704127419853435,1.7371859692158773
NAR061219020,NAR,MJS_1,MJS,1,R,R-NAR061219020,18,5,0.9278537156909494,1.7371859692158773
NAR061219020,NAR,MJS_1,MJS,1,R,R-NAR061219020,18,6,0.9964347579096229,1.7371859692158773
NAR061219020,NAR,MJS_1,MJS,1,R,R-NAR061219020,18,7,1.059255877510309,1.7371859692158773
NAR061219020,NAR,MJS_1,MJS,1,R,R-NAR061219020,18,8,1.1278369197289824,1.7371859692158773
NAR061219020,NAR,MJS_1,MJS,1,R,R-NAR061219020,18,9,1.1723971937812512,1.7371859692158773
NAR061219020,NAR,MJS_1,MJS,1,R,R-NAR061219020,18,10,1.245978605172096,1.7371859692158773
NAR061219020,NAR,MJS_1,MJS,1,R,R-NAR061219020,18,11,1.2836396264376542,1.7371859692158773
NAR061219020,NAR,MJS_1,MJS,1,R,R-NAR061219020,18,12,1.3591199214430383,1.7371859692158773
NAR061219020,NAR,MJS_1,MJS,1,R,R-NAR061219020,18,13,1.4058006033584853,1.7371859692158773
NAR061219020,NAR,MJS_1,MJS,1,R,R-NAR061219020,18,14,1.4793820147493304,1.7371859692158773
NAR061219020,NAR,MJS_1,MJS,1,R,R-NAR061219020,18,15,1.539323173041023,1.7371859692158773
NAR061219020,NAR,MJS_1,MJS,1,R,R-NAR061219020,18,16,1.5867634084022855,1.7371859692158773
NAR061219020,NAR,MJS_1,MJS,1,R,R-NAR061219020,18,17,1.638824236212812,1.7371859692158773
NAR061219020,NAR,MJS_1,MJS,1,R,R-NAR061219020,18,18,1.687625325991437,1.7371859692158773
NAR061219021,NAR,CJF_1,CJF,1,R,R-NAR061219021,9,1,0.40268319791185714,1.1918884836803956
NAR061219021,NAR,CJF_1,CJF,1,R,R-NAR061219021,9,2,0.6085577992889735,1.1918884836803956
NAR061219021,NAR,CJF_1,CJF,1,R,R-NAR061219021,9,3,0.7144745815248487,1.1918884836803956
NAR061219021,NAR,CJF_1,CJF,1,R,R-NAR061219021,9,4,0.7801392809261628,1.1918884836803956
NAR061219021,NAR,CJF_1,CJF,1,R,R-NAR061219021,9,5,0.8485400187368144,1.1918884836803956
NAR061219021,NAR,CJF_1,CJF,1,R,R-NAR061219021,9,6,0.9482195853742525,1.1918884836803956
NAR061219021,NAR,CJF_1,CJF,1,R,R-NAR061219021,9,7,1.0137915339409656,1.1918884836803956
NAR061219021,NAR,CJF_1,CJF,1,R,R-NAR061219021,9,8,1.1148854952003733,1.1918884836803956
NAR061219021,NAR,CJF_1,CJF,1,R,R-NAR061219021,9,9,1.1577808656096704,1.1918884836803956
NAR061219021,NAR,CJF_2,CJF,2,R,R-NAR061219021,10,1,0.4137491523179834,1.2551191279977698
NAR061219021,NAR,CJF_2,CJF,2,R,R-NAR061219021,10,2,0.653547364985955,1.2551191279977698
NAR061219021,NAR,CJF_2,CJF,2,R,R-NAR061219021,10,3,0.7538592106365737,1.2551191279977698
NAR061219021,NAR,CJF_2,CJF,2,R,R-NAR061219021,10,4,0.8274555459371247,1.2551191279977698
NAR061219021,NAR,CJF_2,CJF,2,R,R-NAR061219021,10,5,0.9264402489582755,1.2551191279977698
NAR061219021,NAR,CJF_2,CJF,2,R,R-NAR061219021,10,6,0.9873210210491062,1.2551191279977698
NAR061219021,NAR,CJF_2,CJF,2,R,R-NAR061219021,10,7,1.0317185955360244,1.2551191279977698
NAR061219021,NAR,CJF_2,CJF,2,R,R-NAR061219021,10,8,1.090073358464447,1.2551191279977698
NAR061219021,NAR,CJF_2,CJF,2,R,R-NAR061219021,10,9,1.1510824066518033,1.2551191279977698
NAR061219021,NAR,CJF_2,CJF,2,R,R-NAR061219021,10,10,1.2234371167205724,1.2551191279977698
NAR061219021,NAR,CJF_3,CJF,3,R,R-NAR061219021,9,1,0.42532525103899554,1.2201568013891044
NAR061219021,NAR,CJF_3,CJF,3,R,R-NAR061219021,9,2,0.6439544131146568,1.2201568013891044
NAR061219021,NAR,CJF_3,CJF,3,R,R-NAR061219021,9,3,0.739012598622226,1.2201568013891044
NAR061219021,NAR,CJF_3,CJF,3,R,R-NAR061219021,9,4,0.8318077932315194,1.2201568013891044
NAR061219021,NAR,CJF_3,CJF,3,R,R-NAR061219021,9,5,0.9014608198520564,1.2201568013891044
NAR061219021,NAR,CJF_3,CJF,3,R,R-NAR061219021,9,6,0.9814931034981758,1.2201568013891044
NAR061219021,NAR,CJF_3,CJF,3,R,R-NAR061219021,9,7,1.0627172141130907,1.2201568013891044
NAR061219021,NAR,CJF_3,CJF,3,R,R-NAR061219021,9,8,1.1376202007660772,1.2201568013891044
NAR061219021,NAR,CJF_3,CJF,3,R,R-NAR061219021,9,9,1.2050102364883375,1.2201568013891044
NAR061219021,NAR,JRS_1,JRS,1,R,R-NAR061219021,7,1,0.5669602034320563,1.1526121525056723
NAR061219021,NAR,JRS_1,JRS,1,R,R-NAR061219021,7,2,0.6837341254948563,1.1526121525056723
NAR061219021,NAR,JRS_1,JRS,1,R,R-NAR061219021,7,3,0.7616087952232291,1.1526121525056723
NAR061219021,NAR,JRS_1,JRS,1,R,R-NAR061219021,7,4,0.8462319946924766,1.1526121525056723
NAR061219021,NAR,JRS_1,JRS,1,R,R-NAR061219021,7,5,0.9224004907207513,1.1526121525056723
NAR061219021,NAR,JRS_1,JRS,1,R,R-NAR061219021,7,6,0.99515663934883,1.1526121525056723
NAR061219021,NAR,JRS_1,JRS,1,R,R-NAR061219021,7,7,1.083154103688515,1.1526121525056723
NAR061219021,NAR,LEL_1,LEL,1,R,R-NAR061219021,7,1,0.6781615120453521,1.265372012723834
NAR061219021,NAR,LEL_1,LEL,1,R,R-NAR061219021,7,2,0.8040963943669202,1.265372012723834
NAR061219021,NAR,LEL_1,LEL,1,R,R-NAR061219021,7,3,0.8674295997117784,1.265372012723834
NAR061219021,NAR,LEL_1,LEL,1,R,R-NAR061219021,7,4,0.953373887543581,1.265372012723834
NAR061219021,NAR,LEL_1,LEL,1,R,R-NAR061219021,7,5,1.0327375231969387,1.265372012723834
NAR061219021,NAR,LEL_1,LEL,1,R,R-NAR061219021,7,6,1.1175005887624834,1.265372012723834
NAR061219021,NAR,LEL_1,LEL,1,R,R-NAR061219021,7,7,1.163172447634479,1.265372012723834
NAR061219021,NAR,LSR_1,LSR,1,R,R-NAR061219021,7,1,0.6304564286318599,1.2134614127563852
NAR061219021,NAR,LSR_1,LSR,1,R,R-NAR061219021,7,2,0.7270446075735384,1.2134614127563852
NAR061219021,NAR,LSR_1,LSR,1,R,R-NAR061219021,7,3,0.8186032493893008,1.2134614127563852
NAR061219021,NAR,LSR_1,LSR,1,R,R-NAR061219021,7,4,0.9050270234587086,1.2134614127563852
NAR061219021,NAR,LSR_1,LSR,1,R,R-NAR061219021,7,5,0.9795747700737278,1.2134614127563852
NAR061219021,NAR,LSR_1,LSR,1,R,R-NAR061219021,7,6,1.0643132542161275,1.2134614127563852
NAR061219021,NAR,LSR_1,LSR,1,R,R-NAR061219021,7,7,1.140572623413265,1.2134614127563852
NAR061219021,NAR,MJS_1,MJS,1,R,R-NAR061219021,7,1,0.634888525158311,1.213272392100061
NAR061219021,NAR,MJS_1,MJS,1,R,R-NAR061219021,7,2,0.7444448259334592,1.213272392100061
NAR061219021,NAR,MJS_1,MJS,1,R,R-NAR061219021,7,3,0.834142778388447,1.213272392100061
NAR061219021,NAR,MJS_1,MJS,1,R,R-NAR061219021,7,4,0.9072440837242212,1.213272392100061
NAR061219021,NAR,MJS_1,MJS,1,R,R-NAR061219021,7,5,0.9891715815198312,1.213272392100061
NAR061219021,NAR,MJS_1,MJS,1,R,R-NAR061219021,7,6,1.0768548850313553,1.213272392100061
NAR061219021,NAR,MJS_1,MJS,1,R,R-NAR061219021,7,7,1.1369093855633408,1.213272392100061
NAR061219022,NAR,CJF_1,CJF,1,R,R-NAR061219022,13,1,0.5400773444808988,1.536731657072605
NAR061219022,NAR,CJF_1,CJF,1,R,R-NAR061219022,13,2,0.7073553460873753,1.536731657072605
NAR061219022,NAR,CJF_1,CJF,1,R,R-NAR061219022,13,3,0.8003561309999521,1.536731657072605
NAR061219022,NAR,CJF_1,CJF,1,R,R-NAR061219022,13,4,0.8867996147749764,1.536731657072605
NAR061219022,NAR,CJF_1,CJF,1,R,R-NAR061219022,13,5,0.9769198507308343,1.536731657072605
NAR061219022,NAR,CJF_1,CJF,1,R,R-NAR061219022,13,6,1.0725864941820482,1.536731657072605
NAR061219022,NAR,CJF_1,CJF,1,R,R-NAR061219022,13,7,1.1220747808040972,1.536731657072605
NAR061219022,NAR,CJF_1,CJF,1,R,R-NAR061219022,13,8,1.1791312622058954,1.536731657072605
NAR061219022,NAR,CJF_1,CJF,1,R,R-NAR061219022,13,9,1.2310707169484993,1.536731657072605
NAR061219022,NAR,CJF_1,CJF,1,R,R-NAR061219022,13,10,1.3224165369646343,1.536731657072605
NAR061219022,NAR,CJF_1,CJF,1,R,R-NAR061219022,13,11,1.416642905937489,1.536731657072605
NAR061219022,NAR,CJF_1,CJF,1,R,R-NAR061219022,13,12,1.4780202107743659,1.536731657072605
NAR061219022,NAR,CJF_1,CJF,1,R,R-NAR061219022,13,13,1.5108692749103438,1.536731657072605
NAR061219022,NAR,CJF_2,CJF,2,R,R-NAR061219022,13,1,0.5530311347896336,1.6081028368644972
NAR061219022,NAR,CJF_2,CJF,2,R,R-NAR061219022,13,2,0.7505321689348428,1.6081028368644972
NAR061219022,NAR,CJF_2,CJF,2,R,R-NAR061219022,13,3,0.860028751965041,1.6081028368644972
NAR061219022,NAR,CJF_2,CJF,2,R,R-NAR061219022,13,4,0.9417122116798331,1.6081028368644972
NAR061219022,NAR,CJF_2,CJF,2,R,R-NAR061219022,13,5,1.035265358155013,1.6081028368644972
NAR061219022,NAR,CJF_2,CJF,2,R,R-NAR061219022,13,6,1.1095740900421196,1.6081028368644972
NAR061219022,NAR,CJF_2,CJF,2,R,R-NAR061219022,13,7,1.1788259336647453,1.6081028368644972
NAR061219022,NAR,CJF_2,CJF,2,R,R-NAR061219022,13,8,1.232415305398242,1.6081028368644972
NAR061219022,NAR,CJF_2,CJF,2,R,R-NAR061219022,13,9,1.2999112387894414,1.6081028368644972
NAR061219022,NAR,CJF_2,CJF,2,R,R-NAR061219022,13,10,1.3783638427072702,1.6081028368644972
NAR061219022,NAR,CJF_2,CJF,2,R,R-NAR061219022,13,11,1.4701610789510235,1.6081028368644972
NAR061219022,NAR,CJF_2,CJF,2,R,R-NAR061219022,13,12,1.5406069034732977,1.6081028368644972
NAR061219022,NAR,CJF_2,CJF,2,R,R-NAR061219022,13,13,1.5888584222764246,1.6081028368644972
NAR061219022,NAR,CJF_3,CJF,3,R,R-NAR061219022,12,1,0.5766637119349648,1.6669031674677572
NAR061219022,NAR,CJF_3,CJF,3,R,R-NAR061219022,12,2,0.7936481300027152,1.6669031674677572
NAR061219022,NAR,CJF_3,CJF,3,R,R-NAR061219022,12,3,0.9096574299377875,1.6669031674677572
NAR061219022,NAR,CJF_3,CJF,3,R,R-NAR061219022,12,4,0.9908478446171033,1.6669031674677572
NAR061219022,NAR,CJF_3,CJF,3,R,R-NAR061219022,12,5,1.092272782880633,1.6669031674677572
NAR061219022,NAR,CJF_3,CJF,3,R,R-NAR061219022,12,6,1.1670121452797702,1.6669031674677572
NAR061219022,NAR,CJF_3,CJF,3,R,R-NAR061219022,12,7,1.2297673168982761,1.6669031674677572
NAR061219022,NAR,CJF_3,CJF,3,R,R-NAR061219022,12,8,1.2851717959749016,1.6669031674677572
NAR061219022,NAR,CJF_3,CJF,3,R,R-NAR061219022,12,9,1.3626283526771679,1.6669031674677572
NAR061219022,NAR,CJF_3,CJF,3,R,R-NAR061219022,12,10,1.4331840369684048,1.6669031674677572
NAR061219022,NAR,CJF_3,CJF,3,R,R-NAR061219022,12,11,1.5294086334501138,1.6669031674677572
NAR061219022,NAR,CJF_3,CJF,3,R,R-NAR061219022,12,12,1.6292500644966534,1.6669031674677572
NAR061219023,NAR,CJF_1,CJF,1,R,R-NAR061219023,15,1,0.3666895782753344,1.6650931224640582
NAR061219023,NAR,CJF_1,CJF,1,R,R-NAR061219023,15,2,0.6450084738790065,1.6650931224640582
NAR061219023,NAR,CJF_1,CJF,1,R,R-NAR061219023,15,3,0.8239462308436074,1.6650931224640582
NAR061219023,NAR,CJF_1,CJF,1,R,R-NAR061219023,15,4,0.9145987987196303,1.6650931224640582
NAR061219023,NAR,CJF_1,CJF,1,R,R-NAR061219023,15,5,1.0137804523315048,1.6650931224640582
NAR061219023,NAR,CJF_1,CJF,1,R,R-NAR061219023,15,6,1.0827825804660756,1.6650931224640582
NAR061219023,NAR,CJF_1,CJF,1,R,R-NAR061219023,15,7,1.1561204961211422,1.6650931224640582
NAR061219023,NAR,CJF_1,CJF,1,R,R-NAR061219023,15,8,1.2230687219395773,1.6650931224640582
NAR061219023,NAR,CJF_1,CJF,1,R,R-NAR061219023,15,9,1.2790919853736886,1.6650931224640582
NAR061219023,NAR,CJF_1,CJF,1,R,R-NAR061219023,15,10,1.3308079591483315,1.6650931224640582
NAR061219023,NAR,CJF_1,CJF,1,R,R-NAR061219023,15,11,1.4063707642857024,1.6650931224640582
NAR061219023,NAR,CJF_1,CJF,1,R,R-NAR061219023,15,12,1.4796516842187133,1.6650931224640582
NAR061219023,NAR,CJF_1,CJF,1,R,R-NAR061219023,15,13,1.5422071267945963,1.6650931224640582
NAR061219023,NAR,CJF_1,CJF,1,R,R-NAR061219023,15,14,1.6111807570681391,1.6650931224640582
NAR061219023,NAR,CJF_1,CJF,1,R,R-NAR061219023,15,15,1.6456675722049106,1.6650931224640582
NAR061219023,NAR,CJF_2,CJF,2,R,R-NAR061219023,15,1,0.35696405934665976,1.6367038063145307
NAR061219023,NAR,CJF_2,CJF,2,R,R-NAR061219023,15,2,0.622326587287416,1.6367038063145307
NAR061219023,NAR,CJF_2,CJF,2,R,R-NAR061219023,15,3,0.7916236859861717,1.6367038063145307
NAR061219023,NAR,CJF_2,CJF,2,R,R-NAR061219023,15,4,0.9090716889650473,1.6367038063145307
NAR061219023,NAR,CJF_2,CJF,2,R,R-NAR061219023,15,5,0.9687555123395738,1.6367038063145307
NAR061219023,NAR,CJF_2,CJF,2,R,R-NAR061219023,15,6,1.050290367172782,1.6367038063145307
NAR061219023,NAR,CJF_2,CJF,2,R,R-NAR061219023,15,7,1.1123622920392926,1.6367038063145307
NAR061219023,NAR,CJF_2,CJF,2,R,R-NAR061219023,15,8,1.1809739110860147,1.6367038063145307
NAR061219023,NAR,CJF_2,CJF,2,R,R-NAR061219023,15,9,1.2535809702470275,1.6367038063145307
NAR061219023,NAR,CJF_2,CJF,2,R,R-NAR061219023,15,10,1.308957048359392,1.6367038063145307
NAR061219023,NAR,CJF_2,CJF,2,R,R-NAR061219023,15,11,1.3628819404233856,1.6367038063145307
NAR061219023,NAR,CJF_2,CJF,2,R,R-NAR061219023,15,12,1.4546396244032243,1.6367038063145307
NAR061219023,NAR,CJF_2,CJF,2,R,R-NAR061219023,15,13,1.508096058745411,1.6367038063145307
NAR061219023,NAR,CJF_2,CJF,2,R,R-NAR061219023,15,14,1.576707677792133,1.6367038063145307
NAR061219023,NAR,CJF_2,CJF,2,R,R-NAR061219023,15,15,1.6173970289217692,1.6367038063145307
NAR061219023,NAR,CJF_3,CJF,3,R,R-NAR061219023,15,1,0.3201409672158774,1.5616043020727648
NAR061219023,NAR,CJF_3,CJF,3,R,R-NAR061219023,15,2,0.5764962107748517,1.5616043020727648
NAR061219023,NAR,CJF_3,CJF,3,R,R-NAR061219023,15,3,0.7364285110807105,1.5616043020727648
NAR061219023,NAR,CJF_3,CJF,3,R,R-NAR061219023,15,4,0.84135621748808,1.5616043020727648
NAR061219023,NAR,CJF_3,CJF,3,R,R-NAR061219023,15,5,0.9125412378825949,1.5616043020727648
NAR061219023,NAR,CJF_3,CJF,3,R,R-NAR061219023,15,6,0.9984714104949737,1.5616043020727648
NAR061219023,NAR,CJF_3,CJF,3,R,R-NAR061219023,15,7,1.0772786529739016,1.5616043020727648
NAR061219023,NAR,CJF_3,CJF,3,R,R-NAR061219023,15,8,1.1385236359360003,1.5616043020727648
NAR061219023,NAR,CJF_3,CJF,3,R,R-NAR061219023,15,9,1.1887231150490418,1.5616043020727648
NAR061219023,NAR,CJF_3,CJF,3,R,R-NAR061219023,15,10,1.2431749757392097,1.5616043020727648
NAR061219023,NAR,CJF_3,CJF,3,R,R-NAR061219023,15,11,1.3149127293420455,1.5616043020727648
NAR061219023,NAR,CJF_3,CJF,3,R,R-NAR061219023,15,12,1.3931672386126526,1.5616043020727648
NAR061219023,NAR,CJF_3,CJF,3,R,R-NAR061219023,15,13,1.4439194509340143,1.5616043020727648
NAR061219023,NAR,CJF_3,CJF,3,R,R-NAR061219023,15,14,1.4898665484699285,1.5616043020727648
NAR061219023,NAR,CJF_3,CJF,3,R,R-NAR061219023,15,15,1.5341020051235201,1.5616043020727648
NAR061219024,NAR,CJF_1,CJF,1,R,R-NAR061219024,13,1,0.38162671837366,1.5952515826435623
NAR061219024,NAR,CJF_1,CJF,1,R,R-NAR061219024,13,2,0.5800470465514627,1.5952515826435623
NAR061219024,NAR,CJF_1,CJF,1,R,R-NAR061219024,13,3,0.7164889966175296,1.5952515826435623
NAR061219024,NAR,CJF_1,CJF,1,R,R-NAR061219024,13,4,0.8530706091145012,1.5952515826435623
NAR061219024,NAR,CJF_1,CJF,1,R,R-NAR061219024,13,5,0.9596666100121104,1.5952515826435623
NAR061219024,NAR,CJF_1,CJF,1,R,R-NAR061219024,13,6,1.0471507484608387,1.5952515826435623
NAR061219024,NAR,CJF_1,CJF,1,R,R-NAR061219024,13,7,1.1366885959662125,1.5952515826435623
NAR061219024,NAR,CJF_1,CJF,1,R,R-NAR061219024,13,8,1.2070680268790699,1.5952515826435623
NAR061219024,NAR,CJF_1,CJF,1,R,R-NAR061219024,13,9,1.2583123182712288,1.5952515826435623
NAR061219024,NAR,CJF_1,CJF,1,R,R-NAR061219024,13,10,1.3329621068000996,1.5952515826435623
NAR061219024,NAR,CJF_1,CJF,1,R,R-NAR061219024,13,11,1.4203531369615578,1.5952515826435623
NAR061219024,NAR,CJF_1,CJF,1,R,R-NAR061219024,13,12,1.5035436407224554,1.5952515826435623
NAR061219024,NAR,CJF_1,CJF,1,R,R-NAR061219024,13,13,1.56535907933147,1.5952515826435623
NAR061219024,NAR,CJF_2,CJF,2,R,R-NAR061219024,13,1,0.3018086798698214,1.6318753385738913
NAR061219024,NAR,CJF_2,CJF,2,R,R-NAR061219024,13,2,0.6034326875565694,1.6318753385738913
NAR061219024,NAR,CJF_2,CJF,2,R,R-NAR061219024,13,3,0.7530036051743703,1.6318753385738913
NAR061219024,NAR,CJF_2,CJF,2,R,R-NAR061219024,13,4,0.8854872259291228,1.6318753385738913
NAR061219024,NAR,CJF_2,CJF,2,R,R-NAR061219024,13,5,0.9850780562189407,1.6318753385738913
NAR061219024,NAR,CJF_2,CJF,2,R,R-NAR061219024,13,6,1.0763099102603086,1.6318753385738913
NAR061219024,NAR,CJF_2,CJF,2,R,R-NAR061219024,13,7,1.1566082795105437,1.6318753385738913
NAR061219024,NAR,CJF_2,CJF,2,R,R-NAR061219024,13,8,1.2326809925907853,1.6318753385738913
NAR061219024,NAR,CJF_2,CJF,2,R,R-NAR061219024,13,9,1.3128870257494838,1.6318753385738913
NAR061219024,NAR,CJF_2,CJF,2,R,R-NAR061219024,13,10,1.3715030976005285,1.6318753385738913
NAR061219024,NAR,CJF_2,CJF,2,R,R-NAR061219024,13,11,1.4452783104126992,1.6318753385738913
NAR061219024,NAR,CJF_2,CJF,2,R,R-NAR061219024,13,12,1.5299870080160023,1.6318753385738913
NAR061219024,NAR,CJF_2,CJF,2,R,R-NAR061219024,13,13,1.6034852125535615,1.6318753385738913
NAR061219024,NAR,CJF_3,CJF,3,R,R-NAR061219024,13,1,0.3110985567382303,1.6286378267872748
NAR061219024,NAR,CJF_3,CJF,3,R,R-NAR061219024,13,2,0.5879095010297488,1.6286378267872748
NAR061219024,NAR,CJF_3,CJF,3,R,R-NAR061219024,13,3,0.7467148442122661,1.6286378267872748
NAR061219024,NAR,CJF_3,CJF,3,R,R-NAR061219024,13,4,0.8883763811714275,1.6286378267872748
NAR061219024,NAR,CJF_3,CJF,3,R,R-NAR061219024,13,5,0.9999090066738817,1.6286378267872748
NAR061219024,NAR,CJF_3,CJF,3,R,R-NAR061219024,13,6,1.0771540197296245,1.6286378267872748
NAR061219024,NAR,CJF_3,CJF,3,R,R-NAR061219024,13,7,1.1716211470492366,1.6286378267872748
NAR061219024,NAR,CJF_3,CJF,3,R,R-NAR061219024,13,8,1.2316440458411102,1.6286378267872748
NAR061219024,NAR,CJF_3,CJF,3,R,R-NAR061219024,13,9,1.2960605697445287,1.6286378267872748
NAR061219024,NAR,CJF_3,CJF,3,R,R-NAR061219024,13,10,1.3754240873155306,1.6286378267872748
NAR061219024,NAR,CJF_3,CJF,3,R,R-NAR061219024,13,11,1.4569648404321767,1.6286378267872748
NAR061219024,NAR,CJF_3,CJF,3,R,R-NAR061219024,13,12,1.5449589921452416,1.6286378267872748
NAR061219024,NAR,CJF_3,CJF,3,R,R-NAR061219024,13,13,1.5985872233710812,1.6286378267872748
NAR061219025,NAR,CJF_1,CJF,1,R,R-NAR061219025,13,1,0.48700036829340804,1.710733812451238
NAR061219025,NAR,CJF_1,CJF,1,R,R-NAR061219025,13,2,0.6920509055705225,1.710733812451238
NAR061219025,NAR,CJF_1,CJF,1,R,R-NAR061219025,13,3,0.8540291151461707,1.710733812451238
NAR061219025,NAR,CJF_1,CJF,1,R,R-NAR061219025,13,4,0.9477440850528628,1.710733812451238
NAR061219025,NAR,CJF_1,CJF,1,R,R-NAR061219025,13,5,1.045614070575762,1.710733812451238
NAR061219025,NAR,CJF_1,CJF,1,R,R-NAR061219025,13,6,1.1266683799311477,1.710733812451238
NAR061219025,NAR,CJF_1,CJF,1,R,R-NAR061219025,13,7,1.2246035700216085,1.710733812451238
NAR061219025,NAR,CJF_1,CJF,1,R,R-NAR061219025,13,8,1.2785963065468253,1.710733812451238
NAR061219025,NAR,CJF_1,CJF,1,R,R-NAR061219025,13,9,1.3587152854708706,1.710733812451238
NAR061219025,NAR,CJF_1,CJF,1,R,R-NAR061219025,13,10,1.4498850823537885,1.710733812451238
NAR061219025,NAR,CJF_1,CJF,1,R,R-NAR061219025,13,11,1.5588710904031222,1.710733812451238
NAR061219025,NAR,CJF_1,CJF,1,R,R-NAR061219025,13,12,1.6499104781509182,1.710733812451238
NAR061219025,NAR,CJF_1,CJF,1,R,R-NAR061219025,13,13,1.6947230575799417,1.710733812451238
NAR061219025,NAR,CJF_2,CJF,2,R,R-NAR061219025,13,1,0.4892393331116073,1.6938765380177243
NAR061219025,NAR,CJF_2,CJF,2,R,R-NAR061219025,13,2,0.7141963832479467,1.6938765380177243
NAR061219025,NAR,CJF_2,CJF,2,R,R-NAR061219025,13,3,0.8402752539984779,1.6938765380177243
NAR061219025,NAR,CJF_2,CJF,2,R,R-NAR061219025,13,4,0.9483922303033874,1.6938765380177243
NAR061219025,NAR,CJF_2,CJF,2,R,R-NAR061219025,13,5,1.0608707553715573,1.6938765380177243
NAR061219025,NAR,CJF_2,CJF,2,R,R-NAR061219025,13,6,1.1403441680341926,1.6938765380177243
NAR061219025,NAR,CJF_2,CJF,2,R,R-NAR061219025,13,7,1.2162460469877414,1.6938765380177243
NAR061219025,NAR,CJF_2,CJF,2,R,R-NAR061219025,13,8,1.282393429629607,1.6938765380177243
NAR061219025,NAR,CJF_2,CJF,2,R,R-NAR061219025,13,9,1.3559252634206334,1.6938765380177243
NAR061219025,NAR,CJF_2,CJF,2,R,R-NAR061219025,13,10,1.44556464588734,1.6938765380177243
NAR061219025,NAR,CJF_2,CJF,2,R,R-NAR061219025,13,11,1.539154103624919,1.6938765380177243
NAR061219025,NAR,CJF_2,CJF,2,R,R-NAR061219025,13,12,1.6262862830983058,1.6938765380177243
NAR061219025,NAR,CJF_2,CJF,2,R,R-NAR061219025,13,13,1.6804133501661591,1.6938765380177243
NAR061219025,NAR,CJF_3,CJF,3,R,R-NAR061219025,13,1,0.48450528765349726,1.7223928349435504
NAR061219025,NAR,CJF_3,CJF,3,R,R-NAR061219025,13,2,0.7115092961592222,1.7223928349435504
NAR061219025,NAR,CJF_3,CJF,3,R,R-NAR061219025,13,3,0.8661430705455673,1.7223928349435504
NAR061219025,NAR,CJF_3,CJF,3,R,R-NAR061219025,13,4,0.9654100835543568,1.7223928349435504
NAR061219025,NAR,CJF_3,CJF,3,R,R-NAR061219025,13,5,1.0714239955132567,1.7223928349435504
NAR061219025,NAR,CJF_3,CJF,3,R,R-NAR061219025,13,6,1.157197210621826,1.7223928349435504
NAR061219025,NAR,CJF_3,CJF,3,R,R-NAR061219025,13,7,1.2421838239310266,1.7223928349435504
NAR061219025,NAR,CJF_3,CJF,3,R,R-NAR061219025,13,8,1.2926493406903063,1.7223928349435504
NAR061219025,NAR,CJF_3,CJF,3,R,R-NAR061219025,13,9,1.3707982381383625,1.7223928349435504
NAR061219025,NAR,CJF_3,CJF,3,R,R-NAR061219025,13,10,1.4599903111775034,1.7223928349435504
NAR061219025,NAR,CJF_3,CJF,3,R,R-NAR061219025,13,11,1.5532970270355508,1.7223928349435504
NAR061219025,NAR,CJF_3,CJF,3,R,R-NAR061219025,13,12,1.6474811616039993,1.7223928349435504
NAR061219025,NAR,CJF_3,CJF,3,R,R-NAR061219025,13,13,1.7039069755140213,1.7223928349435504
NAR061219026,NAR,CJF_1,CJF,1,R,R-NAR061219026,2,1,0.767923684262745,0.9810662445118459
NAR061219026,NAR,CJF_1,CJF,1,R,R-NAR061219026,2,2,0.9426134158559976,0.9810662445118459
NAR061219026,NAR,CJF_2,CJF,2,R,R-NAR061219026,3,1,0.5363498846145389,0.9534620787291413
NAR061219026,NAR,CJF_2,CJF,2,R,R-NAR061219026,3,2,0.7751964772701436,0.9534620787291413
NAR061219026,NAR,CJF_2,CJF,2,R,R-NAR061219026,3,3,0.9224960356924391,0.9534620787291413
NAR061219026,NAR,CJF_3,CJF,3,R,R-NAR061219026,3,1,0.5690308994756671,1.0001566655768712
NAR061219026,NAR,CJF_3,CJF,3,R,R-NAR061219026,3,2,0.807362348014198,1.0001566655768712
NAR061219026,NAR,CJF_3,CJF,3,R,R-NAR061219026,3,3,0.9599962259913849,1.0001566655768712
NAR061219027,NAR,CJF_1,CJF,1,R,R-NAR061219027,3,1,0.46189535457045316,0.8734346198232324
NAR061219027,NAR,CJF_1,CJF,1,R,R-NAR061219027,3,2,0.6936061610480961,0.8734346198232324
NAR061219027,NAR,CJF_1,CJF,1,R,R-NAR061219027,3,3,0.8271013537581344,0.8734346198232324
NAR061219027,NAR,CJF_2,CJF,2,R,R-NAR061219027,3,1,0.4835533471574227,0.8754782187612392
NAR061219027,NAR,CJF_2,CJF,2,R,R-NAR061219027,3,2,0.7100119205572798,0.8754782187612392
NAR061219027,NAR,CJF_2,CJF,2,R,R-NAR061219027,3,3,0.8483383458292153,0.8754782187612392
NAR061219027,NAR,CJF_3,CJF,3,R,R-NAR061219027,4,1,0.5242927039188668,0.9237827946697666
NAR061219027,NAR,CJF_3,CJF,3,R,R-NAR061219027,4,2,0.752081057648581,0.9237827946697666
NAR061219027,NAR,CJF_3,CJF,3,R,R-NAR061219027,4,3,0.8376839034272803,0.9237827946697666
NAR061219027,NAR,CJF_3,CJF,3,R,R-NAR061219027,4,4,0.9036609980606305,0.9237827946697666
NAR061219028,NAR,CJF_1,CJF,1,R,R-NAR061219028,4,1,0.4225819225685378,1.0097860228929616
NAR061219028,NAR,CJF_1,CJF,1,R,R-NAR061219028,4,2,0.6638472878498775,1.0097860228929616
NAR061219028,NAR,CJF_1,CJF,1,R,R-NAR061219028,4,3,0.8773119388728449,1.0097860228929616
NAR061219028,NAR,CJF_1,CJF,1,R,R-NAR061219028,4,4,0.975386066481392,1.0097860228929616
NAR061219028,NAR,CJF_2,CJF,2,R,R-NAR061219028,4,1,0.42131890819641665,1.0218810917080339
NAR061219028,NAR,CJF_2,CJF,2,R,R-NAR061219028,4,2,0.6970934320357417,1.0218810917080339
NAR061219028,NAR,CJF_2,CJF,2,R,R-NAR061219028,4,3,0.8925196002576858,1.0218810917080339
NAR061219028,NAR,CJF_2,CJF,2,R,R-NAR061219028,4,4,0.9896973126229278,1.0218810917080339
NAR061219028,NAR,CJF_3,CJF,3,R,R-NAR061219028,4,1,0.4068056257683343,0.9821016381396754
NAR061219028,NAR,CJF_3,CJF,3,R,R-NAR061219028,4,2,0.6599741900663183,0.9821016381396754
NAR061219028,NAR,CJF_3,CJF,3,R,R-NAR061219028,4,3,0.8560333334633716,0.9821016381396754
NAR061219028,NAR,CJF_3,CJF,3,R,R-NAR061219028,4,4,0.9623925283054326,0.9821016381396754
NAR061219029,NAR,CJF_1,CJF,1,R,R-NAR061219029,3,1,0.5459332855624267,0.9315487120977427
NAR061219029,NAR,CJF_1,CJF,1,R,R-NAR061219029,3,2,0.7758834368782752,0.9315487120977427
NAR061219029,NAR,CJF_1,CJF,1,R,R-NAR061219029,3,3,0.9168597838181917,0.9315487120977427
NAR061219029,NAR,CJF_2,CJF,2,R,R-NAR061219029,3,1,0.5778717765591309,0.9581871620549333
NAR061219029,NAR,CJF_2,CJF,2,R,R-NAR061219029,3,2,0.8112943454893573,0.9581871620549333
NAR061219029,NAR,CJF_2,CJF,2,R,R-NAR061219029,3,3,0.9368028860398613,0.9581871620549333
NAR061219029,NAR,CJF_3,CJF,3,R,R-NAR061219029,3,1,0.4486969128555586,0.8395323422790378
NAR061219029,NAR,CJF_3,CJF,3,R,R-NAR061219029,3,2,0.6867953196966655,0.8395323422790378
NAR061219029,NAR,CJF_3,CJF,3,R,R-NAR061219029,3,3,0.8125820869495826,0.8395323422790378
NAR061219030,NAR,CJF_1,CJF,1,R,R-NAR061219030,2,1,0.43263883880029363,0.8454568962730584
NAR061219030,NAR,CJF_1,CJF,1,R,R-NAR061219030,2,2,0.8124222607271776,0.8454568962730584
NAR061219030,NAR,CJF_2,CJF,2,R,R-NAR061219030,2,1,0.36947934531670096,0.8422171106331797
NAR061219030,NAR,CJF_2,CJF,2,R,R-NAR061219030,2,2,0.7882491950523607,0.8422171106331797
NAR061219030,NAR,CJF_3,CJF,3,R,R-NAR061219030,3,1,0.44284445553596613,0.8401618022429101
NAR061219030,NAR,CJF_3,CJF,3,R,R-NAR061219030,3,2,0.6837630089360176,0.8401618022429101
NAR061219030,NAR,CJF_3,CJF,3,R,R-NAR061219030,3,3,0.8095249375233324,0.8401618022429101
NAR061219031,NAR,CJF_1,CJF,1,R,R-NAR061219031,4,1,0.5656585456946801,1.1189784827895721
NAR061219031,NAR,CJF_1,CJF,1,R,R-NAR061219031,4,2,0.828224036372877,1.1189784827895721
NAR061219031,NAR,CJF_1,CJF,1,R,R-NAR061219031,4,3,1.0152609915722757,1.1189784827895721
NAR061219031,NAR,CJF_1,CJF,1,R,R-NAR061219031,4,4,1.0998468682731941,1.1189784827895721
NAR061219031,NAR,CJF_2,CJF,2,R,R-NAR061219031,4,1,0.508584797928487,1.1186373972409382
NAR061219031,NAR,CJF_2,CJF,2,R,R-NAR061219031,4,2,0.7849188533966414,1.1186373972409382
NAR061219031,NAR,CJF_2,CJF,2,R,R-NAR061219031,4,3,0.9838509650835473,1.1186373972409382
NAR061219031,NAR,CJF_2,CJF,2,R,R-NAR061219031,4,4,1.079758455206218,1.1186373972409382
NAR061219031,NAR,CJF_3,CJF,3,R,R-NAR061219031,4,1,0.4171648875024477,1.0379841422911291
NAR061219031,NAR,CJF_3,CJF,3,R,R-NAR061219031,4,2,0.7394018984127632,1.0379841422911291
NAR061219031,NAR,CJF_3,CJF,3,R,R-NAR061219031,4,3,0.8914050247739322,1.0379841422911291
NAR061219031,NAR,CJF_3,CJF,3,R,R-NAR061219031,4,4,1.0004278250024312,1.0379841422911291
NAR061319001,NAR,CJF_1,CJF,1,R,R-NAR061319001,6,1,0.5393319941793804,1.2367950439532696
NAR061319001,NAR,CJF_1,CJF,1,R,R-NAR061319001,6,2,0.7147304401228982,1.2367950439532696
NAR061319001,NAR,CJF_1,CJF,1,R,R-NAR061319001,6,3,0.8643518762676166,1.2367950439532696
NAR061319001,NAR,CJF_1,CJF,1,R,R-NAR061319001,6,4,0.9864204456377745,1.2367950439532696
NAR061319001,NAR,CJF_1,CJF,1,R,R-NAR061319001,6,5,1.119022642882911,1.2367950439532696
NAR061319001,NAR,CJF_1,CJF,1,R,R-NAR061319001,6,6,1.2025084147046787,1.2367950439532696
NAR061319001,NAR,CJF_2,CJF,2,R,R-NAR061319001,6,1,0.5603508717310778,1.2945873196447117
NAR061319001,NAR,CJF_2,CJF,2,R,R-NAR061319001,6,2,0.7449880695133126,1.2945873196447117
NAR061319001,NAR,CJF_2,CJF,2,R,R-NAR061319001,6,3,0.8931165321583796,1.2945873196447117
NAR061319001,NAR,CJF_2,CJF,2,R,R-NAR061319001,6,4,1.0219271596503292,1.2945873196447117
NAR061319001,NAR,CJF_2,CJF,2,R,R-NAR061319001,6,5,1.1464337971951406,1.2945873196447117
NAR061319001,NAR,CJF_2,CJF,2,R,R-NAR061319001,6,6,1.2602305794811128,1.2945873196447117
NAR061319001,NAR,CJF_3,CJF,3,R,R-NAR061319001,6,1,0.579035036216926,1.2837390938913646
NAR061319001,NAR,CJF_3,CJF,3,R,R-NAR061319001,6,2,0.7498723835319415,1.2837390938913646
NAR061319001,NAR,CJF_3,CJF,3,R,R-NAR061319001,6,3,0.8994794940430844,1.2837390938913646
NAR061319001,NAR,CJF_3,CJF,3,R,R-NAR061319001,6,4,1.027358641308337,1.2837390938913646
NAR061319001,NAR,CJF_3,CJF,3,R,R-NAR061319001,6,5,1.1532765259868587,1.2837390938913646
NAR061319001,NAR,CJF_3,CJF,3,R,R-NAR061319001,6,6,1.2644701196742234,1.2837390938913646
NAR061319002,NAR,CJF_1,CJF,1,R,R-NAR061319002,3,1,0.4478730937510739,0.7899055270248622
NAR061319002,NAR,CJF_1,CJF,1,R,R-NAR061319002,3,2,0.6460826933284203,0.7899055270248622
NAR061319002,NAR,CJF_1,CJF,1,R,R-NAR061319002,3,3,0.7707028759881085,0.7899055270248622
NAR061319002,NAR,CJF_2,CJF,2,R,R-NAR061319002,3,1,0.4238600003737362,0.7644406072164159
NAR061319002,NAR,CJF_2,CJF,2,R,R-NAR061319002,3,2,0.6292802236375007,0.7644406072164159
NAR061319002,NAR,CJF_2,CJF,2,R,R-NAR061319002,3,3,0.7429604900693697,0.7644406072164159
NAR061319002,NAR,CJF_3,CJF,3,R,R-NAR061319002,3,1,0.43095187245648464,0.7662273958203327
NAR061319002,NAR,CJF_3,CJF,3,R,R-NAR061319002,3,2,0.6347827852643508,0.7662273958203327
NAR061319002,NAR,CJF_3,CJF,3,R,R-NAR061319002,3,3,0.7465201973175659,0.7662273958203327
NAR061319003,NAR,CJF_1,CJF,1,R,R-NAR061319003,4,1,0.31537407219027386,0.7908406319884975
NAR061319003,NAR,CJF_1,CJF,1,R,R-NAR061319003,4,2,0.5646156086426515,0.7908406319884975
NAR061319003,NAR,CJF_1,CJF,1,R,R-NAR061319003,4,3,0.6963641620882816,0.7908406319884975
NAR061319003,NAR,CJF_1,CJF,1,R,R-NAR061319003,4,4,0.7716019858472681,0.7908406319884975
NAR061319003,NAR,CJF_2,CJF,2,R,R-NAR061319003,4,1,0.35579507966689994,0.8258956526820656
NAR061319003,NAR,CJF_2,CJF,2,R,R-NAR061319003,4,2,0.586510612709191,0.8258956526820656
NAR061319003,NAR,CJF_2,CJF,2,R,R-NAR061319003,4,3,0.7332220397356694,0.8258956526820656
NAR061319003,NAR,CJF_2,CJF,2,R,R-NAR061319003,4,4,0.8130170530599611,0.8258956526820656
NAR061319003,NAR,CJF_3,CJF,3,R,R-NAR061319003,4,1,0.2850743452382168,0.7566473620443405
NAR061319003,NAR,CJF_3,CJF,3,R,R-NAR061319003,4,2,0.5273264849554531,0.7566473620443405
NAR061319003,NAR,CJF_3,CJF,3,R,R-NAR061319003,4,3,0.6623962094121566,0.7566473620443405
NAR061319003,NAR,CJF_3,CJF,3,R,R-NAR061319003,4,4,0.7373667944383925,0.7566473620443405
NAR061319004,NAR,NGA_1,NGA,1,R,R-NAR061319004,4,1,0.40798720725613863,1.0637665647013836
NAR061319004,NAR,NGA_1,NGA,1,R,R-NAR061319004,4,2,0.6764281525470368,1.0637665647013836
NAR061319004,NAR,NGA_1,NGA,1,R,R-NAR061319004,4,3,0.8561433933244461,1.0637665647013836
NAR061319004,NAR,NGA_1,NGA,1,R,R-NAR061319004,4,4,0.9826205678067235,1.0637665647013836
NAR061319004,NAR,NGA_2,NGA,2,R,R-NAR061319004,4,1,0.3950867589677099,1.0782541528099745
NAR061319004,NAR,NGA_2,NGA,2,R,R-NAR061319004,4,2,0.6542107876831778,1.0782541528099745
NAR061319004,NAR,NGA_2,NGA,2,R,R-NAR061319004,4,3,0.8460730996920053,1.0782541528099745
NAR061319004,NAR,NGA_2,NGA,2,R,R-NAR061319004,4,4,0.9915757789069223,1.0782541528099745
NAR061319005,NAR,CJF_1,CJF,1,R,R-NAR061319005,3,1,0.5274761040382344,0.8657346927383791
NAR061319005,NAR,CJF_1,CJF,1,R,R-NAR061319005,3,2,0.737324155175203,0.8657346927383791
NAR061319005,NAR,CJF_1,CJF,1,R,R-NAR061319005,3,3,0.8481409047389324,0.8657346927383791
NAR061319005,NAR,CJF_2,CJF,2,R,R-NAR061319005,3,1,0.5699417614771585,0.8958936904425321
NAR061319005,NAR,CJF_2,CJF,2,R,R-NAR061319005,3,2,0.7663987694176929,0.8958936904425321
NAR061319005,NAR,CJF_2,CJF,2,R,R-NAR061319005,3,3,0.8736260230630155,0.8958936904425321
NAR061319005,NAR,CJF_3,CJF,3,R,R-NAR061319005,3,1,0.5442435517902087,0.8701178797659553
NAR061319005,NAR,CJF_3,CJF,3,R,R-NAR061319005,3,2,0.7352994242894476,0.8701178797659553
NAR061319005,NAR,CJF_3,CJF,3,R,R-NAR061319005,3,3,0.8492473860198815,0.8701178797659553
NAR061319006,NAR,CJF_1,CJF,1,R,R-NAR061319006,3,1,0.33991041131565664,0.764328078453774
NAR061319006,NAR,CJF_1,CJF,1,R,R-NAR061319006,3,2,0.608716559359112,0.764328078453774
NAR061319006,NAR,CJF_1,CJF,1,R,R-NAR061319006,3,3,0.7464703815184041,0.764328078453774
NAR061319006,NAR,CJF_2,CJF,2,R,R-NAR061319006,3,1,0.3345322515952789,0.7371610211231613
NAR061319006,NAR,CJF_2,CJF,2,R,R-NAR061319006,3,2,0.5943431644917336,0.7371610211231613
NAR061319006,NAR,CJF_2,CJF,2,R,R-NAR061319006,3,3,0.724673645087657,0.7371610211231613
NAR061319006,NAR,CJF_3,CJF,3,R,R-NAR061319006,3,1,0.36240815480697114,0.7830435213117433
NAR061319006,NAR,CJF_3,CJF,3,R,R-NAR061319006,3,2,0.6371718239456763,0.7830435213117433
NAR061319006,NAR,CJF_3,CJF,3,R,R-NAR061319006,3,3,0.750031115874339,0.7830435213117433
NAR061319007,NAR,CJF_1,CJF,1,R,R-NAR061319007,3,1,0.46783198474059234,0.8632002599811075
NAR061319007,NAR,CJF_1,CJF,1,R,R-NAR061319007,3,2,0.6946196510958413,0.8632002599811075
NAR061319007,NAR,CJF_1,CJF,1,R,R-NAR061319007,3,3,0.8276974223573306,0.8632002599811075
NAR061319007,NAR,CJF_2,CJF,2,R,R-NAR061319007,3,1,0.4412670653061806,0.8411905320873657
NAR061319007,NAR,CJF_2,CJF,2,R,R-NAR061319007,3,2,0.6853365734347917,0.8411905320873657
NAR061319007,NAR,CJF_2,CJF,2,R,R-NAR061319007,3,3,0.8111470471764599,0.8411905320873657
NAR061319007,NAR,CJF_3,CJF,3,R,R-NAR061319007,3,1,0.46463043330541776,0.8564793344626257
NAR061319007,NAR,CJF_3,CJF,3,R,R-NAR061319007,3,2,0.6814406045483906,0.8564793344626257
NAR061319007,NAR,CJF_3,CJF,3,R,R-NAR061319007,3,3,0.8281489948386037,0.8564793344626257
NAR061319008,NAR,CJF_1,CJF,1,R,R-NAR061319008,3,1,0.3785123088145755,0.8582808290506637
NAR061319008,NAR,CJF_1,CJF,1,R,R-NAR061319008,3,2,0.6081218104371312,0.8582808290506637
NAR061319008,NAR,CJF_1,CJF,1,R,R-NAR061319008,3,3,0.8011835897832943,0.8582808290506637
NAR061319008,NAR,CJF_2,CJF,2,R,R-NAR061319008,3,1,0.5207560742439405,0.8428455671897435
NAR061319008,NAR,CJF_2,CJF,2,R,R-NAR061319008,3,2,0.7135034553980429,0.8428455671897435
NAR061319008,NAR,CJF_2,CJF,2,R,R-NAR061319008,3,3,0.8195434541225884,0.8428455671897435
NAR061319008,NAR,CJF_3,CJF,3,R,R-NAR061319008,4,1,0.3807899680487891,0.8564104016791014
NAR061319008,NAR,CJF_3,CJF,3,R,R-NAR061319008,4,2,0.5939226156129864,0.8564104016791014
NAR061319008,NAR,CJF_3,CJF,3,R,R-NAR061319008,4,3,0.7585691598067045,0.8564104016791014
NAR061319008,NAR,CJF_3,CJF,3,R,R-NAR061319008,4,4,0.843858214104408,0.8564104016791014
NAR061319009,NAR,CJF_1,CJF,1,R,R-NAR061319009,2,1,0.4572972575056721,0.6305886330380575
NAR061319009,NAR,CJF_1,CJF,1,R,R-NAR061319009,2,2,0.6007441216665215,0.6305886330380575
NAR061319009,NAR,CJF_2,CJF,2,R,R-NAR061319009,2,1,0.4341276612409638,0.6223682876309069
NAR061319009,NAR,CJF_2,CJF,2,R,R-NAR061319009,2,2,0.5884654782543797,0.6223682876309069
NAR061319009,NAR,CJF_3,CJF,3,R,R-NAR061319009,2,1,0.39167043580717475,0.5853750966256132
NAR061319009,NAR,CJF_3,CJF,3,R,R-NAR061319009,2,2,0.5476017168467509,0.5853750966256132
NAR061319010,NAR,CJF_1,CJF,1,R,R-NAR061319010,4,1,0.364486917189129,0.894798432642795
NAR061319010,NAR,CJF_1,CJF,1,R,R-NAR061319010,4,2,0.6273679406435284,0.894798432642795
NAR061319010,NAR,CJF_1,CJF,1,R,R-NAR061319010,4,3,0.7738239657086405,0.894798432642795
NAR061319010,NAR,CJF_1,CJF,1,R,R-NAR061319010,4,4,0.8694236541082044,0.894798432642795
NAR061319010,NAR,CJF_2,CJF,2,R,R-NAR061319010,4,1,0.3305664046172573,0.9053720495955645
NAR061319010,NAR,CJF_2,CJF,2,R,R-NAR061319010,4,2,0.6229265430631259,0.9053720495955645
NAR061319010,NAR,CJF_2,CJF,2,R,R-NAR061319010,4,3,0.7856662396621102,0.9053720495955645
NAR061319010,NAR,CJF_2,CJF,2,R,R-NAR061319010,4,4,0.8823755948939925,0.9053720495955645
NAR061319010,NAR,CJF_3,CJF,3,R,R-NAR061319010,4,1,0.34392139436198355,0.9035968596925463
NAR061319010,NAR,CJF_3,CJF,3,R,R-NAR061319010,4,2,0.6181965662900339,0.9035968596925463
NAR061319010,NAR,CJF_3,CJF,3,R,R-NAR061319010,4,3,0.7822449399659219,0.9035968596925463
NAR061319010,NAR,CJF_3,CJF,3,R,R-NAR061319010,4,4,0.8792100233709119,0.9035968596925463
NAR061319011,NAR,CJF_1,CJF,1,R,R-NAR061319011,1,1,0.7233000799827461,0.7805981414832036
NAR061319011,NAR,CJF_2,CJF,2,R,R-NAR061319011,2,1,0.6643185757567113,0.8081615603375798
NAR061319011,NAR,CJF_2,CJF,2,R,R-NAR061319011,2,2,0.7892699107649972,0.8081615603375798
NAR061319011,NAR,CJF_3,CJF,3,R,R-NAR061319011,1,1,0.7004494827942392,0.7430357240912171
NAR061319012,NAR,CJF_1,CJF,1,R,R-NAR061319012,3,1,0.4589371142894594,0.8078799859478246
NAR061319012,NAR,CJF_1,CJF,1,R,R-NAR061319012,3,2,0.6482628554979459,0.8078799859478246
NAR061319012,NAR,CJF_1,CJF,1,R,R-NAR061319012,3,3,0.7759976295462852,0.8078799859478246
NAR061319012,NAR,CJF_2,CJF,2,R,R-NAR061319012,3,1,0.41019432600218964,0.7662098388811649
NAR061319012,NAR,CJF_2,CJF,2,R,R-NAR061319012,3,2,0.6068011786695416,0.7662098388811649
NAR061319012,NAR,CJF_2,CJF,2,R,R-NAR061319012,3,3,0.7485818279895278,0.7662098388811649
NAR061319012,NAR,CJF_3,CJF,3,R,R-NAR061319012,3,1,0.45450421370815786,0.7951920210258491
NAR061319012,NAR,CJF_3,CJF,3,R,R-NAR061319012,3,2,0.6434368125052257,0.7951920210258491
NAR061319012,NAR,CJF_3,CJF,3,R,R-NAR061319012,3,3,0.7839766543419511,0.7951920210258491
NAR061319013,NAR,CJF_1,CJF,1,R,R-NAR061319013,3,1,0.45371360928683224,0.8235048900570923
NAR061319013,NAR,CJF_1,CJF,1,R,R-NAR061319013,3,2,0.6717192568223944,0.8235048900570923
NAR061319013,NAR,CJF_1,CJF,1,R,R-NAR061319013,3,3,0.7910495389388167,0.8235048900570923
NAR061319013,NAR,CJF_2,CJF,2,R,R-NAR061319013,3,1,0.4575515116715393,0.8242168514775063
NAR061319013,NAR,CJF_2,CJF,2,R,R-NAR061319013,3,2,0.6639786347170848,0.8242168514775063
NAR061319013,NAR,CJF_2,CJF,2,R,R-NAR061319013,3,3,0.7899913490650062,0.8242168514775063
NAR061319013,NAR,CJF_3,CJF,3,R,R-NAR061319013,3,1,0.5089076533245384,0.8759382668784264
NAR061319013,NAR,CJF_3,CJF,3,R,R-NAR061319013,3,2,0.7128480579757577,0.8759382668784264
NAR061319013,NAR,CJF_3,CJF,3,R,R-NAR061319013,3,3,0.8519693790175213,0.8759382668784264
NAR061319014,NAR,CJF_1,CJF,1,R,R-NAR061319014,3,1,0.5209428929714874,0.8286378932323306
NAR061319014,NAR,CJF_1,CJF,1,R,R-NAR061319014,3,2,0.687054246663392,0.8286378932323306
NAR061319014,NAR,CJF_1,CJF,1,R,R-NAR061319014,3,3,0.8012666791711208,0.8286378932323306
NAR061319014,NAR,CJF_2,CJF,2,R,R-NAR061319014,3,1,0.43563760504517024,0.7790553644618176
NAR061319014,NAR,CJF_2,CJF,2,R,R-NAR061319014,3,2,0.6417785797958363,0.7790553644618176
NAR061319014,NAR,CJF_2,CJF,2,R,R-NAR061319014,3,3,0.761491489222615,0.7790553644618176
NAR061319014,NAR,CJF_3,CJF,3,R,R-NAR061319014,3,1,0.39884185649760484,0.8216142580434028
NAR061319014,NAR,CJF_3,CJF,3,R,R-NAR061319014,3,2,0.6545522058647426,0.8216142580434028
NAR061319014,NAR,CJF_3,CJF,3,R,R-NAR061319014,3,3,0.7899075859416436,0.8216142580434028
NAR061319015,NAR,CJF_1,CJF,1,R,R-NAR061319015,3,1,0.45344430100824007,0.8123806154043464
NAR061319015,NAR,CJF_1,CJF,1,R,R-NAR061319015,3,2,0.6727380222517896,0.8123806154043464
NAR061319015,NAR,CJF_1,CJF,1,R,R-NAR061319015,3,3,0.7887500935577068,0.8123806154043464
NAR061319015,NAR,CJF_2,CJF,2,R,R-NAR061319015,3,1,0.4563944552573633,0.7987320351797013
NAR061319015,NAR,CJF_2,CJF,2,R,R-NAR061319015,3,2,0.6701717573904789,0.7987320351797013
NAR061319015,NAR,CJF_2,CJF,2,R,R-NAR061319015,3,3,0.7752016068323717,0.7987320351797013
NAR061319015,NAR,CJF_3,CJF,3,R,R-NAR061319015,3,1,0.4664937165014346,0.8089072375016375
NAR061319015,NAR,CJF_3,CJF,3,R,R-NAR061319015,3,2,0.6923135298294945,0.8089072375016375
NAR061319015,NAR,CJF_3,CJF,3,R,R-NAR061319015,3,3,0.7873922540659354,0.8089072375016375
NAR061319016,NAR,CJF_1,CJF,1,R,R-NAR061319016,4,1,0.4351075579192092,1.0028101623705123
NAR061319016,NAR,CJF_1,CJF,1,R,R-NAR061319016,4,2,0.6944986020633533,1.0028101623705123
NAR061319016,NAR,CJF_1,CJF,1,R,R-NAR061319016,4,3,0.8467213659102515,1.0028101623705123
NAR061319016,NAR,CJF_1,CJF,1,R,R-NAR061319016,4,4,0.9667652328869836,1.0028101623705123
NAR061319016,NAR,CJF_2,CJF,2,R,R-NAR061319016,4,1,0.4081634748533566,0.9852877374030128
NAR061319016,NAR,CJF_2,CJF,2,R,R-NAR061319016,4,2,0.6840370620845961,0.9852877374030128
NAR061319016,NAR,CJF_2,CJF,2,R,R-NAR061319016,4,3,0.8625287048782452,0.9852877374030128
NAR061319016,NAR,CJF_2,CJF,2,R,R-NAR061319016,4,4,0.9650635644504616,0.9852877374030128
NAR061319016,NAR,CJF_3,CJF,3,R,R-NAR061319016,4,1,0.41400362107426136,0.9651843737649709
NAR061319016,NAR,CJF_3,CJF,3,R,R-NAR061319016,4,2,0.6621382275241661,0.9651843737649709
NAR061319016,NAR,CJF_3,CJF,3,R,R-NAR061319016,4,3,0.8437390362183176,0.9651843737649709
NAR061319016,NAR,CJF_3,CJF,3,R,R-NAR061319016,4,4,0.9431491228136131,0.9651843737649709
NAR061319017,NAR,CJF_1,CJF,1,R,R-NAR061319017,5,1,0.3742985630875274,1.0110610237287736
NAR061319017,NAR,CJF_1,CJF,1,R,R-NAR061319017,5,2,0.61414804431597,1.0110610237287736
NAR061319017,NAR,CJF_1,CJF,1,R,R-NAR061319017,5,3,0.776125682115449,1.0110610237287736
NAR061319017,NAR,CJF_1,CJF,1,R,R-NAR061319017,5,4,0.9010647199562372,1.0110610237287736
NAR061319017,NAR,CJF_1,CJF,1,R,R-NAR061319017,5,5,0.9884466074034977,1.0110610237287736
NAR061319017,NAR,CJF_2,CJF,2,R,R-NAR061319017,5,1,0.4247686647732948,1.010076538525929
NAR061319017,NAR,CJF_2,CJF,2,R,R-NAR061319017,5,2,0.5979097038463121,1.010076538525929
NAR061319017,NAR,CJF_2,CJF,2,R,R-NAR061319017,5,3,0.7702262604119844,1.010076538525929
NAR061319017,NAR,CJF_2,CJF,2,R,R-NAR061319017,5,4,0.9027867427745647,1.010076538525929
NAR061319017,NAR,CJF_2,CJF,2,R,R-NAR061319017,5,5,0.9898197733826404,1.010076538525929
NAR061319017,NAR,CJF_3,CJF,3,R,R-NAR061319017,5,1,0.40149728239773014,0.9930718266420067
NAR061319017,NAR,CJF_3,CJF,3,R,R-NAR061319017,5,2,0.5975564736906611,0.9930718266420067
NAR061319017,NAR,CJF_3,CJF,3,R,R-NAR061319017,5,3,0.7767593533637436,0.9930718266420067
NAR061319017,NAR,CJF_3,CJF,3,R,R-NAR061319017,5,4,0.8966978694424264,0.9930718266420067
NAR061319017,NAR,CJF_3,CJF,3,R,R-NAR061319017,5,5,0.9874530561020574,0.9930718266420067
NAR061319018,NAR,CJF_1,CJF,1,R,R-NAR061319018,6,1,0.5579147292524501,1.2052671359974285
NAR061319018,NAR,CJF_1,CJF,1,R,R-NAR061319018,6,2,0.715754294379592,1.2052671359974285
NAR061319018,NAR,CJF_1,CJF,1,R,R-NAR061319018,6,3,0.8520523207700805,1.2052671359974285
NAR061319018,NAR,CJF_1,CJF,1,R,R-NAR061319018,6,4,0.9944587845664475,1.2052671359974285
NAR061319018,NAR,CJF_1,CJF,1,R,R-NAR061319018,6,5,1.1094681466596523,1.2052671359974285
NAR061319018,NAR,CJF_1,CJF,1,R,R-NAR061319018,6,6,1.1817737429386057,1.2052671359974285
NAR061319018,NAR,CJF_2,CJF,2,R,R-NAR061319018,6,1,0.5882068414233879,1.2547974322096191
NAR061319018,NAR,CJF_2,CJF,2,R,R-NAR061319018,6,2,0.7213220341197099,1.2547974322096191
NAR061319018,NAR,CJF_2,CJF,2,R,R-NAR061319018,6,3,0.8714297177087995,1.2547974322096191
NAR061319018,NAR,CJF_2,CJF,2,R,R-NAR061319018,6,4,1.0090943608968743,1.2547974322096191
NAR061319018,NAR,CJF_2,CJF,2,R,R-NAR061319018,6,5,1.137331381899377,1.2547974322096191
NAR061319018,NAR,CJF_2,CJF,2,R,R-NAR061319018,6,6,1.2288156140673678,1.2547974322096191
NAR061319018,NAR,CJF_3,CJF,3,R,R-NAR061319018,6,1,0.5176464647954636,1.219837859697742
NAR061319018,NAR,CJF_3,CJF,3,R,R-NAR061319018,6,2,0.6851570479309816,1.219837859697742
NAR061319018,NAR,CJF_3,CJF,3,R,R-NAR061319018,6,3,0.8332440101053986,1.219837859697742
NAR061319018,NAR,CJF_3,CJF,3,R,R-NAR061319018,6,4,0.9599206279638404,1.219837859697742
NAR061319018,NAR,CJF_3,CJF,3,R,R-NAR061319018,6,5,1.1103297723555734,1.219837859697742
NAR061319018,NAR,CJF_3,CJF,3,R,R-NAR061319018,6,6,1.1983604236092782,1.219837859697742
NAR061319019,NAR,CJF_1,CJF,1,R,R-NAR061319019,8,1,0.4579067884430575,1.3196705000069553
NAR061319019,NAR,CJF_1,CJF,1,R,R-NAR061319019,8,2,0.7010348417765775,1.3196705000069553
NAR061319019,NAR,CJF_1,CJF,1,R,R-NAR061319019,8,3,0.8455641011501935,1.3196705000069553
NAR061319019,NAR,CJF_1,CJF,1,R,R-NAR061319019,8,4,0.9536213766077146,1.3196705000069553
NAR061319019,NAR,CJF_1,CJF,1,R,R-NAR061319019,8,5,1.0792402045533134,1.3196705000069553
NAR061319019,NAR,CJF_1,CJF,1,R,R-NAR061319019,8,6,1.1724402169698522,1.3196705000069553
NAR061319019,NAR,CJF_1,CJF,1,R,R-NAR061319019,8,7,1.2413277506313996,1.3196705000069553
NAR061319019,NAR,CJF_1,CJF,1,R,R-NAR061319019,8,8,1.2953547554683553,1.3196705000069553
NAR061319019,NAR,CJF_2,CJF,2,R,R-NAR061319019,8,1,0.44843524669976026,1.2592953302027456
NAR061319019,NAR,CJF_2,CJF,2,R,R-NAR061319019,8,2,0.6541412107536115,1.2592953302027456
NAR061319019,NAR,CJF_2,CJF,2,R,R-NAR061319019,8,3,0.7767976057572733,1.2592953302027456
NAR061319019,NAR,CJF_2,CJF,2,R,R-NAR061319019,8,4,0.8963936113521952,1.2592953302027456
NAR061319019,NAR,CJF_2,CJF,2,R,R-NAR061319019,8,5,1.0165660475568354,1.2592953302027456
NAR061319019,NAR,CJF_2,CJF,2,R,R-NAR061319019,8,6,1.1098500974902894,1.2592953302027456
NAR061319019,NAR,CJF_2,CJF,2,R,R-NAR061319019,8,7,1.1938534306351298,1.2592953302027456
NAR061319019,NAR,CJF_2,CJF,2,R,R-NAR061319019,8,8,1.2454240293010226,1.2592953302027456
NAR061319019,NAR,CJF_3,CJF,3,R,R-NAR061319019,8,1,0.4393400883436892,1.2786912078314405
NAR061319019,NAR,CJF_3,CJF,3,R,R-NAR061319019,8,2,0.6814386250890607,1.2786912078314405
NAR061319019,NAR,CJF_3,CJF,3,R,R-NAR061319019,8,3,0.788456886403966,1.2786912078314405
NAR061319019,NAR,CJF_3,CJF,3,R,R-NAR061319019,8,4,0.9018105284556925,1.2786912078314405
NAR061319019,NAR,CJF_3,CJF,3,R,R-NAR061319019,8,5,1.037294530280856,1.2786912078314405
NAR061319019,NAR,CJF_3,CJF,3,R,R-NAR061319019,8,6,1.1192694014485671,1.2786912078314405
NAR061319019,NAR,CJF_3,CJF,3,R,R-NAR061319019,8,7,1.2034554437952483,1.2786912078314405
NAR061319019,NAR,CJF_3,CJF,3,R,R-NAR061319019,8,8,1.2610887840105514,1.2786912078314405
NAR061319020,NAR,CJF_1,CJF,1,R,R-NAR061319020,6,1,0.4658596141353435,1.2856897014943682
NAR061319020,NAR,CJF_1,CJF,1,R,R-NAR061319020,6,2,0.71434633596449,1.2856897014943682
NAR061319020,NAR,CJF_1,CJF,1,R,R-NAR061319020,6,3,0.8840361688740929,1.2856897014943682
NAR061319020,NAR,CJF_1,CJF,1,R,R-NAR061319020,6,4,1.0452362112087854,1.2856897014943682
NAR061319020,NAR,CJF_1,CJF,1,R,R-NAR061319020,6,5,1.182746910188963,1.2856897014943682
NAR061319020,NAR,CJF_1,CJF,1,R,R-NAR061319020,6,6,1.2663213465991996,1.2856897014943682
NAR061319020,NAR,CJF_2,CJF,2,R,R-NAR061319020,6,1,0.522330159844299,1.2916271563639474
NAR061319020,NAR,CJF_2,CJF,2,R,R-NAR061319020,6,2,0.7191545223114206,1.2916271563639474
NAR061319020,NAR,CJF_2,CJF,2,R,R-NAR061319020,6,3,0.9017774528347138,1.2916271563639474
NAR061319020,NAR,CJF_2,CJF,2,R,R-NAR061319020,6,4,1.0407543242051527,1.2916271563639474
NAR061319020,NAR,CJF_2,CJF,2,R,R-NAR061319020,6,5,1.185399795466468,1.2916271563639474
NAR061319020,NAR,CJF_2,CJF,2,R,R-NAR061319020,6,6,1.2554657885486185,1.2916271563639474
NAR061319020,NAR,CJF_3,CJF,3,R,R-NAR061319020,6,1,0.5019278898631006,1.283550189004729
NAR061319020,NAR,CJF_3,CJF,3,R,R-NAR061319020,6,2,0.7096585670665063,1.283550189004729
NAR061319020,NAR,CJF_3,CJF,3,R,R-NAR061319020,6,3,0.9025522756259767,1.283550189004729
NAR061319020,NAR,CJF_3,CJF,3,R,R-NAR061319020,6,4,1.0367270915703022,1.283550189004729
NAR061319020,NAR,CJF_3,CJF,3,R,R-NAR061319020,6,5,1.1678781736839374,1.283550189004729
NAR061319020,NAR,CJF_3,CJF,3,R,R-NAR061319020,6,6,1.2578631327709116,1.283550189004729
NAR061319021,NAR,CJF_1,CJF,1,R,R-NAR061319021,8,1,0.5708134063159157,1.242314977119539
NAR061319021,NAR,CJF_1,CJF,1,R,R-NAR061319021,8,2,0.7027468800081409,1.242314977119539
NAR061319021,NAR,CJF_1,CJF,1,R,R-NAR061319021,8,3,0.8190062181763171,1.242314977119539
NAR061319021,NAR,CJF_1,CJF,1,R,R-NAR061319021,8,4,0.9100416894715823,1.242314977119539
NAR061319021,NAR,CJF_1,CJF,1,R,R-NAR061319021,8,5,0.9847797369142117,1.242314977119539
NAR061319021,NAR,CJF_1,CJF,1,R,R-NAR061319021,8,6,1.0698981070382279,1.242314977119539
NAR061319021,NAR,CJF_1,CJF,1,R,R-NAR061319021,8,7,1.158234501331984,1.242314977119539
NAR061319021,NAR,CJF_1,CJF,1,R,R-NAR061319021,8,8,1.2234228174257509,1.242314977119539
NAR061319021,NAR,CJF_2,CJF,2,R,R-NAR061319021,9,1,0.38173869721794296,1.2411312336356195
NAR061319021,NAR,CJF_2,CJF,2,R,R-NAR061319021,9,2,0.5666742662895652,1.2411312336356195
NAR061319021,NAR,CJF_2,CJF,2,R,R-NAR061319021,9,3,0.7002821236143659,1.2411312336356195
NAR061319021,NAR,CJF_2,CJF,2,R,R-NAR061319021,9,4,0.8035758816728165,1.2411312336356195
NAR061319021,NAR,CJF_2,CJF,2,R,R-NAR061319021,9,5,0.8965241338859318,1.2411312336356195
NAR061319021,NAR,CJF_2,CJF,2,R,R-NAR061319021,9,6,0.9792881806486129,1.2411312336356195
NAR061319021,NAR,CJF_2,CJF,2,R,R-NAR061319021,9,7,1.066702470804233,1.2411312336356195
NAR061319021,NAR,CJF_2,CJF,2,R,R-NAR061319021,9,8,1.1609342591617589,1.2411312336356195
NAR061319021,NAR,CJF_2,CJF,2,R,R-NAR061319021,9,9,1.2241295299832793,1.2411312336356195
NAR061319021,NAR,CJF_3,CJF,3,R,R-NAR061319021,9,1,0.3537068490406315,1.204567575598839
NAR061319021,NAR,CJF_3,CJF,3,R,R-NAR061319021,9,2,0.5430496486738245,1.204567575598839
NAR061319021,NAR,CJF_3,CJF,3,R,R-NAR061319021,9,3,0.6751787933712085,1.204567575598839
NAR061319021,NAR,CJF_3,CJF,3,R,R-NAR061319021,9,4,0.7659588687558438,1.204567575598839
NAR061319021,NAR,CJF_3,CJF,3,R,R-NAR061319021,9,5,0.8714784595934807,1.204567575598839
NAR061319021,NAR,CJF_3,CJF,3,R,R-NAR061319021,9,6,0.959549082337318,1.204567575598839
NAR061319021,NAR,CJF_3,CJF,3,R,R-NAR061319021,9,7,1.0389184316158833,1.204567575598839
NAR061319021,NAR,CJF_3,CJF,3,R,R-NAR061319021,9,8,1.1243260228821774,1.204567575598839
NAR061319021,NAR,CJF_3,CJF,3,R,R-NAR061319021,9,9,1.1893687478451629,1.204567575598839
NAR061319022,NAR,CJF_1,CJF,1,R,R-NAR061319022,5,1,0.5834876830462936,1.1482930754952256
NAR061319022,NAR,CJF_1,CJF,1,R,R-NAR061319022,5,2,0.7429356266598686,1.1482930754952256
NAR061319022,NAR,CJF_1,CJF,1,R,R-NAR061319022,5,3,0.9133825753253313,1.1482930754952256
NAR061319022,NAR,CJF_1,CJF,1,R,R-NAR061319022,5,4,1.0363691731728004,1.1482930754952256
NAR061319022,NAR,CJF_1,CJF,1,R,R-NAR061319022,5,5,1.1287924701001195,1.1482930754952256
NAR061319022,NAR,CJF_2,CJF,2,R,R-NAR061319022,5,1,0.4533027270136761,1.1348993290684737
NAR061319022,NAR,CJF_2,CJF,2,R,R-NAR061319022,5,2,0.721014340840221,1.1348993290684737
NAR061319022,NAR,CJF_2,CJF,2,R,R-NAR061319022,5,3,0.8947439987408069,1.1348993290684737
NAR061319022,NAR,CJF_2,CJF,2,R,R-NAR061319022,5,4,1.0314287165207545,1.1348993290684737
NAR061319022,NAR,CJF_2,CJF,2,R,R-NAR061319022,5,5,1.1139130917067288,1.1348993290684737
NAR061319022,NAR,CJF_3,CJF,3,R,R-NAR061319022,5,1,0.5065175214450557,1.144502548280003
NAR061319022,NAR,CJF_3,CJF,3,R,R-NAR061319022,5,2,0.7384728045163096,1.144502548280003
NAR061319022,NAR,CJF_3,CJF,3,R,R-NAR061319022,5,3,0.9036962224144336,1.144502548280003
NAR061319022,NAR,CJF_3,CJF,3,R,R-NAR061319022,5,4,1.0289154256302553,1.144502548280003
NAR061319022,NAR,CJF_3,CJF,3,R,R-NAR061319022,5,5,1.1232421621914872,1.144502548280003
NAR061319023,NAR,CJF_1,CJF,1,R,R-NAR061319023,3,1,0.5644117090367852,0.9017864765438437
NAR061319023,NAR,CJF_1,CJF,1,R,R-NAR061319023,3,2,0.7434804134646065,0.9017864765438437
NAR061319023,NAR,CJF_1,CJF,1,R,R-NAR061319023,3,3,0.871159765113939,0.9017864765438437
NAR061319023,NAR,CJF_2,CJF,2,R,R-NAR061319023,3,1,0.5129687829847921,0.8513449909589732
NAR061319023,NAR,CJF_2,CJF,2,R,R-NAR061319023,3,2,0.6943398994288092,0.8513449909589732
NAR061319023,NAR,CJF_2,CJF,2,R,R-NAR061319023,3,3,0.8110371920085929,0.8513449909589732
NAR061319023,NAR,CJF_3,CJF,3,R,R-NAR061319023,3,1,0.5109544913694188,0.8244768100580453
NAR061319023,NAR,CJF_3,CJF,3,R,R-NAR061319023,3,2,0.6931174993196634,0.8244768100580453
NAR061319023,NAR,CJF_3,CJF,3,R,R-NAR061319023,3,3,0.8022673733161854,0.8244768100580453
NAR061319024,NAR,CJF_1,CJF,1,R,R-NAR061319024,3,1,0.40467821261577563,0.8205858961844843
NAR061319024,NAR,CJF_1,CJF,1,R,R-NAR061319024,3,2,0.6512191426353845,0.8205858961844843
NAR061319024,NAR,CJF_1,CJF,1,R,R-NAR061319024,3,3,0.7823158781553172,0.8205858961844843
NAR061319024,NAR,CJF_2,CJF,2,R,R-NAR061319024,3,1,0.4035925623167121,0.8029299251150476
NAR061319024,NAR,CJF_2,CJF,2,R,R-NAR061319024,3,2,0.6390215570014615,0.8029299251150476
NAR061319024,NAR,CJF_2,CJF,2,R,R-NAR061319024,3,3,0.7712203700375311,0.8029299251150476
NAR061319024,NAR,CJF_3,CJF,3,R,R-NAR061319024,3,1,0.4074845462122463,0.8235137754718483
NAR061319024,NAR,CJF_3,CJF,3,R,R-NAR061319024,3,2,0.6559997992035571,0.8235137754718483
NAR061319024,NAR,CJF_3,CJF,3,R,R-NAR061319024,3,3,0.7877318070564392,0.8235137754718483
NAR061319025,NAR,CJF_1,CJF,1,R,R-NAR061319025,4,1,0.45242430419096824,1.135858236632826
NAR061319025,NAR,CJF_1,CJF,1,R,R-NAR061319025,4,2,0.7770163847468705,1.135858236632826
NAR061319025,NAR,CJF_1,CJF,1,R,R-NAR061319025,4,3,0.9768234806547871,1.135858236632826
NAR061319025,NAR,CJF_1,CJF,1,R,R-NAR061319025,4,4,1.1018099382536513,1.135858236632826
NAR061319025,NAR,CJF_2,CJF,2,R,R-NAR061319025,4,1,0.5248800532251264,1.199533901628474
NAR061319025,NAR,CJF_2,CJF,2,R,R-NAR061319025,4,2,0.8636889307924231,1.199533901628474
NAR061319025,NAR,CJF_2,CJF,2,R,R-NAR061319025,4,3,1.0527240131814983,1.199533901628474
NAR061319025,NAR,CJF_2,CJF,2,R,R-NAR061319025,4,4,1.1651931018496067,1.199533901628474
NAR061319025,NAR,CJF_3,CJF,3,R,R-NAR061319025,4,1,0.4543382043334171,1.1149702409726627
NAR061319025,NAR,CJF_3,CJF,3,R,R-NAR061319025,4,2,0.7693697254930738,1.1149702409726627
NAR061319025,NAR,CJF_3,CJF,3,R,R-NAR061319025,4,3,0.9496830379172072,1.1149702409726627
NAR061319025,NAR,CJF_3,CJF,3,R,R-NAR061319025,4,4,1.093319807737917,1.1149702409726627
NAR061319026,NAR,CJF_1,CJF,1,R,R-NAR061319026,9,1,0.5108488633885192,1.3906884719408212
NAR061319026,NAR,CJF_1,CJF,1,R,R-NAR061319026,9,2,0.7206295613451859,1.3906884719408212
NAR061319026,NAR,CJF_1,CJF,1,R,R-NAR061319026,9,3,0.8537278331232923,1.3906884719408212
NAR061319026,NAR,CJF_1,CJF,1,R,R-NAR061319026,9,4,0.9397210724513063,1.3906884719408212
NAR061319026,NAR,CJF_1,CJF,1,R,R-NAR061319026,9,5,1.057303970923111,1.3906884719408212
NAR061319026,NAR,CJF_1,CJF,1,R,R-NAR061319026,9,6,1.1390969696812352,1.3906884719408212
NAR061319026,NAR,CJF_1,CJF,1,R,R-NAR061319026,9,7,1.2130404540024056,1.3906884719408212
NAR061319026,NAR,CJF_1,CJF,1,R,R-NAR061319026,9,8,1.2924618220383561,1.3906884719408212
NAR061319026,NAR,CJF_1,CJF,1,R,R-NAR061319026,9,9,1.3784550613663702,1.3906884719408212
NAR061319026,NAR,CJF_2,CJF,2,R,R-NAR061319026,9,1,0.4606808393582773,1.3448194915658842
NAR061319026,NAR,CJF_2,CJF,2,R,R-NAR061319026,9,2,0.6637651563414924,1.3448194915658842
NAR061319026,NAR,CJF_2,CJF,2,R,R-NAR061319026,9,3,0.8076879193354014,1.3448194915658842
NAR061319026,NAR,CJF_2,CJF,2,R,R-NAR061319026,9,4,0.8960475108911172,1.3448194915658842
NAR061319026,NAR,CJF_2,CJF,2,R,R-NAR061319026,9,5,0.993545802419544,1.3448194915658842
NAR061319026,NAR,CJF_2,CJF,2,R,R-NAR061319026,9,6,1.0965844113695682,1.3448194915658842
NAR061319026,NAR,CJF_2,CJF,2,R,R-NAR061319026,9,7,1.1645019259033416,1.3448194915658842
NAR061319026,NAR,CJF_2,CJF,2,R,R-NAR061319026,9,8,1.2485949082898404,1.3448194915658842
NAR061319026,NAR,CJF_2,CJF,2,R,R-NAR061319026,9,9,1.3243774145439415,1.3448194915658842
NAR061319026,NAR,CJF_3,CJF,3,R,R-NAR061319026,9,1,0.48571987879567147,1.3658605186650992
NAR061319026,NAR,CJF_3,CJF,3,R,R-NAR061319026,9,2,0.6889365913225752,1.3658605186650992
NAR061319026,NAR,CJF_3,CJF,3,R,R-NAR061319026,9,3,0.8166632904083334,1.3658605186650992
NAR061319026,NAR,CJF_3,CJF,3,R,R-NAR061319026,9,4,0.9203646615339875,1.3658605186650992
NAR061319026,NAR,CJF_3,CJF,3,R,R-NAR061319026,9,5,1.0213532640614424,1.3658605186650992
NAR061319026,NAR,CJF_3,CJF,3,R,R-NAR061319026,9,6,1.1155209861510318,1.3658605186650992
NAR061319026,NAR,CJF_3,CJF,3,R,R-NAR061319026,9,7,1.1882203131092417,1.3658605186650992
NAR061319026,NAR,CJF_3,CJF,3,R,R-NAR061319026,9,8,1.2716927965755098,1.3658605186650992
NAR061319026,NAR,CJF_3,CJF,3,R,R-NAR061319026,9,9,1.3456316310057126,1.3658605186650992
NAR061319027,NAR,CJF_1,CJF,1,R,R-NAR061319027,15,1,0.46948228922119456,1.4393749103328597
NAR061319027,NAR,CJF_1,CJF,1,R,R-NAR061319027,15,2,0.622372113722945,1.4393749103328597
NAR061319027,NAR,CJF_1,CJF,1,R,R-NAR061319027,15,3,0.7332536229736929,1.4393749103328597
NAR061319027,NAR,CJF_1,CJF,1,R,R-NAR061319027,15,4,0.8183794726555748,1.4393749103328597
NAR061319027,NAR,CJF_1,CJF,1,R,R-NAR061319027,15,5,0.8873863950882117,1.4393749103328597
NAR061319027,NAR,CJF_1,CJF,1,R,R-NAR061319027,15,6,0.9468903136341199,1.4393749103328597
NAR061319027,NAR,CJF_1,CJF,1,R,R-NAR061319027,15,7,1.0104573961005625,1.4393749103328597
NAR061319027,NAR,CJF_1,CJF,1,R,R-NAR061319027,15,8,1.065965014942382,1.4393749103328597
NAR061319027,NAR,CJF_1,CJF,1,R,R-NAR061319027,15,9,1.1187192816928817,1.4393749103328597
NAR061319027,NAR,CJF_1,CJF,1,R,R-NAR061319027,15,10,1.1647238966479727,1.4393749103328597
NAR061319027,NAR,CJF_1,CJF,1,R,R-NAR061319027,15,11,1.220231515489793,1.4393749103328597
NAR061319027,NAR,CJF_1,CJF,1,R,R-NAR061319027,15,12,1.2851084097854493,1.4393749103328597
NAR061319027,NAR,CJF_1,CJF,1,R,R-NAR061319027,15,13,1.328426536865666,1.4393749103328597
NAR061319027,NAR,CJF_1,CJF,1,R,R-NAR061319027,15,14,1.3798041275705057,1.4393749103328597
NAR061319027,NAR,CJF_1,CJF,1,R,R-NAR061319027,15,15,1.4218124428215084,1.4393749103328597
NAR061319027,NAR,CJF_2,CJF,2,R,R-NAR061319027,15,1,0.43012887228799174,1.4394823681786777
NAR061319027,NAR,CJF_2,CJF,2,R,R-NAR061319027,15,2,0.6063714441333357,1.4394823681786777
NAR061319027,NAR,CJF_2,CJF,2,R,R-NAR061319027,15,3,0.7042694073267081,1.4394823681786777
NAR061319027,NAR,CJF_2,CJF,2,R,R-NAR061319027,15,4,0.7978059399152527,1.4394823681786777
NAR061319027,NAR,CJF_2,CJF,2,R,R-NAR061319027,15,5,0.8696814858403051,1.4394823681786777
NAR061319027,NAR,CJF_2,CJF,2,R,R-NAR061319027,15,6,0.9333988681659098,1.4394823681786777
NAR061319027,NAR,CJF_2,CJF,2,R,R-NAR061319027,15,7,0.9999297546263645,1.4394823681786777
NAR061319027,NAR,CJF_2,CJF,2,R,R-NAR061319027,15,8,1.054223395687648,1.4394823681786777
NAR061319027,NAR,CJF_2,CJF,2,R,R-NAR061319027,15,9,1.104296780546656,1.4394823681786777
NAR061319027,NAR,CJF_2,CJF,2,R,R-NAR061319027,15,10,1.149166680343618,1.4394823681786777
NAR061319027,NAR,CJF_2,CJF,2,R,R-NAR061319027,15,11,1.2102117329369237,1.4394823681786777
NAR061319027,NAR,CJF_2,CJF,2,R,R-NAR061319027,15,12,1.260426292198484,1.4394823681786777
NAR061319027,NAR,CJF_2,CJF,2,R,R-NAR061319027,15,13,1.3241436745240882,1.4394823681786777
NAR061319027,NAR,CJF_2,CJF,2,R,R-NAR061319027,15,14,1.3730926561207744,1.4394823681786777
NAR061319027,NAR,CJF_2,CJF,2,R,R-NAR061319027,15,15,1.4299174525118046,1.4394823681786777
NAR061319027,NAR,CJF_3,CJF,3,R,R-NAR061319027,15,1,0.44713624042764655,1.440527415146349
NAR061319027,NAR,CJF_3,CJF,3,R,R-NAR061319027,15,2,0.6183430955886864,1.440527415146349
NAR061319027,NAR,CJF_3,CJF,3,R,R-NAR061319027,15,3,0.7094267783307381,1.440527415146349
NAR061319027,NAR,CJF_3,CJF,3,R,R-NAR061319027,15,4,0.8059289256940081,1.440527415146349
NAR061319027,NAR,CJF_3,CJF,3,R,R-NAR061319027,15,5,0.8887922256937619,1.440527415146349
NAR061319027,NAR,CJF_3,CJF,3,R,R-NAR061319027,15,6,0.9363428198451269,1.440527415146349
NAR061319027,NAR,CJF_3,CJF,3,R,R-NAR061319027,15,7,1.005659958291835,1.440527415146349
NAR061319027,NAR,CJF_3,CJF,3,R,R-NAR061319027,15,8,1.051871383922974,1.440527415146349
NAR061319027,NAR,CJF_3,CJF,3,R,R-NAR061319027,15,9,1.104871337965714,1.440527415146349
NAR061319027,NAR,CJF_3,CJF,3,R,R-NAR061319027,15,10,1.1483426360160867,1.440527415146349
NAR061319027,NAR,CJF_3,CJF,3,R,R-NAR061319027,15,11,1.2054218861598192,1.440527415146349
NAR061319027,NAR,CJF_3,CJF,3,R,R-NAR061319027,15,12,1.2692896647151526,1.440527415146349
NAR061319027,NAR,CJF_3,CJF,3,R,R-NAR061319027,15,13,1.3223205140280494,1.440527415146349
NAR061319027,NAR,CJF_3,CJF,3,R,R-NAR061319027,15,14,1.3685010443890313,1.440527415146349
NAR061319027,NAR,CJF_3,CJF,3,R,R-NAR061319027,15,15,1.4187917661211624,1.440527415146349
NAR061319028,NAR,CJF_1,CJF,1,R,R-NAR061319028,6,1,0.5259447600877427,1.2444300878765846
NAR061319028,NAR,CJF_1,CJF,1,R,R-NAR061319028,6,2,0.7214379213406275,1.2444300878765846
NAR061319028,NAR,CJF_1,CJF,1,R,R-NAR061319028,6,3,0.8504878938893747,1.2444300878765846
NAR061319028,NAR,CJF_1,CJF,1,R,R-NAR061319028,6,4,0.9969621019092414,1.2444300878765846
NAR061319028,NAR,CJF_1,CJF,1,R,R-NAR061319028,6,5,1.1165618083344822,1.2444300878765846
NAR061319028,NAR,CJF_1,CJF,1,R,R-NAR061319028,6,6,1.2140137851916777,1.2444300878765846
NAR061319028,NAR,CJF_2,CJF,2,R,R-NAR061319028,6,1,0.49853451753018313,1.2301036867469535
NAR061319028,NAR,CJF_2,CJF,2,R,R-NAR061319028,6,2,0.7044623550057357,1.2301036867469535
NAR061319028,NAR,CJF_2,CJF,2,R,R-NAR061319028,6,3,0.8603527712592838,1.2301036867469535
NAR061319028,NAR,CJF_2,CJF,2,R,R-NAR061319028,6,4,0.9971739732207564,1.2301036867469535
NAR061319028,NAR,CJF_2,CJF,2,R,R-NAR061319028,6,5,1.1136388299838549,1.2301036867469535
NAR061319028,NAR,CJF_2,CJF,2,R,R-NAR061319028,6,6,1.1962464035232583,1.2301036867469535
NAR061319028,NAR,CJF_3,CJF,3,R,R-NAR061319028,6,1,0.46341987779683264,1.2135967453902958
NAR061319028,NAR,CJF_3,CJF,3,R,R-NAR061319028,6,2,0.6990964067603178,1.2135967453902958
NAR061319028,NAR,CJF_3,CJF,3,R,R-NAR061319028,6,3,0.8472735599071052,1.2135967453902958
NAR061319028,NAR,CJF_3,CJF,3,R,R-NAR061319028,6,4,0.9873338041413044,1.2135967453902958
NAR061319028,NAR,CJF_3,CJF,3,R,R-NAR061319028,6,5,1.113937316936587,1.2135967453902958
NAR061319028,NAR,CJF_3,CJF,3,R,R-NAR061319028,6,6,1.1906651833094035,1.2135967453902958
NAR061319029,NAR,CJF_1,CJF,1,R,R-NAR061319029,7,1,0.6024546203089298,1.2014620445471424
NAR061319029,NAR,CJF_1,CJF,1,R,R-NAR061319029,7,2,0.6996030475985999,1.2014620445471424
NAR061319029,NAR,CJF_1,CJF,1,R,R-NAR061319029,7,3,0.8067200231492894,1.2014620445471424
NAR061319029,NAR,CJF_1,CJF,1,R,R-NAR061319029,7,4,0.9121134006646213,1.2014620445471424
NAR061319029,NAR,CJF_1,CJF,1,R,R-NAR061319029,7,5,0.9914438285463766,1.2014620445471424
NAR061319029,NAR,CJF_1,CJF,1,R,R-NAR061319029,7,6,1.0933900099909908,1.2014620445471424
NAR061319029,NAR,CJF_1,CJF,1,R,R-NAR061319029,7,7,1.168504702772133,1.2014620445471424
NAR061319029,NAR,CJF_2,CJF,2,R,R-NAR061319029,8,1,0.4069174994674121,1.2223482238707684
NAR061319029,NAR,CJF_2,CJF,2,R,R-NAR061319029,8,2,0.6192795722320795,1.2223482238707684
NAR061319029,NAR,CJF_2,CJF,2,R,R-NAR061319029,8,3,0.7279444603981782,1.2223482238707684
NAR061319029,NAR,CJF_2,CJF,2,R,R-NAR061319029,8,4,0.8288698776352533,1.2223482238707684
NAR061319029,NAR,CJF_2,CJF,2,R,R-NAR061319029,8,5,0.9220558239433057,1.2223482238707684
NAR061319029,NAR,CJF_2,CJF,2,R,R-NAR061319029,8,6,1.033204563893169,1.2223482238707684
NAR061319029,NAR,CJF_2,CJF,2,R,R-NAR061319029,8,7,1.1129513569693237,1.2223482238707684
NAR061319029,NAR,CJF_2,CJF,2,R,R-NAR061319029,8,8,1.1867105521648744,1.2223482238707684
NAR061319029,NAR,CJF_3,CJF,3,R,R-NAR061319029,8,1,0.4547665763568057,1.2224979090785528
NAR061319029,NAR,CJF_3,CJF,3,R,R-NAR061319029,8,2,0.631816522167415,1.2224979090785528
NAR061319029,NAR,CJF_3,CJF,3,R,R-NAR061319029,8,3,0.7375608996236485,1.2224979090785528
NAR061319029,NAR,CJF_3,CJF,3,R,R-NAR061319029,8,4,0.8441145937967682,1.2224979090785528
NAR061319029,NAR,CJF_3,CJF,3,R,R-NAR061319029,8,5,0.9347737547039531,1.2224979090785528
NAR061319029,NAR,CJF_3,CJF,3,R,R-NAR061319029,8,6,1.0429460823108423,1.2224979090785528
NAR061319029,NAR,CJF_3,CJF,3,R,R-NAR061319029,8,7,1.1235237885831806,1.2224979090785528
NAR061319029,NAR,CJF_3,CJF,3,R,R-NAR061319029,8,8,1.1973312378946557,1.2224979090785528
NAR061319030,NAR,CJF_1,CJF,1,R,R-NAR061319030,15,1,0.5656290047972925,1.7600252856536565
NAR061319030,NAR,CJF_1,CJF,1,R,R-NAR061319030,15,2,0.7166841437752091,1.7600252856536565
NAR061319030,NAR,CJF_1,CJF,1,R,R-NAR061319030,15,3,0.8477485198012602,1.7600252856536565
NAR061319030,NAR,CJF_1,CJF,1,R,R-NAR061319030,15,4,0.9400283282992056,1.7600252856536565
NAR061319030,NAR,CJF_1,CJF,1,R,R-NAR061319030,15,5,1.024653560482378,1.7600252856536565
NAR061319030,NAR,CJF_1,CJF,1,R,R-NAR061319030,15,6,1.1234972100996423,1.7600252856536565
NAR061319030,NAR,CJF_1,CJF,1,R,R-NAR061319030,15,7,1.1801778634222728,1.7600252856536565
NAR061319030,NAR,CJF_1,CJF,1,R,R-NAR061319030,15,8,1.2930469140598944,1.7600252856536565
NAR061319030,NAR,CJF_1,CJF,1,R,R-NAR061319030,15,9,1.332622977189547,1.7600252856536565
NAR061319030,NAR,CJF_1,CJF,1,R,R-NAR061319030,15,10,1.381050575009594,1.7600252856536565
NAR061319030,NAR,CJF_1,CJF,1,R,R-NAR061319030,15,11,1.4417081362865636,1.7600252856536565
NAR061319030,NAR,CJF_1,CJF,1,R,R-NAR061319030,15,12,1.514103405012815,1.7600252856536565
NAR061319030,NAR,CJF_1,CJF,1,R,R-NAR061319030,15,13,1.5773478994547654,1.7600252856536565
NAR061319030,NAR,CJF_1,CJF,1,R,R-NAR061319030,15,14,1.647455474609941,1.7600252856536565
NAR061319030,NAR,CJF_1,CJF,1,R,R-NAR061319030,15,15,1.7241268908844372,1.7600252856536565
NAR061319030,NAR,CJF_2,CJF,2,R,R-NAR061319030,15,1,0.44907862557848405,1.7813225904145749
NAR061319030,NAR,CJF_2,CJF,2,R,R-NAR061319030,15,2,0.6951561574029397,1.7813225904145749
NAR061319030,NAR,CJF_2,CJF,2,R,R-NAR061319030,15,3,0.8154308182989787,1.7813225904145749
NAR061319030,NAR,CJF_2,CJF,2,R,R-NAR061319030,15,4,0.9157271920862978,1.7813225904145749
NAR061319030,NAR,CJF_2,CJF,2,R,R-NAR061319030,15,5,1.0053392977812994,1.7813225904145749
NAR061319030,NAR,CJF_2,CJF,2,R,R-NAR061319030,15,6,1.0823678377563308,1.7813225904145749
NAR061319030,NAR,CJF_2,CJF,2,R,R-NAR061319030,15,7,1.1699109629731004,1.7813225904145749
NAR061319030,NAR,CJF_2,CJF,2,R,R-NAR061319030,15,8,1.2505684153528578,1.7813225904145749
NAR061319030,NAR,CJF_2,CJF,2,R,R-NAR061319030,15,9,1.3343129453143232,1.7813225904145749
NAR061319030,NAR,CJF_2,CJF,2,R,R-NAR061319030,15,10,1.3860046709988363,1.7813225904145749
NAR061319030,NAR,CJF_2,CJF,2,R,R-NAR061319030,15,11,1.467171171930332,1.7813225904145749
NAR061319030,NAR,CJF_2,CJF,2,R,R-NAR061319030,15,12,1.5376534047695098,1.7813225904145749
NAR061319030,NAR,CJF_2,CJF,2,R,R-NAR061319030,15,13,1.6081356376086877,1.7813225904145749
NAR061319030,NAR,CJF_2,CJF,2,R,R-NAR061319030,15,14,1.691371119018415,1.7813225904145749
NAR061319030,NAR,CJF_2,CJF,2,R,R-NAR061319030,15,15,1.7620230347081722,1.7813225904145749
NAR061319030,NAR,CJF_3,CJF,3,R,R-NAR061319030,15,1,0.5219250404800237,1.8012688568150195
NAR061319030,NAR,CJF_3,CJF,3,R,R-NAR061319030,15,2,0.7489145247691793,1.8012688568150195
NAR061319030,NAR,CJF_3,CJF,3,R,R-NAR061319030,15,3,0.8731495017517844,1.8012688568150195
NAR061319030,NAR,CJF_3,CJF,3,R,R-NAR061319030,15,4,0.9348712747122542,1.8012688568150195
NAR061319030,NAR,CJF_3,CJF,3,R,R-NAR061319030,15,5,1.0416580656001266,1.8012688568150195
NAR061319030,NAR,CJF_3,CJF,3,R,R-NAR061319030,15,6,1.129684022879641,1.8012688568150195
NAR061319030,NAR,CJF_3,CJF,3,R,R-NAR061319030,15,7,1.1999100469259036,1.8012688568150195
NAR061319030,NAR,CJF_3,CJF,3,R,R-NAR061319030,15,8,1.2767121170519273,1.8012688568150195
NAR061319030,NAR,CJF_3,CJF,3,R,R-NAR061319030,15,9,1.3454496200153059,1.8012688568150195
NAR061319030,NAR,CJF_3,CJF,3,R,R-NAR061319030,15,10,1.4162032647693454,1.8012688568150195
NAR061319030,NAR,CJF_3,CJF,3,R,R-NAR061319030,15,11,1.4973893656152109,1.8012688568150195
NAR061319030,NAR,CJF_3,CJF,3,R,R-NAR061319030,15,12,1.5701591521599119,1.8012688568150195
NAR061319030,NAR,CJF_3,CJF,3,R,R-NAR061319030,15,13,1.642928938704613,1.8012688568150195
NAR061319030,NAR,CJF_3,CJF,3,R,R-NAR061319030,15,14,1.7176269302553462,1.8012688568150195
NAR061319030,NAR,CJF_3,CJF,3,R,R-NAR061319030,15,15,1.786364433218725,1.8012688568150195
NAR061319031,NAR,CJF_1,CJF,1,R,R-NAR061319031,9,1,0.469622845289571,1.3783911348996274
NAR061319031,NAR,CJF_1,CJF,1,R,R-NAR061319031,9,2,0.674346711471118,1.3783911348996274
NAR061319031,NAR,CJF_1,CJF,1,R,R-NAR061319031,9,3,0.7850423432472764,1.3783911348996274
NAR061319031,NAR,CJF_1,CJF,1,R,R-NAR061319031,9,4,0.8911056002379604,1.3783911348996274
NAR061319031,NAR,CJF_1,CJF,1,R,R-NAR061319031,9,5,0.9975587017344916,1.3783911348996274
NAR061319031,NAR,CJF_1,CJF,1,R,R-NAR061319031,9,6,1.105396939738196,1.3783911348996274
NAR061319031,NAR,CJF_1,CJF,1,R,R-NAR061319031,9,7,1.210075060221706,1.3783911348996274
NAR061319031,NAR,CJF_1,CJF,1,R,R-NAR061319031,9,8,1.2924581165476463,1.3783911348996274
NAR061319031,NAR,CJF_1,CJF,1,R,R-NAR061319031,9,9,1.3585636200086637,1.3783911348996274
NAR061319031,NAR,CJF_2,CJF,2,R,R-NAR061319031,9,1,0.5155019854442208,1.4045544322116719
NAR061319031,NAR,CJF_2,CJF,2,R,R-NAR061319031,9,2,0.7141352550402149,1.4045544322116719
NAR061319031,NAR,CJF_2,CJF,2,R,R-NAR061319031,9,3,0.8364033926361543,1.4045544322116719
NAR061319031,NAR,CJF_2,CJF,2,R,R-NAR061319031,9,4,0.9299483699591838,1.4045544322116719
NAR061319031,NAR,CJF_2,CJF,2,R,R-NAR061319031,9,5,1.0427571018280057,1.4045544322116719
NAR061319031,NAR,CJF_2,CJF,2,R,R-NAR061319031,9,6,1.1590437659593484,1.4045544322116719
NAR061319031,NAR,CJF_2,CJF,2,R,R-NAR061319031,9,7,1.2373576800802928,1.4045544322116719
NAR061319031,NAR,CJF_2,CJF,2,R,R-NAR061319031,9,8,1.3391778560803658,1.4045544322116719
NAR061319031,NAR,CJF_2,CJF,2,R,R-NAR061319031,9,9,1.394330451413739,1.4045544322116719
NAR061319031,NAR,CJF_3,CJF,3,R,R-NAR061319031,9,1,0.49372954776059613,1.3973009889273054
NAR061319031,NAR,CJF_3,CJF,3,R,R-NAR061319031,9,2,0.7068385892075717,1.3973009889273054
NAR061319031,NAR,CJF_3,CJF,3,R,R-NAR061319031,9,3,0.8185155957375699,1.3973009889273054
NAR061319031,NAR,CJF_3,CJF,3,R,R-NAR061319031,9,4,0.9251399927811107,1.3973009889273054
NAR061319031,NAR,CJF_3,CJF,3,R,R-NAR061319031,9,5,1.0408411703630154,1.3973009889273054
NAR061319031,NAR,CJF_3,CJF,3,R,R-NAR061319031,9,6,1.1566821005850263,1.3973009889273054
NAR061319031,NAR,CJF_3,CJF,3,R,R-NAR061319031,9,7,1.2307440412468065,1.3973009889273054
NAR061319031,NAR,CJF_3,CJF,3,R,R-NAR061319031,9,8,1.304805981908586,1.3973009889273054
NAR061319031,NAR,CJF_3,CJF,3,R,R-NAR061319031,9,9,1.368153523083218,1.3973009889273054
NAR061319032,NAR,CJF_1,CJF,1,R,R-NAR061319032,13,1,0.4972664073774003,1.6282434032898696
NAR061319032,NAR,CJF_1,CJF,1,R,R-NAR061319032,13,2,0.7123616842127305,1.6282434032898696
NAR061319032,NAR,CJF_1,CJF,1,R,R-NAR061319032,13,3,0.85808863359713206,1.6282434032898696
NAR061319032,NAR,CJF_1,CJF,1,R,R-NAR061319032,13,4,0.9691452733185028,1.6282434032898696
NAR061319032,NAR,CJF_1,CJF,1,R,R-NAR061319032,13,5,1.0691017906927094,1.6282434032898696
NAR061319032,NAR,CJF_1,CJF,1,R,R-NAR061319032,13,6,1.1649761883271637,1.6282434032898696
NAR061319032,NAR,CJF_1,CJF,1,R,R-NAR061319032,13,7,1.2402162815134092,1.6282434032898696
NAR061319032,NAR,CJF_1,CJF,1,R,R-NAR061319032,13,8,1.2973382497450798,1.6282434032898696
NAR061319032,NAR,CJF_1,CJF,1,R,R-NAR061319032,13,9,1.3696424600636665,1.6282434032898696
NAR061319032,NAR,CJF_1,CJF,1,R,R-NAR061319032,13,10,1.4428414933800358,1.6282434032898696
NAR061319032,NAR,CJF_1,CJF,1,R,R-NAR061319032,13,11,1.50449299285035,1.6282434032898696
NAR061319032,NAR,CJF_1,CJF,1,R,R-NAR061319032,13,12,1.55842766434005,1.6282434032898696
NAR061319032,NAR,CJF_1,CJF,1,R,R-NAR061319032,13,13,1.61373227845129,1.6282434032898696
NAR061319032,NAR,CJF_2,CJF,2,R,R-NAR061319032,13,1,0.5417643247132345,1.6718280694857675
NAR061319032,NAR,CJF_2,CJF,2,R,R-NAR061319032,13,2,0.7425314832418966,1.6718280694857675
NAR061319032,NAR,CJF_2,CJF,2,R,R-NAR061319032,13,3,0.8971800275029728,1.6718280694857675
NAR061319032,NAR,CJF_2,CJF,2,R,R-NAR061319032,13,4,1.009561801547488,1.6718280694857675
NAR061319032,NAR,CJF_2,CJF,2,R,R-NAR061319032,13,5,1.1046620345347493,1.6718280694857675
NAR061319032,NAR,CJF_2,CJF,2,R,R-NAR061319032,13,6,1.193463900097374,1.6718280694857675
NAR061319032,NAR,CJF_2,CJF,2,R,R-NAR061319032,13,7,1.2719073136450978,1.6718280694857675
NAR061319032,NAR,CJF_2,CJF,2,R,R-NAR061319032,13,8,1.339575794099442,1.6718280694857675
NAR061319032,NAR,CJF_2,CJF,2,R,R-NAR061319032,13,9,1.4031841899635218,1.6718280694857675
NAR061319032,NAR,CJF_2,CJF,2,R,R-NAR061319032,13,10,1.4749127550081313,1.6718280694857675
NAR061319032,NAR,CJF_2,CJF,2,R,R-NAR061319032,13,11,1.5320145429083354,1.6718280694857675
NAR061319032,NAR,CJF_2,CJF,2,R,R-NAR061319032,13,12,1.5911463731036724,1.6718280694857675
NAR061319032,NAR,CJF_2,CJF,2,R,R-NAR061319032,13,13,1.6421580341184796,1.6718280694857675
NAR061319032,NAR,CJF_3,CJF,3,R,R-NAR061319032,13,1,0.5241074036438348,1.6168716022139287
NAR061319032,NAR,CJF_3,CJF,3,R,R-NAR061319032,13,2,0.7182755708581188,1.6168716022139287
NAR061319032,NAR,CJF_3,CJF,3,R,R-NAR061319032,13,3,0.8606143495929869,1.6168716022139287
NAR061319032,NAR,CJF_3,CJF,3,R,R-NAR061319032,13,4,0.9601844562389088,1.6168716022139287
NAR061319032,NAR,CJF_3,CJF,3,R,R-NAR061319032,13,5,1.0672056481690815,1.6168716022139287
NAR061319032,NAR,CJF_3,CJF,3,R,R-NAR061319032,13,6,1.157187806498579,1.6168716022139287
NAR061319032,NAR,CJF_3,CJF,3,R,R-NAR061319032,13,7,1.2311993627434885,1.6168716022139287
NAR061319032,NAR,CJF_3,CJF,3,R,R-NAR061319032,13,8,1.294027307229933,1.6168716022139287
NAR061319032,NAR,CJF_3,CJF,3,R,R-NAR061319032,13,9,1.3540200686709905,1.6168716022139287
NAR061319032,NAR,CJF_3,CJF,3,R,R-NAR061319032,13,10,1.427319337238509,1.6168716022139287
NAR061319032,NAR,CJF_3,CJF,3,R,R-NAR061319032,13,11,1.4826961964407026,1.6168716022139287
NAR061319032,NAR,CJF_3,CJF,3,R,R-NAR061319032,13,12,1.5455241409271467,1.6168716022139287
NAR061319032,NAR,CJF_3,CJF,3,R,R-NAR061319032,13,13,1.597880761332517,1.6168716022139287
NAR061319033,NAR,CJF_1,CJF,1,R,R-NAR061319033,13,1,0.591339474080284,1.6351150899837712
NAR061319033,NAR,CJF_1,CJF,1,R,R-NAR061319033,13,2,0.7436621711917508,1.6351150899837712
NAR061319033,NAR,CJF_1,CJF,1,R,R-NAR061319033,13,3,0.8865251315254462,1.6351150899837712
NAR061319033,NAR,CJF_1,CJF,1,R,R-NAR061319033,13,4,0.9790979390836331,1.6351150899837712
NAR061319033,NAR,CJF_1,CJF,1,R,R-NAR061319033,13,5,1.0577231812726533,1.6351150899837712
NAR061319033,NAR,CJF_1,CJF,1,R,R-NAR061319033,13,6,1.1422002489984087,1.6351150899837712
NAR061319033,NAR,CJF_1,CJF,1,R,R-NAR061319033,13,7,1.214093748300336,1.6351150899837712
NAR061319033,NAR,CJF_1,CJF,1,R,R-NAR061319033,13,8,1.2862072269398535,1.6351150899837712
NAR061319033,NAR,CJF_1,CJF,1,R,R-NAR061319033,13,9,1.326421825844623,1.6351150899837712
NAR061319033,NAR,CJF_1,CJF,1,R,R-NAR061319033,13,10,1.41855467472763,1.6351150899837712
NAR061319033,NAR,CJF_1,CJF,1,R,R-NAR061319033,13,11,1.4740367150271039,1.6351150899837712
NAR061319033,NAR,CJF_1,CJF,1,R,R-NAR061319033,13,12,1.5567098271323405,1.6351150899837712
NAR061319033,NAR,CJF_1,CJF,1,R,R-NAR061319033,13,13,1.6162397373480304,1.6351150899837712
NAR061319033,NAR,CJF_2,CJF,2,R,R-NAR061319033,14,1,0.5164348500188976,1.6966735226826444
NAR061319033,NAR,CJF_2,CJF,2,R,R-NAR061319033,14,2,0.6550883302323299,1.6966735226826444
NAR061319033,NAR,CJF_2,CJF,2,R,R-NAR061319033,14,3,0.81298000943768,1.6966735226826444
NAR061319033,NAR,CJF_2,CJF,2,R,R-NAR061319033,14,4,0.9239027936084263,1.6966735226826444
NAR061319033,NAR,CJF_2,CJF,2,R,R-NAR061319033,14,5,1.0306908269346642,1.6966735226826444
NAR061319033,NAR,CJF_2,CJF,2,R,R-NAR061319033,14,6,1.107569291115085,1.6966735226826444
NAR061319033,NAR,CJF_2,CJF,2,R,R-NAR061319033,14,7,1.188731169714516,1.6966735226826444
NAR061319033,NAR,CJF_2,CJF,2,R,R-NAR061319033,14,8,1.2719975896298266,1.6966735226826444
NAR061319033,NAR,CJF_2,CJF,2,R,R-NAR061319033,14,9,1.3231012355089389,1.6966735226826444
NAR061319033,NAR,CJF_2,CJF,2,R,R-NAR061319033,14,10,1.3870551246450804,1.6966735226826444
NAR061319033,NAR,CJF_2,CJF,2,R,R-NAR061319033,14,11,1.4619777110841234,1.6966735226826444
NAR061319033,NAR,CJF_2,CJF,2,R,R-NAR061319033,14,12,1.5344984290582846,1.6966735226826444
NAR061319033,NAR,CJF_2,CJF,2,R,R-NAR061319033,14,13,1.6198693902894743,1.6966735226826444
NAR061319033,NAR,CJF_2,CJF,2,R,R-NAR061319033,14,14,1.6732262410589678,1.6966735226826444
NAR061319033,NAR,CJF_3,CJF,3,R,R-NAR061319033,13,1,0.6099976151444855,1.6597243932038097
NAR061319033,NAR,CJF_3,CJF,3,R,R-NAR061319033,13,2,0.7716740415556002,1.6597243932038097
NAR061319033,NAR,CJF_3,CJF,3,R,R-NAR061319033,13,3,0.9030991955487238,1.6597243932038097
NAR061319033,NAR,CJF_3,CJF,3,R,R-NAR061319033,13,4,1.0001050513953924,1.6597243932038097
NAR061319033,NAR,CJF_3,CJF,3,R,R-NAR061319033,13,5,1.0862812839423326,1.6597243932038097
NAR061319033,NAR,CJF_3,CJF,3,R,R-NAR061319033,13,6,1.17037350362504,1.6597243932038097
NAR061319033,NAR,CJF_3,CJF,3,R,R-NAR061319033,13,7,1.2328576715806117,1.6597243932038097
NAR061319033,NAR,CJF_3,CJF,3,R,R-NAR061319033,13,8,1.2824282033722227,1.6597243932038097
NAR061319033,NAR,CJF_3,CJF,3,R,R-NAR061319033,13,9,1.3535555920186488,1.6597243932038097
NAR061319033,NAR,CJF_3,CJF,3,R,R-NAR061319033,13,10,1.4527478504741913,1.6597243932038097
NAR061319033,NAR,CJF_3,CJF,3,R,R-NAR061319033,13,11,1.5130456158208887,1.6597243932038097
NAR061319033,NAR,CJF_3,CJF,3,R,R-NAR061319033,13,12,1.5843265890842768,1.6597243932038097
NAR061319033,NAR,CJF_3,CJF,3,R,R-NAR061319033,13,13,1.6381675363489943,1.6597243932038097
NAR061319034,NAR,CJF_1,CJF,1,R,R-NAR061319034,5,1,0.48639026099457294,1.1146027695651526
NAR061319034,NAR,CJF_1,CJF,1,R,R-NAR061319034,5,2,0.6927579665399999,1.1146027695651526
NAR061319034,NAR,CJF_1,CJF,1,R,R-NAR061319034,5,3,0.8651087138178002,1.1146027695651526
NAR061319034,NAR,CJF_1,CJF,1,R,R-NAR061319034,5,4,0.99419962975664,1.1146027695651526
NAR061319034,NAR,CJF_1,CJF,1,R,R-NAR061319034,5,5,1.0942726832867962,1.1146027695651526
NAR061319034,NAR,CJF_2,CJF,2,R,R-NAR061319034,5,1,0.43044487460072905,1.0798583408311588
NAR061319034,NAR,CJF_2,CJF,2,R,R-NAR061319034,5,2,0.666975060834746,1.0798583408311588
NAR061319034,NAR,CJF_2,CJF,2,R,R-NAR061319034,5,3,0.8314159993534057,1.0798583408311588
NAR061319034,NAR,CJF_2,CJF,2,R,R-NAR061319034,5,4,0.9782953432677493,1.0798583408311588
NAR061319034,NAR,CJF_2,CJF,2,R,R-NAR061319034,5,5,1.056320023405531,1.0798583408311588
NAR061319034,NAR,CJF_3,CJF,3,R,R-NAR061319034,5,1,0.4549229910654298,1.0960163935141483
NAR061319034,NAR,CJF_3,CJF,3,R,R-NAR061319034,5,2,0.6871066479911383,1.0960163935141483
NAR061319034,NAR,CJF_3,CJF,3,R,R-NAR061319034,5,3,0.8596015908751837,1.0960163935141483
NAR061319034,NAR,CJF_3,CJF,3,R,R-NAR061319034,5,4,0.9812461019528196,1.0960163935141483
NAR061319034,NAR,CJF_3,CJF,3,R,R-NAR061319034,5,5,1.084304987733851,1.0960163935141483
NAR061319035,NAR,CJF_1,CJF,1,R,R-NAR061319035,11,1,0.6150180269352982,1.391371371793543
NAR061319035,NAR,CJF_1,CJF,1,R,R-NAR061319035,11,2,0.7334012827174189,1.391371371793543
NAR061319035,NAR,CJF_1,CJF,1,R,R-NAR061319035,11,3,0.8310271363437897,1.391371371793543
NAR061319035,NAR,CJF_1,CJF,1,R,R-NAR061319035,11,4,0.901239468457493,1.391371371793543
NAR061319035,NAR,CJF_1,CJF,1,R,R-NAR061319035,11,5,0.9757635740591689,1.391371371793543
NAR061319035,NAR,CJF_1,CJF,1,R,R-NAR061319035,11,6,1.0409102961850687,1.391371371793543
NAR061319035,NAR,CJF_1,CJF,1,R,R-NAR061319035,11,7,1.1434133006742848,1.391371371793543
NAR061319035,NAR,CJF_1,CJF,1,R,R-NAR061319035,11,8,1.2125300856234107,1.391371371793543
NAR061319035,NAR,CJF_1,CJF,1,R,R-NAR061319035,11,9,1.2769581788346482,1.391371371793543
NAR061319035,NAR,CJF_1,CJF,1,R,R-NAR061319035,11,10,1.3334461463994334,1.391371371793543
NAR061319035,NAR,CJF_1,CJF,1,R,R-NAR061319035,11,11,1.3659252778999043,1.391371371793543
NAR061319035,NAR,CJF_2,CJF,2,R,R-NAR061319035,11,1,0.6439759030604492,1.426949134846255
NAR061319035,NAR,CJF_2,CJF,2,R,R-NAR061319035,11,2,0.769429511559899,1.426949134846255
NAR061319035,NAR,CJF_2,CJF,2,R,R-NAR061319035,11,3,0.8593465627071897,1.426949134846255
NAR061319035,NAR,CJF_2,CJF,2,R,R-NAR061319035,11,4,0.9427449599424041,1.426949134846255
NAR061319035,NAR,CJF_2,CJF,2,R,R-NAR061319035,11,5,1.0174886273857686,1.426949134846255
NAR061319035,NAR,CJF_2,CJF,2,R,R-NAR061319035,11,6,1.0779765493099691,1.426949134846255
NAR061319035,NAR,CJF_2,CJF,2,R,R-NAR061319035,11,7,1.1863263111172244,1.426949134846255
NAR061319035,NAR,CJF_2,CJF,2,R,R-NAR061319035,11,8,1.2424316550091203,1.426949134846255
NAR061319035,NAR,CJF_2,CJF,2,R,R-NAR061319035,11,9,1.3085205926606358,1.426949134846255
NAR061319035,NAR,CJF_2,CJF,2,R,R-NAR061319035,11,10,1.369008514584836,1.426949134846255
NAR061319035,NAR,CJF_2,CJF,2,R,R-NAR061319035,11,11,1.4070923735997758,1.426949134846255
NAR061319035,NAR,CJF_3,CJF,3,R,R-NAR061319035,11,1,0.6068615391425577,1.394606249585498
NAR061319035,NAR,CJF_3,CJF,3,R,R-NAR061319035,11,2,0.7425766157703328,1.394606249585498
NAR061319035,NAR,CJF_3,CJF,3,R,R-NAR061319035,11,3,0.8395184511733969,1.394606249585498
NAR061319035,NAR,CJF_3,CJF,3,R,R-NAR061319035,11,4,0.9102132614851051,1.394606249585498
NAR061319035,NAR,CJF_3,CJF,3,R,R-NAR061319035,11,5,0.9879178383919902,1.394606249585498
NAR061319035,NAR,CJF_3,CJF,3,R,R-NAR061319035,11,6,1.047579749627342,1.394606249585498
NAR061319035,NAR,CJF_3,CJF,3,R,R-NAR061319035,11,7,1.1516367479305585,1.394606249585498
NAR061319035,NAR,CJF_3,CJF,3,R,R-NAR061319035,11,8,1.2095945494989604,1.394606249585498
NAR061319035,NAR,CJF_3,CJF,3,R,R-NAR061319035,11,9,1.271522785396054,1.394606249585498
NAR061319035,NAR,CJF_3,CJF,3,R,R-NAR061319035,11,10,1.3406188823457879,1.394606249585498
NAR061319035,NAR,CJF_3,CJF,3,R,R-NAR061319035,11,11,1.3795502180279622,1.394606249585498
NAR061319035,NAR,JRS_1,JRS,1,R,R-NAR061319035,10,1,0.5056451469592724,1.2721118731784984
NAR061319035,NAR,JRS_1,JRS,1,R,R-NAR061319035,10,2,0.6265994132769024,1.2721118731784984
NAR061319035,NAR,JRS_1,JRS,1,R,R-NAR061319035,10,3,0.719707128868339,1.2721118731784984
NAR061319035,NAR,JRS_1,JRS,1,R,R-NAR061319035,10,4,0.804292819468612,1.2721118731784984
NAR061319035,NAR,JRS_1,JRS,1,R,R-NAR061319035,10,5,0.8699654634441921,1.2721118731784984
NAR061319035,NAR,JRS_1,JRS,1,R,R-NAR061319035,10,6,0.9389646215941698,1.2721118731784984
NAR061319035,NAR,JRS_1,JRS,1,R,R-NAR061319035,10,7,0.9767907148435564,1.2721118731784984
NAR061319035,NAR,JRS_1,JRS,1,R,R-NAR061319035,10,8,1.0424633588191368,1.2721118731784984
NAR061319035,NAR,JRS_1,JRS,1,R,R-NAR061319035,10,9,1.0996139778035539,1.2721118731784984
NAR061319035,NAR,JRS_1,JRS,1,R,R-NAR061319035,10,10,1.1993747217437853,1.2721118731784984
NAR061319035,NAR,LEL_1,LEL,1,R,R-NAR061319035,11,1,0.5771401186182498,1.3432326922846647
NAR061319035,NAR,LEL_1,LEL,1,R,R-NAR061319035,11,2,0.6957351914459889,1.3432326922846647
NAR061319035,NAR,LEL_1,LEL,1,R,R-NAR061319035,11,3,0.7795288347582089,1.3432326922846647
NAR061319035,NAR,LEL_1,LEL,1,R,R-NAR061319035,11,4,0.87125138540236,1.3432326922846647
NAR061319035,NAR,LEL_1,LEL,1,R,R-NAR061319035,11,5,0.9384552600047456,1.3432326922846647
NAR061319035,NAR,LEL_1,LEL,1,R,R-NAR061319035,11,6,1.000129211703853,1.3432326922846647
NAR061319035,NAR,LEL_1,LEL,1,R,R-NAR061319035,11,7,1.053119732881642,1.3432326922846647
NAR061319035,NAR,LEL_1,LEL,1,R,R-NAR061319035,11,8,1.115548207770137,1.3432326922846647
NAR061319035,NAR,LEL_1,LEL,1,R,R-NAR061319035,11,9,1.166939405995491,1.3432326922846647
NAR061319035,NAR,LEL_1,LEL,1,R,R-NAR061319035,11,10,1.225414711789728,1.3432326922846647
NAR061319035,NAR,LEL_1,LEL,1,R,R-NAR061319035,11,11,1.2886879864412704,1.3432326922846647
NAR061319035,NAR,LSR_1,LSR,1,R,R-NAR061319035,11,1,0.7099845778156527,1.4747208859630137
NAR061319035,NAR,LSR_1,LSR,1,R,R-NAR061319035,11,2,0.8151871264139218,1.4747208859630137
NAR061319035,NAR,LSR_1,LSR,1,R,R-NAR061319035,11,3,0.9036210741948053,1.4747208859630137
NAR061319035,NAR,LSR_1,LSR,1,R,R-NAR061319035,11,4,0.9891556235092348,1.4747208859630137
NAR061319035,NAR,LSR_1,LSR,1,R,R-NAR061319035,11,5,1.0637203689391872,1.4747208859630137
NAR061319035,NAR,LSR_1,LSR,1,R,R-NAR061319035,11,6,1.124850959461418,1.4747208859630137
NAR061319035,NAR,LSR_1,LSR,1,R,R-NAR061319035,11,7,1.1712908972916358,1.4747208859630137
NAR061319035,NAR,LSR_1,LSR,1,R,R-NAR061319035,11,8,1.2407332803153577,1.4747208859630137
NAR061319035,NAR,LSR_1,LSR,1,R,R-NAR061319035,11,9,1.322933383720123,1.4747208859630137
NAR061319035,NAR,LSR_1,LSR,1,R,R-NAR061319035,11,10,1.3861419223677267,1.4747208859630137
NAR061319035,NAR,LSR_1,LSR,1,R,R-NAR061319035,11,11,1.4388157045740628,1.4747208859630137
NAR061319035,NAR,MJS_1,MJS,1,R,R-NAR061319035,11,1,0.5677230545780148,1.3658458080788698
NAR061319035,NAR,MJS_1,MJS,1,R,R-NAR061319035,11,2,0.7213228538599084,1.3658458080788698
NAR061319035,NAR,MJS_1,MJS,1,R,R-NAR061319035,11,3,0.7949969296401477,1.3658458080788698
NAR061319035,NAR,MJS_1,MJS,1,R,R-NAR061319035,11,4,0.881530326260011,1.3658458080788698
NAR061319035,NAR,MJS_1,MJS,1,R,R-NAR061319035,11,5,0.9539251104888189,1.3658458080788698
NAR061319035,NAR,MJS_1,MJS,1,R,R-NAR061319035,11,6,1.0035158615380368,1.3658458080788698
NAR061319035,NAR,MJS_1,MJS,1,R,R-NAR061319035,11,7,1.0626952995304273,1.3658458080788698
NAR061319035,NAR,MJS_1,MJS,1,R,R-NAR061319035,11,8,1.131397019140684,1.3658458080788698
NAR061319035,NAR,MJS_1,MJS,1,R,R-NAR061319035,11,9,1.1745913124327434,1.3658458080788698
NAR061319035,NAR,MJS_1,MJS,1,R,R-NAR061319035,11,10,1.237964650476223,1.3658458080788698
NAR061319035,NAR,MJS_1,MJS,1,R,R-NAR061319035,11,11,1.2965768477107695,1.3658458080788698
NAR061319036,NAR,CJF_1,CJF,1,R,R-NAR061319036,5,1,0.6265920935228487,1.0719750692676138
NAR061319036,NAR,CJF_1,CJF,1,R,R-NAR061319036,5,2,0.7624496875234198,1.0719750692676138
NAR061319036,NAR,CJF_1,CJF,1,R,R-NAR061319036,5,3,0.8762843332260307,1.0719750692676138
NAR061319036,NAR,CJF_1,CJF,1,R,R-NAR061319036,5,4,0.9700067435415071,1.0719750692676138
NAR061319036,NAR,CJF_1,CJF,1,R,R-NAR061319036,5,5,1.0457286526364502,1.0719750692676138
NAR061319036,NAR,CJF_2,CJF,2,R,R-NAR061319036,6,1,0.5030721839689245,1.1000870375637302
NAR061319036,NAR,CJF_2,CJF,2,R,R-NAR061319036,6,2,0.6538796483394083,1.1000870375637302
NAR061319036,NAR,CJF_2,CJF,2,R,R-NAR061319036,6,3,0.7884400284971482,1.1000870375637302
NAR061319036,NAR,CJF_2,CJF,2,R,R-NAR061319036,6,4,0.8929041676780451,1.1000870375637302
NAR061319036,NAR,CJF_2,CJF,2,R,R-NAR061319036,6,5,1.0018379022699624,1.1000870375637302
NAR061319036,NAR,CJF_2,CJF,2,R,R-NAR061319036,6,6,1.0762058004740163,1.1000870375637302
NAR061319036,NAR,CJF_3,CJF,3,R,R-NAR061319036,6,1,0.3953830587629416,1.0144099439571141
NAR061319036,NAR,CJF_3,CJF,3,R,R-NAR061319036,6,2,0.5623602768205986,1.0144099439571141
NAR061319036,NAR,CJF_3,CJF,3,R,R-NAR061319036,6,3,0.6891098327844145,1.0144099439571141
NAR061319036,NAR,CJF_3,CJF,3,R,R-NAR061319036,6,4,0.7989855906657503,1.0144099439571141
NAR061319036,NAR,CJF_3,CJF,3,R,R-NAR061319036,6,5,0.9106625532804502,1.0144099439571141
NAR061319036,NAR,CJF_3,CJF,3,R,R-NAR061319036,6,6,0.9898964751384295,1.0144099439571141
NAR061319036,NAR,JRS_1,JRS,1,R,R-NAR061319036,5,1,0.5885116690790106,1.2287369328392466
NAR061319036,NAR,JRS_1,JRS,1,R,R-NAR061319036,5,2,0.7729820263126413,1.2287369328392466
NAR061319036,NAR,JRS_1,JRS,1,R,R-NAR061319036,5,3,0.9058860047374934,1.2287369328392466
NAR061319036,NAR,JRS_1,JRS,1,R,R-NAR061319036,5,4,1.0108933651269563,1.2287369328392466
NAR061319036,NAR,JRS_1,JRS,1,R,R-NAR061319036,5,5,1.1284340814299723,1.2287369328392466
NAR061319036,NAR,LEL_1,LEL,1,R,R-NAR061319036,4,1,0.44073367057906315,0.8678498086273682
NAR061319036,NAR,LEL_1,LEL,1,R,R-NAR061319036,4,2,0.5485458204695287,0.8678498086273682
NAR061319036,NAR,LEL_1,LEL,1,R,R-NAR061319036,4,3,0.681425412333192,0.8678498086273682
NAR061319036,NAR,LEL_1,LEL,1,R,R-NAR061319036,4,4,0.769804757343,0.8678498086273682
NAR061319036,NAR,LSR_1,LSR,1,R,R-NAR061319036,5,1,0.5344732814955409,1.1827862370457842
NAR061319036,NAR,LSR_1,LSR,1,R,R-NAR061319036,5,2,0.723355875769943,1.1827862370457842
NAR061319036,NAR,LSR_1,LSR,1,R,R-NAR061319036,5,3,0.8509779969197476,1.1827862370457842
NAR061319036,NAR,LSR_1,LSR,1,R,R-NAR061319036,5,4,0.9757063606713883,1.1827862370457842
NAR061319036,NAR,LSR_1,LSR,1,R,R-NAR061319036,5,5,1.0812079324794568,1.1827862370457842
NAR061319036,NAR,MJS_1,MJS,1,R,R-NAR061319036,4,1,0.7604823448062449,1.2455969453800702
NAR061319036,NAR,MJS_1,MJS,1,R,R-NAR061319036,4,2,0.9041897235070676,1.2455969453800702
NAR061319036,NAR,MJS_1,MJS,1,R,R-NAR061319036,4,3,1.036310833242463,1.2455969453800702
NAR061319036,NAR,MJS_1,MJS,1,R,R-NAR061319036,4,4,1.1405872539313018,1.2455969453800702
NAR061319037,NAR,CJF_1,CJF,1,R,R-NAR061319037,4,1,0.4331432868568146,0.9568256054306732
NAR061319037,NAR,CJF_1,CJF,1,R,R-NAR061319037,4,2,0.661671211484656,0.9568256054306732
NAR061319037,NAR,CJF_1,CJF,1,R,R-NAR061319037,4,3,0.8286126483840799,0.9568256054306732
NAR061319037,NAR,CJF_1,CJF,1,R,R-NAR061319037,4,4,0.9329130430318053,0.9568256054306732
NAR061319037,NAR,CJF_2,CJF,2,R,R-NAR061319037,4,1,0.4507559268561712,0.9835440015765547
NAR061319037,NAR,CJF_2,CJF,2,R,R-NAR061319037,4,2,0.6920664160113333,0.9835440015765547
NAR061319037,NAR,CJF_2,CJF,2,R,R-NAR061319037,4,3,0.8549065617523776,0.9835440015765547
NAR061319037,NAR,CJF_2,CJF,2,R,R-NAR061319037,4,4,0.9635885134600645,0.9835440015765547
NAR061319037,NAR,CJF_3,CJF,3,R,R-NAR061319037,4,1,0.4273268465555468,0.9638754514454085
NAR061319037,NAR,CJF_3,CJF,3,R,R-NAR061319037,4,2,0.6598646406330808,0.9638754514454085
NAR061319037,NAR,CJF_3,CJF,3,R,R-NAR061319037,4,3,0.8408230371014748,0.9638754514454085
NAR061319037,NAR,CJF_3,CJF,3,R,R-NAR061319037,4,4,0.95004479543579,0.9638754514454085
NAR061319037,NAR,JRS_1,JRS,1,R,R-NAR061319037,3,1,0.48448685800017516,1.0125954816376188
NAR061319037,NAR,JRS_1,JRS,1,R,R-NAR061319037,3,2,0.7145580786868807,1.0125954816376188
NAR061319037,NAR,JRS_1,JRS,1,R,R-NAR061319037,3,3,0.9019669670870953,1.0125954816376188
NAR061319037,NAR,LEL_1,LEL,1,R,R-NAR061319037,3,1,0.4531112481548668,0.9478016656317167
NAR061319037,NAR,LEL_1,LEL,1,R,R-NAR061319037,3,2,0.6424951200847817,0.9478016656317167
NAR061319037,NAR,LEL_1,LEL,1,R,R-NAR061319037,3,3,0.8374623307126758,0.9478016656317167
NAR061319037,NAR,LSR_1,LSR,1,R,R-NAR061319037,3,1,0.45998323019778126,0.9967051444219439
NAR061319037,NAR,LSR_1,LSR,1,R,R-NAR061319037,3,2,0.6788706272415077,0.9967051444219439
NAR061319037,NAR,LSR_1,LSR,1,R,R-NAR061319037,3,3,0.8767648675149267,0.9967051444219439
NAR061319037,NAR,MJS_1,MJS,1,R,R-NAR061319037,3,1,0.5078895492674217,0.9614541123925726
NAR061319037,NAR,MJS_1,MJS,1,R,R-NAR061319037,3,2,0.6681114550150125,0.9614541123925726
NAR061319037,NAR,MJS_1,MJS,1,R,R-NAR061319037,3,3,0.8501124263823227,0.9614541123925726
NAR061319038,NAR,CJF_1,CJF,1,R,R-NAR061319038,7,1,0.2936457869617329,0.9891118469966619
NAR061319038,NAR,CJF_1,CJF,1,R,R-NAR061319038,7,2,0.4933870125423952,0.9891118469966619
NAR061319038,NAR,CJF_1,CJF,1,R,R-NAR061319038,7,3,0.6075275500631199,0.9891118469966619
NAR061319038,NAR,CJF_1,CJF,1,R,R-NAR061319038,7,4,0.6990942895323187,0.9891118469966619
NAR061319038,NAR,CJF_1,CJF,1,R,R-NAR061319038,7,5,0.799095829113444,0.9891118469966619
NAR061319038,NAR,CJF_1,CJF,1,R,R-NAR061319038,7,6,0.8869034122944593,0.9891118469966619
NAR061319038,NAR,CJF_1,CJF,1,R,R-NAR061319038,7,7,0.961095704699051,0.9891118469966619
NAR061319038,NAR,CJF_2,CJF,2,R,R-NAR061319038,7,1,0.2750483454342686,1.0033166594937266
NAR061319038,NAR,CJF_2,CJF,2,R,R-NAR061319038,7,2,0.49583485347425077,1.0033166594937266
NAR061319038,NAR,CJF_2,CJF,2,R,R-NAR061319038,7,3,0.6079019764379455,1.0033166594937266
NAR061319038,NAR,CJF_2,CJF,2,R,R-NAR061319038,7,4,0.7140477679851704,1.0033166594937266
NAR061319038,NAR,CJF_2,CJF,2,R,R-NAR061319038,7,5,0.8116518812130633,1.0033166594937266
NAR061319038,NAR,CJF_2,CJF,2,R,R-NAR061319038,7,6,0.9073630385226376,1.0033166594937266
NAR061319038,NAR,CJF_2,CJF,2,R,R-NAR061319038,7,7,0.9753604946681818,1.0033166594937266
NAR061319038,NAR,CJF_3,CJF,3,R,R-NAR061319038,7,1,0.3454884936029376,1.0767940401733467
NAR061319038,NAR,CJF_3,CJF,3,R,R-NAR061319038,7,2,0.5702884462082859,1.0767940401733467
NAR061319038,NAR,CJF_3,CJF,3,R,R-NAR061319038,7,3,0.6767505650172844,1.0767940401733467
NAR061319038,NAR,CJF_3,CJF,3,R,R-NAR061319038,7,4,0.7873198240367387,1.0767940401733467
NAR061319038,NAR,CJF_3,CJF,3,R,R-NAR061319038,7,5,0.8979633673301961,1.0767940401733467
NAR061319038,NAR,CJF_3,CJF,3,R,R-NAR061319038,7,6,0.98037691906848,1.0767940401733467
NAR061319038,NAR,CJF_3,CJF,3,R,R-NAR061319038,7,7,1.038667619462047,1.0767940401733467
NAR061319038,NAR,JRS_1,JRS,1,R,R-NAR061319038,6,1,0.2512192132397923,0.6634561763564127
NAR061319038,NAR,JRS_1,JRS,1,R,R-NAR061319038,6,2,0.32985452985860075,0.6634561763564127
NAR061319038,NAR,JRS_1,JRS,1,R,R-NAR061319038,6,3,0.412399361529903,0.6634561763564127
NAR061319038,NAR,JRS_1,JRS,1,R,R-NAR061319038,6,4,0.5022218952618824,0.6634561763564127
NAR061319038,NAR,JRS_1,JRS,1,R,R-NAR061319038,6,5,0.5585369104587667,0.6634561763564127
NAR061319038,NAR,JRS_1,JRS,1,R,R-NAR061319038,6,6,0.6184366438815696,0.6634561763564127
NAR061319038,NAR,LEL_1,LEL,1,R,R-NAR061319038,4,1,0.46239269071916905,0.9848009779158147
NAR061319038,NAR,LEL_1,LEL,1,R,R-NAR061319038,4,2,0.5806003243687772,0.9848009779158147
NAR061319038,NAR,LEL_1,LEL,1,R,R-NAR061319038,4,3,0.7121376525791308,0.9848009779158147
NAR061319038,NAR,LEL_1,LEL,1,R,R-NAR061319038,4,4,0.7913618892332543,0.9848009779158147
NAR061319038,NAR,LSR_1,LSR,1,R,R-NAR061319038,5,1,0.5900255282085362,1.130221355254566
NAR061319038,NAR,LSR_1,LSR,1,R,R-NAR061319038,5,2,0.7019697106923871,1.130221355254566
NAR061319038,NAR,LSR_1,LSR,1,R,R-NAR061319038,5,3,0.821866359559254,1.130221355254566
NAR061319038,NAR,LSR_1,LSR,1,R,R-NAR061319038,5,4,0.9148141823859823,1.130221355254566
NAR061319038,NAR,LSR_1,LSR,1,R,R-NAR061319038,5,5,1.0239313008367938,1.130221355254566
NAR061319038,NAR,MJS_1,MJS,1,R,R-NAR061319038,5,1,0.6841352195082533,1.181168415029547
NAR061319038,NAR,MJS_1,MJS,1,R,R-NAR061319038,5,2,0.8012389290418004,1.181168415029547
NAR061319038,NAR,MJS_1,MJS,1,R,R-NAR061319038,5,3,0.9042570662215644,1.181168415029547
NAR061319038,NAR,MJS_1,MJS,1,R,R-NAR061319038,5,4,1.001549765387503,1.181168415029547
NAR061319038,NAR,MJS_1,MJS,1,R,R-NAR061319038,5,5,1.076392341518692,1.181168415029547
NAR061319039,NAR,CJF_1,CJF,1,R,R-NAR061319039,3,1,0.48344837074968183,0.8142294708065164
NAR061319039,NAR,CJF_1,CJF,1,R,R-NAR061319039,3,2,0.6938893569864572,0.8142294708065164
NAR061319039,NAR,CJF_1,CJF,1,R,R-NAR061319039,3,3,0.7962092963231732,0.8142294708065164
NAR061319039,NAR,CJF_2,CJF,2,R,R-NAR061319039,3,1,0.5018617626639382,0.8335066813872277
NAR061319039,NAR,CJF_2,CJF,2,R,R-NAR061319039,3,2,0.7133682497516947,0.8335066813872277
NAR061319039,NAR,CJF_2,CJF,2,R,R-NAR061319039,3,3,0.8054826736550607,0.8335066813872277
NAR061319039,NAR,CJF_3,CJF,3,R,R-NAR061319039,4,1,0.49061938704997055,0.8200648353134304
NAR061319039,NAR,CJF_3,CJF,3,R,R-NAR061319039,4,2,0.6027222895990768,0.8200648353134304
NAR061319039,NAR,CJF_3,CJF,3,R,R-NAR061319039,4,3,0.703933152890437,0.8200648353134304
NAR061319039,NAR,CJF_3,CJF,3,R,R-NAR061319039,4,4,0.7904347645257243,0.8200648353134304
NAR061319039,NAR,JRS_1,JRS,1,R,R-NAR061319039,2,1,0.5507560154838195,0.8485227079283818
NAR061319039,NAR,JRS_1,JRS,1,R,R-NAR061319039,2,2,0.7395947766572141,0.8485227079283818
NAR061319039,NAR,LEL_1,LEL,1,R,R-NAR061319039,2,1,0.48381550532390594,0.8078931668743327
NAR061319039,NAR,LEL_1,LEL,1,R,R-NAR061319039,2,2,0.6822819697694654,0.8078931668743327
NAR061319039,NAR,LSR_1,LSR,1,R,R-NAR061319039,3,1,0.5320836645964901,0.8794102131010524
NAR061319039,NAR,LSR_1,LSR,1,R,R-NAR061319039,3,2,0.6359200688921361,0.8794102131010524
NAR061319039,NAR,LSR_1,LSR,1,R,R-NAR061319039,3,3,0.7315109440338513,0.8794102131010524
NAR061319039,NAR,MJS_1,MJS,1,R,R-NAR061319039,2,1,0.5612097116134844,0.8671973523556618
NAR061319039,NAR,MJS_1,MJS,1,R,R-NAR061319039,2,2,0.7597244207662929,0.8671973523556618
NAR061319040,NAR,CJF_1,CJF,1,R,R-NAR061319040,3,1,0.46977136249171547,0.8166491583868583
NAR061319040,NAR,CJF_1,CJF,1,R,R-NAR061319040,3,2,0.6694148786772309,0.8166491583868583
NAR061319040,NAR,CJF_1,CJF,1,R,R-NAR061319040,3,3,0.7848528247742432,0.8166491583868583
NAR061319040,NAR,CJF_2,CJF,2,R,R-NAR061319040,3,1,0.456338680835196,0.8036171948244645
NAR061319040,NAR,CJF_2,CJF,2,R,R-NAR061319040,3,2,0.6542416990063729,0.8036171948244645
NAR061319040,NAR,CJF_2,CJF,2,R,R-NAR061319040,3,3,0.7693640779567735,0.8036171948244645
NAR061319040,NAR,CJF_3,CJF,3,R,R-NAR061319040,3,1,0.46612952898655585,0.8212940647535115
NAR061319040,NAR,CJF_3,CJF,3,R,R-NAR061319040,3,2,0.6729448126397732,0.8212940647535115
NAR061319040,NAR,CJF_3,CJF,3,R,R-NAR061319040,3,3,0.7807742789286819,0.8212940647535115
NAR061319040,NAR,JRS_1,JRS,1,R,R-NAR061319040,2,1,0.42993740478376957,0.7748739811380269
NAR061319040,NAR,JRS_1,JRS,1,R,R-NAR061319040,2,2,0.6416305665758226,0.7748739811380269
NAR061319040,NAR,LEL_1,LEL,1,R,R-NAR061319040,2,1,0.47493983388460753,0.7918816038181012
NAR061319040,NAR,LEL_1,LEL,1,R,R-NAR061319040,2,2,0.6675060634515955,0.7918816038181012
NAR061319040,NAR,LSR_1,LSR,1,R,R-NAR061319040,2,1,0.5670665652843526,0.8965494436880628
NAR061319040,NAR,LSR_1,LSR,1,R,R-NAR061319040,2,2,0.7681536871725836,0.8965494436880628
NAR061319040,NAR,MJS_1,MJS,1,R,R-NAR061319040,2,1,0.5121134210330456,0.8337719981517322
NAR061319040,NAR,MJS_1,MJS,1,R,R-NAR061319040,2,2,0.706540024568773,0.8337719981517322
NAR061319041,NAR,CJF_1,CJF,1,R,R-NAR061319041,5,1,0.6241117449831938,1.173089661559603
NAR061319041,NAR,CJF_1,CJF,1,R,R-NAR061319041,5,2,0.7806593726076334,1.173089661559603
NAR061319041,NAR,CJF_1,CJF,1,R,R-NAR061319041,5,3,0.9251931578932978,1.173089661559603
NAR061319041,NAR,CJF_1,CJF,1,R,R-NAR061319041,5,4,1.054396555869098,1.173089661559603
NAR061319041,NAR,CJF_1,CJF,1,R,R-NAR061319041,5,5,1.159867155942421,1.173089661559603
NAR061319041,NAR,CJF_2,CJF,2,R,R-NAR061319041,5,1,0.5697810940951132,1.1637561173891797
NAR061319041,NAR,CJF_2,CJF,2,R,R-NAR061319041,5,2,0.7855777859407165,1.1637561173891797
NAR061319041,NAR,CJF_2,CJF,2,R,R-NAR061319041,5,3,0.9124576502120244,1.1637561173891797
NAR061319041,NAR,CJF_2,CJF,2,R,R-NAR061319041,5,4,1.0543949707956237,1.1637561173891797
NAR061319041,NAR,CJF_2,CJF,2,R,R-NAR061319041,5,5,1.1511250320710447,1.1637561173891797
NAR061319041,NAR,CJF_3,CJF,3,R,R-NAR061319041,5,1,0.5793466986457287,1.154518725626454
NAR061319041,NAR,CJF_3,CJF,3,R,R-NAR061319041,5,2,0.7840852404116588,1.154518725626454
NAR061319041,NAR,CJF_3,CJF,3,R,R-NAR061319041,5,3,0.9102460677661124,1.154518725626454
NAR061319041,NAR,CJF_3,CJF,3,R,R-NAR061319041,5,4,1.037498105860793,1.154518725626454
NAR061319041,NAR,CJF_3,CJF,3,R,R-NAR061319041,5,5,1.1365386569303093,1.154518725626454
NAR061319041,NAR,JRS_1,JRS,1,R,R-NAR061319041,4,1,0.5719825948710405,1.137650131872451
NAR061319041,NAR,JRS_1,JRS,1,R,R-NAR061319041,4,2,0.7482600783741067,1.137650131872451
NAR061319041,NAR,JRS_1,JRS,1,R,R-NAR061319041,4,3,0.8930472556195583,1.137650131872451
NAR061319041,NAR,JRS_1,JRS,1,R,R-NAR061319041,4,4,1.0248808912474021,1.137650131872451
NAR061319041,NAR,LEL_1,LEL,1,R,R-NAR061319041,3,1,0.7913747871021466,1.1686783033301964
NAR061319041,NAR,LEL_1,LEL,1,R,R-NAR061319041,3,2,0.9223947415073737,1.1686783033301964
NAR061319041,NAR,LEL_1,LEL,1,R,R-NAR061319041,3,3,1.0653012179387895,1.1686783033301964
NAR061319041,NAR,LSR_1,LSR,1,R,R-NAR061319041,5,1,0.5856669139989386,1.2559154455587567
NAR061319041,NAR,LSR_1,LSR,1,R,R-NAR061319041,5,2,0.6753829136319823,1.2559154455587567
NAR061319041,NAR,LSR_1,LSR,1,R,R-NAR061319041,5,3,0.8616752289014673,1.2559154455587567
NAR061319041,NAR,LSR_1,LSR,1,R,R-NAR061319041,5,4,1.0116252372415588,1.2559154455587567
NAR061319041,NAR,LSR_1,LSR,1,R,R-NAR061319041,5,5,1.1533906280712682,1.2559154455587567
NAR061319041,NAR,MJS_1,MJS,1,R,R-NAR061319041,4,1,0.6643496286275665,1.2358764903605415
NAR061319041,NAR,MJS_1,MJS,1,R,R-NAR061319041,4,2,0.8345555290145475,1.2358764903605415
NAR061319041,NAR,MJS_1,MJS,1,R,R-NAR061319041,4,3,0.9856588170345215,1.2358764903605415
NAR061319041,NAR,MJS_1,MJS,1,R,R-NAR061319041,4,4,1.126351993412951,1.2358764903605415
NAR061319042,NAR,CJF_1,CJF,1,R,R-NAR061319042,3,1,0.5489479706965884,0.8769575810136006
NAR061319042,NAR,CJF_1,CJF,1,R,R-NAR061319042,3,2,0.732900565424367,0.8769575810136006
NAR061319042,NAR,CJF_1,CJF,1,R,R-NAR061319042,3,3,0.8609512459481301,0.8769575810136006
NAR061319042,NAR,CJF_2,CJF,2,R,R-NAR061319042,3,1,0.5048052307428516,0.8498797892889725
NAR061319042,NAR,CJF_2,CJF,2,R,R-NAR061319042,3,2,0.712118630146567,0.8498797892889725
NAR061319042,NAR,CJF_2,CJF,2,R,R-NAR061319042,3,3,0.8299660293975114,0.8498797892889725
NAR061319042,NAR,CJF_3,CJF,3,R,R-NAR061319042,3,1,0.48282374648939563,0.8212951673238871
NAR061319042,NAR,CJF_3,CJF,3,R,R-NAR061319042,3,2,0.6685521042311429,0.8212951673238871
NAR061319042,NAR,CJF_3,CJF,3,R,R-NAR061319042,3,3,0.7991762391782589,0.8212951673238871
NAR061319042,NAR,JRS_1,JRS,1,R,R-NAR061319042,2,1,0.481671667666679,0.812878225596518
NAR061319042,NAR,JRS_1,JRS,1,R,R-NAR061319042,2,2,0.6681848563657822,0.812878225596518
NAR061319042,NAR,LEL_1,LEL,1,R,R-NAR061319042,2,1,0.44531700860094325,0.7963420783634261
NAR061319042,NAR,LEL_1,LEL,1,R,R-NAR061319042,2,2,0.6719902865697611,0.7963420783634261
NAR061319042,NAR,LSR_1,LSR,1,R,R-NAR061319042,3,1,0.5670969937267842,0.9114138133811885
NAR061319042,NAR,LSR_1,LSR,1,R,R-NAR061319042,3,2,0.7588158086982006,0.9114138133811885
NAR061319042,NAR,LSR_1,LSR,1,R,R-NAR061319042,3,3,0.8762672144444953,0.9114138133811885
NAR061319042,NAR,MJS_1,MJS,1,R,R-NAR061319042,2,1,0.524606132997386,0.852875434189147
NAR061319042,NAR,MJS_1,MJS,1,R,R-NAR061319042,2,2,0.7098274625924227,0.852875434189147
NAR061419001,NAR,CJF_1,CJF,1,R,R-NAR061419001,20,1,0.4272746530628297,1.8569716525581488
NAR061419001,NAR,CJF_1,CJF,1,R,R-NAR061419001,20,2,0.5845879968082266,1.8569716525581488
NAR061419001,NAR,CJF_1,CJF,1,R,R-NAR061419001,20,3,0.6933648178383998,1.8569716525581488
NAR061419001,NAR,CJF_1,CJF,1,R,R-NAR061419001,20,4,0.8105631336942343,1.8569716525581488
NAR061419001,NAR,CJF_1,CJF,1,R,R-NAR061419001,20,5,0.8848392567186175,1.8569716525581488
NAR061419001,NAR,CJF_1,CJF,1,R,R-NAR061419001,20,6,0.9689404570396067,1.8569716525581488
NAR061419001,NAR,CJF_1,CJF,1,R,R-NAR061419001,20,7,1.0625723027733003,1.8569716525581488
NAR061419001,NAR,CJF_1,CJF,1,R,R-NAR061419001,20,8,1.139655590739571,1.8569716525581488
NAR061419001,NAR,CJF_1,CJF,1,R,R-NAR061419001,20,9,1.2181424611767853,1.8569716525581488
NAR061419001,NAR,CJF_1,CJF,1,R,R-NAR061419001,20,10,1.2910150017302253,1.8569716525581488
NAR061419001,NAR,CJF_1,CJF,1,R,R-NAR061419001,20,11,1.3582280414128227,1.8569716525581488
NAR061419001,NAR,CJF_1,CJF,1,R,R-NAR061419001,20,12,1.4071493379860844,1.8569716525581488
NAR061419001,NAR,CJF_1,CJF,1,R,R-NAR061419001,20,13,1.4673444653139638,1.8569716525581488
NAR061419001,NAR,CJF_1,CJF,1,R,R-NAR061419001,20,14,1.5152017822872512,1.8569716525581488
NAR061419001,NAR,CJF_1,CJF,1,R,R-NAR061419001,20,15,1.5704617854732938,1.8569716525581488
NAR061419001,NAR,CJF_1,CJF,1,R,R-NAR061419001,20,16,1.6309965156721418,1.8569716525581488
NAR061419001,NAR,CJF_1,CJF,1,R,R-NAR061419001,20,17,1.7119509481802748,1.8569716525581488
NAR061419001,NAR,CJF_1,CJF,1,R,R-NAR061419001,20,18,1.7679353280953234,1.8569716525581488
NAR061419001,NAR,CJF_1,CJF,1,R,R-NAR061419001,20,19,1.8094539384558301,1.8569716525581488
NAR061419001,NAR,CJF_1,CJF,1,R,R-NAR061419001,20,20,1.8453582189325628,1.8569716525581488
NAR061419001,NAR,CJF_2,CJF,2,R,R-NAR061419001,19,1,0.44047502814051537,1.8542812017919226
NAR061419001,NAR,CJF_2,CJF,2,R,R-NAR061419001,19,2,0.5724516956615113,1.8542812017919226
NAR061419001,NAR,CJF_2,CJF,2,R,R-NAR061419001,19,3,0.6860878103181353,1.8542812017919226
NAR061419001,NAR,CJF_2,CJF,2,R,R-NAR061419001,19,4,0.7827903151589852,1.8542812017919226
NAR061419001,NAR,CJF_2,CJF,2,R,R-NAR061419001,19,5,0.8773572588106394,1.8542812017919226
NAR061419001,NAR,CJF_2,CJF,2,R,R-NAR061419001,19,6,0.973720601197489,1.8542812017919226
NAR061419001,NAR,CJF_2,CJF,2,R,R-NAR061419001,19,7,1.053828658676565,1.8542812017919226
NAR061419001,NAR,CJF_2,CJF,2,R,R-NAR061419001,19,8,1.1346653342962394,1.8542812017919226
NAR061419001,NAR,CJF_2,CJF,2,R,R-NAR061419001,19,9,1.2317070015910891,1.8542812017919226
NAR061419001,NAR,CJF_2,CJF,2,R,R-NAR061419001,19,10,1.299830896540783,1.8542812017919226
NAR061419001,NAR,CJF_2,CJF,2,R,R-NAR061419001,19,11,1.3499534010801049,1.8542812017919226
NAR061419001,NAR,CJF_2,CJF,2,R,R-NAR061419001,19,12,1.412060068148809,1.8542812017919226
NAR061419001,NAR,CJF_2,CJF,2,R,R-NAR061419001,19,13,1.4738275727635128,1.8542812017919226
NAR061419001,NAR,CJF_2,CJF,2,R,R-NAR061419001,19,14,1.5281709064486286,1.8542812017919226
NAR061419001,NAR,CJF_2,CJF,2,R,R-NAR061419001,19,15,1.5772256303933527,1.8542812017919226
NAR061419001,NAR,CJF_2,CJF,2,R,R-NAR061419001,19,16,1.6481634114402426,1.8542812017919226
NAR061419001,NAR,CJF_2,CJF,2,R,R-NAR061419001,19,17,1.7124056396981426,1.8542812017919226
NAR061419001,NAR,CJF_2,CJF,2,R,R-NAR061419001,19,18,1.7678167539778566,1.8542812017919226
NAR061419001,NAR,CJF_2,CJF,2,R,R-NAR061419001,19,19,1.8232278682575707,1.8542812017919226
NAR061419001,NAR,CJF_3,CJF,3,R,R-NAR061419001,20,1,0.47285398006661133,1.880983667244214
NAR061419001,NAR,CJF_3,CJF,3,R,R-NAR061419001,20,2,0.615736956171301,1.880983667244214
NAR061419001,NAR,CJF_3,CJF,3,R,R-NAR061419001,20,3,0.7168411126827109,1.880983667244214
NAR061419001,NAR,CJF_3,CJF,3,R,R-NAR061419001,20,4,0.8369116374470777,1.880983667244214
NAR061419001,NAR,CJF_3,CJF,3,R,R-NAR061419001,20,5,0.9165733860419145,1.880983667244214
NAR061419001,NAR,CJF_3,CJF,3,R,R-NAR061419001,20,6,0.999289076172481,1.880983667244214
NAR061419001,NAR,CJF_3,CJF,3,R,R-NAR061419001,20,7,1.0899609796616605,1.880983667244214
NAR061419001,NAR,CJF_3,CJF,3,R,R-NAR061419001,20,8,1.1861130568458345,1.880983667244214
NAR061419001,NAR,CJF_3,CJF,3,R,R-NAR061419001,20,9,1.2622425770415369,1.880983667244214
NAR061419001,NAR,CJF_3,CJF,3,R,R-NAR061419001,20,10,1.317457783688423,1.880983667244214
NAR061419001,NAR,CJF_3,CJF,3,R,R-NAR061419001,20,11,1.3748849828150487,1.880983667244214
NAR061419001,NAR,CJF_3,CJF,3,R,R-NAR061419001,20,12,1.4364223122129198,1.880983667244214
NAR061419001,NAR,CJF_3,CJF,3,R,R-NAR061419001,20,13,1.4927435150996757,1.880983667244214
NAR061419001,NAR,CJF_3,CJF,3,R,R-NAR061419001,20,14,1.554016797313668,1.880983667244214
NAR061419001,NAR,CJF_3,CJF,3,R,R-NAR061419001,20,15,1.6037518302655598,1.880983667244214
NAR061419001,NAR,CJF_3,CJF,3,R,R-NAR061419001,20,16,1.6666592030871796,1.880983667244214
NAR061419001,NAR,CJF_3,CJF,3,R,R-NAR061419001,20,17,1.7405767308031428,1.880983667244214
NAR061419001,NAR,CJF_3,CJF,3,R,R-NAR061419001,20,18,1.7982679771136472,1.880983667244214
NAR061419001,NAR,CJF_3,CJF,3,R,R-NAR061419001,20,19,1.8323546305321918,1.880983667244214
NAR061419001,NAR,CJF_3,CJF,3,R,R-NAR061419001,20,20,1.8631232952311279,1.880983667244214
NAR061419001,NAR,JRS_1,JRS,1,R,R-NAR061419001,19,1,0.4102867504123869,1.8436909352220217
NAR061419001,NAR,JRS_1,JRS,1,R,R-NAR061419001,19,2,0.46266333811092863,1.8436909352220217
NAR061419001,NAR,JRS_1,JRS,1,R,R-NAR061419001,19,3,0.5993644425181663,1.8436909352220217
NAR061419001,NAR,JRS_1,JRS,1,R,R-NAR061419001,19,4,0.7057435739765007,1.8436909352220217
NAR061419001,NAR,JRS_1,JRS,1,R,R-NAR061419001,19,5,0.8087332154193271,1.8436909352220217
NAR061419001,NAR,JRS_1,JRS,1,R,R-NAR061419001,19,6,0.9083792261443149,1.8436909352220217
NAR061419001,NAR,JRS_1,JRS,1,R,R-NAR061419001,19,7,0.9995285821816955,1.8436909352220217
NAR061419001,NAR,JRS_1,JRS,1,R,R-NAR061419001,19,8,1.0957392435935045,1.8436909352220217
NAR061419001,NAR,JRS_1,JRS,1,R,R-NAR061419001,19,9,1.1717505428052697,1.8436909352220217
NAR061419001,NAR,JRS_1,JRS,1,R,R-NAR061419001,19,10,1.2493877980782848,1.8436909352220217
NAR061419001,NAR,JRS_1,JRS,1,R,R-NAR061419001,19,11,1.3101693218690948,1.8436909352220217
NAR061419001,NAR,JRS_1,JRS,1,R,R-NAR061419001,19,12,1.370950845659905,1.8436909352220217
NAR061419001,NAR,JRS_1,JRS,1,R,R-NAR061419001,19,13,1.4232815740607785,1.8436909352220217
NAR061419001,NAR,JRS_1,JRS,1,R,R-NAR061419001,19,14,1.4806736078360803,1.8436909352220217
NAR061419001,NAR,JRS_1,JRS,1,R,R-NAR061419001,19,15,1.5296607055191138,1.8436909352220217
NAR061419001,NAR,JRS_1,JRS,1,R,R-NAR061419001,19,16,1.5819914339199868,1.8436909352220217
NAR061419001,NAR,JRS_1,JRS,1,R,R-NAR061419001,19,17,1.6697971592395282,1.8436909352220217
NAR061419001,NAR,JRS_1,JRS,1,R,R-NAR061419001,19,18,1.72718919301483,1.8436909352220217
NAR061419001,NAR,JRS_1,JRS,1,R,R-NAR061419001,19,19,1.7812375960722917,1.8436909352220217
NAR061419001,NAR,LEL_1,LEL,1,R,R-NAR061419001,20,1,0.2757034267810768,1.7541801974719722
NAR061419001,NAR,LEL_1,LEL,1,R,R-NAR061419001,20,2,0.34626808596106756,1.7541801974719722
NAR061419001,NAR,LEL_1,LEL,1,R,R-NAR061419001,20,3,0.49052910073908473,1.7541801974719722
NAR061419001,NAR,LEL_1,LEL,1,R,R-NAR061419001,20,4,0.6063554720839035,1.7541801974719722
NAR061419001,NAR,LEL_1,LEL,1,R,R-NAR061419001,20,5,0.7157307597243988,1.7541801974719722
NAR061419001,NAR,LEL_1,LEL,1,R,R-NAR061419001,20,6,0.8088844926699594,1.7541801974719722
NAR061419001,NAR,LEL_1,LEL,1,R,R-NAR061419001,20,7,0.8824972836342975,1.7541801974719722
NAR061419001,NAR,LEL_1,LEL,1,R,R-NAR061419001,20,8,0.9443353706296889,1.7541801974719722
NAR061419001,NAR,LEL_1,LEL,1,R,R-NAR061419001,20,9,1.0163823133850094,1.7541801974719722
NAR061419001,NAR,LEL_1,LEL,1,R,R-NAR061419001,20,10,1.0875524866016946,1.7541801974719722
NAR061419001,NAR,LEL_1,LEL,1,R,R-NAR061419001,20,11,1.1415407709511216,1.7541801974719722
NAR061419001,NAR,LEL_1,LEL,1,R,R-NAR061419001,20,12,1.2081805288081309,1.7541801974719722
NAR061419001,NAR,LEL_1,LEL,1,R,R-NAR061419001,20,13,1.2739435171265046,1.7541801974719722
NAR061419001,NAR,LEL_1,LEL,1,R,R-NAR061419001,20,14,1.3342157559128784,1.7541801974719722
NAR061419001,NAR,LEL_1,LEL,1,R,R-NAR061419001,20,15,1.3911686074129639,1.7541801974719722
NAR061419001,NAR,LEL_1,LEL,1,R,R-NAR061419001,20,16,1.4318999042181157,1.7541801974719722
NAR061419001,NAR,LEL_1,LEL,1,R,R-NAR061419001,20,17,1.493216041810501,1.7541801974719722
NAR061419001,NAR,LEL_1,LEL,1,R,R-NAR061419001,20,18,1.556014462978216,1.7541801974719722
NAR061419001,NAR,LEL_1,LEL,1,R,R-NAR061419001,20,19,1.6369551071855122,1.7541801974719722
NAR061419001,NAR,LEL_1,LEL,1,R,R-NAR061419001,20,20,1.7173738019898028,1.7541801974719722
NAR061419001,NAR,LSR_1,LSR,1,R,R-NAR061419001,17,1,0.4261740776472831,1.404316327903609
NAR061419001,NAR,LSR_1,LSR,1,R,R-NAR061419001,17,2,0.5225394473679765,1.404316327903609
NAR061419001,NAR,LSR_1,LSR,1,R,R-NAR061419001,17,3,0.6001733558635882,1.404316327903609
NAR061419001,NAR,LSR_1,LSR,1,R,R-NAR061419001,17,4,0.6628220953791383,1.404316327903609
NAR061419001,NAR,LSR_1,LSR,1,R,R-NAR061419001,17,5,0.7088608277574451,1.404316327903609
NAR061419001,NAR,LSR_1,LSR,1,R,R-NAR061419001,17,6,0.7816652185699265,1.404316327903609
NAR061419001,NAR,LSR_1,LSR,1,R,R-NAR061419001,17,7,0.8469770248923737,1.404316327903609
NAR061419001,NAR,LSR_1,LSR,1,R,R-NAR061419001,17,8,0.9015915671988319,1.404316327903609
NAR061419001,NAR,LSR_1,LSR,1,R,R-NAR061419001,17,9,0.9487135250152583,1.404316327903609
NAR061419001,NAR,LSR_1,LSR,1,R,R-NAR061419001,17,10,0.9990401623576414,1.404316327903609
NAR061419001,NAR,LSR_1,LSR,1,R,R-NAR061419001,17,11,1.0734693913272997,1.404316327903609
NAR061419001,NAR,LSR_1,LSR,1,R,R-NAR061419001,17,12,1.103981342006484,1.404316327903609
NAR061419001,NAR,LSR_1,LSR,1,R,R-NAR061419001,17,13,1.1692931483289335,1.404316327903609
NAR061419001,NAR,LSR_1,LSR,1,R,R-NAR061419001,17,14,1.2040930039721929,1.404316327903609
NAR061419001,NAR,LSR_1,LSR,1,R,R-NAR061419001,17,15,1.2656585180496234,1.404316327903609
NAR061419001,NAR,LSR_1,LSR,1,R,R-NAR061419001,17,16,1.3090341836210342,1.404316327903609
NAR061419001,NAR,LSR_1,LSR,1,R,R-NAR061419001,17,17,1.3475803315093102,1.404316327903609
NAR061419001,NAR,MJS_1,MJS,1,R,R-NAR061419001,20,1,0.3830178035197074,1.8653010354924864
NAR061419001,NAR,MJS_1,MJS,1,R,R-NAR061419001,20,2,0.45021456074166716,1.8653010354924864
NAR061419001,NAR,MJS_1,MJS,1,R,R-NAR061419001,20,3,0.5882717777905274,1.8653010354924864
NAR061419001,NAR,MJS_1,MJS,1,R,R-NAR061419001,20,4,0.707391614390609,1.8653010354924864
NAR061419001,NAR,MJS_1,MJS,1,R,R-NAR061419001,20,5,0.7990213059687592,1.8653010354924864
NAR061419001,NAR,MJS_1,MJS,1,R,R-NAR061419001,20,6,0.8851554436394974,1.8653010354924864
NAR061419001,NAR,MJS_1,MJS,1,R,R-NAR061419001,20,7,0.9938906643639548,1.8653010354924864
NAR061419001,NAR,MJS_1,MJS,1,R,R-NAR061419001,20,8,1.0885775666078465,1.8653010354924864
NAR061419001,NAR,MJS_1,MJS,1,R,R-NAR061419001,20,9,1.1731830989457137,1.8653010354924864
NAR061419001,NAR,MJS_1,MJS,1,R,R-NAR061419001,20,10,1.240379856167673,1.8653010354924864
NAR061419001,NAR,MJS_1,MJS,1,R,R-NAR061419001,20,11,1.2993270947860787,1.8653010354924864
NAR061419001,NAR,MJS_1,MJS,1,R,R-NAR061419001,20,12,1.3680524573409092,1.8653010354924864
NAR061419001,NAR,MJS_1,MJS,1,R,R-NAR061419001,20,13,1.4269996959593143,1.8653010354924864
NAR061419001,NAR,MJS_1,MJS,1,R,R-NAR061419001,20,14,1.4908359965459324,1.8653010354924864
NAR061419001,NAR,MJS_1,MJS,1,R,R-NAR061419001,20,15,1.5442876812569257,1.8653010354924864
NAR061419001,NAR,MJS_1,MJS,1,R,R-NAR061419001,20,16,1.5873547500922949,1.8653010354924864
NAR061419001,NAR,MJS_1,MJS,1,R,R-NAR061419001,20,17,1.6459987427411005,1.8653010354924864
NAR061419001,NAR,MJS_1,MJS,1,R,R-NAR061419001,20,18,1.7171624485376007,1.8653010354924864
NAR061419001,NAR,MJS_1,MJS,1,R,R-NAR061419001,20,19,1.7684790359765241,1.8653010354924864
NAR061419001,NAR,MJS_1,MJS,1,R,R-NAR061419001,20,20,1.8136812020839632,1.8653010354924864
NAR061419002,NAR,CJF_1,CJF,1,R,R-NAR061419002,2,1,0.6651916588623401,0.8046347531221709
NAR061419002,NAR,CJF_1,CJF,1,R,R-NAR061419002,2,2,0.7807745882799796,0.8046347531221709
NAR061419002,NAR,CJF_2,CJF,2,R,R-NAR061419002,3,1,0.538712774315576,0.8608129848104739
NAR061419002,NAR,CJF_2,CJF,2,R,R-NAR061419002,3,2,0.7455202816564852,0.8608129848104739
NAR061419002,NAR,CJF_2,CJF,2,R,R-NAR061419002,3,3,0.8363409266966908,0.8608129848104739
NAR061419002,NAR,CJF_3,CJF,3,R,R-NAR061419002,3,1,0.4755497744914418,0.807972371531471
NAR061419002,NAR,CJF_3,CJF,3,R,R-NAR061419002,3,2,0.6993192468212746,0.807972371531471
NAR061419002,NAR,CJF_3,CJF,3,R,R-NAR061419002,3,3,0.7836563250297487,0.807972371531471
NAR061419002,NAR,JRS_1,JRS,1,R,R-NAR061419002,0,NA,NA,0.5430632640988713
NAR061419002,NAR,LEL_1,LEL,1,R,R-NAR061419002,2,1,0.3862502896830444,0.5563193168189522
NAR061419002,NAR,LEL_1,LEL,1,R,R-NAR061419002,2,2,0.45316368716475464,0.5563193168189522
NAR061419002,NAR,LSR_1,LSR,1,R,R-NAR061419002,2,1,0.38641902679640067,0.5720520788223699
NAR061419002,NAR,LSR_1,LSR,1,R,R-NAR061419002,2,2,0.4857279914016477,0.5720520788223699
NAR061419002,NAR,MJS_1,MJS,1,R,R-NAR061419002,2,1,0.33827386411352706,0.5267530109581141
NAR061419002,NAR,MJS_1,MJS,1,R,R-NAR061419002,2,2,0.4165962557273486,0.5267530109581141
NAR061419003,NAR,CJF_1,CJF,1,R,R-NAR061419003,3,1,0.5990187146064098,0.950304261179385
NAR061419003,NAR,CJF_1,CJF,1,R,R-NAR061419003,3,2,0.8097242409519148,0.950304261179385
NAR061419003,NAR,CJF_1,CJF,1,R,R-NAR061419003,3,3,0.9289957285227559,0.950304261179385
NAR061419003,NAR,CJF_2,CJF,2,R,R-NAR061419003,3,1,0.5390184823034878,0.8801391112438122
NAR061419003,NAR,CJF_2,CJF,2,R,R-NAR061419003,3,2,0.7355322548253996,0.8801391112438122
NAR061419003,NAR,CJF_2,CJF,2,R,R-NAR061419003,3,3,0.8589371503641052,0.8801391112438122
NAR061419003,NAR,CJF_3,CJF,3,R,R-NAR061419003,3,1,0.4941212157487947,0.850190952106241
NAR061419003,NAR,CJF_3,CJF,3,R,R-NAR061419003,3,2,0.7101868510399614,0.850190952106241
NAR061419003,NAR,CJF_3,CJF,3,R,R-NAR061419003,3,3,0.831160008472402,0.850190952106241
NAR061419003,NAR,JRS_1,JRS,1,R,R-NAR061419003,2,1,0.2866042813841626,0.5549442867958719
NAR061419003,NAR,JRS_1,JRS,1,R,R-NAR061419003,2,2,0.4471539609330848,0.5549442867958719
NAR061419003,NAR,LEL_1,LEL,1,R,R-NAR061419003,2,1,0.3954728932378402,0.5811344534005896
NAR061419003,NAR,LEL_1,LEL,1,R,R-NAR061419003,2,2,0.5147298352090475,0.5811344534005896
NAR061419003,NAR,LSR_1,LSR,1,R,R-NAR061419003,2,1,0.32499376758751564,0.5118573156561032
NAR061419003,NAR,LSR_1,LSR,1,R,R-NAR061419003,2,2,0.4441083074307997,0.5118573156561032
NAR061419003,NAR,MJS_1,MJS,1,R,R-NAR061419003,2,1,0.6896826031279472,0.9849486670771762
NAR061419003,NAR,MJS_1,MJS,1,R,R-NAR061419003,2,2,0.8421117601291084,0.9849486670771762
NAR061419004,NAR,CJF_1,CJF,1,R,R-NAR061419004,3,1,0.5772667815688447,0.9018729431035447
NAR061419004,NAR,CJF_1,CJF,1,R,R-NAR061419004,3,2,0.7664586597457941,0.9018729431035447
NAR061419004,NAR,CJF_1,CJF,1,R,R-NAR061419004,3,3,0.8860464328200598,0.9018729431035447
NAR061419004,NAR,CJF_2,CJF,2,R,R-NAR061419004,3,1,0.5513437118258834,0.878921575119535
NAR061419004,NAR,CJF_2,CJF,2,R,R-NAR061419004,3,2,0.7296792803599659,0.878921575119535
NAR061419004,NAR,CJF_2,CJF,2,R,R-NAR061419004,3,3,0.858354359381493,0.878921575119535
NAR061419004,NAR,CJF_3,CJF,3,R,R-NAR061419004,3,1,0.5078169843997947,0.8448759354487604
NAR061419004,NAR,CJF_3,CJF,3,R,R-NAR061419004,3,2,0.7119310326377295,0.8448759354487604
NAR061419004,NAR,CJF_3,CJF,3,R,R-NAR061419004,3,3,0.8298034224071195,0.8448759354487604
NAR061419004,NAR,JRS_1,JRS,1,R,R-NAR061419004,2,1,0.29247060434426964,0.4718993176203874
NAR061419004,NAR,JRS_1,JRS,1,R,R-NAR061419004,2,2,0.4116481593778889,0.4718993176203874
NAR061419004,NAR,LEL_1,LEL,1,R,R-NAR061419004,2,1,0.5141360771154675,0.8436252170353825
NAR061419004,NAR,LEL_1,LEL,1,R,R-NAR061419004,2,2,0.7062693366200311,0.8436252170353825
NAR061419004,NAR,LSR_1,LSR,1,R,R-NAR061419004,2,1,0.5895144532536949,0.9183059207092952
NAR061419004,NAR,LSR_1,LSR,1,R,R-NAR061419004,2,2,0.8020860621585636,0.9183059207092952
NAR061419004,NAR,MJS_1,MJS,1,R,R-NAR061419004,2,1,0.5732976167840146,0.913289708059221
NAR061419004,NAR,MJS_1,MJS,1,R,R-NAR061419004,2,2,0.7929198743926128,0.913289708059221
NAR061419005,NAR,CJF_1,CJF,1,R,R-NAR061419005,3,1,0.5650877904215448,0.9509191585740526
NAR061419005,NAR,CJF_1,CJF,1,R,R-NAR061419005,3,2,0.7819405681830163,0.9509191585740526
NAR061419005,NAR,CJF_1,CJF,1,R,R-NAR061419005,3,3,0.9308490649258931,0.9509191585740526
NAR061419005,NAR,CJF_2,CJF,2,R,R-NAR061419005,3,1,0.5303093054314941,0.9183355072619226
NAR061419005,NAR,CJF_2,CJF,2,R,R-NAR061419005,3,2,0.7535897327964697,0.9183355072619226
NAR061419005,NAR,CJF_2,CJF,2,R,R-NAR061419005,3,3,0.8909193394286892,0.9183355072619226
NAR061419005,NAR,CJF_3,CJF,3,R,R-NAR061419005,3,1,0.5438142752287537,0.9311330791256602
NAR061419005,NAR,CJF_3,CJF,3,R,R-NAR061419005,3,2,0.7574737656196069,0.9311330791256602
NAR061419005,NAR,CJF_3,CJF,3,R,R-NAR061419005,3,3,0.9093002293238108,0.9311330791256602
NAR061419005,NAR,JRS_1,JRS,1,R,R-NAR061419005,2,1,0.5416382219206144,0.9206662848827587
NAR061419005,NAR,JRS_1,JRS,1,R,R-NAR061419005,2,2,0.7638943376334324,0.9206662848827587
NAR061419005,NAR,LEL_1,LEL,1,R,R-NAR061419005,2,1,0.5717408336083765,0.9180746036423799
NAR061419005,NAR,LEL_1,LEL,1,R,R-NAR061419005,2,2,0.770039913157689,0.9180746036423799
NAR061419005,NAR,LSR_1,LSR,1,R,R-NAR061419005,3,1,0.5530787745907584,0.9382045439725173
NAR061419005,NAR,LSR_1,LSR,1,R,R-NAR061419005,3,2,0.7778686879388883,0.9382045439725173
NAR061419005,NAR,LSR_1,LSR,1,R,R-NAR061419005,3,3,0.9083567075898652,0.9382045439725173
NAR061419005,NAR,MJS_1,MJS,1,R,R-NAR061419005,2,1,0.5876429341875163,0.9471571140085128
NAR061419005,NAR,MJS_1,MJS,1,R,R-NAR061419005,2,2,0.8029441965581892,0.9471571140085128
NAR061419006,NAR,CJF_1,CJF,1,R,R-NAR061419006,2,1,0.4722001710935919,0.6763758014279254
NAR061419006,NAR,CJF_1,CJF,1,R,R-NAR061419006,2,2,0.6348190239862269,0.6763758014279254
NAR061419006,NAR,CJF_2,CJF,2,R,R-NAR061419006,2,1,0.5031881534198013,0.7007882201278317
NAR061419006,NAR,CJF_2,CJF,2,R,R-NAR061419006,2,2,0.6684557964536955,0.7007882201278317
NAR061419006,NAR,CJF_3,CJF,3,R,R-NAR061419006,2,1,0.4704068994630213,0.6650897121433995
NAR061419006,NAR,CJF_3,CJF,3,R,R-NAR061419006,2,2,0.6254805710803174,0.6650897121433995
NAR061419006,NAR,JRS_1,JRS,1,R,R-NAR061419006,1,1,0.4943433004885168,0.6845910452060768
NAR061419006,NAR,LEL_1,LEL,1,R,R-NAR061419006,1,1,0.4886104345383204,0.6744012573645732
NAR061419006,NAR,LSR_1,LSR,1,R,R-NAR061419006,2,1,0.5302027850712733,0.724596555161162
NAR061419006,NAR,LSR_1,LSR,1,R,R-NAR061419006,2,2,0.6527246577603113,0.724596555161162
NAR061419006,NAR,MJS_1,MJS,1,R,R-NAR061419006,2,1,0.5525038655437912,0.7138902382590987
NAR061419006,NAR,MJS_1,MJS,1,R,R-NAR061419006,2,2,0.6459320277626284,0.7138902382590987
NAR061419007,NAR,CJF_1,CJF,1,R,R-NAR061419007,2,1,0.493060333115313,0.6814416831140998
NAR061419007,NAR,CJF_1,CJF,1,R,R-NAR061419007,2,2,0.6574137774870836,0.6814416831140998
NAR061419007,NAR,CJF_2,CJF,2,R,R-NAR061419007,2,1,0.5039165582336463,0.6888922653801645
NAR061419007,NAR,CJF_2,CJF,2,R,R-NAR061419007,2,2,0.6764743482515843,0.6888922653801645
NAR061419007,NAR,CJF_3,CJF,3,R,R-NAR061419007,2,1,0.48087779013322085,0.6499563172230254
NAR061419007,NAR,CJF_3,CJF,3,R,R-NAR061419007,2,2,0.6313115315186036,0.6499563172230254
NAR061419007,NAR,JRS_1,JRS,1,R,R-NAR061419007,2,1,0.38452653397622094,0.7128907125253691
NAR061419007,NAR,JRS_1,JRS,1,R,R-NAR061419007,2,2,0.5587660858840502,0.7128907125253691
NAR061419007,NAR,LEL_1,LEL,1,R,R-NAR061419007,1,1,0.5391465267411432,0.7111713686323848
NAR061419007,NAR,LSR_1,LSR,1,R,R-NAR061419007,2,1,0.3528922165929015,0.6772923532780117
NAR061419007,NAR,LSR_1,LSR,1,R,R-NAR061419007,2,2,0.4988470856428848,0.6772923532780117
NAR061419007,NAR,MJS_1,MJS,1,R,R-NAR061419007,1,1,0.4648624957878248,0.605048692783823
NAR061419008,NAR,CJF_1,CJF,1,R,R-NAR061419008,2,1,0.5174449304992468,0.6891791460562224
NAR061419008,NAR,CJF_1,CJF,1,R,R-NAR061419008,2,2,0.6788114679389328,0.6891791460562224
NAR061419008,NAR,CJF_2,CJF,2,R,R-NAR061419008,2,1,0.4686474041445287,0.6570645114175387
NAR061419008,NAR,CJF_2,CJF,2,R,R-NAR061419008,2,2,0.6288981006088129,0.6570645114175387
NAR061419008,NAR,CJF_3,CJF,3,R,R-NAR061419008,2,1,0.46049454856220046,0.6359183190702457
NAR061419008,NAR,CJF_3,CJF,3,R,R-NAR061419008,2,2,0.6128175840557366,0.6359183190702457
NAR061419008,NAR,JRS_1,JRS,1,R,R-NAR061419008,1,1,0.4453948096018542,0.603766353781219
NAR061419008,NAR,LEL_1,LEL,1,R,R-NAR061419008,1,1,0.4707536438663012,0.6363698185179639
NAR061419008,NAR,LSR_1,LSR,1,R,R-NAR061419008,2,1,0.5303563473948731,0.7302986641198551
NAR061419008,NAR,LSR_1,LSR,1,R,R-NAR061419008,2,2,0.6438850052592798,0.7302986641198551
NAR061419008,NAR,MJS_1,MJS,1,R,R-NAR061419008,1,1,0.5742589535635988,0.7207604766525483
NAR061419009,NAR,CJF_1,CJF,1,R,R-NAR061419009,5,1,0.3235966918812266,0.9760918086188214
NAR061419009,NAR,CJF_1,CJF,1,R,R-NAR061419009,5,2,0.5657378613718155,0.9760918086188214
NAR061419009,NAR,CJF_1,CJF,1,R,R-NAR061419009,5,3,0.7474010788662719,0.9760918086188214
NAR061419009,NAR,CJF_1,CJF,1,R,R-NAR061419009,5,4,0.8789604488088192,0.9760918086188214
NAR061419009,NAR,CJF_1,CJF,1,R,R-NAR061419009,5,5,0.9599905023932108,0.9760918086188214
NAR061419009,NAR,CJF_2,CJF,2,R,R-NAR061419009,5,1,0.3239141101873192,1.0169083120388356
NAR061419009,NAR,CJF_2,CJF,2,R,R-NAR061419009,5,2,0.5756571867168304,1.0169083120388356
NAR061419009,NAR,CJF_2,CJF,2,R,R-NAR061419009,5,3,0.7656720628631831,1.0169083120388356
NAR061419009,NAR,CJF_2,CJF,2,R,R-NAR061419009,5,4,0.9120414395942356,1.0169083120388356
NAR061419009,NAR,CJF_2,CJF,2,R,R-NAR061419009,5,5,0.9794196556404888,1.0169083120388356
NAR061419009,NAR,CJF_3,CJF,3,R,R-NAR061419009,5,1,0.2876239531697866,0.9760800045971764
NAR061419009,NAR,CJF_3,CJF,3,R,R-NAR061419009,5,2,0.5586339920406078,0.9760800045971764
NAR061419009,NAR,CJF_3,CJF,3,R,R-NAR061419009,5,3,0.7393352763417618,0.9760800045971764
NAR061419009,NAR,CJF_3,CJF,3,R,R-NAR061419009,5,4,0.8708508170212346,0.9760800045971764
NAR061419009,NAR,CJF_3,CJF,3,R,R-NAR061419009,5,5,0.9539738716207155,0.9760800045971764
NAR061419009,NAR,JRS_1,JRS,1,R,R-NAR061419009,4,1,0.27536910020010713,0.6438774959819306
NAR061419009,NAR,JRS_1,JRS,1,R,R-NAR061419009,4,2,0.40569815182639246,0.6438774959819306
NAR061419009,NAR,JRS_1,JRS,1,R,R-NAR061419009,4,3,0.502391517542269,0.6438774959819306
NAR061419009,NAR,JRS_1,JRS,1,R,R-NAR061419009,4,4,0.58065491070617,0.6438774959819306
NAR061419009,NAR,LEL_1,LEL,1,R,R-NAR061419009,3,1,0.5724377180760573,0.9856715858815097
NAR061419009,NAR,LEL_1,LEL,1,R,R-NAR061419009,3,2,0.7453842936323646,0.9856715858815097
NAR061419009,NAR,LEL_1,LEL,1,R,R-NAR061419009,3,3,0.89891183365162,0.9856715858815097
NAR061419009,NAR,LSR_1,LSR,1,R,R-NAR061419009,4,1,0.41986460563708033,1.0303804434404387
NAR061419009,NAR,LSR_1,LSR,1,R,R-NAR061419009,4,2,0.6061475733366233,1.0303804434404387
NAR061419009,NAR,LSR_1,LSR,1,R,R-NAR061419009,4,3,0.7673955026875409,1.0303804434404387
NAR061419009,NAR,LSR_1,LSR,1,R,R-NAR061419009,4,4,0.8897992879714122,1.0303804434404387
NAR061419009,NAR,MJS_1,MJS,1,R,R-NAR061419009,4,1,0.3682911172769222,1.0015699883382219
NAR061419009,NAR,MJS_1,MJS,1,R,R-NAR061419009,4,2,0.6094179310481577,1.0015699883382219
NAR061419009,NAR,MJS_1,MJS,1,R,R-NAR061419009,4,3,0.7896463043802894,1.0015699883382219
NAR061419009,NAR,MJS_1,MJS,1,R,R-NAR061419009,4,4,0.9039792592346622,1.0015699883382219
NAR061419010,NAR,CJF_1,CJF,1,R,R-NAR061419010,3,1,0.4875890662313786,0.86889924715669975
NAR061419010,NAR,CJF_1,CJF,1,R,R-NAR061419010,3,2,0.6954471254527755,0.86889924715669975
NAR061419010,NAR,CJF_1,CJF,1,R,R-NAR061419010,3,3,0.8446836577088381,0.86889924715669975
NAR061419010,NAR,CJF_2,CJF,2,R,R-NAR061419010,3,1,0.5445583975620997,0.906249561948696
NAR061419010,NAR,CJF_2,CJF,2,R,R-NAR061419010,3,2,0.7473810191684458,0.906249561948696
NAR061419010,NAR,CJF_2,CJF,2,R,R-NAR061419010,3,3,0.8915761040585772,0.906249561948696
NAR061419010,NAR,CJF_3,CJF,3,R,R-NAR061419010,3,1,0.491297757498009,0.8497460698783874
NAR061419010,NAR,CJF_3,CJF,3,R,R-NAR061419010,3,2,0.7124504703504113,0.8497460698783874
NAR061419010,NAR,CJF_3,CJF,3,R,R-NAR061419010,3,3,0.8318682019733145,0.8497460698783874
NAR061419010,NAR,JRS_1,JRS,1,R,R-NAR061419010,2,1,0.5388478054740262,0.8712513578397518
NAR061419010,NAR,JRS_1,JRS,1,R,R-NAR061419010,2,2,0.7209321748135703,0.8712513578397518
NAR061419010,NAR,LEL_1,LEL,1,R,R-NAR061419010,1,1,0.7134593526223534,0.8407524320876892
NAR061419010,NAR,LSR_1,LSR,1,R,R-NAR061419010,1,1,0.45891623948509686,0.5659853872226615
NAR061419010,NAR,MJS_1,MJS,1,R,R-NAR061419010,2,1,0.5543615381200908,0.8841132793882963
NAR061419010,NAR,MJS_1,MJS,1,R,R-NAR061419010,2,2,0.7407435584064104,0.8841132793882963
NAR061419011,NAR,CJF_1,CJF,1,R,R-NAR061419011,3,1,0.4735898159994057,0.8466580247953733
NAR061419011,NAR,CJF_1,CJF,1,R,R-NAR061419011,3,2,0.6868972646020953,0.8466580247953733
NAR061419011,NAR,CJF_1,CJF,1,R,R-NAR061419011,3,3,0.8200003482567363,0.8466580247953733
NAR061419011,NAR,CJF_2,CJF,2,R,R-NAR061419011,3,1,0.5439690298110443,0.9134647940711123
NAR061419011,NAR,CJF_2,CJF,2,R,R-NAR061419011,3,2,0.7643841927384232,0.9134647940711123
NAR061419011,NAR,CJF_2,CJF,2,R,R-NAR061419011,3,3,0.8778534397560342,0.9134647940711123
NAR061419011,NAR,CJF_3,CJF,3,R,R-NAR061419011,3,1,0.5072824924815325,0.8776727135546665
NAR061419011,NAR,CJF_3,CJF,3,R,R-NAR061419011,3,2,0.7278836047655691,0.8776727135546665
NAR061419011,NAR,CJF_3,CJF,3,R,R-NAR061419011,3,3,0.855404753385705,0.8776727135546665
NAR061419011,NAR,JRS_1,JRS,1,R,R-NAR061419011,2,1,0.6596811547309859,0.9998211029831933
NAR061419011,NAR,JRS_1,JRS,1,R,R-NAR061419011,2,2,0.8518721519077,0.9998211029831933
NAR061419011,NAR,LEL_1,LEL,1,R,R-NAR061419011,2,1,0.6129541185912754,0.9399715762735354
NAR061419011,NAR,LEL_1,LEL,1,R,R-NAR061419011,2,2,0.8132116870102989,0.9399715762735354
NAR061419011,NAR,LSR_1,LSR,1,R,R-NAR061419011,2,1,0.6481354050741588,0.9435585934919954
NAR061419011,NAR,LSR_1,LSR,1,R,R-NAR061419011,2,2,0.8077501401047325,0.9435585934919954
NAR061419011,NAR,MJS_1,MJS,1,R,R-NAR061419011,2,1,0.6312605920940839,0.9713674729894359
NAR061419011,NAR,MJS_1,MJS,1,R,R-NAR061419011,2,2,0.8270113506194285,0.9713674729894359
NAR061419012,NAR,CJF_1,CJF,1,R,R-NAR061419012,12,1,0.3363010753336032,1.4398317041990312
NAR061419012,NAR,CJF_1,CJF,1,R,R-NAR061419012,12,2,0.5588661838839295,1.4398317041990312
NAR061419012,NAR,CJF_1,CJF,1,R,R-NAR061419012,12,3,0.6812420011358045,1.4398317041990312
NAR061419012,NAR,CJF_1,CJF,1,R,R-NAR061419012,12,4,0.8012254336614772,1.4398317041990312
NAR061419012,NAR,CJF_1,CJF,1,R,R-NAR061419012,12,5,0.903029990704701,1.4398317041990312
NAR061419012,NAR,CJF_1,CJF,1,R,R-NAR061419012,12,6,0.9756844648525864,1.4398317041990312
NAR061419012,NAR,CJF_1,CJF,1,R,R-NAR061419012,12,7,1.045916040383315,1.4398317041990312
NAR061419012,NAR,CJF_1,CJF,1,R,R-NAR061419012,12,8,1.1248790080555093,1.4398317041990312
NAR061419012,NAR,CJF_1,CJF,1,R,R-NAR061419012,12,9,1.2038114618367473,1.4398317041990312
NAR061419012,NAR,CJF_1,CJF,1,R,R-NAR061419012,12,10,1.2843286674718004,1.4398317041990312
NAR061419012,NAR,CJF_1,CJF,1,R,R-NAR061419012,12,11,1.3695696147773464,1.4398317041990312
NAR061419012,NAR,CJF_1,CJF,1,R,R-NAR061419012,12,12,1.4106511074127375,1.4398317041990312
NAR061419012,NAR,CJF_2,CJF,2,R,R-NAR061419012,11,1,0.5746777366190469,1.4774670792943654
NAR061419012,NAR,CJF_2,CJF,2,R,R-NAR061419012,11,2,0.7111233571566736,1.4774670792943654
NAR061419012,NAR,CJF_2,CJF,2,R,R-NAR061419012,11,3,0.8217019231245878,1.4774670792943654
NAR061419012,NAR,CJF_2,CJF,2,R,R-NAR061419012,11,4,0.91870442581863,1.4774670792943654
NAR061419012,NAR,CJF_2,CJF,2,R,R-NAR061419012,11,5,1.006350849034914,1.4774670792943654
NAR061419012,NAR,CJF_2,CJF,2,R,R-NAR061419012,11,6,1.0804212089773262,1.4774670792943654
NAR061419012,NAR,CJF_2,CJF,2,R,R-NAR061419012,11,7,1.160179008624893,1.4774670792943654
NAR061419012,NAR,CJF_2,CJF,2,R,R-NAR061419012,11,8,1.2390652443120627,1.4774670792943654
NAR061419012,NAR,CJF_2,CJF,2,R,R-NAR061419012,11,9,1.3227673557439878,1.4774670792943654
NAR061419012,NAR,CJF_2,CJF,2,R,R-NAR061419012,11,10,1.3914259479930005,1.4774670792943654
NAR061419012,NAR,CJF_2,CJF,2,R,R-NAR061419012,11,11,1.449123168849336,1.4774670792943654
NAR061419012,NAR,CJF_3,CJF,3,R,R-NAR061419012,12,1,0.3172223411367394,1.4412255877140128
NAR061419012,NAR,CJF_3,CJF,3,R,R-NAR061419012,12,2,0.5507122164435657,1.4412255877140128
NAR061419012,NAR,CJF_3,CJF,3,R,R-NAR061419012,12,3,0.6755100576743266,1.4412255877140128
NAR061419012,NAR,CJF_3,CJF,3,R,R-NAR061419012,12,4,0.7872521034389891,1.4412255877140128
NAR061419012,NAR,CJF_3,CJF,3,R,R-NAR061419012,12,5,0.88746335958185,1.4412255877140128
NAR061419012,NAR,CJF_3,CJF,3,R,R-NAR061419012,12,6,0.9692978364092124,1.4412255877140128
NAR061419012,NAR,CJF_3,CJF,3,R,R-NAR061419012,12,7,1.0450322898593811,1.4412255877140128
NAR061419012,NAR,CJF_3,CJF,3,R,R-NAR061419012,12,8,1.1075244562643252,1.4412255877140128
NAR061419012,NAR,CJF_3,CJF,3,R,R-NAR061419012,12,9,1.202974203295165,1.4412255877140128
NAR061419012,NAR,CJF_3,CJF,3,R,R-NAR061419012,12,10,1.2765143937684493,1.4412255877140128
NAR061419012,NAR,CJF_3,CJF,3,R,R-NAR061419012,12,11,1.3491988355300213,1.4412255877140128
NAR061419012,NAR,CJF_3,CJF,3,R,R-NAR061419012,12,12,1.4147410136235625,1.4412255877140128
NAR061419012,NAR,JRS_1,JRS,1,R,R-NAR061419012,10,1,0.5566799942905785,1.458772626619658
NAR061419012,NAR,JRS_1,JRS,1,R,R-NAR061419012,10,2,0.7196494089079716,1.458772626619658
NAR061419012,NAR,JRS_1,JRS,1,R,R-NAR061419012,10,3,0.832575828753463,1.458772626619658
NAR061419012,NAR,JRS_1,JRS,1,R,R-NAR061419012,10,4,0.9091920838612311,1.458772626619658
NAR061419012,NAR,JRS_1,JRS,1,R,R-NAR061419012,10,5,0.9995411690031764,1.458772626619658
NAR061419012,NAR,JRS_1,JRS,1,R,R-NAR061419012,10,6,1.0646357202441088,1.458772626619658
NAR061419012,NAR,JRS_1,JRS,1,R,R-NAR061419012,10,7,1.1456742276865604,1.458772626619658
NAR061419012,NAR,JRS_1,JRS,1,R,R-NAR061419012,10,8,1.2213980830618392,1.458772626619658
NAR061419012,NAR,JRS_1,JRS,1,R,R-NAR061419012,10,9,1.3002254643369489,1.458772626619658
NAR061419012,NAR,JRS_1,JRS,1,R,R-NAR061419012,10,10,1.3905745494788946,1.458772626619658
NAR061419012,NAR,LEL_1,LEL,1,R,R-NAR061419012,9,1,0.7365333970965,1.4710431615325688
NAR061419012,NAR,LEL_1,LEL,1,R,R-NAR061419012,9,2,0.848805526973577,1.4710431615325688
NAR061419012,NAR,LEL_1,LEL,1,R,R-NAR061419012,9,3,0.9434382837285489,1.4710431615325688
NAR061419012,NAR,LEL_1,LEL,1,R,R-NAR061419012,9,4,1.0209533260290853,1.4710431615325688
NAR061419012,NAR,LEL_1,LEL,1,R,R-NAR061419012,9,5,1.0983327034951824,1.4710431615325688
NAR061419012,NAR,LEL_1,LEL,1,R,R-NAR061419012,9,6,1.1721654736380045,1.4710431615325688
NAR061419012,NAR,LEL_1,LEL,1,R,R-NAR061419012,9,7,1.243588617287164,1.4710431615325688
NAR061419012,NAR,LEL_1,LEL,1,R,R-NAR061419012,9,8,1.3401303425382116,1.4710431615325688
NAR061419012,NAR,LEL_1,LEL,1,R,R-NAR061419012,9,9,1.4081215430284497,1.4710431615325688
NAR061419012,NAR,LSR_1,LSR,1,R,R-NAR061419012,12,1,0.3129332511449303,1.4515127949184217
NAR061419012,NAR,LSR_1,LSR,1,R,R-NAR061419012,12,2,0.5691501145708853,1.4515127949184217
NAR061419012,NAR,LSR_1,LSR,1,R,R-NAR061419012,12,3,0.6879441791899323,1.4515127949184217
NAR061419012,NAR,LSR_1,LSR,1,R,R-NAR061419012,12,4,0.8036347479009647,1.4515127949184217
NAR061419012,NAR,LSR_1,LSR,1,R,R-NAR061419012,12,5,0.8944973493478757,1.4515127949184217
NAR061419012,NAR,LSR_1,LSR,1,R,R-NAR061419012,12,6,0.9847935627915745,1.4515127949184217
NAR061419012,NAR,LSR_1,LSR,1,R,R-NAR061419012,12,7,1.0488497183330054,1.4515127949184217
NAR061419012,NAR,LSR_1,LSR,1,R,R-NAR061419012,12,8,1.1131851885061586,1.4515127949184217
NAR061419012,NAR,LSR_1,LSR,1,R,R-NAR061419012,12,9,1.2034814019498572,1.4515127949184217
NAR061419012,NAR,LSR_1,LSR,1,R,R-NAR061419012,12,10,1.2816429463932166,1.4515127949184217
NAR061419012,NAR,LSR_1,LSR,1,R,R-NAR061419012,12,11,1.3671442586590323,1.4515127949184217
NAR061419012,NAR,LSR_1,LSR,1,R,R-NAR061419012,12,12,1.4139837706507494,1.4515127949184217
NAR061419012,NAR,MJS_1,MJS,1,R,R-NAR061419012,11,1,0.3750903230415332,1.4487015644505192
NAR061419012,NAR,MJS_1,MJS,1,R,R-NAR061419012,11,2,0.5671857421677131,1.4487015644505192
NAR061419012,NAR,MJS_1,MJS,1,R,R-NAR061419012,11,3,0.6955319871268266,1.4487015644505192
NAR061419012,NAR,MJS_1,MJS,1,R,R-NAR061419012,11,4,0.8131715682152684,1.4487015644505192
NAR061419012,NAR,MJS_1,MJS,1,R,R-NAR061419012,11,5,0.9172492756813617,1.4487015644505192
NAR061419012,NAR,MJS_1,MJS,1,R,R-NAR061419012,11,6,0.9915713922301507,1.4487015644505192
NAR061419012,NAR,MJS_1,MJS,1,R,R-NAR061419012,11,7,1.0706223101683598,1.4487015644505192
NAR061419012,NAR,MJS_1,MJS,1,R,R-NAR061419012,11,8,1.141330964930608,1.4487015644505192
NAR061419012,NAR,MJS_1,MJS,1,R,R-NAR061419012,11,9,1.2109242800899753,1.4487015644505192
NAR061419012,NAR,MJS_1,MJS,1,R,R-NAR061419012,11,10,1.3006818618988572,1.4487015644505192
NAR061419012,NAR,MJS_1,MJS,1,R,R-NAR061419012,11,11,1.3713905166611051,1.4487015644505192
NAR061419013,NAR,CJF_1,CJF,1,R,R-NAR061419013,3,1,0.606470568346868,0.9357876476199322
NAR061419013,NAR,CJF_1,CJF,1,R,R-NAR061419013,3,2,0.7969446615666087,0.9357876476199322
NAR061419013,NAR,CJF_1,CJF,1,R,R-NAR061419013,3,3,0.9134521948653627,0.9357876476199322
NAR061419013,NAR,CJF_2,CJF,2,R,R-NAR061419013,3,1,0.6187448385280564,0.9518393826123344
NAR061419013,NAR,CJF_2,CJF,2,R,R-NAR061419013,3,2,0.8275152004509398,0.9518393826123344
NAR061419013,NAR,CJF_2,CJF,2,R,R-NAR061419013,3,3,0.9381558672322262,0.9518393826123344
NAR061419013,NAR,CJF_3,CJF,3,R,R-NAR061419013,3,1,0.5967354219182037,0.9432710860227789
NAR061419013,NAR,CJF_3,CJF,3,R,R-NAR061419013,3,2,0.8041069600695532,0.9432710860227789
NAR061419013,NAR,CJF_3,CJF,3,R,R-NAR061419013,3,3,0.927916474796663,0.9432710860227789
NAR061419013,NAR,JRS_1,JRS,1,R,R-NAR061419013,2,1,0.35206656923661783,0.5781206155159135
NAR061419013,NAR,JRS_1,JRS,1,R,R-NAR061419013,2,2,0.4780639065070599,0.5781206155159135
NAR061419013,NAR,LEL_1,LEL,1,R,R-NAR061419013,3,1,0.38076134115618254,0.9123356158033595
NAR061419013,NAR,LEL_1,LEL,1,R,R-NAR061419013,3,2,0.6219055502708462,0.9123356158033595
NAR061419013,NAR,LEL_1,LEL,1,R,R-NAR061419013,3,3,0.8126561900763289,0.9123356158033595
NAR061419013,NAR,LSR_1,LSR,1,R,R-NAR061419013,2,1,0.406217424513299,0.5716102432682235
NAR061419013,NAR,LSR_1,LSR,1,R,R-NAR061419013,2,2,0.5114040918286361,0.5716102432682235
NAR061419013,NAR,MJS_1,MJS,1,R,R-NAR061419013,2,1,0.3343515903070505,0.5469037960995105
NAR061419013,NAR,MJS_1,MJS,1,R,R-NAR061419013,2,2,0.4528171450994521,0.5469037960995105
NAR061419014,NAR,CJF_1,CJF,1,R,R-NAR061419014,4,1,0.4400129996087736,0.954176375545696
NAR061419014,NAR,CJF_1,CJF,1,R,R-NAR061419014,4,2,0.6980596194830423,0.954176375545696
NAR061419014,NAR,CJF_1,CJF,1,R,R-NAR061419014,4,3,0.8318217947211423,0.954176375545696
NAR061419014,NAR,CJF_1,CJF,1,R,R-NAR061419014,4,4,0.9362928358727106,0.954176375545696
NAR061419014,NAR,CJF_2,CJF,2,R,R-NAR061419014,4,1,0.4288464852974188,0.9555929505617959
NAR061419014,NAR,CJF_2,CJF,2,R,R-NAR061419014,4,2,0.6808236340322475,0.9555929505617959
NAR061419014,NAR,CJF_2,CJF,2,R,R-NAR061419014,4,3,0.8212666060345275,0.9555929505617959
NAR061419014,NAR,CJF_2,CJF,2,R,R-NAR061419014,4,4,0.9294520985564244,0.9555929505617959
NAR061419014,NAR,CJF_3,CJF,3,R,R-NAR061419014,4,1,0.38501901723955884,0.892186051613219
NAR061419014,NAR,CJF_3,CJF,3,R,R-NAR061419014,4,2,0.6300303938300887,0.892186051613219
NAR061419014,NAR,CJF_3,CJF,3,R,R-NAR061419014,4,3,0.7750374525543242,0.892186051613219
NAR061419014,NAR,CJF_3,CJF,3,R,R-NAR061419014,4,4,0.8740504555787987,0.892186051613219
NAR061419014,NAR,JRS_1,JRS,1,R,R-NAR061419014,3,1,0.4737598103770858,0.977268767422929
NAR061419014,NAR,JRS_1,JRS,1,R,R-NAR061419014,3,2,0.713825158063882,0.977268767422929
NAR061419014,NAR,JRS_1,JRS,1,R,R-NAR061419014,3,3,0.8516918837099038,0.977268767422929
NAR061419014,NAR,LEL_1,LEL,1,R,R-NAR061419014,3,1,0.3227730380220736,0.6004255549158075
NAR061419014,NAR,LEL_1,LEL,1,R,R-NAR061419014,3,2,0.4383455825014788,0.6004255549158075
NAR061419014,NAR,LEL_1,LEL,1,R,R-NAR061419014,3,3,0.5273550163029463,0.6004255549158075
NAR061419014,NAR,LSR_1,LSR,1,R,R-NAR061419014,3,1,0.45406050633915174,0.9754309655066334
NAR061419014,NAR,LSR_1,LSR,1,R,R-NAR061419014,3,2,0.701308783157411,0.9754309655066334
NAR061419014,NAR,LSR_1,LSR,1,R,R-NAR061419014,3,3,0.8570856299696571,0.9754309655066334
NAR061419014,NAR,MJS_1,MJS,1,R,R-NAR061419014,3,1,0.455557904920293,0.9471754658179072
NAR061419014,NAR,MJS_1,MJS,1,R,R-NAR061419014,3,2,0.6770589848153122,0.9471754658179072
NAR061419014,NAR,MJS_1,MJS,1,R,R-NAR061419014,3,3,0.8432150062313237,0.9471754658179072
NAR061419015,NAR,CJF_1,CJF,1,R,R-NAR061419015,5,1,0.4268930670045506,1.0949900081544184
NAR061419015,NAR,CJF_1,CJF,1,R,R-NAR061419015,5,2,0.6780579402795792,1.0949900081544184
NAR061419015,NAR,CJF_1,CJF,1,R,R-NAR061419015,5,3,0.8514650784245534,1.0949900081544184
NAR061419015,NAR,CJF_1,CJF,1,R,R-NAR061419015,5,4,0.9725507664979668,1.0949900081544184
NAR061419015,NAR,CJF_1,CJF,1,R,R-NAR061419015,5,5,1.0572716683816654,1.0949900081544184
NAR061419015,NAR,CJF_2,CJF,2,R,R-NAR061419015,4,1,0.6748308780998235,1.0698677991115482
NAR061419015,NAR,CJF_2,CJF,2,R,R-NAR061419015,4,2,0.8275194288327092,1.0698677991115482
NAR061419015,NAR,CJF_2,CJF,2,R,R-NAR061419015,4,3,0.9552442550260888,1.0698677991115482
NAR061419015,NAR,CJF_2,CJF,2,R,R-NAR061419015,4,4,1.0432367107525276,1.0698677991115482
NAR061419015,NAR,CJF_3,CJF,3,R,R-NAR061419015,5,1,0.5032580000113553,1.0954939534699997
NAR061419015,NAR,CJF_3,CJF,3,R,R-NAR061419015,5,2,0.6555706877875949,1.0954939534699997
NAR061419015,NAR,CJF_3,CJF,3,R,R-NAR061419015,5,3,0.8493103388718427,1.0954939534699997
NAR061419015,NAR,CJF_3,CJF,3,R,R-NAR061419015,5,4,0.9721285435254705,1.0954939534699997
NAR061419015,NAR,CJF_3,CJF,3,R,R-NAR061419015,5,5,1.0623271369454208,1.0954939534699997
NAR061419015,NAR,JRS_1,JRS,1,R,R-NAR061419015,3,1,0.3956603671149797,1.0354698877304478
NAR061419015,NAR,JRS_1,JRS,1,R,R-NAR061419015,3,2,0.6605457344650689,1.0354698877304478
NAR061419015,NAR,JRS_1,JRS,1,R,R-NAR061419015,3,3,0.8256319496026333,1.0354698877304478
NAR061419015,NAR,LEL_1,LEL,1,R,R-NAR061419015,3,1,0.458339135528192,1.0255273350277794
NAR061419015,NAR,LEL_1,LEL,1,R,R-NAR061419015,3,2,0.6618866635111625,1.0255273350277794
NAR061419015,NAR,LEL_1,LEL,1,R,R-NAR061419015,3,3,0.8390530622867518,1.0255273350277794
NAR061419015,NAR,LSR_1,LSR,1,R,R-NAR061419015,4,1,0.2523537323227709,0.6031517613557583
NAR061419015,NAR,LSR_1,LSR,1,R,R-NAR061419015,4,2,0.4258924993579678,0.6031517613557583
NAR061419015,NAR,LSR_1,LSR,1,R,R-NAR061419015,4,3,0.49457283636743843,0.6031517613557583
NAR061419015,NAR,LSR_1,LSR,1,R,R-NAR061419015,4,4,0.5585058218046399,0.6031517613557583
NAR061419015,NAR,MJS_1,MJS,1,R,R-NAR061419015,4,1,0.5168378126819024,1.0715360011721975
NAR061419015,NAR,MJS_1,MJS,1,R,R-NAR061419015,4,2,0.6491458237691548,1.0715360011721975
NAR061419015,NAR,MJS_1,MJS,1,R,R-NAR061419015,4,3,0.8394127873693359,1.0715360011721975
NAR061419015,NAR,MJS_1,MJS,1,R,R-NAR061419015,4,4,0.9728214191762212,1.0715360011721975
NAR061419016,NAR,CJF_1,CJF,1,R,R-NAR061419016,4,1,0.4249934910250064,0.8682941176926673
NAR061419016,NAR,CJF_1,CJF,1,R,R-NAR061419016,4,2,0.6123433241987637,0.8682941176926673
NAR061419016,NAR,CJF_1,CJF,1,R,R-NAR061419016,4,3,0.755647623386607,0.8682941176926673
NAR061419016,NAR,CJF_1,CJF,1,R,R-NAR061419016,4,4,0.8521183829952147,0.8682941176926673
NAR061419016,NAR,CJF_2,CJF,2,R,R-NAR061419016,4,1,0.34909048156508876,0.7844758327339414
NAR061419016,NAR,CJF_2,CJF,2,R,R-NAR061419016,4,2,0.5207820873730136,0.7844758327339414
NAR061419016,NAR,CJF_2,CJF,2,R,R-NAR061419016,4,3,0.6682974132845811,0.7844758327339414
NAR061419016,NAR,CJF_2,CJF,2,R,R-NAR061419016,4,4,0.7747391828019767,0.7844758327339414
NAR061419016,NAR,CJF_3,CJF,3,R,R-NAR061419016,4,1,0.4534842511658675,0.8904083803375117
NAR061419016,NAR,CJF_3,CJF,3,R,R-NAR061419016,4,2,0.6211314694087553,0.8904083803375117
NAR061419016,NAR,CJF_3,CJF,3,R,R-NAR061419016,4,3,0.7790339575099096,0.8904083803375117
NAR061419016,NAR,CJF_3,CJF,3,R,R-NAR061419016,4,4,0.8720900880570154,0.8904083803375117
NAR061419016,NAR,JRS_1,JRS,1,R,R-NAR061419016,3,1,0.2954720738051046,0.7110626911830762
NAR061419016,NAR,JRS_1,JRS,1,R,R-NAR061419016,3,2,0.45933340879021367,0.7110626911830762
NAR061419016,NAR,JRS_1,JRS,1,R,R-NAR061419016,3,3,0.6163390042332062,0.7110626911830762
NAR061419016,NAR,LEL_1,LEL,1,R,R-NAR061419016,3,1,0.33607044888568505,0.7652142151519955
NAR061419016,NAR,LEL_1,LEL,1,R,R-NAR061419016,3,2,0.5236949789295973,0.7652142151519955
NAR061419016,NAR,LEL_1,LEL,1,R,R-NAR061419016,3,3,0.6421727199397599,0.7652142151519955
NAR061419016,NAR,LSR_1,LSR,1,R,R-NAR061419016,4,1,0.25827607751760046,0.5949871721493107
NAR061419016,NAR,LSR_1,LSR,1,R,R-NAR061419016,4,2,0.3589784343148282,0.5949871721493107
NAR061419016,NAR,LSR_1,LSR,1,R,R-NAR061419016,4,3,0.4677047450307701,0.5949871721493107
NAR061419016,NAR,LSR_1,LSR,1,R,R-NAR061419016,4,4,0.5449367474295336,0.5949871721493107
NAR061419016,NAR,MJS_1,MJS,1,R,R-NAR061419016,3,1,0.4486163325721801,0.9162674338329899
NAR061419016,NAR,MJS_1,MJS,1,R,R-NAR061419016,3,2,0.6493732060254266,0.9162674338329899
NAR061419016,NAR,MJS_1,MJS,1,R,R-NAR061419016,3,3,0.7992527919760999,0.9162674338329899
NAR061419017,NAR,CJF_1,CJF,1,R,R-NAR061419017,9,1,0.4605756810768114,1.4298070231390214
NAR061419017,NAR,CJF_1,CJF,1,R,R-NAR061419017,9,2,0.6555118062584658,1.4298070231390214
NAR061419017,NAR,CJF_1,CJF,1,R,R-NAR061419017,9,3,0.8103812815162981,1.4298070231390214
NAR061419017,NAR,CJF_1,CJF,1,R,R-NAR061419017,9,4,0.9310506659652156,1.4298070231390214
NAR061419017,NAR,CJF_1,CJF,1,R,R-NAR061419017,9,5,1.037683683088644,1.4298070231390214
NAR061419017,NAR,CJF_1,CJF,1,R,R-NAR061419017,9,6,1.1301760140693726,1.4298070231390214
NAR061419017,NAR,CJF_1,CJF,1,R,R-NAR061419017,9,7,1.2146028556567299,1.4298070231390214
NAR061419017,NAR,CJF_1,CJF,1,R,R-NAR061419017,9,8,1.3069908678202466,1.4298070231390214
NAR061419017,NAR,CJF_1,CJF,1,R,R-NAR061419017,9,9,1.389583894989382,1.4298070231390214
NAR061419017,NAR,CJF_2,CJF,2,R,R-NAR061419017,9,1,0.4856135186558393,1.4425285377868546
NAR061419017,NAR,CJF_2,CJF,2,R,R-NAR061419017,9,2,0.7067321364239301,1.4425285377868546
NAR061419017,NAR,CJF_2,CJF,2,R,R-NAR061419017,9,3,0.8371865720292353,1.4425285377868546
NAR061419017,NAR,CJF_2,CJF,2,R,R-NAR061419017,9,4,0.9387234855547693,1.4425285377868546
NAR061419017,NAR,CJF_2,CJF,2,R,R-NAR061419017,9,5,1.0463731578921267,1.4425285377868546
NAR061419017,NAR,CJF_2,CJF,2,R,R-NAR061419017,9,6,1.127485294425175,1.4425285377868546
NAR061419017,NAR,CJF_2,CJF,2,R,R-NAR061419017,9,7,1.2230561919981089,1.4425285377868546
NAR061419017,NAR,CJF_2,CJF,2,R,R-NAR061419017,9,8,1.3165405890140272,1.4425285377868546
NAR061419017,NAR,CJF_2,CJF,2,R,R-NAR061419017,9,9,1.4079384854729309,1.4425285377868546
NAR061419017,NAR,CJF_3,CJF,3,R,R-NAR061419017,9,1,0.4558467540921176,1.419621007724994
NAR061419017,NAR,CJF_3,CJF,3,R,R-NAR061419017,9,2,0.6759186627568249,1.419621007724994
NAR061419017,NAR,CJF_3,CJF,3,R,R-NAR061419017,9,3,0.805724666551997,1.419621007724994
NAR061419017,NAR,CJF_3,CJF,3,R,R-NAR061419017,9,4,0.903672385591555,1.419621007724994
NAR061419017,NAR,CJF_3,CJF,3,R,R-NAR061419017,9,5,1.0056306659274528,1.419621007724994
NAR061419017,NAR,CJF_3,CJF,3,R,R-NAR061419017,9,6,1.1175870738023126,1.419621007724994
NAR061419017,NAR,CJF_3,CJF,3,R,R-NAR061419017,9,7,1.205649768110461,1.419621007724994
NAR061419017,NAR,CJF_3,CJF,3,R,R-NAR061419017,9,8,1.2716826509906283,1.419621007724994
NAR061419017,NAR,CJF_3,CJF,3,R,R-NAR061419017,9,9,1.37759494121909,1.419621007724994
NAR061419017,NAR,JRS_1,JRS,1,R,R-NAR061419017,8,1,0.48866608689488,1.436488471811531
NAR061419017,NAR,JRS_1,JRS,1,R,R-NAR061419017,8,2,0.7009745025721983,1.436488471811531
NAR061419017,NAR,JRS_1,JRS,1,R,R-NAR061419017,8,3,0.8511803289890636,1.436488471811531
NAR061419017,NAR,JRS_1,JRS,1,R,R-NAR061419017,8,4,0.9667046455844884,1.436488471811531
NAR061419017,NAR,JRS_1,JRS,1,R,R-NAR061419017,8,5,1.0659325619862412,1.436488471811531
NAR061419017,NAR,JRS_1,JRS,1,R,R-NAR061419017,8,6,1.1573318753883457,1.436488471811531
NAR061419017,NAR,JRS_1,JRS,1,R,R-NAR061419017,8,7,1.2484471024818384,1.436488471811531
NAR061419017,NAR,JRS_1,JRS,1,R,R-NAR061419017,8,8,1.3452312015637324,1.436488471811531
NAR061419017,NAR,LEL_1,LEL,1,R,R-NAR061419017,7,1,0.6970376391640752,1.4349530034299491
NAR061419017,NAR,LEL_1,LEL,1,R,R-NAR061419017,7,2,0.8308412775292032,1.4349530034299491
NAR061419017,NAR,LEL_1,LEL,1,R,R-NAR061419017,7,3,0.940145426475839,1.4349530034299491
NAR061419017,NAR,LEL_1,LEL,1,R,R-NAR061419017,7,4,1.025942434360051,1.4349530034299491
NAR061419017,NAR,LEL_1,LEL,1,R,R-NAR061419017,7,5,1.1529267621458867,1.4349530034299491
NAR061419017,NAR,LEL_1,LEL,1,R,R-NAR061419017,7,6,1.2515311966281863,1.4349530034299491
NAR061419017,NAR,LEL_1,LEL,1,R,R-NAR061419017,7,7,1.3400805318284392,1.4349530034299491
NAR061419017,NAR,LSR_1,LSR,1,R,R-NAR061419017,9,1,0.4741673729277871,1.444443968453636
NAR061419017,NAR,LSR_1,LSR,1,R,R-NAR061419017,9,2,0.674651437235553,1.444443968453636
NAR061419017,NAR,LSR_1,LSR,1,R,R-NAR061419017,9,3,0.8237926570688471,1.444443968453636
NAR061419017,NAR,LSR_1,LSR,1,R,R-NAR061419017,9,4,0.943105632935482,1.444443968453636
NAR061419017,NAR,LSR_1,LSR,1,R,R-NAR061419017,9,5,1.0487049527581958,1.444443968453636
NAR061419017,NAR,LSR_1,LSR,1,R,R-NAR061419017,9,6,1.121989646902943,1.444443968453636
NAR061419017,NAR,LSR_1,LSR,1,R,R-NAR061419017,9,7,1.2167889415555033,1.444443968453636
NAR061419017,NAR,LSR_1,LSR,1,R,R-NAR061419017,9,8,1.2927309170765424,1.444443968453636
NAR061419017,NAR,LSR_1,LSR,1,R,R-NAR061419017,9,9,1.4011584179405323,1.444443968453636
NAR061419017,NAR,MJS_1,MJS,1,R,R-NAR061419017,7,1,0.7050679125481233,1.4349098082480152
NAR061419017,NAR,MJS_1,MJS,1,R,R-NAR061419017,7,2,0.8371958226908862,1.4349098082480152
NAR061419017,NAR,MJS_1,MJS,1,R,R-NAR061419017,7,3,0.9541900753646314,1.4349098082480152
NAR061419017,NAR,MJS_1,MJS,1,R,R-NAR061419017,7,4,1.0511562220387969,1.4349098082480152
NAR061419017,NAR,MJS_1,MJS,1,R,R-NAR061419017,7,5,1.1552591811457633,1.4349098082480152
NAR061419017,NAR,MJS_1,MJS,1,R,R-NAR061419017,7,6,1.2539813864357956,1.4349098082480152
NAR061419017,NAR,MJS_1,MJS,1,R,R-NAR061419017,7,7,1.341568356774918,1.4349098082480152
NAR061419018,NAR,CJF_1,CJF,1,R,R-NAR061419018,6,1,0.45601488453475814,1.2391072168864983
NAR061419018,NAR,CJF_1,CJF,1,R,R-NAR061419018,6,2,0.6476995131903923,1.2391072168864983
NAR061419018,NAR,CJF_1,CJF,1,R,R-NAR061419018,6,3,0.8148963782529843,1.2391072168864983
NAR061419018,NAR,CJF_1,CJF,1,R,R-NAR061419018,6,4,0.9694834927419995,1.2391072168864983
NAR061419018,NAR,CJF_1,CJF,1,R,R-NAR061419018,6,5,1.0888667447967038,1.2391072168864983
NAR061419018,NAR,CJF_1,CJF,1,R,R-NAR061419018,6,6,1.2230976497798551,1.2391072168864983
NAR061419018,NAR,CJF_2,CJF,2,R,R-NAR061419018,6,1,0.49800567738191903,1.258963221555275
NAR061419018,NAR,CJF_2,CJF,2,R,R-NAR061419018,6,2,0.6867084198592945,1.258963221555275
NAR061419018,NAR,CJF_2,CJF,2,R,R-NAR061419018,6,3,0.8410012164575851,1.258963221555275
NAR061419018,NAR,CJF_2,CJF,2,R,R-NAR061419018,6,4,0.9855128894180931,1.258963221555275
NAR061419018,NAR,CJF_2,CJF,2,R,R-NAR061419018,6,5,1.120246096564935,1.258963221555275
NAR061419018,NAR,CJF_2,CJF,2,R,R-NAR061419018,6,6,1.2274545363974507,1.258963221555275
NAR061419018,NAR,CJF_3,CJF,3,R,R-NAR061419018,6,1,0.4831225625713988,1.278158200063429
NAR061419018,NAR,CJF_3,CJF,3,R,R-NAR061419018,6,2,0.6851778141495833,1.278158200063429
NAR061419018,NAR,CJF_3,CJF,3,R,R-NAR061419018,6,3,0.8603829080117682,1.278158200063429
NAR061419018,NAR,CJF_3,CJF,3,R,R-NAR061419018,6,4,1.0087578748597974,1.278158200063429
NAR061419018,NAR,CJF_3,CJF,3,R,R-NAR061419018,6,5,1.129044072401681,1.278158200063429
NAR061419018,NAR,CJF_3,CJF,3,R,R-NAR061419018,6,6,1.2617564472487106,1.278158200063429
NAR061419018,NAR,JRS_1,JRS,1,R,R-NAR061419018,5,1,0.4794347798032096,1.2571317536217927
NAR061419018,NAR,JRS_1,JRS,1,R,R-NAR061419018,5,2,0.6942969868701998,1.2571317536217927
NAR061419018,NAR,JRS_1,JRS,1,R,R-NAR061419018,5,3,0.8410326485627085,1.2571317536217927
NAR061419018,NAR,JRS_1,JRS,1,R,R-NAR061419018,5,4,0.9759890589958307,1.2571317536217927
NAR061419018,NAR,JRS_1,JRS,1,R,R-NAR061419018,5,5,1.1109454694289527,1.2571317536217927
NAR061419018,NAR,LEL_1,LEL,1,R,R-NAR061419018,5,1,0.48727399152606593,1.256023627503905
NAR061419018,NAR,LEL_1,LEL,1,R,R-NAR061419018,5,2,0.6737939096208044,1.256023627503905
NAR061419018,NAR,LEL_1,LEL,1,R,R-NAR061419018,5,3,0.8416926680389726,1.256023627503905
NAR061419018,NAR,LEL_1,LEL,1,R,R-NAR061419018,5,4,0.9825914220368613,1.256023627503905
NAR061419018,NAR,LEL_1,LEL,1,R,R-NAR061419018,5,5,1.1200850992004454,1.256023627503905
NAR061419018,NAR,LSR_1,LSR,1,R,R-NAR061419018,6,1,0.5359767937199698,1.3716666139266207
NAR061419018,NAR,LSR_1,LSR,1,R,R-NAR061419018,6,2,0.742757294869467,1.3716666139266207
NAR061419018,NAR,LSR_1,LSR,1,R,R-NAR061419018,6,3,0.8997152611171344,1.3716666139266207
NAR061419018,NAR,LSR_1,LSR,1,R,R-NAR061419018,6,4,1.0388634129182128,1.3716666139266207
NAR061419018,NAR,LSR_1,LSR,1,R,R-NAR061419018,6,5,1.1899097440995823,1.3716666139266207
NAR061419018,NAR,LSR_1,LSR,1,R,R-NAR061419018,6,6,1.324298624148545,1.3716666139266207
NAR061419018,NAR,MJS_1,MJS,1,R,R-NAR061419018,5,1,0.5024399792528552,1.3014410563513001
NAR061419018,NAR,MJS_1,MJS,1,R,R-NAR061419018,5,2,0.7175176863250134,1.3014410563513001
NAR061419018,NAR,MJS_1,MJS,1,R,R-NAR061419018,5,3,0.8686691007360547,1.3014410563513001
NAR061419018,NAR,MJS_1,MJS,1,R,R-NAR061419018,5,4,1.0241397435737176,1.3014410563513001
NAR061419018,NAR,MJS_1,MJS,1,R,R-NAR061419018,5,5,1.1512552172325103,1.3014410563513001
NAR061419019,NAR,CJF_1,CJF,1,R,R-NAR061419019,15,1,0.45331987758450676,1.644654341656603
NAR061419019,NAR,CJF_1,CJF,1,R,R-NAR061419019,15,2,0.5999918792618075,1.644654341656603
NAR061419019,NAR,CJF_1,CJF,1,R,R-NAR061419019,15,3,0.7027300966309761,1.644654341656603
NAR061419019,NAR,CJF_1,CJF,1,R,R-NAR061419019,15,4,0.8156569343520745,1.644654341656603
NAR061419019,NAR,CJF_1,CJF,1,R,R-NAR061419019,15,5,0.8909536929660902,1.644654341656603
NAR061419019,NAR,CJF_1,CJF,1,R,R-NAR061419019,15,6,0.9568314941783821,1.644654341656603
NAR061419019,NAR,CJF_1,CJF,1,R,R-NAR061419019,15,7,1.0305614765920978,1.644654341656603
NAR061419019,NAR,CJF_1,CJF,1,R,R-NAR061419019,15,8,1.094084538453959,1.644654341656603
NAR061419019,NAR,CJF_1,CJF,1,R,R-NAR061419019,15,9,1.1881917615715347,1.644654341656603
NAR061419019,NAR,CJF_1,CJF,1,R,R-NAR061419019,15,10,1.251723973533358,1.644654341656603
NAR061419019,NAR,CJF_1,CJF,1,R,R-NAR061419019,15,11,1.3074040042937574,1.644654341656603
NAR061419019,NAR,CJF_1,CJF,1,R,R-NAR061419019,15,12,1.4023083406614267,1.644654341656603
NAR061419019,NAR,CJF_1,CJF,1,R,R-NAR061419019,15,13,1.4760291729751804,1.644654341656603
NAR061419019,NAR,CJF_1,CJF,1,R,R-NAR061419019,15,14,1.541906974187472,1.644654341656603
NAR061419019,NAR,CJF_1,CJF,1,R,R-NAR061419019,15,15,1.6187705090017874,1.644654341656603
NAR061419019,NAR,CJF_2,CJF,2,R,R-NAR061419019,15,1,0.4332336489756456,1.6311363859206058
NAR061419019,NAR,CJF_2,CJF,2,R,R-NAR061419019,15,2,0.5698668064280721,1.6311363859206058
NAR061419019,NAR,CJF_2,CJF,2,R,R-NAR061419019,15,3,0.6734813997712313,1.6311363859206058
NAR061419019,NAR,CJF_2,CJF,2,R,R-NAR061419019,15,4,0.7870905872539893,1.6311363859206058
NAR061419019,NAR,CJF_2,CJF,2,R,R-NAR061419019,15,5,0.8579833661772768,1.6311363859206058
NAR061419019,NAR,CJF_2,CJF,2,R,R-NAR061419019,15,6,0.9225143176833288,1.6311363859206058
NAR061419019,NAR,CJF_2,CJF,2,R,R-NAR061419019,15,7,0.9955247153102935,1.6311363859206058
NAR061419019,NAR,CJF_2,CJF,2,R,R-NAR061419019,15,8,1.0630859628537148,1.6311363859206058
NAR061419019,NAR,CJF_2,CJF,2,R,R-NAR061419019,15,9,1.1536711803668045,1.6311363859206058
NAR061419019,NAR,CJF_2,CJF,2,R,R-NAR061419019,15,10,1.2172939401922658,1.6311363859206058
NAR061419019,NAR,CJF_2,CJF,2,R,R-NAR061419019,15,11,1.2797027873415379,1.6311363859206058
NAR061419019,NAR,CJF_2,CJF,2,R,R-NAR061419019,15,12,1.3748334489106822,1.6311363859206058
NAR061419019,NAR,CJF_2,CJF,2,R,R-NAR061419019,15,13,1.4608732223677172,1.6311363859206058
NAR061419019,NAR,CJF_2,CJF,2,R,R-NAR061419019,15,14,1.5214656861558082,1.6311363859206058
NAR061419019,NAR,CJF_2,CJF,2,R,R-NAR061419019,15,15,1.6099287993121187,1.6311363859206058
NAR061419019,NAR,CJF_3,CJF,3,R,R-NAR061419019,13,1,0.35772703265713945,1.5809175064620364
NAR061419019,NAR,CJF_3,CJF,3,R,R-NAR061419019,13,2,0.6247116264869512,1.5809175064620364
NAR061419019,NAR,CJF_3,CJF,3,R,R-NAR061419019,13,3,0.7410243250216291,1.5809175064620364
NAR061419019,NAR,CJF_3,CJF,3,R,R-NAR061419019,13,4,0.8841787093908442,1.5809175064620364
NAR061419019,NAR,CJF_3,CJF,3,R,R-NAR061419019,13,5,0.953188153045492,1.5809175064620364
NAR061419019,NAR,CJF_3,CJF,3,R,R-NAR061419019,13,6,1.02100658976714,1.5809175064620364
NAR061419019,NAR,CJF_3,CJF,3,R,R-NAR061419019,13,7,1.1080955886012809,1.5809175064620364
NAR061419019,NAR,CJF_3,CJF,3,R,R-NAR061419019,13,8,1.1882491767769716,1.5809175064620364
NAR061419019,NAR,CJF_3,CJF,3,R,R-NAR061419019,13,9,1.2464055260443103,1.5809175064620364
NAR061419019,NAR,CJF_3,CJF,3,R,R-NAR061419019,13,10,1.324468150487736,1.5809175064620364
NAR061419019,NAR,CJF_3,CJF,3,R,R-NAR061419019,13,11,1.399513048001569,1.5809175064620364
NAR061419019,NAR,CJF_3,CJF,3,R,R-NAR061419019,13,12,1.4832932697723833,1.5809175064620364
NAR061419019,NAR,CJF_3,CJF,3,R,R-NAR061419019,13,13,1.5534937203600303,1.5809175064620364
NAR061419019,NAR,JRS_1,JRS,1,R,R-NAR061419019,14,1,0.4307503485384718,1.6328431595599975
NAR061419019,NAR,JRS_1,JRS,1,R,R-NAR061419019,14,2,0.5778358334052668,1.6328431595599975
NAR061419019,NAR,JRS_1,JRS,1,R,R-NAR061419019,14,3,0.6966195910844177,1.6328431595599975
NAR061419019,NAR,JRS_1,JRS,1,R,R-NAR061419019,14,4,0.7955712656049809,1.6328431595599975
NAR061419019,NAR,JRS_1,JRS,1,R,R-NAR061419019,14,5,0.8723305990364766,1.6328431595599975
NAR061419019,NAR,JRS_1,JRS,1,R,R-NAR061419019,14,6,0.9551993185665488,1.6328431595599975
NAR061419019,NAR,JRS_1,JRS,1,R,R-NAR061419019,14,7,1.0150193639399343,1.6328431595599975
NAR061419019,NAR,JRS_1,JRS,1,R,R-NAR061419019,14,8,1.0885621063733317,1.6328431595599975
NAR061419019,NAR,JRS_1,JRS,1,R,R-NAR061419019,14,9,1.1758275458667413,1.6328431595599975
NAR061419019,NAR,JRS_1,JRS,1,R,R-NAR061419019,14,10,1.255803470296335,1.6328431595599975
NAR061419019,NAR,JRS_1,JRS,1,R,R-NAR061419019,14,11,1.3156235156697205,1.6328431595599975
NAR061419019,NAR,JRS_1,JRS,1,R,R-NAR061419019,14,12,1.399672364165032,1.6328431595599975
NAR061419019,NAR,JRS_1,JRS,1,R,R-NAR061419019,14,13,1.4805046216622455,1.6328431595599975
NAR061419019,NAR,JRS_1,JRS,1,R,R-NAR061419019,14,14,1.558120288161361,1.6328431595599975
NAR061419019,NAR,LEL_1,LEL,1,R,R-NAR061419019,14,1,0.3903181767944354,1.5981788084769526
NAR061419019,NAR,LEL_1,LEL,1,R,R-NAR061419019,14,2,0.5250184345271908,1.5981788084769526
NAR061419019,NAR,LEL_1,LEL,1,R,R-NAR061419019,14,3,0.6328539525513227,1.5981788084769526
NAR061419019,NAR,LEL_1,LEL,1,R,R-NAR061419019,14,4,0.7621974570378228,1.5981788084769526
NAR061419019,NAR,LEL_1,LEL,1,R,R-NAR061419019,14,5,0.8197491447456643,1.5981788084769526
NAR061419019,NAR,LEL_1,LEL,1,R,R-NAR061419019,14,6,0.8965211555809425,1.5981788084769526
NAR061419019,NAR,LEL_1,LEL,1,R,R-NAR061419019,14,7,0.9574375189123915,1.5981788084769526
NAR061419019,NAR,LEL_1,LEL,1,R,R-NAR061419019,14,8,1.057547646877985,1.5981788084769526
NAR061419019,NAR,LEL_1,LEL,1,R,R-NAR061419019,14,9,1.1204560878320808,1.5981788084769526
NAR061419019,NAR,LEL_1,LEL,1,R,R-NAR061419019,14,10,1.1760966713946255,1.5981788084769526
NAR061419019,NAR,LEL_1,LEL,1,R,R-NAR061419019,14,11,1.2625051764337383,1.5981788084769526
NAR061419019,NAR,LEL_1,LEL,1,R,R-NAR061419019,14,12,1.361080759443671,1.5981788084769526
NAR061419019,NAR,LEL_1,LEL,1,R,R-NAR061419019,14,13,1.4390634213252074,1.5981788084769526
NAR061419019,NAR,LEL_1,LEL,1,R,R-NAR061419019,14,14,1.516211991350121,1.5981788084769526
NAR061419019,NAR,LSR_1,LSR,1,R,R-NAR061419019,13,1,0.4578425362341814,1.3340687249490026
NAR061419019,NAR,LSR_1,LSR,1,R,R-NAR061419019,13,2,0.5426358188479077,1.3340687249490026
NAR061419019,NAR,LSR_1,LSR,1,R,R-NAR061419019,13,3,0.6115046172965941,1.3340687249490026
NAR061419019,NAR,LSR_1,LSR,1,R,R-NAR061419019,13,4,0.6755548806158215,1.3340687249490026
NAR061419019,NAR,LSR_1,LSR,1,R,R-NAR061419019,13,5,0.7498004902527694,1.3340687249490026
NAR061419019,NAR,LSR_1,LSR,1,R,R-NAR061419019,13,6,0.8334772207488953,1.3340687249490026
NAR061419019,NAR,LSR_1,LSR,1,R,R-NAR061419019,13,7,0.8880963632089401,1.3340687249490026
NAR061419019,NAR,LSR_1,LSR,1,R,R-NAR061419019,13,8,0.9473280913987062,1.3340687249490026
NAR061419019,NAR,LSR_1,LSR,1,R,R-NAR061419019,13,9,1.0167551659061929,1.3340687249490026
NAR061419019,NAR,LSR_1,LSR,1,R,R-NAR061419019,13,10,1.0702577562486362,1.3340687249490026
NAR061419019,NAR,LSR_1,LSR,1,R,R-NAR061419019,13,11,1.1624550048860856,1.3340687249490026
NAR061419019,NAR,LSR_1,LSR,1,R,R-NAR061419019,13,12,1.239286045417293,1.3340687249490026
NAR061419019,NAR,LSR_1,LSR,1,R,R-NAR061419019,13,13,1.270018461629777,1.3340687249490026
NAR061419019,NAR,MJS_1,MJS,1,R,R-NAR061419019,15,1,0.4325421749767672,1.5795358010362237
NAR061419019,NAR,MJS_1,MJS,1,R,R-NAR061419019,15,2,0.5691336487874019,1.5795358010362237
NAR061419019,NAR,MJS_1,MJS,1,R,R-NAR061419019,15,3,0.6736120306649167,1.5795358010362237
NAR061419019,NAR,MJS_1,MJS,1,R,R-NAR061419019,15,4,0.7557509439185228,1.5795358010362237
NAR061419019,NAR,MJS_1,MJS,1,R,R-NAR061419019,15,5,0.8432367412447975,1.5795358010362237
NAR061419019,NAR,MJS_1,MJS,1,R,R-NAR061419019,15,6,0.9375132148921468,1.5795358010362237
NAR061419019,NAR,MJS_1,MJS,1,R,R-NAR061419019,15,7,0.9987564517702497,1.5795358010362237
NAR061419019,NAR,MJS_1,MJS,1,R,R-NAR061419019,15,8,1.0667903649694273,1.5795358010362237
NAR061419019,NAR,MJS_1,MJS,1,R,R-NAR061419019,15,9,1.1513567903017818,1.5795358010362237
NAR061419019,NAR,MJS_1,MJS,1,R,R-NAR061419019,15,10,1.217455051337382,1.5795358010362237
NAR061419019,NAR,MJS_1,MJS,1,R,R-NAR061419019,15,11,1.2680045200701477,1.5795358010362237
NAR061419019,NAR,MJS_1,MJS,1,R,R-NAR061419019,15,12,1.3394496651784167,1.5795358010362237
NAR061419019,NAR,MJS_1,MJS,1,R,R-NAR061419019,15,13,1.4152579745290115,1.5795358010362237
NAR061419019,NAR,MJS_1,MJS,1,R,R-NAR061419019,15,14,1.484767467473703,1.5795358010362237
NAR061419019,NAR,MJS_1,MJS,1,R,R-NAR061419019,15,15,1.5479463565153833,1.5795358010362237
NAR061419020,NAR,CJF_1,CJF,1,R,R-NAR061419020,13,1,0.5601309670110359,1.6038269494947066
NAR061419020,NAR,CJF_1,CJF,1,R,R-NAR061419020,13,2,0.7112274647309831,1.6038269494947066
NAR061419020,NAR,CJF_1,CJF,1,R,R-NAR061419020,13,3,0.8079430234059105,1.6038269494947066
NAR061419020,NAR,CJF_1,CJF,1,R,R-NAR061419020,13,4,0.9308505157779214,1.6038269494947066
NAR061419020,NAR,CJF_1,CJF,1,R,R-NAR061419020,13,5,1.0114617222260283,1.6038269494947066
NAR061419020,NAR,CJF_1,CJF,1,R,R-NAR061419020,13,6,1.0839696409527222,1.6038269494947066
NAR061419020,NAR,CJF_1,CJF,1,R,R-NAR061419020,13,7,1.144405684460301,1.6038269494947066
NAR061419020,NAR,CJF_1,CJF,1,R,R-NAR061419020,13,8,1.2149548652421454,1.6038269494947066
NAR061419020,NAR,CJF_1,CJF,1,R,R-NAR061419020,13,9,1.2794489415614314,1.6038269494947066
NAR061419020,NAR,CJF_1,CJF,1,R,R-NAR061419020,13,10,1.341869278817861,1.6038269494947066
NAR061419020,NAR,CJF_1,CJF,1,R,R-NAR061419020,13,11,1.4325552888342312,1.6038269494947066
NAR061419020,NAR,CJF_1,CJF,1,R,R-NAR061419020,13,12,1.5131664952823385,1.6038269494947066
NAR061419020,NAR,CJF_1,CJF,1,R,R-NAR061419020,13,13,1.575612388342769,1.6038269494947066
NAR061419020,NAR,CJF_2,CJF,2,R,R-NAR061419020,13,1,0.5390268086333402,1.5632486546204922
NAR061419020,NAR,CJF_2,CJF,2,R,R-NAR061419020,13,2,0.6806468035763736,1.5632486546204922
NAR061419020,NAR,CJF_2,CJF,2,R,R-NAR061419020,13,3,0.792586775645715,1.5632486546204922
NAR061419020,NAR,CJF_2,CJF,2,R,R-NAR061419020,13,4,0.8901797032873602,1.5632486546204922
NAR061419020,NAR,CJF_2,CJF,2,R,R-NAR061419020,13,5,0.9861662380524053,1.5632486546204922
NAR061419020,NAR,CJF_2,CJF,2,R,R-NAR061419020,13,6,1.0501572612291026,1.5632486546204922
NAR061419020,NAR,CJF_2,CJF,2,R,R-NAR061419020,13,7,1.1161092252014277,1.5632486546204922
NAR061419020,NAR,CJF_2,CJF,2,R,R-NAR061419020,13,8,1.1779620336229824,1.5632486546204922
NAR061419020,NAR,CJF_2,CJF,2,R,R-NAR061419020,13,9,1.2418644198199222,1.5632486546204922
NAR061419020,NAR,CJF_2,CJF,2,R,R-NAR061419020,13,10,1.3096000506283607,1.5632486546204922
NAR061419020,NAR,CJF_2,CJF,2,R,R-NAR061419020,13,11,1.4054093114338921,1.5632486546204922
NAR061419020,NAR,CJF_2,CJF,2,R,R-NAR061419020,13,12,1.4773327347728582,1.5632486546204922
NAR061419020,NAR,CJF_2,CJF,2,R,R-NAR061419020,13,13,1.5391855431944133,1.5632486546204922
NAR061419020,NAR,CJF_3,CJF,3,R,R-NAR061419020,13,1,0.5310644964301282,1.5511459734789932
NAR061419020,NAR,CJF_3,CJF,3,R,R-NAR061419020,13,2,0.7032984746001985,1.5511459734789932
NAR061419020,NAR,CJF_3,CJF,3,R,R-NAR061419020,13,3,0.8060515974593082,1.5511459734789932
NAR061419020,NAR,CJF_3,CJF,3,R,R-NAR061419020,13,4,0.9013549687761837,1.5511459734789932
NAR061419020,NAR,CJF_3,CJF,3,R,R-NAR061419020,13,5,0.9836044187037787,1.5511459734789932
NAR061419020,NAR,CJF_3,CJF,3,R,R-NAR061419020,13,6,1.0629344046070834,1.5511459734789932
NAR061419020,NAR,CJF_3,CJF,3,R,R-NAR061419020,13,7,1.1241600966289824,1.5511459734789932
NAR061419020,NAR,CJF_3,CJF,3,R,R-NAR061419020,13,8,1.1760735992230886,1.5511459734789932
NAR061419020,NAR,CJF_3,CJF,3,R,R-NAR061419020,13,9,1.2388932585482708,1.5511459734789932
NAR061419020,NAR,CJF_3,CJF,3,R,R-NAR061419020,13,10,1.3075687021124038,1.5511459734789932
NAR061419020,NAR,CJF_3,CJF,3,R,R-NAR061419020,13,11,1.3839623678010478,1.5511459734789932
NAR061419020,NAR,CJF_3,CJF,3,R,R-NAR061419020,13,12,1.4795342097001987,1.5511459734789932
NAR061419020,NAR,CJF_3,CJF,3,R,R-NAR061419020,13,13,1.5391659344188149,1.5511459734789932
NAR061419020,NAR,JRS_1,JRS,1,R,R-NAR061419020,13,1,0.5635429430542014,1.6062498669566345
NAR061419020,NAR,JRS_1,JRS,1,R,R-NAR061419020,13,2,0.7351895564794385,1.6062498669566345
NAR061419020,NAR,JRS_1,JRS,1,R,R-NAR061419020,13,3,0.8331636388866793,1.6062498669566345
NAR061419020,NAR,JRS_1,JRS,1,R,R-NAR061419020,13,4,0.944732841495192,1.6062498669566345
NAR061419020,NAR,JRS_1,JRS,1,R,R-NAR061419020,13,5,1.0373537083084459,1.6062498669566345
NAR061419020,NAR,JRS_1,JRS,1,R,R-NAR061419020,13,6,1.0953907549770883,1.6062498669566345
NAR061419020,NAR,JRS_1,JRS,1,R,R-NAR061419020,13,7,1.1645583952663126,1.6062498669566345
NAR061419020,NAR,JRS_1,JRS,1,R,R-NAR061419020,13,8,1.2123131731795878,1.6062498669566345
NAR061419020,NAR,JRS_1,JRS,1,R,R-NAR061419020,13,9,1.2732389088615277,1.6062498669566345
NAR061419020,NAR,JRS_1,JRS,1,R,R-NAR061419020,13,10,1.3337404821108594,1.6062498669566345
NAR061419020,NAR,JRS_1,JRS,1,R,R-NAR061419020,13,11,1.4131903911554498,1.6062498669566345
NAR061419020,NAR,JRS_1,JRS,1,R,R-NAR061419020,13,12,1.468338748810794,1.6062498669566345
NAR061419020,NAR,JRS_1,JRS,1,R,R-NAR061419020,13,13,1.5243354313313546,1.6062498669566345
NAR061419020,NAR,LEL_1,LEL,1,R,R-NAR061419020,11,1,0.5858929415398182,1.5720547831629956
NAR061419020,NAR,LEL_1,LEL,1,R,R-NAR061419020,11,2,0.7628788773442163,1.5720547831629956
NAR061419020,NAR,LEL_1,LEL,1,R,R-NAR061419020,11,3,0.8511371884262392,1.5720547831629956
NAR061419020,NAR,LEL_1,LEL,1,R,R-NAR061419020,11,4,0.9304667754840615,1.5720547831629956
NAR061419020,NAR,LEL_1,LEL,1,R,R-NAR061419020,11,5,1.0168812180868156,1.5720547831629956
NAR061419020,NAR,LEL_1,LEL,1,R,R-NAR061419020,11,6,1.0960321098764243,1.5720547831629956
NAR061419020,NAR,LEL_1,LEL,1,R,R-NAR061419020,11,7,1.16177322258866,1.5720547831629956
NAR061419020,NAR,LEL_1,LEL,1,R,R-NAR061419020,11,8,1.2512607793235289,1.5720547831629956
NAR061419020,NAR,LEL_1,LEL,1,R,R-NAR061419020,11,9,1.3177618240482567,1.5720547831629956
NAR061419020,NAR,LEL_1,LEL,1,R,R-NAR061419020,11,10,1.4029470209981658,1.5720547831629956
NAR061419020,NAR,LEL_1,LEL,1,R,R-NAR061419020,11,11,1.4865789678409465,1.5720547831629956
NAR061419020,NAR,LSR_1,LSR,1,R,R-NAR061419020,11,1,0.5562861152629716,1.60183197593329
NAR061419020,NAR,LSR_1,LSR,1,R,R-NAR061419020,11,2,0.7110216582664528,1.60183197593329
NAR061419020,NAR,LSR_1,LSR,1,R,R-NAR061419020,11,3,0.8180815559731752,1.60183197593329
NAR061419020,NAR,LSR_1,LSR,1,R,R-NAR061419020,11,4,0.9171955127971041,1.60183197593329
NAR061419020,NAR,LSR_1,LSR,1,R,R-NAR061419020,11,5,1.0046008625078295,1.60183197593329
NAR061419020,NAR,LSR_1,LSR,1,R,R-NAR061419020,11,6,1.080180820120509,1.60183197593329
NAR061419020,NAR,LSR_1,LSR,1,R,R-NAR061419020,11,7,1.151998111502779,1.60183197593329
NAR061419020,NAR,LSR_1,LSR,1,R,R-NAR061419020,11,8,1.2539632642457261,1.60183197593329
NAR061419020,NAR,LSR_1,LSR,1,R,R-NAR061419020,11,9,1.3635705344343356,1.60183197593329
NAR061419020,NAR,LSR_1,LSR,1,R,R-NAR061419020,11,10,1.429989257415699,1.60183197593329
NAR061419020,NAR,LSR_1,LSR,1,R,R-NAR061419020,11,11,1.5135151559111724,1.60183197593329
NAR061419020,NAR,MJS_1,MJS,1,R,R-NAR061419020,12,1,0.6222056889036425,1.6434237207489442
NAR061419020,NAR,MJS_1,MJS,1,R,R-NAR061419020,12,2,0.7744612039867559,1.6434237207489442
NAR061419020,NAR,MJS_1,MJS,1,R,R-NAR061419020,12,3,0.8636103242301956,1.6434237207489442
NAR061419020,NAR,MJS_1,MJS,1,R,R-NAR061419020,12,4,0.9804780568085272,1.6434237207489442
NAR061419020,NAR,MJS_1,MJS,1,R,R-NAR061419020,12,5,1.0752187820026913,1.6434237207489442
NAR061419020,NAR,MJS_1,MJS,1,R,R-NAR061419020,12,6,1.1373675271674362,1.6434237207489442
NAR061419020,NAR,MJS_1,MJS,1,R,R-NAR061419020,12,7,1.2211644548788827,1.6434237207489442
NAR061419020,NAR,MJS_1,MJS,1,R,R-NAR061419020,12,8,1.2835526124623597,1.6434237207489442
NAR061419020,NAR,MJS_1,MJS,1,R,R-NAR061419020,12,9,1.3373139502010163,1.6434237207489442
NAR061419020,NAR,MJS_1,MJS,1,R,R-NAR061419020,12,10,1.4132022953238412,1.6434237207489442
NAR061419020,NAR,MJS_1,MJS,1,R,R-NAR061419020,12,11,1.4888512280279333,1.6434237207489442
NAR061419020,NAR,MJS_1,MJS,1,R,R-NAR061419020,12,12,1.5652183979882224,1.6434237207489442
NAR061419021,NAR,CJF_1,CJF,1,R,R-NAR061419021,10,1,0.35709355949446703,1.2789002302384327
NAR061419021,NAR,CJF_1,CJF,1,R,R-NAR061419021,10,2,0.5857202572323256,1.2789002302384327
NAR061419021,NAR,CJF_1,CJF,1,R,R-NAR061419021,10,3,0.691977409392055,1.2789002302384327
NAR061419021,NAR,CJF_1,CJF,1,R,R-NAR061419021,10,4,0.7937343773148603,1.2789002302384327
NAR061419021,NAR,CJF_1,CJF,1,R,R-NAR061419021,10,5,0.8748787675823418,1.2789002302384327
NAR061419021,NAR,CJF_1,CJF,1,R,R-NAR061419021,10,6,0.9566244396568493,1.2789002302384327
NAR061419021,NAR,CJF_1,CJF,1,R,R-NAR061419021,10,7,1.04577334826365,1.2789002302384327
NAR061419021,NAR,CJF_1,CJF,1,R,R-NAR061419021,10,8,1.097201435662198,1.2789002302384327
NAR061419021,NAR,CJF_1,CJF,1,R,R-NAR061419021,10,9,1.1840485737806559,1.2789002302384327
NAR061419021,NAR,CJF_1,CJF,1,R,R-NAR061419021,10,10,1.2594902161971606,1.2789002302384327
NAR061419021,NAR,CJF_2,CJF,2,R,R-NAR061419021,10,1,0.3300886075316106,1.2433850197919705
NAR061419021,NAR,CJF_2,CJF,2,R,R-NAR061419021,10,2,0.5391703580130822,1.2433850197919705
NAR061419021,NAR,CJF_2,CJF,2,R,R-NAR061419021,10,3,0.6712388423789419,1.2433850197919705
NAR061419021,NAR,CJF_2,CJF,2,R,R-NAR061419021,10,4,0.7611207938786111,1.2433850197919705
NAR061419021,NAR,CJF_2,CJF,2,R,R-NAR061419021,10,5,0.8306090536113822,1.2433850197919705
NAR061419021,NAR,CJF_2,CJF,2,R,R-NAR061419021,10,6,0.9194222693108087,1.2433850197919705
NAR061419021,NAR,CJF_2,CJF,2,R,R-NAR061419021,10,7,1.0025613924768702,1.2433850197919705
NAR061419021,NAR,CJF_2,CJF,2,R,R-NAR061419021,10,8,1.0714326809264823,1.2433850197919705
NAR061419021,NAR,CJF_2,CJF,2,R,R-NAR061419021,10,9,1.1606976611429924,1.2433850197919705
NAR061419021,NAR,CJF_2,CJF,2,R,R-NAR061419021,10,10,1.225745770908717,1.2433850197919705
NAR061419021,NAR,CJF_3,CJF,3,R,R-NAR061419021,10,1,0.3287429720426819,1.235708796024203
NAR061419021,NAR,CJF_3,CJF,3,R,R-NAR061419021,10,2,0.5422896952489911,1.235708796024203
NAR061419021,NAR,CJF_3,CJF,3,R,R-NAR061419021,10,3,0.6620954201487645,1.235708796024203
NAR061419021,NAR,CJF_3,CJF,3,R,R-NAR061419021,10,4,0.7475601181458491,1.235708796024203
NAR061419021,NAR,CJF_3,CJF,3,R,R-NAR061419021,10,5,0.8300706001414249,1.235708796024203
NAR061419021,NAR,CJF_3,CJF,3,R,R-NAR061419021,10,6,0.9228058163558795,1.235708796024203
NAR061419021,NAR,CJF_3,CJF,3,R,R-NAR061419021,10,7,1.0092762964450446,1.235708796024203
NAR061419021,NAR,CJF_3,CJF,3,R,R-NAR061419021,10,8,1.0690325719711617,1.235708796024203
NAR061419021,NAR,CJF_3,CJF,3,R,R-NAR061419021,10,9,1.1426172756874777,1.235708796024203
NAR061419021,NAR,CJF_3,CJF,3,R,R-NAR061419021,10,10,1.2079888093690745,1.235708796024203
NAR061419021,NAR,JRS_1,JRS,1,R,R-NAR061419021,9,1,0.30515683668096916,1.1911166757358818
NAR061419021,NAR,JRS_1,JRS,1,R,R-NAR061419021,9,2,0.5144630579934154,1.1911166757358818
NAR061419021,NAR,JRS_1,JRS,1,R,R-NAR061419021,9,3,0.6281549253071963,1.1911166757358818
NAR061419021,NAR,JRS_1,JRS,1,R,R-NAR061419021,9,4,0.7228587711737039,1.1911166757358818
NAR061419021,NAR,JRS_1,JRS,1,R,R-NAR061419021,9,5,0.8006318732271107,1.1911166757358818
NAR061419021,NAR,JRS_1,JRS,1,R,R-NAR061419021,9,6,0.8816090224167066,1.1911166757358818
NAR061419021,NAR,JRS_1,JRS,1,R,R-NAR061419021,9,7,0.9657902187424915,1.1911166757358818
NAR061419021,NAR,JRS_1,JRS,1,R,R-NAR061419021,9,8,1.045856859799931,1.1911166757358818
NAR061419021,NAR,JRS_1,JRS,1,R,R-NAR061419021,9,9,1.1279807784915432,1.1911166757358818
NAR061419021,NAR,LEL_1,LEL,1,R,R-NAR061419021,9,1,0.32997132920289984,1.2342390978893816
NAR061419021,NAR,LEL_1,LEL,1,R,R-NAR061419021,9,2,0.5497097998816762,1.2342390978893816
NAR061419021,NAR,LEL_1,LEL,1,R,R-NAR061419021,9,3,0.6572017751977636,1.2342390978893816
NAR061419021,NAR,LEL_1,LEL,1,R,R-NAR061419021,9,4,0.7398302807266391,1.2342390978893816
NAR061419021,NAR,LEL_1,LEL,1,R,R-NAR061419021,9,5,0.8388227762333096,1.2342390978893816
NAR061419021,NAR,LEL_1,LEL,1,R,R-NAR061419021,9,6,0.923280365143878,1.2342390978893816
NAR061419021,NAR,LEL_1,LEL,1,R,R-NAR061419021,9,7,0.9882694576838781,1.2342390978893816
NAR061419021,NAR,LEL_1,LEL,1,R,R-NAR061419021,9,8,1.0555435335187424,1.2342390978893816
NAR061419021,NAR,LEL_1,LEL,1,R,R-NAR061419021,9,9,1.1462156189438628,1.2342390978893816
NAR061419021,NAR,LSR_1,LSR,1,R,R-NAR061419021,9,1,0.39023167741244774,1.2717279698259885
NAR061419021,NAR,LSR_1,LSR,1,R,R-NAR061419021,9,2,0.5962873883416461,1.2717279698259885
NAR061419021,NAR,LSR_1,LSR,1,R,R-NAR061419021,9,3,0.7153389390034248,1.2717279698259885
NAR061419021,NAR,LSR_1,LSR,1,R,R-NAR061419021,9,4,0.8062042306436585,1.2717279698259885
NAR061419021,NAR,LSR_1,LSR,1,R,R-NAR061419021,9,5,0.8841990843745106,1.2717279698259885
NAR061419021,NAR,LSR_1,LSR,1,R,R-NAR061419021,9,6,0.9782819854920893,1.2717279698259885
NAR061419021,NAR,LSR_1,LSR,1,R,R-NAR061419021,9,7,1.050099029026438,1.2717279698259885
NAR061419021,NAR,LSR_1,LSR,1,R,R-NAR061419021,9,8,1.1278364739991027,1.2717279698259885
NAR061419021,NAR,LSR_1,LSR,1,R,R-NAR061419021,9,9,1.2028711270107975,1.2717279698259885
NAR061419021,NAR,MJS_1,MJS,1,R,R-NAR061419021,9,1,0.3710240743061409,1.2978925528868788
NAR061419021,NAR,MJS_1,MJS,1,R,R-NAR061419021,9,2,0.60771938360058,1.2978925528868788
NAR061419021,NAR,MJS_1,MJS,1,R,R-NAR061419021,9,3,0.7202788633365633,1.2978925528868788
NAR061419021,NAR,MJS_1,MJS,1,R,R-NAR061419021,9,4,0.8143089988447545,1.2978925528868788
NAR061419021,NAR,MJS_1,MJS,1,R,R-NAR061419021,9,5,0.8972239226535483,1.2978925528868788
NAR061419021,NAR,MJS_1,MJS,1,R,R-NAR061419021,9,6,0.9809074100008026,1.2978925528868788
NAR061419021,NAR,MJS_1,MJS,1,R,R-NAR061419021,9,7,1.0451392768741117,1.2978925528868788
NAR061419021,NAR,MJS_1,MJS,1,R,R-NAR061419021,9,8,1.1260439612965163,1.2978925528868788
NAR061419021,NAR,MJS_1,MJS,1,R,R-NAR061419021,9,9,1.2172952938798578,1.2978925528868788
NAR061419022,NAR,CJF_1,CJF,1,R,R-NAR061419022,9,1,0.42137969631216543,1.239148792128651
NAR061419022,NAR,CJF_1,CJF,1,R,R-NAR061419022,9,2,0.5880501430257237,1.239148792128651
NAR061419022,NAR,CJF_1,CJF,1,R,R-NAR061419022,9,3,0.6998216300737234,1.239148792128651
NAR061419022,NAR,CJF_1,CJF,1,R,R-NAR061419022,9,4,0.7996551795330495,1.239148792128651
NAR061419022,NAR,CJF_1,CJF,1,R,R-NAR061419022,9,5,0.8813748127089388,1.239148792128651
NAR061419022,NAR,CJF_1,CJF,1,R,R-NAR061419022,9,6,0.9670260280762534,1.239148792128651
NAR061419022,NAR,CJF_1,CJF,1,R,R-NAR061419022,9,7,1.0552080219757012,1.239148792128651
NAR061419022,NAR,CJF_1,CJF,1,R,R-NAR061419022,9,8,1.1432468248607506,1.239148792128651
NAR061419022,NAR,CJF_1,CJF,1,R,R-NAR061419022,9,9,1.208396536426894,1.239148792128651
NAR061419022,NAR,CJF_2,CJF,2,R,R-NAR061419022,10,1,0.4290306068837884,1.247636039690351
NAR061419022,NAR,CJF_2,CJF,2,R,R-NAR061419022,10,2,0.5927719684729438,1.247636039690351
NAR061419022,NAR,CJF_2,CJF,2,R,R-NAR061419022,10,3,0.7092542513628648,1.247636039690351
NAR061419022,NAR,CJF_2,CJF,2,R,R-NAR061419022,10,4,0.8147037839374529,1.247636039690351
NAR061419022,NAR,CJF_2,CJF,2,R,R-NAR061419022,10,5,0.8910580895743639,1.247636039690351
NAR061419022,NAR,CJF_2,CJF,2,R,R-NAR061419022,10,6,1.002831360450897,1.247636039690351
NAR061419022,NAR,CJF_2,CJF,2,R,R-NAR061419022,10,7,1.0650248383345733,1.247636039690351
NAR061419022,NAR,CJF_2,CJF,2,R,R-NAR061419022,10,8,1.1524118942868176,1.247636039690351
NAR061419022,NAR,CJF_2,CJF,2,R,R-NAR061419022,10,9,1.200410752704188,1.247636039690351
NAR061419022,NAR,CJF_2,CJF,2,R,R-NAR061419022,10,10,1.2374106525192963,1.247636039690351
NAR061419022,NAR,CJF_3,CJF,3,R,R-NAR061419022,9,1,0.3995069491631112,1.2433448082841307
NAR061419022,NAR,CJF_3,CJF,3,R,R-NAR061419022,9,2,0.5905033522394996,1.2433448082841307
NAR061419022,NAR,CJF_3,CJF,3,R,R-NAR061419022,9,3,0.702634554879457,1.2433448082841307
NAR061419022,NAR,CJF_3,CJF,3,R,R-NAR061419022,9,4,0.7934107288087092,1.2433448082841307
NAR061419022,NAR,CJF_3,CJF,3,R,R-NAR061419022,9,5,0.8810153500052291,1.2433448082841307
NAR061419022,NAR,CJF_3,CJF,3,R,R-NAR061419022,9,6,0.98046034171426,1.2433448082841307
NAR061419022,NAR,CJF_3,CJF,3,R,R-NAR061419022,9,7,1.0515378662794819,1.2433448082841307
NAR061419022,NAR,CJF_3,CJF,3,R,R-NAR061419022,9,8,1.1438998165750995,1.2433448082841307
NAR061419022,NAR,CJF_3,CJF,3,R,R-NAR061419022,9,9,1.2212498436254742,1.2433448082841307
NAR061419022,NAR,JRS_1,JRS,1,R,R-NAR061419022,8,1,0.434255009763448,1.2523326214718105
NAR061419022,NAR,JRS_1,JRS,1,R,R-NAR061419022,8,2,0.6203719591726318,1.2523326214718105
NAR061419022,NAR,JRS_1,JRS,1,R,R-NAR061419022,8,3,0.7349715087403028,1.2523326214718105
NAR061419022,NAR,JRS_1,JRS,1,R,R-NAR061419022,8,4,0.8327781278931112,1.2523326214718105
NAR061419022,NAR,JRS_1,JRS,1,R,R-NAR061419022,8,5,0.9137382000571126,1.2523326214718105
NAR061419022,NAR,JRS_1,JRS,1,R,R-NAR061419022,8,6,1.0220605069344388,1.2523326214718105
NAR061419022,NAR,JRS_1,JRS,1,R,R-NAR061419022,8,7,1.091431875971893,1.2523326214718105
NAR061419022,NAR,JRS_1,JRS,1,R,R-NAR061419022,8,8,1.172445564709838,1.2523326214718105
NAR061419022,NAR,LEL_1,LEL,1,R,R-NAR061419022,8,1,0.47446298051775315,1.285545922844515
NAR061419022,NAR,LEL_1,LEL,1,R,R-NAR061419022,8,2,0.6304867780497441,1.285545922844515
NAR061419022,NAR,LEL_1,LEL,1,R,R-NAR061419022,8,3,0.7434573739336592,1.285545922844515
NAR061419022,NAR,LEL_1,LEL,1,R,R-NAR061419022,8,4,0.84855850734727,1.285545922844515
NAR061419022,NAR,LEL_1,LEL,1,R,R-NAR061419022,8,5,0.9488659498195455,1.285545922844515
NAR061419022,NAR,LEL_1,LEL,1,R,R-NAR061419022,8,6,1.052339180644731,1.285545922844515
NAR061419022,NAR,LEL_1,LEL,1,R,R-NAR061419022,8,7,1.1279842395480393,1.285545922844515
NAR061419022,NAR,LEL_1,LEL,1,R,R-NAR061419022,8,8,1.2107448208433997,1.285545922844515
NAR061419022,NAR,LSR_1,LSR,1,R,R-NAR061419022,8,1,0.508542369914917,1.342989169540195
NAR061419022,NAR,LSR_1,LSR,1,R,R-NAR061419022,8,2,0.6783816606147719,1.342989169540195
NAR061419022,NAR,LSR_1,LSR,1,R,R-NAR061419022,8,3,0.7901009976097,1.342989169540195
NAR061419022,NAR,LSR_1,LSR,1,R,R-NAR061419022,8,4,0.886520059435141,1.342989169540195
NAR061419022,NAR,LSR_1,LSR,1,R,R-NAR061419022,8,5,0.98067883605312,1.342989169540195
NAR061419022,NAR,LSR_1,LSR,1,R,R-NAR061419022,8,6,1.085037796117424,1.342989169540195
NAR061419022,NAR,LSR_1,LSR,1,R,R-NAR061419022,8,7,1.1537250141323367,1.342989169540195
NAR061419022,NAR,LSR_1,LSR,1,R,R-NAR061419022,8,8,1.2488303929222162,1.342989169540195
NAR061419022,NAR,MJS_1,MJS,1,R,R-NAR061419022,7,1,0.609047878827035,1.1992054824914555
NAR061419022,NAR,MJS_1,MJS,1,R,R-NAR061419022,7,2,0.7298719758392886,1.1992054824914555
NAR061419022,NAR,MJS_1,MJS,1,R,R-NAR061419022,7,3,0.8128241671383994,1.1992054824914555
NAR061419022,NAR,MJS_1,MJS,1,R,R-NAR061419022,7,4,0.8881112016251212,1.1992054824914555
NAR061419022,NAR,MJS_1,MJS,1,R,R-NAR061419022,7,5,0.9712461037000577,1.1992054824914555
NAR061419022,NAR,MJS_1,MJS,1,R,R-NAR061419022,7,6,1.0488141242938371,1.1992054824914555
NAR061419022,NAR,MJS_1,MJS,1,R,R-NAR061419022,7,7,1.1159792250286062,1.1992054824914555
NAR061419023,NAR,CJF_1,CJF,1,R,R-NAR061419023,5,1,0.5608377495724878,1.153439815773162
NAR061419023,NAR,CJF_1,CJF,1,R,R-NAR061419023,5,2,0.8134688258443779,1.153439815773162
NAR061419023,NAR,CJF_1,CJF,1,R,R-NAR061419023,5,3,0.934592856099753,1.153439815773162
NAR061419023,NAR,CJF_1,CJF,1,R,R-NAR061419023,5,4,1.041247033127962,1.153439815773162
NAR061419023,NAR,CJF_1,CJF,1,R,R-NAR061419023,5,5,1.1352933046431464,1.153439815773162
NAR061419023,NAR,CJF_2,CJF,2,R,R-NAR061419023,4,1,0.5127304706087531,1.1253477363062954
NAR061419023,NAR,CJF_2,CJF,2,R,R-NAR061419023,4,2,0.8001512839851356,1.1253477363062954
NAR061419023,NAR,CJF_2,CJF,2,R,R-NAR061419023,4,3,0.9202555480627941,1.1253477363062954
NAR061419023,NAR,CJF_2,CJF,2,R,R-NAR061419023,4,4,1.0325529528445347,1.1253477363062954
NAR061419023,NAR,CJF_3,CJF,3,R,R-NAR061419023,5,1,0.5514788916681083,1.1714263462421195
NAR061419023,NAR,CJF_3,CJF,3,R,R-NAR061419023,5,2,0.8519108929820356,1.1714263462421195
NAR061419023,NAR,CJF_3,CJF,3,R,R-NAR061419023,5,3,0.9621169256591179,1.1714263462421195
NAR061419023,NAR,CJF_3,CJF,3,R,R-NAR061419023,5,4,1.0709960338708193,1.1714263462421195
NAR061419023,NAR,CJF_3,CJF,3,R,R-NAR061419023,5,5,1.1518749056305537,1.1714263462421195
NAR061419023,NAR,JRS_1,JRS,1,R,R-NAR061419023,4,1,0.5581220023744928,1.1592648291947383
NAR061419023,NAR,JRS_1,JRS,1,R,R-NAR061419023,4,2,0.8449828264853468,1.1592648291947383
NAR061419023,NAR,JRS_1,JRS,1,R,R-NAR061419023,4,3,0.9725944762205914,1.1592648291947383
NAR061419023,NAR,JRS_1,JRS,1,R,R-NAR061419023,4,4,1.0651116982657012,1.1592648291947383
NAR061419023,NAR,LEL_1,LEL,1,R,R-NAR061419023,5,1,0.5343828444863331,1.1239453607376928
NAR061419023,NAR,LEL_1,LEL,1,R,R-NAR061419023,5,2,0.6414640446519321,1.1239453607376928
NAR061419023,NAR,LEL_1,LEL,1,R,R-NAR061419023,5,3,0.801849009828344,1.1239453607376928
NAR061419023,NAR,LEL_1,LEL,1,R,R-NAR061419023,5,4,0.9200722868221504,1.1239453607376928
NAR061419023,NAR,LEL_1,LEL,1,R,R-NAR061419023,5,5,1.0254385992518067,1.1239453607376928
NAR061419023,NAR,LSR_1,LSR,1,R,R-NAR061419023,5,1,0.6438922453389262,1.2223860768868275
NAR061419023,NAR,LSR_1,LSR,1,R,R-NAR061419023,5,2,0.7737460247861098,1.2223860768868275
NAR061419023,NAR,LSR_1,LSR,1,R,R-NAR061419023,5,3,0.9089764561302849,1.2223860768868275
NAR061419023,NAR,LSR_1,LSR,1,R,R-NAR061419023,5,4,0.9980660508364689,1.2223860768868275
NAR061419023,NAR,LSR_1,LSR,1,R,R-NAR061419023,5,5,1.1040997351530122,1.2223860768868275
NAR061419023,NAR,MJS_1,MJS,1,R,R-NAR061419023,4,1,0.7300947522748126,1.1975434091038581
NAR061419023,NAR,MJS_1,MJS,1,R,R-NAR061419023,4,2,0.8704094119057895,1.1975434091038581
NAR061419023,NAR,MJS_1,MJS,1,R,R-NAR061419023,4,3,0.9882236210343196,1.1975434091038581
NAR061419023,NAR,MJS_1,MJS,1,R,R-NAR061419023,4,4,1.1009888182257006,1.1975434091038581
NAR061419024,NAR,CJF_1,CJF,1,R,R-NAR061419024,11,1,0.647839242644652,1.6460472983190844
NAR061419024,NAR,CJF_1,CJF,1,R,R-NAR061419024,11,2,0.8114691495507494,1.6460472983190844
NAR061419024,NAR,CJF_1,CJF,1,R,R-NAR061419024,11,3,0.949293646434441,1.6460472983190844
NAR061419024,NAR,CJF_1,CJF,1,R,R-NAR061419024,11,4,1.0493434844760225,1.6460472983190844
NAR061419024,NAR,CJF_1,CJF,1,R,R-NAR061419024,11,5,1.1364906175064011,1.6460472983190844
NAR061419024,NAR,CJF_1,CJF,1,R,R-NAR061419024,11,6,1.2209759923218513,1.6460472983190844
NAR061419024,NAR,CJF_1,CJF,1,R,R-NAR061419024,11,7,1.3005612630658294,1.6460472983190844
NAR061419024,NAR,CJF_1,CJF,1,R,R-NAR061419024,11,8,1.409054440700472,1.6460472983190844
NAR061419024,NAR,CJF_1,CJF,1,R,R-NAR061419024,11,9,1.4846384109745845,1.6460472983190844
NAR061419024,NAR,CJF_1,CJF,1,R,R-NAR061419024,11,10,1.558900165288706,1.6460472983190844
NAR061419024,NAR,CJF_1,CJF,1,R,R-NAR061419024,11,11,1.6278210768780248,1.6460472983190844
NAR061419024,NAR,CJF_2,CJF,2,R,R-NAR061419024,10,1,0.651194903117515,1.6534844177877557
NAR061419024,NAR,CJF_2,CJF,2,R,R-NAR061419024,10,2,0.8151373968951553,1.6534844177877557
NAR061419024,NAR,CJF_2,CJF,2,R,R-NAR061419024,10,3,0.9322515313424694,1.6534844177877557
NAR061419024,NAR,CJF_2,CJF,2,R,R-NAR061419024,10,4,1.0423359257841078,1.6534844177877557
NAR061419024,NAR,CJF_2,CJF,2,R,R-NAR061419024,10,5,1.1274129313403274,1.6534844177877557
NAR061419024,NAR,CJF_2,CJF,2,R,R-NAR061419024,10,6,1.2164945780079341,1.6534844177877557
NAR061419024,NAR,CJF_2,CJF,2,R,R-NAR061419024,10,7,1.322983442673624,1.6534844177877557
NAR061419024,NAR,CJF_2,CJF,2,R,R-NAR061419024,10,8,1.4312700722272877,1.6534844177877557
NAR061419024,NAR,CJF_2,CJF,2,R,R-NAR061419024,10,9,1.5301587660056424,1.6534844177877557
NAR061419024,NAR,CJF_2,CJF,2,R,R-NAR061419024,10,10,1.6138471180093261,1.6534844177877557
NAR061419024,NAR,CJF_3,CJF,3,R,R-NAR061419024,11,1,0.4023309499125302,1.6728433275832166
NAR061419024,NAR,CJF_3,CJF,3,R,R-NAR061419024,11,2,0.6515280521747997,1.6728433275832166
NAR061419024,NAR,CJF_3,CJF,3,R,R-NAR061419024,11,3,0.8134922617229864,1.6728433275832166
NAR061419024,NAR,CJF_3,CJF,3,R,R-NAR061419024,11,4,0.943389029992877,1.6728433275832166
NAR061419024,NAR,CJF_3,CJF,3,R,R-NAR061419024,11,5,1.0541962182650655,1.6728433275832166
NAR061419024,NAR,CJF_3,CJF,3,R,R-NAR061419024,11,6,1.1419053963797645,1.6728433275832166
NAR061419024,NAR,CJF_3,CJF,3,R,R-NAR061419024,11,7,1.2211214287742727,1.6728433275832166
NAR061419024,NAR,CJF_3,CJF,3,R,R-NAR061419024,11,8,1.3261541145070885,1.6728433275832166
NAR061419024,NAR,CJF_3,CJF,3,R,R-NAR061419024,11,9,1.438251089758246,1.6728433275832166
NAR061419024,NAR,CJF_3,CJF,3,R,R-NAR061419024,11,10,1.5224281231137742,1.6728433275832166
NAR061419024,NAR,CJF_3,CJF,3,R,R-NAR061419024,11,11,1.6332353113859623,1.6728433275832166
NAR061419024,NAR,JRS_1,JRS,1,R,R-NAR061419024,9,1,0.6121845250130598,1.634516203725684
NAR061419024,NAR,JRS_1,JRS,1,R,R-NAR061419024,9,2,0.814221896326554,1.634516203725684
NAR061419024,NAR,JRS_1,JRS,1,R,R-NAR061419024,9,3,0.9410606817227342,1.634516203725684
NAR061419024,NAR,JRS_1,JRS,1,R,R-NAR061419024,9,4,1.0306843321076626,1.634516203725684
NAR061419024,NAR,JRS_1,JRS,1,R,R-NAR061419024,9,5,1.1180400928511145,1.634516203725684
NAR061419024,NAR,JRS_1,JRS,1,R,R-NAR061419024,9,6,1.2076637432360429,1.634516203725684
NAR061419024,NAR,JRS_1,JRS,1,R,R-NAR061419024,9,7,1.3048840838021838,1.634516203725684
NAR061419024,NAR,JRS_1,JRS,1,R,R-NAR061419024,9,8,1.3983122556182113,1.634516203725684
NAR061419024,NAR,JRS_1,JRS,1,R,R-NAR061419024,9,9,1.5221024827971181,1.634516203725684
NAR061419024,NAR,LEL_1,LEL,1,R,R-NAR061419024,10,1,0.5651136457907495,1.5664794030909244
NAR061419024,NAR,LEL_1,LEL,1,R,R-NAR061419024,10,2,0.7458691439756502,1.5664794030909244
NAR061419024,NAR,LEL_1,LEL,1,R,R-NAR061419024,10,3,0.8700601624245903,1.5664794030909244
NAR061419024,NAR,LEL_1,LEL,1,R,R-NAR061419024,10,4,0.9734386031624527,1.5664794030909244
NAR061419024,NAR,LEL_1,LEL,1,R,R-NAR061419024,10,5,1.0330485122751198,1.5664794030909244
NAR061419024,NAR,LEL_1,LEL,1,R,R-NAR061419024,10,6,1.1523642713570301,1.5664794030909244
NAR061419024,NAR,LEL_1,LEL,1,R,R-NAR061419024,10,7,1.2103490940140211,1.5664794030909244
NAR061419024,NAR,LEL_1,LEL,1,R,R-NAR061419024,10,8,1.3005220995718252,1.5664794030909244
NAR061419024,NAR,LEL_1,LEL,1,R,R-NAR061419024,10,9,1.3759733861719647,1.5664794030909244
NAR061419024,NAR,LEL_1,LEL,1,R,R-NAR061419024,10,10,1.4467541569397213,1.5664794030909244
NAR061419024,NAR,LSR_1,LSR,1,R,R-NAR061419024,11,1,0.31895898683928925,1.6654130975598564
NAR061419024,NAR,LSR_1,LSR,1,R,R-NAR061419024,11,2,0.434871697776159,1.6654130975598564
NAR061419024,NAR,LSR_1,LSR,1,R,R-NAR061419024,11,3,0.6135259959277253,1.6654130975598564
NAR061419024,NAR,LSR_1,LSR,1,R,R-NAR061419024,11,4,0.8000229924811283,1.6654130975598564
NAR061419024,NAR,LSR_1,LSR,1,R,R-NAR061419024,11,5,0.951659787498936,1.6654130975598564
NAR061419024,NAR,LSR_1,LSR,1,R,R-NAR061419024,11,6,1.0454333908522178,1.6654130975598564
NAR061419024,NAR,LSR_1,LSR,1,R,R-NAR061419024,11,7,1.1181180967750748,1.6654130975598564
NAR061419024,NAR,LSR_1,LSR,1,R,R-NAR061419024,11,8,1.219734398530194,1.6654130975598564
NAR061419024,NAR,LSR_1,LSR,1,R,R-NAR061419024,11,9,1.306529186026982,1.6654130975598564
NAR061419024,NAR,LSR_1,LSR,1,R,R-NAR061419024,11,10,1.4003027893802644,1.6654130975598564
NAR061419024,NAR,LSR_1,LSR,1,R,R-NAR061419024,11,11,1.5670998761251653,1.6654130975598564
NAR061419024,NAR,MJS_1,MJS,1,R,R-NAR061419024,9,1,0.66087843953716,1.6463387459293919
NAR061419024,NAR,MJS_1,MJS,1,R,R-NAR061419024,9,2,0.8297263359004012,1.6463387459293919
NAR061419024,NAR,MJS_1,MJS,1,R,R-NAR061419024,9,3,0.9538120892822943,1.6463387459293919
NAR061419024,NAR,MJS_1,MJS,1,R,R-NAR061419024,9,4,1.0718948272352156,1.6463387459293919
NAR061419024,NAR,MJS_1,MJS,1,R,R-NAR061419024,9,5,1.1631670633834663,1.6463387459293919
NAR061419024,NAR,MJS_1,MJS,1,R,R-NAR061419024,9,6,1.2455804389037233,1.6463387459293919
NAR061419024,NAR,MJS_1,MJS,1,R,R-NAR061419024,9,7,1.3616813067504003,1.6463387459293919
NAR061419024,NAR,MJS_1,MJS,1,R,R-NAR061419024,9,8,1.4606471034029413,1.6463387459293919
NAR061419024,NAR,MJS_1,MJS,1,R,R-NAR061419024,9,9,1.5382227636179309,1.6463387459293919
NAR061419025,NAR,CJF_1,CJF,1,R,R-NAR061419025,3,1,0.4947858084686536,0.8178588457898486
NAR061419025,NAR,CJF_1,CJF,1,R,R-NAR061419025,3,2,0.6856393590180444,0.8178588457898486
NAR061419025,NAR,CJF_1,CJF,1,R,R-NAR061419025,3,3,0.7936694016865051,0.8178588457898486
NAR061419025,NAR,CJF_2,CJF,2,R,R-NAR061419025,3,1,0.5319742134521763,0.851701157185457
NAR061419025,NAR,CJF_2,CJF,2,R,R-NAR061419025,3,2,0.7038615941961937,0.851701157185457
NAR061419025,NAR,CJF_2,CJF,2,R,R-NAR061419025,3,3,0.8256143305281878,0.851701157185457
NAR061419025,NAR,CJF_3,CJF,3,R,R-NAR061419025,3,1,0.5094644150175511,0.8444027358565882
NAR061419025,NAR,CJF_3,CJF,3,R,R-NAR061419025,3,2,0.7140445288831021,0.8444027358565882
NAR061419025,NAR,CJF_3,CJF,3,R,R-NAR061419025,3,3,0.8203443215359796,0.8444027358565882
NAR061419025,NAR,JRS_1,JRS,1,R,R-NAR061419025,2,1,0.5139900597413422,0.8281812670740474
NAR061419025,NAR,JRS_1,JRS,1,R,R-NAR061419025,2,2,0.6974925120247946,0.8281812670740474
NAR061419025,NAR,LEL_1,LEL,1,R,R-NAR061419025,2,1,0.4391218978370121,0.7433535364822457
NAR061419025,NAR,LEL_1,LEL,1,R,R-NAR061419025,2,2,0.6276379945675667,0.7433535364822457
NAR061419025,NAR,LSR_1,LSR,1,R,R-NAR061419025,4,1,0.26544862989658496,0.5262649317093724
NAR061419025,NAR,LSR_1,LSR,1,R,R-NAR061419025,4,2,0.3435577528701625,0.5262649317093724
NAR061419025,NAR,LSR_1,LSR,1,R,R-NAR061419025,4,3,0.4091012472490058,0.5262649317093724
NAR061419025,NAR,LSR_1,LSR,1,R,R-NAR061419025,4,4,0.48798242490321636,0.5262649317093724
NAR061419025,NAR,MJS_1,MJS,1,R,R-NAR061419025,2,1,0.5721099273390882,0.8673559087520263
NAR061419025,NAR,MJS_1,MJS,1,R,R-NAR061419025,2,2,0.7358917827132752,0.8673559087520263
NAR061419026,NAR,CJF_1,CJF,1,R,R-NAR061419026,6,1,0.502015117739684,1.3561415199646276
NAR061419026,NAR,CJF_1,CJF,1,R,R-NAR061419026,6,2,0.7305151692835209,1.3561415199646276
NAR061419026,NAR,CJF_1,CJF,1,R,R-NAR061419026,6,3,0.8740843368750787,1.3561415199646276
NAR061419026,NAR,CJF_1,CJF,1,R,R-NAR061419026,6,4,1.016136401505923,1.3561415199646276
NAR061419026,NAR,CJF_1,CJF,1,R,R-NAR061419026,6,5,1.1514783569411169,1.3561415199646276
NAR061419026,NAR,CJF_1,CJF,1,R,R-NAR061419026,6,6,1.3096094023519045,1.3561415199646276
NAR061419026,NAR,CJF_2,CJF,2,R,R-NAR061419026,6,1,0.4855659969993528,1.3185747794902496
NAR061419026,NAR,CJF_2,CJF,2,R,R-NAR061419026,6,2,0.708376993548234,1.3185747794902496
NAR061419026,NAR,CJF_2,CJF,2,R,R-NAR061419026,6,3,0.8526931498532151,1.3185747794902496
NAR061419026,NAR,CJF_2,CJF,2,R,R-NAR061419026,6,4,1.011843023469566,1.3185747794902496
NAR061419026,NAR,CJF_2,CJF,2,R,R-NAR061419026,6,5,1.1360912996275931,1.3185747794902496
NAR061419026,NAR,CJF_2,CJF,2,R,R-NAR061419026,6,6,1.2603395757856206,1.3185747794902496
NAR061419026,NAR,CJF_3,CJF,3,R,R-NAR061419026,6,1,0.4415536738108171,1.2502806508539428
NAR061419026,NAR,CJF_3,CJF,3,R,R-NAR061419026,6,2,0.6542129589323754,1.2502806508539428
NAR061419026,NAR,CJF_3,CJF,3,R,R-NAR061419026,6,3,0.8066231697895729,1.2502806508539428
NAR061419026,NAR,CJF_3,CJF,3,R,R-NAR061419026,6,4,0.9553467012927954,1.2502806508539428
NAR061419026,NAR,CJF_3,CJF,3,R,R-NAR061419026,6,5,1.0776509798447098,1.2502806508539428
NAR061419026,NAR,CJF_3,CJF,3,R,R-NAR061419026,6,6,1.218182540256492,1.2502806508539428
NAR061419026,NAR,JRS_1,JRS,1,R,R-NAR061419026,6,1,0.35993881711330356,1.2998593044409215
NAR061419026,NAR,JRS_1,JRS,1,R,R-NAR061419026,6,2,0.5163753307589107,1.2998593044409215
NAR061419026,NAR,JRS_1,JRS,1,R,R-NAR061419026,6,3,0.7310653866709763,1.2998593044409215
NAR061419026,NAR,JRS_1,JRS,1,R,R-NAR061419026,6,4,0.8907809964941541,1.2998593044409215
NAR061419026,NAR,JRS_1,JRS,1,R,R-NAR061419026,6,5,1.0402731700059202,1.2998593044409215
NAR061419026,NAR,JRS_1,JRS,1,R,R-NAR061419026,6,6,1.1564431652178184,1.2998593044409215
NAR061419026,NAR,LEL_1,LEL,1,R,R-NAR061419026,6,1,0.33670643579828,1.3209095960593669
NAR061419026,NAR,LEL_1,LEL,1,R,R-NAR061419026,6,2,0.5195639664177247,1.3209095960593669
NAR061419026,NAR,LEL_1,LEL,1,R,R-NAR061419026,6,3,0.7078517697137738,1.3209095960593669
NAR061419026,NAR,LEL_1,LEL,1,R,R-NAR061419026,6,4,0.881859309647836,1.3209095960593669
NAR061419026,NAR,LEL_1,LEL,1,R,R-NAR061419026,6,5,1.0206850466416488,1.3209095960593669
NAR061419026,NAR,LEL_1,LEL,1,R,R-NAR061419026,6,6,1.1505841466449604,1.3209095960593669
NAR061419026,NAR,LSR_1,LSR,1,R,R-NAR061419026,7,1,0.3489112672564876,1.3548533031840282
NAR061419026,NAR,LSR_1,LSR,1,R,R-NAR061419026,7,2,0.5096946882982437,1.3548533031840282
NAR061419026,NAR,LSR_1,LSR,1,R,R-NAR061419026,7,3,0.7304739369399162,1.3548533031840282
NAR061419026,NAR,LSR_1,LSR,1,R,R-NAR061419026,7,4,0.8886038693546896,1.3548533031840282
NAR061419026,NAR,LSR_1,LSR,1,R,R-NAR061419026,7,5,1.0330615891829749,1.3548533031840282
NAR061419026,NAR,LSR_1,LSR,1,R,R-NAR061419026,7,6,1.1585401191708067,1.3548533031840282
NAR061419026,NAR,LSR_1,LSR,1,R,R-NAR061419026,7,7,1.2731798227331665,1.3548533031840282
NAR061419026,NAR,MJS_1,MJS,1,R,R-NAR061419026,5,1,0.5207416892011006,1.2920740433220506
NAR061419026,NAR,MJS_1,MJS,1,R,R-NAR061419026,5,2,0.7388224458581857,1.2920740433220506
NAR061419026,NAR,MJS_1,MJS,1,R,R-NAR061419026,5,3,0.870106418821849,1.2920740433220506
NAR061419026,NAR,MJS_1,MJS,1,R,R-NAR061419026,5,4,0.9871965029715445,1.2920740433220506
NAR061419026,NAR,MJS_1,MJS,1,R,R-NAR061419026,5,5,1.1339577176212106,1.2920740433220506
NAR061419027,NAR,CJF_1,CJF,1,R,R-NAR061419027,10,1,0.34812939729791764,1.3207675599469164
NAR061419027,NAR,CJF_1,CJF,1,R,R-NAR061419027,10,2,0.5791522118873229,1.3207675599469164
NAR061419027,NAR,CJF_1,CJF,1,R,R-NAR061419027,10,3,0.7162715687215929,1.3207675599469164
NAR061419027,NAR,CJF_1,CJF,1,R,R-NAR061419027,10,4,0.8140640098256429,1.3207675599469164
NAR061419027,NAR,CJF_1,CJF,1,R,R-NAR061419027,10,5,0.9137355550340949,1.3207675599469164
NAR061419027,NAR,CJF_1,CJF,1,R,R-NAR061419027,10,6,1.0158540617281324,1.3207675599469164
NAR061419027,NAR,CJF_1,CJF,1,R,R-NAR061419027,10,7,1.106305618375426,1.3207675599469164
NAR061419027,NAR,CJF_1,CJF,1,R,R-NAR061419027,10,8,1.167087330094732,1.3207675599469164
NAR061419027,NAR,CJF_1,CJF,1,R,R-NAR061419027,10,9,1.2419829533463669,1.3207675599469164
NAR061419027,NAR,CJF_1,CJF,1,R,R-NAR061419027,10,10,1.2978707420945013,1.3207675599469164
NAR061419027,NAR,CJF_2,CJF,2,R,R-NAR061419027,10,1,0.3381780336892757,1.3250813060303797
NAR061419027,NAR,CJF_2,CJF,2,R,R-NAR061419027,10,2,0.5737406465864101,1.3250813060303797
NAR061419027,NAR,CJF_2,CJF,2,R,R-NAR061419027,10,3,0.6993577134013664,1.3250813060303797
NAR061419027,NAR,CJF_2,CJF,2,R,R-NAR061419027,10,4,0.801131464610979,1.3250813060303797
NAR061419027,NAR,CJF_2,CJF,2,R,R-NAR061419027,10,5,0.8986089009886775,1.3250813060303797
NAR061419027,NAR,CJF_2,CJF,2,R,R-NAR061419027,10,6,1.0081336122795905,1.3250813060303797
NAR061419027,NAR,CJF_2,CJF,2,R,R-NAR061419027,10,7,1.0803356281079732,1.3250813060303797
NAR061419027,NAR,CJF_2,CJF,2,R,R-NAR061419027,10,8,1.1588564990736845,1.3250813060303797
NAR061419027,NAR,CJF_2,CJF,2,R,R-NAR061419027,10,9,1.2373773700393957,1.3250813060303797
NAR061419027,NAR,CJF_2,CJF,2,R,R-NAR061419027,10,10,1.2944983004964419,1.3250813060303797
NAR061419027,NAR,CJF_3,CJF,3,R,R-NAR061419027,10,1,0.3453356217743822,1.336675391884594
NAR061419027,NAR,CJF_3,CJF,3,R,R-NAR061419027,10,2,0.584943290275736,1.336675391884594
NAR061419027,NAR,CJF_3,CJF,3,R,R-NAR061419027,10,3,0.7178229105099706,1.336675391884594
NAR061419027,NAR,CJF_3,CJF,3,R,R-NAR061419027,10,4,0.818671959223021,1.336675391884594
NAR061419027,NAR,CJF_3,CJF,3,R,R-NAR061419027,10,5,0.919081745644265,1.336675391884594
NAR061419027,NAR,CJF_3,CJF,3,R,R-NAR061419027,10,6,1.0180521747796112,1.336675391884594
NAR061419027,NAR,CJF_3,CJF,3,R,R-NAR061419027,10,7,1.0960676283891495,1.336675391884594
NAR061419027,NAR,CJF_3,CJF,3,R,R-NAR061419027,10,8,1.1780834619750515,1.336675391884594
NAR061419027,NAR,CJF_3,CJF,3,R,R-NAR061419027,10,9,1.2570990105786803,1.336675391884594
NAR061419027,NAR,CJF_3,CJF,3,R,R-NAR061419027,10,10,1.3148418917751723,1.336675391884594
NAR061419027,NAR,JRS_1,JRS,1,R,R-NAR061419027,9,1,0.29531381724787037,1.2570829716364331
NAR061419027,NAR,JRS_1,JRS,1,R,R-NAR061419027,9,2,0.5269416123809981,1.2570829716364331
NAR061419027,NAR,JRS_1,JRS,1,R,R-NAR061419027,9,3,0.6590418776760469,1.2570829716364331
NAR061419027,NAR,JRS_1,JRS,1,R,R-NAR061419027,9,4,0.7577522144475345,1.2570829716364331
NAR061419027,NAR,JRS_1,JRS,1,R,R-NAR061419027,9,5,0.8424528253563239,1.2570829716364331
NAR061419027,NAR,JRS_1,JRS,1,R,R-NAR061419027,9,6,0.946621107592972,1.2570829716364331
NAR061419027,NAR,JRS_1,JRS,1,R,R-NAR061419027,9,7,1.0262723695698974,1.2570829716364331
NAR061419027,NAR,JRS_1,JRS,1,R,R-NAR061419027,9,8,1.1055150350135277,1.2570829716364331
NAR061419027,NAR,JRS_1,JRS,1,R,R-NAR061419027,9,9,1.1774317096595073,1.2570829716364331
NAR061419027,NAR,LEL_1,LEL,1,R,R-NAR061419027,9,1,0.33128934151094896,1.2861017145231812
NAR061419027,NAR,LEL_1,LEL,1,R,R-NAR061419027,9,2,0.53338872396614,1.2861017145231812
NAR061419027,NAR,LEL_1,LEL,1,R,R-NAR061419027,9,3,0.6621069950682559,1.2861017145231812
NAR061419027,NAR,LEL_1,LEL,1,R,R-NAR061419027,9,4,0.7411816422443779,1.2861017145231812
NAR061419027,NAR,LEL_1,LEL,1,R,R-NAR061419027,9,5,0.8748531761103717,1.2861017145231812
NAR061419027,NAR,LEL_1,LEL,1,R,R-NAR061419027,9,6,0.9790215483929539,1.2861017145231812
NAR061419027,NAR,LEL_1,LEL,1,R,R-NAR061419027,9,7,1.0470431912859244,1.2861017145231812
NAR061419027,NAR,LEL_1,LEL,1,R,R-NAR061419027,9,8,1.1102491920057163,1.2861017145231812
NAR061419027,NAR,LEL_1,LEL,1,R,R-NAR061419027,9,9,1.2001082583594613,1.2861017145231812
NAR061419027,NAR,LSR_1,LSR,1,R,R-NAR061419027,9,1,0.3738366813709415,1.333583214332581
NAR061419027,NAR,LSR_1,LSR,1,R,R-NAR061419027,9,2,0.6251557865014525,1.333583214332581
NAR061419027,NAR,LSR_1,LSR,1,R,R-NAR061419027,9,3,0.7254467270654514,1.333583214332581
NAR061419027,NAR,LSR_1,LSR,1,R,R-NAR061419027,9,4,0.8342205944382407,1.333583214332581
NAR061419027,NAR,LSR_1,LSR,1,R,R-NAR061419027,9,5,0.9393981977438915,1.333583214332581
NAR061419027,NAR,LSR_1,LSR,1,R,R-NAR061419027,9,6,1.0277702842821896,1.333583214332581
NAR061419027,NAR,LSR_1,LSR,1,R,R-NAR061419027,9,7,1.1212428160291108,1.333583214332581
NAR061419027,NAR,LSR_1,LSR,1,R,R-NAR061419027,9,8,1.1976960485417085,1.333583214332581
NAR061419027,NAR,LSR_1,LSR,1,R,R-NAR061419027,9,9,1.2740958354375636,1.333583214332581
NAR061419027,NAR,MJS_1,MJS,1,R,R-NAR061419027,9,1,0.3924644773166365,1.3686770941156485
NAR061419027,NAR,MJS_1,MJS,1,R,R-NAR061419027,9,2,0.6096571362588937,1.3686770941156485
NAR061419027,NAR,MJS_1,MJS,1,R,R-NAR061419027,9,3,0.7521644624447286,1.3686770941156485
NAR061419027,NAR,MJS_1,MJS,1,R,R-NAR061419027,9,4,0.8702836206406125,1.3686770941156485
NAR061419027,NAR,MJS_1,MJS,1,R,R-NAR061419027,9,5,0.964022454761527,1.3686770941156485
NAR061419027,NAR,MJS_1,MJS,1,R,R-NAR061419027,9,6,1.050890105640451,1.3686770941156485
NAR061419027,NAR,MJS_1,MJS,1,R,R-NAR061419027,9,7,1.1613972759885163,1.3686770941156485
NAR061419027,NAR,MJS_1,MJS,1,R,R-NAR061419027,9,8,1.2398886026688472,1.3686770941156485
NAR061419027,NAR,MJS_1,MJS,1,R,R-NAR061419027,9,9,1.2993264279846852,1.3686770941156485
NAR061419028,NAR,CJF_1,CJF,1,R,R-NAR061419028,15,1,0.4792914427306025,1.9167088192009967
NAR061419028,NAR,CJF_1,CJF,1,R,R-NAR061419028,15,2,0.6730771745843285,1.9167088192009967
NAR061419028,NAR,CJF_1,CJF,1,R,R-NAR061419028,15,3,0.8131297888505455,1.9167088192009967
NAR061419028,NAR,CJF_1,CJF,1,R,R-NAR061419028,15,4,0.9445779762025736,1.9167088192009967
NAR061419028,NAR,CJF_1,CJF,1,R,R-NAR061419028,15,5,1.0366649252748166,1.9167088192009967
NAR061419028,NAR,CJF_1,CJF,1,R,R-NAR061419028,15,6,1.123259649490344,1.9167088192009967
NAR061419028,NAR,CJF_1,CJF,1,R,R-NAR061419028,15,7,1.2050943281073883,1.9167088192009967
NAR061419028,NAR,CJF_1,CJF,1,R,R-NAR061419028,15,8,1.2869290067244323,1.9167088192009967
NAR061419028,NAR,CJF_1,CJF,1,R,R-NAR061419028,15,9,1.3791076983089485,1.9167088192009967
NAR061419028,NAR,CJF_1,CJF,1,R,R-NAR061419028,15,10,1.440437836015595,1.9167088192009967
NAR061419028,NAR,CJF_1,CJF,1,R,R-NAR061419028,15,11,1.5184281333169336,1.9167088192009967
NAR061419028,NAR,CJF_1,CJF,1,R,R-NAR061419028,15,12,1.6182955875328602,1.9167088192009967
NAR061419028,NAR,CJF_1,CJF,1,R,R-NAR061419028,15,13,1.7262187744292907,1.9167088192009967
NAR061419028,NAR,CJF_1,CJF,1,R,R-NAR061419028,15,14,1.8112573976160815,1.9167088192009967
NAR061419028,NAR,CJF_1,CJF,1,R,R-NAR061419028,15,15,1.8859520078354002,1.9167088192009967
NAR061419028,NAR,CJF_2,CJF,2,R,R-NAR061419028,15,1,0.4302783662505438,1.8623667132718498
NAR061419028,NAR,CJF_2,CJF,2,R,R-NAR061419028,15,2,0.6184057732296404,1.8623667132718498
NAR061419028,NAR,CJF_2,CJF,2,R,R-NAR061419028,15,3,0.7588120800894298,1.8623667132718498
NAR061419028,NAR,CJF_2,CJF,2,R,R-NAR061419028,15,4,0.8849195997833619,1.8623667132718498
NAR061419028,NAR,CJF_2,CJF,2,R,R-NAR061419028,15,5,0.9907412662091036,1.8623667132718498
NAR061419028,NAR,CJF_2,CJF,2,R,R-NAR061419028,15,6,1.0808856487199212,1.8623667132718498
NAR061419028,NAR,CJF_2,CJF,2,R,R-NAR061419028,15,7,1.1614975064535014,1.8623667132718498
NAR061419028,NAR,CJF_2,CJF,2,R,R-NAR061419028,15,8,1.2431139986323219,1.8623667132718498
NAR061419028,NAR,CJF_2,CJF,2,R,R-NAR061419028,15,9,1.329339060164408,1.8623667132718498
NAR061419028,NAR,CJF_2,CJF,2,R,R-NAR061419028,15,10,1.395967516802838,1.8623667132718498
NAR061419028,NAR,CJF_2,CJF,2,R,R-NAR061419028,15,11,1.4782732573561932,1.8623667132718498
NAR061419028,NAR,CJF_2,CJF,2,R,R-NAR061419028,15,12,1.5628044360685045,1.8623667132718498
NAR061419028,NAR,CJF_2,CJF,2,R,R-NAR061419028,15,13,1.6757754960771747,1.8623667132718498
NAR061419028,NAR,CJF_2,CJF,2,R,R-NAR061419028,15,14,1.7510895360829548,1.8623667132718498
NAR061419028,NAR,CJF_2,CJF,2,R,R-NAR061419028,15,15,1.831012145442,1.8623667132718498
NAR061419028,NAR,CJF_3,CJF,3,R,R-NAR061419028,15,1,0.5227805626621896,1.9875357572865324
NAR061419028,NAR,CJF_3,CJF,3,R,R-NAR061419028,15,2,0.6929291902897583,1.9875357572865324
NAR061419028,NAR,CJF_3,CJF,3,R,R-NAR061419028,15,3,0.8516543629754454,1.9875357572865324
NAR061419028,NAR,CJF_3,CJF,3,R,R-NAR061419028,15,4,0.9857850427791799,1.9875357572865324
NAR061419028,NAR,CJF_3,CJF,3,R,R-NAR061419028,15,5,1.1015361628084277,1.9875357572865324
NAR061419028,NAR,CJF_3,CJF,3,R,R-NAR061419028,15,6,1.1869334692670592,1.9875357572865324
NAR061419028,NAR,CJF_3,CJF,3,R,R-NAR061419028,15,7,1.2595201637689746,1.9875357572865324
NAR061419028,NAR,CJF_3,CJF,3,R,R-NAR061419028,15,8,1.3505816044808234,1.9875357572865324
NAR061419028,NAR,CJF_3,CJF,3,R,R-NAR061419028,15,9,1.4328238511679992,1.9875357572865324
NAR061419028,NAR,CJF_3,CJF,3,R,R-NAR061419028,15,10,1.4933411054383383,1.9875357572865324
NAR061419028,NAR,CJF_3,CJF,3,R,R-NAR061419028,15,11,1.585980076035915,1.9875357572865324
NAR061419028,NAR,CJF_3,CJF,3,R,R-NAR061419028,15,12,1.6745324422660024,1.9875357572865324
NAR061419028,NAR,CJF_3,CJF,3,R,R-NAR061419028,15,13,1.8007754726410976,1.9875357572865324
NAR061419028,NAR,CJF_3,CJF,3,R,R-NAR061419028,15,14,1.8821813611676863,1.9875357572865324
NAR061419028,NAR,CJF_3,CJF,3,R,R-NAR061419028,15,15,1.9635872496942743,1.9875357572865324
NAR061419028,NAR,JRS_1,JRS,1,R,R-NAR061419028,14,1,0.42259442540881026,1.8547202677604602
NAR061419028,NAR,JRS_1,JRS,1,R,R-NAR061419028,14,2,0.6049438022442066,1.8547202677604602
NAR061419028,NAR,JRS_1,JRS,1,R,R-NAR061419028,14,3,0.7464924356453875,1.8547202677604602
NAR061419028,NAR,JRS_1,JRS,1,R,R-NAR061419028,14,4,0.8903202538232827,1.8547202677604602
NAR061419028,NAR,JRS_1,JRS,1,R,R-NAR061419028,14,5,0.9887889590135344,1.8547202677604602
NAR061419028,NAR,JRS_1,JRS,1,R,R-NAR061419028,14,6,1.0799636474312322,1.8547202677604602
NAR061419028,NAR,JRS_1,JRS,1,R,R-NAR061419028,14,7,1.1522196427323765,1.8547202677604602
NAR061419028,NAR,JRS_1,JRS,1,R,R-NAR061419028,14,8,1.2445339235384316,1.8547202677604602
NAR061419028,NAR,JRS_1,JRS,1,R,R-NAR061419028,14,9,1.3263631203888437,1.8547202677604602
NAR061419028,NAR,JRS_1,JRS,1,R,R-NAR061419028,14,10,1.3913250989174342,1.8547202677604602
NAR061419028,NAR,JRS_1,JRS,1,R,R-NAR061419028,14,11,1.4856908545182217,1.8547202677604602
NAR061419028,NAR,JRS_1,JRS,1,R,R-NAR061419028,14,12,1.5684319337750088,1.8547202677604602
NAR061419028,NAR,JRS_1,JRS,1,R,R-NAR061419028,14,13,1.6901499916532607,1.8547202677604602
NAR061419028,NAR,JRS_1,JRS,1,R,R-NAR061419028,14,14,1.7667366465258516,1.8547202677604602
NAR061419028,NAR,LEL_1,LEL,1,R,R-NAR061419028,15,1,0.4778727124920153,1.899372939456642
NAR061419028,NAR,LEL_1,LEL,1,R,R-NAR061419028,15,2,0.5815636659641042,1.899372939456642
NAR061419028,NAR,LEL_1,LEL,1,R,R-NAR061419028,15,3,0.6662125600046442,1.899372939456642
NAR061419028,NAR,LEL_1,LEL,1,R,R-NAR061419028,15,4,0.8172131274870539,1.899372939456642
NAR061419028,NAR,LEL_1,LEL,1,R,R-NAR061419028,15,5,0.9393764812948227,1.899372939456642
NAR061419028,NAR,LEL_1,LEL,1,R,R-NAR061419028,15,6,1.0415336372163104,1.899372939456642
NAR061419028,NAR,LEL_1,LEL,1,R,R-NAR061419028,15,7,1.1093535782827002,1.899372939456642
NAR061419028,NAR,LEL_1,LEL,1,R,R-NAR061419028,15,8,1.1981438556901032,1.899372939456642
NAR061419028,NAR,LEL_1,LEL,1,R,R-NAR061419028,15,9,1.304946524148242,1.899372939456642
NAR061419028,NAR,LEL_1,LEL,1,R,R-NAR061419028,15,10,1.394525760273369,1.899372939456642
NAR061419028,NAR,LEL_1,LEL,1,R,R-NAR061419028,15,11,1.454588473817058,1.899372939456642
NAR061419028,NAR,LEL_1,LEL,1,R,R-NAR061419028,15,12,1.5240518622449768,1.899372939456642
NAR061419028,NAR,LEL_1,LEL,1,R,R-NAR061419028,15,13,1.6399262561545649,1.899372939456642
NAR061419028,NAR,LEL_1,LEL,1,R,R-NAR061419028,15,14,1.726503427104569,1.899372939456642
NAR061419028,NAR,LEL_1,LEL,1,R,R-NAR061419028,15,15,1.7975006130830897,1.899372939456642
NAR061419028,NAR,LSR_1,LSR,1,R,R-NAR061419028,16,1,0.35714722954957295,1.9486641939305307
NAR061419028,NAR,LSR_1,LSR,1,R,R-NAR061419028,16,2,0.4924187053292799,1.9486641939305307
NAR061419028,NAR,LSR_1,LSR,1,R,R-NAR061419028,16,3,0.6034604473052406,1.9486641939305307
NAR061419028,NAR,LSR_1,LSR,1,R,R-NAR061419028,16,4,0.6652118009454783,1.9486641939305307
NAR061419028,NAR,LSR_1,LSR,1,R,R-NAR061419028,16,5,0.8220132295669196,1.9486641939305307
NAR061419028,NAR,LSR_1,LSR,1,R,R-NAR061419028,16,6,0.9488389083555803,1.9486641939305307
NAR061419028,NAR,LSR_1,LSR,1,R,R-NAR061419028,16,7,1.058669128071117,1.9486641939305307
NAR061419028,NAR,LSR_1,LSR,1,R,R-NAR061419028,16,8,1.1524038157008685,1.9486641939305307
NAR061419028,NAR,LSR_1,LSR,1,R,R-NAR061419028,16,9,1.2376927063395726,1.9486641939305307
NAR061419028,NAR,LSR_1,LSR,1,R,R-NAR061419028,16,10,1.3165433841439618,1.9486641939305307
NAR061419028,NAR,LSR_1,LSR,1,R,R-NAR061419028,16,11,1.3932826127005895,1.9486641939305307
NAR061419028,NAR,LSR_1,LSR,1,R,R-NAR061419028,16,12,1.4669065999310884,1.9486641939305307
NAR061419028,NAR,LSR_1,LSR,1,R,R-NAR061419028,16,13,1.5435419633966878,1.9486641939305307
NAR061419028,NAR,LSR_1,LSR,1,R,R-NAR061419028,16,14,1.6513645989554915,1.9486641939305307
NAR061419028,NAR,LSR_1,LSR,1,R,R-NAR061419028,16,15,1.7738635141575994,1.9486641939305307
NAR061419028,NAR,LSR_1,LSR,1,R,R-NAR061419028,16,16,1.859152404796303,1.9486641939305307
NAR061419028,NAR,MJS_1,MJS,1,R,R-NAR061419028,14,1,0.5265636260212359,1.8994007998346267
NAR061419028,NAR,MJS_1,MJS,1,R,R-NAR061419028,14,2,0.6923097254861971,1.8994007998346267
NAR061419028,NAR,MJS_1,MJS,1,R,R-NAR061419028,14,3,0.8403824092126528,1.8994007998346267
NAR061419028,NAR,MJS_1,MJS,1,R,R-NAR061419028,14,4,0.9728915767630526,1.8994007998346267
NAR061419028,NAR,MJS_1,MJS,1,R,R-NAR061419028,14,5,1.064382054310863,1.8994007998346267
NAR061419028,NAR,MJS_1,MJS,1,R,R-NAR061419028,14,6,1.1579824314211224,1.8994007998346267
NAR061419028,NAR,MJS_1,MJS,1,R,R-NAR061419028,14,7,1.2325462481749627,1.8994007998346267
NAR061419028,NAR,MJS_1,MJS,1,R,R-NAR061419028,14,8,1.304164495639052,1.8994007998346267
NAR061419028,NAR,MJS_1,MJS,1,R,R-NAR061419028,14,9,1.3908187843885855,1.8994007998346267
NAR061419028,NAR,MJS_1,MJS,1,R,R-NAR061419028,14,10,1.4648551262518135,1.8994007998346267
NAR061419028,NAR,MJS_1,MJS,1,R,R-NAR061419028,14,11,1.5490913206022081,1.8994007998346267
NAR061419028,NAR,MJS_1,MJS,1,R,R-NAR061419028,14,12,1.6510009306911078,1.8994007998346267
NAR061419028,NAR,MJS_1,MJS,1,R,R-NAR061419028,14,13,1.7293459864620007,1.8994007998346267
NAR061419028,NAR,MJS_1,MJS,1,R,R-NAR061419028,14,14,1.7878188121491725,1.8994007998346267
NAR061419029,NAR,CJF_1,CJF,1,R,R-NAR061419029,10,1,0.46549125896249927,1.2389671436223537
NAR061419029,NAR,CJF_1,CJF,1,R,R-NAR061419029,10,2,0.615932415118084,1.2389671436223537
NAR061419029,NAR,CJF_1,CJF,1,R,R-NAR061419029,10,3,0.7314915264091598,1.2389671436223537
NAR061419029,NAR,CJF_1,CJF,1,R,R-NAR061419029,10,4,0.8099116638702095,1.2389671436223537
NAR061419029,NAR,CJF_1,CJF,1,R,R-NAR061419029,10,5,0.8850769875330625,1.2389671436223537
NAR061419029,NAR,CJF_1,CJF,1,R,R-NAR061419029,10,6,0.9421165122823036,1.2389671436223537
NAR061419029,NAR,CJF_1,CJF,1,R,R-NAR061419029,10,7,1.0236441184350453,1.2389671436223537
NAR061419029,NAR,CJF_1,CJF,1,R,R-NAR061419029,10,8,1.0846048153255277,1.2389671436223537
NAR061419029,NAR,CJF_1,CJF,1,R,R-NAR061419029,10,9,1.1463423793889327,1.2389671436223537
NAR061419029,NAR,CJF_1,CJF,1,R,R-NAR061419029,10,10,1.2175865309105445,1.2389671436223537
NAR061419029,NAR,CJF_2,CJF,2,R,R-NAR061419029,11,1,0.3083272160597398,1.2514680017610975
NAR061419029,NAR,CJF_2,CJF,2,R,R-NAR061419029,11,2,0.5020547865111369,1.2514680017610975
NAR061419029,NAR,CJF_2,CJF,2,R,R-NAR061419029,11,3,0.6491146817387016,1.2514680017610975
NAR061419029,NAR,CJF_2,CJF,2,R,R-NAR061419029,11,4,0.7432028999728825,1.2514680017610975
NAR061419029,NAR,CJF_2,CJF,2,R,R-NAR061419029,11,5,0.8261888502409928,1.2514680017610975
NAR061419029,NAR,CJF_2,CJF,2,R,R-NAR061419029,11,6,0.9012713766740449,1.2514680017610975
NAR061419029,NAR,CJF_2,CJF,2,R,R-NAR061419029,11,7,0.9622401639949606,1.2514680017610975
NAR061419029,NAR,CJF_2,CJF,2,R,R-NAR061419029,11,8,1.0569875635231838,1.2514680017610975
NAR061419029,NAR,CJF_2,CJF,2,R,R-NAR061419029,11,9,1.121814376269155,1.2514680017610975
NAR061419029,NAR,CJF_2,CJF,2,R,R-NAR061419029,11,10,1.1850417669496196,1.2514680017610975
NAR061419029,NAR,CJF_2,CJF,2,R,R-NAR061419029,11,11,1.231709442173452,1.2514680017610975
NAR061419029,NAR,CJF_3,CJF,3,R,R-NAR061419029,11,1,0.3140962375090733,1.2740724392877063
NAR061419029,NAR,CJF_3,CJF,3,R,R-NAR061419029,11,2,0.4991379602820731,1.2740724392877063
NAR061419029,NAR,CJF_3,CJF,3,R,R-NAR061419029,11,3,0.6448091037416687,1.2740724392877063
NAR061419029,NAR,CJF_3,CJF,3,R,R-NAR061419029,11,4,0.7550467258192002,1.2740724392877063
NAR061419029,NAR,CJF_3,CJF,3,R,R-NAR061419029,11,5,0.8464674552381907,1.2740724392877063
NAR061419029,NAR,CJF_3,CJF,3,R,R-NAR061419029,11,6,0.8998494722806355,1.2740724392877063
NAR061419029,NAR,CJF_3,CJF,3,R,R-NAR061419029,11,7,0.9659110601152623,1.2740724392877063
NAR061419029,NAR,CJF_3,CJF,3,R,R-NAR061419029,11,8,1.03918083034414,1.2740724392877063
NAR061419029,NAR,CJF_3,CJF,3,R,R-NAR061419029,11,9,1.1172560555025193,1.2740724392877063
NAR061419029,NAR,CJF_3,CJF,3,R,R-NAR061419029,11,10,1.1922626197277182,1.2740724392877063
NAR061419029,NAR,CJF_3,CJF,3,R,R-NAR061419029,11,11,1.245644636770163,1.2740724392877063
NAR061419029,NAR,JRS_1,JRS,1,R,R-NAR061419029,10,1,0.35792513226756867,1.3075088392728353
NAR061419029,NAR,JRS_1,JRS,1,R,R-NAR061419029,10,2,0.5621583446771619,1.3075088392728353
NAR061419029,NAR,JRS_1,JRS,1,R,R-NAR061419029,10,3,0.7011201850859732,1.3075088392728353
NAR061419029,NAR,JRS_1,JRS,1,R,R-NAR061419029,10,4,0.7979731864044819,1.3075088392728353
NAR061419029,NAR,JRS_1,JRS,1,R,R-NAR061419029,10,5,0.8937788095673608,1.3075088392728353
NAR061419029,NAR,JRS_1,JRS,1,R,R-NAR061419029,10,6,0.9537865766818554,1.3075088392728353
NAR061419029,NAR,JRS_1,JRS,1,R,R-NAR061419029,10,7,1.0179972134729387,1.3075088392728353
NAR061419029,NAR,JRS_1,JRS,1,R,R-NAR061419029,10,8,1.1022282487076118,1.3075088392728353
NAR061419029,NAR,JRS_1,JRS,1,R,R-NAR061419029,10,9,1.174857981905942,1.3075088392728353
NAR061419029,NAR,JRS_1,JRS,1,R,R-NAR061419029,10,10,1.2453929587930122,1.3075088392728353
NAR061419029,NAR,LEL_1,LEL,1,R,R-NAR061419029,10,1,0.35825648345956745,1.3053435050644848
NAR061419029,NAR,LEL_1,LEL,1,R,R-NAR061419029,10,2,0.5622357008324509,1.3053435050644848
NAR061419029,NAR,LEL_1,LEL,1,R,R-NAR061419029,10,3,0.6931186491973406,1.3053435050644848
NAR061419029,NAR,LEL_1,LEL,1,R,R-NAR061419029,10,4,0.7946980914398754,1.3053435050644848
NAR061419029,NAR,LEL_1,LEL,1,R,R-NAR061419029,10,5,0.8762075706247284,1.3053435050644848
NAR061419029,NAR,LEL_1,LEL,1,R,R-NAR061419029,10,6,0.931080934139013,1.3053435050644848
NAR061419029,NAR,LEL_1,LEL,1,R,R-NAR061419029,10,7,1.0313877263145639,1.3053435050644848
NAR061419029,NAR,LEL_1,LEL,1,R,R-NAR061419029,10,8,1.099271304736804,1.3053435050644848
NAR061419029,NAR,LEL_1,LEL,1,R,R-NAR061419029,10,9,1.1605061738308189,1.3053435050644848
NAR061419029,NAR,LEL_1,LEL,1,R,R-NAR061419029,10,10,1.214722573132777,1.3053435050644848
NAR061419029,NAR,LSR_1,LSR,1,R,R-NAR061419029,11,1,0.35429625178105306,1.3065323867528944
NAR061419029,NAR,LSR_1,LSR,1,R,R-NAR061419029,11,2,0.5282246259014397,1.3065323867528944
NAR061419029,NAR,LSR_1,LSR,1,R,R-NAR061419029,11,3,0.6812209794845743,1.3065323867528944
NAR061419029,NAR,LSR_1,LSR,1,R,R-NAR061419029,11,4,0.771868257311175,1.3065323867528944
NAR061419029,NAR,LSR_1,LSR,1,R,R-NAR061419029,11,5,0.8646886858810527,1.3065323867528944
NAR061419029,NAR,LSR_1,LSR,1,R,R-NAR061419029,11,6,0.9342440457912969,1.3065323867528944
NAR061419029,NAR,LSR_1,LSR,1,R,R-NAR061419029,11,7,1.0080657584985435,1.3065323867528944
NAR061419029,NAR,LSR_1,LSR,1,R,R-NAR061419029,11,8,1.0766144917267013,1.3065323867528944
NAR061419029,NAR,LSR_1,LSR,1,R,R-NAR061419029,11,9,1.136710468050406,1.3065323867528944
NAR061419029,NAR,LSR_1,LSR,1,R,R-NAR061419029,11,10,1.2116187561292915,1.3065323867528944
NAR061419029,NAR,LSR_1,LSR,1,R,R-NAR061419029,11,11,1.2685349550276328,1.3065323867528944
NAR061419029,NAR,MJS_1,MJS,1,R,R-NAR061419029,10,1,0.5320139177324278,1.3013969384362454
NAR061419029,NAR,MJS_1,MJS,1,R,R-NAR061419029,10,2,0.6922701049184469,1.3013969384362454
NAR061419029,NAR,MJS_1,MJS,1,R,R-NAR061419029,10,3,0.7819558115013414,1.3013969384362454
NAR061419029,NAR,MJS_1,MJS,1,R,R-NAR061419029,10,4,0.8483120397887376,1.3013969384362454
NAR061419029,NAR,MJS_1,MJS,1,R,R-NAR061419029,10,5,0.9349475854891626,1.3013969384362454
NAR061419029,NAR,MJS_1,MJS,1,R,R-NAR061419029,10,6,1.0013038137765586,1.3013969384362454
NAR061419029,NAR,MJS_1,MJS,1,R,R-NAR061419029,10,7,1.0802328328614783,1.3013969384362454
NAR061419029,NAR,MJS_1,MJS,1,R,R-NAR061419029,10,8,1.1412107173998878,1.3013969384362454
NAR061419029,NAR,MJS_1,MJS,1,R,R-NAR061419029,10,9,1.2021886019382961,1.3013969384362454
NAR061419029,NAR,MJS_1,MJS,1,R,R-NAR061419029,10,10,1.2553899937115394,1.3013969384362454
NAR061419030,NAR,CJF_1,CJF,1,R,R-NAR061419030,9,1,0.48775458736597227,1.378380770681597
NAR061419030,NAR,CJF_1,CJF,1,R,R-NAR061419030,9,2,0.6863519660607149,1.378380770681597
NAR061419030,NAR,CJF_1,CJF,1,R,R-NAR061419030,9,3,0.8334105946526876,1.378380770681597
NAR061419030,NAR,CJF_1,CJF,1,R,R-NAR061419030,9,4,0.9353126053856216,1.378380770681597
NAR061419030,NAR,CJF_1,CJF,1,R,R-NAR061419030,9,5,1.0253907432091793,1.378380770681597
NAR061419030,NAR,CJF_1,CJF,1,R,R-NAR061419030,9,6,1.1131064057236393,1.378380770681597
NAR061419030,NAR,CJF_1,CJF,1,R,R-NAR061419030,9,7,1.2010571661326201,1.378380770681597
NAR061419030,NAR,CJF_1,CJF,1,R,R-NAR061419030,9,8,1.2927924855817126,1.378380770681597
NAR061419030,NAR,CJF_1,CJF,1,R,R-NAR061419030,9,9,1.3615968492595045,1.378380770681597
NAR061419030,NAR,CJF_2,CJF,2,R,R-NAR061419030,9,1,0.4939702957722955,1.3998512837765302
NAR061419030,NAR,CJF_2,CJF,2,R,R-NAR061419030,9,2,0.6977532012099943,1.3998512837765302
NAR061419030,NAR,CJF_2,CJF,2,R,R-NAR061419030,9,3,0.8318660773648978,1.3998512837765302
NAR061419030,NAR,CJF_2,CJF,2,R,R-NAR061419030,9,4,0.9210880727521285,1.3998512837765302
NAR061419030,NAR,CJF_2,CJF,2,R,R-NAR061419030,9,5,1.0161823203621085,1.3998512837765302
NAR061419030,NAR,CJF_2,CJF,2,R,R-NAR061419030,9,6,1.1220534676994947,1.3998512837765302
NAR061419030,NAR,CJF_2,CJF,2,R,R-NAR061419030,9,7,1.1985633539231326,1.3998512837765302
NAR061419030,NAR,CJF_2,CJF,2,R,R-NAR061419030,9,8,1.2834404679538218,1.3998512837765302
NAR061419030,NAR,CJF_2,CJF,2,R,R-NAR061419030,9,9,1.3725771596771064,1.3998512837765302
NAR061419030,NAR,CJF_3,CJF,3,R,R-NAR061419030,9,1,0.4628338495811213,1.3916531786078696
NAR061419030,NAR,CJF_3,CJF,3,R,R-NAR061419030,9,2,0.6844327587605261,1.3916531786078696
NAR061419030,NAR,CJF_3,CJF,3,R,R-NAR061419030,9,3,0.8232853698980079,1.3916531786078696
NAR061419030,NAR,CJF_3,CJF,3,R,R-NAR061419030,9,4,0.9202646207062961,1.3916531786078696
NAR061419030,NAR,CJF_3,CJF,3,R,R-NAR061419030,9,5,1.0153678302565132,1.3916531786078696
NAR061419030,NAR,CJF_3,CJF,3,R,R-NAR061419030,9,6,1.1195760801071173,1.3916531786078696
NAR061419030,NAR,CJF_3,CJF,3,R,R-NAR061419030,9,7,1.211152252459459,1.3916531786078696
NAR061419030,NAR,CJF_3,CJF,3,R,R-NAR061419030,9,8,1.3097323785358495,1.3916531786078696
NAR061419030,NAR,CJF_3,CJF,3,R,R-NAR061419030,9,9,1.3736681433253621,1.3916531786078696
NAR061419030,NAR,JRS_1,JRS,1,R,R-NAR061419030,8,1,0.5430424066756336,1.4269003794915085
NAR061419030,NAR,JRS_1,JRS,1,R,R-NAR061419030,8,2,0.728966133141054,1.4269003794915085
NAR061419030,NAR,JRS_1,JRS,1,R,R-NAR061419030,8,3,0.8802053258805282,1.4269003794915085
NAR061419030,NAR,JRS_1,JRS,1,R,R-NAR061419030,8,4,0.9703017128525651,1.4269003794915085
NAR061419030,NAR,JRS_1,JRS,1,R,R-NAR061419030,8,5,1.058437979217842,1.4269003794915085
NAR061419030,NAR,JRS_1,JRS,1,R,R-NAR061419030,8,6,1.1555720657823987,1.4269003794915085
NAR061419030,NAR,JRS_1,JRS,1,R,R-NAR061419030,8,7,1.2563587992823013,1.4269003794915085
NAR061419030,NAR,JRS_1,JRS,1,R,R-NAR061419030,8,8,1.3458018127187512,1.4269003794915085
NAR061419030,NAR,LEL_1,LEL,1,R,R-NAR061419030,8,1,0.5037249792555692,1.3990642663815782
NAR061419030,NAR,LEL_1,LEL,1,R,R-NAR061419030,8,2,0.704435655478739,1.3990642663815782
NAR061419030,NAR,LEL_1,LEL,1,R,R-NAR061419030,8,3,0.8511688718819957,1.3990642663815782
NAR061419030,NAR,LEL_1,LEL,1,R,R-NAR061419030,8,4,0.9483574788507986,1.3990642663815782
NAR061419030,NAR,LEL_1,LEL,1,R,R-NAR061419030,8,5,1.0519659395551706,1.3990642663815782
NAR061419030,NAR,LEL_1,LEL,1,R,R-NAR061419030,8,6,1.1473313639288012,1.3990642663815782
NAR061419030,NAR,LEL_1,LEL,1,R,R-NAR061419030,8,7,1.2202228191554032,1.3990642663815782
NAR061419030,NAR,LEL_1,LEL,1,R,R-NAR061419030,8,8,1.297365379722383,1.3990642663815782
NAR061419030,NAR,LSR_1,LSR,1,R,R-NAR061419030,8,1,0.514113259293045,1.4002785126649915
NAR061419030,NAR,LSR_1,LSR,1,R,R-NAR061419030,8,2,0.7135623249609634,1.4002785126649915
NAR061419030,NAR,LSR_1,LSR,1,R,R-NAR061419030,8,3,0.8452367569120585,1.4002785126649915
NAR061419030,NAR,LSR_1,LSR,1,R,R-NAR061419030,8,4,0.9405168184603023,1.4002785126649915
NAR061419030,NAR,LSR_1,LSR,1,R,R-NAR061419030,8,5,1.0362364070582042,1.4002785126649915
NAR061419030,NAR,LSR_1,LSR,1,R,R-NAR061419030,8,6,1.1105230385555238,1.4002785126649915
NAR061419030,NAR,LSR_1,LSR,1,R,R-NAR061419030,8,7,1.2118755708346072,1.4002785126649915
NAR061419030,NAR,LSR_1,LSR,1,R,R-NAR061419030,8,8,1.3047786875919183,1.4002785126649915
NAR061419030,NAR,MJS_1,MJS,1,R,R-NAR061419030,8,1,0.5654344943829216,1.4424464819211704
NAR061419030,NAR,MJS_1,MJS,1,R,R-NAR061419030,8,2,0.7553225220078894,1.4424464819211704
NAR061419030,NAR,MJS_1,MJS,1,R,R-NAR061419030,8,3,0.877011987538249,1.4424464819211704
NAR061419030,NAR,MJS_1,MJS,1,R,R-NAR061419030,8,4,0.9703770982459705,1.4424464819211704
NAR061419030,NAR,MJS_1,MJS,1,R,R-NAR061419030,8,5,1.077378085330091,1.4424464819211704
NAR061419030,NAR,MJS_1,MJS,1,R,R-NAR061419030,8,6,1.1675949799345966,1.4424464819211704
NAR061419030,NAR,MJS_1,MJS,1,R,R-NAR061419030,8,7,1.2641083067455343,1.4424464819211704
NAR061419030,NAR,MJS_1,MJS,1,R,R-NAR061419030,8,8,1.3448805530403913,1.4424464819211704
NAR061419031,NAR,CJF_1,CJF,1,R,R-NAR061419031,9,1,0.4781993695287129,1.3179651305189442
NAR061419031,NAR,CJF_1,CJF,1,R,R-NAR061419031,9,2,0.6685734537974843,1.3179651305189442
NAR061419031,NAR,CJF_1,CJF,1,R,R-NAR061419031,9,3,0.7818249392455222,1.3179651305189442
NAR061419031,NAR,CJF_1,CJF,1,R,R-NAR061419031,9,4,0.8699226434124945,1.3179651305189442
NAR061419031,NAR,CJF_1,CJF,1,R,R-NAR061419031,9,5,0.9632013707512355,1.3179651305189442
NAR061419031,NAR,CJF_1,CJF,1,R,R-NAR061419031,9,6,1.0748708941327287,1.3179651305189442
NAR061419031,NAR,CJF_1,CJF,1,R,R-NAR061419031,9,7,1.149976393914784,1.3179651305189442
NAR061419031,NAR,CJF_1,CJF,1,R,R-NAR061419031,9,8,1.2370655485624176,1.3179651305189442
NAR061419031,NAR,CJF_1,CJF,1,R,R-NAR061419031,9,9,1.2939978207877882,1.3179651305189442
NAR061419031,NAR,CJF_2,CJF,2,R,R-NAR061419031,9,1,0.48863892642106554,1.3596872093567665
NAR061419031,NAR,CJF_2,CJF,2,R,R-NAR061419031,9,2,0.67129106781017,1.3596872093567665
NAR061419031,NAR,CJF_2,CJF,2,R,R-NAR061419031,9,3,0.7865812302443252,1.3596872093567665
NAR061419031,NAR,CJF_2,CJF,2,R,R-NAR061419031,9,4,0.8926625506001211,1.3596872093567665
NAR061419031,NAR,CJF_2,CJF,2,R,R-NAR061419031,9,5,0.98163879721949,1.3596872093567665
NAR061419031,NAR,CJF_2,CJF,2,R,R-NAR061419031,9,6,1.0833591731979275,1.3596872093567665
NAR061419031,NAR,CJF_2,CJF,2,R,R-NAR061419031,9,7,1.171171058947639,1.3596872093567665
NAR061419031,NAR,CJF_2,CJF,2,R,R-NAR061419031,9,8,1.260824713113023,1.3596872093567665
NAR061419031,NAR,CJF_2,CJF,2,R,R-NAR061419031,9,9,1.3377342379193384,1.3596872093567665
NAR061419031,NAR,CJF_3,CJF,3,R,R-NAR061419031,9,1,0.49697793164037013,1.3305000898883328
NAR061419031,NAR,CJF_3,CJF,3,R,R-NAR061419031,9,2,0.6577017785821317,1.3305000898883328
NAR061419031,NAR,CJF_3,CJF,3,R,R-NAR061419031,9,3,0.7813283788465499,1.3305000898883328
NAR061419031,NAR,CJF_3,CJF,3,R,R-NAR061419031,9,4,0.8750520555718134,1.3305000898883328
NAR061419031,NAR,CJF_3,CJF,3,R,R-NAR061419031,9,5,0.9777686362198138,1.3305000898883328
NAR061419031,NAR,CJF_3,CJF,3,R,R-NAR061419031,9,6,1.0648433369753167,1.3305000898883328
NAR061419031,NAR,CJF_3,CJF,3,R,R-NAR061419031,9,7,1.1527535268082323,1.3305000898883328
NAR061419031,NAR,CJF_3,CJF,3,R,R-NAR061419031,9,8,1.2518729458871383,1.3305000898883328
NAR061419031,NAR,CJF_3,CJF,3,R,R-NAR061419031,9,9,1.317074535319089,1.3305000898883328
NAR061419031,NAR,JRS_1,JRS,1,R,R-NAR061419031,8,1,0.4721063417489615,1.310045407427055
NAR061419031,NAR,JRS_1,JRS,1,R,R-NAR061419031,8,2,0.6364978347937064,1.310045407427055
NAR061419031,NAR,JRS_1,JRS,1,R,R-NAR061419031,8,3,0.7684763801016539,1.310045407427055
NAR061419031,NAR,JRS_1,JRS,1,R,R-NAR061419031,8,4,0.8446526587996626,1.310045407427055
NAR061419031,NAR,JRS_1,JRS,1,R,R-NAR061419031,8,5,0.9655140536065612,1.310045407427055
NAR061419031,NAR,JRS_1,JRS,1,R,R-NAR061419031,8,6,1.0555839839944356,1.310045407427055
NAR061419031,NAR,JRS_1,JRS,1,R,R-NAR061419031,8,7,1.1454206816589454,1.310045407427055
NAR061419031,NAR,JRS_1,JRS,1,R,R-NAR061419031,8,8,1.2299320367962956,1.310045407427055
NAR061419031,NAR,LEL_1,LEL,1,R,R-NAR061419031,9,1,0.5155330883901634,1.312237754567408
NAR061419031,NAR,LEL_1,LEL,1,R,R-NAR061419031,9,2,0.6161306027348863,1.312237754567408
NAR061419031,NAR,LEL_1,LEL,1,R,R-NAR061419031,9,3,0.6710161184994208,1.312237754567408
NAR061419031,NAR,LEL_1,LEL,1,R,R-NAR061419031,9,4,0.828695285816299,1.312237754567408
NAR061419031,NAR,LEL_1,LEL,1,R,R-NAR061419031,9,5,0.910474525161196,1.312237754567408
NAR061419031,NAR,LEL_1,LEL,1,R,R-NAR061419031,9,6,0.980101694799902,1.312237754567408
NAR061419031,NAR,LEL_1,LEL,1,R,R-NAR061419031,9,7,1.0944983817565306,1.312237754567408
NAR061419031,NAR,LEL_1,LEL,1,R,R-NAR061419031,9,8,1.1704761033992845,1.312237754567408
NAR061419031,NAR,LEL_1,LEL,1,R,R-NAR061419031,9,9,1.2505304461676932,1.312237754567408
NAR061419031,NAR,LSR_1,LSR,1,R,R-NAR061419031,9,1,0.4906864294708433,1.3624591269170778
NAR061419031,NAR,LSR_1,LSR,1,R,R-NAR061419031,9,2,0.5903883579307824,1.3624591269170778
NAR061419031,NAR,LSR_1,LSR,1,R,R-NAR061419031,9,3,0.6782759891478111,1.3624591269170778
NAR061419031,NAR,LSR_1,LSR,1,R,R-NAR061419031,9,4,0.7937832992647194,1.3624591269170778
NAR061419031,NAR,LSR_1,LSR,1,R,R-NAR061419031,9,5,0.888536111206901,1.3624591269170778
NAR061419031,NAR,LSR_1,LSR,1,R,R-NAR061419031,9,6,0.9947036823397779,1.3624591269170778
NAR061419031,NAR,LSR_1,LSR,1,R,R-NAR061419031,9,7,1.0889774782301107,1.3624591269170778
NAR061419031,NAR,LSR_1,LSR,1,R,R-NAR061419031,9,8,1.1570686433761106,1.3624591269170778
NAR061419031,NAR,LSR_1,LSR,1,R,R-NAR061419031,9,9,1.2543754915768053,1.3624591269170778
NAR061419031,NAR,MJS_1,MJS,1,R,R-NAR061419031,7,1,0.6411016276357754,1.33669672071156
NAR061419031,NAR,MJS_1,MJS,1,R,R-NAR061419031,7,2,0.7686182291237558,1.33669672071156
NAR061419031,NAR,MJS_1,MJS,1,R,R-NAR061419031,7,3,0.8699435398596336,1.33669672071156
NAR061419031,NAR,MJS_1,MJS,1,R,R-NAR061419031,7,4,0.9529740428489951,1.33669672071156
NAR061419031,NAR,MJS_1,MJS,1,R,R-NAR061419031,7,5,1.0621958365904578,1.33669672071156
NAR061419031,NAR,MJS_1,MJS,1,R,R-NAR061419031,7,6,1.1523409069863209,1.33669672071156
NAR061419031,NAR,MJS_1,MJS,1,R,R-NAR061419031,7,7,1.251555333786393,1.33669672071156
NAR061419032,NAR,CJF_1,CJF,1,R,R-NAR061419032,3,1,0.5009912896819863,0.8397576330427236
NAR061419032,NAR,CJF_1,CJF,1,R,R-NAR061419032,3,2,0.6966142472244292,0.8397576330427236
NAR061419032,NAR,CJF_1,CJF,1,R,R-NAR061419032,3,3,0.8326046880246262,0.8397576330427236
NAR061419032,NAR,CJF_2,CJF,2,R,R-NAR061419032,3,1,0.45705096827360614,0.8145513038969512
NAR061419032,NAR,CJF_2,CJF,2,R,R-NAR061419032,3,2,0.6653636969858007,0.8145513038969512
NAR061419032,NAR,CJF_2,CJF,2,R,R-NAR061419032,3,3,0.8032762005001578,0.8145513038969512
NAR061419032,NAR,CJF_3,CJF,3,R,R-NAR061419032,3,1,0.4783794168908713,0.8252626384264605
NAR061419032,NAR,CJF_3,CJF,3,R,R-NAR061419032,3,2,0.6874615337842035,0.8252626384264605
NAR061419032,NAR,CJF_3,CJF,3,R,R-NAR061419032,3,3,0.8111186178731419,0.8252626384264605
NAR061419032,NAR,JRS_1,JRS,1,R,R-NAR061419032,2,1,0.4883360487935475,0.8029114878515643
NAR061419032,NAR,JRS_1,JRS,1,R,R-NAR061419032,2,2,0.6604559006236078,0.8029114878515643
NAR061419032,NAR,LEL_1,LEL,1,R,R-NAR061419032,2,1,0.5274627553183222,0.8304235606359001
NAR061419032,NAR,LEL_1,LEL,1,R,R-NAR061419032,2,2,0.6922871141672634,0.8304235606359001
NAR061419032,NAR,LSR_1,LSR,1,R,R-NAR061419032,2,1,0.5415040977492315,0.8690400715266979
NAR061419032,NAR,LSR_1,LSR,1,R,R-NAR061419032,2,2,0.7343562910432136,0.8690400715266979
NAR061419032,NAR,MJS_1,MJS,1,R,R-NAR061419032,2,1,0.5084456206058185,0.8337000883696832
NAR061419032,NAR,MJS_1,MJS,1,R,R-NAR061419032,2,2,0.7084075355358166,0.8337000883696832
NAR061419033,NAR,CJF_1,CJF,1,R,R-NAR061419033,3,1,0.5213575684668795,0.9064697862798777
NAR061419033,NAR,CJF_1,CJF,1,R,R-NAR061419033,3,2,0.773929762370626,0.9064697862798777
NAR061419033,NAR,CJF_1,CJF,1,R,R-NAR061419033,3,3,0.8761725621482844,0.9064697862798777
NAR061419033,NAR,CJF_2,CJF,2,R,R-NAR061419033,3,1,0.5238026218359001,0.9269649917893209
NAR061419033,NAR,CJF_2,CJF,2,R,R-NAR061419033,3,2,0.7773542257513548,0.9269649917893209
NAR061419033,NAR,CJF_2,CJF,2,R,R-NAR061419033,3,3,0.9068269081479612,0.9269649917893209
NAR061419033,NAR,CJF_3,CJF,3,R,R-NAR061419033,3,1,0.5288141548099906,0.918818921775348
NAR061419033,NAR,CJF_3,CJF,3,R,R-NAR061419033,3,2,0.7447552569433818,0.918818921775348
NAR061419033,NAR,CJF_3,CJF,3,R,R-NAR061419033,3,3,0.9108849783360023,0.918818921775348
NAR061419033,NAR,JRS_1,JRS,1,R,R-NAR061419033,2,1,0.3286917652989144,0.560350654956235
NAR061419033,NAR,JRS_1,JRS,1,R,R-NAR061419033,2,2,0.4410278778393326,0.560350654956235
NAR061419033,NAR,LEL_1,LEL,1,R,R-NAR061419033,2,1,0.5301807845529479,0.8868961313828807
NAR061419033,NAR,LEL_1,LEL,1,R,R-NAR061419033,2,2,0.7556158173397829,0.8868961313828807
NAR061419033,NAR,LSR_1,LSR,1,R,R-NAR061419033,3,1,0.5161874200364759,0.9354161933877315
NAR061419033,NAR,LSR_1,LSR,1,R,R-NAR061419033,3,2,0.6151777962215027,0.9354161933877315
NAR061419033,NAR,LSR_1,LSR,1,R,R-NAR061419033,3,3,0.776003219097718,0.9354161933877315
NAR061419033,NAR,MJS_1,MJS,1,R,R-NAR061419033,2,1,0.5420436286565401,0.9553788007771893
NAR061419033,NAR,MJS_1,MJS,1,R,R-NAR061419033,2,2,0.7862431089466082,0.9553788007771893
NAR061419034,NAR,CJF_1,CJF,1,R,R-NAR061419034,11,1,0.35062517353745787,1.3295672934225045
NAR061419034,NAR,CJF_1,CJF,1,R,R-NAR061419034,11,2,0.592295921998367,1.3295672934225045
NAR061419034,NAR,CJF_1,CJF,1,R,R-NAR061419034,11,3,0.7293340072732776,1.3295672934225045
NAR061419034,NAR,CJF_1,CJF,1,R,R-NAR061419034,11,4,0.8113315107237645,1.3295672934225045
NAR061419034,NAR,CJF_1,CJF,1,R,R-NAR061419034,11,5,0.9048819805854204,1.3295672934225045
NAR061419034,NAR,CJF_1,CJF,1,R,R-NAR061419034,11,6,0.9891329611805042,1.3295672934225045
NAR061419034,NAR,CJF_1,CJF,1,R,R-NAR061419034,11,7,1.0496220434677772,1.3295672934225045
NAR061419034,NAR,CJF_1,CJF,1,R,R-NAR061419034,11,8,1.119595807420267,1.3295672934225045
NAR061419034,NAR,CJF_1,CJF,1,R,R-NAR061419034,11,9,1.1884428328004566,1.3295672934225045
NAR061419034,NAR,CJF_1,CJF,1,R,R-NAR061419034,11,10,1.257996017810889,1.3295672934225045
NAR061419034,NAR,CJF_1,CJF,1,R,R-NAR061419034,11,11,1.302610371796442,1.3295672934225045
NAR061419034,NAR,CJF_2,CJF,2,R,R-NAR061419034,11,1,0.3535942009224429,1.3245299199971616
NAR061419034,NAR,CJF_2,CJF,2,R,R-NAR061419034,11,2,0.5733793834989748,1.3245299199971616
NAR061419034,NAR,CJF_2,CJF,2,R,R-NAR061419034,11,3,0.7113410635591547,1.3245299199971616
NAR061419034,NAR,CJF_2,CJF,2,R,R-NAR061419034,11,4,0.8011879472517642,1.3245299199971616
NAR061419034,NAR,CJF_2,CJF,2,R,R-NAR061419034,11,5,0.8899325526252309,1.3245299199971616
NAR061419034,NAR,CJF_2,CJF,2,R,R-NAR061419034,11,6,0.958221282369609,1.3245299199971616
NAR061419034,NAR,CJF_2,CJF,2,R,R-NAR061419034,11,7,1.0417109477096638,1.3245299199971616
NAR061419034,NAR,CJF_2,CJF,2,R,R-NAR061419034,11,8,1.1185614524448844,1.3245299199971616
NAR061419034,NAR,CJF_2,CJF,2,R,R-NAR061419034,11,9,1.1730334671650082,1.3245299199971616
NAR061419034,NAR,CJF_2,CJF,2,R,R-NAR061419034,11,10,1.2410402546571073,1.3245299199971616
NAR061419034,NAR,CJF_2,CJF,2,R,R-NAR061419034,11,11,1.3076628215777835,1.3245299199971616
NAR061419034,NAR,CJF_3,CJF,3,R,R-NAR061419034,11,1,0.3430841185362013,1.3233715899113783
NAR061419034,NAR,CJF_3,CJF,3,R,R-NAR061419034,11,2,0.5598035543382458,1.3233715899113783
NAR061419034,NAR,CJF_3,CJF,3,R,R-NAR061419034,11,3,0.7086959509996309,1.3233715899113783
NAR061419034,NAR,CJF_3,CJF,3,R,R-NAR061419034,11,4,0.7963410012564555,1.3233715899113783
NAR061419034,NAR,CJF_3,CJF,3,R,R-NAR061419034,11,5,0.8901371492123309,1.3233715899113783
NAR061419034,NAR,CJF_3,CJF,3,R,R-NAR061419034,11,6,0.96845333746806,1.3233715899113783
NAR061419034,NAR,CJF_3,CJF,3,R,R-NAR061419034,11,7,1.0328784481746656,1.3233715899113783
NAR061419034,NAR,CJF_3,CJF,3,R,R-NAR061419034,11,8,1.1123351903174015,1.3233715899113783
NAR061419034,NAR,CJF_3,CJF,3,R,R-NAR061419034,11,9,1.1794897370620367,1.3233715899113783
NAR061419034,NAR,CJF_3,CJF,3,R,R-NAR061419034,11,10,1.2409612475986045,1.3233715899113783
NAR061419034,NAR,CJF_3,CJF,3,R,R-NAR061419034,11,11,1.2940005526621092,1.3233715899113783
NAR061419034,NAR,JRS_1,JRS,1,R,R-NAR061419034,10,1,0.33346134197609717,1.3290233227589756
NAR061419034,NAR,JRS_1,JRS,1,R,R-NAR061419034,10,2,0.5886197661197335,1.3290233227589756
NAR061419034,NAR,JRS_1,JRS,1,R,R-NAR061419034,10,3,0.721502891047912,1.3290233227589756
NAR061419034,NAR,JRS_1,JRS,1,R,R-NAR061419034,10,4,0.8204418718383014,1.3290233227589756
NAR061419034,NAR,JRS_1,JRS,1,R,R-NAR061419034,10,5,0.892765812947617,1.3290233227589756
NAR061419034,NAR,JRS_1,JRS,1,R,R-NAR061419034,10,6,0.9643180921122285,1.3290233227589756
NAR061419034,NAR,JRS_1,JRS,1,R,R-NAR061419034,10,7,1.0374136951662483,1.3290233227589756
NAR061419034,NAR,JRS_1,JRS,1,R,R-NAR061419034,10,8,1.1161018826317382,1.3290233227589756
NAR061419034,NAR,JRS_1,JRS,1,R,R-NAR061419034,10,9,1.182640043173746,1.3290233227589756
NAR061419034,NAR,JRS_1,JRS,1,R,R-NAR061419034,10,10,1.244356158570341,1.3290233227589756
NAR061419034,NAR,LEL_1,LEL,1,R,R-NAR061419034,9,1,0.5862310689639908,1.3329879076332996
NAR061419034,NAR,LEL_1,LEL,1,R,R-NAR061419034,9,2,0.7403041805930172,1.3329879076332996
NAR061419034,NAR,LEL_1,LEL,1,R,R-NAR061419034,9,3,0.8422544528683442,1.3329879076332996
NAR061419034,NAR,LEL_1,LEL,1,R,R-NAR061419034,9,4,0.9212336074580892,1.3329879076332996
NAR061419034,NAR,LEL_1,LEL,1,R,R-NAR061419034,9,5,0.9936920904481025,1.3329879076332996
NAR061419034,NAR,LEL_1,LEL,1,R,R-NAR061419034,9,6,1.0677403645565078,1.3329879076332996
NAR061419034,NAR,LEL_1,LEL,1,R,R-NAR061419034,9,7,1.144220072143863,1.3329879076332996
NAR061419034,NAR,LEL_1,LEL,1,R,R-NAR061419034,9,8,1.2129973981537303,1.3329879076332996
NAR061419034,NAR,LEL_1,LEL,1,R,R-NAR061419034,9,9,1.2679597521270156,1.3329879076332996
NAR061419034,NAR,LSR_1,LSR,1,R,R-NAR061419034,9,1,0.6017220164468551,1.3371363514234331
NAR061419034,NAR,LSR_1,LSR,1,R,R-NAR061419034,9,2,0.7216093837390292,1.3371363514234331
NAR061419034,NAR,LSR_1,LSR,1,R,R-NAR061419034,9,3,0.8159588624158853,1.3371363514234331
NAR061419034,NAR,LSR_1,LSR,1,R,R-NAR061419034,9,4,0.8931054435773561,1.3371363514234331
NAR061419034,NAR,LSR_1,LSR,1,R,R-NAR061419034,9,5,0.9652083968536254,1.3371363514234331
NAR061419034,NAR,LSR_1,LSR,1,R,R-NAR061419034,9,6,1.0492574536338712,1.3371363514234331
NAR061419034,NAR,LSR_1,LSR,1,R,R-NAR061419034,9,7,1.1280497164027086,1.3371363514234331
NAR061419034,NAR,LSR_1,LSR,1,R,R-NAR061419034,9,8,1.1931436109971008,1.3371363514234331
NAR061419034,NAR,LSR_1,LSR,1,R,R-NAR061419034,9,9,1.2634942996029008,1.3371363514234331
NAR061419034,NAR,MJS_1,MJS,1,R,R-NAR061419034,9,1,0.5655951000813787,1.3189720781359633
NAR061419034,NAR,MJS_1,MJS,1,R,R-NAR061419034,9,2,0.7044760562469542,1.3189720781359633
NAR061419034,NAR,MJS_1,MJS,1,R,R-NAR061419034,9,3,0.8030277219161361,1.3189720781359633
NAR061419034,NAR,MJS_1,MJS,1,R,R-NAR061419034,9,4,0.8831716919329483,1.3189720781359633
NAR061419034,NAR,MJS_1,MJS,1,R,R-NAR061419034,9,5,0.9565230746443942,1.3189720781359633
NAR061419034,NAR,MJS_1,MJS,1,R,R-NAR061419034,9,6,1.0273455912960499,1.3189720781359633
NAR061419034,NAR,MJS_1,MJS,1,R,R-NAR061419034,9,7,1.1027112290913115,1.3189720781359633
NAR061419034,NAR,MJS_1,MJS,1,R,R-NAR061419034,9,8,1.171519490659151,1.3189720781359633
NAR061419034,NAR,MJS_1,MJS,1,R,R-NAR061419034,9,9,1.2264631777182284,1.3189720781359633
NAR061419035,NAR,CJF_1,CJF,1,R,R-NAR061419035,3,1,0.5811670573949622,0.8654288092049767
NAR061419035,NAR,CJF_1,CJF,1,R,R-NAR061419035,3,2,0.7235462404829104,0.8654288092049767
NAR061419035,NAR,CJF_1,CJF,1,R,R-NAR061419035,3,3,0.8431093482276188,0.8654288092049767
NAR061419035,NAR,CJF_2,CJF,2,R,R-NAR061419035,3,1,0.4993558795332857,0.8651521700352112
NAR061419035,NAR,CJF_2,CJF,2,R,R-NAR061419035,3,2,0.7050627625976034,0.8651521700352112
NAR061419035,NAR,CJF_2,CJF,2,R,R-NAR061419035,3,3,0.8371365237336299,0.8651521700352112
NAR061419035,NAR,CJF_3,CJF,3,R,R-NAR061419035,3,1,0.46801278316196415,0.8213067355216368
NAR061419035,NAR,CJF_3,CJF,3,R,R-NAR061419035,3,2,0.658293656189106,0.8213067355216368
NAR061419035,NAR,CJF_3,CJF,3,R,R-NAR061419035,3,3,0.8054065469566036,0.8213067355216368
NAR061419035,NAR,JRS_1,JRS,1,R,R-NAR061419035,2,1,0.41441461612024183,0.7495339692034237
NAR061419035,NAR,JRS_1,JRS,1,R,R-NAR061419035,2,2,0.6047232474091844,0.7495339692034237
NAR061419035,NAR,LEL_1,LEL,1,R,R-NAR061419035,4,1,0.4865727254980333,0.8799035067992753
NAR061419035,NAR,LEL_1,LEL,1,R,R-NAR061419035,4,2,0.5869292874021096,0.8799035067992753
NAR061419035,NAR,LEL_1,LEL,1,R,R-NAR061419035,4,3,0.73277664020086275,0.8799035067992753
NAR061419035,NAR,LEL_1,LEL,1,R,R-NAR061419035,4,4,0.796106273303391,0.8799035067992753
NAR061419035,NAR,LSR_1,LSR,1,R,R-NAR061419035,5,1,0.322382093096677,0.9225488685686629
NAR061419035,NAR,LSR_1,LSR,1,R,R-NAR061419035,5,2,0.5297239942922268,0.9225488685686629
NAR061419035,NAR,LSR_1,LSR,1,R,R-NAR061419035,5,3,0.6283394286641228,0.9225488685686629
NAR061419035,NAR,LSR_1,LSR,1,R,R-NAR061419035,5,4,0.7722649896788198,0.9225488685686629
NAR061419035,NAR,LSR_1,LSR,1,R,R-NAR061419035,5,5,0.8480750522475021,0.9225488685686629
NAR061419035,NAR,MJS_1,MJS,1,R,R-NAR061419035,2,1,0.5162333636129222,0.8771259317212792
NAR061419035,NAR,MJS_1,MJS,1,R,R-NAR061419035,2,2,0.7328924901246507,0.8771259317212792
NAR061419036,NAR,CJF_1,CJF,1,R,R-NAR061419036,6,1,0.36661763544844495,1.1764558078884428
NAR061419036,NAR,CJF_1,CJF,1,R,R-NAR061419036,6,2,0.5755382673016647,1.1764558078884428
NAR061419036,NAR,CJF_1,CJF,1,R,R-NAR061419036,6,3,0.7718755569112279,1.1764558078884428
NAR061419036,NAR,CJF_1,CJF,1,R,R-NAR061419036,6,4,0.9188672024902446,1.1764558078884428
NAR061419036,NAR,CJF_1,CJF,1,R,R-NAR061419036,6,5,1.0560437493364199,1.1764558078884428
NAR061419036,NAR,CJF_1,CJF,1,R,R-NAR061419036,6,6,1.1469529501213767,1.1764558078884428
NAR061419036,NAR,CJF_2,CJF,2,R,R-NAR061419036,6,1,0.3672162744550946,1.1824671634429471
NAR061419036,NAR,CJF_2,CJF,2,R,R-NAR061419036,6,2,0.5987473512720585,1.1824671634429471
NAR061419036,NAR,CJF_2,CJF,2,R,R-NAR061419036,6,3,0.7915728557142839,1.1824671634429471
NAR061419036,NAR,CJF_2,CJF,2,R,R-NAR061419036,6,4,0.939013881514585,1.1824671634429471
NAR061419036,NAR,CJF_2,CJF,2,R,R-NAR061419036,6,5,1.0542618642581052,1.1824671634429471
NAR061419036,NAR,CJF_2,CJF,2,R,R-NAR061419036,6,6,1.176188753268812,1.1824671634429471
NAR061419036,NAR,CJF_3,CJF,3,R,R-NAR061419036,6,1,0.35945853239610487,1.1788634426159257
NAR061419036,NAR,CJF_3,CJF,3,R,R-NAR061419036,6,2,0.6000702882640384,1.1788634426159257
NAR061419036,NAR,CJF_3,CJF,3,R,R-NAR061419036,6,3,0.7878168662478786,1.1788634426159257
NAR061419036,NAR,CJF_3,CJF,3,R,R-NAR061419036,6,4,0.930920398009761,1.1788634426159257
NAR061419036,NAR,CJF_3,CJF,3,R,R-NAR061419036,6,5,1.0666926410334128,1.1788634426159257
NAR061419036,NAR,CJF_3,CJF,3,R,R-NAR061419036,6,6,1.1559173149673585,1.1788634426159257
NAR061419036,NAR,JRS_1,JRS,1,R,R-NAR061419036,5,1,0.38328633648374616,1.185934111383325
NAR061419036,NAR,JRS_1,JRS,1,R,R-NAR061419036,5,2,0.6325857695821382,1.185934111383325
NAR061419036,NAR,JRS_1,JRS,1,R,R-NAR061419036,5,3,0.7879630050442341,1.185934111383325
NAR061419036,NAR,JRS_1,JRS,1,R,R-NAR061419036,5,4,0.9533564169435946,1.185934111383325
NAR061419036,NAR,JRS_1,JRS,1,R,R-NAR061419036,5,5,1.0703242537645659,1.185934111383325
NAR061419036,NAR,LEL_1,LEL,1,R,R-NAR061419036,7,1,0.3777160808566516,1.1983764713382445
NAR061419036,NAR,LEL_1,LEL,1,R,R-NAR061419036,7,2,0.4389538203490415,1.1983764713382445
NAR061419036,NAR,LEL_1,LEL,1,R,R-NAR061419036,7,3,0.5489902780917251,1.1983764713382445
NAR061419036,NAR,LEL_1,LEL,1,R,R-NAR061419036,7,4,0.6064790140439806,1.1983764713382445
NAR061419036,NAR,LEL_1,LEL,1,R,R-NAR061419036,7,5,0.7927269655502902,1.1983764713382445
NAR061419036,NAR,LEL_1,LEL,1,R,R-NAR061419036,7,6,0.9549943034547596,1.1983764713382445
NAR061419036,NAR,LEL_1,LEL,1,R,R-NAR061419036,7,7,1.0760140261927793,1.1983764713382445
NAR061419036,NAR,LSR_1,LSR,1,R,R-NAR061419036,7,1,0.36197700084112305,1.1930686656659335
NAR061419036,NAR,LSR_1,LSR,1,R,R-NAR061419036,7,2,0.4518747214717943,1.1930686656659335
NAR061419036,NAR,LSR_1,LSR,1,R,R-NAR061419036,7,3,0.5399709703042834,1.1930686656659335
NAR061419036,NAR,LSR_1,LSR,1,R,R-NAR061419036,7,4,0.617400985059935,1.1930686656659335
NAR061419036,NAR,LSR_1,LSR,1,R,R-NAR061419036,7,5,0.8144363688331714,1.1930686656659335
NAR061419036,NAR,LSR_1,LSR,1,R,R-NAR061419036,7,6,0.9519613913577428,1.1930686656659335
NAR061419036,NAR,LSR_1,LSR,1,R,R-NAR061419036,7,7,1.0978140618781336,1.1930686656659335
NAR061419036,NAR,MJS_1,MJS,1,R,R-NAR061419036,4,1,0.642452874696793,1.2223586795737778
NAR061419036,NAR,MJS_1,MJS,1,R,R-NAR061419036,4,2,0.8275147229751822,1.2223586795737778
NAR061419036,NAR,MJS_1,MJS,1,R,R-NAR061419036,4,3,0.9860410516335935,1.2223586795737778
NAR061419036,NAR,MJS_1,MJS,1,R,R-NAR061419036,4,4,1.1095230905350628,1.2223586795737778
NAR061419037,NAR,CJF_1,CJF,1,R,R-NAR061419037,2,1,0.5388303318567844,0.7519483377569206
NAR061419037,NAR,CJF_1,CJF,1,R,R-NAR061419037,2,2,0.7378746102847327,0.7519483377569206
NAR061419037,NAR,CJF_2,CJF,2,R,R-NAR061419037,2,1,0.5899788470599711,0.7896539373211354
NAR061419037,NAR,CJF_2,CJF,2,R,R-NAR061419037,2,2,0.7653086961700561,0.7896539373211354
NAR061419037,NAR,CJF_3,CJF,3,R,R-NAR061419037,2,1,0.524712714682122,0.7261092054975518
NAR061419037,NAR,CJF_3,CJF,3,R,R-NAR061419037,2,2,0.7039052710624325,0.7261092054975518
NAR061419037,NAR,JRS_1,JRS,1,R,R-NAR061419037,1,1,0.4639755302309523,0.6681188567514984
NAR061419037,NAR,LEL_1,LEL,1,R,R-NAR061419037,1,1,0.5783622873912911,0.7436374019416802
NAR061419037,NAR,LSR_1,LSR,1,R,R-NAR061419037,3,1,0.2896671128723964,0.47927200519113705
NAR061419037,NAR,LSR_1,LSR,1,R,R-NAR061419037,3,2,0.38817962191395256,0.47927200519113705
NAR061419037,NAR,LSR_1,LSR,1,R,R-NAR061419037,3,3,0.4237305392237167,0.47927200519113705
NAR061419037,NAR,MJS_1,MJS,1,R,R-NAR061419037,1,1,0.5674304840274168,0.7585178748144187
NAR061419038,NAR,CJF_1,CJF,1,R,R-NAR061419038,12,1,0.38555994815197314,1.4700504961938292
NAR061419038,NAR,CJF_1,CJF,1,R,R-NAR061419038,12,2,0.6288889237659703,1.4700504961938292
NAR061419038,NAR,CJF_1,CJF,1,R,R-NAR061419038,12,3,0.7633558145659189,1.4700504961938292
NAR061419038,NAR,CJF_1,CJF,1,R,R-NAR061419038,12,4,0.9081637617506513,1.4700504961938292
NAR061419038,NAR,CJF_1,CJF,1,R,R-NAR061419038,12,5,1.0024558651951296,1.4700504961938292
NAR061419038,NAR,CJF_1,CJF,1,R,R-NAR061419038,12,6,1.0910651915962173,1.4700504961938292
NAR061419038,NAR,CJF_1,CJF,1,R,R-NAR061419038,12,7,1.1552591501950715,1.4700504961938292
NAR061419038,NAR,CJF_1,CJF,1,R,R-NAR061419038,12,8,1.2121515392102615,1.4700504961938292
NAR061419038,NAR,CJF_1,CJF,1,R,R-NAR061419038,12,9,1.2713896467950268,1.4700504961938292
NAR061419038,NAR,CJF_1,CJF,1,R,R-NAR061419038,12,10,1.331817192563458,1.4700504961938292
NAR061419038,NAR,CJF_1,CJF,1,R,R-NAR061419038,12,11,1.396936175471039,1.4700504961938292
NAR061419038,NAR,CJF_1,CJF,1,R,R-NAR061419038,12,12,1.4418355577634157,1.4700504961938292
NAR061419038,NAR,CJF_2,CJF,2,R,R-NAR061419038,11,1,0.6022488014818189,1.4422599695483576
NAR061419038,NAR,CJF_2,CJF,2,R,R-NAR061419038,11,2,0.7404332357848382,1.4422599695483576
NAR061419038,NAR,CJF_2,CJF,2,R,R-NAR061419038,11,3,0.8668951897895639,1.4422599695483576
NAR061419038,NAR,CJF_2,CJF,2,R,R-NAR061419038,11,4,0.97632922708906,1.4422599695483576
NAR061419038,NAR,CJF_2,CJF,2,R,R-NAR061419038,11,5,1.059665585588502,1.4422599695483576
NAR061419038,NAR,CJF_2,CJF,2,R,R-NAR061419038,11,6,1.1187706405683862,1.4422599695483576
NAR061419038,NAR,CJF_2,CJF,2,R,R-NAR061419038,11,7,1.173618716371963,1.4422599695483576
NAR061419038,NAR,CJF_2,CJF,2,R,R-NAR061419038,11,8,1.238847125808651,1.4422599695483576
NAR061419038,NAR,CJF_2,CJF,2,R,R-NAR061419038,11,9,1.2979521807885348,1.4422599695483576
NAR061419038,NAR,CJF_2,CJF,2,R,R-NAR061419038,11,10,1.3732988095506768,1.4422599695483576
NAR061419038,NAR,CJF_2,CJF,2,R,R-NAR061419038,11,11,1.4201571556169532,1.4422599695483576
NAR061419038,NAR,CJF_3,CJF,3,R,R-NAR061419038,12,1,0.3950403120589113,1.4374175557645212
NAR061419038,NAR,CJF_3,CJF,3,R,R-NAR061419038,12,2,0.6042208381061642,1.4374175557645212
NAR061419038,NAR,CJF_3,CJF,3,R,R-NAR061419038,12,3,0.7447961097256207,1.4374175557645212
NAR061419038,NAR,CJF_3,CJF,3,R,R-NAR061419038,12,4,0.8777584251000029,1.4374175557645212
NAR061419038,NAR,CJF_3,CJF,3,R,R-NAR061419038,12,5,0.9785823659427895,1.4374175557645212
NAR061419038,NAR,CJF_3,CJF,3,R,R-NAR061419038,12,6,1.0569246733562656,1.4374175557645212
NAR061419038,NAR,CJF_3,CJF,3,R,R-NAR061419038,12,7,1.1295371856150869,1.4374175557645212
NAR061419038,NAR,CJF_3,CJF,3,R,R-NAR061419038,12,8,1.1877628919900427,1.4374175557645212
NAR061419038,NAR,CJF_3,CJF,3,R,R-NAR061419038,12,9,1.2502367918462087,1.4374175557645212
NAR061419038,NAR,CJF_3,CJF,3,R,R-NAR061419038,12,10,1.3004479825591142,1.4374175557645212
NAR061419038,NAR,CJF_3,CJF,3,R,R-NAR061419038,12,11,1.3671700758964902,1.4374175557645212
NAR061419038,NAR,CJF_3,CJF,3,R,R-NAR061419038,12,12,1.419264427699816,1.4374175557645212
NAR061419038,NAR,JRS_1,JRS,1,R,R-NAR061419038,11,1,0.32407281412654543,1.356028805388355
NAR061419038,NAR,JRS_1,JRS,1,R,R-NAR061419038,11,2,0.560244375740901,1.356028805388355
NAR061419038,NAR,JRS_1,JRS,1,R,R-NAR061419038,11,3,0.685712635712577,1.356028805388355
NAR061419038,NAR,JRS_1,JRS,1,R,R-NAR061419038,11,4,0.8277140755950972,1.356028805388355
NAR061419038,NAR,JRS_1,JRS,1,R,R-NAR061419038,11,5,0.9137439089130708,1.356028805388355
NAR061419038,NAR,JRS_1,JRS,1,R,R-NAR061419038,11,6,1.0020240660499427,1.356028805388355
NAR061419038,NAR,JRS_1,JRS,1,R,R-NAR061419038,11,7,1.069144094096613,1.356028805388355
NAR061419038,NAR,JRS_1,JRS,1,R,R-NAR061419038,11,8,1.1172280153304193,1.356028805388355
NAR061419038,NAR,JRS_1,JRS,1,R,R-NAR061419038,11,9,1.18184511647507,1.356028805388355
NAR061419038,NAR,JRS_1,JRS,1,R,R-NAR061419038,11,10,1.2459570114534781,1.356028805388355
NAR061419038,NAR,JRS_1,JRS,1,R,R-NAR061419038,11,11,1.3130770395001485,1.356028805388355
NAR061419038,NAR,LEL_1,LEL,1,R,R-NAR061419038,10,1,0.5681724153043589,1.4029614003725568
NAR061419038,NAR,LEL_1,LEL,1,R,R-NAR061419038,10,2,0.7189503380746189,1.4029614003725568
NAR061419038,NAR,LEL_1,LEL,1,R,R-NAR061419038,10,3,0.8574771621419575,1.4029614003725568
NAR061419038,NAR,LEL_1,LEL,1,R,R-NAR061419038,10,4,0.9529884430780302,1.4029614003725568
NAR061419038,NAR,LEL_1,LEL,1,R,R-NAR061419038,10,5,1.0210529742993089,1.4029614003725568
NAR061419038,NAR,LEL_1,LEL,1,R,R-NAR061419038,10,6,1.0770400550972377,1.4029614003725568
NAR061419038,NAR,LEL_1,LEL,1,R,R-NAR061419038,10,7,1.1327167899445525,1.4029614003725568
NAR061419038,NAR,LEL_1,LEL,1,R,R-NAR061419038,10,8,1.2076273094810337,1.4029614003725568
NAR061419038,NAR,LEL_1,LEL,1,R,R-NAR061419038,10,9,1.2585824222958428,1.4029614003725568
NAR061419038,NAR,LEL_1,LEL,1,R,R-NAR061419038,10,10,1.3421159998710797,1.4029614003725568
NAR061419038,NAR,LSR_1,LSR,1,R,R-NAR061419038,12,1,0.42332105693817246,1.456160622711928
NAR061419038,NAR,LSR_1,LSR,1,R,R-NAR061419038,12,2,0.5419542577195097,1.456160622711928
NAR061419038,NAR,LSR_1,LSR,1,R,R-NAR061419038,12,3,0.6389745139582059,1.456160622711928
NAR061419038,NAR,LSR_1,LSR,1,R,R-NAR061419038,12,4,0.7900271315535061,1.456160622711928
NAR061419038,NAR,LSR_1,LSR,1,R,R-NAR061419038,12,5,0.9382591339793802,1.456160622711928
NAR061419038,NAR,LSR_1,LSR,1,R,R-NAR061419038,12,6,1.0192600771736475,1.456160622711928
NAR061419038,NAR,LSR_1,LSR,1,R,R-NAR061419038,12,7,1.1000706250053627,1.456160622711928
NAR061419038,NAR,LSR_1,LSR,1,R,R-NAR061419038,12,8,1.1648142609520107,1.456160622711928
NAR061419038,NAR,LSR_1,LSR,1,R,R-NAR061419038,12,9,1.2159784082985508,1.456160622711928
NAR061419038,NAR,LSR_1,LSR,1,R,R-NAR061419038,12,10,1.29152851651652,1.456160622711928
NAR061419038,NAR,LSR_1,LSR,1,R,R-NAR061419038,12,11,1.3644484049276158,1.456160622711928
NAR061419038,NAR,LSR_1,LSR,1,R,R-NAR061419038,12,12,1.4210633872504543,1.456160622711928
NAR061419038,NAR,MJS_1,MJS,1,R,R-NAR061419038,10,1,0.586393189167834,1.4770261220678946
NAR061419038,NAR,MJS_1,MJS,1,R,R-NAR061419038,10,2,0.750529307796497,1.4770261220678946
NAR061419038,NAR,MJS_1,MJS,1,R,R-NAR061419038,10,3,0.9000075427574368,1.4770261220678946
NAR061419038,NAR,MJS_1,MJS,1,R,R-NAR061419038,10,4,1.0055917049512366,1.4770261220678946
NAR061419038,NAR,MJS_1,MJS,1,R,R-NAR061419038,10,5,1.0850380219194016,1.4770261220678946
NAR061419038,NAR,MJS_1,MJS,1,R,R-NAR061419038,10,6,1.1446227596455254,1.4770261220678946
NAR061419038,NAR,MJS_1,MJS,1,R,R-NAR061419038,10,7,1.2000166885295849,1.4770261220678946
NAR061419038,NAR,MJS_1,MJS,1,R,R-NAR061419038,10,8,1.2679631493808308,1.4770261220678946
NAR061419038,NAR,MJS_1,MJS,1,R,R-NAR061419038,10,9,1.3327714772402801,1.4770261220678946
NAR061419038,NAR,MJS_1,MJS,1,R,R-NAR061419038,10,10,1.402803395233055,1.4770261220678946
NAR061419039,NAR,CJF_1,CJF,1,R,R-NAR061419039,4,1,0.6938692342160511,1.0786424907874907
NAR061419039,NAR,CJF_1,CJF,1,R,R-NAR061419039,4,2,0.8745493537291488,1.0786424907874907
NAR061419039,NAR,CJF_1,CJF,1,R,R-NAR061419039,4,3,0.9935839204372187,1.0786424907874907
NAR061419039,NAR,CJF_1,CJF,1,R,R-NAR061419039,4,4,1.0621669678607375,1.0786424907874907
NAR061419039,NAR,CJF_2,CJF,2,R,R-NAR061419039,5,1,0.5151811413623895,1.0865995113643503
NAR061419039,NAR,CJF_2,CJF,2,R,R-NAR061419039,5,2,0.7443278733131661,1.0865995113643503
NAR061419039,NAR,CJF_2,CJF,2,R,R-NAR061419039,5,3,0.8664593825357778,1.0865995113643503
NAR061419039,NAR,CJF_2,CJF,2,R,R-NAR061419039,5,4,0.9930744530774722,1.0865995113643503
NAR061419039,NAR,CJF_2,CJF,2,R,R-NAR061419039,5,5,1.070054505236942,1.0865995113643503
NAR061419039,NAR,CJF_3,CJF,3,R,R-NAR061419039,5,1,0.4444152722595249,1.0657626970288803
NAR061419039,NAR,CJF_3,CJF,3,R,R-NAR061419039,5,2,0.6989864219450914,1.0657626970288803
NAR061419039,NAR,CJF_3,CJF,3,R,R-NAR061419039,5,3,0.8521965929547394,1.0657626970288803
NAR061419039,NAR,CJF_3,CJF,3,R,R-NAR061419039,5,4,0.9662340943313196,1.0657626970288803
NAR061419039,NAR,CJF_3,CJF,3,R,R-NAR061419039,5,5,1.0494043547283785,1.0657626970288803
NAR061419039,NAR,JRS_1,JRS,1,R,R-NAR061419039,3,1,0.5867427946904157,0.9416736725025332
NAR061419039,NAR,JRS_1,JRS,1,R,R-NAR061419039,3,2,0.7448635114139353,0.9416736725025332
NAR061419039,NAR,JRS_1,JRS,1,R,R-NAR061419039,3,3,0.87154446922152,0.9416736725025332
NAR061419039,NAR,LEL_1,LEL,1,R,R-NAR061419039,3,1,0.6663715831837355,1.050648011800761
NAR061419039,NAR,LEL_1,LEL,1,R,R-NAR061419039,3,2,0.8475938591699689,1.050648011800761
NAR061419039,NAR,LEL_1,LEL,1,R,R-NAR061419039,3,3,0.9591646101610845,1.050648011800761
NAR061419039,NAR,LSR_1,LSR,1,R,R-NAR061419039,5,1,0.40118965302638576,1.075378008038707
NAR061419039,NAR,LSR_1,LSR,1,R,R-NAR061419039,5,2,0.5214994090764147,1.075378008038707
NAR061419039,NAR,LSR_1,LSR,1,R,R-NAR061419039,5,3,0.7055805541236981,1.075378008038707
NAR061419039,NAR,LSR_1,LSR,1,R,R-NAR061419039,5,4,0.867962633337543,1.075378008038707
NAR061419039,NAR,LSR_1,LSR,1,R,R-NAR061419039,5,5,0.9913954049725607,1.075378008038707
NAR061419039,NAR,MJS_1,MJS,1,R,R-NAR061419039,3,1,0.7037197992717005,1.0929250996206206
NAR061419039,NAR,MJS_1,MJS,1,R,R-NAR061419039,3,2,0.8635549415020705,1.0929250996206206
NAR061419039,NAR,MJS_1,MJS,1,R,R-NAR061419039,3,3,1.0135725064373107,1.0929250996206206
NAR061419040,NAR,CJF_1,CJF,1,R,R-NAR061419040,3,1,0.5948123198689962,0.9267917735957318
NAR061419040,NAR,CJF_1,CJF,1,R,R-NAR061419040,3,2,0.7959353427254613,0.9267917735957318
NAR061419040,NAR,CJF_1,CJF,1,R,R-NAR061419040,3,3,0.9030152373073356,0.9267917735957318
NAR061419040,NAR,CJF_2,CJF,2,R,R-NAR061419040,3,1,0.5640390275596864,0.9157689133297031
NAR061419040,NAR,CJF_2,CJF,2,R,R-NAR061419040,3,2,0.7739563797165164,0.9157689133297031
NAR061419040,NAR,CJF_2,CJF,2,R,R-NAR061419040,3,3,0.8993130885404077,0.9157689133297031
NAR061419040,NAR,CJF_3,CJF,3,R,R-NAR061419040,3,1,0.5498133084519476,0.8857389322612588
NAR061419040,NAR,CJF_3,CJF,3,R,R-NAR061419040,3,2,0.753042964300138,0.8857389322612588
NAR061419040,NAR,CJF_3,CJF,3,R,R-NAR061419040,3,3,0.870507661503962,0.8857389322612588
NAR061419040,NAR,JRS_1,JRS,1,R,R-NAR061419040,2,1,0.5433844253318851,0.8548345901152546
NAR061419040,NAR,JRS_1,JRS,1,R,R-NAR061419040,2,2,0.7397755835178172,0.8548345901152546
NAR061419040,NAR,LEL_1,LEL,1,R,R-NAR061419040,2,1,0.6322128214543401,0.9291167859011068
NAR061419040,NAR,LEL_1,LEL,1,R,R-NAR061419040,2,2,0.8268738276941275,0.9291167859011068
NAR061419040,NAR,LSR_1,LSR,1,R,R-NAR061419040,2,1,0.6266797082265146,0.9510634628088344
NAR061419040,NAR,LSR_1,LSR,1,R,R-NAR061419040,2,2,0.8444706813867446,0.9510634628088344
NAR061419040,NAR,MJS_1,MJS,1,R,R-NAR061419040,2,1,0.6398273431068956,0.9804484623259407
NAR061419040,NAR,MJS_1,MJS,1,R,R-NAR061419040,2,2,0.8511833591765383,0.9804484623259407
NAR071718001,NAR,CJF_1,CJF,1,R,R-NAR071718001,12,1,0.24195177956201974,1.15961758907294
NAR071718001,NAR,CJF_1,CJF,1,R,R-NAR071718001,12,2,0.4177150985933383,1.15961758907294
NAR071718001,NAR,CJF_1,CJF,1,R,R-NAR071718001,12,3,0.5306504575921946,1.15961758907294
NAR071718001,NAR,CJF_1,CJF,1,R,R-NAR071718001,12,4,0.6345792689013963,1.15961758907294
NAR071718001,NAR,CJF_1,CJF,1,R,R-NAR071718001,12,5,0.7154203243131682,1.15961758907294
NAR071718001,NAR,CJF_1,CJF,1,R,R-NAR071718001,12,6,0.786969138698638,1.15961758907294
NAR071718001,NAR,CJF_1,CJF,1,R,R-NAR071718001,12,7,0.8441510515396842,1.15961758907294
NAR071718001,NAR,CJF_1,CJF,1,R,R-NAR071718001,12,8,0.9016186577173779,1.15961758907294
NAR071718001,NAR,CJF_1,CJF,1,R,R-NAR071718001,12,9,0.9486512495221806,1.15961758907294
NAR071718001,NAR,CJF_1,CJF,1,R,R-NAR071718001,12,10,1.0055474690265795,1.15961758907294
NAR071718001,NAR,CJF_1,CJF,1,R,R-NAR071718001,12,11,1.0675183490491005,1.15961758907294
NAR071718001,NAR,CJF_1,CJF,1,R,R-NAR071718001,12,12,1.1241288752168521,1.15961758907294
NAR071718001,NAR,CJF_2,CJF,2,R,R-NAR071718001,10,1,0.20251959962114857,1.10323153299209
NAR071718001,NAR,CJF_2,CJF,2,R,R-NAR071718001,10,2,0.3838981620804729,1.10323153299209
NAR071718001,NAR,CJF_2,CJF,2,R,R-NAR071718001,10,3,0.5585577382045501,1.10323153299209
NAR071718001,NAR,CJF_2,CJF,2,R,R-NAR071718001,10,4,0.6444210870442474,1.10323153299209
NAR071718001,NAR,CJF_2,CJF,2,R,R-NAR071718001,10,5,0.7181456634058507,1.10323153299209
NAR071718001,NAR,CJF_2,CJF,2,R,R-NAR071718001,10,6,0.7950067475618168,1.10323153299209
NAR071718001,NAR,CJF_2,CJF,2,R,R-NAR071718001,10,7,0.8816311891843424,1.10323153299209
NAR071718001,NAR,CJF_2,CJF,2,R,R-NAR071718001,10,8,0.9634854447602181,1.10323153299209
NAR071718001,NAR,CJF_2,CJF,2,R,R-NAR071718001,10,9,1.0323283423885412,1.10323153299209
NAR071718001,NAR,CJF_2,CJF,2,R,R-NAR071718001,10,10,1.0684295377865145,1.10323153299209
NAR071718001,NAR,CJF_3,CJF,3,R,R-NAR071718001,10,1,0.3010360282905021,1.2377420099495875
NAR071718001,NAR,CJF_3,CJF,3,R,R-NAR071718001,10,2,0.4935173350411014,1.2377420099495875
NAR071718001,NAR,CJF_3,CJF,3,R,R-NAR071718001,10,3,0.7390809460162568,1.2377420099495875
NAR071718001,NAR,CJF_3,CJF,3,R,R-NAR071718001,10,4,0.8138105815744303,1.2377420099495875
NAR071718001,NAR,CJF_3,CJF,3,R,R-NAR071718001,10,5,0.8836691152733595,1.2377420099495875
NAR071718001,NAR,CJF_3,CJF,3,R,R-NAR071718001,10,6,0.94387632093146,1.2377420099495875
NAR071718001,NAR,CJF_3,CJF,3,R,R-NAR071718001,10,7,0.9897428480448096,1.2377420099495875
NAR071718001,NAR,CJF_3,CJF,3,R,R-NAR071718001,10,8,1.057165830814116,1.2377420099495875
NAR071718001,NAR,CJF_3,CJF,3,R,R-NAR071718001,10,9,1.093244716370146,1.2377420099495875
NAR071718001,NAR,CJF_3,CJF,3,R,R-NAR071718001,10,10,1.1727545781099031,1.2377420099495875
NAR071718001,NAR,JRS_1,JRS,1,R,R-NAR071718001,9,1,0.5561966919699978,1.2847942361022708
NAR071718001,NAR,JRS_1,JRS,1,R,R-NAR071718001,9,2,0.6361029459714063,1.2847942361022708
NAR071718001,NAR,JRS_1,JRS,1,R,R-NAR071718001,9,3,0.7287204544327526,1.2847942361022708
NAR071718001,NAR,JRS_1,JRS,1,R,R-NAR071718001,9,4,0.8276321349738276,1.2847942361022708
NAR071718001,NAR,JRS_1,JRS,1,R,R-NAR071718001,9,5,0.932960897895111,1.2847942361022708
NAR071718001,NAR,JRS_1,JRS,1,R,R-NAR071718001,9,6,1.0292171335982423,1.2847942361022708
NAR071718001,NAR,JRS_1,JRS,1,R,R-NAR071718001,9,7,1.0962892228392338,1.2847942361022708
NAR071718001,NAR,JRS_1,JRS,1,R,R-NAR071718001,9,8,1.1315217207801416,1.2847942361022708
NAR071718001,NAR,JRS_1,JRS,1,R,R-NAR071718001,9,9,1.2114279747815506,1.2847942361022708
NAR071718002,NAR,CJF_1,CJF,1,R,R-NAR071718002,10,1,0.3587685879178015,1.2415364260048607
NAR071718002,NAR,CJF_1,CJF,1,R,R-NAR071718002,10,2,0.5549544278483567,1.2415364260048607
NAR071718002,NAR,CJF_1,CJF,1,R,R-NAR071718002,10,3,0.6793226713682743,1.2415364260048607
NAR071718002,NAR,CJF_1,CJF,1,R,R-NAR071718002,10,4,0.7750186296042891,1.2415364260048607
NAR071718002,NAR,CJF_1,CJF,1,R,R-NAR071718002,10,5,0.8612179963905052,1.2415364260048607
NAR071718002,NAR,CJF_1,CJF,1,R,R-NAR071718002,10,6,0.9305701894714402,1.2415364260048607
NAR071718002,NAR,CJF_1,CJF,1,R,R-NAR071718002,10,7,0.9807010609846434,1.2415364260048607
NAR071718002,NAR,CJF_1,CJF,1,R,R-NAR071718002,10,8,1.0764426469542845,1.2415364260048607
NAR071718002,NAR,CJF_1,CJF,1,R,R-NAR071718002,10,9,1.1362069931181673,1.2415364260048607
NAR071718002,NAR,CJF_1,CJF,1,R,R-NAR071718002,10,10,1.2079789617951782,1.2415364260048607
NAR071718002,NAR,CJF_2,CJF,2,R,R-NAR071718002,9,1,0.28237557873858815,1.1260867972522326
NAR071718002,NAR,CJF_2,CJF,2,R,R-NAR071718002,9,2,0.4892181821848637,1.1260867972522326
NAR071718002,NAR,CJF_2,CJF,2,R,R-NAR071718002,9,3,0.6534550143899259,1.1260867972522326
NAR071718002,NAR,CJF_2,CJF,2,R,R-NAR071718002,9,4,0.7341918640659684,1.1260867972522326
NAR071718002,NAR,CJF_2,CJF,2,R,R-NAR071718002,9,5,0.801351041866447,1.1260867972522326
NAR071718002,NAR,CJF_2,CJF,2,R,R-NAR071718002,9,6,0.872493723285279,1.1260867972522326
NAR071718002,NAR,CJF_2,CJF,2,R,R-NAR071718002,9,7,0.9506286357694559,1.1260867972522326
NAR071718002,NAR,CJF_2,CJF,2,R,R-NAR071718002,9,8,1.0235596738699015,1.1260867972522326
NAR071718002,NAR,CJF_2,CJF,2,R,R-NAR071718002,9,9,1.0855149772866481,1.1260867972522326
NAR071718002,NAR,CJF_3,CJF,3,R,R-NAR071718002,9,1,0.24110816936976087,1.073933619096176
NAR071718002,NAR,CJF_3,CJF,3,R,R-NAR071718002,9,2,0.4627411006511537,1.073933619096176
NAR071718002,NAR,CJF_3,CJF,3,R,R-NAR071718002,9,3,0.5780285204587572,1.073933619096176
NAR071718002,NAR,CJF_3,CJF,3,R,R-NAR071718002,9,4,0.6748986039364706,1.073933619096176
NAR071718002,NAR,CJF_3,CJF,3,R,R-NAR071718002,9,5,0.7243824098677606,1.073933619096176
NAR071718002,NAR,CJF_3,CJF,3,R,R-NAR071718002,9,6,0.764390787802975,1.073933619096176
NAR071718002,NAR,CJF_3,CJF,3,R,R-NAR071718002,9,7,0.8454654454318805,1.073933619096176
NAR071718002,NAR,CJF_3,CJF,3,R,R-NAR071718002,9,8,0.9228511532551805,1.073933619096176
NAR071718002,NAR,CJF_3,CJF,3,R,R-NAR071718002,9,9,1.0065477213651677,1.073933619096176
NAR071718002,NAR,JRS_1,JRS,1,R,R-NAR071718002,9,1,0.40426416218310207,1.2174138156613081
NAR071718002,NAR,JRS_1,JRS,1,R,R-NAR071718002,9,1,0.4791260152081498,1.508637143566364
NAR071718002,NAR,JRS_1,JRS,1,R,R-NAR071718002,9,2,0.5829512963845331,1.2174138156613081
NAR071718002,NAR,JRS_1,JRS,1,R,R-NAR071718002,9,2,0.6917204274129832,1.508637143566364
NAR071718002,NAR,JRS_1,JRS,1,R,R-NAR071718002,9,3,0.6817529495373674,1.2174138156613081
NAR071718002,NAR,JRS_1,JRS,1,R,R-NAR071718002,9,3,0.8523491181875196,1.508637143566364
NAR071718002,NAR,JRS_1,JRS,1,R,R-NAR071718002,9,4,0.7680773334474951,1.2174138156613081
NAR071718002,NAR,JRS_1,JRS,1,R,R-NAR071718002,9,4,0.9767568191806432,1.508637143566364
NAR071718002,NAR,JRS_1,JRS,1,R,R-NAR071718002,9,5,0.8453441677858577,1.2174138156613081
NAR071718002,NAR,JRS_1,JRS,1,R,R-NAR071718002,9,5,1.05100714590288,1.508637143566364
NAR071718002,NAR,JRS_1,JRS,1,R,R-NAR071718002,9,6,0.9077305139993914,1.2174138156613081
NAR071718002,NAR,JRS_1,JRS,1,R,R-NAR071718002,9,6,1.1328171056803091,1.508637143566364
NAR071718002,NAR,JRS_1,JRS,1,R,R-NAR071718002,9,7,0.9849973483377538,1.2174138156613081
NAR071718002,NAR,JRS_1,JRS,1,R,R-NAR071718002,9,7,1.2353344952551297,1.508637143566364
NAR071718002,NAR,JRS_1,JRS,1,R,R-NAR071718002,9,8,1.0683025490572928,1.2174138156613081
NAR071718002,NAR,JRS_1,JRS,1,R,R-NAR071718002,9,8,1.323915500340477,1.508637143566364
NAR071718002,NAR,JRS_1,JRS,1,R,R-NAR071718002,9,9,1.127669712080239,1.2174138156613081
NAR071718002,NAR,JRS_1,JRS,1,R,R-NAR071718002,9,9,1.4057254601179063,1.508637143566364
NAR071718002,NAR,NGA_1,NGA,1,R,R-NAR071718002,9,1,0.6677348413378631,1.448484698704923
NAR071718002,NAR,NGA_1,NGA,1,R,R-NAR071718002,9,2,0.8063330342060855,1.448484698704923
NAR071718002,NAR,NGA_1,NGA,1,R,R-NAR071718002,9,3,0.9366742051926543,1.448484698704923
NAR071718002,NAR,NGA_1,NGA,1,R,R-NAR071718002,9,4,1.036655104123195,1.448484698704923
NAR071718002,NAR,NGA_1,NGA,1,R,R-NAR071718002,9,5,1.112349994767062,1.448484698704923
NAR071718002,NAR,NGA_1,NGA,1,R,R-NAR071718002,9,6,1.2001088877930095,1.448484698704923
NAR071718002,NAR,NGA_1,NGA,1,R,R-NAR071718002,9,7,1.2843033289976755,1.448484698704923
NAR071718002,NAR,NGA_1,NGA,1,R,R-NAR071718002,9,8,1.364775314858546,1.448484698704923
NAR071718002,NAR,NGA_1,NGA,1,R,R-NAR071718002,9,9,1.4068725354608784,1.448484698704923
NAR071718002,NAR,NGA_2,NGA,2,R,R-NAR071718002,10,1,0.47739797329927175,1.4611950122932384
NAR071718002,NAR,NGA_2,NGA,2,R,R-NAR071718002,10,2,0.6767450783891488,1.4611950122932384
NAR071718002,NAR,NGA_2,NGA,2,R,R-NAR071718002,10,3,0.8160387235905976,1.4611950122932384
NAR071718002,NAR,NGA_2,NGA,2,R,R-NAR071718002,10,4,0.9287401662898718,1.4611950122932384
NAR071718002,NAR,NGA_2,NGA,2,R,R-NAR071718002,10,5,1.0310908198248114,1.4611950122932384
NAR071718002,NAR,NGA_2,NGA,2,R,R-NAR071718002,10,6,1.0992649863821589,1.4611950122932384
NAR071718002,NAR,NGA_2,NGA,2,R,R-NAR071718002,10,7,1.1884089423649287,1.4611950122932384
NAR071718002,NAR,NGA_2,NGA,2,R,R-NAR071718002,10,8,1.2723775037655307,1.4611950122932384
NAR071718002,NAR,NGA_2,NGA,2,R,R-NAR071718002,10,9,1.3484041658950472,1.4611950122932384
NAR071718002,NAR,NGA_2,NGA,2,R,R-NAR071718002,10,10,1.400873341308059,1.4611950122932384
NAR071718004,NAR,CJF_1,CJF,1,R,R-NAR071718004,19,1,0.4818916039031361,1.853760001382838
NAR071718004,NAR,CJF_1,CJF,1,R,R-NAR071718004,19,2,0.6453876315103478,1.853760001382838
NAR071718004,NAR,CJF_1,CJF,1,R,R-NAR071718004,19,3,0.7489542822825004,1.853760001382838
NAR071718004,NAR,CJF_1,CJF,1,R,R-NAR071718004,19,4,0.8480997057981883,1.853760001382838
NAR071718004,NAR,CJF_1,CJF,1,R,R-NAR071718004,19,5,0.9470406774387915,1.853760001382838
NAR071718004,NAR,CJF_1,CJF,1,R,R-NAR071718004,19,6,1.0177771468205812,1.853760001382838
NAR071718004,NAR,CJF_1,CJF,1,R,R-NAR071718004,19,7,1.0898233748915724,1.853760001382838
NAR071718004,NAR,CJF_1,CJF,1,R,R-NAR071718004,19,8,1.1594545374592466,1.853760001382838
NAR071718004,NAR,CJF_1,CJF,1,R,R-NAR071718004,19,9,1.2176237281355888,1.853760001382838
NAR071718004,NAR,CJF_1,CJF,1,R,R-NAR071718004,19,10,1.2808690254129966,1.853760001382838
NAR071718004,NAR,CJF_1,CJF,1,R,R-NAR071718004,19,11,1.339038216089339,1.853760001382838
NAR071718004,NAR,CJF_1,CJF,1,R,R-NAR071718004,19,12,1.3943419137928483,1.853760001382838
NAR071718004,NAR,CJF_1,CJF,1,R,R-NAR071718004,19,13,1.459347397228973,1.853760001382838
NAR071718004,NAR,CJF_1,CJF,1,R,R-NAR071718004,19,14,1.4950430715921683,1.853760001382838
NAR071718004,NAR,CJF_1,CJF,1,R,R-NAR071718004,19,15,1.578100844084975,1.853760001382838
NAR071718004,NAR,CJF_1,CJF,1,R,R-NAR071718004,19,16,1.6367204622308333,1.853760001382838
NAR071718004,NAR,CJF_1,CJF,1,R,R-NAR071718004,19,17,1.6873984808027935,1.853760001382838
NAR071718004,NAR,CJF_1,CJF,1,R,R-NAR071718004,19,18,1.7563747640258667,1.853760001382838
NAR071718004,NAR,CJF_1,CJF,1,R,R-NAR071718004,19,19,1.7995616104934444,1.853760001382838
NAR071718004,NAR,CJF_2,CJF,2,R,R-NAR071718004,17,1,0.4676797208711464,1.8623923954964692
NAR071718004,NAR,CJF_2,CJF,2,R,R-NAR071718004,17,2,0.6092567899430869,1.8623923954964692
NAR071718004,NAR,CJF_2,CJF,2,R,R-NAR071718004,17,3,0.7429639808359771,1.8623923954964692
NAR071718004,NAR,CJF_2,CJF,2,R,R-NAR071718004,17,4,0.8464809594534541,1.8623923954964692
NAR071718004,NAR,CJF_2,CJF,2,R,R-NAR071718004,17,5,0.937508206088757,1.8623923954964692
NAR071718004,NAR,CJF_2,CJF,2,R,R-NAR071718004,17,6,1.037184265822374,1.8623923954964692
NAR071718004,NAR,CJF_2,CJF,2,R,R-NAR071718004,17,7,1.1239139837647485,1.8623923954964692
NAR071718004,NAR,CJF_2,CJF,2,R,R-NAR071718004,17,8,1.2010816689906756,1.8623923954964692
NAR071718004,NAR,CJF_2,CJF,2,R,R-NAR071718004,17,9,1.3280202417339764,1.8623923954964692
NAR071718004,NAR,CJF_2,CJF,2,R,R-NAR071718004,17,10,1.37916095867855,1.8623923954964692
NAR071718004,NAR,CJF_2,CJF,2,R,R-NAR071718004,17,11,1.4432480174143663,1.8623923954964692
NAR071718004,NAR,CJF_2,CJF,2,R,R-NAR071718004,17,12,1.491917644902278,1.8623923954964692
NAR071718004,NAR,CJF_2,CJF,2,R,R-NAR071718004,17,13,1.5932858591732926,1.8623923954964692
NAR071718004,NAR,CJF_2,CJF,2,R,R-NAR071718004,17,14,1.6750733982023442,1.8623923954964692
NAR071718004,NAR,CJF_2,CJF,2,R,R-NAR071718004,17,15,1.7169744075406683,1.8623923954964692
NAR071718004,NAR,CJF_2,CJF,2,R,R-NAR071718004,17,16,1.7576398721506612,1.8623923954964692
NAR071718004,NAR,CJF_2,CJF,2,R,R-NAR071718004,17,17,1.808323979286168,1.8623923954964692
NAR071718004,NAR,CJF_3,CJF,3,R,R-NAR071718004,19,1,0.43757084311762784,1.852478141780964
NAR071718004,NAR,CJF_3,CJF,3,R,R-NAR071718004,19,2,0.6270712819966773,1.852478141780964
NAR071718004,NAR,CJF_3,CJF,3,R,R-NAR071718004,19,3,0.7427920333859112,1.852478141780964
NAR071718004,NAR,CJF_3,CJF,3,R,R-NAR071718004,19,4,0.8257280416315329,1.852478141780964
NAR071718004,NAR,CJF_3,CJF,3,R,R-NAR071718004,19,5,0.9182934304095707,1.852478141780964
NAR071718004,NAR,CJF_3,CJF,3,R,R-NAR071718004,19,6,0.9949675382257849,1.852478141780964
NAR071718004,NAR,CJF_3,CJF,3,R,R-NAR071718004,19,7,1.0622207645645139,1.852478141780964
NAR071718004,NAR,CJF_3,CJF,3,R,R-NAR071718004,19,8,1.1162125695461398,1.852478141780964
NAR071718004,NAR,CJF_3,CJF,3,R,R-NAR071718004,19,9,1.1996216375683697,1.852478141780964
NAR071718004,NAR,CJF_3,CJF,3,R,R-NAR071718004,19,10,1.2630343240274817,1.852478141780964
NAR071718004,NAR,CJF_3,CJF,3,R,R-NAR071718004,19,11,1.3298144905896019,1.852478141780964
NAR071718004,NAR,CJF_3,CJF,3,R,R-NAR071718004,19,12,1.384070856292907,1.852478141780964
NAR071718004,NAR,CJF_3,CJF,3,R,R-NAR071718004,19,13,1.4272226004672217,1.852478141780964
NAR071718004,NAR,CJF_3,CJF,3,R,R-NAR071718004,19,14,1.4961595668574539,1.852478141780964
NAR071718004,NAR,CJF_3,CJF,3,R,R-NAR071718004,19,15,1.5513620521139755,1.852478141780964
NAR071718004,NAR,CJF_3,CJF,3,R,R-NAR071718004,19,16,1.6321412605314853,1.852478141780964
NAR071718004,NAR,CJF_3,CJF,3,R,R-NAR071718004,19,17,1.6943432667157021,1.852478141780964
NAR071718004,NAR,CJF_3,CJF,3,R,R-NAR071718004,19,18,1.7553345926250226,1.852478141780964
NAR071718004,NAR,CJF_3,CJF,3,R,R-NAR071718004,19,19,1.809326397606649,1.852478141780964
NAR071718004,NAR,JRS_1,JRS,1,R,R-NAR071718004,17,1,0.436192228389978,1.820742119335408
NAR071718004,NAR,JRS_1,JRS,1,R,R-NAR071718004,17,2,0.5942310539340151,1.820742119335408
NAR071718004,NAR,JRS_1,JRS,1,R,R-NAR071718004,17,3,0.7270906320727064,1.820742119335408
NAR071718004,NAR,JRS_1,JRS,1,R,R-NAR071718004,17,4,0.8085347433047909,1.820742119335408
NAR071718004,NAR,JRS_1,JRS,1,R,R-NAR071718004,17,5,0.8986206762812197,1.820742119335408
NAR071718004,NAR,JRS_1,JRS,1,R,R-NAR071718004,17,6,0.9949237325419276,1.820742119335408
NAR071718004,NAR,JRS_1,JRS,1,R,R-NAR071718004,17,7,1.0490746521768302,1.820742119335408
NAR071718004,NAR,JRS_1,JRS,1,R,R-NAR071718004,17,8,1.1239908858564065,1.820742119335408
NAR071718004,NAR,JRS_1,JRS,1,R,R-NAR071718004,17,9,1.1854159008715062,1.820742119335408
NAR071718004,NAR,JRS_1,JRS,1,R,R-NAR071718004,17,10,1.2381990941422611,1.820742119335408
NAR071718004,NAR,JRS_1,JRS,1,R,R-NAR071718004,17,11,1.292039259508935,1.820742119335408
NAR071718004,NAR,JRS_1,JRS,1,R,R-NAR071718004,17,12,1.3572566993482482,1.820742119335408
NAR071718004,NAR,JRS_1,JRS,1,R,R-NAR071718004,17,13,1.4124645910790692,1.820742119335408
NAR071718004,NAR,JRS_1,JRS,1,R,R-NAR071718004,17,14,1.4725218797300215,1.820742119335408
NAR071718004,NAR,JRS_1,JRS,1,R,R-NAR071718004,17,15,1.55154129250204,1.820742119335408
NAR071718004,NAR,JRS_1,JRS,1,R,R-NAR071718004,17,16,1.6153910059772056,1.820742119335408
NAR071718004,NAR,JRS_1,JRS,1,R,R-NAR071718004,17,17,1.6906179939250106,1.820742119335408
NAR071718005,NAR,CJF_1,CJF,1,R,R-NAR071718005,8,1,0.4648194881503006,1.2526074513232235
NAR071718005,NAR,CJF_1,CJF,1,R,R-NAR071718005,8,2,0.621475350377615,1.2526074513232235
NAR071718005,NAR,CJF_1,CJF,1,R,R-NAR071718005,8,3,0.7974447137409156,1.2526074513232235
NAR071718005,NAR,CJF_1,CJF,1,R,R-NAR071718005,8,4,0.8666651311877765,1.2526074513232235
NAR071718005,NAR,CJF_1,CJF,1,R,R-NAR071718005,8,5,0.9604619051290414,1.2526074513232235
NAR071718005,NAR,CJF_1,CJF,1,R,R-NAR071718005,8,6,1.073457423379517,1.2526074513232235
NAR071718005,NAR,CJF_1,CJF,1,R,R-NAR071718005,8,7,1.1438910714555477,1.2526074513232235
NAR071718005,NAR,CJF_1,CJF,1,R,R-NAR071718005,8,8,1.2302280424336067,1.2526074513232235
NAR071718005,NAR,CJF_2,CJF,2,R,R-NAR071718005,8,1,0.37299102946836676,1.1871873054237758
NAR071718005,NAR,CJF_2,CJF,2,R,R-NAR071718005,8,2,0.5732593522556719,1.1871873054237758
NAR071718005,NAR,CJF_2,CJF,2,R,R-NAR071718005,8,3,0.6991464179058695,1.1871873054237758
NAR071718005,NAR,CJF_2,CJF,2,R,R-NAR071718005,8,4,0.786552046778,1.1871873054237758
NAR071718005,NAR,CJF_2,CJF,2,R,R-NAR071718005,8,5,0.8749526446461455,1.1871873054237758
NAR071718005,NAR,CJF_2,CJF,2,R,R-NAR071718005,8,6,0.9805547163757102,1.1871873054237758
NAR071718005,NAR,CJF_2,CJF,2,R,R-NAR071718005,8,7,1.0764131625717992,1.1871873054237758
NAR071718005,NAR,CJF_2,CJF,2,R,R-NAR071718005,8,8,1.1530801969144369,1.1871873054237758
NAR071718005,NAR,CJF_3,CJF,3,R,R-NAR071718005,8,1,0.4146922726849507,1.2387265513610612
NAR071718005,NAR,CJF_3,CJF,3,R,R-NAR071718005,8,2,0.6031176209276805,1.2387265513610612
NAR071718005,NAR,CJF_3,CJF,3,R,R-NAR071718005,8,3,0.7534558099987245,1.2387265513610612
NAR071718005,NAR,CJF_3,CJF,3,R,R-NAR071718005,8,4,0.8456580365043919,1.2387265513610612
NAR071718005,NAR,CJF_3,CJF,3,R,R-NAR071718005,8,5,0.9238428024634593,1.2387265513610612
NAR071718005,NAR,CJF_3,CJF,3,R,R-NAR071718005,8,6,1.0338934745382058,1.2387265513610612
NAR071718005,NAR,CJF_3,CJF,3,R,R-NAR071718005,8,7,1.1136531949318644,1.2387265513610612
NAR071718005,NAR,CJF_3,CJF,3,R,R-NAR071718005,8,8,1.1952334527323056,1.2387265513610612
NAR071718005,NAR,JRS_1,JRS,1,R,R-NAR071718005,7,1,0.24443476317946458,0.8875170185443895
NAR071718005,NAR,JRS_1,JRS,1,R,R-NAR071718005,7,2,0.38011452120912786,0.8875170185443895
NAR071718005,NAR,JRS_1,JRS,1,R,R-NAR071718005,7,3,0.5175436864080636,0.8875170185443895
NAR071718005,NAR,JRS_1,JRS,1,R,R-NAR071718005,7,4,0.6346904734613944,0.8875170185443895
NAR071718005,NAR,JRS_1,JRS,1,R,R-NAR071718005,7,5,0.7028807223199875,0.8875170185443895
NAR071718005,NAR,JRS_1,JRS,1,R,R-NAR071718005,7,6,0.7584820772985177,0.8875170185443895
NAR071718005,NAR,JRS_1,JRS,1,R,R-NAR071718005,7,7,0.8284192912768487,0.8875170185443895
NAR071718006,NAR,CJF_1,CJF,1,R,R-NAR071718006,8,1,0.4426557659048236,1.184597333532801
NAR071718006,NAR,CJF_1,CJF,1,R,R-NAR071718006,8,2,0.5807684766276657,1.184597333532801
NAR071718006,NAR,CJF_1,CJF,1,R,R-NAR071718006,8,3,0.7145340846178533,1.184597333532801
NAR071718006,NAR,CJF_1,CJF,1,R,R-NAR071718006,8,4,0.7842528732863729,1.184597333532801
NAR071718006,NAR,CJF_1,CJF,1,R,R-NAR071718006,8,5,0.8785220537926101,1.184597333532801
NAR071718006,NAR,CJF_1,CJF,1,R,R-NAR071718006,8,6,0.9881097728351429,1.184597333532801
NAR071718006,NAR,CJF_1,CJF,1,R,R-NAR071718006,8,7,1.0759619782144039,1.184597333532801
NAR071718006,NAR,CJF_1,CJF,1,R,R-NAR071718006,8,8,1.1443559002687265,1.184597333532801
NAR071718006,NAR,CJF_2,CJF,2,R,R-NAR071718006,8,1,0.438721512675888,1.2183544926831809
NAR071718006,NAR,CJF_2,CJF,2,R,R-NAR071718006,8,2,0.6113895205470147,1.2183544926831809
NAR071718006,NAR,CJF_2,CJF,2,R,R-NAR071718006,8,3,0.7321516487093375,1.2183544926831809
NAR071718006,NAR,CJF_2,CJF,2,R,R-NAR071718006,8,4,0.8447667524664672,1.2183544926831809
NAR071718006,NAR,CJF_2,CJF,2,R,R-NAR071718006,8,5,0.9395106417509359,1.2183544926831809
NAR071718006,NAR,CJF_2,CJF,2,R,R-NAR071718006,8,6,1.0225156286827717,1.2183544926831809
NAR071718006,NAR,CJF_2,CJF,2,R,R-NAR071718006,8,7,1.1141933619072255,1.2183544926831809
NAR071718006,NAR,CJF_2,CJF,2,R,R-NAR071718006,8,8,1.172143378471519,1.2183544926831809
NAR071718006,NAR,CJF_3,CJF,3,R,R-NAR071718006,8,1,0.41985417418533855,1.1990175997604766
NAR071718006,NAR,CJF_3,CJF,3,R,R-NAR071718006,8,2,0.5722584851534005,1.1990175997604766
NAR071718006,NAR,CJF_3,CJF,3,R,R-NAR071718006,8,3,0.7120866636230604,1.1990175997604766
NAR071718006,NAR,CJF_3,CJF,3,R,R-NAR071718006,8,4,0.8103478180320132,1.1990175997604766
NAR071718006,NAR,CJF_3,CJF,3,R,R-NAR071718006,8,5,0.9011347875208375,1.1990175997604766
NAR071718006,NAR,CJF_3,CJF,3,R,R-NAR071718006,8,6,0.9975720798115796,1.1990175997604766
NAR071718006,NAR,CJF_3,CJF,3,R,R-NAR071718006,8,7,1.0701325940000845,1.1990175997604766
NAR071718006,NAR,CJF_3,CJF,3,R,R-NAR071718006,8,8,1.1518002528978528,1.1990175997604766
NAR071718006,NAR,JRS_1,JRS,1,R,R-NAR071718006,7,1,0.4782628812102972,1.2761852706897738
NAR071718006,NAR,JRS_1,JRS,1,R,R-NAR071718006,6,1,0.43628061558079123,1.3213591768591233
NAR071718006,NAR,JRS_1,JRS,1,R,R-NAR071718006,7,2,0.6466683588843405,1.2761852706897738
NAR071718006,NAR,JRS_1,JRS,1,R,R-NAR071718006,6,2,0.6871565233732904,1.3213591768591233
NAR071718006,NAR,JRS_1,JRS,1,R,R-NAR071718006,7,3,0.7892991534012405,1.2761852706897738
NAR071718006,NAR,JRS_1,JRS,1,R,R-NAR071718006,6,3,0.8279522480186243,1.3213591768591233
NAR071718006,NAR,JRS_1,JRS,1,R,R-NAR071718006,7,4,0.8536170799471461,1.2761852706897738
NAR071718006,NAR,JRS_1,JRS,1,R,R-NAR071718006,6,4,0.9422489833261659,1.3213591768591233
NAR071718006,NAR,JRS_1,JRS,1,R,R-NAR071718006,7,5,0.9651965110376114,1.2761852706897738
NAR071718006,NAR,JRS_1,JRS,1,R,R-NAR071718006,6,5,1.0788281558111237,1.3213591768591233
NAR071718006,NAR,JRS_1,JRS,1,R,R-NAR071718006,7,6,1.0520375900092787,1.2761852706897738
NAR071718006,NAR,JRS_1,JRS,1,R,R-NAR071718006,6,6,1.17639100884154,1.3213591768591233
NAR071718006,NAR,JRS_1,JRS,1,R,R-NAR071718006,7,7,1.1571139596369813,1.2761852706897738
NAR071718006,NAR,NGA_1,NGA,1,R,R-NAR071718006,6,1,0.685646594535664,1.3334615586179133
NAR071718006,NAR,NGA_1,NGA,1,R,R-NAR071718006,6,2,0.8378172572134212,1.3334615586179133
NAR071718006,NAR,NGA_1,NGA,1,R,R-NAR071718006,6,3,0.9590473028371722,1.3334615586179133
NAR071718006,NAR,NGA_1,NGA,1,R,R-NAR071718006,6,4,1.0898321557768695,1.3334615586179133
NAR071718006,NAR,NGA_1,NGA,1,R,R-NAR071718006,6,5,1.1831105489926033,1.3334615586179133
NAR071718006,NAR,NGA_1,NGA,1,R,R-NAR071718006,6,6,1.2826296141488442,1.3334615586179133
NAR071718006,NAR,NGA_2,NGA,2,R,R-NAR071718006,7,1,0.4910942568920403,1.3636134417175307
NAR071718006,NAR,NGA_2,NGA,2,R,R-NAR071718006,7,2,0.7161236190472515,1.3636134417175307
NAR071718006,NAR,NGA_2,NGA,2,R,R-NAR071718006,7,3,0.885783780851429,1.3636134417175307
NAR071718006,NAR,NGA_2,NGA,2,R,R-NAR071718006,7,4,1.0028131872492385,1.3636134417175307
NAR071718006,NAR,NGA_2,NGA,2,R,R-NAR071718006,7,5,1.1282717428297415,1.3636134417175307
NAR071718006,NAR,NGA_2,NGA,2,R,R-NAR071718006,7,6,1.222151845166423,1.3636134417175307
NAR071718006,NAR,NGA_2,NGA,2,R,R-NAR071718006,7,7,1.316459576200495,1.3636134417175307
NAR071718007,NAR,CJF_1,CJF,1,R,R-NAR071718007,4,1,0.3852111332270732,1.0291051572569039
NAR071718007,NAR,CJF_1,CJF,1,R,R-NAR071718007,4,2,0.6757623485379856,1.0291051572569039
NAR071718007,NAR,CJF_1,CJF,1,R,R-NAR071718007,4,3,0.8266619217200301,1.0291051572569039
NAR071718007,NAR,CJF_1,CJF,1,R,R-NAR071718007,4,4,0.9625626265461468,1.0291051572569039
NAR071718007,NAR,CJF_2,CJF,2,R,R-NAR071718007,4,1,0.3688221563887112,1.0274518141090914
NAR071718007,NAR,CJF_2,CJF,2,R,R-NAR071718007,4,2,0.6726091393688736,1.0274518141090914
NAR071718007,NAR,CJF_2,CJF,2,R,R-NAR071718007,4,3,0.8375559372056869,1.0274518141090914
NAR071718007,NAR,CJF_2,CJF,2,R,R-NAR071718007,4,4,0.9612299090325394,1.0274518141090914
NAR071718007,NAR,CJF_3,CJF,3,R,R-NAR071718007,4,1,0.3587176313590925,1.0008737056031354
NAR071718007,NAR,CJF_3,CJF,3,R,R-NAR071718007,4,2,0.6393286485715376,1.0008737056031354
NAR071718007,NAR,CJF_3,CJF,3,R,R-NAR071718007,4,3,0.805567517071152,1.0008737056031354
NAR071718007,NAR,CJF_3,CJF,3,R,R-NAR071718007,4,4,0.9227670914564882,1.0008737056031354
NAR071718007,NAR,JRS_1,JRS,1,R,R-NAR071718007,4,1,0.31958012494716365,0.9429374922353176
NAR071718007,NAR,JRS_1,JRS,1,R,R-NAR071718007,4,2,0.44449205422150984,0.9429374922353176
NAR071718007,NAR,JRS_1,JRS,1,R,R-NAR071718007,4,3,0.6227562277463657,0.9429374922353176
NAR071718007,NAR,JRS_1,JRS,1,R,R-NAR071718007,4,4,0.7782283322280232,0.9429374922353176
NAR071718008,NAR,CJF_1,CJF,1,R,R-NAR071718008,4,1,0.4165409542387601,1.0587664631976939
NAR071718008,NAR,CJF_1,CJF,1,R,R-NAR071718008,4,2,0.710627015428316,1.0587664631976939
NAR071718008,NAR,CJF_1,CJF,1,R,R-NAR071718008,4,3,0.8899482761199614,1.0587664631976939
NAR071718008,NAR,CJF_1,CJF,1,R,R-NAR071718008,4,4,1.0159851594869134,1.0587664631976939
NAR071718008,NAR,CJF_2,CJF,2,R,R-NAR071718008,4,1,0.4037442900585052,1.0467595851439684
NAR071718008,NAR,CJF_2,CJF,2,R,R-NAR071718008,4,2,0.6898919529022947,1.0467595851439684
NAR071718008,NAR,CJF_2,CJF,2,R,R-NAR071718008,4,3,0.856505358900764,1.0467595851439684
NAR071718008,NAR,CJF_2,CJF,2,R,R-NAR071718008,4,4,0.9946775124442833,1.0467595851439684
NAR071718008,NAR,CJF_3,CJF,3,R,R-NAR071718008,4,1,0.37073099133188037,1.0385678310667017
NAR071718008,NAR,CJF_3,CJF,3,R,R-NAR071718008,4,2,0.6693780466209815,1.0385678310667017
NAR071718008,NAR,CJF_3,CJF,3,R,R-NAR071718008,4,3,0.8430237565433117,1.0385678310667017
NAR071718008,NAR,CJF_3,CJF,3,R,R-NAR071718008,4,4,0.971219523029881,1.0385678310667017
NAR071718008,NAR,JRS_1,JRS,1,R,R-NAR071718008,4,1,0.30947423657495504,0.9709664596701337
NAR071718008,NAR,JRS_1,JRS,1,R,R-NAR071718008,4,2,0.4491595096150261,0.9709664596701337
NAR071718008,NAR,JRS_1,JRS,1,R,R-NAR071718008,4,3,0.638713595222011,0.9709664596701337
NAR071718008,NAR,JRS_1,JRS,1,R,R-NAR071718008,4,4,0.7998794451157377,0.9709664596701337
NAR071718009,NAR,CJF_1,CJF,1,R,R-NAR071718009,4,1,0.3793708802577018,0.8878391082088162
NAR071718009,NAR,CJF_1,CJF,1,R,R-NAR071718009,4,2,0.5939202985726395,0.8878391082088162
NAR071718009,NAR,CJF_1,CJF,1,R,R-NAR071718009,4,3,0.7161880830348519,0.8878391082088162
NAR071718009,NAR,CJF_1,CJF,1,R,R-NAR071718009,4,4,0.8315113990457237,0.8878391082088162
NAR071718009,NAR,CJF_2,CJF,2,R,R-NAR071718009,3,1,0.3597894450487419,0.8910515795490848
NAR071718009,NAR,CJF_2,CJF,2,R,R-NAR071718009,3,2,0.7425843258858291,0.8910515795490848
NAR071718009,NAR,CJF_2,CJF,2,R,R-NAR071718009,3,3,0.8382496537299693,0.8910515795490848
NAR071718009,NAR,CJF_3,CJF,3,R,R-NAR071718009,4,1,0.4833783373554159,0.9533513310639153
NAR071718009,NAR,CJF_3,CJF,3,R,R-NAR071718009,4,2,0.6571383696187464,0.9533513310639153
NAR071718009,NAR,CJF_3,CJF,3,R,R-NAR071718009,4,3,0.7932877482455515,0.9533513310639153
NAR071718009,NAR,CJF_3,CJF,3,R,R-NAR071718009,4,4,0.8899488604267323,0.9533513310639153
NAR071718009,NAR,JRS_1,JRS,1,R,R-NAR071718009,2,1,0.3378092706865081,0.8304661731479095
NAR071718009,NAR,JRS_1,JRS,1,R,R-NAR071718009,2,2,0.5854474074206686,0.8304661731479095
NAR071718010,NAR,CJF_1,CJF,1,R,R-NAR071718010,12,1,0.4392170760479353,1.6102521599242936
NAR071718010,NAR,CJF_1,CJF,1,R,R-NAR071718010,12,2,0.6982088971139644,1.6102521599242936
NAR071718010,NAR,CJF_1,CJF,1,R,R-NAR071718010,12,3,0.8184550997517628,1.6102521599242936
NAR071718010,NAR,CJF_1,CJF,1,R,R-NAR071718010,12,4,0.9226721527615387,1.6102521599242936
NAR071718010,NAR,CJF_1,CJF,1,R,R-NAR071718010,12,5,1.0315140597189225,1.6102521599242936
NAR071718010,NAR,CJF_1,CJF,1,R,R-NAR071718010,12,6,1.1089014437470488,1.6102521599242936
NAR071718010,NAR,CJF_1,CJF,1,R,R-NAR071718010,12,7,1.2024896068056146,1.6102521599242936
NAR071718010,NAR,CJF_1,CJF,1,R,R-NAR071718010,12,8,1.2811121239149446,1.6102521599242936
NAR071718010,NAR,CJF_1,CJF,1,R,R-NAR071718010,12,9,1.3370700986382344,1.6102521599242936
NAR071718010,NAR,CJF_1,CJF,1,R,R-NAR071718010,12,10,1.400123193471539,1.6102521599242936
NAR071718010,NAR,CJF_1,CJF,1,R,R-NAR071718010,12,11,1.4887708242052902,1.6102521599242936
NAR071718010,NAR,CJF_1,CJF,1,R,R-NAR071718010,12,12,1.5501290586053933,1.6102521599242936
NAR071718010,NAR,CJF_2,CJF,2,R,R-NAR071718010,12,1,0.48431481478226934,1.6148967962955485
NAR071718010,NAR,CJF_2,CJF,2,R,R-NAR071718010,12,2,0.7052468074154123,1.6148967962955485
NAR071718010,NAR,CJF_2,CJF,2,R,R-NAR071718010,12,3,0.8066144582139089,1.6148967962955485
NAR071718010,NAR,CJF_2,CJF,2,R,R-NAR071718010,12,4,0.8986517212351531,1.6148967962955485
NAR071718010,NAR,CJF_2,CJF,2,R,R-NAR071718010,12,5,1.0216146422071544,1.6148967962955485
NAR071718010,NAR,CJF_2,CJF,2,R,R-NAR071718010,12,6,1.1208503286195668,1.6148967962955485
NAR071718010,NAR,CJF_2,CJF,2,R,R-NAR071718010,12,7,1.2056577585486965,1.6148967962955485
NAR071718010,NAR,CJF_2,CJF,2,R,R-NAR071718010,12,8,1.2781688963806257,1.6148967962955485
NAR071718010,NAR,CJF_2,CJF,2,R,R-NAR071718010,12,9,1.3379824769988962,1.6148967962955485
NAR071718010,NAR,CJF_2,CJF,2,R,R-NAR071718010,12,10,1.4092270000795537,1.6148967962955485
NAR071718010,NAR,CJF_2,CJF,2,R,R-NAR071718010,12,11,1.4787722335915345,1.6148967962955485
NAR071718010,NAR,CJF_2,CJF,2,R,R-NAR071718010,12,12,1.566978242658019,1.6148967962955485
NAR071718010,NAR,CJF_3,CJF,3,R,R-NAR071718010,12,1,0.5313481770959894,1.6230817047945518
NAR071718010,NAR,CJF_3,CJF,3,R,R-NAR071718010,12,2,0.7258772867329817,1.6230817047945518
NAR071718010,NAR,CJF_3,CJF,3,R,R-NAR071718010,12,3,0.8379578269156045,1.6230817047945518
NAR071718010,NAR,CJF_3,CJF,3,R,R-NAR071718010,12,4,0.9424881814771994,1.6230817047945518
NAR071718010,NAR,CJF_3,CJF,3,R,R-NAR071718010,12,5,1.052241583704765,1.6230817047945518
NAR071718010,NAR,CJF_3,CJF,3,R,R-NAR071718010,12,6,1.1428351360018323,1.6230817047945518
NAR071718010,NAR,CJF_3,CJF,3,R,R-NAR071718010,12,7,1.2281969654776572,1.6230817047945518
NAR071718010,NAR,CJF_3,CJF,3,R,R-NAR071718010,12,8,1.2903394663345384,1.6230817047945518
NAR071718010,NAR,CJF_3,CJF,3,R,R-NAR071718010,12,9,1.3693146791668636,1.6230817047945518
NAR071718010,NAR,CJF_3,CJF,3,R,R-NAR071718010,12,10,1.4192527184926045,1.6230817047945518
NAR071718010,NAR,CJF_3,CJF,3,R,R-NAR071718010,12,11,1.516224212277901,1.6230817047945518
NAR071718010,NAR,CJF_3,CJF,3,R,R-NAR071718010,12,12,1.5818487449120973,1.6230817047945518
NAR071718010,NAR,JRS_1,JRS,1,R,R-NAR071718010,11,1,0.3101268273246941,1.0426498243027176
NAR071718010,NAR,JRS_1,JRS,1,R,R-NAR071718010,11,2,0.4268430362635336,1.0426498243027176
NAR071718010,NAR,JRS_1,JRS,1,R,R-NAR071718010,11,3,0.4861158716275885,1.0426498243027176
NAR071718010,NAR,JRS_1,JRS,1,R,R-NAR071718010,11,4,0.5535506554963403,1.0426498243027176
NAR071718010,NAR,JRS_1,JRS,1,R,R-NAR071718010,11,5,0.5935724549881685,1.0426498243027176
NAR071718010,NAR,JRS_1,JRS,1,R,R-NAR071718010,11,6,0.6421220953425499,1.0426498243027176
NAR071718010,NAR,JRS_1,JRS,1,R,R-NAR071718010,11,7,0.6832415719079368,1.0426498243027176
NAR071718010,NAR,JRS_1,JRS,1,R,R-NAR071718010,11,8,0.7325229969780245,1.0426498243027176
NAR071718010,NAR,JRS_1,JRS,1,R,R-NAR071718010,11,9,0.8047705398148323,1.0426498243027176
NAR071718010,NAR,JRS_1,JRS,1,R,R-NAR071718010,11,10,0.849239205916864,1.0426498243027176
NAR071718010,NAR,JRS_1,JRS,1,R,R-NAR071718010,11,11,0.942989297088982,1.0426498243027176
NAR071718011,NAR,CJF_1,CJF,1,R,R-NAR071718011,9,1,0.455724708078009,1.4982555057723639
NAR071718011,NAR,CJF_1,CJF,1,R,R-NAR071718011,9,2,0.6647320704533164,1.4982555057723639
NAR071718011,NAR,CJF_1,CJF,1,R,R-NAR071718011,9,3,0.8302885845210999,1.4982555057723639
NAR071718011,NAR,CJF_1,CJF,1,R,R-NAR071718011,9,4,0.961725401572721,1.4982555057723639
NAR071718011,NAR,CJF_1,CJF,1,R,R-NAR071718011,9,5,1.071259076713938,1.4982555057723639
NAR071718011,NAR,CJF_1,CJF,1,R,R-NAR071718011,9,6,1.1754013338585754,1.4982555057723639
NAR071718011,NAR,CJF_1,CJF,1,R,R-NAR071718011,9,7,1.2558453059371937,1.4982555057723639
NAR071718011,NAR,CJF_1,CJF,1,R,R-NAR071718011,9,8,1.340957847926359,1.4982555057723639
NAR071718011,NAR,CJF_1,CJF,1,R,R-NAR071718011,9,9,1.4357689537796352,1.4982555057723639
NAR071718011,NAR,CJF_2,CJF,2,R,R-NAR071718011,9,1,0.4635373489827552,1.5130200027293486
NAR071718011,NAR,CJF_2,CJF,2,R,R-NAR071718011,9,2,0.6914617303537122,1.5130200027293486
NAR071718011,NAR,CJF_2,CJF,2,R,R-NAR071718011,9,3,0.8511376097434062,1.5130200027293486
NAR071718011,NAR,CJF_2,CJF,2,R,R-NAR071718011,9,4,0.9884301116270044,1.5130200027293486
NAR071718011,NAR,CJF_2,CJF,2,R,R-NAR071718011,9,5,1.0751611396416205,1.5130200027293486
NAR071718011,NAR,CJF_2,CJF,2,R,R-NAR071718011,9,6,1.2138548825301019,1.5130200027293486
NAR071718011,NAR,CJF_2,CJF,2,R,R-NAR071718011,9,7,1.28939422179167,1.5130200027293486
NAR071718011,NAR,CJF_2,CJF,2,R,R-NAR071718011,9,8,1.3750268803433088,1.5130200027293486
NAR071718011,NAR,CJF_2,CJF,2,R,R-NAR071718011,9,9,1.4642575188257847,1.5130200027293486
NAR071718011,NAR,CJF_3,CJF,3,R,R-NAR071718011,9,1,0.5173635940565685,1.5433946047961231
NAR071718011,NAR,CJF_3,CJF,3,R,R-NAR071718011,9,2,0.7323045006755652,1.5433946047961231
NAR071718011,NAR,CJF_3,CJF,3,R,R-NAR071718011,9,3,0.8800547070143441,1.5433946047961231
NAR071718011,NAR,CJF_3,CJF,3,R,R-NAR071718011,9,4,1.0133112843971548,1.5433946047961231
NAR071718011,NAR,CJF_3,CJF,3,R,R-NAR071718011,9,5,1.1154600298659516,1.5433946047961231
NAR071718011,NAR,CJF_3,CJF,3,R,R-NAR071718011,9,6,1.2340496425985392,1.5433946047961231
NAR071718011,NAR,CJF_3,CJF,3,R,R-NAR071718011,9,7,1.3192817770618601,1.5433946047961231
NAR071718011,NAR,CJF_3,CJF,3,R,R-NAR071718011,9,8,1.4016151857339874,1.5433946047961231
NAR071718011,NAR,CJF_3,CJF,3,R,R-NAR071718011,9,9,1.4984422233620824,1.5433946047961231
NAR071718012,NAR,CJF_1,CJF,1,R,R-NAR071718012,7,1,0.5443833151821879,1.3814973044173546
NAR071718012,NAR,CJF_1,CJF,1,R,R-NAR071718012,7,2,0.714560204955938,1.3814973044173546
NAR071718012,NAR,CJF_1,CJF,1,R,R-NAR071718012,7,3,0.8668880834330864,1.3814973044173546
NAR071718012,NAR,CJF_1,CJF,1,R,R-NAR071718012,7,4,0.9360115068110015,1.3814973044173546
NAR071718012,NAR,CJF_1,CJF,1,R,R-NAR071718012,7,5,1.143381776944746,1.3814973044173546
NAR071718012,NAR,CJF_1,CJF,1,R,R-NAR071718012,7,6,1.2430368351234111,1.3814973044173546
NAR071718012,NAR,CJF_1,CJF,1,R,R-NAR071718012,7,7,1.3216188204949098,1.3814973044173546
NAR071718012,NAR,CJF_2,CJF,2,R,R-NAR071718012,8,1,0.5448333711220165,1.3596605613099013
NAR071718012,NAR,CJF_2,CJF,2,R,R-NAR071718012,8,2,0.7298661615300269,1.3596605613099013
NAR071718012,NAR,CJF_2,CJF,2,R,R-NAR071718012,8,3,0.85616596482701,1.3596605613099013
NAR071718012,NAR,CJF_2,CJF,2,R,R-NAR071718012,8,4,0.9590894115251173,1.3596605613099013
NAR071718012,NAR,CJF_2,CJF,2,R,R-NAR071718012,8,5,1.0530316492031,1.3596605613099013
NAR071718012,NAR,CJF_2,CJF,2,R,R-NAR071718012,8,6,1.1516775684792753,1.3596605613099013
NAR071718012,NAR,CJF_2,CJF,2,R,R-NAR071718012,8,7,1.2369226999213065,1.3596605613099013
NAR071718012,NAR,CJF_2,CJF,2,R,R-NAR071718012,8,8,1.321741677187078,1.3596605613099013
NAR071718012,NAR,CJF_3,CJF,3,R,R-NAR071718012,9,1,0.48716576903913544,1.291344454908086
NAR071718012,NAR,CJF_3,CJF,3,R,R-NAR071718012,9,2,0.5581948894412673,1.291344454908086
NAR071718012,NAR,CJF_3,CJF,3,R,R-NAR071718012,9,3,0.66837806810522,1.291344454908086
NAR071718012,NAR,CJF_3,CJF,3,R,R-NAR071718012,9,4,0.8040338771545081,1.291344454908086
NAR071718012,NAR,CJF_3,CJF,3,R,R-NAR071718012,9,5,0.9021362358807213,1.291344454908086
NAR071718012,NAR,CJF_3,CJF,3,R,R-NAR071718012,9,6,0.9865571667304514,1.291344454908086
NAR071718012,NAR,CJF_3,CJF,3,R,R-NAR071718012,9,7,1.080292127783761,1.291344454908086
NAR071718012,NAR,CJF_3,CJF,3,R,R-NAR071718012,9,8,1.1586002443073997,1.291344454908086
NAR071718012,NAR,CJF_3,CJF,3,R,R-NAR071718012,9,9,1.2519007792173809,1.291344454908086
NAR071718012,NAR,JRS_1,JRS,1,R,R-NAR071718012,9,1,0.38563222238075573,1.3296864444097127
NAR071718012,NAR,JRS_1,JRS,1,R,R-NAR071718012,9,2,0.5420140265361983,1.3296864444097127
NAR071718012,NAR,JRS_1,JRS,1,R,R-NAR071718012,9,3,0.615097588369213,1.3296864444097127
NAR071718012,NAR,JRS_1,JRS,1,R,R-NAR071718012,9,4,0.753114462420026,1.3296864444097127
NAR071718012,NAR,JRS_1,JRS,1,R,R-NAR071718012,9,5,0.8526057300913136,1.3296864444097127
NAR071718012,NAR,JRS_1,JRS,1,R,R-NAR071718012,9,6,0.9419360542139744,1.3296864444097127
NAR071718012,NAR,JRS_1,JRS,1,R,R-NAR071718012,9,7,1.0596847781083192,1.3296864444097127
NAR071718012,NAR,JRS_1,JRS,1,R,R-NAR071718012,9,8,1.1348327708155306,1.3296864444097127
NAR071718012,NAR,JRS_1,JRS,1,R,R-NAR071718012,9,9,1.2220986640639944,1.3296864444097127
NAR071718013,NAR,CJF_1,CJF,1,R,R-NAR071718013,7,1,0.4365093080367782,1.3719510125537062
NAR071718013,NAR,CJF_1,CJF,1,R,R-NAR071718013,7,2,0.7931008623724825,1.3719510125537062
NAR071718013,NAR,CJF_1,CJF,1,R,R-NAR071718013,7,3,0.9226635829206912,1.3719510125537062
NAR071718013,NAR,CJF_1,CJF,1,R,R-NAR071718013,7,4,1.035735468270821,1.3719510125537062
NAR071718013,NAR,CJF_1,CJF,1,R,R-NAR071718013,7,5,1.1339678776249549,1.3719510125537062
NAR071718013,NAR,CJF_1,CJF,1,R,R-NAR071718013,7,6,1.2396794084632812,1.3719510125537062
NAR071718013,NAR,CJF_1,CJF,1,R,R-NAR071718013,7,7,1.3051676813660371,1.3719510125537062
NAR071718013,NAR,CJF_2,CJF,2,R,R-NAR071718013,7,1,0.37021051663818,1.2747714236415857
NAR071718013,NAR,CJF_2,CJF,2,R,R-NAR071718013,7,2,0.743141445331214,1.2747714236415857
NAR071718013,NAR,CJF_2,CJF,2,R,R-NAR071718013,7,3,0.8285464479115985,1.2747714236415857
NAR071718013,NAR,CJF_2,CJF,2,R,R-NAR071718013,7,4,0.9411555710405178,1.2747714236415857
NAR071718013,NAR,CJF_2,CJF,2,R,R-NAR071718013,7,5,1.0421898530659686,1.2747714236415857
NAR071718013,NAR,CJF_2,CJF,2,R,R-NAR071718013,7,6,1.147971766317072,1.2747714236415857
NAR071718013,NAR,CJF_2,CJF,2,R,R-NAR071718013,7,7,1.2083045864824482,1.2747714236415857
NAR071718013,NAR,CJF_3,CJF,3,R,R-NAR071718013,7,1,0.3591979930705026,1.2854078610471835
NAR071718013,NAR,CJF_3,CJF,3,R,R-NAR071718013,7,2,0.7104726638859085,1.2854078610471835
NAR071718013,NAR,CJF_3,CJF,3,R,R-NAR071718013,7,3,0.8232373800867002,1.2854078610471835
NAR071718013,NAR,CJF_3,CJF,3,R,R-NAR071718013,7,4,0.938891924834882,1.2854078610471835
NAR071718013,NAR,CJF_3,CJF,3,R,R-NAR071718013,7,5,1.044879767699442,1.2854078610471835
NAR071718013,NAR,CJF_3,CJF,3,R,R-NAR071718013,7,6,1.1521632921602825,1.2854078610471835
NAR071718013,NAR,CJF_3,CJF,3,R,R-NAR071718013,7,7,1.2078231931238306,1.2854078610471835
NAR071718013,NAR,JRS_1,JRS,1,R,R-NAR071718013,7,1,0.35159362857693,1.1700633127573878
NAR071718013,NAR,JRS_1,JRS,1,R,R-NAR071718013,7,2,0.630521799770153,1.1700633127573878
NAR071718013,NAR,JRS_1,JRS,1,R,R-NAR071718013,7,3,0.725466853410791,1.1700633127573878
NAR071718013,NAR,JRS_1,JRS,1,R,R-NAR071718013,7,4,0.8394009177795566,1.1700633127573878
NAR071718013,NAR,JRS_1,JRS,1,R,R-NAR071718013,7,5,0.9812700673190465,1.1700633127573878
NAR071718013,NAR,JRS_1,JRS,1,R,R-NAR071718013,7,6,1.056129248388622,1.1700633127573878
NAR071718013,NAR,JRS_1,JRS,1,R,R-NAR071718013,7,7,1.1220423550156011,1.1700633127573878
NAR071718014,NAR,CJF_1,CJF,1,R,R-NAR071718014,9,1,0.34302285856782583,1.4150538045754122
NAR071718014,NAR,CJF_1,CJF,1,R,R-NAR071718014,9,2,0.5579624150353419,1.4150538045754122
NAR071718014,NAR,CJF_1,CJF,1,R,R-NAR071718014,9,3,0.7914037280091311,1.4150538045754122
NAR071718014,NAR,CJF_1,CJF,1,R,R-NAR071718014,9,4,0.968229633524667,1.4150538045754122
NAR071718014,NAR,CJF_1,CJF,1,R,R-NAR071718014,9,5,1.0353846813559413,1.4150538045754122
NAR071718014,NAR,CJF_1,CJF,1,R,R-NAR071718014,9,6,1.1207735494228135,1.4150538045754122
NAR071718014,NAR,CJF_1,CJF,1,R,R-NAR071718014,9,7,1.2152346715623725,1.4150538045754122
NAR071718014,NAR,CJF_1,CJF,1,R,R-NAR071718014,9,8,1.2841250419646562,1.4150538045754122
NAR071718014,NAR,CJF_1,CJF,1,R,R-NAR071718014,9,9,1.373916068932536,1.4150538045754122
NAR071718014,NAR,CJF_2,CJF,2,R,R-NAR071718014,10,1,0.3375407091044298,1.412460194949433
NAR071718014,NAR,CJF_2,CJF,2,R,R-NAR071718014,10,2,0.5459185422614491,1.412460194949433
NAR071718014,NAR,CJF_2,CJF,2,R,R-NAR071718014,10,3,0.7633320835244394,1.412460194949433
NAR071718014,NAR,CJF_2,CJF,2,R,R-NAR071718014,10,4,0.8743229335979223,1.412460194949433
NAR071718014,NAR,CJF_2,CJF,2,R,R-NAR071718014,10,5,0.9459578292215645,1.412460194949433
NAR071718014,NAR,CJF_2,CJF,2,R,R-NAR071718014,10,6,1.0279834698091939,1.412460194949433
NAR071718014,NAR,CJF_2,CJF,2,R,R-NAR071718014,10,7,1.1023284391488708,1.412460194949433
NAR071718014,NAR,CJF_2,CJF,2,R,R-NAR071718014,10,8,1.2012716784143938,1.412460194949433
NAR071718014,NAR,CJF_2,CJF,2,R,R-NAR071718014,10,9,1.2802854163000337,1.412460194949433
NAR071718014,NAR,CJF_2,CJF,2,R,R-NAR071718014,10,10,1.3654235692516383,1.412460194949433
NAR071718014,NAR,CJF_3,CJF,3,R,R-NAR071718014,10,1,0.3774608094275121,1.4052249487433286
NAR071718014,NAR,CJF_3,CJF,3,R,R-NAR071718014,10,2,0.5502710397332892,1.4052249487433286
NAR071718014,NAR,CJF_3,CJF,3,R,R-NAR071718014,10,3,0.7564170606346747,1.4052249487433286
NAR071718014,NAR,CJF_3,CJF,3,R,R-NAR071718014,10,4,0.8777219336753421,1.4052249487433286
NAR071718014,NAR,CJF_3,CJF,3,R,R-NAR071718014,10,5,0.970177341459351,1.4052249487433286
NAR071718014,NAR,CJF_3,CJF,3,R,R-NAR071718014,10,6,1.0474789845013468,1.4052249487433286
NAR071718014,NAR,CJF_3,CJF,3,R,R-NAR071718014,10,7,1.1066110608738409,1.4052249487433286
NAR071718014,NAR,CJF_3,CJF,3,R,R-NAR071718014,10,8,1.1960257483621708,1.4052249487433286
NAR071718014,NAR,CJF_3,CJF,3,R,R-NAR071718014,10,9,1.2945625967375354,1.4052249487433286
NAR071718014,NAR,CJF_3,CJF,3,R,R-NAR071718014,10,10,1.376425320223049,1.4052249487433286
NAR071718014,NAR,JRS_1,JRS,1,R,R-NAR071718014,9,1,0.53387936572154,1.40819792009653
NAR071718014,NAR,JRS_1,JRS,1,R,R-NAR071718014,9,2,0.67005504118292,1.40819792009653
NAR071718014,NAR,JRS_1,JRS,1,R,R-NAR071718014,9,3,0.7833033553500942,1.40819792009653
NAR071718014,NAR,JRS_1,JRS,1,R,R-NAR071718014,9,4,0.8633486075274301,1.40819792009653
NAR071718014,NAR,JRS_1,JRS,1,R,R-NAR071718014,9,5,0.9659740979230083,1.40819792009653
NAR071718014,NAR,JRS_1,JRS,1,R,R-NAR071718014,9,6,1.0423627011511585,1.40819792009653
NAR071718014,NAR,JRS_1,JRS,1,R,R-NAR071718014,9,7,1.1187513043793071,1.40819792009653
NAR071718014,NAR,JRS_1,JRS,1,R,R-NAR071718014,9,8,1.2024532055058301,1.40819792009653
NAR071718014,NAR,JRS_1,JRS,1,R,R-NAR071718014,9,9,1.2894646325055763,1.40819792009653
NAR071718015,NAR,CJF_1,CJF,1,R,R-NAR071718015,12,1,0.45703902894196546,1.633281395175233
NAR071718015,NAR,CJF_1,CJF,1,R,R-NAR071718015,12,2,0.7058916138349913,1.633281395175233
NAR071718015,NAR,CJF_1,CJF,1,R,R-NAR071718015,12,3,0.8308145229075986,1.633281395175233
NAR071718015,NAR,CJF_1,CJF,1,R,R-NAR071718015,12,4,0.9396392550240902,1.633281395175233
NAR071718015,NAR,CJF_1,CJF,1,R,R-NAR071718015,12,5,1.0200749265884532,1.633281395175233
NAR071718015,NAR,CJF_1,CJF,1,R,R-NAR071718015,12,6,1.1686415828171133,1.633281395175233
NAR071718015,NAR,CJF_1,CJF,1,R,R-NAR071718015,12,7,1.2481392343455051,1.633281395175233
NAR071718015,NAR,CJF_1,CJF,1,R,R-NAR071718015,12,8,1.3153183956697758,1.633281395175233
NAR071718015,NAR,CJF_1,CJF,1,R,R-NAR071718015,12,9,1.396705890574165,1.633281395175233
NAR071718015,NAR,CJF_1,CJF,1,R,R-NAR071718015,12,10,1.4771415621385282,1.633281395175233
NAR071718015,NAR,CJF_1,CJF,1,R,R-NAR071718015,12,11,1.5424446833908554,1.633281395175233
NAR071718015,NAR,CJF_1,CJF,1,R,R-NAR071718015,12,12,1.5973191578150598,1.633281395175233
NAR071718015,NAR,CJF_2,CJF,2,R,R-NAR071718015,11,1,0.43303221715076007,1.5714610587224838
NAR071718015,NAR,CJF_2,CJF,2,R,R-NAR071718015,11,2,0.6483067350174356,1.5714610587224838
NAR071718015,NAR,CJF_2,CJF,2,R,R-NAR071718015,11,3,0.8067302671485893,1.5714610587224838
NAR071718015,NAR,CJF_2,CJF,2,R,R-NAR071718015,11,4,0.9262104691457127,1.5714610587224838
NAR071718015,NAR,CJF_2,CJF,2,R,R-NAR071718015,11,5,1.0025928458652513,1.5714610587224838
NAR071718015,NAR,CJF_2,CJF,2,R,R-NAR071718015,11,6,1.1077469233811805,1.5714610587224838
NAR071718015,NAR,CJF_2,CJF,2,R,R-NAR071718015,11,7,1.1750560204659704,1.5714610587224838
NAR071718015,NAR,CJF_2,CJF,2,R,R-NAR071718015,11,8,1.2776074647304894,1.5714610587224838
NAR071718015,NAR,CJF_2,CJF,2,R,R-NAR071718015,11,9,1.3511007261869876,1.5714610587224838
NAR071718015,NAR,CJF_2,CJF,2,R,R-NAR071718015,11,10,1.4321629837297156,1.5714610587224838
NAR071718015,NAR,CJF_2,CJF,2,R,R-NAR071718015,11,11,1.5030536119348032,1.5714610587224838
NAR071718015,NAR,CJF_3,CJF,3,R,R-NAR071718015,10,1,0.33035881664617345,1.4675148875812882
NAR071718015,NAR,CJF_3,CJF,3,R,R-NAR071718015,10,2,0.5604322919364675,1.4675148875812882
NAR071718015,NAR,CJF_3,CJF,3,R,R-NAR071718015,10,3,0.6897825675907676,1.4675148875812882
NAR071718015,NAR,CJF_3,CJF,3,R,R-NAR071718015,10,4,0.8616657907563472,1.4675148875812882
NAR071718015,NAR,CJF_3,CJF,3,R,R-NAR071718015,10,5,0.9800544358227409,1.4675148875812882
NAR071718015,NAR,CJF_3,CJF,3,R,R-NAR071718015,10,6,1.08284615980357,1.4675148875812882
NAR071718015,NAR,CJF_3,CJF,3,R,R-NAR071718015,10,7,1.1815008350947294,1.4675148875812882
NAR071718015,NAR,CJF_3,CJF,3,R,R-NAR071718015,10,8,1.2535365751845453,1.4675148875812882
NAR071718015,NAR,CJF_3,CJF,3,R,R-NAR071718015,10,9,1.3491262425148944,1.4675148875812882
NAR071718015,NAR,CJF_3,CJF,3,R,R-NAR071718015,10,10,1.4135824512019872,1.4675148875812882
NAR071718015,NAR,JRS_1,JRS,1,R,R-NAR071718015,10,1,0.36951329839316316,1.1168850071724814
NAR071718015,NAR,JRS_1,JRS,1,R,R-NAR071718015,10,2,0.4587195605965386,1.1168850071724814
NAR071718015,NAR,JRS_1,JRS,1,R,R-NAR071718015,10,3,0.6044215437965391,1.1168850071724814
NAR071718015,NAR,JRS_1,JRS,1,R,R-NAR071718015,10,4,0.6670310364319362,1.1168850071724814
NAR071718015,NAR,JRS_1,JRS,1,R,R-NAR071718015,10,5,0.730190892710777,1.1168850071724814
NAR071718015,NAR,JRS_1,JRS,1,R,R-NAR071718015,10,6,0.78115309149251555,1.1168850071724814
NAR071718015,NAR,JRS_1,JRS,1,R,R-NAR071718015,10,7,0.849296106342797,1.1168850071724814
NAR071718015,NAR,JRS_1,JRS,1,R,R-NAR071718015,10,8,0.9168887575496341,1.1168850071724814
NAR071718015,NAR,JRS_1,JRS,1,R,R-NAR071718015,10,9,0.9944477258993524,1.1168850071724814
NAR071718015,NAR,JRS_1,JRS,1,R,R-NAR071718015,10,10,1.0587083094650804,1.1168850071724814
NAR071718016,NAR,CJF_1,CJF,1,R,R-NAR071718016,12,1,0.26656794211640616,1.4404367570601646
NAR071718016,NAR,CJF_1,CJF,1,R,R-NAR071718016,12,2,0.5401120191294504,1.4404367570601646
NAR071718016,NAR,CJF_1,CJF,1,R,R-NAR071718016,12,3,0.6835596097223451,1.4404367570601646
NAR071718016,NAR,CJF_1,CJF,1,R,R-NAR071718016,12,4,0.8003504061035991,1.4404367570601646
NAR071718016,NAR,CJF_1,CJF,1,R,R-NAR071718016,12,5,0.9164946227304728,1.4404367570601646
NAR071718016,NAR,CJF_1,CJF,1,R,R-NAR071718016,12,6,0.9869479655850838,1.4404367570601646
NAR071718016,NAR,CJF_1,CJF,1,R,R-NAR071718016,12,7,1.0720001579873513,1.4404367570601646
NAR071718016,NAR,CJF_1,CJF,1,R,R-NAR071718016,12,8,1.1373716910746163,1.4404367570601646
NAR071718016,NAR,CJF_1,CJF,1,R,R-NAR071718016,12,9,1.1691102950536032,1.4404367570601646
NAR071718016,NAR,CJF_1,CJF,1,R,R-NAR071718016,12,10,1.2585977174688359,1.4404367570601646
NAR071718016,NAR,CJF_1,CJF,1,R,R-NAR071718016,12,11,1.3195340205431356,1.4404367570601646
NAR071718016,NAR,CJF_1,CJF,1,R,R-NAR071718016,12,12,1.406803827951886,1.4404367570601646
NAR071718016,NAR,CJF_2,CJF,2,R,R-NAR071718016,12,1,0.27402112762244574,1.4754198430452927
NAR071718016,NAR,CJF_2,CJF,2,R,R-NAR071718016,12,2,0.5631209012212388,1.4754198430452927
NAR071718016,NAR,CJF_2,CJF,2,R,R-NAR071718016,12,3,0.705749474966855,1.4754198430452927
NAR071718016,NAR,CJF_2,CJF,2,R,R-NAR071718016,12,4,0.8135651721886799,1.4754198430452927
NAR071718016,NAR,CJF_2,CJF,2,R,R-NAR071718016,12,5,0.943095492237071,1.4754198430452927
NAR071718016,NAR,CJF_2,CJF,2,R,R-NAR071718016,12,6,1.0114982699165371,1.4754198430452927
NAR071718016,NAR,CJF_2,CJF,2,R,R-NAR071718016,12,7,1.0797273475927907,1.4754198430452927
NAR071718016,NAR,CJF_2,CJF,2,R,R-NAR071718016,12,8,1.161054678966269,1.4754198430452927
NAR071718016,NAR,CJF_2,CJF,2,R,R-NAR071718016,12,9,1.207569133815956,1.4754198430452927
NAR071718016,NAR,CJF_2,CJF,2,R,R-NAR071718016,12,10,1.279348979145874,1.4754198430452927
NAR071718016,NAR,CJF_2,CJF,2,R,R-NAR071718016,12,11,1.3771516318670283,1.4754198430452927
NAR071718016,NAR,CJF_2,CJF,2,R,R-NAR071718016,12,12,1.4336791312173858,1.4754198430452927
NAR071718016,NAR,CJF_3,CJF,3,R,R-NAR071718016,11,1,0.2789287678159332,1.457837256485655
NAR071718016,NAR,CJF_3,CJF,3,R,R-NAR071718016,11,2,0.5289154258752813,1.457837256485655
NAR071718016,NAR,CJF_3,CJF,3,R,R-NAR071718016,11,3,0.6718982640391741,1.457837256485655
NAR071718016,NAR,CJF_3,CJF,3,R,R-NAR071718016,11,4,0.7937703766675106,1.457837256485655
NAR071718016,NAR,CJF_3,CJF,3,R,R-NAR071718016,11,5,0.9171053746784898,1.457837256485655
NAR071718016,NAR,CJF_3,CJF,3,R,R-NAR071718016,11,6,0.9968947954363943,1.457837256485655
NAR071718016,NAR,CJF_3,CJF,3,R,R-NAR071718016,11,7,1.0817285888507229,1.457837256485655
NAR071718016,NAR,CJF_3,CJF,3,R,R-NAR071718016,11,8,1.176386302341509,1.457837256485655
NAR071718016,NAR,CJF_3,CJF,3,R,R-NAR071718016,11,9,1.263742282084051,1.457837256485655
NAR071718016,NAR,CJF_3,CJF,3,R,R-NAR071718016,11,10,1.3322448973828562,1.457837256485655
NAR071718016,NAR,CJF_3,CJF,3,R,R-NAR071718016,11,11,1.4122991433771532,1.457837256485655
NAR071718016,NAR,JRS_1,JRS,1,R,R-NAR071718016,12,1,0.09749524421259657,1.43128378551889
NAR071718016,NAR,JRS_1,JRS,1,R,R-NAR071718016,12,2,0.20736722726917162,1.43128378551889
NAR071718016,NAR,JRS_1,JRS,1,R,R-NAR071718016,12,3,0.272499410450983,1.43128378551889
NAR071718016,NAR,JRS_1,JRS,1,R,R-NAR071718016,12,4,0.3052685326020089,1.43128378551889
NAR071718016,NAR,JRS_1,JRS,1,R,R-NAR071718016,12,5,0.3763860546456887,1.43128378551889
NAR071718016,NAR,JRS_1,JRS,1,R,R-NAR071718016,12,6,0.46109849889406784,1.43128378551889
NAR071718016,NAR,JRS_1,JRS,1,R,R-NAR071718016,12,7,0.5326220820579883,1.43128378551889
NAR071718016,NAR,JRS_1,JRS,1,R,R-NAR071718016,12,8,0.6433061873550436,1.43128378551889
NAR071718016,NAR,JRS_1,JRS,1,R,R-NAR071718016,12,9,0.7671791537365575,1.43128378551889
NAR071718016,NAR,JRS_1,JRS,1,R,R-NAR071718016,12,10,0.9140311117358133,1.43128378551889
NAR071718016,NAR,JRS_1,JRS,1,R,R-NAR071718016,12,11,0.9923521560020833,1.43128378551889
NAR071718016,NAR,JRS_1,JRS,1,R,R-NAR071718016,12,12,1.170755052791644,1.43128378551889
NAR071718017,NAR,CJF_1,CJF,1,R,R-NAR071718017,4,1,0.5623721379574812,1.048263379925214
NAR071718017,NAR,CJF_1,CJF,1,R,R-NAR071718017,4,2,0.740809699720336,1.048263379925214
NAR071718017,NAR,CJF_1,CJF,1,R,R-NAR071718017,4,3,0.8984153670771644,1.048263379925214
NAR071718017,NAR,CJF_1,CJF,1,R,R-NAR071718017,4,4,0.9973118403584967,1.048263379925214
NAR071718017,NAR,CJF_2,CJF,2,R,R-NAR071718017,3,1,0.4877770399926491,0.9979957529455794
NAR071718017,NAR,CJF_2,CJF,2,R,R-NAR071718017,3,2,0.7864601478482403,0.9979957529455794
NAR071718017,NAR,CJF_2,CJF,2,R,R-NAR071718017,3,3,0.9543003600517269,0.9979957529455794
NAR071718017,NAR,CJF_3,CJF,3,R,R-NAR071718017,4,1,0.5001308278271452,0.9913369672129057
NAR071718017,NAR,CJF_3,CJF,3,R,R-NAR071718017,4,2,0.7531702715318516,0.9913369672129057
NAR071718017,NAR,CJF_3,CJF,3,R,R-NAR071718017,4,3,0.9109575917448366,0.9913369672129057
NAR071718017,NAR,CJF_3,CJF,3,R,R-NAR071718017,4,4,0.9675213372719935,0.9913369672129057
NAR071718017,NAR,JRS_1,JRS,1,R,R-NAR071718017,3,1,0.5166719268514727,0.9977614675908462
NAR071718017,NAR,JRS_1,JRS,1,R,R-NAR071718017,3,2,0.741028180432342,0.9977614675908462
NAR071718017,NAR,JRS_1,JRS,1,R,R-NAR071718017,3,3,0.88695542429967,0.9977614675908462
NAR071718018,NAR,CJF_1,CJF,1,R,R-NAR071718018,6,1,0.4290091755187357,1.1238715888983346
NAR071718018,NAR,CJF_1,CJF,1,R,R-NAR071718018,6,2,0.6413462422901381,1.1238715888983346
NAR071718018,NAR,CJF_1,CJF,1,R,R-NAR071718018,6,3,0.8008149945669952,1.1238715888983346
NAR071718018,NAR,CJF_1,CJF,1,R,R-NAR071718018,6,4,0.9244236729506523,1.1238715888983346
NAR071718018,NAR,CJF_1,CJF,1,R,R-NAR071718018,6,5,0.9818429816194328,1.1238715888983346
NAR071718018,NAR,CJF_1,CJF,1,R,R-NAR071718018,6,6,1.0467366381444803,1.1238715888983346
NAR071718018,NAR,CJF_2,CJF,2,R,R-NAR071718018,5,1,0.4658729781879091,1.1823303705992663
NAR071718018,NAR,CJF_2,CJF,2,R,R-NAR071718018,5,2,0.6903116375047361,1.1823303705992663
NAR071718018,NAR,CJF_2,CJF,2,R,R-NAR071718018,5,3,0.8533025658896141,1.1823303705992663
NAR071718018,NAR,CJF_2,CJF,2,R,R-NAR071718018,5,4,0.9953781155024629,1.1823303705992663
NAR071718018,NAR,CJF_2,CJF,2,R,R-NAR071718018,5,5,1.1361368824321545,1.1823303705992663
NAR071718018,NAR,CJF_3,CJF,3,R,R-NAR071718018,6,1,0.4412120234952045,1.1287847631554586
NAR071718018,NAR,CJF_3,CJF,3,R,R-NAR071718018,6,2,0.6587004858192276,1.1287847631554586
NAR071718018,NAR,CJF_3,CJF,3,R,R-NAR071718018,6,3,0.8011775545914799,1.1287847631554586
NAR071718018,NAR,CJF_3,CJF,3,R,R-NAR071718018,6,4,0.9578723137035567,1.1287847631554586
NAR071718018,NAR,CJF_3,CJF,3,R,R-NAR071718018,6,5,1.0083623518285734,1.1287847631554586
NAR071718018,NAR,CJF_3,CJF,3,R,R-NAR071718018,6,6,1.0949791133516553,1.1287847631554586
NAR071718018,NAR,JRS_1,JRS,1,R,R-NAR071718018,4,1,0.1506735129889407,1.1254791189206985
NAR071718018,NAR,JRS_1,JRS,1,R,R-NAR071718018,4,2,0.31267040046117434,1.1254791189206985
NAR071718018,NAR,JRS_1,JRS,1,R,R-NAR071718018,4,3,0.48496464583391347,1.1254791189206985
NAR071718018,NAR,JRS_1,JRS,1,R,R-NAR071718018,4,4,0.6945345829650298,1.1254791189206985
NAR071718019,NAR,CJF_1,CJF,1,R,R-NAR071718019,8,1,0.29412550282520833,1.1499318084843932
NAR071718019,NAR,CJF_1,CJF,1,R,R-NAR071718019,8,2,0.5875942867536093,1.1499318084843932
NAR071718019,NAR,CJF_1,CJF,1,R,R-NAR071718019,8,3,0.6940550427029538,1.1499318084843932
NAR071718019,NAR,CJF_1,CJF,1,R,R-NAR071718019,8,4,0.7857080935553654,1.1499318084843932
NAR071718019,NAR,CJF_1,CJF,1,R,R-NAR071718019,8,5,0.8810630706820104,1.1499318084843932
NAR071718019,NAR,CJF_1,CJF,1,R,R-NAR071718019,8,6,0.9555199279568707,1.1499318084843932
NAR071718019,NAR,CJF_1,CJF,1,R,R-NAR071718019,8,7,1.006570983346023,1.1499318084843932
NAR071718019,NAR,CJF_1,CJF,1,R,R-NAR071718019,8,8,1.0838938728838086,1.1499318084843932
NAR071718019,NAR,CJF_2,CJF,2,R,R-NAR071718019,8,1,0.30827021023415024,1.1517107781094904
NAR071718019,NAR,CJF_2,CJF,2,R,R-NAR071718019,8,2,0.5795540282741589,1.1517107781094904
NAR071718019,NAR,CJF_2,CJF,2,R,R-NAR071718019,8,3,0.6939587740809803,1.1517107781094904
NAR071718019,NAR,CJF_2,CJF,2,R,R-NAR071718019,8,4,0.7736855343039362,1.1517107781094904
NAR071718019,NAR,CJF_2,CJF,2,R,R-NAR071718019,8,5,0.8505718047117197,1.1517107781094904
NAR071718019,NAR,CJF_2,CJF,2,R,R-NAR071718019,8,6,0.9293073947292102,1.1517107781094904
NAR071718019,NAR,CJF_2,CJF,2,R,R-NAR071718019,8,7,1.0147151345825114,1.1517107781094904
NAR071718019,NAR,CJF_2,CJF,2,R,R-NAR071718019,8,8,1.0999898536345885,1.1517107781094904
NAR071718019,NAR,CJF_3,CJF,3,R,R-NAR071718019,8,1,0.29696395080582627,1.1523316209179002
NAR071718019,NAR,CJF_3,CJF,3,R,R-NAR071718019,8,2,0.56894345255064,1.1523316209179002
NAR071718019,NAR,CJF_3,CJF,3,R,R-NAR071718019,8,3,0.6713118423286588,1.1523316209179002
NAR071718019,NAR,CJF_3,CJF,3,R,R-NAR071718019,8,4,0.7700540944242242,1.1523316209179002
NAR071718019,NAR,CJF_3,CJF,3,R,R-NAR071718019,8,5,0.8716852896831137,1.1523316209179002
NAR071718019,NAR,CJF_3,CJF,3,R,R-NAR071718019,8,6,0.9498064249192503,1.1523316209179002
NAR071718019,NAR,CJF_3,CJF,3,R,R-NAR071718019,8,7,1.0130843296226044,1.1523316209179002
NAR071718019,NAR,CJF_3,CJF,3,R,R-NAR071718019,8,8,1.0883165216954167,1.1523316209179002
NAR071718019,NAR,JRS_1,JRS,1,R,R-NAR071718019,9,1,0.2894220171056673,1.119210943848992
NAR071718019,NAR,JRS_1,JRS,1,R,R-NAR071718019,9,2,0.37780630452267483,1.119210943848992
NAR071718019,NAR,JRS_1,JRS,1,R,R-NAR071718019,9,3,0.4723043739092439,1.119210943848992
NAR071718019,NAR,JRS_1,JRS,1,R,R-NAR071718019,9,4,0.5595057812158123,1.119210943848992
NAR071718019,NAR,JRS_1,JRS,1,R,R-NAR071718019,9,5,0.6656466786831684,1.119210943848992
NAR071718019,NAR,JRS_1,JRS,1,R,R-NAR071718019,9,6,0.7441691623819298,1.119210943848992
NAR071718019,NAR,JRS_1,JRS,1,R,R-NAR071718019,9,7,0.8363014715476211,1.119210943848992
NAR071718019,NAR,JRS_1,JRS,1,R,R-NAR071718019,9,8,0.9094942905525258,1.119210943848992
NAR071718019,NAR,JRS_1,JRS,1,R,R-NAR071718019,9,9,0.9891996543617261,1.119210943848992
NAR071718020,NAR,CJF_1,CJF,1,R,R-NAR071718020,5,1,0.48329059645843647,1.274028424851074
NAR071718020,NAR,CJF_1,CJF,1,R,R-NAR071718020,5,2,0.7311134110972166,1.274028424851074
NAR071718020,NAR,CJF_1,CJF,1,R,R-NAR071718020,5,3,0.906339285452459,1.274028424851074
NAR071718020,NAR,CJF_1,CJF,1,R,R-NAR071718020,5,4,1.0628573054105785,1.274028424851074
NAR071718020,NAR,CJF_1,CJF,1,R,R-NAR071718020,5,5,1.2141685241846425,1.274028424851074
NAR071718020,NAR,CJF_2,CJF,2,R,R-NAR071718020,5,1,0.5580828527022175,1.2803530043960447
NAR071718020,NAR,CJF_2,CJF,2,R,R-NAR071718020,5,2,0.7542027405688938,1.2803530043960447
NAR071718020,NAR,CJF_2,CJF,2,R,R-NAR071718020,5,3,0.9362336016330326,1.2803530043960447
NAR071718020,NAR,CJF_2,CJF,2,R,R-NAR071718020,5,4,1.087755373230003,1.2803530043960447
NAR071718020,NAR,CJF_2,CJF,2,R,R-NAR071718020,5,5,1.2310198327639332,1.2803530043960447
NAR071718020,NAR,CJF_3,CJF,3,R,R-NAR071718020,5,1,0.5365891280037645,1.3125069378339065
NAR071718020,NAR,CJF_3,CJF,3,R,R-NAR071718020,5,2,0.7759160474203961,1.3125069378339065
NAR071718020,NAR,CJF_3,CJF,3,R,R-NAR071718020,5,3,0.9269205664843704,1.3125069378339065
NAR071718020,NAR,CJF_3,CJF,3,R,R-NAR071718020,5,4,1.0826719150891608,1.3125069378339065
NAR071718020,NAR,CJF_3,CJF,3,R,R-NAR071718020,5,5,1.2574246811351841,1.3125069378339065
NAR071718020,NAR,JRS_1,JRS,1,R,R-NAR071718020,4,1,0.631107108541113,1.3090192404713439
NAR071718020,NAR,JRS_1,JRS,1,R,R-NAR071718020,4,2,0.7885705029781631,1.3090192404713439
NAR071718020,NAR,JRS_1,JRS,1,R,R-NAR071718020,4,3,0.9497162395837957,1.3090192404713439
NAR071718020,NAR,JRS_1,JRS,1,R,R-NAR071718020,4,4,1.1216426464945624,1.3090192404713439
NAR071718021,NAR,CJF_1,CJF,1,R,R-NAR071718021,11,1,0.3621518245292418,1.5534201925085562
NAR071718021,NAR,CJF_1,CJF,1,R,R-NAR071718021,11,2,0.5985417497379112,1.5534201925085562
NAR071718021,NAR,CJF_1,CJF,1,R,R-NAR071718021,11,3,0.7637835452782751,1.5534201925085562
NAR071718021,NAR,CJF_1,CJF,1,R,R-NAR071718021,11,4,0.9106689118556358,1.5534201925085562
NAR071718021,NAR,CJF_1,CJF,1,R,R-NAR071718021,11,5,1.035519776702726,1.5534201925085562
NAR071718021,NAR,CJF_1,CJF,1,R,R-NAR071718021,11,6,1.1221167695857808,1.5534201925085562
NAR071718021,NAR,CJF_1,CJF,1,R,R-NAR071718021,11,7,1.2041246552280849,1.5534201925085562
NAR071718021,NAR,CJF_1,CJF,1,R,R-NAR071718021,11,8,1.2924031896036365,1.5534201925085562
NAR071718021,NAR,CJF_1,CJF,1,R,R-NAR071718021,11,9,1.3685959437494337,1.5534201925085562
NAR071718021,NAR,CJF_1,CJF,1,R,R-NAR071718021,11,10,1.4210726546724621,1.5534201925085562
NAR071718021,NAR,CJF_1,CJF,1,R,R-NAR071718021,11,11,1.5013989988222687,1.5534201925085562
NAR071718021,NAR,CJF_2,CJF,2,R,R-NAR071718021,11,1,0.3337846751015442,1.5461817291804727
NAR071718021,NAR,CJF_2,CJF,2,R,R-NAR071718021,11,2,0.5935888997103729,1.5461817291804727
NAR071718021,NAR,CJF_2,CJF,2,R,R-NAR071718021,11,3,0.7820790480658473,1.5461817291804727
NAR071718021,NAR,CJF_2,CJF,2,R,R-NAR071718021,11,4,0.914894799799004,1.5461817291804727
NAR071718021,NAR,CJF_2,CJF,2,R,R-NAR071718021,11,5,1.0434637249837386,1.5461817291804727
NAR071718021,NAR,CJF_2,CJF,2,R,R-NAR071718021,11,6,1.1294284201106024,1.5461817291804727
NAR071718021,NAR,CJF_2,CJF,2,R,R-NAR071718021,11,7,1.2090713060012146,1.5461817291804727
NAR071718021,NAR,CJF_2,CJF,2,R,R-NAR071718021,11,8,1.2819658345636324,1.5461817291804727
NAR071718021,NAR,CJF_2,CJF,2,R,R-NAR071718021,11,9,1.3482088669706227,1.5461817291804727
NAR071718021,NAR,CJF_2,CJF,2,R,R-NAR071718021,11,10,1.4325931097884235,1.5461817291804727
NAR071718021,NAR,CJF_2,CJF,2,R,R-NAR071718021,11,11,1.5009111248832412,1.5461817291804727
NAR071718021,NAR,CJF_3,CJF,3,R,R-NAR071718021,11,1,0.35951212712339475,1.5884084938988663
NAR071718021,NAR,CJF_3,CJF,3,R,R-NAR071718021,11,2,0.6197117683444846,1.5884084938988663
NAR071718021,NAR,CJF_3,CJF,3,R,R-NAR071718021,11,3,0.8018503570029322,1.5884084938988663
NAR071718021,NAR,CJF_3,CJF,3,R,R-NAR071718021,11,4,0.9551899490245527,1.5884084938988663
NAR071718021,NAR,CJF_3,CJF,3,R,R-NAR071718021,11,5,1.0801247314346833,1.5884084938988663
NAR071718021,NAR,CJF_3,CJF,3,R,R-NAR071718021,11,6,1.162950834190827,1.5884084938988663
NAR071718021,NAR,CJF_3,CJF,3,R,R-NAR071718021,11,7,1.2485594500506338,1.5884084938988663
NAR071718021,NAR,CJF_3,CJF,3,R,R-NAR071718021,11,8,1.325229246061444,1.5884084938988663
NAR071718021,NAR,CJF_3,CJF,3,R,R-NAR071718021,11,9,1.3925660351979219,1.5884084938988663
NAR071718021,NAR,CJF_3,CJF,3,R,R-NAR071718021,11,10,1.455729054678903,1.5884084938988663
NAR071718021,NAR,CJF_3,CJF,3,R,R-NAR071718021,11,11,1.5298134310987173,1.5884084938988663
NAR071718021,NAR,JRS_1,JRS,1,R,R-NAR071718021,8,1,0.4394839858182097,1.5780581517791885
NAR071718021,NAR,JRS_1,JRS,1,R,R-NAR071718021,8,2,0.6394657212621467,1.5780581517791885
NAR071718021,NAR,JRS_1,JRS,1,R,R-NAR071718021,8,3,0.8054427908195884,1.5780581517791885
NAR071718021,NAR,JRS_1,JRS,1,R,R-NAR071718021,8,4,0.9564159686320539,1.5780581517791885
NAR071718021,NAR,JRS_1,JRS,1,R,R-NAR071718021,8,5,1.0895409195902617,1.5780581517791885
NAR071718021,NAR,JRS_1,JRS,1,R,R-NAR071718021,8,6,1.1769915110825464,1.5780581517791885
NAR071718021,NAR,JRS_1,JRS,1,R,R-NAR071718021,8,7,1.3084493629579779,1.5780581517791885
NAR071718021,NAR,JRS_1,JRS,1,R,R-NAR071718021,8,8,1.4599617813052037,1.5780581517791885
NAR071718022,NAR,CJF_1,CJF,1,R,R-NAR071718022,8,1,0.44026303518650167,1.3310647107325733
NAR071718022,NAR,CJF_1,CJF,1,R,R-NAR071718022,8,2,0.6655323553662866,1.3310647107325733
NAR071718022,NAR,CJF_1,CJF,1,R,R-NAR071718022,8,3,0.801515995888003,1.3310647107325733
NAR071718022,NAR,CJF_1,CJF,1,R,R-NAR071718022,8,4,0.9042650562216353,1.3310647107325733
NAR071718022,NAR,CJF_1,CJF,1,R,R-NAR071718022,8,5,0.9962434120148164,1.3310647107325733
NAR071718022,NAR,CJF_1,CJF,1,R,R-NAR071718022,8,6,1.0888593229084969,1.3310647107325733
NAR071718022,NAR,CJF_1,CJF,1,R,R-NAR071718022,8,7,1.1930259491762434,1.3310647107325733
NAR071718022,NAR,CJF_1,CJF,1,R,R-NAR071718022,8,8,1.2816740737338126,1.3310647107325733
NAR071718022,NAR,CJF_2,CJF,2,R,R-NAR071718022,8,1,0.4720739734581601,1.3690445309569468
NAR071718022,NAR,CJF_2,CJF,2,R,R-NAR071718022,8,2,0.6949388057461128,1.3690445309569468
NAR071718022,NAR,CJF_2,CJF,2,R,R-NAR071718022,8,3,0.850349071293762,1.3690445309569468
NAR071718022,NAR,CJF_2,CJF,2,R,R-NAR071718022,8,4,0.9477834454741996,1.3690445309569468
NAR071718022,NAR,CJF_2,CJF,2,R,R-NAR071718022,8,5,1.0507290480016138,1.3690445309569468
NAR071718022,NAR,CJF_2,CJF,2,R,R-NAR071718022,8,6,1.1371409654880993,1.3690445309569468
NAR071718022,NAR,CJF_2,CJF,2,R,R-NAR071718022,8,7,1.2443859635098624,1.3690445309569468
NAR071718022,NAR,CJF_2,CJF,2,R,R-NAR071718022,8,8,1.3240748197967447,1.3690445309569468
NAR071718022,NAR,CJF_3,CJF,3,R,R-NAR071718022,8,1,0.44989425657346116,1.3267108093696374
NAR071718022,NAR,CJF_3,CJF,3,R,R-NAR071718022,8,2,0.6860052451707017,1.3267108093696374
NAR071718022,NAR,CJF_3,CJF,3,R,R-NAR071718022,8,3,0.8124103498520308,1.3267108093696374
NAR071718022,NAR,CJF_3,CJF,3,R,R-NAR071718022,8,4,0.9078753264169902,1.3267108093696374
NAR071718022,NAR,CJF_3,CJF,3,R,R-NAR071718022,8,5,0.9889807501265533,1.3267108093696374
NAR071718022,NAR,CJF_3,CJF,3,R,R-NAR071718022,8,6,1.0911254149976801,1.3267108093696374
NAR071718022,NAR,CJF_3,CJF,3,R,R-NAR071718022,8,7,1.2048153827964025,1.3267108093696374
NAR071718022,NAR,CJF_3,CJF,3,R,R-NAR071718022,8,8,1.2846323270465103,1.3267108093696374
NAR071718022,NAR,JRS_1,JRS,1,R,R-NAR071718022,7,1,0.45297181687150223,1.346466295679749
NAR071718022,NAR,JRS_1,JRS,1,R,R-NAR071718022,7,2,0.6975639549754717,1.346466295679749
NAR071718022,NAR,JRS_1,JRS,1,R,R-NAR071718022,7,3,0.8256473006962889,1.346466295679749
NAR071718022,NAR,JRS_1,JRS,1,R,R-NAR071718022,7,4,0.9105213743039212,1.346466295679749
NAR071718022,NAR,JRS_1,JRS,1,R,R-NAR071718022,7,5,1.0359809152334583,1.346466295679749
NAR071718022,NAR,JRS_1,JRS,1,R,R-NAR071718022,7,6,1.1298057373874753,1.346466295679749
NAR071718022,NAR,JRS_1,JRS,1,R,R-NAR071718022,7,7,1.2246075274263108,1.346466295679749
NAR071718023,NAR,JRS_1,JRS,1,R,R-NAR071718023,4,1,0.4472282204735404,1.0306877482497698
NAR071718023,NAR,JRS_1,JRS,1,R,R-NAR071718023,4,2,0.6304585959635931,1.0306877482497698
NAR071718023,NAR,JRS_1,JRS,1,R,R-NAR071718023,4,3,0.771455800525686,1.0306877482497698
NAR071718023,NAR,JRS_1,JRS,1,R,R-NAR071718023,4,4,0.8855305152566333,1.0306877482497698
NAR071718023,NAR,NGA_1,NGA,1,R,R-NAR071718023,4,1,0.7002142817707488,1.0774465906475201
NAR071718023,NAR,NGA_1,NGA,1,R,R-NAR071718023,4,2,0.8283183603446387,1.0774465906475201
NAR071718023,NAR,NGA_1,NGA,1,R,R-NAR071718023,4,3,0.9442316568379895,1.0774465906475201
NAR071718023,NAR,NGA_1,NGA,1,R,R-NAR071718023,4,4,1.037356108354522,1.0774465906475201
NAR071718023,NAR,NGA_2,NGA,2,R,R-NAR071718023,5,1,0.42221480654572663,1.0162708828713516
NAR071718023,NAR,NGA_2,NGA,2,R,R-NAR071718023,5,2,0.6325695239845688,1.0162708828713516
NAR071718023,NAR,NGA_2,NGA,2,R,R-NAR071718023,5,3,0.7710517411626062,1.0162708828713516
NAR071718023,NAR,NGA_2,NGA,2,R,R-NAR071718023,5,4,0.8879649828658633,1.0162708828713516
NAR071718023,NAR,NGA_2,NGA,2,R,R-NAR071718023,5,5,0.9831767761527245,1.0162708828713516
NAR071718024,NAR,JRS_1,JRS,1,R,R-NAR071718024,1,1,0.42901646069293553,0.5345040667237722
NAR071718024,NAR,NGA_1,NGA,1,R,R-NAR071718024,1,1,0.41833940102340395,0.5110966152660986
NAR071718024,NAR,NGA_2,NGA,2,R,R-NAR071718024,1,1,0.38187650315574784,0.4977642554373022
NAR071718025,NAR,CJF_1,CJF,1,R,R-NAR071718025,11,1,0.6691287840667014,1.5152069241163428
NAR071718025,NAR,CJF_1,CJF,1,R,R-NAR071718025,11,2,0.7882994269986521,1.5152069241163428
NAR071718025,NAR,CJF_1,CJF,1,R,R-NAR071718025,11,3,0.8692663016730212,1.5152069241163428
NAR071718025,NAR,CJF_1,CJF,1,R,R-NAR071718025,11,4,0.9493115219448649,1.5152069241163428
NAR071718025,NAR,CJF_1,CJF,1,R,R-NAR071718025,11,5,1.024699536350666,1.5152069241163428
NAR071718025,NAR,CJF_1,CJF,1,R,R-NAR071718025,11,6,1.1084803080860286,1.5152069241163428
NAR071718025,NAR,CJF_1,CJF,1,R,R-NAR071718025,11,7,1.1615284144908464,1.5152069241163428
NAR071718025,NAR,CJF_1,CJF,1,R,R-NAR071718025,11,8,1.2201553811642327,1.5152069241163428
NAR071718025,NAR,CJF_1,CJF,1,R,R-NAR071718025,11,9,1.3150938734367321,1.5152069241163428
NAR071718025,NAR,CJF_1,CJF,1,R,R-NAR071718025,11,10,1.3820891305129712,1.5152069241163428
NAR071718025,NAR,CJF_1,CJF,1,R,R-NAR071718025,11,11,1.4677376779800932,1.5152069241163428
NAR071718025,NAR,CJF_2,CJF,2,R,R-NAR071718025,12,1,0.5353743425802561,1.4876817723756455
NAR071718025,NAR,CJF_2,CJF,2,R,R-NAR071718025,12,2,0.6724925100780531,1.4876817723756455
NAR071718025,NAR,CJF_2,CJF,2,R,R-NAR071718025,12,3,0.7748481930368424,1.4876817723756455
NAR071718025,NAR,CJF_2,CJF,2,R,R-NAR071718025,12,4,0.8488774978810009,1.4876817723756455
NAR071718025,NAR,CJF_2,CJF,2,R,R-NAR071718025,12,5,0.9518739752894629,1.4876817723756455
NAR071718025,NAR,CJF_2,CJF,2,R,R-NAR071718025,12,6,1.0183929247536452,1.4876817723756455
NAR071718025,NAR,CJF_2,CJF,2,R,R-NAR071718025,12,7,1.0879178938316614,1.4876817723756455
NAR071718025,NAR,CJF_2,CJF,2,R,R-NAR071718025,12,8,1.1480007368714673,1.4876817723756455
NAR071718025,NAR,CJF_2,CJF,2,R,R-NAR071718025,12,9,1.2100153505695075,1.4876817723756455
NAR071718025,NAR,CJF_2,CJF,2,R,R-NAR071718025,12,10,1.317949618250038,1.4876817723756455
NAR071718025,NAR,CJF_2,CJF,2,R,R-NAR071718025,12,11,1.3891896307333251,1.4876817723756455
NAR071718025,NAR,CJF_2,CJF,2,R,R-NAR071718025,12,12,1.4492724737731313,1.4876817723756455
NAR071718025,NAR,CJF_3,CJF,3,R,R-NAR071718025,12,1,0.3420873012727255,1.4344434365404077
NAR071718025,NAR,CJF_3,CJF,3,R,R-NAR071718025,12,2,0.5948534542542703,1.4344434365404077
NAR071718025,NAR,CJF_3,CJF,3,R,R-NAR071718025,12,3,0.7082872283459403,1.4344434365404077
NAR071718025,NAR,CJF_3,CJF,3,R,R-NAR071718025,12,4,0.8021756084772962,1.4344434365404077
NAR071718025,NAR,CJF_3,CJF,3,R,R-NAR071718025,12,5,0.8875486022123341,1.4344434365404077
NAR071718025,NAR,CJF_3,CJF,3,R,R-NAR071718025,12,6,0.9635680024951625,1.4344434365404077
NAR071718025,NAR,CJF_3,CJF,3,R,R-NAR071718025,12,7,1.045345287283309,1.4344434365404077
NAR071718025,NAR,CJF_3,CJF,3,R,R-NAR071718025,12,8,1.1001428794940376,1.4344434365404077
NAR071718025,NAR,CJF_3,CJF,3,R,R-NAR071718025,12,9,1.1678897741038687,1.4344434365404077
NAR071718025,NAR,CJF_3,CJF,3,R,R-NAR071718025,12,10,1.2672931580172224,1.4344434365404077
NAR071718025,NAR,CJF_3,CJF,3,R,R-NAR071718025,12,11,1.3248482521189504,1.4344434365404077
NAR071718025,NAR,CJF_3,CJF,3,R,R-NAR071718025,12,12,1.3879183500026762,1.4344434365404077
NAR071718025,NAR,JRS_1,JRS,1,R,R-NAR071718025,10,1,0.5194325156829951,1.4219820575419868
NAR071718025,NAR,JRS_1,JRS,1,R,R-NAR071718025,10,2,0.6444705851442462,1.4219820575419868
NAR071718025,NAR,JRS_1,JRS,1,R,R-NAR071718025,10,3,0.786650422114294,1.4219820575419868
NAR071718025,NAR,JRS_1,JRS,1,R,R-NAR071718025,10,4,0.8826343412991371,1.4219820575419868
NAR071718025,NAR,JRS_1,JRS,1,R,R-NAR071718025,10,5,0.9631137941019345,1.4219820575419868
NAR071718025,NAR,JRS_1,JRS,1,R,R-NAR071718025,10,6,1.039182512726922,1.4219820575419868
NAR071718025,NAR,JRS_1,JRS,1,R,R-NAR071718025,10,7,1.104474980508607,1.4219820575419868
NAR071718025,NAR,JRS_1,JRS,1,R,R-NAR071718025,10,8,1.1622657997004897,1.4219820575419868
NAR071718025,NAR,JRS_1,JRS,1,R,R-NAR071718025,10,9,1.2682073191652607,1.4219820575419868
NAR071718025,NAR,JRS_1,JRS,1,R,R-NAR071718025,10,10,1.3450946883536237,1.4219820575419868
NAR071718026,NAR,CJF_1,CJF,1,R,R-NAR071718026,6,1,0.501182982822615,1.1587122052261807
NAR071718026,NAR,CJF_1,CJF,1,R,R-NAR071718026,6,2,0.6701153363392367,1.1587122052261807
NAR071718026,NAR,CJF_1,CJF,1,R,R-NAR071718026,6,3,0.7900611925943457,1.1587122052261807
NAR071718026,NAR,CJF_1,CJF,1,R,R-NAR071718026,6,4,0.9161944305066085,1.1587122052261807
NAR071718026,NAR,CJF_1,CJF,1,R,R-NAR071718026,6,5,1.0003739552999669,1.1587122052261807
NAR071718026,NAR,CJF_1,CJF,1,R,R-NAR071718026,6,6,1.1013349653408873,1.1587122052261807
NAR071718026,NAR,CJF_2,CJF,2,R,R-NAR071718026,6,1,0.4697763488134134,1.1339157701157132
NAR071718026,NAR,CJF_2,CJF,2,R,R-NAR071718026,6,2,0.662503187610318,1.1339157701157132
NAR071718026,NAR,CJF_2,CJF,2,R,R-NAR071718026,6,3,0.7670103415010021,1.1339157701157132
NAR071718026,NAR,CJF_2,CJF,2,R,R-NAR071718026,6,4,0.8820578292941366,1.1339157701157132
NAR071718026,NAR,CJF_2,CJF,2,R,R-NAR071718026,6,5,0.9829802426495319,1.1339157701157132
NAR071718026,NAR,CJF_2,CJF,2,R,R-NAR071718026,6,6,1.074258507236298,1.1339157701157132
NAR071718026,NAR,CJF_3,CJF,3,R,R-NAR071718026,6,1,0.47098091074868925,1.164491875562798
NAR071718026,NAR,CJF_3,CJF,3,R,R-NAR071718026,6,2,0.6697132364674659,1.164491875562798
NAR071718026,NAR,CJF_3,CJF,3,R,R-NAR071718026,6,3,0.7836889961822578,1.164491875562798
NAR071718026,NAR,CJF_3,CJF,3,R,R-NAR071718026,6,4,0.9025582545387152,1.164491875562798
NAR071718026,NAR,CJF_3,CJF,3,R,R-NAR071718026,6,5,0.9978909660644745,1.164491875562798
NAR071718026,NAR,CJF_3,CJF,3,R,R-NAR071718026,6,6,1.1059172936926052,1.164491875562798
NAR071718026,NAR,JRS_1,JRS,1,R,R-NAR071718026,6,1,0.4654915623721525,1.1899591230525965
NAR071718026,NAR,JRS_1,JRS,1,R,R-NAR071718026,6,2,0.6791447142693487,1.1899591230525965
NAR071718026,NAR,JRS_1,JRS,1,R,R-NAR071718026,6,3,0.8305280292034275,1.1899591230525965
NAR071718026,NAR,JRS_1,JRS,1,R,R-NAR071718026,6,4,0.9551113269982309,1.1899591230525965
NAR071718026,NAR,JRS_1,JRS,1,R,R-NAR071718026,6,5,1.052720112179487,1.1899591230525965
NAR071718026,NAR,JRS_1,JRS,1,R,R-NAR071718026,6,6,1.1262879428439523,1.1899591230525965
NAR071718027,NAR,CJF_1,CJF,1,R,R-NAR071718027,10,1,0.3589316598736004,1.3839356534959524
NAR071718027,NAR,CJF_1,CJF,1,R,R-NAR071718027,10,2,0.5744450130753248,1.3839356534959524
NAR071718027,NAR,CJF_1,CJF,1,R,R-NAR071718027,10,3,0.7083535517282633,1.3839356534959524
NAR071718027,NAR,CJF_1,CJF,1,R,R-NAR071718027,10,4,0.8265833897182089,1.3839356534959524
NAR071718027,NAR,CJF_1,CJF,1,R,R-NAR071718027,10,5,0.9394160814519218,1.3839356534959524
NAR071718027,NAR,CJF_1,CJF,1,R,R-NAR071718027,10,6,0.995190165072014,1.3839356534959524
NAR071718027,NAR,CJF_1,CJF,1,R,R-NAR071718027,10,7,1.0468516269294024,1.3839356534959524
NAR071718027,NAR,CJF_1,CJF,1,R,R-NAR071718027,10,8,1.1181748870714274,1.3839356534959524
NAR071718027,NAR,CJF_1,CJF,1,R,R-NAR071718027,10,9,1.2173851890234995,1.3839356534959524
NAR071718027,NAR,CJF_1,CJF,1,R,R-NAR071718027,10,10,1.2888379733065847,1.3839356534959524
NAR071718027,NAR,CJF_2,CJF,2,R,R-NAR071718027,11,1,0.35282654734468316,1.3979898216640323
NAR071718027,NAR,CJF_2,CJF,2,R,R-NAR071718027,11,2,0.571534662807357,1.3979898216640323
NAR071718027,NAR,CJF_2,CJF,2,R,R-NAR071718027,11,3,0.7231482639995914,1.3979898216640323
NAR071718027,NAR,CJF_2,CJF,2,R,R-NAR071718027,11,4,0.8264551588566759,1.3979898216640323
NAR071718027,NAR,CJF_2,CJF,2,R,R-NAR071718027,11,5,0.9263001680896356,1.3979898216640323
NAR071718027,NAR,CJF_2,CJF,2,R,R-NAR071718027,11,6,0.9942712907340718,1.3979898216640323
NAR071718027,NAR,CJF_2,CJF,2,R,R-NAR071718027,11,7,1.0466862020058787,1.3979898216640323
NAR071718027,NAR,CJF_2,CJF,2,R,R-NAR071718027,11,8,1.115303643962847,1.3979898216640323
NAR071718027,NAR,CJF_2,CJF,2,R,R-NAR071718027,11,9,1.1859751883881433,1.3979898216640323
NAR071718027,NAR,CJF_2,CJF,2,R,R-NAR071718027,11,10,1.2953292461194796,1.3979898216640323
NAR071718027,NAR,CJF_2,CJF,2,R,R-NAR071718027,11,11,1.3626540494513848,1.3979898216640323
NAR071718027,NAR,CJF_3,CJF,3,R,R-NAR071718027,11,1,0.3211801987616935,1.3644957704225087
NAR071718027,NAR,CJF_3,CJF,3,R,R-NAR071718027,11,2,0.5518874564060745,1.3644957704225087
NAR071718027,NAR,CJF_3,CJF,3,R,R-NAR071718027,11,3,0.6705166774569804,1.3644957704225087
NAR071718027,NAR,CJF_3,CJF,3,R,R-NAR071718027,11,4,0.7927455966511334,1.3644957704225087
NAR071718027,NAR,CJF_3,CJF,3,R,R-NAR071718027,11,5,0.8909650171958399,1.3644957704225087
NAR071718027,NAR,CJF_3,CJF,3,R,R-NAR071718027,11,6,0.9677954128740706,1.3644957704225087
NAR071718027,NAR,CJF_3,CJF,3,R,R-NAR071718027,11,7,1.0336037368961926,1.3644957704225087
NAR071718027,NAR,CJF_3,CJF,3,R,R-NAR071718027,11,8,1.0892611783176365,1.3644957704225087
NAR071718027,NAR,CJF_3,CJF,3,R,R-NAR071718027,11,9,1.1716566274763442,1.3644957704225087
NAR071718027,NAR,CJF_3,CJF,3,R,R-NAR071718027,11,10,1.2574357041686113,1.3644957704225087
NAR071718027,NAR,CJF_3,CJF,3,R,R-NAR071718027,11,11,1.3308824723132822,1.3644957704225087
NAR071718027,NAR,JRS_1,JRS,1,R,R-NAR071718027,11,1,0.41102590850686177,1.4441074853820335
NAR071718027,NAR,JRS_1,JRS,1,R,R-NAR071718027,11,2,0.5405860607480056,1.4441074853820335
NAR071718027,NAR,JRS_1,JRS,1,R,R-NAR071718027,11,3,0.6474343393485924,1.4441074853820335
NAR071718027,NAR,JRS_1,JRS,1,R,R-NAR071718027,11,4,0.776994491589736,1.4441074853820335
NAR071718027,NAR,JRS_1,JRS,1,R,R-NAR071718027,11,5,0.8891763648697765,1.4441074853820335
NAR071718027,NAR,JRS_1,JRS,1,R,R-NAR071718027,11,6,0.9870131783855659,1.4441074853820335
NAR071718027,NAR,JRS_1,JRS,1,R,R-NAR071718027,11,7,1.0584602478554543,1.4441074853820335
NAR071718027,NAR,JRS_1,JRS,1,R,R-NAR071718027,11,8,1.1155622575610917,1.4441074853820335
NAR071718027,NAR,JRS_1,JRS,1,R,R-NAR071718027,11,9,1.1726642672667296,1.4441074853820335
NAR071718027,NAR,JRS_1,JRS,1,R,R-NAR071718027,11,10,1.2831904162726604,1.4441074853820335
NAR071718027,NAR,JRS_1,JRS,1,R,R-NAR071718027,11,11,1.3499485422715878,1.4441074853820335
NAR071918001,NAR,JRS_1,JRS,1,R,R-NAR071918001,6,1,0.5132053196194036,1.4351687393823573
NAR071918001,NAR,JRS_1,JRS,1,R,R-NAR071918001,6,2,0.7315637878434097,1.4351687393823573
NAR071918001,NAR,JRS_1,JRS,1,R,R-NAR071918001,6,3,0.9798125787313721,1.4351687393823573
NAR071918001,NAR,JRS_1,JRS,1,R,R-NAR071918001,6,4,1.086529104262711,1.4351687393823573
NAR071918001,NAR,JRS_1,JRS,1,R,R-NAR071918001,6,5,1.2212044660985109,1.4351687393823573
NAR071918001,NAR,JRS_1,JRS,1,R,R-NAR071918001,6,6,1.3117444760075394,1.4351687393823573
NAR071918001,NAR,NGA_1,NGA,1,R,R-NAR071918001,7,1,0.5676912140960994,1.4840817508522
NAR071918001,NAR,NGA_1,NGA,1,R,R-NAR071918001,7,2,0.789704588821267,1.4840817508522
NAR071918001,NAR,NGA_1,NGA,1,R,R-NAR071918001,7,3,1.0533768333052582,1.4840817508522
NAR071918001,NAR,NGA_1,NGA,1,R,R-NAR071918001,7,4,1.167519372782292,1.4840817508522
NAR071918001,NAR,NGA_1,NGA,1,R,R-NAR071918001,7,5,1.267256673375989,1.4840817508522
NAR071918001,NAR,NGA_1,NGA,1,R,R-NAR071918001,7,6,1.3606460238571982,1.4840817508522
NAR071918001,NAR,NGA_1,NGA,1,R,R-NAR071918001,7,7,1.4332059394589953,1.4840817508522
NAR071918001,NAR,NGA_2,NGA,2,R,R-NAR071918001,7,1,0.7746499652358805,1.471574839842646
NAR071918001,NAR,NGA_2,NGA,2,R,R-NAR071918001,7,2,0.9145551283682876,1.471574839842646
NAR071918001,NAR,NGA_2,NGA,2,R,R-NAR071918001,7,3,1.039146210906642,1.471574839842646
NAR071918001,NAR,NGA_2,NGA,2,R,R-NAR071918001,7,4,1.1345351762513778,1.471574839842646
NAR071918001,NAR,NGA_2,NGA,2,R,R-NAR071918001,7,5,1.2426372811348962,1.471574839842646
NAR071918001,NAR,NGA_2,NGA,2,R,R-NAR071918001,7,6,1.361815753432872,1.471574839842646
NAR071918001,NAR,NGA_2,NGA,2,R,R-NAR071918001,7,7,1.4239958259361638,1.471574839842646
NAR071918002,NAR,JRS_1,JRS,1,R,R-NAR071918002,1,1,0.6026006503789014,0.880766017519566
NAR071918002,NAR,NGA_1,NGA,1,R,R-NAR071918002,2,1,0.5731131720651813,0.9150471928024738
NAR071918002,NAR,NGA_1,NGA,1,R,R-NAR071918002,2,2,0.8264498296717029,0.9150471928024738
NAR071918002,NAR,NGA_2,NGA,2,R,R-NAR071918002,2,1,0.6226011029837583,0.8966819792624723
NAR071918002,NAR,NGA_2,NGA,2,R,R-NAR071918002,2,2,0.8132385315982722,0.8966819792624723
NAR071918003,NAR,CJF_1,CJF,1,R,R-NAR071918003,3,1,0.36001330435884854,0.8931705857641097
NAR071918003,NAR,CJF_1,CJF,1,R,R-NAR071918003,3,2,0.639056203627449,0.8931705857641097
NAR071918003,NAR,CJF_1,CJF,1,R,R-NAR071918003,3,3,0.8024308175712278,0.8931705857641097
NAR071918003,NAR,CJF_2,CJF,2,R,R-NAR071918003,3,1,0.35170982637361875,0.8896370694675267
NAR071918003,NAR,CJF_2,CJF,2,R,R-NAR071918003,3,2,0.6559714350562911,0.8896370694675267
NAR071918003,NAR,CJF_2,CJF,2,R,R-NAR071918003,3,3,0.820986591404431,0.8896370694675267
NAR071918003,NAR,CJF_3,CJF,3,R,R-NAR071918003,4,1,0.3495155891145276,0.9083859578151511
NAR071918003,NAR,CJF_3,CJF,3,R,R-NAR071918003,4,2,0.5419501275606937,0.9083859578151511
NAR071918003,NAR,CJF_3,CJF,3,R,R-NAR071918003,4,3,0.6452894898974564,0.9083859578151511
NAR071918003,NAR,CJF_3,CJF,3,R,R-NAR071918003,4,4,0.8200472844547206,0.9083859578151511
NAR071918003,NAR,JRS_1,JRS,1,R,R-NAR071918003,2,1,0.37615292352838514,0.8973134060899793
NAR071918003,NAR,JRS_1,JRS,1,R,R-NAR071918003,2,2,0.6706376743124398,0.8973134060899793
NAR071918004,NAR,CJF_1,CJF,1,R,R-NAR071918004,14,1,0.6337600609628049,2.0480767443917163
NAR071918004,NAR,CJF_1,CJF,1,R,R-NAR071918004,14,2,0.8353189173186321,2.0480767443917163
NAR071918004,NAR,CJF_1,CJF,1,R,R-NAR071918004,14,3,0.9982482329138164,2.0480767443917163
NAR071918004,NAR,CJF_1,CJF,1,R,R-NAR071918004,14,4,1.1239055767107464,2.0480767443917163
NAR071918004,NAR,CJF_1,CJF,1,R,R-NAR071918004,14,5,1.2438884389441407,2.0480767443917163
NAR071918004,NAR,CJF_1,CJF,1,R,R-NAR071918004,14,6,1.338192498220334,2.0480767443917163
NAR071918004,NAR,CJF_1,CJF,1,R,R-NAR071918004,14,7,1.424085404943914,2.0480767443917163
NAR071918004,NAR,CJF_1,CJF,1,R,R-NAR071918004,14,8,1.5195243605328133,2.0480767443917163
NAR071918004,NAR,CJF_1,CJF,1,R,R-NAR071918004,14,9,1.6008776820055644,2.0480767443917163
NAR071918004,NAR,CJF_1,CJF,1,R,R-NAR071918004,14,10,1.6697256109742382,2.0480767443917163
NAR071918004,NAR,CJF_1,CJF,1,R,R-NAR071918004,14,11,1.7383508672932295,2.0480767443917163
NAR071918004,NAR,CJF_1,CJF,1,R,R-NAR071918004,14,12,1.8165221724775413,2.0480767443917163
NAR071918004,NAR,CJF_1,CJF,1,R,R-NAR071918004,14,13,1.915143144354881,2.0480767443917163
NAR071918004,NAR,CJF_1,CJF,1,R,R-NAR071918004,14,14,1.9976313621403392,2.0480767443917163
NAR071918004,NAR,CJF_2,CJF,2,R,R-NAR071918004,14,1,0.6407687282090221,1.9529563912464565
NAR071918004,NAR,CJF_2,CJF,2,R,R-NAR071918004,14,2,0.7694575136078987,1.9529563912464565
NAR071918004,NAR,CJF_2,CJF,2,R,R-NAR071918004,14,3,0.9249774711916031,1.9529563912464565
NAR071918004,NAR,CJF_2,CJF,2,R,R-NAR071918004,14,4,1.046163612487557,1.9529563912464565
NAR071918004,NAR,CJF_2,CJF,2,R,R-NAR071918004,14,5,1.1407706843194334,1.9529563912464565
NAR071918004,NAR,CJF_2,CJF,2,R,R-NAR071918004,14,6,1.2308024135544962,1.9529563912464565
NAR071918004,NAR,CJF_2,CJF,2,R,R-NAR071918004,14,7,1.339270937943013,1.9529563912464565
NAR071918004,NAR,CJF_2,CJF,2,R,R-NAR071918004,14,8,1.424087694373561,1.9529563912464565
NAR071918004,NAR,CJF_2,CJF,2,R,R-NAR071918004,14,9,1.5086523480833585,1.9529563912464565
NAR071918004,NAR,CJF_2,CJF,2,R,R-NAR071918004,14,10,1.581643220534922,1.9529563912464565
NAR071918004,NAR,CJF_2,CJF,2,R,R-NAR071918004,14,11,1.6546340929864847,1.9529563912464565
NAR071918004,NAR,CJF_2,CJF,2,R,R-NAR071918004,14,12,1.7394508494170327,1.9529563912464565
NAR071918004,NAR,CJF_2,CJF,2,R,R-NAR071918004,14,13,1.8199443659715182,1.9529563912464565
NAR071918004,NAR,CJF_2,CJF,2,R,R-NAR071918004,14,14,1.9111199308557842,1.9529563912464565
NAR071918004,NAR,CJF_3,CJF,3,R,R-NAR071918004,14,1,0.5636022226078535,1.9893528921130275
NAR071918004,NAR,CJF_3,CJF,3,R,R-NAR071918004,14,2,0.7966988817359401,1.9893528921130275
NAR071918004,NAR,CJF_3,CJF,3,R,R-NAR071918004,14,3,0.9568489892913954,1.9893528921130275
NAR071918004,NAR,CJF_3,CJF,3,R,R-NAR071918004,14,4,1.0979752417731587,1.9893528921130275
NAR071918004,NAR,CJF_3,CJF,3,R,R-NAR071918004,14,5,1.1951530058475046,1.9893528921130275
NAR071918004,NAR,CJF_3,CJF,3,R,R-NAR071918004,14,6,1.2902940550061084,1.9893528921130275
NAR071918004,NAR,CJF_3,CJF,3,R,R-NAR071918004,14,7,1.3831672489716325,1.9893528921130275
NAR071918004,NAR,CJF_3,CJF,3,R,R-NAR071918004,14,8,1.477405510811033,1.9893528921130275
NAR071918004,NAR,CJF_3,CJF,3,R,R-NAR071918004,14,9,1.5501209221063261,1.9893528921130275
NAR071918004,NAR,CJF_3,CJF,3,R,R-NAR071918004,14,10,1.6237391207208214,1.9893528921130275
NAR071918004,NAR,CJF_3,CJF,3,R,R-NAR071918004,14,11,1.6964545320161142,1.9893528921130275
NAR071918004,NAR,CJF_3,CJF,3,R,R-NAR071918004,14,12,1.7872910110658962,1.9893528921130275
NAR071918004,NAR,CJF_3,CJF,3,R,R-NAR071918004,14,13,1.873151272964991,1.9893528921130275
NAR071918004,NAR,CJF_3,CJF,3,R,R-NAR071918004,14,14,1.9540135439232529,1.9893528921130275
NAR071918004,NAR,JRS_1,JRS,1,R,R-NAR071918004,13,1,0.5887845117866938,1.9922467229947072
NAR071918004,NAR,JRS_1,JRS,1,R,R-NAR071918004,13,2,0.7908339286779729,1.9922467229947072
NAR071918004,NAR,JRS_1,JRS,1,R,R-NAR071918004,13,3,0.9564114010898016,1.9922467229947072
NAR071918004,NAR,JRS_1,JRS,1,R,R-NAR071918004,13,4,1.0844369237128135,1.9922467229947072
NAR071918004,NAR,JRS_1,JRS,1,R,R-NAR071918004,13,5,1.1902801698035677,1.9922467229947072
NAR071918004,NAR,JRS_1,JRS,1,R,R-NAR071918004,13,6,1.2851553734829155,1.9922467229947072
NAR071918004,NAR,JRS_1,JRS,1,R,R-NAR071918004,13,7,1.373304353596615,1.9922467229947072
NAR071918004,NAR,JRS_1,JRS,1,R,R-NAR071918004,13,8,1.4711720186082284,1.9922467229947072
NAR071918004,NAR,JRS_1,JRS,1,R,R-NAR071918004,13,9,1.548934445212243,1.9922467229947072
NAR071918004,NAR,JRS_1,JRS,1,R,R-NAR071918004,13,10,1.6134872091784327,1.9922467229947072
NAR071918004,NAR,JRS_1,JRS,1,R,R-NAR071918004,13,11,1.6965666898352074,1.9922467229947072
NAR071918004,NAR,JRS_1,JRS,1,R,R-NAR071918004,13,12,1.7647750136430687,1.9922467229947072
NAR071918004,NAR,JRS_1,JRS,1,R,R-NAR071918004,13,13,1.8599841516283027,1.9922467229947072
NAR071918005,NAR,CJF_1,CJF,1,R,R-NAR071918005,3,1,0.5151108881802717,0.9693344580331558
NAR071918005,NAR,CJF_1,CJF,1,R,R-NAR071918005,3,2,0.7237879791693699,0.9693344580331558
NAR071918005,NAR,CJF_1,CJF,1,R,R-NAR071918005,3,3,0.9275639713596642,0.9693344580331558
NAR071918005,NAR,CJF_2,CJF,2,R,R-NAR071918005,2,1,0.5908933372972817,0.9284706516643462
NAR071918005,NAR,CJF_2,CJF,2,R,R-NAR071918005,2,2,0.8657285062619381,0.9284706516643462
NAR071918005,NAR,CJF_3,CJF,3,R,R-NAR071918005,3,1,0.41821708946819874,0.9868061320583015
NAR071918005,NAR,CJF_3,CJF,3,R,R-NAR071918005,3,2,0.6777774995788377,0.9868061320583015
NAR071918005,NAR,CJF_3,CJF,3,R,R-NAR071918005,3,3,0.9327014147850659,0.9868061320583015
NAR071918005,NAR,JRS_1,JRS,1,R,R-NAR071918005,1,1,0.4408814912570389,0.5713474349584136
NAR071918006,NAR,CJF_1,CJF,1,R,R-NAR071918006,4,1,0.42943205468742746,1.1417132810656485
NAR071918006,NAR,CJF_1,CJF,1,R,R-NAR071918006,4,2,0.7172324055841053,1.1417132810656485
NAR071918006,NAR,CJF_1,CJF,1,R,R-NAR071918006,4,3,0.9067979524902932,1.1417132810656485
NAR071918006,NAR,CJF_1,CJF,1,R,R-NAR071918006,4,4,1.0767757262595987,1.1417132810656485
NAR071918006,NAR,CJF_2,CJF,2,R,R-NAR071918006,4,1,0.319955705688094,1.0760357907458735
NAR071918006,NAR,CJF_2,CJF,2,R,R-NAR071918006,4,2,0.6402283624424745,1.0760357907458735
NAR071918006,NAR,CJF_2,CJF,2,R,R-NAR071918006,4,3,0.8295686200660635,1.0760357907458735
NAR071918006,NAR,CJF_2,CJF,2,R,R-NAR071918006,4,4,1.0092820751581866,1.0760357907458735
NAR071918006,NAR,CJF_3,CJF,3,R,R-NAR071918006,4,1,0.46055543927293646,1.1708299981293964
NAR071918006,NAR,CJF_3,CJF,3,R,R-NAR071918006,4,2,0.7595636746553187,1.1708299981293964
NAR071918006,NAR,CJF_3,CJF,3,R,R-NAR071918006,4,3,0.9591008946429216,1.1708299981293964
NAR071918006,NAR,CJF_3,CJF,3,R,R-NAR071918006,4,4,1.1234736647140096,1.1708299981293964
NAR071918006,NAR,JRS_1,JRS,1,R,R-NAR071918006,3,1,0.301494626641048,0.6951569699755397
NAR071918006,NAR,JRS_1,JRS,1,R,R-NAR071918006,3,2,0.4441446792174115,0.6951569699755397
NAR071918006,NAR,JRS_1,JRS,1,R,R-NAR071918006,3,3,0.5613038724715781,0.6951569699755397
NAR071918007,NAR,CJF_1,CJF,1,R,R-NAR071918007,8,1,0.5057505557514294,1.2333929350136719
NAR071918007,NAR,CJF_1,CJF,1,R,R-NAR071918007,8,2,0.6914859845217275,1.2333929350136719
NAR071918007,NAR,CJF_1,CJF,1,R,R-NAR071918007,8,3,0.8107969417518254,1.2333929350136719
NAR071918007,NAR,CJF_1,CJF,1,R,R-NAR071918007,8,4,0.9014358747317754,1.2333929350136719
NAR071918007,NAR,CJF_1,CJF,1,R,R-NAR071918007,8,5,0.984370040662546,1.2333929350136719
NAR071918007,NAR,CJF_1,CJF,1,R,R-NAR071918007,8,6,1.0628466437829192,1.2333929350136719
NAR071918007,NAR,CJF_1,CJF,1,R,R-NAR071918007,8,7,1.127730161913284,1.2333929350136719
NAR071918007,NAR,CJF_1,CJF,1,R,R-NAR071918007,8,8,1.1941546334534852,1.2333929350136719
NAR071918007,NAR,CJF_2,CJF,2,R,R-NAR071918007,8,1,0.40143446108767217,1.1245915359161585
NAR071918007,NAR,CJF_2,CJF,2,R,R-NAR071918007,8,2,0.5788598231020161,1.1245915359161585
NAR071918007,NAR,CJF_2,CJF,2,R,R-NAR071918007,8,3,0.6949399948449926,1.1245915359161585
NAR071918007,NAR,CJF_2,CJF,2,R,R-NAR071918007,8,4,0.791530177948642,1.1245915359161585
NAR071918007,NAR,CJF_2,CJF,2,R,R-NAR071918007,8,5,0.8630907808828742,1.1245915359161585
NAR071918007,NAR,CJF_2,CJF,2,R,R-NAR071918007,8,6,0.9362451337241456,1.1245915359161585
NAR071918007,NAR,CJF_2,CJF,2,R,R-NAR071918007,8,7,1.0125869863794943,1.1245915359161585
NAR071918007,NAR,CJF_2,CJF,2,R,R-NAR071918007,8,8,1.0873350891278042,1.1245915359161585
NAR071918007,NAR,CJF_3,CJF,3,R,R-NAR071918007,8,1,0.48787143514738474,1.191853256568849
NAR071918007,NAR,CJF_3,CJF,3,R,R-NAR071918007,8,2,0.6605151815157224,1.191853256568849
NAR071918007,NAR,CJF_3,CJF,3,R,R-NAR071918007,8,3,0.7719308646501918,1.191853256568849
NAR071918007,NAR,CJF_3,CJF,3,R,R-NAR071918007,8,4,0.8633330897777126,1.191853256568849
NAR071918007,NAR,CJF_3,CJF,3,R,R-NAR071918007,8,5,0.932390588325048,1.191853256568849
NAR071918007,NAR,CJF_3,CJF,3,R,R-NAR071918007,8,6,1.0087057325057434,1.191853256568849
NAR071918007,NAR,CJF_3,CJF,3,R,R-NAR071918007,8,7,1.0851352346224596,1.191853256568849
NAR071918007,NAR,CJF_3,CJF,3,R,R-NAR071918007,8,8,1.1543070911058164,1.191853256568849
NAR071918007,NAR,JRS_1,JRS,1,R,R-NAR071918007,7,1,0.22356762035655137,0.8571781652398696
NAR071918007,NAR,JRS_1,JRS,1,R,R-NAR071918007,7,2,0.3746791803327524,0.8571781652398696
NAR071918007,NAR,JRS_1,JRS,1,R,R-NAR071918007,7,3,0.4640881812210878,0.8571781652398696
NAR071918007,NAR,JRS_1,JRS,1,R,R-NAR071918007,7,4,0.5563226721940875,0.8571781652398696
NAR071918007,NAR,JRS_1,JRS,1,R,R-NAR071918007,7,5,0.645731673082423,0.8571781652398696
NAR071918007,NAR,JRS_1,JRS,1,R,R-NAR071918007,7,6,0.721651918865035,0.8571781652398696
NAR071918007,NAR,JRS_1,JRS,1,R,R-NAR071918007,7,7,0.7819868510462805,0.8571781652398696
NAR071918008,NAR,CJF_1,CJF,1,R,R-NAR071918008,13,1,0.5035099994082485,1.6748079023330795
NAR071918008,NAR,CJF_1,CJF,1,R,R-NAR071918008,13,2,0.665435873309663,1.6748079023330795
NAR071918008,NAR,CJF_1,CJF,1,R,R-NAR071918008,13,3,0.7861090674378763,1.6748079023330795
NAR071918008,NAR,CJF_1,CJF,1,R,R-NAR071918008,13,4,0.9091342917730106,1.6748079023330795
NAR071918008,NAR,CJF_1,CJF,1,R,R-NAR071918008,13,5,1.052213206968366,1.6748079023330795
NAR071918008,NAR,CJF_1,CJF,1,R,R-NAR071918008,13,6,1.148097932771814,1.6748079023330795
NAR071918008,NAR,CJF_1,CJF,1,R,R-NAR071918008,13,7,1.2459836398153017,1.6748079023330795
NAR071918008,NAR,CJF_1,CJF,1,R,R-NAR071918008,13,8,1.3061139953452645,1.6748079023330795
NAR071918008,NAR,CJF_1,CJF,1,R,R-NAR071918008,13,9,1.3862980417354485,1.6748079023330795
NAR071918008,NAR,CJF_1,CJF,1,R,R-NAR071918008,13,10,1.4397540726622382,1.6748079023330795
NAR071918008,NAR,CJF_1,CJF,1,R,R-NAR071918008,13,11,1.4924158545031536,1.6748079023330795
NAR071918008,NAR,CJF_1,CJF,1,R,R-NAR071918008,13,12,1.5541347082048655,1.6748079023330795
NAR071918008,NAR,CJF_1,CJF,1,R,R-NAR071918008,13,13,1.6288204450953363,1.6748079023330795
NAR071918008,NAR,CJF_2,CJF,2,R,R-NAR071918008,14,1,0.40796075603683,1.6062013315992651
NAR071918008,NAR,CJF_2,CJF,2,R,R-NAR071918008,14,2,0.5906408945419581,1.6062013315992651
NAR071918008,NAR,CJF_2,CJF,2,R,R-NAR071918008,14,3,0.7121676222076151,1.6062013315992651
NAR071918008,NAR,CJF_2,CJF,2,R,R-NAR071918008,14,4,0.8253845121564747,1.6062013315992651
NAR071918008,NAR,CJF_2,CJF,2,R,R-NAR071918008,14,5,0.8999693077607916,1.6062013315992651
NAR071918008,NAR,CJF_2,CJF,2,R,R-NAR071918008,14,6,0.9946672232045669,1.6062013315992651
NAR071918008,NAR,CJF_2,CJF,2,R,R-NAR071918008,14,7,1.077900967570606,1.6062013315992651
NAR071918008,NAR,CJF_2,CJF,2,R,R-NAR071918008,14,8,1.1564201905491427,1.6062013315992651
NAR071918008,NAR,CJF_2,CJF,2,R,R-NAR071918008,14,9,1.210857909006189,1.6062013315992651
NAR071918008,NAR,CJF_2,CJF,2,R,R-NAR071918008,14,10,1.2960928243671492,1.6062013315992651
NAR071918008,NAR,CJF_2,CJF,2,R,R-NAR071918008,14,11,1.3536848761851341,1.6062013315992651
NAR071918008,NAR,CJF_2,CJF,2,R,R-NAR071918008,14,12,1.3903837141503788,1.6062013315992651
NAR071918008,NAR,CJF_2,CJF,2,R,R-NAR071918008,14,13,1.4700900568027437,1.6062013315992651
NAR071918008,NAR,CJF_2,CJF,2,R,R-NAR071918008,14,14,1.5588523738773774,1.6062013315992651
NAR071918008,NAR,CJF_3,CJF,3,R,R-NAR071918008,14,1,0.4740406801466734,1.6760318503129037
NAR071918008,NAR,CJF_3,CJF,3,R,R-NAR071918008,14,2,0.6428024356544331,1.6760318503129037
NAR071918008,NAR,CJF_3,CJF,3,R,R-NAR071918008,14,3,0.7738554538171801,1.6760318503129037
NAR071918008,NAR,CJF_3,CJF,3,R,R-NAR071918008,14,4,0.882770124037208,1.6760318503129037
NAR071918008,NAR,CJF_3,CJF,3,R,R-NAR071918008,14,5,0.9722785217987212,1.6760318503129037
NAR071918008,NAR,CJF_3,CJF,3,R,R-NAR071918008,14,6,1.06298464182195,1.6760318503129037
NAR071918008,NAR,CJF_3,CJF,3,R,R-NAR071918008,14,7,1.1374471105213364,1.6760318503129037
NAR071918008,NAR,CJF_3,CJF,3,R,R-NAR071918008,14,8,1.2166065535778856,1.6760318503129037
NAR071918008,NAR,CJF_3,CJF,3,R,R-NAR071918008,14,9,1.291069022277273,1.6760318503129037
NAR071918008,NAR,CJF_3,CJF,3,R,R-NAR071918008,14,10,1.3560436275726375,1.6760318503129037
NAR071918008,NAR,CJF_3,CJF,3,R,R-NAR071918008,14,11,1.410669278163038,1.6760318503129037
NAR071918008,NAR,CJF_3,CJF,3,R,R-NAR071918008,14,12,1.4613651310075204,1.6760318503129037
NAR071918008,NAR,CJF_3,CJF,3,R,R-NAR071918008,14,13,1.5318978019609892,1.6760318503129037
NAR071918008,NAR,CJF_3,CJF,3,R,R-NAR071918008,14,14,1.624568820857177,1.6760318503129037
NAR071918008,NAR,JRS_1,JRS,1,R,R-NAR071918008,13,1,0.5313202012602483,1.6633242627916127
NAR071918008,NAR,JRS_1,JRS,1,R,R-NAR071918008,13,2,0.6969894908397338,1.6633242627916127
NAR071918008,NAR,JRS_1,JRS,1,R,R-NAR071918008,13,3,0.8316810633762932,1.6633242627916127
NAR071918008,NAR,JRS_1,JRS,1,R,R-NAR071918008,13,4,0.914496776185549,1.6633242627916127
NAR071918008,NAR,JRS_1,JRS,1,R,R-NAR071918008,13,5,0.9956451812553713,1.6633242627916127
NAR071918008,NAR,JRS_1,JRS,1,R,R-NAR071918008,13,6,1.0843532670941045,1.6633242627916127
NAR071918008,NAR,JRS_1,JRS,1,R,R-NAR071918008,13,7,1.1755433825615003,1.6633242627916127
NAR071918008,NAR,JRS_1,JRS,1,R,R-NAR071918008,13,8,1.246650077233749,1.6633242627916127
NAR071918008,NAR,JRS_1,JRS,1,R,R-NAR071918008,13,9,1.3010458305506893,1.6633242627916127
NAR071918008,NAR,JRS_1,JRS,1,R,R-NAR071918008,13,10,1.4006103486762271,1.6633242627916127
NAR071918008,NAR,JRS_1,JRS,1,R,R-NAR071918008,13,11,1.4650478123907418,1.6633242627916127
NAR071918008,NAR,JRS_1,JRS,1,R,R-NAR071918008,13,12,1.5144037785284081,1.6633242627916127
NAR071918008,NAR,JRS_1,JRS,1,R,R-NAR071918008,13,13,1.5980720771878671,1.6633242627916127
NAR071918009,NAR,CJF_1,CJF,1,R,R-NAR071918009,2,1,0.48129543339329056,0.80140040352169994
NAR071918009,NAR,CJF_1,CJF,1,R,R-NAR071918009,2,2,0.7142468597109557,0.80140040352169994
NAR071918009,NAR,CJF_2,CJF,2,R,R-NAR071918009,2,1,0.4884250490621048,0.8341644394237931
NAR071918009,NAR,CJF_2,CJF,2,R,R-NAR071918009,2,2,0.7468734742062415,0.8341644394237931
NAR071918009,NAR,CJF_3,CJF,3,R,R-NAR071918009,2,1,0.48534719626482037,0.8502346389042396
NAR071918009,NAR,CJF_3,CJF,3,R,R-NAR071918009,2,2,0.7337189831705132,0.8502346389042396
NAR071918009,NAR,JRS_1,JRS,1,R,R-NAR071918009,2,1,0.5062544430861552,0.8218693741753748
NAR071918009,NAR,JRS_1,JRS,1,R,R-NAR071918009,2,2,0.7106176914816857,0.8218693741753748
NAR071918010,NAR,CJF_1,CJF,1,R,R-NAR071918010,8,1,0.46183247057019966,1.3408992490461749
NAR071918010,NAR,CJF_1,CJF,1,R,R-NAR071918010,8,2,0.6688351319540605,1.3408992490461749
NAR071918010,NAR,CJF_1,CJF,1,R,R-NAR071918010,8,3,0.7784881850704766,1.3408992490461749
NAR071918010,NAR,CJF_1,CJF,1,R,R-NAR071918010,8,4,0.9129000352019149,1.3408992490461749
NAR071918010,NAR,CJF_1,CJF,1,R,R-NAR071918010,8,5,1.0059427078069814,1.3408992490461749
NAR071918010,NAR,CJF_1,CJF,1,R,R-NAR071918010,8,6,1.102523046619183,1.3408992490461749
NAR071918010,NAR,CJF_1,CJF,1,R,R-NAR071918010,8,7,1.1971042581347362,1.3408992490461749
NAR071918010,NAR,CJF_1,CJF,1,R,R-NAR071918010,8,8,1.304758183954504,1.3408992490461749
NAR071918010,NAR,CJF_2,CJF,2,R,R-NAR071918010,8,1,0.44788249758671134,1.285220442497906
NAR071918010,NAR,CJF_2,CJF,2,R,R-NAR071918010,8,2,0.6369327893615111,1.285220442497906
NAR071918010,NAR,CJF_2,CJF,2,R,R-NAR071918010,8,3,0.7381309652359064,1.285220442497906
NAR071918010,NAR,CJF_2,CJF,2,R,R-NAR071918010,8,4,0.8609586543576905,1.285220442497906
NAR071918010,NAR,CJF_2,CJF,2,R,R-NAR071918010,8,5,0.9582590540366936,1.285220442497906
NAR071918010,NAR,CJF_2,CJF,2,R,R-NAR071918010,8,6,1.0518309099259509,1.285220442497906
NAR071918010,NAR,CJF_2,CJF,2,R,R-NAR071918010,8,7,1.1548510495938071,1.285220442497906
NAR071918010,NAR,CJF_2,CJF,2,R,R-NAR071918010,8,8,1.2247175798337442,1.285220442497906
NAR071918010,NAR,CJF_3,CJF,3,R,R-NAR071918010,8,1,0.42032322267289984,1.279088705153597
NAR071918010,NAR,CJF_3,CJF,3,R,R-NAR071918010,8,2,0.6205095442651993,1.279088705153597
NAR071918010,NAR,CJF_3,CJF,3,R,R-NAR071918010,8,3,0.719686933884648,1.279088705153597
NAR071918010,NAR,CJF_3,CJF,3,R,R-NAR071918010,8,4,0.8587654824806972,1.279088705153597
NAR071918010,NAR,CJF_3,CJF,3,R,R-NAR071918010,8,5,0.9594866605425217,1.279088705153597
NAR071918010,NAR,CJF_3,CJF,3,R,R-NAR071918010,8,6,1.0545168251450026,1.279088705153597
NAR071918010,NAR,CJF_3,CJF,3,R,R-NAR071918010,8,7,1.1439609951753809,1.279088705153597
NAR071918010,NAR,CJF_3,CJF,3,R,R-NAR071918010,8,8,1.2347525672490018,1.279088705153597
NAR071918010,NAR,JRS_1,JRS,1,R,R-NAR071918010,7,1,0.5101533626050374,1.3256299832174956
NAR071918010,NAR,JRS_1,JRS,1,R,R-NAR071918010,7,2,0.6668247922317452,1.3256299832174956
NAR071918010,NAR,JRS_1,JRS,1,R,R-NAR071918010,7,3,0.798824741109173,1.3256299832174956
NAR071918010,NAR,JRS_1,JRS,1,R,R-NAR071918010,7,4,0.9213093302704373,1.3256299832174956
NAR071918010,NAR,JRS_1,JRS,1,R,R-NAR071918010,7,5,1.0283365933298036,1.3256299832174956
NAR071918010,NAR,JRS_1,JRS,1,R,R-NAR071918010,7,6,1.111876662167543,1.3256299832174956
NAR071918010,NAR,JRS_1,JRS,1,R,R-NAR071918010,7,7,1.2079030739143128,1.3256299832174956
NAR071918011,NAR,CJF_1,CJF,1,R,R-NAR071918011,20,1,0.2998209980311056,1.737410106488369
NAR071918011,NAR,CJF_1,CJF,1,R,R-NAR071918011,20,2,0.4455231548535622,1.737410106488369
NAR071918011,NAR,CJF_1,CJF,1,R,R-NAR071918011,20,3,0.5756842016777435,1.737410106488369
NAR071918011,NAR,CJF_1,CJF,1,R,R-NAR071918011,20,4,0.6637521109398281,1.737410106488369
NAR071918011,NAR,CJF_1,CJF,1,R,R-NAR071918011,20,5,0.7632600714203048,1.737410106488369
NAR071918011,NAR,CJF_1,CJF,1,R,R-NAR071918011,20,6,0.8316858119042296,1.737410106488369
NAR071918011,NAR,CJF_1,CJF,1,R,R-NAR071918011,20,7,0.9139264121439077,1.737410106488369
NAR071918011,NAR,CJF_1,CJF,1,R,R-NAR071918011,20,8,0.9864532114077166,1.737410106488369
NAR071918011,NAR,CJF_1,CJF,1,R,R-NAR071918011,20,9,1.0417126504307275,1.737410106488369
NAR071918011,NAR,CJF_1,CJF,1,R,R-NAR071918011,20,10,1.0889845387203927,1.737410106488369
NAR071918011,NAR,CJF_1,CJF,1,R,R-NAR071918011,20,11,1.1476964782284496,1.737410106488369
NAR071918011,NAR,CJF_1,CJF,1,R,R-NAR071918011,20,12,1.1859031238370843,1.737410106488369
NAR071918011,NAR,CJF_1,CJF,1,R,R-NAR071918011,20,13,1.2282108282256037,1.737410106488369
NAR071918011,NAR,CJF_1,CJF,1,R,R-NAR071918011,20,14,1.2748341582204314,1.737410106488369
NAR071918011,NAR,CJF_1,CJF,1,R,R-NAR071918011,20,15,1.343259898704357,1.737410106488369
NAR071918011,NAR,CJF_1,CJF,1,R,R-NAR071918011,20,16,1.4181615065055264,1.737410106488369
NAR071918011,NAR,CJF_1,CJF,1,R,R-NAR071918011,20,17,1.4865872469894512,1.737410106488369
NAR071918011,NAR,CJF_1,CJF,1,R,R-NAR071918011,20,18,1.5485371201561307,1.737410106488369
NAR071918011,NAR,CJF_1,CJF,1,R,R-NAR071918011,20,19,1.6281883450320236,1.737410106488369
NAR071918011,NAR,CJF_1,CJF,1,R,R-NAR071918011,20,20,1.7007151442958333,1.737410106488369
NAR071918011,NAR,CJF_2,CJF,2,R,R-NAR071918011,19,1,0.386417114058278,1.834393617436595
NAR071918011,NAR,CJF_2,CJF,2,R,R-NAR071918011,19,2,0.5665150173162833,1.834393617436595
NAR071918011,NAR,CJF_2,CJF,2,R,R-NAR071918011,19,3,0.6873174220887922,1.834393617436595
NAR071918011,NAR,CJF_2,CJF,2,R,R-NAR071918011,19,4,0.7774757037160015,1.834393617436595
NAR071918011,NAR,CJF_2,CJF,2,R,R-NAR071918011,19,5,0.8590070141335588,1.834393617436595
NAR071918011,NAR,CJF_2,CJF,2,R,R-NAR071918011,19,6,0.9311336394353269,1.834393617436595
NAR071918011,NAR,CJF_2,CJF,2,R,R-NAR071918011,19,7,1.0018265708417164,1.834393617436595
NAR071918011,NAR,CJF_2,CJF,2,R,R-NAR071918011,19,8,1.0685340066378999,1.834393617436595
NAR071918011,NAR,CJF_2,CJF,2,R,R-NAR071918011,19,9,1.1322523207264283,1.834393617436595
NAR071918011,NAR,CJF_2,CJF,2,R,R-NAR071918011,19,10,1.1851322558037887,1.834393617436595
NAR071918011,NAR,CJF_2,CJF,2,R,R-NAR071918011,19,11,1.234026695270944,1.834393617436595
NAR071918011,NAR,CJF_2,CJF,2,R,R-NAR071918011,19,12,1.276286911333551,1.834393617436595
NAR071918011,NAR,CJF_2,CJF,2,R,R-NAR071918011,19,13,1.3442093810286984,1.834393617436595
NAR071918011,NAR,CJF_2,CJF,2,R,R-NAR071918011,19,14,1.4467614694793527,1.834393617436595
NAR071918011,NAR,CJF_2,CJF,2,R,R-NAR071918011,19,15,1.5164580269831898,1.834393617436595
NAR071918011,NAR,CJF_2,CJF,2,R,R-NAR071918011,19,16,1.5631410586488286,1.834393617436595
NAR071918011,NAR,CJF_2,CJF,2,R,R-NAR071918011,19,17,1.6246479649358407,1.834393617436595
NAR071918011,NAR,CJF_2,CJF,2,R,R-NAR071918011,19,18,1.7019751197467794,1.834393617436595
NAR071918011,NAR,CJF_2,CJF,2,R,R-NAR071918011,19,19,1.775098118951098,1.834393617436595
NAR071918011,NAR,CJF_3,CJF,3,R,R-NAR071918011,19,1,0.30775945875705496,1.7329680764702529
NAR071918011,NAR,CJF_3,CJF,3,R,R-NAR071918011,19,2,0.4493343968195106,1.7329680764702529
NAR071918011,NAR,CJF_3,CJF,3,R,R-NAR071918011,19,3,0.5593451277460354,1.7329680764702529
NAR071918011,NAR,CJF_3,CJF,3,R,R-NAR071918011,19,4,0.6463899041509602,1.7329680764702529
NAR071918011,NAR,CJF_3,CJF,3,R,R-NAR071918011,19,5,0.7499379652854682,1.7329680764702529
NAR071918011,NAR,CJF_3,CJF,3,R,R-NAR071918011,19,6,0.8285298335382949,1.7329680764702529
NAR071918011,NAR,CJF_3,CJF,3,R,R-NAR071918011,19,7,0.898870059426329,1.7329680764702529
NAR071918011,NAR,CJF_3,CJF,3,R,R-NAR071918011,19,8,0.9600641566631848,1.7329680764702529
NAR071918011,NAR,CJF_3,CJF,3,R,R-NAR071918011,19,9,1.0309522585880664,1.7329680764702529
NAR071918011,NAR,CJF_3,CJF,3,R,R-NAR071918011,19,10,1.0824523511368966,1.7329680764702529
NAR071918011,NAR,CJF_3,CJF,3,R,R-NAR071918011,19,11,1.13862614090497,1.7329680764702529
NAR071918011,NAR,CJF_3,CJF,3,R,R-NAR071918011,19,12,1.1818745910890092,1.7329680764702529
NAR071918011,NAR,CJF_3,CJF,3,R,R-NAR071918011,19,13,1.2439631746122526,1.7329680764702529
NAR071918011,NAR,CJF_3,CJF,3,R,R-NAR071918011,19,14,1.323997405188312,1.7329680764702529
NAR071918011,NAR,CJF_3,CJF,3,R,R-NAR071918011,19,15,1.391106296180338,1.7329680764702529
NAR071918011,NAR,CJF_3,CJF,3,R,R-NAR071918011,19,16,1.4767087102620293,1.7329680764702529
NAR071918011,NAR,CJF_3,CJF,3,R,R-NAR071918011,19,17,1.5411341423948932,1.7329680764702529
NAR071918011,NAR,CJF_3,CJF,3,R,R-NAR071918011,19,18,1.6161480655021718,1.7329680764702529
NAR071918011,NAR,CJF_3,CJF,3,R,R-NAR071918011,19,19,1.6985191446878534,1.7329680764702529
NAR071918011,NAR,JRS_1,JRS,1,R,R-NAR071918011,18,1,0.4073163566019389,1.6427870359100898
NAR071918011,NAR,JRS_1,JRS,1,R,R-NAR071918011,18,2,0.528403389231874,1.6427870359100898
NAR071918011,NAR,JRS_1,JRS,1,R,R-NAR071918011,18,3,0.5995898892123127,1.6427870359100898
NAR071918011,NAR,JRS_1,JRS,1,R,R-NAR071918011,18,4,0.6785407470213575,1.6427870359100898
NAR071918011,NAR,JRS_1,JRS,1,R,R-NAR071918011,18,5,0.753129654943289,1.6427870359100898
NAR071918011,NAR,JRS_1,JRS,1,R,R-NAR071918011,18,6,0.819954205036613,1.6427870359100898
NAR071918011,NAR,JRS_1,JRS,1,R,R-NAR071918011,18,7,0.9008241467369009,1.6427870359100898
NAR071918011,NAR,JRS_1,JRS,1,R,R-NAR071918011,18,8,0.9516842213320186,1.6427870359100898
NAR071918011,NAR,JRS_1,JRS,1,R,R-NAR071918011,18,9,1.0131872795926073,1.6427870359100898
NAR071918011,NAR,JRS_1,JRS,1,R,R-NAR071918011,18,10,1.0834142376274256,1.6427870359100898
NAR071918011,NAR,JRS_1,JRS,1,R,R-NAR071918011,18,11,1.1473601618838858,1.6427870359100898
NAR071918011,NAR,JRS_1,JRS,1,R,R-NAR071918011,18,12,1.1976964543743747,1.6427870359100898
NAR071918011,NAR,JRS_1,JRS,1,R,R-NAR071918011,18,13,1.2432350371367575,1.6427870359100898
NAR071918011,NAR,JRS_1,JRS,1,R,R-NAR071918011,18,14,1.317823945058689,1.6427870359100898
NAR071918011,NAR,JRS_1,JRS,1,R,R-NAR071918011,18,15,1.407417786533205,1.6427870359100898
NAR071918011,NAR,JRS_1,JRS,1,R,R-NAR071918011,18,16,1.4776447445680219,1.6427870359100898
NAR071918011,NAR,JRS_1,JRS,1,R,R-NAR071918011,18,17,1.5260619531672686,1.6427870359100898
NAR071918011,NAR,JRS_1,JRS,1,R,R-NAR071918011,18,18,1.5909674193693495,1.6427870359100898
NAR071918012,NAR,CJF_1,CJF,1,R,R-NAR071918012,2,1,0.5559955889817672,0.9722829329326983
NAR071918012,NAR,CJF_1,CJF,1,R,R-NAR071918012,2,2,0.9151334408199003,0.9722829329326983
NAR071918012,NAR,CJF_2,CJF,2,R,R-NAR071918012,2,1,0.5905564310427003,1.0258485182621981
NAR071918012,NAR,CJF_2,CJF,2,R,R-NAR071918012,2,2,0.940777762207335,1.0258485182621981
NAR071918012,NAR,CJF_3,CJF,3,R,R-NAR071918012,2,1,0.5693977020331906,1.020859322373316
NAR071918012,NAR,CJF_3,CJF,3,R,R-NAR071918012,2,2,0.9171915531734727,1.020859322373316
NAR071918012,NAR,JRS_1,JRS,1,R,R-NAR071918012,1,1,0.36133014020731297,0.5310707011093557
NAR071918013,NAR,CJF_1,CJF,1,R,R-NAR071918013,6,1,0.26987830512023303,1.2334139995836524
NAR071918013,NAR,CJF_1,CJF,1,R,R-NAR071918013,6,2,0.5849877813267101,1.2334139995836524
NAR071918013,NAR,CJF_1,CJF,1,R,R-NAR071918013,6,3,0.7614231783692953,1.2334139995836524
NAR071918013,NAR,CJF_1,CJF,1,R,R-NAR071918013,6,4,0.9261423377117086,1.2334139995836524
NAR071918013,NAR,CJF_1,CJF,1,R,R-NAR071918013,6,5,1.0317504122197674,1.2334139995836524
NAR071918013,NAR,CJF_1,CJF,1,R,R-NAR071918013,6,6,1.1521362579364145,1.2334139995836524
NAR071918013,NAR,CJF_2,CJF,2,R,R-NAR071918013,6,1,0.27008058855413464,1.2233843910943598
NAR071918013,NAR,CJF_2,CJF,2,R,R-NAR071918013,6,2,0.565317518480138,1.2233843910943598
NAR071918013,NAR,CJF_2,CJF,2,R,R-NAR071918013,6,3,0.7707337263575912,1.2233843910943598
NAR071918013,NAR,CJF_2,CJF,2,R,R-NAR071918013,6,4,0.8952785883999724,1.2233843910943598
NAR071918013,NAR,CJF_2,CJF,2,R,R-NAR071918013,6,5,1.0395774700947602,1.2233843910943598
NAR071918013,NAR,CJF_2,CJF,2,R,R-NAR071918013,6,6,1.1422855740334867,1.2233843910943598
NAR071918013,NAR,CJF_3,CJF,3,R,R-NAR071918013,6,1,0.24437584250688507,1.2171393973730993
NAR071918013,NAR,CJF_3,CJF,3,R,R-NAR071918013,6,2,0.5722846009445661,1.2171393973730993
NAR071918013,NAR,CJF_3,CJF,3,R,R-NAR071918013,6,3,0.7692622918382017,1.2171393973730993
NAR071918013,NAR,CJF_3,CJF,3,R,R-NAR071918013,6,4,0.8924873639725619,1.2171393973730993
NAR071918013,NAR,CJF_3,CJF,3,R,R-NAR071918013,6,5,1.0231177646677367,1.2171393973730993
NAR071918013,NAR,CJF_3,CJF,3,R,R-NAR071918013,6,6,1.1463428368020967,1.2171393973730993
NAR071918013,NAR,JRS_1,JRS,1,R,R-NAR071918013,5,1,0.46185955434733916,1.223822159290056
NAR071918013,NAR,JRS_1,JRS,1,R,R-NAR071918013,5,2,0.6192752907679937,1.223822159290056
NAR071918013,NAR,JRS_1,JRS,1,R,R-NAR071918013,5,3,0.7817041803939264,1.223822159290056
NAR071918013,NAR,JRS_1,JRS,1,R,R-NAR071918013,5,4,0.928215394710932,1.223822159290056
NAR071918013,NAR,JRS_1,JRS,1,R,R-NAR071918013,5,5,1.0560187679547726,1.223822159290056
NAR071918014,NAR,CJF_1,CJF,1,R,R-NAR071918014,8,1,0.41881752440617187,1.2364125132052095
NAR071918014,NAR,CJF_1,CJF,1,R,R-NAR071918014,8,2,0.633232796459776,1.2364125132052095
NAR071918014,NAR,CJF_1,CJF,1,R,R-NAR071918014,8,3,0.7448033679859044,1.2364125132052095
NAR071918014,NAR,CJF_1,CJF,1,R,R-NAR071918014,8,4,0.8358954828571079,1.2364125132052095
NAR071918014,NAR,CJF_1,CJF,1,R,R-NAR071918014,8,5,0.93134352292202,1.2364125132052095
NAR071918014,NAR,CJF_1,CJF,1,R,R-NAR071918014,8,6,1.037242979329586,1.2364125132052095
NAR071918014,NAR,CJF_1,CJF,1,R,R-NAR071918014,8,7,1.1252803383206988,1.2364125132052095
NAR071918014,NAR,CJF_1,CJF,1,R,R-NAR071918014,8,8,1.1958799759257432,1.2364125132052095
NAR071918014,NAR,CJF_2,CJF,2,R,R-NAR071918014,8,1,0.4621506989599044,1.2955291294388331
NAR071918014,NAR,CJF_2,CJF,2,R,R-NAR071918014,8,2,0.6758374760057835,1.2955291294388331
NAR071918014,NAR,CJF_2,CJF,2,R,R-NAR071918014,8,3,0.8003913571522346,1.2955291294388331
NAR071918014,NAR,CJF_2,CJF,2,R,R-NAR071918014,8,4,0.8964796820252922,1.2955291294388331
NAR071918014,NAR,CJF_2,CJF,2,R,R-NAR071918014,8,5,0.9744965730863144,1.2955291294388331
NAR071918014,NAR,CJF_2,CJF,2,R,R-NAR071918014,8,6,1.0808375708255535,1.2955291294388331
NAR071918014,NAR,CJF_2,CJF,2,R,R-NAR071918014,8,7,1.1795792992122875,1.2955291294388331
NAR071918014,NAR,CJF_2,CJF,2,R,R-NAR071918014,8,8,1.248489748569704,1.2955291294388331
NAR071918014,NAR,CJF_3,CJF,3,R,R-NAR071918014,8,1,0.3929696357871756,1.2181028103237808
NAR071918014,NAR,CJF_3,CJF,3,R,R-NAR071918014,8,2,0.5902618977241143,1.2181028103237808
NAR071918014,NAR,CJF_3,CJF,3,R,R-NAR071918014,8,3,0.7191478232178068,1.2181028103237808
NAR071918014,NAR,CJF_3,CJF,3,R,R-NAR071918014,8,4,0.8214635643614412,1.2181028103237808
NAR071918014,NAR,CJF_3,CJF,3,R,R-NAR071918014,8,5,0.9184948072432069,1.2181028103237808
NAR071918014,NAR,CJF_3,CJF,3,R,R-NAR071918014,8,6,1.0208105483868415,1.2181028103237808
NAR071918014,NAR,CJF_3,CJF,3,R,R-NAR071918014,8,7,1.0913454534389078,1.2181028103237808
NAR071918014,NAR,CJF_3,CJF,3,R,R-NAR071918014,8,8,1.166137495708612,1.2181028103237808
NAR071918014,NAR,JRS_1,JRS,1,R,R-NAR071918014,7,1,0.44290601863274287,1.2553087977799002
NAR071918014,NAR,JRS_1,JRS,1,R,R-NAR071918014,7,2,0.6487746335716398,1.2553087977799002
NAR071918014,NAR,JRS_1,JRS,1,R,R-NAR071918014,7,3,0.7632505047914578,1.2553087977799002
NAR071918014,NAR,JRS_1,JRS,1,R,R-NAR071918014,7,4,0.8644737033816781,1.2553087977799002
NAR071918014,NAR,JRS_1,JRS,1,R,R-NAR071918014,7,5,0.9661331003761311,1.2553087977799002
NAR071918014,NAR,JRS_1,JRS,1,R,R-NAR071918014,7,6,1.0618204586621343,1.2553087977799002
NAR071918014,NAR,JRS_1,JRS,1,R,R-NAR071918014,7,7,1.1305662732847102,1.2553087977799002
NAR071918015,NAR,CJF_1,CJF,1,R,R-NAR071918015,2,1,0.39284186318897907,0.6647773747794754
NAR071918015,NAR,CJF_1,CJF,1,R,R-NAR071918015,2,2,0.5701558984925126,0.6647773747794754
NAR071918015,NAR,CJF_2,CJF,2,R,R-NAR071918015,2,1,0.4296116326246954,0.6977556871390339
NAR071918015,NAR,CJF_2,CJF,2,R,R-NAR071918015,2,2,0.6043130849022936,0.6977556871390339
NAR071918015,NAR,CJF_3,CJF,3,R,R-NAR071918015,2,1,0.4121087757945488,0.6766746810103368
NAR071918015,NAR,CJF_3,CJF,3,R,R-NAR071918015,2,2,0.598178854556389,0.6766746810103368
NAR071918015,NAR,JRS_1,JRS,1,R,R-NAR071918015,1,1,0.35394642806768895,0.6046650612402402
NAR071918016,NAR,CJF_1,CJF,1,R,R-NAR071918016,7,1,0.4945411063789885,1.2779524679682535
NAR071918016,NAR,CJF_1,CJF,1,R,R-NAR071918016,7,2,0.6926792091934316,1.2779524679682535
NAR071918016,NAR,CJF_1,CJF,1,R,R-NAR071918016,7,3,0.8242917059890844,1.2779524679682535
NAR071918016,NAR,CJF_1,CJF,1,R,R-NAR071918016,7,4,0.9288202259238358,1.2779524679682535
NAR071918016,NAR,CJF_1,CJF,1,R,R-NAR071918016,7,5,1.0344482889558932,1.2779524679682535
NAR071918016,NAR,CJF_1,CJF,1,R,R-NAR071918016,7,6,1.1206947095536288,1.2779524679682535
NAR071918016,NAR,CJF_1,CJF,1,R,R-NAR071918016,7,7,1.213035163263703,1.2779524679682535
NAR071918016,NAR,CJF_2,CJF,2,R,R-NAR071918016,7,1,0.49709909247624934,1.2806719999686451
NAR071918016,NAR,CJF_2,CJF,2,R,R-NAR071918016,7,2,0.688489151487717,1.2806719999686451
NAR071918016,NAR,CJF_2,CJF,2,R,R-NAR071918016,7,3,0.8316066980164618,1.2806719999686451
NAR071918016,NAR,CJF_2,CJF,2,R,R-NAR071918016,7,4,0.937078484718951,1.2806719999686451
NAR071918016,NAR,CJF_2,CJF,2,R,R-NAR071918016,7,5,1.0364664736197131,1.2806719999686451
NAR071918016,NAR,CJF_2,CJF,2,R,R-NAR071918016,7,6,1.1253868578364457,1.2806719999686451
NAR071918016,NAR,CJF_2,CJF,2,R,R-NAR071918016,7,7,1.2323199134997027,1.2806719999686451
NAR071918016,NAR,CJF_3,CJF,3,R,R-NAR071918016,7,1,0.4599961842428643,1.224439573882298
NAR071918016,NAR,CJF_3,CJF,3,R,R-NAR071918016,7,2,0.6362601791768419,1.224439573882298
NAR071918016,NAR,CJF_3,CJF,3,R,R-NAR071918016,7,3,0.7780313620924564,1.224439573882298
NAR071918016,NAR,CJF_3,CJF,3,R,R-NAR071918016,7,4,0.8804640363759335,1.224439573882298
NAR071918016,NAR,CJF_3,CJF,3,R,R-NAR071918016,7,5,0.9800458932055474,1.224439573882298
NAR071918016,NAR,CJF_3,CJF,3,R,R-NAR071918016,7,6,1.0765871091036385,1.224439573882298
NAR071918016,NAR,CJF_3,CJF,3,R,R-NAR071918016,7,7,1.1686622753432752,1.224439573882298
NAR071918016,NAR,JRS_1,JRS,1,R,R-NAR071918016,7,1,0.4513765537813869,1.2276129532226854
NAR071918016,NAR,JRS_1,JRS,1,R,R-NAR071918016,7,2,0.6550021005321112,1.2276129532226854
NAR071918016,NAR,JRS_1,JRS,1,R,R-NAR071918016,7,3,0.7760920835647852,1.2276129532226854
NAR071918016,NAR,JRS_1,JRS,1,R,R-NAR071918016,7,4,0.8709242562255699,1.2276129532226854
NAR071918016,NAR,JRS_1,JRS,1,R,R-NAR071918016,7,5,0.9675653372492881,1.2276129532226854
NAR071918016,NAR,JRS_1,JRS,1,R,R-NAR071918016,7,6,1.086413464289489,1.2276129532226854
NAR071918016,NAR,JRS_1,JRS,1,R,R-NAR071918016,7,7,1.1732884241159722,1.2276129532226854
NAR071918017,NAR,CJF_1,CJF,1,R,R-NAR071918017,2,1,0.4761137907713463,0.7043355659645126
NAR071918017,NAR,CJF_1,CJF,1,R,R-NAR071918017,2,2,0.6534859280162146,0.7043355659645126
NAR071918017,NAR,CJF_2,CJF,2,R,R-NAR071918017,2,1,0.46280890628657806,0.7083243819816369
NAR071918017,NAR,CJF_2,CJF,2,R,R-NAR071918017,2,2,0.6417339647359761,0.7083243819816369
NAR071918017,NAR,CJF_3,CJF,3,R,R-NAR071918017,2,1,0.4758729151461094,0.7253648345058927
NAR071918017,NAR,CJF_3,CJF,3,R,R-NAR071918017,2,2,0.6685695783077049,0.7253648345058927
NAR071918017,NAR,JRS_1,JRS,1,R,R-NAR071918017,1,1,0.4270319897198179,0.6567225015525118
NAR071918018,NAR,CJF_1,CJF,1,R,R-NAR071918018,10,1,0.337454455398911,1.394696542224623
NAR071918018,NAR,CJF_1,CJF,1,R,R-NAR071918018,10,2,0.5607617129432548,1.394696542224623
NAR071918018,NAR,CJF_1,CJF,1,R,R-NAR071918018,10,3,0.7337502375746795,1.394696542224623
NAR071918018,NAR,CJF_1,CJF,1,R,R-NAR071918018,10,4,0.8400999924413626,1.394696542224623
NAR071918018,NAR,CJF_1,CJF,1,R,R-NAR071918018,10,5,0.9539749135390261,1.394696542224623
NAR071918018,NAR,CJF_1,CJF,1,R,R-NAR071918018,10,6,1.0250562679547506,1.394696542224623
NAR071918018,NAR,CJF_1,CJF,1,R,R-NAR071918018,10,7,1.0937801916665317,1.394696542224623
NAR071918018,NAR,CJF_1,CJF,1,R,R-NAR071918018,10,8,1.177917023278301,1.394696542224623
NAR071918018,NAR,CJF_1,CJF,1,R,R-NAR071918018,10,9,1.2671312917359836,1.394696542224623
NAR071918018,NAR,CJF_1,CJF,1,R,R-NAR071918018,10,10,1.3481855417677557,1.394696542224623
NAR071918018,NAR,CJF_2,CJF,2,R,R-NAR071918018,10,1,0.35321298075993107,1.4434421544983136
NAR071918018,NAR,CJF_2,CJF,2,R,R-NAR071918018,10,2,0.591470064374763,1.4434421544983136
NAR071918018,NAR,CJF_2,CJF,2,R,R-NAR071918018,10,3,0.7763507557203777,1.4434421544983136
NAR071918018,NAR,CJF_2,CJF,2,R,R-NAR071918018,10,4,0.8864930290368124,1.4434421544983136
NAR071918018,NAR,CJF_2,CJF,2,R,R-NAR071918018,10,5,0.9829351705232764,1.4434421544983136
NAR071918018,NAR,CJF_2,CJF,2,R,R-NAR071918018,10,6,1.0578943176459548,1.4434421544983136
NAR071918018,NAR,CJF_2,CJF,2,R,R-NAR071918018,10,7,1.1304466528543011,1.4434421544983136
NAR071918018,NAR,CJF_2,CJF,2,R,R-NAR071918018,10,8,1.2158162035186253,1.4434421544983136
NAR071918018,NAR,CJF_2,CJF,2,R,R-NAR071918018,10,9,1.2954892139802925,1.4434421544983136
NAR071918018,NAR,CJF_2,CJF,2,R,R-NAR071918018,10,10,1.3862348152640998,1.4434421544983136
NAR071918018,NAR,CJF_3,CJF,3,R,R-NAR071918018,10,1,0.34501521645954347,1.428771619069103
NAR071918018,NAR,CJF_3,CJF,3,R,R-NAR071918018,10,2,0.5861652328486611,1.428771619069103
NAR071918018,NAR,CJF_3,CJF,3,R,R-NAR071918018,10,3,0.7625443499815079,1.428771619069103
NAR071918018,NAR,CJF_3,CJF,3,R,R-NAR071918018,10,4,0.8801520834733652,1.428771619069103
NAR071918018,NAR,CJF_3,CJF,3,R,R-NAR071918018,10,5,0.9841472159635493,1.428771619069103
NAR071918018,NAR,CJF_3,CJF,3,R,R-NAR071918018,10,6,1.047499444078349,1.428771619069103
NAR071918018,NAR,CJF_3,CJF,3,R,R-NAR071918018,10,7,1.1349796670740369,1.428771619069103
NAR071918018,NAR,CJF_3,CJF,3,R,R-NAR071918018,10,8,1.2146519060536947,1.428771619069103
NAR071918018,NAR,CJF_3,CJF,3,R,R-NAR071918018,10,9,1.2825200124324263,1.428771619069103
NAR071918018,NAR,CJF_3,CJF,3,R,R-NAR071918018,10,10,1.3700002354281144,1.428771619069103
NAR071918018,NAR,JRS_1,JRS,1,R,R-NAR071918018,10,1,0.3628032311161897,1.4012586548274502
NAR071918018,NAR,JRS_1,JRS,1,R,R-NAR071918018,10,2,0.5727460691456897,1.4012586548274502
NAR071918018,NAR,JRS_1,JRS,1,R,R-NAR071918018,10,3,0.735746482337344,1.4012586548274502
NAR071918018,NAR,JRS_1,JRS,1,R,R-NAR071918018,10,4,0.8525503015786706,1.4012586548274502
NAR071918018,NAR,JRS_1,JRS,1,R,R-NAR071918018,10,5,0.9494469960538241,1.4012586548274502
NAR071918018,NAR,JRS_1,JRS,1,R,R-NAR071918018,10,6,1.0343248325805228,1.4012586548274502
NAR071918018,NAR,JRS_1,JRS,1,R,R-NAR071918018,10,7,1.0985497134535342,1.4012586548274502
NAR071918018,NAR,JRS_1,JRS,1,R,R-NAR071918018,10,8,1.19695233032842,1.4012586548274502
NAR071918018,NAR,JRS_1,JRS,1,R,R-NAR071918018,10,9,1.2780724911681394,1.4012586548274502
NAR071918018,NAR,JRS_1,JRS,1,R,R-NAR071918018,10,10,1.3490526319028935,1.4012586548274502
NAR071918019,NAR,JRS_1,JRS,1,R,R-NAR071918019,5,1,0.24151590407818702,0.8082084457453682
NAR071918019,NAR,JRS_1,JRS,1,R,R-NAR071918019,5,2,0.3806202533334585,0.8082084457453682
NAR071918019,NAR,JRS_1,JRS,1,R,R-NAR071918019,5,3,0.5451340636932555,0.8082084457453682
NAR071918019,NAR,JRS_1,JRS,1,R,R-NAR071918019,5,4,0.65755114709831,0.8082084457453682
NAR071918019,NAR,JRS_1,JRS,1,R,R-NAR071918019,5,5,0.7396820286929918,0.8082084457453682
NAR071918019,NAR,NGA_1,NGA,1,R,R-NAR071918019,4,1,0.5612798858703965,1.1324174907883198
NAR071918019,NAR,NGA_1,NGA,1,R,R-NAR071918019,4,2,0.8012369848076571,1.1324174907883198
NAR071918019,NAR,NGA_1,NGA,1,R,R-NAR071918019,4,3,0.907051477738971,1.1324174907883198
NAR071918019,NAR,NGA_1,NGA,1,R,R-NAR071918019,4,4,1.0311699922579671,1.1324174907883198
NAR071918019,NAR,NGA_2,NGA,2,R,R-NAR071918019,4,1,0.5491377144158891,1.1216648527832893
NAR071918019,NAR,NGA_2,NGA,2,R,R-NAR071918019,4,2,0.7735213032867774,1.1216648527832893
NAR071918019,NAR,NGA_2,NGA,2,R,R-NAR071918019,4,3,0.9010065705778161,1.1216648527832893
NAR071918019,NAR,NGA_2,NGA,2,R,R-NAR071918019,4,4,1.0099868067924738,1.1216648527832893
NAR071918020,NAR,CJF_1,CJF,1,R,R-NAR071918020,5,1,0.38980335475117783,1.12191206959278
NAR071918020,NAR,CJF_1,CJF,1,R,R-NAR071918020,5,2,0.6108892909938597,1.12191206959278
NAR071918020,NAR,CJF_1,CJF,1,R,R-NAR071918020,5,3,0.7465256073261631,1.12191206959278
NAR071918020,NAR,CJF_1,CJF,1,R,R-NAR071918020,5,4,0.8455350614598558,1.12191206959278
NAR071918020,NAR,CJF_1,CJF,1,R,R-NAR071918020,5,5,0.9668518236754681,1.12191206959278
NAR071918020,NAR,CJF_2,CJF,2,R,R-NAR071918020,6,1,0.4059747460442564,1.1278888027401528
NAR071918020,NAR,CJF_2,CJF,2,R,R-NAR071918020,6,2,0.6129267811728781,1.1278888027401528
NAR071918020,NAR,CJF_2,CJF,2,R,R-NAR071918020,6,3,0.7649384179032047,1.1278888027401528
NAR071918020,NAR,CJF_2,CJF,2,R,R-NAR071918020,6,4,0.8589164645308082,1.1278888027401528
NAR071918020,NAR,CJF_2,CJF,2,R,R-NAR071918020,6,5,0.982608482531427,1.1278888027401528
NAR071918020,NAR,CJF_2,CJF,2,R,R-NAR071918020,6,6,1.0866073823369775,1.1278888027401528
NAR071918020,NAR,CJF_3,CJF,3,R,R-NAR071918020,6,1,0.38127361553614064,1.125023868090395
NAR071918020,NAR,CJF_3,CJF,3,R,R-NAR071918020,6,2,0.6445624926173801,1.125023868090395
NAR071918020,NAR,CJF_3,CJF,3,R,R-NAR071918020,6,3,0.7703639124451471,1.125023868090395
NAR071918020,NAR,CJF_3,CJF,3,R,R-NAR071918020,6,4,0.8681729862781481,1.125023868090395
NAR071918020,NAR,CJF_3,CJF,3,R,R-NAR071918020,6,5,0.9907164238378254,1.125023868090395
NAR071918020,NAR,CJF_3,CJF,3,R,R-NAR071918020,6,6,1.0820875024018337,1.125023868090395
NAR071918020,NAR,JRS_1,JRS,1,R,R-NAR071918020,5,1,0.2930146189666234,0.8823131701768474
NAR071918020,NAR,JRS_1,JRS,1,R,R-NAR071918020,5,2,0.4479318330963587,0.8823131701768474
NAR071918020,NAR,JRS_1,JRS,1,R,R-NAR071918020,5,3,0.5265820240989647,0.8823131701768474
NAR071918020,NAR,JRS_1,JRS,1,R,R-NAR071918020,5,4,0.647655993952181,0.8823131701768474
NAR071918020,NAR,JRS_1,JRS,1,R,R-NAR071918020,5,5,0.754293322388027,0.8823131701768474
NAR071918021,NAR,CJF_1,CJF,1,R,R-NAR071918021,10,1,0.39735014973823385,1.651448934159163
NAR071918021,NAR,CJF_1,CJF,1,R,R-NAR071918021,10,2,0.6934198169859882,1.651448934159163
NAR071918021,NAR,CJF_1,CJF,1,R,R-NAR071918021,10,3,0.8738922522699877,1.651448934159163
NAR071918021,NAR,CJF_1,CJF,1,R,R-NAR071918021,10,4,1.032739619780572,1.651448934159163
NAR071918021,NAR,CJF_1,CJF,1,R,R-NAR071918021,10,5,1.1531181890574498,1.651448934159163
NAR071918021,NAR,CJF_1,CJF,1,R,R-NAR071918021,10,6,1.2663247523646444,1.651448934159163
NAR071918021,NAR,CJF_1,CJF,1,R,R-NAR071918021,10,7,1.3866760591754312,1.651448934159163
NAR071918021,NAR,CJF_1,CJF,1,R,R-NAR071918021,10,8,1.4540509810165998,1.651448934159163
NAR071918021,NAR,CJF_1,CJF,1,R,R-NAR071918021,10,9,1.5142538968880837,1.651448934159163
NAR071918021,NAR,CJF_1,CJF,1,R,R-NAR071918021,10,10,1.5768202189500387,1.651448934159163
NAR071918021,NAR,CJF_2,CJF,2,R,R-NAR071918021,10,1,0.3538177761529744,1.5788239763304823
NAR071918021,NAR,CJF_2,CJF,2,R,R-NAR071918021,10,2,0.6626258846226206,1.5788239763304823
NAR071918021,NAR,CJF_2,CJF,2,R,R-NAR071918021,10,3,0.8176490643224673,1.5788239763304823
NAR071918021,NAR,CJF_2,CJF,2,R,R-NAR071918021,10,4,0.9743460154835152,1.5788239763304823
NAR071918021,NAR,CJF_2,CJF,2,R,R-NAR071918021,10,5,1.102909078064841,1.5788239763304823
NAR071918021,NAR,CJF_2,CJF,2,R,R-NAR071918021,10,6,1.198546083058987,1.5788239763304823
NAR071918021,NAR,CJF_2,CJF,2,R,R-NAR071918021,10,7,1.3169056821603737,1.5788239763304823
NAR071918021,NAR,CJF_2,CJF,2,R,R-NAR071918021,10,8,1.40233922367458,1.5788239763304823
NAR071918021,NAR,CJF_2,CJF,2,R,R-NAR071918021,10,9,1.478188427173871,1.5788239763304823
NAR071918021,NAR,CJF_2,CJF,2,R,R-NAR071918021,10,10,1.5406929994258296,1.5788239763304823
NAR071918021,NAR,CJF_3,CJF,3,R,R-NAR071918021,10,1,0.40425320772388823,1.6891129481310556
NAR071918021,NAR,CJF_3,CJF,3,R,R-NAR071918021,10,2,0.7315185843222338,1.6891129481310556
NAR071918021,NAR,CJF_3,CJF,3,R,R-NAR071918021,10,3,0.9287732611917383,1.6891129481310556
NAR071918021,NAR,CJF_3,CJF,3,R,R-NAR071918021,10,4,1.0683699459294766,1.6891129481310556
NAR071918021,NAR,CJF_3,CJF,3,R,R-NAR071918021,10,5,1.1910806486184577,1.6891129481310556
NAR071918021,NAR,CJF_3,CJF,3,R,R-NAR071918021,10,6,1.2993334393061027,1.6891129481310556
NAR071918021,NAR,CJF_3,CJF,3,R,R-NAR071918021,10,7,1.4100143000411678,1.6891129481310556
NAR071918021,NAR,CJF_3,CJF,3,R,R-NAR071918021,10,8,1.4942231937185793,1.6891129481310556
NAR071918021,NAR,CJF_3,CJF,3,R,R-NAR071918021,10,9,1.5784636611911869,1.6891129481310556
NAR071918021,NAR,CJF_3,CJF,3,R,R-NAR071918021,10,10,1.6362005878109436,1.6891129481310556
NAR071918021,NAR,JRS_1,JRS,1,R,R-NAR071918021,8,1,0.4084805315121953,1.6432627958121728
NAR071918021,NAR,JRS_1,JRS,1,R,R-NAR071918021,8,2,0.7052441423879687,1.6432627958121728
NAR071918021,NAR,JRS_1,JRS,1,R,R-NAR071918021,8,3,0.863186597932819,1.6432627958121728
NAR071918021,NAR,JRS_1,JRS,1,R,R-NAR071918021,8,4,1.0244416530765474,1.6432627958121728
NAR071918021,NAR,JRS_1,JRS,1,R,R-NAR071918021,8,5,1.1339019904451715,1.6432627958121728
NAR071918021,NAR,JRS_1,JRS,1,R,R-NAR071918021,8,6,1.2567635856851769,1.6432627958121728
NAR071918021,NAR,JRS_1,JRS,1,R,R-NAR071918021,8,7,1.3788708835458394,1.6432627958121728
NAR071918021,NAR,JRS_1,JRS,1,R,R-NAR071918021,8,8,1.497665581807624,1.6432627958121728
NAR071918022,NAR,CJF_1,CJF,1,R,R-NAR071918022,12,1,0.4929874532785618,1.5260643600285952
NAR071918022,NAR,CJF_1,CJF,1,R,R-NAR071918022,12,2,0.6360696074091554,1.5260643600285952
NAR071918022,NAR,CJF_1,CJF,1,R,R-NAR071918022,12,3,0.7801068533886164,1.5260643600285952
NAR071918022,NAR,CJF_1,CJF,1,R,R-NAR071918022,12,4,0.9101023239290746,1.5260643600285952
NAR071918022,NAR,CJF_1,CJF,1,R,R-NAR071918022,12,5,1.0278321725824,1.5260643600285952
NAR071918022,NAR,CJF_1,CJF,1,R,R-NAR071918022,12,6,1.1349385227545954,1.5260643600285952
NAR071918022,NAR,CJF_1,CJF,1,R,R-NAR071918022,12,7,1.2041085816127655,1.5260643600285952
NAR071918022,NAR,CJF_1,CJF,1,R,R-NAR071918022,12,8,1.2534894331109214,1.5260643600285952
NAR071918022,NAR,CJF_1,CJF,1,R,R-NAR071918022,12,9,1.3040097102617016,1.5260643600285952
NAR071918022,NAR,CJF_1,CJF,1,R,R-NAR071918022,12,10,1.3609141472327388,1.5260643600285952
NAR071918022,NAR,CJF_1,CJF,1,R,R-NAR071918022,12,11,1.42648159532928,1.5260643600285952
NAR071918022,NAR,CJF_1,CJF,1,R,R-NAR071918022,12,12,1.4892674943671937,1.5260643600285952
NAR071918022,NAR,CJF_2,CJF,2,R,R-NAR071918022,13,1,0.5027304444482136,1.5490497214798038
NAR071918022,NAR,CJF_2,CJF,2,R,R-NAR071918022,13,2,0.6768107423824188,1.5490497214798038
NAR071918022,NAR,CJF_2,CJF,2,R,R-NAR071918022,13,3,0.8052226090364318,1.5490497214798038
NAR071918022,NAR,CJF_2,CJF,2,R,R-NAR071918022,13,4,0.9468216264429055,1.5490497214798038
NAR071918022,NAR,CJF_2,CJF,2,R,R-NAR071918022,13,5,1.0863128776487323,1.5490497214798038
NAR071918022,NAR,CJF_2,CJF,2,R,R-NAR071918022,13,6,1.1651110573955465,1.5490497214798038
NAR071918022,NAR,CJF_2,CJF,2,R,R-NAR071918022,13,7,1.2153192550464784,1.5490497214798038
NAR071918022,NAR,CJF_2,CJF,2,R,R-NAR071918022,13,8,1.2814708375894095,1.5490497214798038
NAR071918022,NAR,CJF_2,CJF,2,R,R-NAR071918022,13,9,1.325950247382134,1.5490497214798038
NAR071918022,NAR,CJF_2,CJF,2,R,R-NAR071918022,13,10,1.3659438479992758,1.5490497214798038
NAR071918022,NAR,CJF_2,CJF,2,R,R-NAR071918022,13,11,1.414638790193294,1.5490497214798038
NAR071918022,NAR,CJF_2,CJF,2,R,R-NAR071918022,13,12,1.4567401570110832,1.5490497214798038
NAR071918022,NAR,CJF_2,CJF,2,R,R-NAR071918022,13,13,1.503057056230166,1.5490497214798038
NAR071918022,NAR,CJF_3,CJF,3,R,R-NAR071918022,12,1,0.5394603220902731,1.5870569526850944
NAR071918022,NAR,CJF_3,CJF,3,R,R-NAR071918022,12,2,0.7141805191865263,1.5870569526850944
NAR071918022,NAR,CJF_3,CJF,3,R,R-NAR071918022,12,3,0.8347604319843697,1.5870569526850944
NAR071918022,NAR,CJF_3,CJF,3,R,R-NAR071918022,12,4,0.9820148795676718,1.5870569526850944
NAR071918022,NAR,CJF_3,CJF,3,R,R-NAR071918022,12,5,1.1282469773692136,1.5870569526850944
NAR071918022,NAR,CJF_3,CJF,3,R,R-NAR071918022,12,6,1.2032921583063712,1.5870569526850944
NAR071918022,NAR,CJF_3,CJF,3,R,R-NAR071918022,12,7,1.2706874738427727,1.5870569526850944
NAR071918022,NAR,CJF_3,CJF,3,R,R-NAR071918022,12,8,1.3294772369414494,1.5870569526850944
NAR071918022,NAR,CJF_3,CJF,3,R,R-NAR071918022,12,9,1.3924542087318534,1.5870569526850944
NAR071918022,NAR,CJF_3,CJF,3,R,R-NAR071918022,12,10,1.4442208488477886,1.5870569526850944
NAR071918022,NAR,CJF_3,CJF,3,R,R-NAR071918022,12,11,1.4989878755642136,1.5870569526850944
NAR071918022,NAR,CJF_3,CJF,3,R,R-NAR071918022,12,12,1.5607780252633812,1.5870569526850944
NAR071918022,NAR,JRS_1,JRS,1,R,R-NAR071918022,15,1,0.44047574883905777,1.5361395362244628
NAR071918022,NAR,JRS_1,JRS,1,R,R-NAR071918022,15,2,0.5258826684993356,1.5361395362244628
NAR071918022,NAR,JRS_1,JRS,1,R,R-NAR071918022,15,3,0.6065096259332379,1.5361395362244628
NAR071918022,NAR,JRS_1,JRS,1,R,R-NAR071918022,15,4,0.7068489411029131,1.5361395362244628
NAR071918022,NAR,JRS_1,JRS,1,R,R-NAR071918022,15,5,0.8221206517819852,1.5361395362244628
NAR071918022,NAR,JRS_1,JRS,1,R,R-NAR071918022,15,6,0.8785615165649281,1.5361395362244628
NAR071918022,NAR,JRS_1,JRS,1,R,R-NAR071918022,15,7,0.9475447957440792,1.5361395362244628
NAR071918022,NAR,JRS_1,JRS,1,R,R-NAR071918022,15,8,1.0305617342911697,1.5361395362244628
NAR071918022,NAR,JRS_1,JRS,1,R,R-NAR071918022,15,9,1.087002599074112,1.5361395362244628
NAR071918022,NAR,JRS_1,JRS,1,R,R-NAR071918022,15,10,1.1434434638570545,1.5361395362244628
NAR071918022,NAR,JRS_1,JRS,1,R,R-NAR071918022,15,11,1.2240704212909566,1.5361395362244628
NAR071918022,NAR,JRS_1,JRS,1,R,R-NAR071918022,15,12,1.268867607819148,1.5361395362244628
NAR071918022,NAR,JRS_1,JRS,1,R,R-NAR071918022,15,13,1.3330709247719235,1.5361395362244628
NAR071918022,NAR,JRS_1,JRS,1,R,R-NAR071918022,15,14,1.3847318273284905,1.5361395362244628
NAR071918022,NAR,JRS_1,JRS,1,R,R-NAR071918022,15,15,1.4546138426491013,1.5361395362244628
NAR071918023,NAR,CJF_1,CJF,1,R,R-NAR071918023,14,1,0.4970502720833563,1.4742913135349132
NAR071918023,NAR,CJF_1,CJF,1,R,R-NAR071918023,14,2,0.6329553537146717,1.4742913135349132
NAR071918023,NAR,CJF_1,CJF,1,R,R-NAR071918023,14,3,0.7399216785517881,1.4742913135349132
NAR071918023,NAR,CJF_1,CJF,1,R,R-NAR071918023,14,4,0.8028367057538156,1.4742913135349132
NAR071918023,NAR,CJF_1,CJF,1,R,R-NAR071918023,14,5,0.8806070088192169,1.4742913135349132
NAR071918023,NAR,CJF_1,CJF,1,R,R-NAR071918023,14,6,0.951078306441689,1.4742913135349132
NAR071918023,NAR,CJF_1,CJF,1,R,R-NAR071918023,14,7,1.0137360686662005,1.4742913135349132
NAR071918023,NAR,CJF_1,CJF,1,R,R-NAR071918023,14,8,1.0743896040389291,1.4742913135349132
NAR071918023,NAR,CJF_1,CJF,1,R,R-NAR071918023,14,9,1.132524382604843,1.4742913135349132
NAR071918023,NAR,CJF_1,CJF,1,R,R-NAR071918023,14,10,1.1808413989210131,1.4742913135349132
NAR071918023,NAR,CJF_1,CJF,1,R,R-NAR071918023,14,11,1.2296729451922155,1.4742913135349132
NAR071918023,NAR,CJF_1,CJF,1,R,R-NAR071918023,14,12,1.2903264805649441,1.4742913135349132
NAR071918023,NAR,CJF_1,CJF,1,R,R-NAR071918023,14,13,1.3703582754596444,1.4742913135349132
NAR071918023,NAR,CJF_1,CJF,1,R,R-NAR071918023,14,14,1.433016037684156,1.4742913135349132
NAR071918023,NAR,CJF_2,CJF,2,R,R-NAR071918023,12,1,0.5432766732726385,1.556036488798198
NAR071918023,NAR,CJF_2,CJF,2,R,R-NAR071918023,12,2,0.6852916913183758,1.556036488798198
NAR071918023,NAR,CJF_2,CJF,2,R,R-NAR071918023,12,3,0.7990623485682163,1.556036488798198
NAR071918023,NAR,CJF_2,CJF,2,R,R-NAR071918023,12,4,0.8750629969028982,1.556036488798198
NAR071918023,NAR,CJF_2,CJF,2,R,R-NAR071918023,12,5,0.9545246071231652,1.556036488798198
NAR071918023,NAR,CJF_2,CJF,2,R,R-NAR071918023,12,6,1.032271742268449,1.556036488798198
NAR071918023,NAR,CJF_2,CJF,2,R,R-NAR071918023,12,7,1.1113047337199697,1.556036488798198
NAR071918023,NAR,CJF_2,CJF,2,R,R-NAR071918023,12,8,1.175572616620424,1.556036488798198
NAR071918023,NAR,CJF_2,CJF,2,R,R-NAR071918023,12,9,1.2198679422736245,1.556036488798198
NAR071918023,NAR,CJF_2,CJF,2,R,R-NAR071918023,12,10,1.3193341214767629,1.556036488798198
NAR071918023,NAR,CJF_2,CJF,2,R,R-NAR071918023,12,11,1.3771086993747932,1.556036488798198
NAR071918023,NAR,CJF_2,CJF,2,R,R-NAR071918023,12,12,1.4726532861879826,1.556036488798198
NAR071918023,NAR,CJF_3,CJF,3,R,R-NAR071918023,12,1,0.5224490931873282,1.500189270667425
NAR071918023,NAR,CJF_3,CJF,3,R,R-NAR071918023,12,2,0.652155101345026,1.500189270667425
NAR071918023,NAR,CJF_3,CJF,3,R,R-NAR071918023,12,3,0.7566449199824916,1.500189270667425
NAR071918023,NAR,CJF_3,CJF,3,R,R-NAR071918023,12,4,0.8474824485201431,1.500189270667425
NAR071918023,NAR,CJF_3,CJF,3,R,R-NAR071918023,12,5,0.9176545509041668,1.500189270667425
NAR071918023,NAR,CJF_3,CJF,3,R,R-NAR071918023,12,6,0.9857975088736091,1.500189270667425
NAR071918023,NAR,CJF_3,CJF,3,R,R-NAR071918023,12,7,1.048404754401563,1.500189270667425
NAR071918023,NAR,CJF_3,CJF,3,R,R-NAR071918023,12,8,1.1140260934189818,1.500189270667425
NAR071918023,NAR,CJF_3,CJF,3,R,R-NAR071918023,12,9,1.1698071938970285,1.500189270667425
NAR071918023,NAR,CJF_3,CJF,3,R,R-NAR071918023,12,10,1.2452687714538195,1.500189270667425
NAR071918023,NAR,CJF_3,CJF,3,R,R-NAR071918023,12,11,1.3474832084079826,1.500189270667425
NAR071918023,NAR,CJF_3,CJF,3,R,R-NAR071918023,12,12,1.4297709310146802,1.500189270667425
NAR071918023,NAR,JRS_1,JRS,1,R,R-NAR071918023,11,1,0.48300863828722523,1.3943154828033653
NAR071918023,NAR,JRS_1,JRS,1,R,R-NAR071918023,11,2,0.6182658127365621,1.3943154828033653
NAR071918023,NAR,JRS_1,JRS,1,R,R-NAR071918023,11,3,0.7051988248378386,1.3943154828033653
NAR071918023,NAR,JRS_1,JRS,1,R,R-NAR071918023,11,4,0.779281635787491,1.3943154828033653
NAR071918023,NAR,JRS_1,JRS,1,R,R-NAR071918023,11,5,0.8597895473129554,1.3943154828033653
NAR071918023,NAR,JRS_1,JRS,1,R,R-NAR071918023,11,6,0.914499979371265,1.3943154828033653
NAR071918023,NAR,JRS_1,JRS,1,R,R-NAR071918023,11,7,0.978906308591637,1.3943154828033653
NAR071918023,NAR,JRS_1,JRS,1,R,R-NAR071918023,11,8,1.0465446035326957,1.3943154828033653
NAR071918023,NAR,JRS_1,JRS,1,R,R-NAR071918023,11,9,1.1013521127549115,1.3943154828033653
NAR071918023,NAR,JRS_1,JRS,1,R,R-NAR071918023,11,10,1.2075410111508438,1.3943154828033653
NAR071918023,NAR,JRS_1,JRS,1,R,R-NAR071918023,11,11,1.3299091535829937,1.3943154828033653
NAR071918024,NAR,CJF_1,CJF,1,R,R-NAR071918024,14,1,0.44496110184954674,1.6802608987707746
NAR071918024,NAR,CJF_1,CJF,1,R,R-NAR071918024,14,2,0.6185662018971574,1.6802608987707746
NAR071918024,NAR,CJF_1,CJF,1,R,R-NAR071918024,14,3,0.7389996657082325,1.6802608987707746
NAR071918024,NAR,CJF_1,CJF,1,R,R-NAR071918024,14,4,0.8517929280619426,1.6802608987707746
NAR071918024,NAR,CJF_1,CJF,1,R,R-NAR071918024,14,5,0.9479492652585273,1.6802608987707746
NAR071918024,NAR,CJF_1,CJF,1,R,R-NAR071918024,14,6,1.0374175702591262,1.6802608987707746
NAR071918024,NAR,CJF_1,CJF,1,R,R-NAR071918024,14,7,1.1259337059983459,1.6802608987707746
NAR071918024,NAR,CJF_1,CJF,1,R,R-NAR071918024,14,8,1.1955042250766623,1.6802608987707746
NAR071918024,NAR,CJF_1,CJF,1,R,R-NAR071918024,14,9,1.268811689550825,1.6802608987707746
NAR071918024,NAR,CJF_1,CJF,1,R,R-NAR071918024,14,10,1.3427615493213503,1.6802608987707746
NAR071918024,NAR,CJF_1,CJF,1,R,R-NAR071918024,14,11,1.4155929291648233,1.6802608987707746
NAR071918024,NAR,CJF_1,CJF,1,R,R-NAR071918024,14,12,1.4682884807706686,1.6802608987707746
NAR071918024,NAR,CJF_1,CJF,1,R,R-NAR071918024,14,13,1.526553584645447,1.6802608987707746
NAR071918024,NAR,CJF_1,CJF,1,R,R-NAR071918024,14,14,1.6032882205504382,1.6802608987707746
NAR071918024,NAR,CJF_2,CJF,2,R,R-NAR071918024,14,1,0.42948709397138884,1.6233610167188803
NAR071918024,NAR,CJF_2,CJF,2,R,R-NAR071918024,14,2,0.5782620123940158,1.6233610167188803
NAR071918024,NAR,CJF_2,CJF,2,R,R-NAR071918024,14,3,0.7089090843032342,1.6233610167188803
NAR071918024,NAR,CJF_2,CJF,2,R,R-NAR071918024,14,4,0.8398297074456147,1.6233610167188803
NAR071918024,NAR,CJF_2,CJF,2,R,R-NAR071918024,14,5,0.9184367915776749,1.6233610167188803
NAR071918024,NAR,CJF_2,CJF,2,R,R-NAR071918024,14,6,0.9857139716388555,1.6233610167188803
NAR071918024,NAR,CJF_2,CJF,2,R,R-NAR071918024,14,7,1.0852619855648216,1.6233610167188803
NAR071918024,NAR,CJF_2,CJF,2,R,R-NAR071918024,14,8,1.1489054286460205,1.6233610167188803
NAR071918024,NAR,CJF_2,CJF,2,R,R-NAR071918024,14,9,1.2249729807307441,1.6233610167188803
NAR071918024,NAR,CJF_2,CJF,2,R,R-NAR071918024,14,10,1.2914295070924409,1.6233610167188803
NAR071918024,NAR,CJF_2,CJF,2,R,R-NAR071918024,14,11,1.3581595846873,1.6233610167188803
NAR071918024,NAR,CJF_2,CJF,2,R,R-NAR071918024,14,12,1.4234443351674657,1.6233610167188803
NAR071918024,NAR,CJF_2,CJF,2,R,R-NAR071918024,14,13,1.5159208554177424,1.6233610167188803
NAR071918024,NAR,CJF_2,CJF,2,R,R-NAR071918024,14,14,1.5772983176847657,1.6233610167188803
NAR071918024,NAR,CJF_3,CJF,3,R,R-NAR071918024,13,1,0.4322158829713899,1.6650848376870289
NAR071918024,NAR,CJF_3,CJF,3,R,R-NAR071918024,13,2,0.6204466725972905,1.6650848376870289
NAR071918024,NAR,CJF_3,CJF,3,R,R-NAR071918024,13,3,0.7413874014803863,1.6650848376870289
NAR071918024,NAR,CJF_3,CJF,3,R,R-NAR071918024,13,4,0.8585110110431358,1.6650848376870289
NAR071918024,NAR,CJF_3,CJF,3,R,R-NAR071918024,13,5,0.9704519698516552,1.6650848376870289
NAR071918024,NAR,CJF_3,CJF,3,R,R-NAR071918024,13,6,1.0513392236658872,1.6650848376870289
NAR071918024,NAR,CJF_3,CJF,3,R,R-NAR071918024,13,7,1.1364337486387175,1.6650848376870289
NAR071918024,NAR,CJF_3,CJF,3,R,R-NAR071918024,13,8,1.2083212323783739,1.6650848376870289
NAR071918024,NAR,CJF_3,CJF,3,R,R-NAR071918024,13,9,1.2681299308685245,1.6650848376870289
NAR071918024,NAR,CJF_3,CJF,3,R,R-NAR071918024,13,10,1.3762115708256084,1.6650848376870289
NAR071918024,NAR,CJF_3,CJF,3,R,R-NAR071918024,13,11,1.4574889764780927,1.6650848376870289
NAR071918024,NAR,CJF_3,CJF,3,R,R-NAR071918024,13,12,1.5218950979650945,1.6650848376870289
NAR071918024,NAR,CJF_3,CJF,3,R,R-NAR071918024,13,13,1.593197353947372,1.6650848376870289
NAR071918024,NAR,JRS_1,JRS,1,R,R-NAR071918024,12,1,0.4440788201066947,1.6437092263093807
NAR071918024,NAR,JRS_1,JRS,1,R,R-NAR071918024,12,2,0.5328504704198473,1.6437092263093807
NAR071918024,NAR,JRS_1,JRS,1,R,R-NAR071918024,12,3,0.6343983144381352,1.6437092263093807
NAR071918024,NAR,JRS_1,JRS,1,R,R-NAR071918024,12,4,0.7485017836206266,1.6437092263093807
NAR071918024,NAR,JRS_1,JRS,1,R,R-NAR071918024,12,5,0.876043152131051,1.6437092263093807
NAR071918024,NAR,JRS_1,JRS,1,R,R-NAR071918024,12,6,0.9520386087390678,1.6437092263093807
NAR071918024,NAR,JRS_1,JRS,1,R,R-NAR071918024,12,7,1.031117829502902,1.6437092263093807
NAR071918024,NAR,JRS_1,JRS,1,R,R-NAR071918024,12,8,1.113721951504419,1.6437092263093807
NAR071918024,NAR,JRS_1,JRS,1,R,R-NAR071918024,12,9,1.2247416565310927,1.6437092263093807
NAR071918024,NAR,JRS_1,JRS,1,R,R-NAR071918024,12,10,1.3324570288610165,1.6437092263093807
NAR071918024,NAR,JRS_1,JRS,1,R,R-NAR071918024,12,11,1.415281719403466,1.6437092263093807
NAR071918024,NAR,JRS_1,JRS,1,R,R-NAR071918024,12,12,1.516608994880821,1.6437092263093807
NAR071918025,NAR,JRS_1,JRS,1,R,R-NAR071918025,8,1,0.44340559571285687,1.442249162871037
NAR071918025,NAR,JRS_1,JRS,1,R,R-NAR071918025,8,2,0.6165613844795083,1.442249162871037
NAR071918025,NAR,JRS_1,JRS,1,R,R-NAR071918025,8,3,0.7521157340632486,1.442249162871037
NAR071918025,NAR,JRS_1,JRS,1,R,R-NAR071918025,8,4,0.8587392111674402,1.442249162871037
NAR071918025,NAR,JRS_1,JRS,1,R,R-NAR071918025,8,5,0.960812681864631,1.442249162871037
NAR071918025,NAR,JRS_1,JRS,1,R,R-NAR071918025,8,6,1.074046445524005,1.442249162871037
NAR071918025,NAR,JRS_1,JRS,1,R,R-NAR071918025,8,7,1.1558596104450114,1.442249162871037
NAR071918025,NAR,JRS_1,JRS,1,R,R-NAR071918025,8,8,1.2690933741043855,1.442249162871037
NAR071918025,NAR,NGA_1,NGA,1,R,R-NAR071918025,9,1,0.4731762837752186,1.3995917533511493
NAR071918025,NAR,NGA_1,NGA,1,R,R-NAR071918025,9,2,0.6666941383867581,1.3995917533511493
NAR071918025,NAR,NGA_1,NGA,1,R,R-NAR071918025,9,3,0.7762584559974653,1.3995917533511493
NAR071918025,NAR,NGA_1,NGA,1,R,R-NAR071918025,9,4,0.8818924135148355,1.3995917533511493
NAR071918025,NAR,NGA_1,NGA,1,R,R-NAR071918025,9,5,0.9889843960664098,1.3995917533511493
NAR071918025,NAR,NGA_1,NGA,1,R,R-NAR071918025,9,6,1.0633338903385405,1.3995917533511493
NAR071918025,NAR,NGA_1,NGA,1,R,R-NAR071918025,9,7,1.171006980404125,1.3995917533511493
NAR071918025,NAR,NGA_1,NGA,1,R,R-NAR071918025,9,8,1.2798422854977292,1.3995917533511493
NAR071918025,NAR,NGA_1,NGA,1,R,R-NAR071918025,9,9,1.3384808518948734,1.3995917533511493
NAR071918025,NAR,NGA_2,NGA,2,R,R-NAR071918025,9,1,0.4580478472312838,1.407340974559757
NAR071918025,NAR,NGA_2,NGA,2,R,R-NAR071918025,9,2,0.6542554178030079,1.407340974559757
NAR071918025,NAR,NGA_2,NGA,2,R,R-NAR071918025,9,3,0.7783289052520714,1.407340974559757
NAR071918025,NAR,NGA_2,NGA,2,R,R-NAR071918025,9,4,0.885113128576398,1.407340974559757
NAR071918025,NAR,NGA_2,NGA,2,R,R-NAR071918025,9,5,0.986086522557684,1.407340974559757
NAR071918025,NAR,NGA_2,NGA,2,R,R-NAR071918025,9,6,1.0903106050563818,1.407340974559757
NAR071918025,NAR,NGA_2,NGA,2,R,R-NAR071918025,9,7,1.1793886784578873,1.407340974559757
NAR071918025,NAR,NGA_2,NGA,2,R,R-NAR071918025,9,8,1.2565714312796117,1.407340974559757
NAR071918025,NAR,NGA_2,NGA,2,R,R-NAR071918025,9,9,1.3384575799545093,1.407340974559757
NAR071918026,NAR,CJF_1,CJF,1,R,R-NAR071918026,4,1,0.5503461746975569,1.1955761771442082
NAR071918026,NAR,CJF_1,CJF,1,R,R-NAR071918026,4,2,0.7254786058078758,1.1955761771442082
NAR071918026,NAR,CJF_1,CJF,1,R,R-NAR071918026,4,3,0.9964526911335446,1.1955761771442082
NAR071918026,NAR,CJF_1,CJF,1,R,R-NAR071918026,4,4,1.1090903534413334,1.1955761771442082
NAR071918026,NAR,CJF_2,CJF,2,R,R-NAR071918026,4,1,0.47078595781820487,1.1163684414112514
NAR071918026,NAR,CJF_2,CJF,2,R,R-NAR071918026,4,2,0.6666598348372975,1.1163684414112514
NAR071918026,NAR,CJF_2,CJF,2,R,R-NAR071918026,4,3,0.9137721944426404,1.1163684414112514
NAR071918026,NAR,CJF_2,CJF,2,R,R-NAR071918026,4,4,1.049320082005893,1.1163684414112514
NAR071918026,NAR,CJF_3,CJF,3,R,R-NAR071918026,4,1,0.530020521339874,1.1770648139739064
NAR071918026,NAR,CJF_3,CJF,3,R,R-NAR071918026,4,2,0.7300125650020917,1.1770648139739064
NAR071918026,NAR,CJF_3,CJF,3,R,R-NAR071918026,4,3,0.9994990653624438,1.1770648139739064
NAR071918026,NAR,CJF_3,CJF,3,R,R-NAR071918026,4,4,1.1039713268839682,1.1770648139739064
NAR071918026,NAR,JRS_1,JRS,1,R,R-NAR071918026,4,1,0.5142654178961984,1.1553013869264286
NAR071918026,NAR,JRS_1,JRS,1,R,R-NAR071918026,4,2,0.7235723807563497,1.1553013869264286
NAR071918026,NAR,JRS_1,JRS,1,R,R-NAR071918026,4,3,0.8480026714807092,1.1553013869264286
NAR071918026,NAR,JRS_1,JRS,1,R,R-NAR071918026,4,4,0.977484292394704,1.1553013869264286
NAR071918027,NAR,CJF_1,CJF,1,R,R-NAR071918027,8,1,0.41596076030112694,1.1159568811098162
NAR071918027,NAR,CJF_1,CJF,1,R,R-NAR071918027,8,2,0.5342020426038057,1.1159568811098162
NAR071918027,NAR,CJF_1,CJF,1,R,R-NAR071918027,8,3,0.6562542794502962,1.1159568811098162
NAR071918027,NAR,CJF_1,CJF,1,R,R-NAR071918027,8,4,0.7579869737586546,1.1159568811098162
NAR071918027,NAR,CJF_1,CJF,1,R,R-NAR071918027,8,5,0.8554871235835108,1.1159568811098162
NAR071918027,NAR,CJF_1,CJF,1,R,R-NAR071918027,8,6,0.9215214755607913,1.1159568811098162
NAR071918027,NAR,CJF_1,CJF,1,R,R-NAR071918027,8,7,0.981207010812817,1.1159568811098162
NAR071918027,NAR,CJF_1,CJF,1,R,R-NAR071918027,8,8,1.0547199677167254,1.1159568811098162
NAR071918027,NAR,CJF_2,CJF,2,R,R-NAR071918027,8,1,0.41135560592810755,1.1335118593488327
NAR071918027,NAR,CJF_2,CJF,2,R,R-NAR071918027,8,2,0.5441141807980914,1.1335118593488327
NAR071918027,NAR,CJF_2,CJF,2,R,R-NAR071918027,8,3,0.6592937504579615,1.1335118593488327
NAR071918027,NAR,CJF_2,CJF,2,R,R-NAR071918027,8,4,0.7703941451591085,1.1335118593488327
NAR071918027,NAR,CJF_2,CJF,2,R,R-NAR071918027,8,5,0.8785426044500356,1.1335118593488327
NAR071918027,NAR,CJF_2,CJF,2,R,R-NAR071918027,8,6,0.9582817391586733,1.1335118593488327
NAR071918027,NAR,CJF_2,CJF,2,R,R-NAR071918027,8,7,1.0422400318037792,1.1335118593488327
NAR071918027,NAR,CJF_2,CJF,2,R,R-NAR071918027,8,8,1.0925875025103966,1.1335118593488327
NAR071918027,NAR,CJF_3,CJF,3,R,R-NAR071918027,8,1,0.3954655344266041,1.0849509752257747
NAR071918027,NAR,CJF_3,CJF,3,R,R-NAR071918027,8,2,0.5158080240220431,1.0849509752257747
NAR071918027,NAR,CJF_3,CJF,3,R,R-NAR071918027,8,3,0.6047390795358111,1.0849509752257747
NAR071918027,NAR,CJF_3,CJF,3,R,R-NAR071918027,8,4,0.718949285592112,1.0849509752257747
NAR071918027,NAR,CJF_3,CJF,3,R,R-NAR071918027,8,5,0.8023270889126389,1.0849509752257747
NAR071918027,NAR,CJF_3,CJF,3,R,R-NAR071918027,8,6,0.8901395919455672,1.0849509752257747
NAR071918027,NAR,CJF_3,CJF,3,R,R-NAR071918027,8,7,0.9693327010156857,1.0849509752257747
NAR071918027,NAR,CJF_3,CJF,3,R,R-NAR071918027,8,8,1.019640996638759,1.0849509752257747
NAR071918027,NAR,JRS_1,JRS,1,R,R-NAR071918027,7,1,0.30545893926227957,0.9819877378252189
NAR071918027,NAR,JRS_1,JRS,1,R,R-NAR071918027,7,2,0.4366807793390407,0.9819877378252189
NAR071918027,NAR,JRS_1,JRS,1,R,R-NAR071918027,7,3,0.5489672494770732,0.9819877378252189
NAR071918027,NAR,JRS_1,JRS,1,R,R-NAR071918027,7,4,0.6575934286242107,0.9819877378252189
NAR071918027,NAR,JRS_1,JRS,1,R,R-NAR071918027,7,5,0.7320091588847852,0.9819877378252189
NAR071918027,NAR,JRS_1,JRS,1,R,R-NAR071918027,7,6,0.7926340384379302,0.9819877378252189
NAR071918027,NAR,JRS_1,JRS,1,R,R-NAR071918027,7,7,0.8658824979502281,0.9819877378252189
NAR071918028,NAR,JRS_1,JRS,1,R,R-NAR071918028,10,1,0.36880683512056095,1.5868850216990449
NAR071918028,NAR,JRS_1,JRS,1,R,R-NAR071918028,10,2,0.551161006414175,1.5868850216990449
NAR071918028,NAR,JRS_1,JRS,1,R,R-NAR071918028,10,3,0.7384116394529907,1.5868850216990449
NAR071918028,NAR,JRS_1,JRS,1,R,R-NAR071918028,10,4,0.8805482655814924,1.5868850216990449
NAR071918028,NAR,JRS_1,JRS,1,R,R-NAR071918028,10,5,1.022134804489751,1.5868850216990449
NAR071918028,NAR,JRS_1,JRS,1,R,R-NAR071918028,10,6,1.144987788866063,1.5868850216990449
NAR071918028,NAR,JRS_1,JRS,1,R,R-NAR071918028,10,7,1.2210765046713286,1.5868850216990449
NAR071918028,NAR,JRS_1,JRS,1,R,R-NAR071918028,10,8,1.3039598258741543,1.5868850216990449
NAR071918028,NAR,JRS_1,JRS,1,R,R-NAR071918028,10,9,1.3971861577876274,1.5868850216990449
NAR071918028,NAR,JRS_1,JRS,1,R,R-NAR071918028,10,10,1.502901526055732,1.5868850216990449
NAR071918028,NAR,NGA_1,NGA,1,R,R-NAR071918028,9,1,0.5520286211512808,1.67184959487824
NAR071918028,NAR,NGA_1,NGA,1,R,R-NAR071918028,9,2,0.7910761154904804,1.67184959487824
NAR071918028,NAR,NGA_1,NGA,1,R,R-NAR071918028,9,3,0.9711209778608946,1.67184959487824
NAR071918028,NAR,NGA_1,NGA,1,R,R-NAR071918028,9,4,1.1165301754467163,1.67184959487824
NAR071918028,NAR,NGA_1,NGA,1,R,R-NAR071918028,9,5,1.233306405704317,1.67184959487824
NAR071918028,NAR,NGA_1,NGA,1,R,R-NAR071918028,9,6,1.2990331051770718,1.67184959487824
NAR071918028,NAR,NGA_1,NGA,1,R,R-NAR071918028,9,7,1.3929964692183776,1.67184959487824
NAR071918028,NAR,NGA_1,NGA,1,R,R-NAR071918028,9,8,1.4909007661157836,1.67184959487824
NAR071918028,NAR,NGA_1,NGA,1,R,R-NAR071918028,9,9,1.5973370633012436,1.67184959487824
NAR071918028,NAR,NGA_2,NGA,2,R,R-NAR071918028,10,1,0.5675098267726808,1.7103781375850138
NAR071918028,NAR,NGA_2,NGA,2,R,R-NAR071918028,10,2,0.816165817490079,1.7103781375850138
NAR071918028,NAR,NGA_2,NGA,2,R,R-NAR071918028,10,3,0.9807267710597759,1.7103781375850138
NAR071918028,NAR,NGA_2,NGA,2,R,R-NAR071918028,10,4,1.1317320383253227,1.7103781375850138
NAR071918028,NAR,NGA_2,NGA,2,R,R-NAR071918028,10,5,1.2636597806411058,1.7103781375850138
NAR071918028,NAR,NGA_2,NGA,2,R,R-NAR071918028,10,6,1.3433500908559812,1.7103781375850138
NAR071918028,NAR,NGA_2,NGA,2,R,R-NAR071918028,10,7,1.4070653009495686,1.7103781375850138
NAR071918028,NAR,NGA_2,NGA,2,R,R-NAR071918028,10,8,1.497984478847236,1.7103781375850138
NAR071918028,NAR,NGA_2,NGA,2,R,R-NAR071918028,10,9,1.5856160415248646,1.7103781375850138
NAR071918028,NAR,NGA_2,NGA,2,R,R-NAR071918028,10,10,1.6577066047826554,1.7103781375850138
NAR071918029,NAR,JRS_1,JRS,1,R,R-NAR071918029,19,1,0.6169098864087031,2.1870463680210217
NAR071918029,NAR,JRS_1,JRS,1,R,R-NAR071918029,19,2,0.7873273959148241,2.1870463680210217
NAR071918029,NAR,JRS_1,JRS,1,R,R-NAR071918029,19,3,0.9309836655948884,2.1870463680210217
NAR071918029,NAR,JRS_1,JRS,1,R,R-NAR071918029,19,4,1.0520483841883128,2.1870463680210217
NAR071918029,NAR,JRS_1,JRS,1,R,R-NAR071918029,19,5,1.1259613633980528,2.1870463680210217
NAR071918029,NAR,JRS_1,JRS,1,R,R-NAR071918029,19,6,1.2135454804190815,2.1870463680210217
NAR071918029,NAR,JRS_1,JRS,1,R,R-NAR071918029,19,7,1.2852574080998096,2.1870463680210217
NAR071918029,NAR,JRS_1,JRS,1,R,R-NAR071918029,19,8,1.3660059562151943,2.1870463680210217
NAR071918029,NAR,JRS_1,JRS,1,R,R-NAR071918029,19,9,1.4378340910552265,2.1870463680210217
NAR071918029,NAR,JRS_1,JRS,1,R,R-NAR071918029,19,10,1.5185826391706112,2.1870463680210217
NAR071918029,NAR,JRS_1,JRS,1,R,R-NAR071918029,19,11,1.5971301357569831,2.1870463680210217
NAR071918029,NAR,JRS_1,JRS,1,R,R-NAR071918029,19,12,1.6463667195103755,2.1870463680210217
NAR071918029,NAR,JRS_1,JRS,1,R,R-NAR071918029,19,13,1.711475492604068,2.1870463680210217
NAR071918029,NAR,JRS_1,JRS,1,R,R-NAR071918029,19,14,1.7698649039514198,2.1870463680210217
NAR071918029,NAR,JRS_1,JRS,1,R,R-NAR071918029,19,15,1.8528145035958163,2.1870463680210217
NAR071918029,NAR,JRS_1,JRS,1,R,R-NAR071918029,19,16,1.913404966472181,2.1870463680210217
NAR071918029,NAR,JRS_1,JRS,1,R,R-NAR071918029,19,17,1.9672760676022047,2.1870463680210217
NAR071918029,NAR,JRS_1,JRS,1,R,R-NAR071918029,19,18,2.034585892224909,2.1870463680210217
NAR071918029,NAR,JRS_1,JRS,1,R,R-NAR071918029,19,19,2.1265721123039616,2.1870463680210217
NAR071918029,NAR,NGA_1,NGA,1,R,R-NAR071918029,19,1,0.6544967295012533,2.0630911747846614
NAR071918029,NAR,NGA_1,NGA,1,R,R-NAR071918029,19,2,0.7970763433378104,2.0630911747846614
NAR071918029,NAR,NGA_1,NGA,1,R,R-NAR071918029,19,3,0.9310587685118223,2.0630911747846614
NAR071918029,NAR,NGA_1,NGA,1,R,R-NAR071918029,19,4,1.0434030218485586,2.0630911747846614
NAR071918029,NAR,NGA_1,NGA,1,R,R-NAR071918029,19,5,1.1204726879355045,2.0630911747846614
NAR071918029,NAR,NGA_1,NGA,1,R,R-NAR071918029,19,6,1.197244637903557,2.0630911747846614
NAR071918029,NAR,NGA_1,NGA,1,R,R-NAR071918029,19,7,1.2793535307404733,2.0630911747846614
NAR071918029,NAR,NGA_1,NGA,1,R,R-NAR071918029,19,8,1.353162951033737,2.0630911747846614
NAR071918029,NAR,NGA_1,NGA,1,R,R-NAR071918029,19,9,1.4248956742518195,2.0630911747846614
NAR071918029,NAR,NGA_1,NGA,1,R,R-NAR071918029,19,10,1.4886266410451425,2.0630911747846614
NAR071918029,NAR,NGA_1,NGA,1,R,R-NAR071918029,19,11,1.5505786268821784,2.0630911747846614
NAR071918029,NAR,NGA_1,NGA,1,R,R-NAR071918029,19,12,1.6042311401755618,2.0630911747846614
NAR071918029,NAR,NGA_1,NGA,1,R,R-NAR071918029,19,13,1.6712223527625674,2.0630911747846614
NAR071918029,NAR,NGA_1,NGA,1,R,R-NAR071918029,19,14,1.731395357643315,2.0630911747846614
NAR071918029,NAR,NGA_1,NGA,1,R,R-NAR071918029,19,15,1.7752671335556516,2.0630911747846614
NAR071918029,NAR,NGA_1,NGA,1,R,R-NAR071918029,19,16,1.8235827039801713,2.0630911747846614
NAR071918029,NAR,NGA_1,NGA,1,R,R-NAR071918029,19,17,1.8822744440235246,2.0630911747846614
NAR071918029,NAR,NGA_1,NGA,1,R,R-NAR071918029,19,18,1.9590463939915774,2.0630911747846614
NAR071918029,NAR,NGA_1,NGA,1,R,R-NAR071918029,19,19,2.014477888241248,2.0630911747846614
NAR071918029,NAR,NGA_2,NGA,2,R,R-NAR071918029,19,1,0.5333315070033465,1.9939495724041914
NAR071918029,NAR,NGA_2,NGA,2,R,R-NAR071918029,19,2,0.7090142811591561,1.9939495724041914
NAR071918029,NAR,NGA_2,NGA,2,R,R-NAR071918029,19,3,0.8612832238393748,1.9939495724041914
NAR071918029,NAR,NGA_2,NGA,2,R,R-NAR071918029,19,4,0.9632667589449262,1.9939495724041914
NAR071918029,NAR,NGA_2,NGA,2,R,R-NAR071918029,19,5,1.0369659979951844,1.9939495724041914
NAR071918029,NAR,NGA_2,NGA,2,R,R-NAR071918029,19,6,1.1224511908721193,1.9939495724041914
NAR071918029,NAR,NGA_2,NGA,2,R,R-NAR071918029,19,7,1.20416248677004,1.9939495724041914
NAR071918029,NAR,NGA_2,NGA,2,R,R-NAR071918029,19,8,1.2745620573745742,1.9939495724041914
NAR071918029,NAR,NGA_2,NGA,2,R,R-NAR071918029,19,9,1.3548606333162787,1.9939495724041914
NAR071918029,NAR,NGA_2,NGA,2,R,R-NAR071918029,19,10,1.4134742500941366,1.9939495724041914
NAR071918029,NAR,NGA_2,NGA,2,R,R-NAR071918029,19,11,1.4720878668719943,1.9939495724041914
NAR071918029,NAR,NGA_2,NGA,2,R,R-NAR071918029,19,12,1.5239440705806415,1.9939495724041914
NAR071918029,NAR,NGA_2,NGA,2,R,R-NAR071918029,19,13,1.592456692695669,1.9939495724041914
NAR071918029,NAR,NGA_2,NGA,2,R,R-NAR071918029,19,14,1.645883692538296,1.9939495724041914
NAR071918029,NAR,NGA_2,NGA,2,R,R-NAR071918029,19,15,1.7129835946971075,1.9939495724041914
NAR071918029,NAR,NGA_2,NGA,2,R,R-NAR071918029,19,16,1.764681722227991,1.9939495724041914
NAR071918029,NAR,NGA_2,NGA,2,R,R-NAR071918029,19,17,1.8165379259366385,1.9939495724041914
NAR071918029,NAR,NGA_2,NGA,2,R,R-NAR071918029,19,18,1.8770384912040035,1.9939495724041914
NAR071918029,NAR,NGA_2,NGA,2,R,R-NAR071918029,19,19,1.9554501186562006,1.9939495724041914
NAR071918030,NAR,CJF_1,CJF,1,R,R-NAR071918030,8,1,0.4305269934267201,1.165870882380983
NAR071918030,NAR,CJF_1,CJF,1,R,R-NAR071918030,8,2,0.5908193300889242,1.165870882380983
NAR071918030,NAR,CJF_1,CJF,1,R,R-NAR071918030,8,3,0.7227754691696611,1.165870882380983
NAR071918030,NAR,CJF_1,CJF,1,R,R-NAR071918030,8,4,0.7972467642423213,1.165870882380983
NAR071918030,NAR,CJF_1,CJF,1,R,R-NAR071918030,8,5,0.8902026332800524,1.165870882380983
NAR071918030,NAR,CJF_1,CJF,1,R,R-NAR071918030,8,6,0.9839709511629292,1.165870882380983
NAR071918030,NAR,CJF_1,CJF,1,R,R-NAR071918030,8,7,1.060549705769937,1.165870882380983
NAR071918030,NAR,CJF_1,CJF,1,R,R-NAR071918030,8,8,1.1373315725882307,1.165870882380983
NAR071918030,NAR,CJF_2,CJF,2,R,R-NAR071918030,8,1,0.4593266379967309,1.197980964601726
NAR071918030,NAR,CJF_2,CJF,2,R,R-NAR071918030,8,2,0.6229759118846345,1.197980964601726
NAR071918030,NAR,CJF_2,CJF,2,R,R-NAR071918030,8,3,0.7480176130834464,1.197980964601726
NAR071918030,NAR,CJF_2,CJF,2,R,R-NAR071918030,8,4,0.8371172457433309,1.197980964601726
NAR071918030,NAR,CJF_2,CJF,2,R,R-NAR071918030,8,5,0.9190861860341939,1.197980964601726
NAR071918030,NAR,CJF_2,CJF,2,R,R-NAR071918030,8,6,1.0102741094565966,1.197980964601726
NAR071918030,NAR,CJF_2,CJF,2,R,R-NAR071918030,8,7,1.087417103161323,1.197980964601726
NAR071918030,NAR,CJF_2,CJF,2,R,R-NAR071918030,8,8,1.157140797803206,1.197980964601726
NAR071918030,NAR,CJF_3,CJF,3,R,R-NAR071918030,8,1,0.4774024997139534,1.2311981208599687
NAR071918030,NAR,CJF_3,CJF,3,R,R-NAR071918030,8,2,0.6518770788095489,1.2311981208599687
NAR071918030,NAR,CJF_3,CJF,3,R,R-NAR071918030,8,3,0.7802772811332985,1.2311981208599687
NAR071918030,NAR,CJF_3,CJF,3,R,R-NAR071918030,8,4,0.8603599314833087,1.2311981208599687
NAR071918030,NAR,CJF_3,CJF,3,R,R-NAR071918030,8,5,0.952455545827987,1.2311981208599687
NAR071918030,NAR,CJF_3,CJF,3,R,R-NAR071918030,8,6,1.051758938569466,1.2311981208599687
NAR071918030,NAR,CJF_3,CJF,3,R,R-NAR071918030,8,7,1.1148108825308873,1.2311981208599687
NAR071918030,NAR,CJF_3,CJF,3,R,R-NAR071918030,8,8,1.197136708082791,1.2311981208599687
NAR071918030,NAR,JRS_1,JRS,1,R,R-NAR071918030,7,1,0.41688699333653634,1.1536057113737943
NAR071918030,NAR,JRS_1,JRS,1,R,R-NAR071918030,7,2,0.5641932538515946,1.1536057113737943
NAR071918030,NAR,JRS_1,JRS,1,R,R-NAR071918030,7,3,0.7242028239329384,1.1536057113737943
NAR071918030,NAR,JRS_1,JRS,1,R,R-NAR071918030,7,4,0.8142504836687312,1.1536057113737943
NAR071918030,NAR,JRS_1,JRS,1,R,R-NAR071918030,7,5,0.9035484815566578,1.1536057113737943
NAR071918030,NAR,JRS_1,JRS,1,R,R-NAR071918030,7,6,0.986963363316359,1.1536057113737943
NAR071918030,NAR,JRS_1,JRS,1,R,R-NAR071918030,7,7,1.0479131840076032,1.1536057113737943
NAR071918031,NAR,CJF_1,CJF,1,R,R-NAR071918031,5,1,0.4406532592593903,1.0281158079208788
NAR071918031,NAR,CJF_1,CJF,1,R,R-NAR071918031,5,2,0.6887654791843929,1.0281158079208788
NAR071918031,NAR,CJF_1,CJF,1,R,R-NAR071918031,5,3,0.8210919964777271,1.0281158079208788
NAR071918031,NAR,CJF_1,CJF,1,R,R-NAR071918031,5,4,0.8934548741959175,1.0281158079208788
NAR071918031,NAR,CJF_1,CJF,1,R,R-NAR071918031,5,5,0.967763098940464,1.0281158079208788
NAR071918031,NAR,CJF_2,CJF,2,R,R-NAR071918031,5,1,0.37207598814433684,0.9506699856186581
NAR071918031,NAR,CJF_2,CJF,2,R,R-NAR071918031,5,2,0.6269514324993359,0.9506699856186581
NAR071918031,NAR,CJF_2,CJF,2,R,R-NAR071918031,5,3,0.7425472891666722,0.9506699856186581
NAR071918031,NAR,CJF_2,CJF,2,R,R-NAR071918031,5,4,0.8274033182620648,0.9506699856186581
NAR071918031,NAR,CJF_2,CJF,2,R,R-NAR071918031,5,5,0.8978397971854066,0.9506699856186581
NAR071918031,NAR,CJF_3,CJF,3,R,R-NAR071918031,5,1,0.46851830071286066,1.064300839757595
NAR071918031,NAR,CJF_3,CJF,3,R,R-NAR071918031,5,2,0.7230223703229783,1.064300839757595
NAR071918031,NAR,CJF_3,CJF,3,R,R-NAR071918031,5,3,0.8474727263487902,1.064300839757595
NAR071918031,NAR,CJF_3,CJF,3,R,R-NAR071918031,5,4,0.9190334143132093,1.064300839757595
NAR071918031,NAR,CJF_3,CJF,3,R,R-NAR071918031,5,5,1.0067851562698524,1.064300839757595
NAR071918031,NAR,JRS_1,JRS,1,R,R-NAR071918031,4,1,0.3026356859538939,0.7878287491770846
NAR071918031,NAR,JRS_1,JRS,1,R,R-NAR071918031,4,2,0.5175374731761591,0.7878287491770846
NAR071918031,NAR,JRS_1,JRS,1,R,R-NAR071918031,4,3,0.6148222118326832,0.7878287491770846
NAR071918031,NAR,JRS_1,JRS,1,R,R-NAR071918031,4,4,0.6917746405799883,0.7878287491770846
NAR071918032,NAR,CJF_1,CJF,1,R,R-NAR071918032,19,1,0.3325248458796417,1.8878069371989254
NAR071918032,NAR,CJF_1,CJF,1,R,R-NAR071918032,19,2,0.5090147826248913,1.8878069371989254
NAR071918032,NAR,CJF_1,CJF,1,R,R-NAR071918032,19,3,0.6416606886679216,1.8878069371989254
NAR071918032,NAR,CJF_1,CJF,1,R,R-NAR071918032,19,4,0.7243097134894327,1.8878069371989254
NAR071918032,NAR,CJF_1,CJF,1,R,R-NAR071918032,19,5,0.81652076009872,1.8878069371989254
NAR071918032,NAR,CJF_1,CJF,1,R,R-NAR071918032,19,6,0.9161070562131461,1.8878069371989254
NAR071918032,NAR,CJF_1,CJF,1,R,R-NAR071918032,19,7,0.9874147532928559,1.8878069371989254
NAR071918032,NAR,CJF_1,CJF,1,R,R-NAR071918032,19,8,1.0704712444429796,1.8878069371989254
NAR071918032,NAR,CJF_1,CJF,1,R,R-NAR071918032,19,9,1.1531202692644902,1.8878069371989254
NAR071918032,NAR,CJF_1,CJF,1,R,R-NAR071918032,19,10,1.2305808168635002,1.8878069371989254
NAR071918032,NAR,CJF_1,CJF,1,R,R-NAR071918032,19,11,1.2875454812615452,1.8878069371989254
NAR071918032,NAR,CJF_1,CJF,1,R,R-NAR071918032,19,12,1.4080351269055489,1.8878069371989254
NAR071918032,NAR,CJF_1,CJF,1,R,R-NAR071918032,19,13,1.4454682813994284,1.8878069371989254
NAR071918032,NAR,CJF_1,CJF,1,R,R-NAR071918032,19,14,1.5102156616312257,1.8878069371989254
NAR071918032,NAR,CJF_1,CJF,1,R,R-NAR071918032,19,15,1.5671803260292707,1.8878069371989254
NAR071918032,NAR,CJF_1,CJF,1,R,R-NAR071918032,19,16,1.625516830052728,1.8878069371989254
NAR071918032,NAR,CJF_1,CJF,1,R,R-NAR071918032,19,17,1.7011980716977138,1.8878069371989254
NAR071918032,NAR,CJF_1,CJF,1,R,R-NAR071918032,19,18,1.7712833697915842,1.8878069371989254
NAR071918032,NAR,CJF_1,CJF,1,R,R-NAR071918032,19,19,1.8260612619069916,1.8878069371989254
NAR071918032,NAR,CJF_2,CJF,2,R,R-NAR071918032,19,1,0.3807055869418952,1.965600985393438
NAR071918032,NAR,CJF_2,CJF,2,R,R-NAR071918032,19,2,0.5699210638993173,1.965600985393438
NAR071918032,NAR,CJF_2,CJF,2,R,R-NAR071918032,19,3,0.7145601068190146,1.965600985393438
NAR071918032,NAR,CJF_2,CJF,2,R,R-NAR071918032,19,4,0.7957464482227041,1.965600985393438
NAR071918032,NAR,CJF_2,CJF,2,R,R-NAR071918032,19,5,0.892855220815757,1.965600985393438
NAR071918032,NAR,CJF_2,CJF,2,R,R-NAR071918032,19,6,0.9654064544399722,1.965600985393438
NAR071918032,NAR,CJF_2,CJF,2,R,R-NAR071918032,19,7,1.0588715653280807,1.965600985393438
NAR071918032,NAR,CJF_2,CJF,2,R,R-NAR071918032,19,8,1.1245988998711405,1.965600985393438
NAR071918032,NAR,CJF_2,CJF,2,R,R-NAR071918032,19,9,1.2048796369256707,1.965600985393438
NAR071918032,NAR,CJF_2,CJF,2,R,R-NAR071918032,19,10,1.2765146440465733,1.965600985393438
NAR071918032,NAR,CJF_2,CJF,2,R,R-NAR071918032,19,11,1.344516611616685,1.965600985393438
NAR071918032,NAR,CJF_2,CJF,2,R,R-NAR071918032,19,12,1.4373025192429238,1.965600985393438
NAR071918032,NAR,CJF_2,CJF,2,R,R-NAR071918032,19,13,1.5182624595593233,1.965600985393438
NAR071918032,NAR,CJF_2,CJF,2,R,R-NAR071918032,19,14,1.6083209319839302,1.965600985393438
NAR071918032,NAR,CJF_2,CJF,2,R,R-NAR071918032,19,15,1.650396331907313,1.965600985393438
NAR071918032,NAR,CJF_2,CJF,2,R,R-NAR071918032,19,16,1.6999748341737198,1.965600985393438
NAR071918032,NAR,CJF_2,CJF,2,R,R-NAR071918032,19,17,1.7684296039184115,1.965600985393438
NAR071918032,NAR,CJF_2,CJF,2,R,R-NAR071918032,19,18,1.8325615086962892,1.965600985393438
NAR071918032,NAR,CJF_2,CJF,2,R,R-NAR071918032,19,19,1.8989680465012182,1.965600985393438
NAR071918032,NAR,CJF_3,CJF,3,R,R-NAR071918032,19,1,0.3417448149931348,1.9371548353328971
NAR071918032,NAR,CJF_3,CJF,3,R,R-NAR071918032,19,2,0.5293199410172691,1.9371548353328971
NAR071918032,NAR,CJF_3,CJF,3,R,R-NAR071918032,19,3,0.6494833910169376,1.9371548353328971
NAR071918032,NAR,CJF_3,CJF,3,R,R-NAR071918032,19,4,0.7689258541822871,1.9371548353328971
NAR071918032,NAR,CJF_3,CJF,3,R,R-NAR071918032,19,5,0.8744293612372228,1.9371548353328971
NAR071918032,NAR,CJF_3,CJF,3,R,R-NAR071918032,19,6,0.9551791914579058,1.9371548353328971
NAR071918032,NAR,CJF_3,CJF,3,R,R-NAR071918032,19,7,1.0316031415681484,1.9371548353328971
NAR071918032,NAR,CJF_3,CJF,3,R,R-NAR071918032,19,8,1.1199232722059709,1.9371548353328971
NAR071918032,NAR,CJF_3,CJF,3,R,R-NAR071918032,19,9,1.204998982537095,1.9371548353328971
NAR071918032,NAR,CJF_3,CJF,3,R,R-NAR071918032,19,10,1.2821439194816557,1.9371548353328971
NAR071918032,NAR,CJF_3,CJF,3,R,R-NAR071918032,19,11,1.3560444361195183,1.9371548353328971
NAR071918032,NAR,CJF_3,CJF,3,R,R-NAR071918032,19,12,1.4532566559229951,1.9371548353328971
NAR071918032,NAR,CJF_3,CJF,3,R,R-NAR071918032,19,13,1.5028841536161515,1.9371548353328971
NAR071918032,NAR,CJF_3,CJF,3,R,R-NAR071918032,19,14,1.5745015657264065,1.9371548353328971
NAR071918032,NAR,CJF_3,CJF,3,R,R-NAR071918032,19,15,1.6316993638367023,1.9371548353328971
NAR071918032,NAR,CJF_3,CJF,3,R,R-NAR071918032,19,16,1.691420595419377,1.9371548353328971
NAR071918032,NAR,CJF_3,CJF,3,R,R-NAR071918032,19,17,1.7632783364744056,1.9371548353328971
NAR071918032,NAR,CJF_3,CJF,3,R,R-NAR071918032,19,18,1.8366981952227217,1.9371548353328971
NAR071918032,NAR,CJF_3,CJF,3,R,R-NAR071918032,19,19,1.8804376951121478,1.9371548353328971
NAR071918032,NAR,JRS_1,JRS,1,R,R-NAR071918032,17,1,0.3513199787947512,1.8713354996151064
NAR071918032,NAR,JRS_1,JRS,1,R,R-NAR071918032,17,2,0.5023900439950597,1.8713354996151064
NAR071918032,NAR,JRS_1,JRS,1,R,R-NAR071918032,17,3,0.7332769380739141,1.8713354996151064
NAR071918032,NAR,JRS_1,JRS,1,R,R-NAR071918032,17,4,0.8408820078995988,1.8713354996151064
NAR071918032,NAR,JRS_1,JRS,1,R,R-NAR071918032,17,5,0.9050220823506595,1.8713354996151064
NAR071918032,NAR,JRS_1,JRS,1,R,R-NAR071918032,17,6,0.9905363903037522,1.8713354996151064
NAR071918032,NAR,JRS_1,JRS,1,R,R-NAR071918032,17,7,1.0753341698862855,1.8713354996151064
NAR071918032,NAR,JRS_1,JRS,1,R,R-NAR071918032,17,8,1.1523022592275591,1.8713354996151064
NAR071918032,NAR,JRS_1,JRS,1,R,R-NAR071918032,17,9,1.2342512992728192,1.8713354996151064
NAR071918032,NAR,JRS_1,JRS,1,R,R-NAR071918032,17,10,1.3076541207062593,1.8713354996151064
NAR071918032,NAR,JRS_1,JRS,1,R,R-NAR071918032,17,11,1.369644610045642,1.8713354996151064
NAR071918032,NAR,JRS_1,JRS,1,R,R-NAR071918032,17,12,1.447329227757474,1.8713354996151064
NAR071918032,NAR,JRS_1,JRS,1,R,R-NAR071918032,17,13,1.5285617394321749,1.8713354996151064
NAR071918032,NAR,JRS_1,JRS,1,R,R-NAR071918032,17,14,1.5713275803812035,1.8713354996151064
NAR071918032,NAR,JRS_1,JRS,1,R,R-NAR071918032,17,15,1.646146084610798,1.8713354996151064
NAR071918032,NAR,JRS_1,JRS,1,R,R-NAR071918032,17,16,1.7152671097658465,1.8713354996151064
NAR071918032,NAR,JRS_1,JRS,1,R,R-NAR071918032,17,17,1.787953402828727,1.8713354996151064
NAR071918033,NAR,CJF_1,CJF,1,R,R-NAR071918033,17,1,0.4582083259177063,1.9756847879964223
NAR071918033,NAR,CJF_1,CJF,1,R,R-NAR071918033,17,2,0.5993493050460135,1.9756847879964223
NAR071918033,NAR,CJF_1,CJF,1,R,R-NAR071918033,17,3,0.7444635655539507,1.9756847879964223
NAR071918033,NAR,CJF_1,CJF,1,R,R-NAR071918033,17,4,0.8820787048161565,1.9756847879964223
NAR071918033,NAR,CJF_1,CJF,1,R,R-NAR071918033,17,5,0.9587011616139306,1.9756847879964223
NAR071918033,NAR,CJF_1,CJF,1,R,R-NAR071918033,17,6,1.0388494582778058,1.9756847879964223
NAR071918033,NAR,CJF_1,CJF,1,R,R-NAR071918033,17,7,1.11357731954994,1.9756847879964223
NAR071918033,NAR,CJF_1,CJF,1,R,R-NAR071918033,17,8,1.1937256162138155,1.9756847879964223
NAR071918033,NAR,CJF_1,CJF,1,R,R-NAR071918033,17,9,1.3409185625757432,1.9756847879964223
NAR071918033,NAR,CJF_1,CJF,1,R,R-NAR071918033,17,10,1.4608252416506156,1.9756847879964223
NAR071918033,NAR,CJF_1,CJF,1,R,R-NAR071918033,17,11,1.528501423190548,1.9756847879964223
NAR071918033,NAR,CJF_1,CJF,1,R,R-NAR071918033,17,12,1.6032292844626825,1.9756847879964223
NAR071918033,NAR,CJF_1,CJF,1,R,R-NAR071918033,17,13,1.6934028297398083,1.9756847879964223
NAR071918033,NAR,CJF_1,CJF,1,R,R-NAR071918033,17,14,1.7373185838587872,1.9756847879964223
NAR071918033,NAR,CJF_1,CJF,1,R,R-NAR071918033,17,15,1.7908121450774874,1.9756847879964223
NAR071918033,NAR,CJF_1,CJF,1,R,R-NAR071918033,17,16,1.8551465770796698,1.9756847879964223
NAR071918033,NAR,CJF_1,CJF,1,R,R-NAR071918033,17,17,1.912613419678,1.9756847879964223
NAR071918033,NAR,CJF_2,CJF,2,R,R-NAR071918033,16,1,0.4593849521112243,1.954197585041111
NAR071918033,NAR,CJF_2,CJF,2,R,R-NAR071918033,16,2,0.6150256524404318,1.954197585041111
NAR071918033,NAR,CJF_2,CJF,2,R,R-NAR071918033,16,3,0.7590696348522687,1.954197585041111
NAR071918033,NAR,CJF_2,CJF,2,R,R-NAR071918033,16,4,0.8676328660894951,1.954197585041111
NAR071918033,NAR,CJF_2,CJF,2,R,R-NAR071918033,16,5,0.952578465949298,1.954197585041111
NAR071918033,NAR,CJF_2,CJF,2,R,R-NAR071918033,16,6,1.030544313415288,1.954197585041111
NAR071918033,NAR,CJF_2,CJF,2,R,R-NAR071918033,16,7,1.121912269186318,1.954197585041111
NAR071918033,NAR,CJF_2,CJF,2,R,R-NAR071918033,16,8,1.2089542540365614,1.954197585041111
NAR071918033,NAR,CJF_2,CJF,2,R,R-NAR071918033,16,9,1.3333069731720388,1.954197585041111
NAR071918033,NAR,CJF_2,CJF,2,R,R-NAR071918033,16,10,1.4482925603204913,1.954197585041111
NAR071918033,NAR,CJF_2,CJF,2,R,R-NAR071918033,16,11,1.534910349628055,1.954197585041111
NAR071918033,NAR,CJF_2,CJF,2,R,R-NAR071918033,16,12,1.6362028338686965,1.954197585041111
NAR071918033,NAR,CJF_2,CJF,2,R,R-NAR071918033,16,13,1.6894362569920898,1.954197585041111
NAR071918033,NAR,CJF_2,CJF,2,R,R-NAR071918033,16,14,1.7764782418423328,1.954197585041111
NAR071918033,NAR,CJF_2,CJF,2,R,R-NAR071918033,16,15,1.8492697273021774,1.954197585041111
NAR071918033,NAR,CJF_2,CJF,2,R,R-NAR071918033,16,16,1.895099202489078,1.954197585041111
NAR071918033,NAR,CJF_3,CJF,3,R,R-NAR071918033,19,1,0.4756908005836213,1.98935485089903
NAR071918033,NAR,CJF_3,CJF,3,R,R-NAR071918033,19,2,0.6250145088006547,1.98935485089903
NAR071918033,NAR,CJF_3,CJF,3,R,R-NAR071918033,19,3,0.7531093380044278,1.98935485089903
NAR071918033,NAR,CJF_3,CJF,3,R,R-NAR071918033,19,4,0.8982178037226305,1.98935485089903
NAR071918033,NAR,CJF_3,CJF,3,R,R-NAR071918033,19,5,0.9784713218870158,1.98935485089903
NAR071918033,NAR,CJF_3,CJF,3,R,R-NAR071918033,19,6,1.0566019521500756,1.98935485089903
NAR071918033,NAR,CJF_3,CJF,3,R,R-NAR071918033,19,7,1.1480082651223777,1.98935485089903
NAR071918033,NAR,CJF_3,CJF,3,R,R-NAR071918033,19,8,1.2383684007959275,1.98935485089903
NAR071918033,NAR,CJF_3,CJF,3,R,R-NAR071918033,19,9,1.3701706505010658,1.98935485089903
NAR071918033,NAR,CJF_3,CJF,3,R,R-NAR071918033,19,10,1.4812518431904103,1.98935485089903
NAR071918033,NAR,CJF_3,CJF,3,R,R-NAR071918033,19,11,1.5498142112455922,1.98935485089903
NAR071918033,NAR,CJF_3,CJF,3,R,R-NAR071918033,19,12,1.6242374210072863,1.98935485089903
NAR071918033,NAR,CJF_3,CJF,3,R,R-NAR071918033,19,13,1.6784473957506523,1.98935485089903
NAR071918033,NAR,CJF_3,CJF,3,R,R-NAR071918033,19,14,1.7299961272914048,1.98935485089903
NAR071918033,NAR,CJF_3,CJF,3,R,R-NAR071918033,19,15,1.8054655143518523,1.98935485089903
NAR071918033,NAR,CJF_3,CJF,3,R,R-NAR071918033,19,16,1.841077319980749,1.98935485089903
NAR071918033,NAR,CJF_3,CJF,3,R,R-NAR071918033,19,17,1.8830577893136244,1.98935485089903
NAR071918033,NAR,CJF_3,CJF,3,R,R-NAR071918033,19,18,1.9091013327346444,1.98935485089903
NAR071918033,NAR,CJF_3,CJF,3,R,R-NAR071918033,19,19,1.9425902504622155,1.98935485089903
NAR071918033,NAR,JRS_1,JRS,1,R,R-NAR071918033,15,1,0.4605119045494785,1.949258400484113
NAR071918033,NAR,JRS_1,JRS,1,R,R-NAR071918033,19,1,0.4864491305104636,2.128400778718333
NAR071918033,NAR,JRS_1,JRS,1,R,R-NAR071918033,15,2,0.5990150496638033,1.949258400484113
NAR071918033,NAR,JRS_1,JRS,1,R,R-NAR071918033,19,2,0.6985709665097635,2.128400778718333
NAR071918033,NAR,JRS_1,JRS,1,R,R-NAR071918033,15,3,0.741809076082352,1.949258400484113
NAR071918033,NAR,JRS_1,JRS,1,R,R-NAR071918033,19,3,0.8422721896031539,2.128400778718333
NAR071918033,NAR,JRS_1,JRS,1,R,R-NAR071918033,15,4,0.8749956711384669,1.949258400484113
NAR071918033,NAR,JRS_1,JRS,1,R,R-NAR071918033,19,4,0.9447837133529341,2.128400778718333
NAR071918033,NAR,JRS_1,JRS,1,R,R-NAR071918033,15,5,0.9654193407843289,1.949258400484113
NAR071918033,NAR,JRS_1,JRS,1,R,R-NAR071918033,19,5,1.0365067511876211,2.128400778718333
NAR071918033,NAR,JRS_1,JRS,1,R,R-NAR071918033,15,6,1.0368163539936033,1.949258400484113
NAR071918033,NAR,JRS_1,JRS,1,R,R-NAR071918033,19,6,1.1282297890223085,2.128400778718333
NAR071918033,NAR,JRS_1,JRS,1,R,R-NAR071918033,15,7,1.1245817486103606,1.949258400484113
NAR071918033,NAR,JRS_1,JRS,1,R,R-NAR071918033,19,7,1.2017849461111971,2.128400778718333
NAR071918033,NAR,JRS_1,JRS,1,R,R-NAR071918033,15,8,1.2033466493858167,1.949258400484113
NAR071918033,NAR,JRS_1,JRS,1,R,R-NAR071918033,19,8,1.2971976813612371,2.128400778718333
NAR071918033,NAR,JRS_1,JRS,1,R,R-NAR071918033,15,9,1.3545342321245335,1.949258400484113
NAR071918033,NAR,JRS_1,JRS,1,R,R-NAR071918033,19,9,1.3639346562813517,2.128400778718333
NAR071918033,NAR,JRS_1,JRS,1,R,R-NAR071918033,15,10,1.4242986390586887,1.949258400484113
NAR071918033,NAR,JRS_1,JRS,1,R,R-NAR071918033,19,10,1.4451498145319122,2.128400778718333
NAR071918033,NAR,JRS_1,JRS,1,R,R-NAR071918033,15,11,1.5347746338951243,1.949258400484113
NAR071918033,NAR,JRS_1,JRS,1,R,R-NAR071918033,19,11,1.5084776983676396,2.128400778718333
NAR071918033,NAR,JRS_1,JRS,1,R,R-NAR071918033,15,12,1.617830415974805,1.949258400484113
NAR071918033,NAR,JRS_1,JRS,1,R,R-NAR071918033,19,12,1.561017096288274,2.128400778718333
NAR071918033,NAR,JRS_1,JRS,1,R,R-NAR071918033,15,13,1.6659098914432677,1.949258400484113
NAR071918033,NAR,JRS_1,JRS,1,R,R-NAR071918033,19,13,1.6385425571234815,2.128400778718333
NAR071918033,NAR,JRS_1,JRS,1,R,R-NAR071918033,15,14,1.742623454710752,1.949258400484113
NAR071918033,NAR,JRS_1,JRS,1,R,R-NAR071918033,19,14,1.7058407447055282,2.128400778718333
NAR071918033,NAR,JRS_1,JRS,1,R,R-NAR071918033,15,15,1.8134135303988934,1.949258400484113
NAR071918033,NAR,JRS_1,JRS,1,R,R-NAR071918033,19,15,1.7691686285412556,2.128400778718333
NAR071918033,NAR,JRS_1,JRS,1,R,R-NAR071918033,19,16,1.8219886327928558,2.128400778718333
NAR071918033,NAR,JRS_1,JRS,1,R,R-NAR071918033,19,17,1.8853165166285832,2.128400778718333
NAR071918033,NAR,JRS_1,JRS,1,R,R-NAR071918033,19,18,1.959152280048438,2.128400778718333
NAR071918033,NAR,JRS_1,JRS,1,R,R-NAR071918033,19,19,2.019071072799778,2.128400778718333
NAR071918033,NAR,NGA_1,NGA,1,R,R-NAR071918033,1,1,2.0297609076885164,2.115551642119521
NAR071918033,NAR,NGA_2,NGA,2,R,R-NAR071918033,18,1,0.67521961831661,2.092023194014436
NAR071918033,NAR,NGA_2,NGA,2,R,R-NAR071918033,18,2,0.8483788216341233,2.092023194014436
NAR071918033,NAR,NGA_2,NGA,2,R,R-NAR071918033,18,3,0.9612353889433215,2.092023194014436
NAR071918033,NAR,NGA_2,NGA,2,R,R-NAR071918033,18,4,1.0338126042844955,2.092023194014436
NAR071918033,NAR,NGA_2,NGA,2,R,R-NAR071918033,18,5,1.123423057471399,2.092023194014436
NAR071918033,NAR,NGA_2,NGA,2,R,R-NAR071918033,18,6,1.1992231028945786,2.092023194014436
NAR071918033,NAR,NGA_2,NGA,2,R,R-NAR071918033,18,7,1.2884495989737645,2.092023194014436
NAR071918033,NAR,NGA_2,NGA,2,R,R-NAR071918033,18,8,1.3650175586123763,2.092023194014436
NAR071918033,NAR,NGA_2,NGA,2,R,R-NAR071918033,18,9,1.4432725199021263,2.092023194014436
NAR071918033,NAR,NGA_2,NGA,2,R,R-NAR071918033,18,10,1.4954424940952933,2.092023194014436
NAR071918033,NAR,NGA_2,NGA,2,R,R-NAR071918033,18,11,1.5561290872113251,2.092023194014436
NAR071918033,NAR,NGA_2,NGA,2,R,R-NAR071918033,18,12,1.6315451755267874,2.092023194014436
NAR071918033,NAR,NGA_2,NGA,2,R,R-NAR071918033,18,13,1.6837151497199545,2.092023194014436
NAR071918033,NAR,NGA_2,NGA,2,R,R-NAR071918033,18,14,1.7464727015948416,2.092023194014436
NAR071918033,NAR,NGA_2,NGA,2,R,R-NAR071918033,18,15,1.8018655058700126,2.092023194014436
NAR071918033,NAR,NGA_2,NGA,2,R,R-NAR071918033,18,16,1.8585613546886066,2.092023194014436
NAR071918033,NAR,NGA_2,NGA,2,R,R-NAR071918033,18,17,1.9330583555683625,2.092023194014436
NAR071918033,NAR,NGA_2,NGA,2,R,R-NAR071918033,18,18,2.0056355709095373,2.092023194014436
NAR071918034,NAR,CJF_1,CJF,1,R,R-NAR071918034,10,1,0.5551541748801878,1.5444178803215562
NAR071918034,NAR,CJF_1,CJF,1,R,R-NAR071918034,10,2,0.7510108327455856,1.5444178803215562
NAR071918034,NAR,CJF_1,CJF,1,R,R-NAR071918034,10,3,0.8738347579913428,1.5444178803215562
NAR071918034,NAR,CJF_1,CJF,1,R,R-NAR071918034,10,4,1.0015099642499228,1.5444178803215562
NAR071918034,NAR,CJF_1,CJF,1,R,R-NAR071918034,10,5,1.0849679332156301,1.5444178803215562
NAR071918034,NAR,CJF_1,CJF,1,R,R-NAR071918034,10,6,1.161475744617293,1.5444178803215562
NAR071918034,NAR,CJF_1,CJF,1,R,R-NAR071918034,10,7,1.2668407928814622,1.5444178803215562
NAR071918034,NAR,CJF_1,CJF,1,R,R-NAR071918034,10,8,1.3686890208278706,1.5444178803215562
NAR071918034,NAR,CJF_1,CJF,1,R,R-NAR071918034,10,9,1.4351329330436773,1.5444178803215562
NAR071918034,NAR,CJF_1,CJF,1,R,R-NAR071918034,10,10,1.4906650471459917,1.5444178803215562
NAR071918034,NAR,CJF_2,CJF,2,R,R-NAR071918034,12,1,0.6021111860129547,1.5846133045294777
NAR071918034,NAR,CJF_2,CJF,2,R,R-NAR071918034,12,2,0.7905973901380315,1.5846133045294777
NAR071918034,NAR,CJF_2,CJF,2,R,R-NAR071918034,12,3,0.904544781435871,1.5846133045294777
NAR071918034,NAR,CJF_2,CJF,2,R,R-NAR071918034,12,4,0.9974098810819706,1.5846133045294777
NAR071918034,NAR,CJF_2,CJF,2,R,R-NAR071918034,12,5,1.0799487898673377,1.5846133045294777
NAR071918034,NAR,CJF_2,CJF,2,R,R-NAR071918034,12,6,1.1829074708839091,1.5846133045294777
NAR071918034,NAR,CJF_2,CJF,2,R,R-NAR071918034,12,7,1.262457765346138,1.5846133045294777
NAR071918034,NAR,CJF_2,CJF,2,R,R-NAR071918034,12,8,1.3092392294045778,1.5846133045294777
NAR071918034,NAR,CJF_2,CJF,2,R,R-NAR071918034,12,9,1.3512065122680426,1.5846133045294777
NAR071918034,NAR,CJF_2,CJF,2,R,R-NAR071918034,12,10,1.4218262728111009,1.5846133045294777
NAR071918034,NAR,CJF_2,CJF,2,R,R-NAR071918034,12,11,1.4782360992594918,1.5846133045294777
NAR071918034,NAR,CJF_2,CJF,2,R,R-NAR071918034,12,12,1.538297059451558,1.5846133045294777
NAR071918034,NAR,CJF_3,CJF,3,R,R-NAR071918034,12,1,0.6398842402808192,1.6529920634532405
NAR071918034,NAR,CJF_3,CJF,3,R,R-NAR071918034,12,2,0.8321875535852652,1.6529920634532405
NAR071918034,NAR,CJF_3,CJF,3,R,R-NAR071918034,12,3,0.9604825140176418,1.6529920634532405
NAR071918034,NAR,CJF_3,CJF,3,R,R-NAR071918034,12,4,1.041023495158367,1.6529920634532405
NAR071918034,NAR,CJF_3,CJF,3,R,R-NAR071918034,12,5,1.1014479143051494,1.6529920634532405
NAR071918034,NAR,CJF_3,CJF,3,R,R-NAR071918034,12,6,1.2102575552850117,1.6529920634532405
NAR071918034,NAR,CJF_3,CJF,3,R,R-NAR071918034,12,7,1.309652613336823,1.6529920634532405
NAR071918034,NAR,CJF_3,CJF,3,R,R-NAR071918034,12,8,1.3476639329022169,1.6529920634532405
NAR071918034,NAR,CJF_3,CJF,3,R,R-NAR071918034,12,9,1.4071041216543798,1.6529920634532405
NAR071918034,NAR,CJF_3,CJF,3,R,R-NAR071918034,12,10,1.4522583976153631,1.6529920634532405
NAR071918034,NAR,CJF_3,CJF,3,R,R-NAR071918034,12,11,1.4977407503745535,1.6529920634532405
NAR071918034,NAR,CJF_3,CJF,3,R,R-NAR071918034,12,12,1.5734104016521497,1.6529920634532405
NAR071918034,NAR,JRS_1,JRS,1,R,R-NAR071918034,12,1,0.5397526069643331,1.6556948790708543
NAR071918034,NAR,JRS_1,JRS,1,R,R-NAR071918034,12,2,0.6770049730137085,1.6556948790708543
NAR071918034,NAR,JRS_1,JRS,1,R,R-NAR071918034,12,3,0.8345725987516123,1.6556948790708543
NAR071918034,NAR,JRS_1,JRS,1,R,R-NAR071918034,12,4,0.9723840929608814,1.6556948790708543
NAR071918034,NAR,JRS_1,JRS,1,R,R-NAR071918034,12,5,1.0687884559245082,1.6556948790708543
NAR071918034,NAR,JRS_1,JRS,1,R,R-NAR071918034,12,6,1.155314753123818,1.6556948790708543
NAR071918034,NAR,JRS_1,JRS,1,R,R-NAR071918034,12,7,1.2292294241305977,1.6556948790708543
NAR071918034,NAR,JRS_1,JRS,1,R,R-NAR071918034,12,8,1.2997116245092983,1.6556948790708543
NAR071918034,NAR,JRS_1,JRS,1,R,R-NAR071918034,12,9,1.4088673957054285,1.6556948790708543
NAR071918034,NAR,JRS_1,JRS,1,R,R-NAR071918034,12,10,1.4538467796191232,1.6556948790708543
NAR071918034,NAR,JRS_1,JRS,1,R,R-NAR071918034,12,11,1.5021188521209234,1.6556948790708543
NAR071918034,NAR,JRS_1,JRS,1,R,R-NAR071918034,12,12,1.5849331146122068,1.6556948790708543
NAR071918035,NAR,CJF_1,CJF,1,R,R-NAR071918035,2,1,0.4253810642386253,0.7652162786780177
NAR071918035,NAR,CJF_1,CJF,1,R,R-NAR071918035,2,2,0.6795403386547765,0.7652162786780177
NAR071918035,NAR,CJF_2,CJF,2,R,R-NAR071918035,2,1,0.4363506768457405,0.7719692351731604
NAR071918035,NAR,CJF_2,CJF,2,R,R-NAR071918035,2,2,0.6759668827932697,0.7719692351731604
NAR071918035,NAR,CJF_3,CJF,3,R,R-NAR071918035,2,1,0.48685961176834697,0.8382612964663767
NAR071918035,NAR,CJF_3,CJF,3,R,R-NAR071918035,2,2,0.748407398377642,0.8382612964663767
NAR071918035,NAR,JRS_1,JRS,1,R,R-NAR071918035,0,NA,NA,0.7213139880920566
NAR071918036,NAR,CJF_1,CJF,1,R,R-NAR071918036,7,1,0.42262459004962283,1.147887707292063
NAR071918036,NAR,CJF_1,CJF,1,R,R-NAR071918036,7,2,0.6356982256609156,1.147887707292063
NAR071918036,NAR,CJF_1,CJF,1,R,R-NAR071918036,7,3,0.7325270715416268,1.147887707292063
NAR071918036,NAR,CJF_1,CJF,1,R,R-NAR071918036,7,4,0.8316279207292954,1.147887707292063
NAR071918036,NAR,CJF_1,CJF,1,R,R-NAR071918036,7,5,0.9191501614289163,1.147887707292063
NAR071918036,NAR,CJF_1,CJF,1,R,R-NAR071918036,7,6,1.0172296851756333,1.147887707292063
NAR071918036,NAR,CJF_1,CJF,1,R,R-NAR071918036,7,7,1.0898799886392991,1.147887707292063
NAR071918036,NAR,CJF_2,CJF,2,R,R-NAR071918036,7,1,0.49690695211492064,1.256346757916552
NAR071918036,NAR,CJF_2,CJF,2,R,R-NAR071918036,7,2,0.748673323386784,1.256346757916552
NAR071918036,NAR,CJF_2,CJF,2,R,R-NAR071918036,7,3,0.8265098920041767,1.256346757916552
NAR071918036,NAR,CJF_2,CJF,2,R,R-NAR071918036,7,4,0.9342583982350556,1.256346757916552
NAR071918036,NAR,CJF_2,CJF,2,R,R-NAR071918036,7,5,1.016382042056048,1.256346757916552
NAR071918036,NAR,CJF_2,CJF,2,R,R-NAR071918036,7,6,1.131596334088836,1.256346757916552
NAR071918036,NAR,CJF_2,CJF,2,R,R-NAR071918036,7,7,1.2318058629090283,1.256346757916552
NAR071918036,NAR,CJF_3,CJF,3,R,R-NAR071918036,8,1,0.5221593077822165,1.3109800695248996
NAR071918036,NAR,CJF_3,CJF,3,R,R-NAR071918036,8,2,0.6880664992425176,1.3109800695248996
NAR071918036,NAR,CJF_3,CJF,3,R,R-NAR071918036,8,3,0.8133157844262356,1.3109800695248996
NAR071918036,NAR,CJF_3,CJF,3,R,R-NAR071918036,8,4,0.871745712831714,1.3109800695248996
NAR071918036,NAR,CJF_3,CJF,3,R,R-NAR071918036,8,5,0.9883429559762682,1.3109800695248996
NAR071918036,NAR,CJF_3,CJF,3,R,R-NAR071918036,8,6,1.0597509474404931,1.3109800695248996
NAR071918036,NAR,CJF_3,CJF,3,R,R-NAR071918036,8,7,1.1717595558990619,1.3109800695248996
NAR071918036,NAR,CJF_3,CJF,3,R,R-NAR071918036,8,8,1.261464796824989,1.3109800695248996
NAR071918036,NAR,JRS_1,JRS,1,R,R-NAR071918036,7,1,0.20117888960677155,0.7736387392135906
NAR071918036,NAR,JRS_1,JRS,1,R,R-NAR071918036,7,2,0.29674245869809174,0.7736387392135906
NAR071918036,NAR,JRS_1,JRS,1,R,R-NAR071918036,7,3,0.3947830003644056,0.7736387392135906
NAR071918036,NAR,JRS_1,JRS,1,R,R-NAR071918036,7,4,0.4609690190002788,0.7736387392135906
NAR071918036,NAR,JRS_1,JRS,1,R,R-NAR071918036,7,5,0.5406053265763787,0.7736387392135906
NAR071918036,NAR,JRS_1,JRS,1,R,R-NAR071918036,7,6,0.6270387091846723,0.7736387392135906
NAR071918036,NAR,JRS_1,JRS,1,R,R-NAR071918036,7,7,0.6940024316374906,0.7736387392135906
NST110719001,NST,CJF_1,CJF,1,R,R-NST110719001,3,1,0.564503857479141,0.9358639281082913
NST110719001,NST,CJF_1,CJF,1,R,R-NST110719001,3,2,0.7001647483905995,0.9358639281082913
NST110719001,NST,CJF_1,CJF,1,R,R-NST110719001,3,3,0.8341440782379567,0.9358639281082913
NST110719001,NST,JRS_1,JRS,1,R,R-NST110719001,4,1,0.3816608525762426,0.9186571651652375
NST110719001,NST,JRS_1,JRS,1,R,R-NST110719001,4,2,0.5612666959352081,0.9186571651652375
NST110719001,NST,JRS_1,JRS,1,R,R-NST110719001,4,3,0.7073121653925727,0.9186571651652375
NST110719001,NST,JRS_1,JRS,1,R,R-NST110719001,4,4,0.8268000179798835,0.9186571651652375
NST110719001,NST,LEL_1,LEL,1,R,R-NST110719001,3,1,0.3228956669985008,0.8878485926122717
NST110719001,NST,LEL_1,LEL,1,R,R-NST110719001,3,2,0.5069855503439262,0.8878485926122717
NST110719001,NST,LEL_1,LEL,1,R,R-NST110719001,3,3,0.6642819530730824,0.8878485926122717
NST110719001,NST,LSR_1,LSR,1,R,R-NST110719001,4,1,0.35887762047453714,0.9054976134386766
NST110719001,NST,LSR_1,LSR,1,R,R-NST110719001,4,2,0.5284611870926758,0.9054976134386766
NST110719001,NST,LSR_1,LSR,1,R,R-NST110719001,4,3,0.7022022558315547,0.9054976134386766
NST110719001,NST,LSR_1,LSR,1,R,R-NST110719001,4,4,0.8541540862718031,0.9054976134386766
NST110719001,NST,MJS_1,MJS,1,R,R-NST110719001,3,1,0.4560894989570486,0.7337305009372138
NST110719001,NST,MJS_1,MJS,1,R,R-NST110719001,3,2,0.5691232157139123,0.7337305009372138
NST110719001,NST,MJS_1,MJS,1,R,R-NST110719001,3,3,0.6854073907205992,0.7337305009372138
NST110719002,NST,CJF_1,CJF,1,R,R-NST110719002,3,1,0.4447812633631519,0.8074746832890063
NST110719002,NST,CJF_1,CJF,1,R,R-NST110719002,3,2,0.625331194473455,0.8074746832890063
NST110719002,NST,CJF_1,CJF,1,R,R-NST110719002,3,3,0.736430721326216,0.8074746832890063
NST110719002,NST,JRS_1,JRS,1,R,R-NST110719002,3,1,0.45400470494507345,0.8267446256409088
NST110719002,NST,JRS_1,JRS,1,R,R-NST110719002,3,2,0.6137874006226326,0.8267446256409088
NST110719002,NST,JRS_1,JRS,1,R,R-NST110719002,3,3,0.7323071536018159,0.8267446256409088
NST110719002,NST,LEL_1,LEL,1,R,R-NST110719002,3,1,0.43308145519787006,0.7796771743982862
NST110719002,NST,LEL_1,LEL,1,R,R-NST110719002,3,2,0.5867526633083544,0.7796771743982862
NST110719002,NST,LEL_1,LEL,1,R,R-NST110719002,3,3,0.7087017879464786,0.7796771743982862
NST110719002,NST,LSR_1,LSR,1,R,R-NST110719002,3,1,0.5572227510154247,0.8776213779184417
NST110719002,NST,LSR_1,LSR,1,R,R-NST110719002,3,2,0.7032171992347794,0.8776213779184417
NST110719002,NST,LSR_1,LSR,1,R,R-NST110719002,3,3,0.8182816989647688,0.8776213779184417
NST110719002,NST,MJS_1,MJS,1,R,R-NST110719002,3,1,0.4652285660626074,0.8350408166272166
NST110719002,NST,MJS_1,MJS,1,R,R-NST110719002,3,2,0.6341119141304921,0.8350408166272166
NST110719002,NST,MJS_1,MJS,1,R,R-NST110719002,3,3,0.756451620297099,0.8350408166272166
NST110719003,NST,CJF_1,CJF,1,R,R-NST110719003,2,1,0.44422325231180243,0.6617621699879696
NST110719003,NST,CJF_1,CJF,1,R,R-NST110719003,2,2,0.5830823429461706,0.6617621699879696
NST110719003,NST,JRS_1,JRS,1,R,R-NST110719003,2,1,0.40170597172467176,0.6331933374833952
NST110719003,NST,JRS_1,JRS,1,R,R-NST110719003,2,2,0.5444686553607886,0.6331933374833952
NST110719003,NST,LEL_1,LEL,1,R,R-NST110719003,2,1,0.4094273489265381,0.665055776670081
NST110719003,NST,LEL_1,LEL,1,R,R-NST110719003,2,2,0.5548616098609263,0.665055776670081
NST110719003,NST,LSR_1,LSR,1,R,R-NST110719003,2,1,0.4214701721347879,0.6462228503753145
NST110719003,NST,LSR_1,LSR,1,R,R-NST110719003,2,2,0.567821039948193,0.6462228503753145
NST110719003,NST,MJS_1,MJS,1,R,R-NST110719003,2,1,0.43416081004612067,0.6493347384405341
NST110719003,NST,MJS_1,MJS,1,R,R-NST110719003,2,2,0.5742608854742703,0.6493347384405341
NST110719004,NST,CJF_1,CJF,1,R,R-NST110719004,1,1,0.4186932991063779,0.6183752461218543
NST110719004,NST,JRS_1,JRS,1,R,R-NST110719004,1,1,0.47677354128658045,0.6580087759491465
NST110719004,NST,LEL_1,LEL,1,R,R-NST110719004,1,1,0.40394114165385825,0.583097328478548
NST110719004,NST,LSR_1,LSR,1,R,R-NST110719004,1,1,0.45575401004290017,0.647115070537238
NST110719004,NST,MJS_1,MJS,1,R,R-NST110719004,1,1,0.45173998208028027,0.6393238211419942
NST110719005,NST,CJF_1,CJF,1,R,R-NST110719005,4,1,0.4909625430264139,0.9027759022221554
NST110719005,NST,CJF_1,CJF,1,R,R-NST110719005,4,2,0.6313207134091314,0.9027759022221554
NST110719005,NST,CJF_1,CJF,1,R,R-NST110719005,4,3,0.7356720518769203,0.9027759022221554
NST110719005,NST,CJF_1,CJF,1,R,R-NST110719005,4,4,0.8235002810338106,0.9027759022221554
NST110719005,NST,JRS_1,JRS,1,R,R-NST110719005,3,1,0.4915829952922289,0.8920779893201695
NST110719005,NST,JRS_1,JRS,1,R,R-NST110719005,3,2,0.6401378246272994,0.8920779893201695
NST110719005,NST,JRS_1,JRS,1,R,R-NST110719005,3,3,0.7329986283591222,0.8920779893201695
NST110719005,NST,LEL_1,LEL,1,R,R-NST110719005,4,1,0.5009065786325376,0.9044035342598498
NST110719005,NST,LEL_1,LEL,1,R,R-NST110719005,4,2,0.6440019571246542,0.9044035342598498
NST110719005,NST,LEL_1,LEL,1,R,R-NST110719005,4,3,0.7498139629858813,0.9044035342598498
NST110719005,NST,LEL_1,LEL,1,R,R-NST110719005,4,4,0.8591324298097671,0.9044035342598498
NST110719005,NST,LSR_1,LSR,1,R,R-NST110719005,4,1,0.45974992617040994,0.8953790707480284
NST110719005,NST,LSR_1,LSR,1,R,R-NST110719005,4,2,0.594844670655206,0.8953790707480284
NST110719005,NST,LSR_1,LSR,1,R,R-NST110719005,4,3,0.7042626011646033,0.8953790707480284
NST110719005,NST,LSR_1,LSR,1,R,R-NST110719005,4,4,0.8080393443714554,0.8953790707480284
NST110719005,NST,MJS_1,MJS,1,R,R-NST110719005,4,1,0.4976118367554983,0.906646244816529
NST110719005,NST,MJS_1,MJS,1,R,R-NST110719005,4,2,0.6504415406075621,0.906646244816529
NST110719005,NST,MJS_1,MJS,1,R,R-NST110719005,4,3,0.7696265103284721,0.906646244816529
NST110719005,NST,MJS_1,MJS,1,R,R-NST110719005,4,4,0.8560751429797229,0.906646244816529
NST110719006,NST,CJF_1,CJF,1,R,R-NST110719006,4,1,0.40685703054432915,0.77055242378293
NST110719006,NST,CJF_1,CJF,1,R,R-NST110719006,4,2,0.5332495492420215,0.77055242378293
NST110719006,NST,CJF_1,CJF,1,R,R-NST110719006,4,3,0.6333118772164896,0.77055242378293
NST110719006,NST,CJF_1,CJF,1,R,R-NST110719006,4,4,0.7104295495880529,0.77055242378293
NST110719006,NST,JRS_1,JRS,1,R,R-NST110719006,3,1,0.5689510660774552,1.13794400354092
NST110719006,NST,JRS_1,JRS,1,R,R-NST110719006,3,2,0.7667732097073172,1.13794400354092
NST110719006,NST,JRS_1,JRS,1,R,R-NST110719006,3,3,0.8978899136659806,1.13794400354092
NST110719006,NST,LEL_1,LEL,1,R,R-NST110719006,4,1,0.5284369944273342,1.1200847809554513
NST110719006,NST,LEL_1,LEL,1,R,R-NST110719006,4,2,0.7279060580916004,1.1200847809554513
NST110719006,NST,LEL_1,LEL,1,R,R-NST110719006,4,3,0.860827830184901,1.1200847809554513
NST110719006,NST,LEL_1,LEL,1,R,R-NST110719006,4,4,0.9799715767758961,1.1200847809554513
NST110719006,NST,LSR_1,LSR,1,R,R-NST110719006,4,1,0.43794677902181506,0.7957214118849347
NST110719006,NST,LSR_1,LSR,1,R,R-NST110719006,4,2,0.5551411057608355,0.7957214118849347
NST110719006,NST,LSR_1,LSR,1,R,R-NST110719006,4,3,0.6369941641942194,0.7957214118849347
NST110719006,NST,LSR_1,LSR,1,R,R-NST110719006,4,4,0.7212727895676156,0.7957214118849347
NST110719006,NST,MJS_1,MJS,1,R,R-NST110719006,4,1,0.5643516061626435,1.1528935721615905
NST110719006,NST,MJS_1,MJS,1,R,R-NST110719006,4,2,0.7536508247364081,1.1528935721615905
NST110719006,NST,MJS_1,MJS,1,R,R-NST110719006,4,3,0.889668052962878,1.1528935721615905
NST110719006,NST,MJS_1,MJS,1,R,R-NST110719006,4,4,0.9987844791209739,1.1528935721615905
NST110719007,NST,CJF_1,CJF,1,R,R-NST110719007,4,1,0.48209534151069633,0.9239408050343515
NST110719007,NST,CJF_1,CJF,1,R,R-NST110719007,4,2,0.6171372471764061,0.9239408050343515
NST110719007,NST,CJF_1,CJF,1,R,R-NST110719007,4,3,0.7295226948665124,0.9239408050343515
NST110719007,NST,CJF_1,CJF,1,R,R-NST110719007,4,4,0.8077962427300647,0.9239408050343515
NST110719007,NST,JRS_1,JRS,1,R,R-NST110719007,4,1,0.4413296452592379,0.9603867687362615
NST110719007,NST,JRS_1,JRS,1,R,R-NST110719007,4,2,0.5982781355218281,0.9603867687362615
NST110719007,NST,JRS_1,JRS,1,R,R-NST110719007,4,3,0.7333825492198922,0.9603867687362615
NST110719007,NST,JRS_1,JRS,1,R,R-NST110719007,4,4,0.855808169144456,0.9603867687362615
NST110719007,NST,LEL_1,LEL,1,R,R-NST110719007,4,1,0.4595421471080937,0.9057613953774295
NST110719007,NST,LEL_1,LEL,1,R,R-NST110719007,4,2,0.6188766097940727,0.9057613953774295
NST110719007,NST,LEL_1,LEL,1,R,R-NST110719007,4,3,0.7261113977719531,0.9057613953774295
NST110719007,NST,LEL_1,LEL,1,R,R-NST110719007,4,4,0.8288702169614683,0.9057613953774295
NST110719007,NST,LSR_1,LSR,1,R,R-NST110719007,4,1,0.48989152781958073,0.8990166782361693
NST110719007,NST,LSR_1,LSR,1,R,R-NST110719007,4,2,0.6439585757028742,0.8990166782361693
NST110719007,NST,LSR_1,LSR,1,R,R-NST110719007,4,3,0.7683943761692021,0.8990166782361693
NST110719007,NST,LSR_1,LSR,1,R,R-NST110719007,4,4,0.8615558120376472,0.8990166782361693
NST110719007,NST,MJS_1,MJS,1,R,R-NST110719007,4,1,0.5010338958867698,1.0359625579677598
NST110719007,NST,MJS_1,MJS,1,R,R-NST110719007,4,2,0.6469750205300832,1.0359625579677598
NST110719007,NST,MJS_1,MJS,1,R,R-NST110719007,4,3,0.7784235152276422,1.0359625579677598
NST110719007,NST,MJS_1,MJS,1,R,R-NST110719007,4,4,0.927480384764511,1.0359625579677598
NST110719008,NST,CJF_1,CJF,1,R,R-NST110719008,2,1,0.4284864228514717,0.6989798451016629
NST110719008,NST,CJF_1,CJF,1,R,R-NST110719008,2,2,0.6034015578907334,0.6989798451016629
NST110719008,NST,JRS_1,JRS,1,R,R-NST110719008,2,1,0.47846065912216396,0.7238094798578751
NST110719008,NST,JRS_1,JRS,1,R,R-NST110719008,2,2,0.6329995448897645,0.7238094798578751
NST110719008,NST,LEL_1,LEL,1,R,R-NST110719008,2,1,0.40127284843621863,0.707597125406439
NST110719008,NST,LEL_1,LEL,1,R,R-NST110719008,2,2,0.6177699351589973,0.707597125406439
NST110719008,NST,LSR_1,LSR,1,R,R-NST110719008,2,1,0.439903926165662,0.7018839388077883
NST110719008,NST,LSR_1,LSR,1,R,R-NST110719008,2,2,0.6139536550503948,0.7018839388077883
NST110719008,NST,MJS_1,MJS,1,R,R-NST110719008,2,1,0.5057713207295645,0.7620841139172607
NST110719008,NST,MJS_1,MJS,1,R,R-NST110719008,2,2,0.6567935271161215,0.7620841139172607
NST110719009,NST,CJF_1,CJF,1,R,R-NST110719009,4,1,0.2916272476106669,0.6668602492301663
NST110719009,NST,CJF_1,CJF,1,R,R-NST110719009,4,2,0.4370725840165098,0.6668602492301663
NST110719009,NST,CJF_1,CJF,1,R,R-NST110719009,4,3,0.5161777887431829,0.6668602492301663
NST110719009,NST,CJF_1,CJF,1,R,R-NST110719009,4,4,0.600286496040348,0.6668602492301663
NST110719009,NST,JRS_1,JRS,1,R,R-NST110719009,3,1,0.52981982001744,0.8413639316044615
NST110719009,NST,JRS_1,JRS,1,R,R-NST110719009,3,2,0.6397253354934956,0.8413639316044615
NST110719009,NST,JRS_1,JRS,1,R,R-NST110719009,3,3,0.7485175195579353,0.8413639316044615
NST110719009,NST,LEL_1,LEL,1,R,R-NST110719009,4,1,0.23258018884362502,0.6096045736768907
NST110719009,NST,LEL_1,LEL,1,R,R-NST110719009,4,2,0.36287379181737633,0.6096045736768907
NST110719009,NST,LEL_1,LEL,1,R,R-NST110719009,4,3,0.45477953211970207,0.6096045736768907
NST110719009,NST,LEL_1,LEL,1,R,R-NST110719009,4,4,0.5483992608233035,0.6096045736768907
NST110719009,NST,LSR_1,LSR,1,R,R-NST110719009,4,1,0.2937717117918226,0.6519456008602484
NST110719009,NST,LSR_1,LSR,1,R,R-NST110719009,4,2,0.44133193603618326,0.6519456008602484
NST110719009,NST,LSR_1,LSR,1,R,R-NST110719009,4,3,0.5110869120785739,0.6519456008602484
NST110719009,NST,LSR_1,LSR,1,R,R-NST110719009,4,4,0.5939288488829978,0.6519456008602484
NST110719009,NST,MJS_1,MJS,1,R,R-NST110719009,4,1,0.2980554116201626,0.666920564373259
NST110719009,NST,MJS_1,MJS,1,R,R-NST110719009,4,2,0.4409589695604026,0.666920564373259
NST110719009,NST,MJS_1,MJS,1,R,R-NST110719009,4,3,0.5352380416331962,0.666920564373259
NST110719009,NST,MJS_1,MJS,1,R,R-NST110719009,4,4,0.6137852880344631,0.666920564373259
NST110719010,NST,CJF_1,CJF,1,R,R-NST110719010,2,1,0.537348929895847,0.8722956689727636
NST110719010,NST,CJF_1,CJF,1,R,R-NST110719010,2,2,0.73118252850588,0.8722956689727636
NST110719010,NST,JRS_1,JRS,1,R,R-NST110719010,2,1,0.5626155798542732,0.9025649352642926
NST110719010,NST,JRS_1,JRS,1,R,R-NST110719010,2,2,0.7497608365408253,0.9025649352642926
NST110719010,NST,LEL_1,LEL,1,R,R-NST110719010,2,1,0.4609879733295391,0.827241859712963
NST110719010,NST,LEL_1,LEL,1,R,R-NST110719010,2,2,0.6697137710751915,0.827241859712963
NST110719010,NST,LSR_1,LSR,1,R,R-NST110719010,2,1,0.5220544992766628,0.8711966717071385
NST110719010,NST,LSR_1,LSR,1,R,R-NST110719010,2,2,0.7378795301562378,0.8711966717071385
NST110719010,NST,MJS_1,MJS,1,R,R-NST110719010,2,1,0.5224424959149955,0.8956157072828494
NST110719010,NST,MJS_1,MJS,1,R,R-NST110719010,2,2,0.7596128554652681,0.8956157072828494
NST110719011,NST,CJF_1,CJF,1,R,R-NST110719011,3,1,0.35351142847856903,0.7957915408497812
NST110719011,NST,CJF_1,CJF,1,R,R-NST110719011,3,2,0.5417814736153234,0.7957915408497812
NST110719011,NST,CJF_1,CJF,1,R,R-NST110719011,3,3,0.6891083369684448,0.7957915408497812
NST110719011,NST,JRS_1,JRS,1,R,R-NST110719011,3,1,0.44474888295087317,0.7694570191411014
NST110719011,NST,JRS_1,JRS,1,R,R-NST110719011,3,2,0.5536285284488232,0.7694570191411014
NST110719011,NST,JRS_1,JRS,1,R,R-NST110719011,3,3,0.6817693426903052,0.7694570191411014
NST110719011,NST,LEL_1,LEL,1,R,R-NST110719011,3,1,0.40352127460439513,0.737619708860972
NST110719011,NST,LEL_1,LEL,1,R,R-NST110719011,3,2,0.5364105621049156,0.737619708860972
NST110719011,NST,LEL_1,LEL,1,R,R-NST110719011,3,3,0.6701823329115255,0.737619708860972
NST110719011,NST,LSR_1,LSR,1,R,R-NST110719011,3,1,0.3627550424880131,0.725510084976026
NST110719011,NST,LSR_1,LSR,1,R,R-NST110719011,3,2,0.499766652019026,0.725510084976026
NST110719011,NST,LSR_1,LSR,1,R,R-NST110719011,3,3,0.6240354146922613,0.725510084976026
NST110719011,NST,MJS_1,MJS,1,R,R-NST110719011,3,1,0.4485587117980027,0.7519142970786921
NST110719011,NST,MJS_1,MJS,1,R,R-NST110719011,3,2,0.5730433840243754,0.7519142970786921
NST110719011,NST,MJS_1,MJS,1,R,R-NST110719011,3,3,0.671802144982457,0.7519142970786921
NST110719012,NST,CJF_1,CJF,1,R,R-NST110719012,3,1,0.4776776511542379,0.9452254480410174
NST110719012,NST,CJF_1,CJF,1,R,R-NST110719012,3,2,0.6672930976746921,0.9452254480410174
NST110719012,NST,CJF_1,CJF,1,R,R-NST110719012,3,3,0.8330050505785446,0.9452254480410174
NST110719012,NST,JRS_1,JRS,1,R,R-NST110719012,3,1,0.5264633449258237,0.9579419599034722
NST110719012,NST,JRS_1,JRS,1,R,R-NST110719012,3,2,0.7146938082505478,0.9579419599034722
NST110719012,NST,JRS_1,JRS,1,R,R-NST110719012,3,3,0.8567321426286318,0.9579419599034722
NST110719012,NST,LEL_1,LEL,1,R,R-NST110719012,3,1,0.4652398138949388,0.9036917514243167
NST110719012,NST,LEL_1,LEL,1,R,R-NST110719012,3,2,0.6395603165532906,0.9036917514243167
NST110719012,NST,LEL_1,LEL,1,R,R-NST110719012,3,3,0.8090772598011761,0.9036917514243167
NST110719012,NST,LSR_1,LSR,1,R,R-NST110719012,3,1,0.39271978467285623,0.710508953767523
NST110719012,NST,LSR_1,LSR,1,R,R-NST110719012,3,2,0.5268282714923,0.710508953767523
NST110719012,NST,LSR_1,LSR,1,R,R-NST110719012,3,3,0.6667022786001907,0.710508953767523
NST110719012,NST,MJS_1,MJS,1,R,R-NST110719012,3,1,0.41739020825337037,0.7678755888399937
NST110719012,NST,MJS_1,MJS,1,R,R-NST110719012,3,2,0.5661534067419519,0.7678755888399937
NST110719012,NST,MJS_1,MJS,1,R,R-NST110719012,3,3,0.674555782285537,0.7678755888399937
NST110719013,NST,CJF_1,CJF,1,R,R-NST110719013,7,1,0.3569186285164513,1.0696169922305445
NST110719013,NST,CJF_1,CJF,1,R,R-NST110719013,7,2,0.503502768530871,1.0696169922305445
NST110719013,NST,CJF_1,CJF,1,R,R-NST110719013,7,3,0.6250589935049133,1.0696169922305445
NST110719013,NST,CJF_1,CJF,1,R,R-NST110719013,7,4,0.7038094239896092,1.0696169922305445
NST110719013,NST,CJF_1,CJF,1,R,R-NST110719013,7,5,0.7990321703330419,1.0696169922305445
NST110719013,NST,CJF_1,CJF,1,R,R-NST110719013,7,6,0.887977104132452,1.0696169922305445
NST110719013,NST,CJF_1,CJF,1,R,R-NST110719013,7,7,0.9756998094773421,1.0696169922305445
NST110719013,NST,JRS_1,JRS,1,R,R-NST110719013,7,1,0.375162662362108,1.0692705832353284
NST110719013,NST,JRS_1,JRS,1,R,R-NST110719013,7,2,0.5206000727174829,1.0692705832353284
NST110719013,NST,JRS_1,JRS,1,R,R-NST110719013,7,3,0.6528400680818265,1.0692705832353284
NST110719013,NST,JRS_1,JRS,1,R,R-NST110719013,7,4,0.7375468116877604,1.0692705832353284
NST110719013,NST,JRS_1,JRS,1,R,R-NST110719013,7,5,0.8343654512731522,1.0692705832353284
NST110719013,NST,JRS_1,JRS,1,R,R-NST110719013,7,6,0.9186532929245104,1.0692705832353284
NST110719013,NST,JRS_1,JRS,1,R,R-NST110719013,7,7,0.9975135395180023,1.0692705832353284
NST110719013,NST,LEL_1,LEL,1,R,R-NST110719013,6,1,0.32302334726389054,0.9528341420891524
NST110719013,NST,LEL_1,LEL,1,R,R-NST110719013,6,2,0.44389356508877,0.9528341420891524
NST110719013,NST,LEL_1,LEL,1,R,R-NST110719013,6,3,0.5820438241098259,0.9528341420891524
NST110719013,NST,LEL_1,LEL,1,R,R-NST110719013,6,4,0.669451475999817,0.9528341420891524
NST110719013,NST,LEL_1,LEL,1,R,R-NST110719013,6,5,0.8280308800772819,0.9528341420891524
NST110719013,NST,LEL_1,LEL,1,R,R-NST110719013,6,6,0.9099743027113164,0.9528341420891524
NST110719013,NST,LSR_1,LSR,1,R,R-NST110719013,8,1,0.3229559956002844,1.111728223689158
NST110719013,NST,LSR_1,LSR,1,R,R-NST110719013,8,2,0.40648097005694067,1.111728223689158
NST110719013,NST,LSR_1,LSR,1,R,R-NST110719013,8,3,0.5589447767292486,1.111728223689158
NST110719013,NST,LSR_1,LSR,1,R,R-NST110719013,8,4,0.6777093335148975,1.111728223689158
NST110719013,NST,LSR_1,LSR,1,R,R-NST110719013,8,5,0.7681187880008836,1.111728223689158
NST110719013,NST,LSR_1,LSR,1,R,R-NST110719013,8,6,0.8535456700298699,1.111728223689158
NST110719013,NST,LSR_1,LSR,1,R,R-NST110719013,8,7,0.95237993698752,1.111728223689158
NST110719013,NST,LSR_1,LSR,1,R,R-NST110719013,8,8,1.0293820065448418,1.111728223689158
NST110719013,NST,MJS_1,MJS,1,R,R-NST110719013,8,1,0.38496461749642774,1.121239479299054
NST110719013,NST,MJS_1,MJS,1,R,R-NST110719013,8,2,0.5553604526509022,1.121239479299054
NST110719013,NST,MJS_1,MJS,1,R,R-NST110719013,8,3,0.6815833406178987,1.121239479299054
NST110719013,NST,MJS_1,MJS,1,R,R-NST110719013,8,4,0.7688672503911894,1.121239479299054
NST110719013,NST,MJS_1,MJS,1,R,R-NST110719013,8,5,0.8698303699618755,1.121239479299054
NST110719013,NST,MJS_1,MJS,1,R,R-NST110719013,8,6,0.932967131950225,1.121239479299054
NST110719013,NST,MJS_1,MJS,1,R,R-NST110719013,8,7,1.0213130263251822,1.121239479299054
NST110719013,NST,MJS_1,MJS,1,R,R-NST110719013,8,8,1.08652312150716,1.121239479299054
NST110719014,NST,CJF_1,CJF,1,R,R-NST110719014,3,1,0.4107491048727801,0.7923089098486924
NST110719014,NST,CJF_1,CJF,1,R,R-NST110719014,3,2,0.5811721821926829,0.7923089098486924
NST110719014,NST,CJF_1,CJF,1,R,R-NST110719014,3,3,0.690946116926206,0.7923089098486924
NST110719014,NST,JRS_1,JRS,1,R,R-NST110719014,3,1,0.4382925958092067,0.8141058322468879
NST110719014,NST,JRS_1,JRS,1,R,R-NST110719014,3,2,0.5823489526596817,0.8141058322468879
NST110719014,NST,JRS_1,JRS,1,R,R-NST110719014,3,3,0.7067906269431066,0.8141058322468879
NST110719014,NST,LEL_1,LEL,1,R,R-NST110719014,3,1,0.4171169067084541,0.7751696562840202
NST110719014,NST,LEL_1,LEL,1,R,R-NST110719014,3,2,0.5630409516507109,0.7751696562840202
NST110719014,NST,LEL_1,LEL,1,R,R-NST110719014,3,3,0.6795233913071251,0.7751696562840202
NST110719014,NST,LSR_1,LSR,1,R,R-NST110719014,3,1,0.4675723389317684,0.8203674899635356
NST110719014,NST,LSR_1,LSR,1,R,R-NST110719014,3,2,0.6112472412604847,0.8203674899635356
NST110719014,NST,LSR_1,LSR,1,R,R-NST110719014,3,3,0.7367371561987971,0.8203674899635356
NST110719014,NST,MJS_1,MJS,1,R,R-NST110719014,3,1,0.5035722575156402,0.9506883024501014
NST110719014,NST,MJS_1,MJS,1,R,R-NST110719014,3,2,0.6964341057766437,0.9506883024501014
NST110719014,NST,MJS_1,MJS,1,R,R-NST110719014,3,3,0.8446844702805263,0.9506883024501014
NST110719015,NST,CJF_1,CJF,1,R,R-NST110719015,2,1,0.4101334187625151,0.7428541637397403
NST110719015,NST,CJF_1,CJF,1,R,R-NST110719015,2,2,0.6115683664430112,0.7428541637397403
NST110719015,NST,JRS_1,JRS,1,R,R-NST110719015,2,1,0.4603634118603399,0.7659713073278285
NST110719015,NST,JRS_1,JRS,1,R,R-NST110719015,2,2,0.6303619828394252,0.7659713073278285
NST110719015,NST,LEL_1,LEL,1,R,R-NST110719015,2,1,0.4231384920565781,0.7493202922619036
NST110719015,NST,LEL_1,LEL,1,R,R-NST110719015,2,2,0.607497348863314,0.7493202922619036
NST110719015,NST,LSR_1,LSR,1,R,R-NST110719015,2,1,0.3714266232517878,0.595991820130199
NST110719015,NST,LSR_1,LSR,1,R,R-NST110719015,2,2,0.5142836835377871,0.595991820130199
NST110719015,NST,MJS_1,MJS,1,R,R-NST110719015,2,1,0.4397930657959034,0.7457366358054777
NST110719015,NST,MJS_1,MJS,1,R,R-NST110719015,2,2,0.6074734000658752,0.7457366358054777
NST110719016,NST,CJF_1,CJF,1,R,R-NST110719016,4,1,0.5240273772227652,1.0978805569719716
NST110719016,NST,CJF_1,CJF,1,R,R-NST110719016,4,2,0.7345091133542652,1.0978805569719716
NST110719016,NST,CJF_1,CJF,1,R,R-NST110719016,4,3,0.8536704463347856,1.0978805569719716
NST110719016,NST,CJF_1,CJF,1,R,R-NST110719016,4,4,0.9846380562110985,1.0978805569719716
NST110719016,NST,LEL_1,LEL,1,R,R-NST110719016,3,1,0.46762605142125796,1.0063912530756027
NST110719016,NST,LEL_1,LEL,1,R,R-NST110719016,3,2,0.6355919861110936,1.0063912530756027
NST110719016,NST,LEL_1,LEL,1,R,R-NST110719016,3,3,0.7719191735865043,1.0063912530756027
NST110719016,NST,LSR_1,LSR,1,R,R-NST110719016,4,1,0.5744009507922936,1.1781855018555967
NST110719016,NST,LSR_1,LSR,1,R,R-NST110719016,4,2,0.7533974980053365,1.1781855018555967
NST110719016,NST,LSR_1,LSR,1,R,R-NST110719016,4,3,0.8896574242324966,1.1781855018555967
NST110719016,NST,LSR_1,LSR,1,R,R-NST110719016,4,4,1.0312476299340092,1.1781855018555967
NST110719016,NST,MJS_1,MJS,1,R,R-NST110719016,4,1,0.5530019363641248,1.1196294990583928
NST110719016,NST,MJS_1,MJS,1,R,R-NST110719016,4,2,0.7669222016054638,1.1196294990583928
NST110719016,NST,MJS_1,MJS,1,R,R-NST110719016,4,3,0.8715135289458699,1.1196294990583928
NST110719016,NST,MJS_1,MJS,1,R,R-NST110719016,4,4,1.0052390233371462,1.1196294990583928
NST110719017,NST,CJF_1,CJF,1,R,R-NST110719017,3,1,0.36202480560243144,0.7482946479079118
NST110719017,NST,CJF_1,CJF,1,R,R-NST110719017,3,2,0.5109896403876388,0.7482946479079118
NST110719017,NST,CJF_1,CJF,1,R,R-NST110719017,3,3,0.6270453238076286,0.7482946479079118
NST110719017,NST,JRS_1,JRS,1,R,R-NST110719017,3,1,0.2874681400631509,0.7330766321347612
NST110719017,NST,JRS_1,JRS,1,R,R-NST110719017,3,2,0.41160197402047466,0.7330766321347612
NST110719017,NST,JRS_1,JRS,1,R,R-NST110719017,3,3,0.5558720261255904,0.7330766321347612
NST110719017,NST,LEL_1,LEL,1,R,R-NST110719017,3,1,0.3015940537055405,0.7385749369465234
NST110719017,NST,LEL_1,LEL,1,R,R-NST110719017,3,2,0.43348842060285636,0.7385749369465234
NST110719017,NST,LEL_1,LEL,1,R,R-NST110719017,3,3,0.5760728220491416,0.7385749369465234
NST110719017,NST,LSR_1,LSR,1,R,R-NST110719017,4,1,0.30636414408293666,0.8147924614187966
NST110719017,NST,LSR_1,LSR,1,R,R-NST110719017,4,2,0.4359902174904722,0.8147924614187966
NST110719017,NST,LSR_1,LSR,1,R,R-NST110719017,4,3,0.6059201960751409,0.8147924614187966
NST110719017,NST,LSR_1,LSR,1,R,R-NST110719017,4,4,0.7070884445434171,0.8147924614187966
NST110719017,NST,MJS_1,MJS,1,R,R-NST110719017,3,1,0.523151248400606,0.8410593405880432
NST110719017,NST,MJS_1,MJS,1,R,R-NST110719017,3,2,0.6547733541615784,0.8410593405880432
NST110719017,NST,MJS_1,MJS,1,R,R-NST110719017,3,3,0.7387072831679475,0.8410593405880432
NST110719018,NST,CJF_1,CJF,1,R,R-NST110719018,2,1,0.4588822218734629,0.7440911448016
NST110719018,NST,CJF_1,CJF,1,R,R-NST110719018,2,2,0.6158511564467013,0.7440911448016
NST110719018,NST,JRS_1,JRS,1,R,R-NST110719018,2,1,0.5722269188385943,0.8151071855223178
NST110719018,NST,JRS_1,JRS,1,R,R-NST110719018,2,2,0.7038694830381307,0.8151071855223178
NST110719018,NST,LEL_1,LEL,1,R,R-NST110719018,2,1,0.4145631213363052,0.6679332299448193
NST110719018,NST,LEL_1,LEL,1,R,R-NST110719018,2,2,0.5596375398157422,0.6679332299448193
NST110719018,NST,LSR_1,LSR,1,R,R-NST110719018,2,1,0.48198883219499195,0.7011167216262855
NST110719018,NST,LSR_1,LSR,1,R,R-NST110719018,2,2,0.6106489080766683,0.7011167216262855
NST110719018,NST,MJS_1,MJS,1,R,R-NST110719018,2,1,0.5507988901170631,0.8119401117159406
NST110719018,NST,MJS_1,MJS,1,R,R-NST110719018,2,2,0.6823771731011955,0.8119401117159406
NST110719019,NST,CJF_1,CJF,1,R,R-NST110719019,1,1,0.45279531296267356,0.6503853721319193
NST110719019,NST,JRS_1,JRS,1,R,R-NST110719019,1,1,0.4303141733984112,0.6095717646135862
NST110719019,NST,LEL_1,LEL,1,R,R-NST110719019,0,NA,NA,0.6277462529440979
NST110719019,NST,LSR_1,LSR,1,R,R-NST110719019,1,1,0.5482707222988744,0.7032693557800045
NST110719019,NST,MJS_1,MJS,1,R,R-NST110719019,1,1,0.4786934097095196,0.6708147700513651
NST110719020,NST,CJF_1,CJF,1,R,R-NST110719020,2,1,0.4192596388426581,0.7703134365024997
NST110719020,NST,CJF_1,CJF,1,R,R-NST110719020,2,2,0.5980578001589394,0.7703134365024997
NST110719020,NST,JRS_1,JRS,1,R,R-NST110719020,2,1,0.4959082038326777,0.814904106962096
NST110719020,NST,JRS_1,JRS,1,R,R-NST110719020,2,2,0.6832684792915166,0.814904106962096
NST110719020,NST,LEL_1,LEL,1,R,R-NST110719020,2,1,0.45128581506182514,0.760439167881981
NST110719020,NST,LEL_1,LEL,1,R,R-NST110719020,2,2,0.645858682778317,0.760439167881981
NST110719020,NST,LSR_1,LSR,1,R,R-NST110719020,2,1,0.5330962753043855,0.8292022082148232
NST110719020,NST,LSR_1,LSR,1,R,R-NST110719020,2,2,0.7024505170612035,0.8292022082148232
NST110719020,NST,MJS_1,MJS,1,R,R-NST110719020,2,1,0.4516222063884303,0.7919180885344315
NST110719020,NST,MJS_1,MJS,1,R,R-NST110719020,2,2,0.6592564113546091,0.7919180885344315
NST110719021,NST,CJF_1,CJF,1,R,R-NST110719021,1,1,0.6360173032814832,0.7909398898124138
NST110719021,NST,JRS_1,JRS,1,R,R-NST110719021,2,1,0.4317705738500084,0.7911163147569684
NST110719021,NST,JRS_1,JRS,1,R,R-NST110719021,2,2,0.6486343818435119,0.7911163147569684
NST110719021,NST,LEL_1,LEL,1,R,R-NST110719021,1,1,0.6053374225642619,0.7688091900583635
NST110719021,NST,LSR_1,LSR,1,R,R-NST110719021,2,1,0.3606241610836086,0.5489733528255111
NST110719021,NST,LSR_1,LSR,1,R,R-NST110719021,2,2,0.5062865348028026,0.5489733528255111
NST110719021,NST,MJS_1,MJS,1,R,R-NST110719021,2,1,0.41733580690491645,0.7707655441541466
NST110719021,NST,MJS_1,MJS,1,R,R-NST110719021,2,2,0.6338703302371369,0.7707655441541466
NST110719022,NST,CJF_1,CJF,1,R,R-NST110719022,2,1,0.486311078308612,0.8481749159804522
NST110719022,NST,CJF_1,CJF,1,R,R-NST110719022,2,2,0.7045820724304296,0.8481749159804522
NST110719022,NST,JRS_1,JRS,1,R,R-NST110719022,2,1,0.5027637125985593,0.8469177627913534
NST110719022,NST,JRS_1,JRS,1,R,R-NST110719022,2,2,0.7206710811684145,0.8469177627913534
NST110719022,NST,LEL_1,LEL,1,R,R-NST110719022,2,1,0.4433226715312854,0.7925305960398279
NST110719022,NST,LEL_1,LEL,1,R,R-NST110719022,2,2,0.6906416977826345,0.7925305960398279
NST110719022,NST,LSR_1,LSR,1,R,R-NST110719022,3,1,0.5079273427643585,0.8479118026315585
NST110719022,NST,LSR_1,LSR,1,R,R-NST110719022,3,2,0.5739249206695578,0.8479118026315585
NST110719022,NST,LSR_1,LSR,1,R,R-NST110719022,3,3,0.7503249622151679,0.8479118026315585
NST110719022,NST,MJS_1,MJS,1,R,R-NST110719022,2,1,0.5232153332871617,0.8956520147146625
NST110719022,NST,MJS_1,MJS,1,R,R-NST110719022,2,2,0.7392077494610189,0.8956520147146625
NST110719023,NST,CJF_1,CJF,1,R,R-NST110719023,2,1,0.4022979256466709,0.6964403877552034
NST110719023,NST,CJF_1,CJF,1,R,R-NST110719023,2,2,0.5730569253942539,0.6964403877552034
NST110719023,NST,JRS_1,JRS,1,R,R-NST110719023,2,1,0.46277983909987364,0.781371143818173
NST110719023,NST,JRS_1,JRS,1,R,R-NST110719023,2,2,0.6463908772550602,0.781371143818173
NST110719023,NST,LEL_1,LEL,1,R,R-NST110719023,2,1,0.47577156232443507,0.7532835975850742
NST110719023,NST,LEL_1,LEL,1,R,R-NST110719023,2,2,0.6498238867900624,0.7532835975850742
NST110719023,NST,LSR_1,LSR,1,R,R-NST110719023,2,1,0.511551457748991,0.8317273451220237
NST110719023,NST,LSR_1,LSR,1,R,R-NST110719023,2,2,0.6840008628116209,0.8317273451220237
NST110719023,NST,MJS_1,MJS,1,R,R-NST110719023,2,1,0.45158002511880424,0.7589445837027381
NST110719023,NST,MJS_1,MJS,1,R,R-NST110719023,2,2,0.6368388854988347,0.7589445837027381
NST110719024,NST,CJF_1,CJF,1,R,R-NST110719024,1,1,0.5120153965968689,0.6863329542286355
NST110719024,NST,JRS_1,JRS,1,R,R-NST110719024,1,1,0.49365506265135906,0.6567564546785499
NST110719024,NST,LEL_1,LEL,1,R,R-NST110719024,1,1,0.5499317199685207,0.7065609810903617
NST110719024,NST,LSR_1,LSR,1,R,R-NST110719024,1,1,0.5836516527915192,0.7411322287381571
NST110719024,NST,MJS_1,MJS,1,R,R-NST110719024,1,1,0.5438088596001946,0.7047750848222161
NST110719025,NST,CJF_1,CJF,1,R,R-NST110719025,1,1,0.4311460432562824,0.6159520237976094
NST110719025,NST,JRS_1,JRS,1,R,R-NST110719025,1,1,0.4394490468408678,0.6038667862246115
NST110719025,NST,LEL_1,LEL,1,R,R-NST110719025,1,1,0.46279227125451594,0.6161621487108039
NST110719025,NST,LSR_1,LSR,1,R,R-NST110719025,1,1,0.4470441696529807,0.61714352724305
NST110719025,NST,MJS_1,MJS,1,R,R-NST110719025,1,1,0.4884557917182431,0.6603564679259091
NST110719026,NST,CJF_1,CJF,1,R,R-NST110719026,3,1,0.3376913135155457,0.6938285289367769
NST110719026,NST,CJF_1,CJF,1,R,R-NST110719026,3,2,0.4711174454608286,0.6938285289367769
NST110719026,NST,CJF_1,CJF,1,R,R-NST110719026,3,3,0.5877180830130635,0.6938285289367769
NST110719026,NST,JRS_1,JRS,1,R,R-NST110719026,3,1,0.44959139147666805,0.8804248771598446
NST110719026,NST,JRS_1,JRS,1,R,R-NST110719026,3,2,0.6442633694312339,0.8804248771598446
NST110719026,NST,JRS_1,JRS,1,R,R-NST110719026,3,3,0.7709326020346606,0.8804248771598446
NST110719026,NST,LEL_1,LEL,1,R,R-NST110719026,4,1,0.29301740490140005,0.9022475345527059
NST110719026,NST,LEL_1,LEL,1,R,R-NST110719026,4,2,0.49825322365593405,0.9022475345527059
NST110719026,NST,LEL_1,LEL,1,R,R-NST110719026,4,3,0.6761477767881727,0.9022475345527059
NST110719026,NST,LEL_1,LEL,1,R,R-NST110719026,4,4,0.8017868309548697,0.9022475345527059
NST110719026,NST,LSR_1,LSR,1,R,R-NST110719026,4,1,0.34009036938620746,0.7009599005501702
NST110719026,NST,LSR_1,LSR,1,R,R-NST110719026,4,2,0.5094698601093135,0.7009599005501702
NST110719026,NST,LSR_1,LSR,1,R,R-NST110719026,4,3,0.6153152013387998,0.7009599005501702
NST110719026,NST,LSR_1,LSR,1,R,R-NST110719026,4,4,0.6770741669124284,0.7009599005501702
NST110719026,NST,MJS_1,MJS,1,R,R-NST110719026,3,1,0.4452096526111223,0.8595856984085595
NST110719026,NST,MJS_1,MJS,1,R,R-NST110719026,3,2,0.6550637435365538,0.8595856984085595
NST110719026,NST,MJS_1,MJS,1,R,R-NST110719026,3,3,0.7558641397617151,0.8595856984085595
NST110719027,NST,CJF_1,CJF,1,R,R-NST110719027,3,1,0.5345596376193514,0.8501124425045756
NST110719027,NST,CJF_1,CJF,1,R,R-NST110719027,3,2,0.6615919084233041,0.8501124425045756
NST110719027,NST,CJF_1,CJF,1,R,R-NST110719027,3,3,0.7676347088440194,0.8501124425045756
NST110719027,NST,JRS_1,JRS,1,R,R-NST110719027,2,1,0.43203558782438484,0.7666182474880985
NST110719027,NST,JRS_1,JRS,1,R,R-NST110719027,2,2,0.5817568813644549,0.7666182474880985
NST110719027,NST,LEL_1,LEL,1,R,R-NST110719027,2,1,0.4934172400916615,0.8097967132085244
NST110719027,NST,LEL_1,LEL,1,R,R-NST110719027,2,2,0.6165928622219452,0.8097967132085244
NST110719027,NST,LSR_1,LSR,1,R,R-NST110719027,3,1,0.49380557884896387,0.7877353351621601
NST110719027,NST,LSR_1,LSR,1,R,R-NST110719027,3,2,0.5966630523446106,0.7877353351621601
NST110719027,NST,LSR_1,LSR,1,R,R-NST110719027,3,3,0.7061456071463863,0.7877353351621601
NST110719027,NST,MJS_1,MJS,1,R,R-NST110719027,3,1,0.4855756487028155,0.8237966633532386
NST110719027,NST,MJS_1,MJS,1,R,R-NST110719027,3,2,0.6180533620567402,0.8237966633532386
NST110719027,NST,MJS_1,MJS,1,R,R-NST110719027,3,3,0.758828871063427,0.8237966633532386
NST110719028,NST,CJF_1,CJF,1,R,R-NST110719028,2,1,0.423251237191462,0.7844653349554314
NST110719028,NST,CJF_1,CJF,1,R,R-NST110719028,2,2,0.6467750031741257,0.7844653349554314
NST110719028,NST,JRS_1,JRS,1,R,R-NST110719028,2,1,0.13073015823854803,0.75806859266572
NST110719028,NST,JRS_1,JRS,1,R,R-NST110719028,2,2,0.32705175833677413,0.75806859266572
NST110719028,NST,LEL_1,LEL,1,R,R-NST110719028,2,1,0.47355146888674954,0.791699813748839
NST110719028,NST,LEL_1,LEL,1,R,R-NST110719028,2,2,0.6439495459268811,0.791699813748839
NST110719028,NST,LSR_1,LSR,1,R,R-NST110719028,2,1,0.4555554056747767,0.7556715909754127
NST110719028,NST,LSR_1,LSR,1,R,R-NST110719028,2,2,0.645910607892094,0.7556715909754127
NST110719028,NST,MJS_1,MJS,1,R,R-NST110719028,2,1,0.5344501607279726,0.7863737541220417
NST110719028,NST,MJS_1,MJS,1,R,R-NST110719028,2,2,0.6513444841259963,0.7863737541220417
NST110719029,NST,CJF_1,CJF,1,R,R-NST110719029,2,1,0.4141354226894448,0.7068065992551793
NST110719029,NST,CJF_1,CJF,1,R,R-NST110719029,2,2,0.5770822810461516,0.7068065992551793
NST110719029,NST,JRS_1,JRS,1,R,R-NST110719029,1,1,0.5732219240964137,0.6932295730281112
NST110719029,NST,LEL_1,LEL,1,R,R-NST110719029,1,1,0.5357920940313166,0.6822273702591387
NST110719029,NST,LSR_1,LSR,1,R,R-NST110719029,2,1,0.42194837280406644,0.676886718498786
NST110719029,NST,LSR_1,LSR,1,R,R-NST110719029,2,2,0.5473032584766653,0.676886718498786
NST110719029,NST,MJS_1,MJS,1,R,R-NST110719029,1,1,0.5591566923585808,0.6744824639997344
NST110719030,NST,CJF_1,CJF,1,R,R-NST110719030,5,1,0.39609482315180267,1.0368526262165136
NST110719030,NST,CJF_1,CJF,1,R,R-NST110719030,5,2,0.59551893203477,1.0368526262165136
NST110719030,NST,CJF_1,CJF,1,R,R-NST110719030,5,3,0.7212391530478696,1.0368526262165136
NST110719030,NST,CJF_1,CJF,1,R,R-NST110719030,5,4,0.8222218803743789,1.0368526262165136
NST110719030,NST,CJF_1,CJF,1,R,R-NST110719030,5,5,0.9334130486216937,1.0368526262165136
NST110719030,NST,JRS_1,JRS,1,R,R-NST110719030,5,1,0.4765755283576192,1.0714127679473142
NST110719030,NST,JRS_1,JRS,1,R,R-NST110719030,5,2,0.6444574306128517,1.0714127679473142
NST110719030,NST,JRS_1,JRS,1,R,R-NST110719030,5,3,0.7737644961459387,1.0714127679473142
NST110719030,NST,JRS_1,JRS,1,R,R-NST110719030,5,4,0.8805215490639454,1.0714127679473142
NST110719030,NST,JRS_1,JRS,1,R,R-NST110719030,5,5,0.986819297968896,1.0714127679473142
NST110719030,NST,LEL_1,LEL,1,R,R-NST110719030,4,1,0.6171166973333656,1.0536498739479396
NST110719030,NST,LEL_1,LEL,1,R,R-NST110719030,4,2,0.7623229671304592,1.0536498739479396
NST110719030,NST,LEL_1,LEL,1,R,R-NST110719030,4,3,0.8829430600748815,1.0536498739479396
NST110719030,NST,LEL_1,LEL,1,R,R-NST110719030,4,4,0.992000156959917,1.0536498739479396
NST110719030,NST,LSR_1,LSR,1,R,R-NST110719030,6,1,0.4217122553711491,1.050585570809912
NST110719030,NST,LSR_1,LSR,1,R,R-NST110719030,6,2,0.607320087330962,1.050585570809912
NST110719030,NST,LSR_1,LSR,1,R,R-NST110719030,6,3,0.738243051340104,1.050585570809912
NST110719030,NST,LSR_1,LSR,1,R,R-NST110719030,6,4,0.8515531263030237,1.050585570809912
NST110719030,NST,LSR_1,LSR,1,R,R-NST110719030,6,5,0.9486059701444931,1.050585570809912
NST110719030,NST,LSR_1,LSR,1,R,R-NST110719030,6,6,1.008586835081514,1.050585570809912
NST110719030,NST,MJS_1,MJS,1,R,R-NST110719030,5,1,0.4337327005669481,1.0593395679054638
NST110719030,NST,MJS_1,MJS,1,R,R-NST110719030,5,2,0.6147079748698387,1.0593395679054638
NST110719030,NST,MJS_1,MJS,1,R,R-NST110719030,5,3,0.7398293483375415,1.0593395679054638
NST110719030,NST,MJS_1,MJS,1,R,R-NST110719030,5,4,0.862436042476594,1.0593395679054638
NST110719030,NST,MJS_1,MJS,1,R,R-NST110719030,5,5,0.9529761905751689,1.0593395679054638
NST110719031,NST,CJF_1,CJF,1,R,R-NST110719031,4,1,0.5185768991553275,1.0291988532619918
NST110719031,NST,CJF_1,CJF,1,R,R-NST110719031,4,2,0.7076912089350269,1.0291988532619918
NST110719031,NST,CJF_1,CJF,1,R,R-NST110719031,4,3,0.8421903082238312,1.0291988532619918
NST110719031,NST,CJF_1,CJF,1,R,R-NST110719031,4,4,0.9421956166021487,1.0291988532619918
NST110719031,NST,JRS_1,JRS,1,R,R-NST110719031,3,1,0.530715160599855,1.0418311493708425
NST110719031,NST,JRS_1,JRS,1,R,R-NST110719031,3,2,0.7265548162591325,1.0418311493708425
NST110719031,NST,JRS_1,JRS,1,R,R-NST110719031,3,3,0.8560614129590581,1.0418311493708425
NST110719031,NST,LEL_1,LEL,1,R,R-NST110719031,4,1,0.3542019944187343,1.067153276234672
NST110719031,NST,LEL_1,LEL,1,R,R-NST110719031,4,2,0.5736344194019767,1.067153276234672
NST110719031,NST,LEL_1,LEL,1,R,R-NST110719031,4,3,0.7718040533454867,1.067153276234672
NST110719031,NST,LEL_1,LEL,1,R,R-NST110719031,4,4,0.8802091784349265,1.067153276234672
NST110719031,NST,LSR_1,LSR,1,R,R-NST110719031,4,1,0.5254935143406086,1.0439189642117237
NST110719031,NST,LSR_1,LSR,1,R,R-NST110719031,4,2,0.7121272018008619,1.0439189642117237
NST110719031,NST,LSR_1,LSR,1,R,R-NST110719031,4,3,0.8568385960972642,1.0439189642117237
NST110719031,NST,LSR_1,LSR,1,R,R-NST110719031,4,4,0.9675891230077209,1.0439189642117237
NST110719031,NST,MJS_1,MJS,1,R,R-NST110719031,4,1,0.560021964914226,1.0742040537930817
NST110719031,NST,MJS_1,MJS,1,R,R-NST110719031,4,2,0.7528746491994878,1.0742040537930817
NST110719031,NST,MJS_1,MJS,1,R,R-NST110719031,4,3,0.8743346872670567,1.0742040537930817
NST110719031,NST,MJS_1,MJS,1,R,R-NST110719031,4,4,0.987877498401855,1.0742040537930817
NST110719032,NST,CJF_1,CJF,1,R,R-NST110719032,4,1,0.5078953713587667,1.044504229801712
NST110719032,NST,CJF_1,CJF,1,R,R-NST110719032,4,2,0.6907447461844335,1.044504229801712
NST110719032,NST,CJF_1,CJF,1,R,R-NST110719032,4,3,0.8077846363728358,1.044504229801712
NST110719032,NST,CJF_1,CJF,1,R,R-NST110719032,4,4,0.9281960536013089,1.044504229801712
NST110719032,NST,JRS_1,JRS,1,R,R-NST110719032,3,1,0.5780846330470281,1.1135845592493872
NST110719032,NST,JRS_1,JRS,1,R,R-NST110719032,3,2,0.7703833610002407,1.1135845592493872
NST110719032,NST,JRS_1,JRS,1,R,R-NST110719032,3,3,0.9013191895449753,1.1135845592493872
NST110719032,NST,LEL_1,LEL,1,R,R-NST110719032,5,1,0.3140859855806731,1.1046715576324733
NST110719032,NST,LEL_1,LEL,1,R,R-NST110719032,5,2,0.5529931913201871,1.1046715576324733
NST110719032,NST,LEL_1,LEL,1,R,R-NST110719032,5,3,0.7384294503194968,1.1046715576324733
NST110719032,NST,LEL_1,LEL,1,R,R-NST110719032,5,4,0.875154568583606,1.1046715576324733
NST110719032,NST,LEL_1,LEL,1,R,R-NST110719032,5,5,1.01367591863137,1.1046715576324733
NST110719032,NST,LSR_1,LSR,1,R,R-NST110719032,4,1,0.3132207305092837,0.7603733635663695
NST110719032,NST,LSR_1,LSR,1,R,R-NST110719032,4,2,0.4485798040601404,0.7603733635663695
NST110719032,NST,LSR_1,LSR,1,R,R-NST110719032,4,3,0.5752440547981963,0.7603733635663695
NST110719032,NST,LSR_1,LSR,1,R,R-NST110719032,4,4,0.6854261749811956,0.7603733635663695
NST110719032,NST,MJS_1,MJS,1,R,R-NST110719032,4,1,0.3967660923555745,0.813904736947686
NST110719032,NST,MJS_1,MJS,1,R,R-NST110719032,4,2,0.5552630270668295,0.813904736947686
NST110719032,NST,MJS_1,MJS,1,R,R-NST110719032,4,3,0.674225807287681,0.813904736947686
NST110719032,NST,MJS_1,MJS,1,R,R-NST110719032,4,4,0.771948682491941,0.813904736947686
NST110719033,NST,CJF_1,CJF,1,R,R-NST110719033,3,1,0.29350216732449774,0.6397813374663047
NST110719033,NST,CJF_1,CJF,1,R,R-NST110719033,3,2,0.43978442334047096,0.6397813374663047
NST110719033,NST,CJF_1,CJF,1,R,R-NST110719033,3,3,0.5175328162886778,0.6397813374663047
NST110719033,NST,JRS_1,JRS,1,R,R-NST110719033,3,1,0.5324739067491194,0.8577407414424844
NST110719033,NST,JRS_1,JRS,1,R,R-NST110719033,3,2,0.6671683837080111,0.8577407414424844
NST110719033,NST,JRS_1,JRS,1,R,R-NST110719033,3,3,0.7753046189383157,0.8577407414424844
NST110719033,NST,LEL_1,LEL,1,R,R-NST110719033,3,1,0.4881137440745689,0.8367094749067935
NST110719033,NST,LEL_1,LEL,1,R,R-NST110719033,3,2,0.6468874633222389,0.8367094749067935
NST110719033,NST,LEL_1,LEL,1,R,R-NST110719033,3,3,0.7743849695272991,0.8367094749067935
NST110719033,NST,LSR_1,LSR,1,R,R-NST110719033,3,1,0.5195614064555006,0.8876732407942806
NST110719033,NST,LSR_1,LSR,1,R,R-NST110719033,3,2,0.6731510929594189,0.8876732407942806
NST110719033,NST,LSR_1,LSR,1,R,R-NST110719033,3,3,0.8035764731700936,0.8876732407942806
NST110719033,NST,MJS_1,MJS,1,R,R-NST110719033,3,1,0.3688992438899596,0.6988691770341655
NST110719033,NST,MJS_1,MJS,1,R,R-NST110719033,3,2,0.4874311645303063,0.6988691770341655
NST110719033,NST,MJS_1,MJS,1,R,R-NST110719033,3,3,0.6143397432271469,0.6988691770341655
NST110719034,NST,CJF_1,CJF,1,R,R-NST110719034,4,1,0.589983561681787,1.183677967014175
NST110719034,NST,CJF_1,CJF,1,R,R-NST110719034,4,2,0.7725989267628339,1.183677967014175
NST110719034,NST,CJF_1,CJF,1,R,R-NST110719034,4,3,0.9082154644573156,1.183677967014175
NST110719034,NST,CJF_1,CJF,1,R,R-NST110719034,4,4,1.057152217435509,1.183677967014175
NST110719034,NST,JRS_1,JRS,1,R,R-NST110719034,3,1,0.3473004109507025,0.781128525334625
NST110719034,NST,JRS_1,JRS,1,R,R-NST110719034,3,2,0.5089774036550865,0.781128525334625
NST110719034,NST,JRS_1,JRS,1,R,R-NST110719034,3,3,0.6923078871351191,0.781128525334625
NST110719034,NST,LEL_1,LEL,1,R,R-NST110719034,4,1,0.3839811573208069,0.8015247591334232
NST110719034,NST,LEL_1,LEL,1,R,R-NST110719034,4,2,0.5046260401499725,0.8015247591334232
NST110719034,NST,LEL_1,LEL,1,R,R-NST110719034,4,3,0.601232830871787,0.8015247591334232
NST110719034,NST,LEL_1,LEL,1,R,R-NST110719034,4,4,0.7145721557367467,0.8015247591334232
NST110719034,NST,LSR_1,LSR,1,R,R-NST110719034,4,1,0.40372804802010864,0.8291924033468869
NST110719034,NST,LSR_1,LSR,1,R,R-NST110719034,4,2,0.5081752389742357,0.8291924033468869
NST110719034,NST,LSR_1,LSR,1,R,R-NST110719034,4,3,0.6388417666022385,0.8291924033468869
NST110719034,NST,LSR_1,LSR,1,R,R-NST110719034,4,4,0.7583175237708704,0.8291924033468869
NST110719034,NST,MJS_1,MJS,1,R,R-NST110719034,4,1,0.5747271493454361,1.0977314631280932
NST110719034,NST,MJS_1,MJS,1,R,R-NST110719034,4,2,0.7335953761540369,1.0977314631280932
NST110719034,NST,MJS_1,MJS,1,R,R-NST110719034,4,3,0.8528976229961285,1.0977314631280932
NST110719034,NST,MJS_1,MJS,1,R,R-NST110719034,4,4,1.0008927512464216,1.0977314631280932
NST110719035,NST,CJF_1,CJF,1,R,R-NST110719035,3,1,0.47058929237839414,0.8454885009647432
NST110719035,NST,CJF_1,CJF,1,R,R-NST110719035,3,2,0.6450937568694639,0.8454885009647432
NST110719035,NST,CJF_1,CJF,1,R,R-NST110719035,3,3,0.7571100659079945,0.8454885009647432
NST110719035,NST,JRS_1,JRS,1,R,R-NST110719035,3,1,0.50341789435103,0.857113187396722
NST110719035,NST,JRS_1,JRS,1,R,R-NST110719035,3,2,0.668251032563166,0.857113187396722
NST110719035,NST,JRS_1,JRS,1,R,R-NST110719035,3,3,0.7827475999299521,0.857113187396722
NST110719035,NST,LEL_1,LEL,1,R,R-NST110719035,3,1,0.5282896795384965,0.8641992699683971
NST110719035,NST,LEL_1,LEL,1,R,R-NST110719035,3,2,0.656485855850304,0.8641992699683971
NST110719035,NST,LEL_1,LEL,1,R,R-NST110719035,3,3,0.7893432888841132,0.8641992699683971
NST110719035,NST,LSR_1,LSR,1,R,R-NST110719035,3,1,0.5075334965378323,0.8545229441900877
NST110719035,NST,LSR_1,LSR,1,R,R-NST110719035,3,2,0.6666632039729314,0.8545229441900877
NST110719035,NST,LSR_1,LSR,1,R,R-NST110719035,3,3,0.7814334279428131,0.8545229441900877
NST110719035,NST,MJS_1,MJS,1,R,R-NST110719035,3,1,0.5140292854233379,0.8961959526004086
NST110719035,NST,MJS_1,MJS,1,R,R-NST110719035,3,2,0.6835876039011389,0.8961959526004086
NST110719035,NST,MJS_1,MJS,1,R,R-NST110719035,3,3,0.8208463442854883,0.8961959526004086
NST110719036,NST,CJF_1,CJF,1,R,R-NST110719036,4,1,0.3271218752464154,0.6818178039412895
NST110719036,NST,CJF_1,CJF,1,R,R-NST110719036,4,2,0.45914320125263997,0.6818178039412895
NST110719036,NST,CJF_1,CJF,1,R,R-NST110719036,4,3,0.545454243153031,0.6818178039412895
NST110719036,NST,CJF_1,CJF,1,R,R-NST110719036,4,4,0.6211904632706962,0.6818178039412895
NST110719036,NST,JRS_1,JRS,1,R,R-NST110719036,3,1,0.3190165589284496,0.7071762240583179
NST110719036,NST,JRS_1,JRS,1,R,R-NST110719036,3,2,0.46523882948368867,0.7071762240583179
NST110719036,NST,JRS_1,JRS,1,R,R-NST110719036,3,3,0.5786855592831488,0.7071762240583179
NST110719036,NST,LEL_1,LEL,1,R,R-NST110719036,3,1,0.4900979333192707,1.0330762884363762
NST110719036,NST,LEL_1,LEL,1,R,R-NST110719036,3,2,0.6802066761359559,1.0330762884363762
NST110719036,NST,LEL_1,LEL,1,R,R-NST110719036,3,3,0.8243914496169036,1.0330762884363762
NST110719036,NST,LSR_1,LSR,1,R,R-NST110719036,4,1,0.36771500531697004,0.757142082053883
NST110719036,NST,LSR_1,LSR,1,R,R-NST110719036,4,2,0.49918994856142185,0.757142082053883
NST110719036,NST,LSR_1,LSR,1,R,R-NST110719036,4,3,0.6148111030994594,0.757142082053883
NST110719036,NST,LSR_1,LSR,1,R,R-NST110719036,4,4,0.6877859318616659,0.757142082053883
NST110719036,NST,MJS_1,MJS,1,R,R-NST110719036,4,1,0.5405144204195454,1.0614221939659207
NST110719036,NST,MJS_1,MJS,1,R,R-NST110719036,4,2,0.7086489730144513,1.0614221939659207
NST110719036,NST,MJS_1,MJS,1,R,R-NST110719036,4,3,0.8444830448921501,1.0614221939659207
NST110719036,NST,MJS_1,MJS,1,R,R-NST110719036,4,4,0.9695970672008243,1.0614221939659207
NST110719037,NST,CJF_1,CJF,1,R,R-NST110719037,2,1,0.2849589942760001,0.549153961480635
NST110719037,NST,CJF_1,CJF,1,R,R-NST110719037,2,2,0.4452379923231814,0.549153961480635
NST110719037,NST,JRS_1,JRS,1,R,R-NST110719037,2,1,0.33575496828402235,0.5707971607230127
NST110719037,NST,JRS_1,JRS,1,R,R-NST110719037,2,2,0.4548717677947601,0.5707971607230127
NST110719037,NST,LEL_1,LEL,1,R,R-NST110719037,2,1,0.3594273286458614,0.6113951514361496
NST110719037,NST,LEL_1,LEL,1,R,R-NST110719037,2,2,0.5360940554726874,0.6113951514361496
NST110719037,NST,LSR_1,LSR,1,R,R-NST110719037,2,1,0.34580129495831463,0.6207433925515706
NST110719037,NST,LSR_1,LSR,1,R,R-NST110719037,2,2,0.5153201227301841,0.6207433925515706
NST110719037,NST,MJS_1,MJS,1,R,R-NST110719037,2,1,0.36699388279733425,0.669757858209547
NST110719037,NST,MJS_1,MJS,1,R,R-NST110719037,2,2,0.5593037924356872,0.669757858209547
NST110719038,NST,CJF_1,CJF,1,R,R-NST110719038,2,1,0.45172027592362846,0.7900577815155692
NST110719038,NST,CJF_1,CJF,1,R,R-NST110719038,2,2,0.6577847256390417,0.7900577815155692
NST110719038,NST,JRS_1,JRS,1,R,R-NST110719038,2,1,0.11469257804793084,0.8088495544960358
NST110719038,NST,JRS_1,JRS,1,R,R-NST110719038,2,2,0.3172569200085026,0.8088495544960358
NST110719038,NST,LEL_1,LEL,1,R,R-NST110719038,2,1,0.4574498584386596,0.7690319917068703
NST110719038,NST,LEL_1,LEL,1,R,R-NST110719038,2,2,0.6469101752850989,0.7690319917068703
NST110719038,NST,LSR_1,LSR,1,R,R-NST110719038,2,1,0.3590168295678763,0.6028666603220463
NST110719038,NST,LSR_1,LSR,1,R,R-NST110719038,2,2,0.5201998562690855,0.6028666603220463
NST110719038,NST,MJS_1,MJS,1,R,R-NST110719038,2,1,0.5486010013805233,0.8403751478931283
NST110719038,NST,MJS_1,MJS,1,R,R-NST110719038,2,2,0.7307089172323805,0.8403751478931283
NST110719039,NST,CJF_1,CJF,1,R,R-NST110719039,4,1,0.4531473592160651,0.9161088982509482
NST110719039,NST,CJF_1,CJF,1,R,R-NST110719039,4,2,0.6401713493775844,0.9161088982509482
NST110719039,NST,CJF_1,CJF,1,R,R-NST110719039,4,3,0.7368518532177847,0.9161088982509482
NST110719039,NST,CJF_1,CJF,1,R,R-NST110719039,4,4,0.8441591574052868,0.9161088982509482
NST110719039,NST,JRS_1,JRS,1,R,R-NST110719039,3,1,0.4312736445996468,0.9285272038420019
NST110719039,NST,JRS_1,JRS,1,R,R-NST110719039,3,2,0.6458560134084378,0.9285272038420019
NST110719039,NST,JRS_1,JRS,1,R,R-NST110719039,3,3,0.7616178081379992,0.9285272038420019
NST110719039,NST,LEL_1,LEL,1,R,R-NST110719039,4,1,0.4533083498247522,0.8930609616872418
NST110719039,NST,LEL_1,LEL,1,R,R-NST110719039,4,2,0.6254916078559694,0.8930609616872418
NST110719039,NST,LEL_1,LEL,1,R,R-NST110719039,4,3,0.7278047975639086,0.8930609616872418
NST110719039,NST,LEL_1,LEL,1,R,R-NST110719039,4,4,0.8527437972440708,0.8930609616872418
NST110719039,NST,LSR_1,LSR,1,R,R-NST110719039,4,1,0.4802227121036677,0.9133655020851326
NST110719039,NST,LSR_1,LSR,1,R,R-NST110719039,4,2,0.6477913770900982,0.9133655020851326
NST110719039,NST,LSR_1,LSR,1,R,R-NST110719039,4,3,0.7477831611570867,0.9133655020851326
NST110719039,NST,LSR_1,LSR,1,R,R-NST110719039,4,4,0.8413511501224683,0.9133655020851326
NST110719039,NST,MJS_1,MJS,1,R,R-NST110719039,4,1,0.4615232934469972,0.9135960113162968
NST110719039,NST,MJS_1,MJS,1,R,R-NST110719039,4,2,0.6377526558009855,0.9135960113162968
NST110719039,NST,MJS_1,MJS,1,R,R-NST110719039,4,3,0.7352907052912236,0.9135960113162968
NST110719039,NST,MJS_1,MJS,1,R,R-NST110719039,4,4,0.8517026986724018,0.9135960113162968
NST110719040,NST,CJF_1,CJF,1,R,R-NST110719040,2,1,0.4101965575864189,0.7246498629881181
NST110719040,NST,CJF_1,CJF,1,R,R-NST110719040,2,2,0.6061341859110652,0.7246498629881181
NST110719040,NST,JRS_1,JRS,1,R,R-NST110719040,2,1,0.4006374604391128,0.698370808053817
NST110719040,NST,JRS_1,JRS,1,R,R-NST110719040,2,2,0.5728869810808251,0.698370808053817
NST110719040,NST,LEL_1,LEL,1,R,R-NST110719040,2,1,0.39990415901616483,0.740946302313922
NST110719040,NST,LEL_1,LEL,1,R,R-NST110719040,2,2,0.6098891831227804,0.740946302313922
NST110719040,NST,LSR_1,LSR,1,R,R-NST110719040,2,1,0.4330853198293656,0.7022107608781806
NST110719040,NST,LSR_1,LSR,1,R,R-NST110719040,2,2,0.5854396424702651,0.7022107608781806
NST110719040,NST,MJS_1,MJS,1,R,R-NST110719040,2,1,0.41846861576052136,0.7137424751912667
NST110719040,NST,MJS_1,MJS,1,R,R-NST110719040,2,2,0.5789728979406911,0.7137424751912667
NST110719041,NST,CJF_1,CJF,1,R,R-NST110719041,2,1,0.4511341722585451,0.7518066938150108
NST110719041,NST,CJF_1,CJF,1,R,R-NST110719041,2,2,0.6353687925968253,0.7518066938150108
NST110719041,NST,JRS_1,JRS,1,R,R-NST110719041,2,1,0.3665832711529006,0.5695237280364447
NST110719041,NST,JRS_1,JRS,1,R,R-NST110719041,2,2,0.5121253354456515,0.5695237280364447
NST110719041,NST,LEL_1,LEL,1,R,R-NST110719041,2,1,0.41089497318842066,0.7092242635703044
NST110719041,NST,LEL_1,LEL,1,R,R-NST110719041,2,2,0.6141690114698635,0.7092242635703044
NST110719041,NST,LSR_1,LSR,1,R,R-NST110719041,2,1,0.3869299357953005,0.5899501505453787
NST110719041,NST,LSR_1,LSR,1,R,R-NST110719041,2,2,0.5328160239269034,0.5899501505453787
NST110719041,NST,MJS_1,MJS,1,R,R-NST110719041,2,1,0.5061314420709285,0.8076752297237024
NST110719041,NST,MJS_1,MJS,1,R,R-NST110719041,2,2,0.6935045143457013,0.8076752297237024
NST110719042,NST,CJF_1,CJF,1,R,R-NST110719042,2,1,0.41666875205239234,0.7361930353171985
NST110719042,NST,CJF_1,CJF,1,R,R-NST110719042,2,2,0.5951313998934928,0.7361930353171985
NST110719042,NST,JRS_1,JRS,1,R,R-NST110719042,2,1,0.38071538878800687,0.7101982950488626
NST110719042,NST,JRS_1,JRS,1,R,R-NST110719042,2,2,0.5603598208160976,0.7101982950488626
NST110719042,NST,LEL_1,LEL,1,R,R-NST110719042,2,1,0.4767694798596012,0.7974586583754952
NST110719042,NST,LEL_1,LEL,1,R,R-NST110719042,2,2,0.6489883758838693,0.7974586583754952
NST110719042,NST,LSR_1,LSR,1,R,R-NST110719042,2,1,0.4321974785189215,0.7513821888032131
NST110719042,NST,LSR_1,LSR,1,R,R-NST110719042,2,2,0.5957350992188077,0.7513821888032131
NST110719042,NST,MJS_1,MJS,1,R,R-NST110719042,2,1,0.506441199740384,0.8108447108743035
NST110719042,NST,MJS_1,MJS,1,R,R-NST110719042,2,2,0.7024145386377326,0.8108447108743035
NST110719043,NST,CJF_1,CJF,1,R,R-NST110719043,5,1,0.5818414653045544,1.3622871105357495
NST110719043,NST,CJF_1,CJF,1,R,R-NST110719043,5,2,0.8185848277097487,1.3622871105357495
NST110719043,NST,CJF_1,CJF,1,R,R-NST110719043,5,3,0.9791190916268309,1.3622871105357495
NST110719043,NST,CJF_1,CJF,1,R,R-NST110719043,5,4,1.0994886196535945,1.3622871105357495
NST110719043,NST,CJF_1,CJF,1,R,R-NST110719043,5,5,1.2579973301589118,1.3622871105357495
NST110719043,NST,JRS_1,JRS,1,R,R-NST110719043,5,1,0.6426247982700801,1.4022416981449723
NST110719043,NST,JRS_1,JRS,1,R,R-NST110719043,5,2,0.8668185506352738,1.4022416981449723
NST110719043,NST,JRS_1,JRS,1,R,R-NST110719043,5,3,1.0204312750667244,1.4022416981449723
NST110719043,NST,JRS_1,JRS,1,R,R-NST110719043,5,4,1.1540242680901585,1.4022416981449723
NST110719043,NST,JRS_1,JRS,1,R,R-NST110719043,5,5,1.303486769666954,1.4022416981449723
NST110719043,NST,LEL_1,LEL,1,R,R-NST110719043,5,1,0.6391337449224425,1.3770051214054484
NST110719043,NST,LEL_1,LEL,1,R,R-NST110719043,5,2,0.8626046923600795,1.3770051214054484
NST110719043,NST,LEL_1,LEL,1,R,R-NST110719043,5,3,1.0096879823170344,1.3770051214054484
NST110719043,NST,LEL_1,LEL,1,R,R-NST110719043,5,4,1.1466258271793517,1.3770051214054484
NST110719043,NST,LEL_1,LEL,1,R,R-NST110719043,5,5,1.3042248667929155,1.3770051214054484
NST110719043,NST,LSR_1,LSR,1,R,R-NST110719043,5,1,0.4473618532550552,0.8463732002017612
NST110719043,NST,LSR_1,LSR,1,R,R-NST110719043,5,2,0.5838306402976878,0.8463732002017612
NST110719043,NST,LSR_1,LSR,1,R,R-NST110719043,5,3,0.6724849391168235,0.8463732002017612
NST110719043,NST,LSR_1,LSR,1,R,R-NST110719043,5,4,0.7280781320954433,0.8463732002017612
NST110719043,NST,LSR_1,LSR,1,R,R-NST110719043,5,5,0.7982907029358473,0.8463732002017612
NST110719043,NST,MJS_1,MJS,1,R,R-NST110719043,5,1,0.6634045609148717,1.427168772698045
NST110719043,NST,MJS_1,MJS,1,R,R-NST110719043,5,2,0.8819774163214951,1.427168772698045
NST110719043,NST,MJS_1,MJS,1,R,R-NST110719043,5,3,1.0368220517430402,1.427168772698045
NST110719043,NST,MJS_1,MJS,1,R,R-NST110719043,5,4,1.1611926413792915,1.427168772698045
NST110719043,NST,MJS_1,MJS,1,R,R-NST110719043,5,5,1.3089555681597234,1.427168772698045
NST110719044,NST,CJF_1,CJF,1,R,R-NST110719044,2,1,0.5516795723076007,0.8427825898812922
NST110719044,NST,CJF_1,CJF,1,R,R-NST110719044,2,2,0.7041934062589312,0.8427825898812922
NST110719044,NST,JRS_1,JRS,1,R,R-NST110719044,2,1,0.39643644328305605,0.6237238082789685
NST110719044,NST,JRS_1,JRS,1,R,R-NST110719044,2,2,0.5176700915897641,0.6237238082789685
NST110719044,NST,LEL_1,LEL,1,R,R-NST110719044,2,1,0.5491340484195867,0.8401388105299076
NST110719044,NST,LEL_1,LEL,1,R,R-NST110719044,2,2,0.7066917014652762,0.8401388105299076
NST110719044,NST,LSR_1,LSR,1,R,R-NST110719044,2,1,0.3779514811293904,0.6337673806995613
NST110719044,NST,LSR_1,LSR,1,R,R-NST110719044,2,2,0.47907295361598956,0.6337673806995613
NST110719044,NST,MJS_1,MJS,1,R,R-NST110719044,2,1,0.34566581717315614,0.6047714227934595
NST110719044,NST,MJS_1,MJS,1,R,R-NST110719044,2,2,0.5040241047477372,0.6047714227934595
NST110719045,NST,CJF_1,CJF,1,R,R-NST110719045,2,1,0.4713728500748048,0.8317659605970487
NST110719045,NST,CJF_1,CJF,1,R,R-NST110719045,2,2,0.688745103431098,0.8317659605970487
NST110719045,NST,JRS_1,JRS,1,R,R-NST110719045,2,1,0.5212602119552535,0.8769872397706228
NST110719045,NST,JRS_1,JRS,1,R,R-NST110719045,2,2,0.765015516737565,0.8769872397706228
NST110719045,NST,LEL_1,LEL,1,R,R-NST110719045,2,1,0.5128274950701217,0.8018193056041555
NST110719045,NST,LEL_1,LEL,1,R,R-NST110719045,2,2,0.7162040907820649,0.8018193056041555
NST110719045,NST,LSR_1,LSR,1,R,R-NST110719045,2,1,0.4040243223306026,0.6003071728746997
NST110719045,NST,LSR_1,LSR,1,R,R-NST110719045,2,2,0.5102821888491021,0.6003071728746997
NST110719045,NST,MJS_1,MJS,1,R,R-NST110719045,2,1,0.5804326001770542,0.9002805797614953
NST110719045,NST,MJS_1,MJS,1,R,R-NST110719045,2,2,0.7765625941054768,0.9002805797614953
NST110719046,NST,CJF_1,CJF,1,R,R-NST110719046,4,1,0.4371964918069157,0.9794564521035674
NST110719046,NST,CJF_1,CJF,1,R,R-NST110719046,4,2,0.6399148307166744,0.9794564521035674
NST110719046,NST,CJF_1,CJF,1,R,R-NST110719046,4,3,0.7554761839612891,0.9794564521035674
NST110719046,NST,CJF_1,CJF,1,R,R-NST110719046,4,4,0.8661374474553957,0.9794564521035674
NST110719046,NST,JRS_1,JRS,1,R,R-NST110719046,4,1,0.49421398737730843,0.9954259737691756
NST110719046,NST,JRS_1,JRS,1,R,R-NST110719046,4,2,0.6315133552651531,0.9954259737691756
NST110719046,NST,JRS_1,JRS,1,R,R-NST110719046,4,3,0.7778117380523747,0.9954259737691756
NST110719046,NST,JRS_1,JRS,1,R,R-NST110719046,4,4,0.8949499394181638,0.9954259737691756
NST110719046,NST,LEL_1,LEL,1,R,R-NST110719046,4,1,0.4420731259560882,0.9357376026291686
NST110719046,NST,LEL_1,LEL,1,R,R-NST110719046,4,2,0.6036869267003391,0.9357376026291686
NST110719046,NST,LEL_1,LEL,1,R,R-NST110719046,4,3,0.7177522492338476,0.9357376026291686
NST110719046,NST,LEL_1,LEL,1,R,R-NST110719046,4,4,0.8441624123757342,0.9357376026291686
NST110719046,NST,LSR_1,LSR,1,R,R-NST110719046,4,1,0.5040704540228711,1.0320585090715513
NST110719046,NST,LSR_1,LSR,1,R,R-NST110719046,4,2,0.642384524131663,1.0320585090715513
NST110719046,NST,LSR_1,LSR,1,R,R-NST110719046,4,3,0.8054293984153608,1.0320585090715513
NST110719046,NST,LSR_1,LSR,1,R,R-NST110719046,4,4,0.9252425076045138,1.0320585090715513
NST110719046,NST,MJS_1,MJS,1,R,R-NST110719046,4,1,0.556374472124386,1.0449696625421794
NST110719046,NST,MJS_1,MJS,1,R,R-NST110719046,4,2,0.7122389932814388,1.0449696625421794
NST110719046,NST,MJS_1,MJS,1,R,R-NST110719046,4,3,0.8431384687803184,1.0449696625421794
NST110719046,NST,MJS_1,MJS,1,R,R-NST110719046,4,4,0.9737596765980913,1.0449696625421794
NST110719047,NST,CJF_1,CJF,1,R,R-NST110719047,2,1,0.5659946768019279,0.885393863603689
NST110719047,NST,CJF_1,CJF,1,R,R-NST110719047,2,2,0.7423149157867821,0.885393863603689
NST110719047,NST,JRS_1,JRS,1,R,R-NST110719047,2,1,0.5734836607666921,0.8680565457084346
NST110719047,NST,JRS_1,JRS,1,R,R-NST110719047,2,2,0.7346155343506332,0.8680565457084346
NST110719047,NST,LEL_1,LEL,1,R,R-NST110719047,2,1,0.5391581741810687,0.8021972572100046
NST110719047,NST,LEL_1,LEL,1,R,R-NST110719047,2,2,0.7132912291364712,0.8021972572100046
NST110719047,NST,LSR_1,LSR,1,R,R-NST110719047,2,1,0.526729486253728,0.8190107263262063
NST110719047,NST,LSR_1,LSR,1,R,R-NST110719047,2,2,0.7092794820670987,0.8190107263262063
NST110719047,NST,MJS_1,MJS,1,R,R-NST110719047,2,1,0.5516701897109227,0.8517094916667562
NST110719047,NST,MJS_1,MJS,1,R,R-NST110719047,2,2,0.7311406407130767,0.8517094916667562
NST110719048,NST,CJF_1,CJF,1,R,R-NST110719048,4,1,0.6399633480551773,1.207164615494126
NST110719048,NST,CJF_1,CJF,1,R,R-NST110719048,4,2,0.8222696292318125,1.207164615494126
NST110719048,NST,CJF_1,CJF,1,R,R-NST110719048,4,3,0.9622632213497557,1.207164615494126
NST110719048,NST,CJF_1,CJF,1,R,R-NST110719048,4,4,1.0819228781707124,1.207164615494126
NST110719048,NST,JRS_1,JRS,1,R,R-NST110719048,4,1,0.6311390239900593,1.1868911674367495
NST110719048,NST,JRS_1,JRS,1,R,R-NST110719048,4,2,0.839527504858234,1.1868911674367495
NST110719048,NST,JRS_1,JRS,1,R,R-NST110719048,4,3,0.9616629527231751,1.1868911674367495
NST110719048,NST,JRS_1,JRS,1,R,R-NST110719048,4,4,1.0878123731690006,1.1868911674367495
NST110719048,NST,LEL_1,LEL,1,R,R-NST110719048,4,1,0.5884137304100282,1.1456619704671245
NST110719048,NST,LEL_1,LEL,1,R,R-NST110719048,4,2,0.7636039446400218,1.1456619704671245
NST110719048,NST,LEL_1,LEL,1,R,R-NST110719048,4,3,0.9075580867879798,1.1456619704671245
NST110719048,NST,LEL_1,LEL,1,R,R-NST110719048,4,4,1.0264245568495638,1.1456619704671245
NST110719048,NST,LSR_1,LSR,1,R,R-NST110719048,4,1,0.6396585775391528,1.2021295532301295
NST110719048,NST,LSR_1,LSR,1,R,R-NST110719048,4,2,0.8053700423373137,1.2021295532301295
NST110719048,NST,LSR_1,LSR,1,R,R-NST110719048,4,3,0.9771411629537389,1.2021295532301295
NST110719048,NST,LSR_1,LSR,1,R,R-NST110719048,4,4,1.098477410687253,1.2021295532301295
NST110719048,NST,MJS_1,MJS,1,R,R-NST110719048,4,1,0.671883616970545,1.2249405794923969
NST110719048,NST,MJS_1,MJS,1,R,R-NST110719048,4,2,0.857908300630537,1.2249405794923969
NST110719048,NST,MJS_1,MJS,1,R,R-NST110719048,4,3,0.9820111128371203,1.2249405794923969
NST110719048,NST,MJS_1,MJS,1,R,R-NST110719048,4,4,1.1069878080854456,1.2249405794923969
NST110719049,NST,CJF_1,CJF,1,R,R-NST110719049,5,1,0.4947592733642492,1.127876572078547
NST110719049,NST,CJF_1,CJF,1,R,R-NST110719049,5,2,0.6710808281968479,1.127876572078547
NST110719049,NST,CJF_1,CJF,1,R,R-NST110719049,5,3,0.8112494010496707,1.127876572078547
NST110719049,NST,CJF_1,CJF,1,R,R-NST110719049,5,4,0.9312568487229205,1.127876572078547
NST110719049,NST,CJF_1,CJF,1,R,R-NST110719049,5,5,1.0415263421650218,1.127876572078547
NST110719049,NST,JRS_1,JRS,1,R,R-NST110719049,4,1,0.6881508501318464,1.1254650619346807
NST110719049,NST,JRS_1,JRS,1,R,R-NST110719049,4,2,0.8415382092222954,1.1254650619346807
NST110719049,NST,JRS_1,JRS,1,R,R-NST110719049,4,3,0.949327813740644,1.1254650619346807
NST110719049,NST,JRS_1,JRS,1,R,R-NST110719049,4,4,1.0616478008067256,1.1254650619346807
NST110719049,NST,LEL_1,LEL,1,R,R-NST110719049,5,1,0.49054039224222423,1.1197854884369203
NST110719049,NST,LEL_1,LEL,1,R,R-NST110719049,5,2,0.681780003852439,1.1197854884369203
NST110719049,NST,LEL_1,LEL,1,R,R-NST110719049,5,3,0.8174361140912084,1.1197854884369203
NST110719049,NST,LEL_1,LEL,1,R,R-NST110719049,5,4,0.9295048347238781,1.1197854884369203
NST110719049,NST,LEL_1,LEL,1,R,R-NST110719049,5,5,1.056301363858512,1.1197854884369203
NST110719049,NST,LSR_1,LSR,1,R,R-NST110719049,6,1,0.5606368255048226,1.2120911389916147
NST110719049,NST,LSR_1,LSR,1,R,R-NST110719049,6,2,0.6484744587995234,1.2120911389916147
NST110719049,NST,LSR_1,LSR,1,R,R-NST110719049,6,3,0.7739741778626252,1.2120911389916147
NST110719049,NST,LSR_1,LSR,1,R,R-NST110719049,6,4,0.9049564439645752,1.2120911389916147
NST110719049,NST,LSR_1,LSR,1,R,R-NST110719049,6,5,1.0413019665214502,1.2120911389916147
NST110719049,NST,LSR_1,LSR,1,R,R-NST110719049,6,6,1.1372441297905005,1.2120911389916147
NST110719049,NST,MJS_1,MJS,1,R,R-NST110719049,5,1,0.5645049276775534,1.2019670575955237
NST110719049,NST,MJS_1,MJS,1,R,R-NST110719049,5,2,0.7264689397431607,1.2019670575955237
NST110719049,NST,MJS_1,MJS,1,R,R-NST110719049,5,3,0.8698307376446882,1.2019670575955237
NST110719049,NST,MJS_1,MJS,1,R,R-NST110719049,5,4,0.9937646072595828,1.2019670575955237
NST110719049,NST,MJS_1,MJS,1,R,R-NST110719049,5,5,1.12372115016926,1.2019670575955237
NST110719050,NST,CJF_1,CJF,1,R,R-NST110719050,3,1,0.5159925109690817,0.985441332200345
NST110719050,NST,CJF_1,CJF,1,R,R-NST110719050,3,2,0.7068202116201887,0.985441332200345
NST110719050,NST,CJF_1,CJF,1,R,R-NST110719050,3,3,0.8732812575906612,0.985441332200345
NST110719050,NST,JRS_1,JRS,1,R,R-NST110719050,3,1,0.5173321599023348,0.977466014282115
NST110719050,NST,JRS_1,JRS,1,R,R-NST110719050,3,2,0.7034440263607632,0.977466014282115
NST110719050,NST,JRS_1,JRS,1,R,R-NST110719050,3,3,0.8636672049146349,0.977466014282115
NST110719050,NST,LEL_1,LEL,1,R,R-NST110719050,3,1,0.5307321901045692,0.9881086718481039
NST110719050,NST,LEL_1,LEL,1,R,R-NST110719050,3,2,0.7075123083688807,0.9881086718481039
NST110719050,NST,LEL_1,LEL,1,R,R-NST110719050,3,3,0.8703945460523547,0.9881086718481039
NST110719050,NST,LSR_1,LSR,1,R,R-NST110719050,3,1,0.4485273032644875,0.7614869392816617
NST110719050,NST,LSR_1,LSR,1,R,R-NST110719050,3,2,0.572281616115411,0.7614869392816617
NST110719050,NST,LSR_1,LSR,1,R,R-NST110719050,3,3,0.665082426968129,0.7614869392816617
NST110719050,NST,MJS_1,MJS,1,R,R-NST110719050,3,1,0.5032874942275275,0.9501126545460761
NST110719050,NST,MJS_1,MJS,1,R,R-NST110719050,3,2,0.6600957745030503,0.9501126545460761
NST110719050,NST,MJS_1,MJS,1,R,R-NST110719050,3,3,0.8336283791729974,0.9501126545460761
NST110719051,NST,CJF_1,CJF,1,R,R-NST110719051,2,1,0.3109895820009591,0.49890939422575903
NST110719051,NST,CJF_1,CJF,1,R,R-NST110719051,2,2,0.44537388274838896,0.49890939422575903
NST110719051,NST,LEL_1,LEL,1,R,R-NST110719051,2,1,0.26444198947146075,0.7342336221607078
NST110719051,NST,LEL_1,LEL,1,R,R-NST110719051,2,2,0.5546364927512785,0.7342336221607078
NST110719051,NST,LSR_1,LSR,1,R,R-NST110719051,2,1,0.25486806969359654,0.6901394627119136
NST110719051,NST,LSR_1,LSR,1,R,R-NST110719051,2,2,0.49666666019512484,0.6901394627119136
NST110719051,NST,MJS_1,MJS,1,R,R-NST110719051,2,1,0.2969266652564866,0.5770339011910488
NST110719051,NST,MJS_1,MJS,1,R,R-NST110719051,2,2,0.5087147894338206,0.5770339011910488
NST110719052,NST,CJF_1,CJF,1,R,R-NST110719052,2,1,0.43915578321824256,0.770245855700876
NST110719052,NST,CJF_1,CJF,1,R,R-NST110719052,2,2,0.6475420545089255,0.770245855700876
NST110719052,NST,JRS_1,JRS,1,R,R-NST110719052,2,1,0.4264784881654839,0.7397150848473868
NST110719052,NST,JRS_1,JRS,1,R,R-NST110719052,2,2,0.6160004244076918,0.7397150848473868
NST110719052,NST,LEL_1,LEL,1,R,R-NST110719052,2,1,0.4795235241064114,0.7971296575269456
NST110719052,NST,LEL_1,LEL,1,R,R-NST110719052,2,2,0.6481703311923162,0.7971296575269456
NST110719052,NST,LSR_1,LSR,1,R,R-NST110719052,2,1,0.4149183663793579,0.6704345277647373
NST110719052,NST,LSR_1,LSR,1,R,R-NST110719052,2,2,0.5711815148120394,0.6704345277647373
NST110719052,NST,MJS_1,MJS,1,R,R-NST110719052,2,1,0.487216536149553,0.7698010826464391
NST110719052,NST,MJS_1,MJS,1,R,R-NST110719052,2,2,0.6590676750647476,0.7698010826464391
NST110719053,NST,CJF_1,CJF,1,R,R-NST110719053,5,1,0.5179268254179612,1.1653353571904126
NST110719053,NST,CJF_1,CJF,1,R,R-NST110719053,5,2,0.7124676059240025,1.1653353571904126
NST110719053,NST,CJF_1,CJF,1,R,R-NST110719053,5,3,0.8459115725891504,1.1653353571904126
NST110719053,NST,CJF_1,CJF,1,R,R-NST110719053,5,4,0.9628700560630545,1.1653353571904126
NST110719053,NST,CJF_1,CJF,1,R,R-NST110719053,5,5,1.0623165891133044,1.1653353571904126
NST110719053,NST,JRS_1,JRS,1,R,R-NST110719053,5,1,0.5199660527631241,1.1750985533156841
NST110719053,NST,JRS_1,JRS,1,R,R-NST110719053,5,2,0.7242118009764856,1.1750985533156841
NST110719053,NST,JRS_1,JRS,1,R,R-NST110719053,5,3,0.8553879087399181,1.1750985533156841
NST110719053,NST,JRS_1,JRS,1,R,R-NST110719053,5,4,0.96929419139737,1.1750985533156841
NST110719053,NST,JRS_1,JRS,1,R,R-NST110719053,5,5,1.0682373009183967,1.1750985533156841
NST110719053,NST,LEL_1,LEL,1,R,R-NST110719053,5,1,0.5772526410105271,1.240496736633752
NST110719053,NST,LEL_1,LEL,1,R,R-NST110719053,5,2,0.7866852676951898,1.240496736633752
NST110719053,NST,LEL_1,LEL,1,R,R-NST110719053,5,3,0.9375621496662995,1.240496736633752
NST110719053,NST,LEL_1,LEL,1,R,R-NST110719053,5,4,1.0305960318018503,1.240496736633752
NST110719053,NST,LEL_1,LEL,1,R,R-NST110719053,5,5,1.1279241728394687,1.240496736633752
NST110719053,NST,LSR_1,LSR,1,R,R-NST110719053,5,1,0.5463854448098631,1.179069052934698
NST110719053,NST,LSR_1,LSR,1,R,R-NST110719053,5,2,0.7186814854592251,1.179069052934698
NST110719053,NST,LSR_1,LSR,1,R,R-NST110719053,5,3,0.8603311799680512,1.179069052934698
NST110719053,NST,LSR_1,LSR,1,R,R-NST110719053,5,4,0.9640482992769372,1.179069052934698
NST110719053,NST,LSR_1,LSR,1,R,R-NST110719053,5,5,1.0638220180755391,1.179069052934698
NST110719053,NST,MJS_1,MJS,1,R,R-NST110719053,5,1,0.49575552450671423,1.1319960721813433
NST110719053,NST,MJS_1,MJS,1,R,R-NST110719053,5,2,0.676533924553352,1.1319960721813433
NST110719053,NST,MJS_1,MJS,1,R,R-NST110719053,5,3,0.7963168696620674,1.1319960721813433
NST110719053,NST,MJS_1,MJS,1,R,R-NST110719053,5,4,0.9054955790810025,1.1319960721813433
NST110719053,NST,MJS_1,MJS,1,R,R-NST110719053,5,5,1.0253629230764458,1.1319960721813433
NST110719054,NST,CJF_1,CJF,1,R,R-NST110719054,4,1,0.48973767049030287,0.9910216365756558
NST110719054,NST,CJF_1,CJF,1,R,R-NST110719054,4,2,0.6686990048019067,0.9910216365756558
NST110719054,NST,CJF_1,CJF,1,R,R-NST110719054,4,3,0.7836772207791374,0.9910216365756558
NST110719054,NST,CJF_1,CJF,1,R,R-NST110719054,4,4,0.8893539071152639,0.9910216365756558
NST110719054,NST,JRS_1,JRS,1,R,R-NST110719054,4,1,0.4525549718552599,0.9392467480728457
NST110719054,NST,JRS_1,JRS,1,R,R-NST110719054,4,2,0.6253782774127646,0.9392467480728457
NST110719054,NST,JRS_1,JRS,1,R,R-NST110719054,4,3,0.7459267345538434,0.9392467480728457
NST110719054,NST,JRS_1,JRS,1,R,R-NST110719054,4,4,0.8556371717373245,0.9392467480728457
NST110719054,NST,LEL_1,LEL,1,R,R-NST110719054,3,1,0.6305771647551452,0.9421981969257248
NST110719054,NST,LEL_1,LEL,1,R,R-NST110719054,3,2,0.7565769736914337,0.9421981969257248
NST110719054,NST,LEL_1,LEL,1,R,R-NST110719054,3,3,0.8644606094026949,0.9421981969257248
NST110719054,NST,LSR_1,LSR,1,R,R-NST110719054,4,1,0.547545634677435,1.0352965209352962
NST110719054,NST,LSR_1,LSR,1,R,R-NST110719054,4,2,0.730274774449348,1.0352965209352962
NST110719054,NST,LSR_1,LSR,1,R,R-NST110719054,4,3,0.8586752129330014,1.0352965209352962
NST110719054,NST,LSR_1,LSR,1,R,R-NST110719054,4,4,0.9584455299248748,1.0352965209352962
NST110719054,NST,MJS_1,MJS,1,R,R-NST110719054,4,1,0.5083082219020145,1.0107228142357119
NST110719054,NST,MJS_1,MJS,1,R,R-NST110719054,4,2,0.6771275499465323,1.0107228142357119
NST110719054,NST,MJS_1,MJS,1,R,R-NST110719054,4,3,0.8080080816754529,1.0107228142357119
NST110719054,NST,MJS_1,MJS,1,R,R-NST110719054,4,4,0.9086527358141867,1.0107228142357119
NST110719055,NST,CJF_1,CJF,1,R,R-NST110719055,2,1,0.46823354206121254,0.8264781149105846
NST110719055,NST,CJF_1,CJF,1,R,R-NST110719055,2,2,0.6886016919403389,0.8264781149105846
NST110719055,NST,JRS_1,JRS,1,R,R-NST110719055,2,1,0.3723381233127055,0.5837874131097107
NST110719055,NST,JRS_1,JRS,1,R,R-NST110719055,2,2,0.5324118303427214,0.5837874131097107
NST110719055,NST,LEL_1,LEL,1,R,R-NST110719055,2,1,0.47374464075689354,0.8018193056041554
NST110719055,NST,LEL_1,LEL,1,R,R-NST110719055,2,2,0.6523570628733836,0.8018193056041554
NST110719055,NST,LSR_1,LSR,1,R,R-NST110719055,2,1,0.33597844868337484,0.5628355440397561
NST110719055,NST,LSR_1,LSR,1,R,R-NST110719055,2,2,0.49924985803827593,0.5628355440397561
NST110719055,NST,MJS_1,MJS,1,R,R-NST110719055,2,1,0.5381028445854896,0.8798775180652023
NST110719055,NST,MJS_1,MJS,1,R,R-NST110719055,2,2,0.7399690049049769,0.8798775180652023
NST110719056,NST,CJF_1,CJF,1,R,R-NST110719056,2,1,0.5435721143237239,0.9546924193855626
NST110719056,NST,CJF_1,CJF,1,R,R-NST110719056,2,2,0.7836138878566242,0.9546924193855626
NST110719056,NST,JRS_1,JRS,1,R,R-NST110719056,2,1,0.5656575027327108,0.9452970912157818
NST110719056,NST,JRS_1,JRS,1,R,R-NST110719056,2,2,0.7900653738397726,0.9452970912157818
NST110719056,NST,LEL_1,LEL,1,R,R-NST110719056,2,1,0.5555103745651457,0.9546453323654379
NST110719056,NST,LEL_1,LEL,1,R,R-NST110719056,2,2,0.8106439388555532,0.9546453323654379
NST110719056,NST,LSR_1,LSR,1,R,R-NST110719056,3,1,0.6206920101384921,0.9927031447556123
NST110719056,NST,LSR_1,LSR,1,R,R-NST110719056,3,2,0.8352836361363243,0.9927031447556123
NST110719056,NST,LSR_1,LSR,1,R,R-NST110719056,3,3,0.9698086152957637,0.9927031447556123
NST110719056,NST,MJS_1,MJS,1,R,R-NST110719056,2,1,0.6205742557074451,0.9745572571754165
NST110719056,NST,MJS_1,MJS,1,R,R-NST110719056,2,2,0.8246647696155083,0.9745572571754165
NST110719057,NST,CJF_1,CJF,1,R,R-NST110719057,4,1,0.5715445531228729,1.1470957063593674
NST110719057,NST,CJF_1,CJF,1,R,R-NST110719057,4,2,0.7722361091165164,1.1470957063593674
NST110719057,NST,CJF_1,CJF,1,R,R-NST110719057,4,3,0.9053989675231251,1.1470957063593674
NST110719057,NST,CJF_1,CJF,1,R,R-NST110719057,4,4,1.0369068620463826,1.1470957063593674
NST110719057,NST,JRS_1,JRS,1,R,R-NST110719057,4,1,0.5589626614230747,1.1221093933722628
NST110719057,NST,JRS_1,JRS,1,R,R-NST110719057,4,2,0.7540364524351802,1.1221093933722628
NST110719057,NST,JRS_1,JRS,1,R,R-NST110719057,4,3,0.8949110491855864,1.1221093933722628
NST110719057,NST,JRS_1,JRS,1,R,R-NST110719057,4,4,1.0135937864980513,1.1221093933722628
NST110719057,NST,LEL_1,LEL,1,R,R-NST110719057,4,1,0.6227387713143776,1.1931681142655604
NST110719057,NST,LEL_1,LEL,1,R,R-NST110719057,4,2,0.817848110582962,1.1931681142655604
NST110719057,NST,LEL_1,LEL,1,R,R-NST110719057,4,3,0.9626912948381936,1.1931681142655604
NST110719057,NST,LEL_1,LEL,1,R,R-NST110719057,4,4,1.0960241938797368,1.1931681142655604
NST110719057,NST,LSR_1,LSR,1,R,R-NST110719057,4,1,0.651562849005003,1.2342524024472525
NST110719057,NST,LSR_1,LSR,1,R,R-NST110719057,4,2,0.8378762023941545,1.2342524024472525
NST110719057,NST,LSR_1,LSR,1,R,R-NST110719057,4,3,0.9731289675120252,1.2342524024472525
NST110719057,NST,LSR_1,LSR,1,R,R-NST110719057,4,4,1.0957939608457081,1.2342524024472525
NST110719057,NST,MJS_1,MJS,1,R,R-NST110719057,4,1,0.6205934502762434,1.15428116693463
NST110719057,NST,MJS_1,MJS,1,R,R-NST110719057,4,2,0.7963243755134097,1.15428116693463
NST110719057,NST,MJS_1,MJS,1,R,R-NST110719057,4,3,0.9410537299011995,1.15428116693463
NST110719057,NST,MJS_1,MJS,1,R,R-NST110719057,4,4,1.067554961961514,1.15428116693463
NST110719058,NST,CJF_1,CJF,1,R,R-NST110719058,2,1,0.4904987000332761,0.816845404132203
NST110719058,NST,CJF_1,CJF,1,R,R-NST110719058,2,2,0.6708182027607973,0.816845404132203
NST110719058,NST,JRS_1,JRS,1,R,R-NST110719058,2,1,0.43535771140259466,0.7429932774905434
NST110719058,NST,JRS_1,JRS,1,R,R-NST110719058,2,2,0.6026174821024007,0.7429932774905434
NST110719058,NST,LEL_1,LEL,1,R,R-NST110719058,2,1,0.5214155055396678,0.8438725193241269
NST110719058,NST,LEL_1,LEL,1,R,R-NST110719058,2,2,0.7051921971663179,0.8438725193241269
NST110719058,NST,LSR_1,LSR,1,R,R-NST110719058,2,1,0.5304570552833509,0.8349785221295017
NST110719058,NST,LSR_1,LSR,1,R,R-NST110719058,2,2,0.6930971208742753,0.8349785221295017
NST110719058,NST,MJS_1,MJS,1,R,R-NST110719058,2,1,0.5342200359442737,0.8146188638309102
NST110719058,NST,MJS_1,MJS,1,R,R-NST110719058,2,2,0.699033173400875,0.8146188638309102
NST110719059,NST,CJF_1,CJF,1,R,R-NST110719059,2,1,0.5414006995046554,0.9062984176421232
NST110719059,NST,CJF_1,CJF,1,R,R-NST110719059,2,2,0.752267935825027,0.9062984176421232
NST110719059,NST,JRS_1,JRS,1,R,R-NST110719059,2,1,0.57072918677355,0.9235121339019038
NST110719059,NST,JRS_1,JRS,1,R,R-NST110719059,2,2,0.783371455300076,0.9235121339019038
NST110719059,NST,LEL_1,LEL,1,R,R-NST110719059,2,1,0.577389420673348,0.9439040596173612
NST110719059,NST,LEL_1,LEL,1,R,R-NST110719059,2,2,0.780022884520016,0.9439040596173612
NST110719059,NST,LSR_1,LSR,1,R,R-NST110719059,2,1,0.5647931656660417,0.9059923601008173
NST110719059,NST,LSR_1,LSR,1,R,R-NST110719059,2,2,0.7653086925589849,0.9059923601008173
NST110719059,NST,MJS_1,MJS,1,R,R-NST110719059,2,1,0.5709124221386495,0.9045386173016395
NST110719059,NST,MJS_1,MJS,1,R,R-NST110719059,2,2,0.7700216523609421,0.9045386173016395
NST110719060,NST,CJF_1,CJF,1,R,R-NST110719060,2,1,0.5201335421216908,0.853044657023512
NST110719060,NST,CJF_1,CJF,1,R,R-NST110719060,2,2,0.7262800730523502,0.853044657023512
NST110719060,NST,JRS_1,JRS,1,R,R-NST110719060,2,1,0.531298594655165,0.8428269861661299
NST110719060,NST,JRS_1,JRS,1,R,R-NST110719060,2,2,0.7196797431170533,0.8428269861661299
NST110719060,NST,LEL_1,LEL,1,R,R-NST110719060,2,1,0.46371905812717057,0.7998614768056971
NST110719060,NST,LEL_1,LEL,1,R,R-NST110719060,2,2,0.6611796079891343,0.7998614768056971
NST110719060,NST,LSR_1,LSR,1,R,R-NST110719060,2,1,0.4650863216568556,0.7931102617783783
NST110719060,NST,LSR_1,LSR,1,R,R-NST110719060,2,2,0.6618755595581359,0.7931102617783783
NST110719060,NST,MJS_1,MJS,1,R,R-NST110719060,2,1,0.5662280287942739,0.8887943977670534
NST110719060,NST,MJS_1,MJS,1,R,R-NST110719060,2,2,0.745199715011275,0.8887943977670534
NST110719061,NST,CJF_1,CJF,1,R,R-NST110719061,4,1,0.48808600236660493,1.0820276446077974
NST110719061,NST,CJF_1,CJF,1,R,R-NST110719061,4,2,0.7003206806558817,1.0820276446077974
NST110719061,NST,CJF_1,CJF,1,R,R-NST110719061,4,3,0.8536634784652348,1.0820276446077974
NST110719061,NST,CJF_1,CJF,1,R,R-NST110719061,4,4,0.9733225964028223,1.0820276446077974
NST110719061,NST,JRS_1,JRS,1,R,R-NST110719061,4,1,0.5225636102815597,1.109453292268672
NST110719061,NST,JRS_1,JRS,1,R,R-NST110719061,4,2,0.7037663139350114,1.109453292268672
NST110719061,NST,JRS_1,JRS,1,R,R-NST110719061,4,3,0.8679448963912652,1.109453292268672
NST110719061,NST,JRS_1,JRS,1,R,R-NST110719061,4,4,1.0015600225547763,1.109453292268672
NST110719061,NST,LEL_1,LEL,1,R,R-NST110719061,4,1,0.5679102407590313,1.1170232933815505
NST110719061,NST,LEL_1,LEL,1,R,R-NST110719061,4,2,0.7605998659423565,1.1170232933815505
NST110719061,NST,LEL_1,LEL,1,R,R-NST110719061,4,3,0.9009339321251245,1.1170232933815505
NST110719061,NST,LEL_1,LEL,1,R,R-NST110719061,4,4,1.0346796227947324,1.1170232933815505
NST110719061,NST,LSR_1,LSR,1,R,R-NST110719061,6,1,0.5527618433510196,1.1055664122551485
NST110719061,NST,LSR_1,LSR,1,R,R-NST110719061,6,2,0.7137944530198115,1.1055664122551485
NST110719061,NST,LSR_1,LSR,1,R,R-NST110719061,6,3,0.7782032243320168,1.1055664122551485
NST110719061,NST,LSR_1,LSR,1,R,R-NST110719061,6,4,0.8747629743589389,1.1055664122551485
NST110719061,NST,LSR_1,LSR,1,R,R-NST110719061,6,5,0.9687164656461964,1.1055664122551485
NST110719061,NST,LSR_1,LSR,1,R,R-NST110719061,6,6,1.0572865372416873,1.1055664122551485
NST110719061,NST,MJS_1,MJS,1,R,R-NST110719061,4,1,0.5475686385197943,1.1455228347429947
NST110719061,NST,MJS_1,MJS,1,R,R-NST110719061,4,2,0.7402987185774667,1.1455228347429947
NST110719061,NST,MJS_1,MJS,1,R,R-NST110719061,4,3,0.8922420078553492,1.1455228347429947
NST110719061,NST,MJS_1,MJS,1,R,R-NST110719061,4,4,1.04579040405089,1.1455228347429947
NST110719062,NST,CJF_1,CJF,1,R,R-NST110719062,4,1,0.42514367909187917,0.8552614878681498
NST110719062,NST,CJF_1,CJF,1,R,R-NST110719062,4,2,0.5787161399780796,0.8552614878681498
NST110719062,NST,CJF_1,CJF,1,R,R-NST110719062,4,3,0.6738145152824505,0.8552614878681498
NST110719062,NST,CJF_1,CJF,1,R,R-NST110719062,4,4,0.7787625531623249,0.8552614878681498
NST110719062,NST,JRS_1,JRS,1,R,R-NST110719062,4,1,0.4656168358258493,0.8748615032124835
NST110719062,NST,JRS_1,JRS,1,R,R-NST110719062,4,2,0.6206060513659288,0.8748615032124835
NST110719062,NST,JRS_1,JRS,1,R,R-NST110719062,4,3,0.7238114899295959,0.8748615032124835
NST110719062,NST,JRS_1,JRS,1,R,R-NST110719062,4,4,0.8042870034229996,0.8748615032124835
NST110719062,NST,LEL_1,LEL,1,R,R-NST110719062,4,1,0.41209375064736004,0.8606123594771111
NST110719062,NST,LEL_1,LEL,1,R,R-NST110719062,4,2,0.6214731020997137,0.8606123594771111
NST110719062,NST,LEL_1,LEL,1,R,R-NST110719062,4,3,0.7135552910149991,0.8606123594771111
NST110719062,NST,LEL_1,LEL,1,R,R-NST110719062,4,4,0.7886593069324426,0.8606123594771111
NST110719062,NST,LSR_1,LSR,1,R,R-NST110719062,4,1,0.4860922303159329,0.8422825008621756
NST110719062,NST,LSR_1,LSR,1,R,R-NST110719062,4,2,0.6092988955658595,0.8422825008621756
NST110719062,NST,LSR_1,LSR,1,R,R-NST110719062,4,3,0.7071633893826165,0.8422825008621756
NST110719062,NST,LSR_1,LSR,1,R,R-NST110719062,4,4,0.7899634705299063,0.8422825008621756
NST110719062,NST,MJS_1,MJS,1,R,R-NST110719062,4,1,0.5293643896488417,0.9450570032687312
NST110719062,NST,MJS_1,MJS,1,R,R-NST110719062,4,2,0.6531660499392322,0.9450570032687312
NST110719062,NST,MJS_1,MJS,1,R,R-NST110719062,4,3,0.7684240990015048,0.9450570032687312
NST110719062,NST,MJS_1,MJS,1,R,R-NST110719062,4,4,0.8550680069805231,0.9450570032687312
NST110719063,NST,CJF_1,CJF,1,R,R-NST110719063,4,1,0.5098696610921617,1.0297326499193906
NST110719063,NST,CJF_1,CJF,1,R,R-NST110719063,4,2,0.6558310845627688,1.0297326499193906
NST110719063,NST,CJF_1,CJF,1,R,R-NST110719063,4,3,0.7898005147512949,1.0297326499193906
NST110719063,NST,CJF_1,CJF,1,R,R-NST110719063,4,4,0.9157672593146824,1.0297326499193906
NST110719063,NST,JRS_1,JRS,1,R,R-NST110719063,4,1,0.5102769193447099,1.0006400424515176
NST110719063,NST,JRS_1,JRS,1,R,R-NST110719063,4,2,0.6743853805871514,1.0006400424515176
NST110719063,NST,JRS_1,JRS,1,R,R-NST110719063,4,3,0.8185800455916912,1.0006400424515176
NST110719063,NST,JRS_1,JRS,1,R,R-NST110719063,4,4,0.9087259770555897,1.0006400424515176
NST110719063,NST,LEL_1,LEL,1,R,R-NST110719063,4,1,0.4276690936978996,0.812997338929433
NST110719063,NST,LEL_1,LEL,1,R,R-NST110719063,4,2,0.5606452814152731,0.812997338929433
NST110719063,NST,LEL_1,LEL,1,R,R-NST110719063,4,3,0.6700801475562981,0.812997338929433
NST110719063,NST,LEL_1,LEL,1,R,R-NST110719063,4,4,0.7537249053503181,0.812997338929433
NST110719063,NST,LSR_1,LSR,1,R,R-NST110719063,4,1,0.5166783901726918,0.9205304715968659
NST110719063,NST,LSR_1,LSR,1,R,R-NST110719063,4,2,0.6652322805476336,0.9205304715968659
NST110719063,NST,LSR_1,LSR,1,R,R-NST110719063,4,3,0.7675134440583965,0.9205304715968659
NST110719063,NST,LSR_1,LSR,1,R,R-NST110719063,4,4,0.8515260990282721,0.9205304715968659
NST110719063,NST,MJS_1,MJS,1,R,R-NST110719063,4,1,0.5226638185904645,1.0408167642005155
NST110719063,NST,MJS_1,MJS,1,R,R-NST110719063,4,2,0.668079051920854,1.0408167642005155
NST110719063,NST,MJS_1,MJS,1,R,R-NST110719063,4,3,0.8265688473782785,1.0408167642005155
NST110719063,NST,MJS_1,MJS,1,R,R-NST110719063,4,4,0.9571795821532967,1.0408167642005155
NST110719064,NST,CJF_1,CJF,1,R,R-NST110719064,4,1,0.44318239272768095,0.9260091443532636
NST110719064,NST,CJF_1,CJF,1,R,R-NST110719064,4,2,0.6065697538225019,0.9260091443532636
NST110719064,NST,CJF_1,CJF,1,R,R-NST110719064,4,3,0.7213059947748233,0.9260091443532636
NST110719064,NST,CJF_1,CJF,1,R,R-NST110719064,4,4,0.8292528579501863,0.9260091443532636
NST110719064,NST,JRS_1,JRS,1,R,R-NST110719064,4,1,0.4808708198400267,0.996059282014714
NST110719064,NST,JRS_1,JRS,1,R,R-NST110719064,4,2,0.6594476627106063,0.996059282014714
NST110719064,NST,JRS_1,JRS,1,R,R-NST110719064,4,3,0.7919714615911945,0.996059282014714
NST110719064,NST,JRS_1,JRS,1,R,R-NST110719064,4,4,0.8992064235766755,0.996059282014714
NST110719064,NST,LEL_1,LEL,1,R,R-NST110719064,4,1,0.4916408435689652,1.027106530308194
NST110719064,NST,LEL_1,LEL,1,R,R-NST110719064,4,2,0.668853729989235,1.027106530308194
NST110719064,NST,LEL_1,LEL,1,R,R-NST110719064,4,3,0.8265910724758067,1.027106530308194
NST110719064,NST,LEL_1,LEL,1,R,R-NST110719064,4,4,0.9556062315964565,1.027106530308194
NST110719064,NST,LSR_1,LSR,1,R,R-NST110719064,4,1,0.5208815002639949,1.0038298924254503
NST110719064,NST,LSR_1,LSR,1,R,R-NST110719064,4,2,0.6953962372341265,1.0038298924254503
NST110719064,NST,LSR_1,LSR,1,R,R-NST110719064,4,3,0.8162360169303428,1.0038298924254503
NST110719064,NST,LSR_1,LSR,1,R,R-NST110719064,4,4,0.920065703783874,1.0038298924254503
NST110719064,NST,MJS_1,MJS,1,R,R-NST110719064,4,1,0.4849177567098605,0.9698355134197202
NST110719064,NST,MJS_1,MJS,1,R,R-NST110719064,4,2,0.6665879185603432,0.9698355134197202
NST110719064,NST,MJS_1,MJS,1,R,R-NST110719064,4,3,0.76472518853168,0.9698355134197202
NST110719064,NST,MJS_1,MJS,1,R,R-NST110719064,4,4,0.8900658010019739,0.9698355134197202
NST110719065,NST,CJF_1,CJF,1,R,R-NST110719065,2,1,0.4166261704889378,0.6931269237540477
NST110719065,NST,CJF_1,CJF,1,R,R-NST110719065,2,2,0.6103973104610545,0.6931269237540477
NST110719065,NST,JRS_1,JRS,1,R,R-NST110719065,2,1,0.44196684539131176,0.6983026903135525
NST110719065,NST,JRS_1,JRS,1,R,R-NST110719065,2,2,0.6102811518209396,0.6983026903135525
NST110719065,NST,LEL_1,LEL,1,R,R-NST110719065,0,NA,NA,0.6915179411599128
NST110719065,NST,LSR_1,LSR,1,R,R-NST110719065,2,1,0.4678781676785886,0.7257599412236705
NST110719065,NST,LSR_1,LSR,1,R,R-NST110719065,2,2,0.646996961895579,0.7257599412236705
NST110719065,NST,MJS_1,MJS,1,R,R-NST110719065,2,1,0.4952608681042026,0.7905035039087783
NST110719065,NST,MJS_1,MJS,1,R,R-NST110719065,2,2,0.6923382119897485,0.7905035039087783
NST110719066,NST,CJF_1,CJF,1,R,R-NST110719066,3,1,0.5567511568816385,1.0365088146925567
NST110719066,NST,CJF_1,CJF,1,R,R-NST110719066,3,2,0.77136910346384,1.0365088146925567
NST110719066,NST,CJF_1,CJF,1,R,R-NST110719066,3,3,0.9195492560809493,1.0365088146925567
NST110719066,NST,JRS_1,JRS,1,R,R-NST110719066,3,1,0.6205488311235049,1.1021144579037914
NST110719066,NST,JRS_1,JRS,1,R,R-NST110719066,3,2,0.8220420338202579,1.1021144579037914
NST110719066,NST,JRS_1,JRS,1,R,R-NST110719066,3,3,0.9716373966107348,1.1021144579037914
NST110719066,NST,LEL_1,LEL,1,R,R-NST110719066,3,1,0.6079781294482426,1.099362118769558
NST110719066,NST,LEL_1,LEL,1,R,R-NST110719066,3,2,0.818782789248497,1.099362118769558
NST110719066,NST,LEL_1,LEL,1,R,R-NST110719066,3,3,0.9601502722436098,1.099362118769558
NST110719066,NST,LSR_1,LSR,1,R,R-NST110719066,4,1,0.47542775259390757,1.1071572732653399
NST110719066,NST,LSR_1,LSR,1,R,R-NST110719066,4,2,0.6549238828536789,1.1071572732653399
NST110719066,NST,LSR_1,LSR,1,R,R-NST110719066,4,3,0.8422613767832378,1.1071572732653399
NST110719066,NST,LSR_1,LSR,1,R,R-NST110719066,4,4,0.9878881740829711,1.1071572732653399
NST110719066,NST,MJS_1,MJS,1,R,R-NST110719066,3,1,0.636865179055458,1.1306250489735936
NST110719066,NST,MJS_1,MJS,1,R,R-NST110719066,3,2,0.8230216874694747,1.1306250489735936
NST110719066,NST,MJS_1,MJS,1,R,R-NST110719066,3,3,1.0037303677694682,1.1306250489735936
NST110719067,NST,CJF_1,CJF,1,R,R-NST110719067,2,1,0.33182843223625247,0.6363921693403898
NST110719067,NST,CJF_1,CJF,1,R,R-NST110719067,2,2,0.5535807093896855,0.6363921693403898
NST110719067,NST,JRS_1,JRS,1,R,R-NST110719067,2,1,0.36331068569380864,0.6484863248468322
NST110719067,NST,JRS_1,JRS,1,R,R-NST110719067,2,2,0.5343280717914431,0.6484863248468322
NST110719067,NST,LEL_1,LEL,1,R,R-NST110719067,2,1,0.3726692708634993,0.6534643189057088
NST110719067,NST,LEL_1,LEL,1,R,R-NST110719067,2,2,0.5529592911177043,0.6534643189057088
NST110719067,NST,LSR_1,LSR,1,R,R-NST110719067,2,1,0.3803581151233288,0.6171923892581971
NST110719067,NST,LSR_1,LSR,1,R,R-NST110719067,2,2,0.5334381869848537,0.6171923892581971
NST110719067,NST,MJS_1,MJS,1,R,R-NST110719067,2,1,0.4220587004663812,0.7098546931453875
NST110719067,NST,MJS_1,MJS,1,R,R-NST110719067,2,2,0.6210219046420243,0.7098546931453875
NST110719068,NST,LEL_1,LEL,1,R,R-NST110719068,0,NA,NA,0.5748761422901414
NST110719068,NST,LSR_1,LSR,1,R,R-NST110719068,2,1,0.40724226156665433,0.5497188830389412
NST110719068,NST,LSR_1,LSR,1,R,R-NST110719068,2,2,0.4917871673785084,0.5497188830389412
NST110719069,NST,CJF_1,CJF,1,R,R-NST110719069,1,1,0.4121565734541974,0.6094412317631721
NST110719069,NST,JRS_1,JRS,1,R,R-NST110719069,1,1,0.35195853996100274,0.5304751188578607
NST110719069,NST,LEL_1,LEL,1,R,R-NST110719069,1,1,0.48121370732927327,0.634481726157576
NST110719069,NST,LSR_1,LSR,1,R,R-NST110719069,2,1,0.17976744011833035,0.4914380035586836
NST110719069,NST,LSR_1,LSR,1,R,R-NST110719069,2,2,0.35209061225376037,0.4914380035586836
NST110719069,NST,MJS_1,MJS,1,R,R-NST110719069,1,1,0.5135183960042456,0.6303779398273189
NST110719070,NST,CJF_1,CJF,1,R,R-NST110719070,2,1,0.43529141136395405,0.7583687493171407
NST110719070,NST,CJF_1,CJF,1,R,R-NST110719070,2,2,0.6486254961480145,0.7583687493171407
NST110719070,NST,JRS_1,JRS,1,R,R-NST110719070,2,1,0.3540869890342329,0.6927536551683394
NST110719070,NST,JRS_1,JRS,1,R,R-NST110719070,2,2,0.5596644846350705,0.6927536551683394
NST110719070,NST,LEL_1,LEL,1,R,R-NST110719070,2,1,0.4497249638881005,0.7747104073591501
NST110719070,NST,LEL_1,LEL,1,R,R-NST110719070,2,2,0.6405880774110857,0.7747104073591501
NST110719070,NST,LSR_1,LSR,1,R,R-NST110719070,2,1,0.42830455965879805,0.7143541021543489
NST110719070,NST,LSR_1,LSR,1,R,R-NST110719070,2,2,0.6026527442187046,0.7143541021543489
NST110719070,NST,MJS_1,MJS,1,R,R-NST110719070,2,1,0.3289556800635164,0.6373170867255604
NST110719070,NST,MJS_1,MJS,1,R,R-NST110719070,2,2,0.5118353483208506,0.6373170867255604
NST110719071,NST,CJF_1,CJF,1,R,R-NST110719071,1,1,0.47060590460752455,0.6188397205939159
NST110719071,NST,JRS_1,JRS,1,R,R-NST110719071,1,1,0.4434162244836021,0.5968146221507428
NST110719071,NST,LEL_1,LEL,1,R,R-NST110719071,1,1,0.46864886593937577,0.6136391236632898
NST110719071,NST,LSR_1,LSR,1,R,R-NST110719071,1,1,0.4464060744845511,0.5766706240896127
NST110719071,NST,MJS_1,MJS,1,R,R-NST110719071,1,1,0.4649193620196829,0.6307749940926659
NST110719072,NST,CJF_1,CJF,1,R,R-NST110719072,1,1,0.3930655127531019,0.5501493274401567
NST110719072,NST,JRS_1,JRS,1,R,R-NST110719072,1,1,0.40701013286680626,0.5678567859948136
NST110719072,NST,LEL_1,LEL,1,R,R-NST110719072,1,1,0.4701481466240668,0.5916925663951325
NST110719072,NST,LSR_1,LSR,1,R,R-NST110719072,2,1,0.44892326189378695,0.6173316958885238
NST110719072,NST,LSR_1,LSR,1,R,R-NST110719072,2,2,0.5823933000390312,0.6173316958885238
NST110719072,NST,MJS_1,MJS,1,R,R-NST110719072,1,1,0.468227484112861,0.6362253045567641
PRW111219001,PRW,CJF_1,CJF,1,R,R-PRW111219001,4,1,0.48376523616129974,1.0893672379376629
PRW111219001,PRW,CJF_1,CJF,1,R,R-PRW111219001,4,2,0.647295336080133,1.0893672379376629
PRW111219001,PRW,CJF_1,CJF,1,R,R-PRW111219001,4,3,0.7948779000645931,1.0893672379376629
PRW111219001,PRW,CJF_1,CJF,1,R,R-PRW111219001,4,4,0.9294861269544992,1.0893672379376629
PRW111219001,PRW,JRS_1,JRS,1,R,R-PRW111219001,4,1,0.5006221489560341,0.9936355614924826
PRW111219001,PRW,JRS_1,JRS,1,R,R-PRW111219001,4,2,0.6616058963813259,0.9936355614924826
PRW111219001,PRW,JRS_1,JRS,1,R,R-PRW111219001,4,3,0.7967911774258443,0.9936355614924826
PRW111219001,PRW,JRS_1,JRS,1,R,R-PRW111219001,4,4,0.9219142882097879,0.9936355614924826
PRW111219001,PRW,LEL_1,LEL,1,R,R-PRW111219001,4,1,0.307063671574183,0.9478854299805263
PRW111219001,PRW,LEL_1,LEL,1,R,R-PRW111219001,4,2,0.4629211939497011,0.9478854299805263
PRW111219001,PRW,LEL_1,LEL,1,R,R-PRW111219001,4,3,0.6169147050052574,0.9478854299805263
PRW111219001,PRW,LEL_1,LEL,1,R,R-PRW111219001,4,4,0.7606648089240784,0.9478854299805263
PRW111219001,PRW,LSR_1,LSR,1,R,R-PRW111219001,5,1,0.35126247791177795,0.9942852968567107
PRW111219001,PRW,LSR_1,LSR,1,R,R-PRW111219001,5,2,0.4665417609651993,0.9942852968567107
PRW111219001,PRW,LSR_1,LSR,1,R,R-PRW111219001,5,3,0.6433603777209551,0.9942852968567107
PRW111219001,PRW,LSR_1,LSR,1,R,R-PRW111219001,5,4,0.7827973210741648,0.9942852968567107
PRW111219001,PRW,LSR_1,LSR,1,R,R-PRW111219001,5,5,0.9140973213001068,0.9942852968567107
PRW111219001,PRW,MJS_1,MJS,1,R,R-PRW111219001,4,1,0.46742916427499787,1.0667327206003718
PRW111219001,PRW,MJS_1,MJS,1,R,R-PRW111219001,4,2,0.605760658938924,1.0667327206003718
PRW111219001,PRW,MJS_1,MJS,1,R,R-PRW111219001,4,3,0.7491294454067171,1.0667327206003718
PRW111219001,PRW,MJS_1,MJS,1,R,R-PRW111219001,4,4,0.8845873414662881,1.0667327206003718
PRW111219002,PRW,CJF_1,CJF,1,R,R-PRW111219002,3,1,0.4807210993513399,0.9142308238208063
PRW111219002,PRW,CJF_1,CJF,1,R,R-PRW111219002,3,2,0.66804851607695,0.9142308238208063
PRW111219002,PRW,CJF_1,CJF,1,R,R-PRW111219002,3,3,0.8147453573898149,0.9142308238208063
PRW111219002,PRW,JRS_1,JRS,1,R,R-PRW111219002,3,1,0.4931479885455971,0.9091274033070326
PRW111219002,PRW,JRS_1,JRS,1,R,R-PRW111219002,3,2,0.6866042589704118,0.9091274033070326
PRW111219002,PRW,JRS_1,JRS,1,R,R-PRW111219002,3,3,0.8029323575979334,0.9091274033070326
PRW111219002,PRW,LEL_1,LEL,1,R,R-PRW111219002,3,1,0.3967679408777184,0.8318361408721486
PRW111219002,PRW,LEL_1,LEL,1,R,R-PRW111219002,3,2,0.6069718020011502,0.8318361408721486
PRW111219002,PRW,LEL_1,LEL,1,R,R-PRW111219002,3,3,0.7279953722934791,0.8318361408721486
PRW111219002,PRW,LSR_1,LSR,1,R,R-PRW111219002,3,1,0.42406495786324155,0.7254817235041457
PRW111219002,PRW,LSR_1,LSR,1,R,R-PRW111219002,3,2,0.5494902978076845,0.7254817235041457
PRW111219002,PRW,LSR_1,LSR,1,R,R-PRW111219002,3,3,0.638757724340543,0.7254817235041457
PRW111219002,PRW,MJS_1,MJS,1,R,R-PRW111219002,3,1,0.4716377683551318,0.8150147967660384
PRW111219002,PRW,MJS_1,MJS,1,R,R-PRW111219002,3,2,0.6201943534408252,0.8150147967660384
PRW111219002,PRW,MJS_1,MJS,1,R,R-PRW111219002,3,3,0.7580405668332886,0.8150147967660384
PRW111219003,PRW,CJF_1,CJF,1,R,R-PRW111219003,0,NA,NA,0.654966337793374
PRW111219003,PRW,JRS_1,JRS,1,R,R-PRW111219003,0,NA,NA,0.6819104967391219
PRW111219003,PRW,LEL_1,LEL,1,R,R-PRW111219003,1,1,0.417858339172869,0.6067144587767213
PRW111219003,PRW,LSR_1,LSR,1,R,R-PRW111219003,1,1,0.43031728961600985,0.5055352049849963
PRW111219003,PRW,MJS_1,MJS,1,R,R-PRW111219003,1,1,0.3928670251426668,0.5026187103629753
PRW111219004,PRW,CJF_1,CJF,1,R,R-PRW111219004,0,NA,NA,0.5452645922779604
PRW111219004,PRW,JRS_1,JRS,1,R,R-PRW111219004,1,1,0.3946267253355303,0.5527357380895802
PRW111219004,PRW,LEL_1,LEL,1,R,R-PRW111219004,0,NA,NA,0.5307203822265514
PRW111219004,PRW,LSR_1,LSR,1,R,R-PRW111219004,1,1,0.31322528102516484,0.41410751451906946
PRW111219004,PRW,MJS_1,MJS,1,R,R-PRW111219004,0,NA,NA,0.4243080621065762
PRW111219005,PRW,CJF_1,CJF,1,R,R-PRW111219005,2,1,0.4733148312081023,0.8160915484598329
PRW111219005,PRW,CJF_1,CJF,1,R,R-PRW111219005,2,2,0.6828871573557866,0.8160915484598329
PRW111219005,PRW,JRS_1,JRS,1,R,R-PRW111219005,2,1,0.42170408752335614,0.7735995350121074
PRW111219005,PRW,JRS_1,JRS,1,R,R-PRW111219005,2,2,0.6738611393498134,0.7735995350121074
PRW111219005,PRW,LEL_1,LEL,1,R,R-PRW111219005,2,1,0.38971240006627683,0.6789207286616971
PRW111219005,PRW,LEL_1,LEL,1,R,R-PRW111219005,2,2,0.5718507392499864,0.6789207286616971
PRW111219005,PRW,LSR_1,LSR,1,R,R-PRW111219005,2,1,0.43523014547962513,0.6993938552335147
PRW111219005,PRW,LSR_1,LSR,1,R,R-PRW111219005,2,2,0.5810674847343706,0.6993938552335147
PRW111219005,PRW,MJS_1,MJS,1,R,R-PRW111219005,2,1,0.4164746911311014,0.7845348487915079
PRW111219005,PRW,MJS_1,MJS,1,R,R-PRW111219005,2,2,0.6699494729550335,0.7845348487915079
PRW111219006,PRW,CJF_1,CJF,1,R,R-PRW111219006,1,1,0.6945765385207933,0.8233808971251997
PRW111219006,PRW,JRS_1,JRS,1,R,R-PRW111219006,2,1,0.5402653354386869,0.8376132746704023
PRW111219006,PRW,JRS_1,JRS,1,R,R-PRW111219006,2,2,0.7045558513993122,0.8376132746704023
PRW111219006,PRW,LEL_1,LEL,1,R,R-PRW111219006,1,1,0.6603716874123632,0.7657921317491727
PRW111219006,PRW,LSR_1,LSR,1,R,R-PRW111219006,2,1,0.565144532742292,0.7177642444260286
PRW111219006,PRW,LSR_1,LSR,1,R,R-PRW111219006,2,2,0.6741561216200157,0.7177642444260286
PRW111219006,PRW,MJS_1,MJS,1,R,R-PRW111219006,1,1,0.6822096900800222,0.8274996107947795
PRW111219007,PRW,CJF_1,CJF,1,R,R-PRW111219007,1,1,0.4161242962451726,0.5943750546112208
PRW111219007,PRW,JRS_1,JRS,1,R,R-PRW111219007,1,1,0.4238973015951082,0.6210053896814598
PRW111219007,PRW,LEL_1,LEL,1,R,R-PRW111219007,1,1,0.4016003240806785,0.6252660411840816
PRW111219007,PRW,LSR_1,LSR,1,R,R-PRW111219007,1,1,0.44772522163472606,0.631243859056226
PRW111219007,PRW,MJS_1,MJS,1,R,R-PRW111219007,1,1,0.4467722780158369,0.6528178741838966
PRW111219008,PRW,CJF_1,CJF,1,R,R-PRW111219008,0,NA,NA,0.5050998007103963
PRW111219008,PRW,JRS_1,JRS,1,R,R-PRW111219008,0,NA,NA,0.363811005109366
PRW111219008,PRW,LEL_1,LEL,1,R,R-PRW111219008,0,NA,NA,0.5897478296143799
PRW111219008,PRW,LSR_1,LSR,1,R,R-PRW111219008,0,NA,NA,0.5006055536228836
PRW111219008,PRW,MJS_1,MJS,1,R,R-PRW111219008,0,NA,NA,0.32443645580810904
PRW111219009,PRW,CJF_1,CJF,1,R,R-PRW111219009,3,1,0.5632086302583681,0.9708049659043938
PRW111219009,PRW,CJF_1,CJF,1,R,R-PRW111219009,3,2,0.6816344489066147,0.9708049659043938
PRW111219009,PRW,CJF_1,CJF,1,R,R-PRW111219009,3,3,0.8378465816155007,0.9708049659043938
PRW111219009,PRW,JRS_1,JRS,1,R,R-PRW111219009,3,1,0.4287648029756205,0.8317617086004124
PRW111219009,PRW,JRS_1,JRS,1,R,R-PRW111219009,3,2,0.5815142966828992,0.8317617086004124
PRW111219009,PRW,JRS_1,JRS,1,R,R-PRW111219009,3,3,0.7066380026416559,0.8317617086004124
PRW111219009,PRW,LEL_1,LEL,1,R,R-PRW111219009,3,1,0.5579292047328742,0.9299926185961732
PRW111219009,PRW,LEL_1,LEL,1,R,R-PRW111219009,3,2,0.6966543795293891,0.9299926185961732
PRW111219009,PRW,LEL_1,LEL,1,R,R-PRW111219009,3,3,0.8167667947647799,0.9299926185961732
PRW111219009,PRW,LSR_1,LSR,1,R,R-PRW111219009,3,1,0.4134540647744484,0.7861762027381317
PRW111219009,PRW,LSR_1,LSR,1,R,R-PRW111219009,3,2,0.5452563369126782,0.7861762027381317
PRW111219009,PRW,LSR_1,LSR,1,R,R-PRW111219009,3,3,0.6904119958480673,0.7861762027381317
PRW111219009,PRW,MJS_1,MJS,1,R,R-PRW111219009,3,1,0.5308207253675667,0.9101422543404484
PRW111219009,PRW,MJS_1,MJS,1,R,R-PRW111219009,3,2,0.6720876737345554,0.9101422543404484
PRW111219009,PRW,MJS_1,MJS,1,R,R-PRW111219009,3,3,0.8048975360824981,0.9101422543404484
PRW111219010,PRW,CJF_1,CJF,1,R,R-PRW111219010,1,1,0.5005283120503449,0.7417796950250913
PRW111219010,PRW,JRS_1,JRS,1,R,R-PRW111219010,1,1,0.5457492032088788,0.7808831066911621
PRW111219010,PRW,LEL_1,LEL,1,R,R-PRW111219010,1,1,0.5532794385955343,0.8145658065393142
PRW111219010,PRW,LSR_1,LSR,1,R,R-PRW111219010,1,1,0.39057930847489153,0.48064519274728684
PRW111219010,PRW,MJS_1,MJS,1,R,R-PRW111219010,1,1,0.35770187935725983,0.47603811428411674
PRW111219011,PRW,CJF_1,CJF,1,R,R-PRW111219011,2,1,0.4864319788783225,0.7336934724959882
PRW111219011,PRW,CJF_1,CJF,1,R,R-PRW111219011,2,2,0.6617463483220178,0.7336934724959882
PRW111219011,PRW,JRS_1,JRS,1,R,R-PRW111219011,1,1,0.4189567598681186,0.5750240849914964
PRW111219011,PRW,LEL_1,LEL,1,R,R-PRW111219011,1,1,0.473435875645061,0.6280458725923828
PRW111219011,PRW,LSR_1,LSR,1,R,R-PRW111219011,2,1,0.46781737663054207,0.689326152893813
PRW111219011,PRW,LSR_1,LSR,1,R,R-PRW111219011,2,2,0.619671947456323,0.689326152893813
PRW111219011,PRW,MJS_1,MJS,1,R,R-PRW111219011,1,1,0.4617701466071605,0.6496721922072886
PRW111219012,PRW,CJF_1,CJF,1,R,R-PRW111219012,4,1,0.2868929689036375,0.8594229043405042
PRW111219012,PRW,CJF_1,CJF,1,R,R-PRW111219012,4,2,0.5038100659271816,0.8594229043405042
PRW111219012,PRW,CJF_1,CJF,1,R,R-PRW111219012,4,3,0.6663059880466226,0.8594229043405042
PRW111219012,PRW,CJF_1,CJF,1,R,R-PRW111219012,4,4,0.80308865934996565,0.8594229043405042
PRW111219012,PRW,JRS_1,JRS,1,R,R-PRW111219012,4,1,0.2695441708778573,0.8222759898237013
PRW111219012,PRW,JRS_1,JRS,1,R,R-PRW111219012,4,2,0.48306786123720347,0.8222759898237013
PRW111219012,PRW,JRS_1,JRS,1,R,R-PRW111219012,4,3,0.630503937828164,0.8222759898237013
PRW111219012,PRW,JRS_1,JRS,1,R,R-PRW111219012,4,4,0.7188823139150435,0.8222759898237013
PRW111219012,PRW,LEL_1,LEL,1,R,R-PRW111219012,4,1,0.27932176956739324,0.8523250596923803
PRW111219012,PRW,LEL_1,LEL,1,R,R-PRW111219012,4,2,0.4952680640256917,0.8523250596923803
PRW111219012,PRW,LEL_1,LEL,1,R,R-PRW111219012,4,3,0.6417635963674562,0.8523250596923803
PRW111219012,PRW,LEL_1,LEL,1,R,R-PRW111219012,4,4,0.7165991896173632,0.8523250596923803
PRW111219012,PRW,LSR_1,LSR,1,R,R-PRW111219012,4,1,0.3418582474342781,0.9161118454500075
PRW111219012,PRW,LSR_1,LSR,1,R,R-PRW111219012,4,2,0.552848847109403,0.9161118454500075
PRW111219012,PRW,LSR_1,LSR,1,R,R-PRW111219012,4,3,0.6863950817893419,0.9161118454500075
PRW111219012,PRW,LSR_1,LSR,1,R,R-PRW111219012,4,4,0.7878988401516809,0.9161118454500075
PRW111219012,PRW,MJS_1,MJS,1,R,R-PRW111219012,4,1,0.3133569602490078,0.8933825460068402
PRW111219012,PRW,MJS_1,MJS,1,R,R-PRW111219012,4,2,0.5335416773179298,0.8933825460068402
PRW111219012,PRW,MJS_1,MJS,1,R,R-PRW111219012,4,3,0.6724447545634133,0.8933825460068402
PRW111219012,PRW,MJS_1,MJS,1,R,R-PRW111219012,4,4,0.7792181761494359,0.8933825460068402
PRW111219013,PRW,CJF_1,CJF,1,R,R-PRW111219013,3,1,0.424692672945809,0.7643106650811876
PRW111219013,PRW,CJF_1,CJF,1,R,R-PRW111219013,3,2,0.5451769615445536,0.7643106650811876
PRW111219013,PRW,CJF_1,CJF,1,R,R-PRW111219013,3,3,0.6755968386606145,0.7643106650811876
PRW111219013,PRW,JRS_1,JRS,1,R,R-PRW111219013,3,1,0.27702264443347474,0.5930564809216993
PRW111219013,PRW,JRS_1,JRS,1,R,R-PRW111219013,3,2,0.42300134469820133,0.5930564809216993
PRW111219013,PRW,JRS_1,JRS,1,R,R-PRW111219013,3,3,0.5343753470041495,0.5930564809216993
PRW111219013,PRW,LEL_1,LEL,1,R,R-PRW111219013,3,1,0.45257709383191,0.8095480277294859
PRW111219013,PRW,LEL_1,LEL,1,R,R-PRW111219013,3,2,0.5882796817881871,0.8095480277294859
PRW111219013,PRW,LEL_1,LEL,1,R,R-PRW111219013,3,3,0.6913557606198688,0.8095480277294859
PRW111219013,PRW,LSR_1,LSR,1,R,R-PRW111219013,3,1,0.3378975154617204,0.6327330884059804
PRW111219013,PRW,LSR_1,LSR,1,R,R-PRW111219013,3,2,0.46623128022456484,0.6327330884059804
PRW111219013,PRW,LSR_1,LSR,1,R,R-PRW111219013,3,3,0.5659226266006038,0.6327330884059804
PRW111219013,PRW,MJS_1,MJS,1,R,R-PRW111219013,3,1,0.45096445953103953,0.8098374614815381
PRW111219013,PRW,MJS_1,MJS,1,R,R-PRW111219013,3,2,0.5939064148891582,0.8098374614815381
PRW111219013,PRW,MJS_1,MJS,1,R,R-PRW111219013,3,3,0.6803863946974372,0.8098374614815381
PRW111219014,PRW,CJF_1,CJF,1,R,R-PRW111219014,1,1,0.5658039496084436,0.7540120734694036
PRW111219014,PRW,JRS_1,JRS,1,R,R-PRW111219014,1,1,0.563390632527291,0.7833660594371077
PRW111219014,PRW,LEL_1,LEL,1,R,R-PRW111219014,1,1,0.5654784270640678,0.7602063611867447
PRW111219014,PRW,LSR_1,LSR,1,R,R-PRW111219014,1,1,0.5719272206432735,0.7852759196000677
PRW111219014,PRW,MJS_1,MJS,1,R,R-PRW111219014,1,1,0.5951901740678751,0.809727485949105
PRW111219015,PRW,CJF_1,CJF,1,R,R-PRW111219015,4,1,0.3608101214774325,0.8836252143096325
PRW111219015,PRW,CJF_1,CJF,1,R,R-PRW111219015,4,2,0.548916504826086,0.8836252143096325
PRW111219015,PRW,CJF_1,CJF,1,R,R-PRW111219015,4,3,0.6949204420242769,0.8836252143096325
PRW111219015,PRW,CJF_1,CJF,1,R,R-PRW111219015,4,4,0.7900235640781147,0.8836252143096325
PRW111219015,PRW,JRS_1,JRS,1,R,R-PRW111219015,3,1,0.366853859048138,0.8891816809481365
PRW111219015,PRW,JRS_1,JRS,1,R,R-PRW111219015,3,2,0.5504655845975142,0.8891816809481365
PRW111219015,PRW,JRS_1,JRS,1,R,R-PRW111219015,3,3,0.6957979484733234,0.8891816809481365
PRW111219015,PRW,LEL_1,LEL,1,R,R-PRW111219015,3,1,0.3915572396854401,0.9029952056837525
PRW111219015,PRW,LEL_1,LEL,1,R,R-PRW111219015,3,2,0.6065786192377924,0.9029952056837525
PRW111219015,PRW,LEL_1,LEL,1,R,R-PRW111219015,3,3,0.7219310405383219,0.9029952056837525
PRW111219015,PRW,LSR_1,LSR,1,R,R-PRW111219015,4,1,0.3987480264232147,0.9375565826546219
PRW111219015,PRW,LSR_1,LSR,1,R,R-PRW111219015,4,2,0.5903937744673682,0.9375565826546219
PRW111219015,PRW,LSR_1,LSR,1,R,R-PRW111219015,4,3,0.7354415098762324,0.9375565826546219
PRW111219015,PRW,LSR_1,LSR,1,R,R-PRW111219015,4,4,0.8109538939138926,0.9375565826546219
PRW111219015,PRW,MJS_1,MJS,1,R,R-PRW111219015,4,1,0.3592762039491886,0.9055222180333402
PRW111219015,PRW,MJS_1,MJS,1,R,R-PRW111219015,4,2,0.5650045757805847,0.9055222180333402
PRW111219015,PRW,MJS_1,MJS,1,R,R-PRW111219015,4,3,0.6921317305357723,0.9055222180333402
PRW111219015,PRW,MJS_1,MJS,1,R,R-PRW111219015,4,4,0.7973738966451213,0.9055222180333402
PRW111219016,PRW,CJF_1,CJF,1,R,R-PRW111219016,3,1,0.502134383820241,0.9081900077179393
PRW111219016,PRW,CJF_1,CJF,1,R,R-PRW111219016,3,2,0.6600218532964507,0.9081900077179393
PRW111219016,PRW,CJF_1,CJF,1,R,R-PRW111219016,3,3,0.7991239113594799,0.9081900077179393
PRW111219016,PRW,JRS_1,JRS,1,R,R-PRW111219016,3,1,0.5258051340023303,0.9203775852660747
PRW111219016,PRW,JRS_1,JRS,1,R,R-PRW111219016,3,2,0.6864948962229095,0.9203775852660747
PRW111219016,PRW,JRS_1,JRS,1,R,R-PRW111219016,3,3,0.7986124917545055,0.9203775852660747
PRW111219016,PRW,LEL_1,LEL,1,R,R-PRW111219016,4,1,0.33322485610268415,0.8991931194810939
PRW111219016,PRW,LEL_1,LEL,1,R,R-PRW111219016,4,2,0.5170816384694864,0.8991931194810939
PRW111219016,PRW,LEL_1,LEL,1,R,R-PRW111219016,4,3,0.6884887907697692,0.8991931194810939
PRW111219016,PRW,LEL_1,LEL,1,R,R-PRW111219016,4,4,0.8095169796282263,0.8991931194810939
PRW111219016,PRW,LSR_1,LSR,1,R,R-PRW111219016,3,1,0.5375064253732607,0.9344276359669111
PRW111219016,PRW,LSR_1,LSR,1,R,R-PRW111219016,3,2,0.6959719749428906,0.9344276359669111
PRW111219016,PRW,LSR_1,LSR,1,R,R-PRW111219016,3,3,0.8171621815933285,0.9344276359669111
PRW111219016,PRW,MJS_1,MJS,1,R,R-PRW111219016,3,1,0.5219267466515639,0.9440695077167337
PRW111219016,PRW,MJS_1,MJS,1,R,R-PRW111219016,3,2,0.6897817940263301,0.9440695077167337
PRW111219016,PRW,MJS_1,MJS,1,R,R-PRW111219016,3,3,0.8390056298107808,0.9440695077167337
PRW111219017,PRW,CJF_1,CJF,1,R,R-PRW111219017,4,1,0.3162441211783853,0.7181684437579531
PRW111219017,PRW,CJF_1,CJF,1,R,R-PRW111219017,4,2,0.4787787807101165,0.7181684437579531
PRW111219017,PRW,CJF_1,CJF,1,R,R-PRW111219017,4,3,0.5531154545612071,0.7181684437579531
PRW111219017,PRW,CJF_1,CJF,1,R,R-PRW111219017,4,4,0.6261925545406234,0.7181684437579531
PRW111219017,PRW,LEL_1,LEL,1,R,R-PRW111219017,1,1,0.4347112239107651,0.9369227971811355
PRW111219017,PRW,LSR_1,LSR,1,R,R-PRW111219017,4,1,0.30509027682882567,0.7680080780408206
PRW111219017,PRW,LSR_1,LSR,1,R,R-PRW111219017,4,2,0.4918617585221252,0.7680080780408206
PRW111219017,PRW,LSR_1,LSR,1,R,R-PRW111219017,4,3,0.6067590131726286,0.7680080780408206
PRW111219017,PRW,LSR_1,LSR,1,R,R-PRW111219017,4,4,0.674263994271251,0.7680080780408206
PRW111219017,PRW,MJS_1,MJS,1,R,R-PRW111219017,4,1,0.4332916576783433,0.9952205587214438
PRW111219017,PRW,MJS_1,MJS,1,R,R-PRW111219017,4,2,0.6431642096005195,0.9952205587214438
PRW111219017,PRW,MJS_1,MJS,1,R,R-PRW111219017,4,3,0.7782920515269126,0.9952205587214438
PRW111219017,PRW,MJS_1,MJS,1,R,R-PRW111219017,4,4,0.8843590409094391,0.9952205587214438
PRW111219018,PRW,CJF_1,CJF,1,R,R-PRW111219018,0,NA,NA,0.36974427414523475
PRW111219018,PRW,JRS_1,JRS,1,R,R-PRW111219018,0,NA,NA,0.3310965970078184
PRW111219018,PRW,LEL_1,LEL,1,R,R-PRW111219018,0,NA,NA,0.3763718964523788
PRW111219018,PRW,LSR_1,LSR,1,R,R-PRW111219018,0,NA,NA,0.461998996430005
PRW111219018,PRW,MJS_1,MJS,1,R,R-PRW111219018,0,NA,NA,0.3924329033983849
PRW111219019,PRW,CJF_1,CJF,1,R,R-PRW111219019,0,NA,NA,0.4759368588609266
PRW111219019,PRW,JRS_1,JRS,1,R,R-PRW111219019,0,NA,NA,0.3504652638289464
PRW111219019,PRW,LEL_1,LEL,1,R,R-PRW111219019,0,NA,NA,0.5230450791028315
PRW111219019,PRW,LSR_1,LSR,1,R,R-PRW111219019,0,NA,NA,0.4162387794008436
PRW111219019,PRW,MJS_1,MJS,1,R,R-PRW111219019,0,NA,NA,0.3560512067471616
PRW111219020,PRW,CJF_1,CJF,1,R,R-PRW111219020,3,1,0.3913079470967416,0.6836762722858124
PRW111219020,PRW,CJF_1,CJF,1,R,R-PRW111219020,3,2,0.5209315395898454,0.6836762722858124
PRW111219020,PRW,CJF_1,CJF,1,R,R-PRW111219020,3,3,0.6126429221819901,0.6836762722858124
PRW111219020,PRW,JRS_1,JRS,1,R,R-PRW111219020,3,1,0.32989322615769373,0.5904148441966901
PRW111219020,PRW,JRS_1,JRS,1,R,R-PRW111219020,3,2,0.43482572254488167,0.5904148441966901
PRW111219020,PRW,JRS_1,JRS,1,R,R-PRW111219020,3,3,0.5145424069478218,0.5904148441966901
PRW111219020,PRW,LEL_1,LEL,1,R,R-PRW111219020,4,1,0.23057561387594175,0.717074671385761
PRW111219020,PRW,LEL_1,LEL,1,R,R-PRW111219020,4,2,0.3712457263108001,0.717074671385761
PRW111219020,PRW,LEL_1,LEL,1,R,R-PRW111219020,4,3,0.5410003390632767,0.717074671385761
PRW111219020,PRW,LEL_1,LEL,1,R,R-PRW111219020,4,4,0.638379181623723,0.717074671385761
PRW111219020,PRW,LSR_1,LSR,1,R,R-PRW111219020,3,1,0.40146403762860233,0.6810358221081539
PRW111219020,PRW,LSR_1,LSR,1,R,R-PRW111219020,3,2,0.4986668238844497,0.6810358221081539
PRW111219020,PRW,LSR_1,LSR,1,R,R-PRW111219020,3,3,0.6010164803258369,0.6810358221081539
PRW111219020,PRW,MJS_1,MJS,1,R,R-PRW111219020,3,1,0.4194536710673877,0.7602821455783445
PRW111219020,PRW,MJS_1,MJS,1,R,R-PRW111219020,3,2,0.5378778190421086,0.7602821455783445
PRW111219020,PRW,MJS_1,MJS,1,R,R-PRW111219020,3,3,0.6594266062300562,0.7602821455783445
PRW111219021,PRW,CJF_1,CJF,1,R,R-PRW111219021,2,1,0.3730864071420879,0.5816239319277972
PRW111219021,PRW,CJF_1,CJF,1,R,R-PRW111219021,2,2,0.5184923901240376,0.5816239319277972
PRW111219021,PRW,JRS_1,JRS,1,R,R-PRW111219021,1,1,0.36514511523267273,0.5209180778173137
PRW111219021,PRW,LEL_1,LEL,1,R,R-PRW111219021,1,1,0.4648952605700429,0.6114682622863832
PRW111219021,PRW,LSR_1,LSR,1,R,R-PRW111219021,2,1,0.43708903771440505,0.6462361468225969
PRW111219021,PRW,LSR_1,LSR,1,R,R-PRW111219021,2,2,0.6113744937634041,0.6462361468225969
PRW111219021,PRW,MJS_1,MJS,1,R,R-PRW111219021,1,1,0.40525487987807673,0.5578453550517325
PRW111219022,PRW,CJF_1,CJF,1,R,R-PRW111219022,1,1,0.4218046602783848,0.5655932406991195
PRW111219022,PRW,JRS_1,JRS,1,R,R-PRW111219022,1,1,0.3569710630929324,0.459191092828954
PRW111219022,PRW,LEL_1,LEL,1,R,R-PRW111219022,1,1,0.4301865704727769,0.5726985317101335
PRW111219022,PRW,LSR_1,LSR,1,R,R-PRW111219022,2,1,0.29796506156973,0.5282324611508165
PRW111219022,PRW,LSR_1,LSR,1,R,R-PRW111219022,2,2,0.41896271377196564,0.5282324611508165
PRW111219022,PRW,MJS_1,MJS,1,R,R-PRW111219022,1,1,0.4482267290201515,0.5724136065951053
PRW111219023,PRW,CJF_1,CJF,1,R,R-PRW111219023,3,1,0.600015392362071,0.9565517581656926
PRW111219023,PRW,CJF_1,CJF,1,R,R-PRW111219023,3,2,0.7069127292187041,0.9565517581656926
PRW111219023,PRW,CJF_1,CJF,1,R,R-PRW111219023,3,3,0.8235808882351188,0.9565517581656926
PRW111219023,PRW,JRS_1,JRS,1,R,R-PRW111219023,3,1,0.5369256266545017,0.8812508699357068
PRW111219023,PRW,JRS_1,JRS,1,R,R-PRW111219023,3,2,0.6729993391405376,0.8812508699357068
PRW111219023,PRW,JRS_1,JRS,1,R,R-PRW111219023,3,3,0.7888634651045268,0.8812508699357068
PRW111219023,PRW,LEL_1,LEL,1,R,R-PRW111219023,3,1,0.5178258694787023,0.7945061453560356
PRW111219023,PRW,LEL_1,LEL,1,R,R-PRW111219023,3,2,0.6157320134005585,0.7945061453560356
PRW111219023,PRW,LEL_1,LEL,1,R,R-PRW111219023,3,3,0.7102612738958758,0.7945061453560356
PRW111219023,PRW,LSR_1,LSR,1,R,R-PRW111219023,3,1,0.6006345798063347,0.9197893483642362
PRW111219023,PRW,LSR_1,LSR,1,R,R-PRW111219023,3,2,0.6952111992169409,0.9197893483642362
PRW111219023,PRW,LSR_1,LSR,1,R,R-PRW111219023,3,3,0.8096756746655197,0.9197893483642362
PRW111219023,PRW,MJS_1,MJS,1,R,R-PRW111219023,3,1,0.6107064539812601,0.973248751958
PRW111219023,PRW,MJS_1,MJS,1,R,R-PRW111219023,3,2,0.7260219603806904,0.973248751958
PRW111219023,PRW,MJS_1,MJS,1,R,R-PRW111219023,3,3,0.8583072072368256,0.973248751958
PRW111219024,PRW,CJF_1,CJF,1,R,R-PRW111219024,1,1,0.43235937478444986,0.6072339767200527
PRW111219024,PRW,JRS_1,JRS,1,R,R-PRW111219024,1,1,0.4005789377194075,0.5742621211484528
PRW111219024,PRW,LEL_1,LEL,1,R,R-PRW111219024,2,1,0.27323984374775045,0.6343778260912422
PRW111219024,PRW,LEL_1,LEL,1,R,R-PRW111219024,2,2,0.4451867126228202,0.6343778260912422
PRW111219024,PRW,LSR_1,LSR,1,R,R-PRW111219024,2,1,0.2972545580977553,0.6298345719394225
PRW111219024,PRW,LSR_1,LSR,1,R,R-PRW111219024,2,2,0.4435118204075672,0.6298345719394225
PRW111219024,PRW,MJS_1,MJS,1,R,R-PRW111219024,1,1,0.4521193701069607,0.6430854773697807
PRW111219025,PRW,CJF_1,CJF,1,R,R-PRW111219025,0,NA,NA,0.5972590310285854
PRW111219025,PRW,JRS_1,JRS,1,R,R-PRW111219025,0,NA,NA,0.4333891545985633
PRW111219025,PRW,LEL_1,LEL,1,R,R-PRW111219025,1,1,0.4205054292398636,0.6390077820560526
PRW111219025,PRW,LSR_1,LSR,1,R,R-PRW111219025,1,1,0.4732917644300104,0.6712655409527503
PRW111219025,PRW,MJS_1,MJS,1,R,R-PRW111219025,1,1,0.43819522816139633,0.6382787996253243
PRW111219026,PRW,CJF_1,CJF,1,R,R-PRW111219026,0,NA,NA,0.5706314106436614
PRW111219026,PRW,JRS_1,JRS,1,R,R-PRW111219026,0,NA,NA,0.437774537910637
PRW111219026,PRW,LEL_1,LEL,1,R,R-PRW111219026,0,NA,NA,0.5467723590448416
PRW111219026,PRW,LSR_1,LSR,1,R,R-PRW111219026,2,1,0.35918512771171995,0.5319555248177124
PRW111219026,PRW,LSR_1,LSR,1,R,R-PRW111219026,2,2,0.44882310761398553,0.5319555248177124
PRW111219026,PRW,MJS_1,MJS,1,R,R-PRW111219026,1,1,0.38496013957527114,0.5353595010139007
PRW111219027,PRW,CJF_1,CJF,1,R,R-PRW111219027,0,NA,NA,0.427549572989663
PRW111219027,PRW,JRS_1,JRS,1,R,R-PRW111219027,0,NA,NA,0.3047630686705008
PRW111219027,PRW,LEL_1,LEL,1,R,R-PRW111219027,0,NA,NA,0.4248347018631243
PRW111219027,PRW,LSR_1,LSR,1,R,R-PRW111219027,0,NA,NA,0.4398549760876954
PRW111219027,PRW,MJS_1,MJS,1,R,R-PRW111219027,0,NA,NA,0.3904983640889961
PRW111219028,PRW,CJF_1,CJF,1,R,R-PRW111219028,4,1,0.3913689076858812,0.9441454405034394
PRW111219028,PRW,CJF_1,CJF,1,R,R-PRW111219028,4,2,0.6136976395886348,0.9441454405034394
PRW111219028,PRW,CJF_1,CJF,1,R,R-PRW111219028,4,3,0.7384224030078649,0.9441454405034394
PRW111219028,PRW,CJF_1,CJF,1,R,R-PRW111219028,4,4,0.8666186393251833,0.9441454405034394
PRW111219028,PRW,JRS_1,JRS,1,R,R-PRW111219028,4,1,0.4051097983152006,0.9666672214274089
PRW111219028,PRW,JRS_1,JRS,1,R,R-PRW111219028,4,2,0.6195956330729131,0.9666672214274089
PRW111219028,PRW,JRS_1,JRS,1,R,R-PRW111219028,4,3,0.7468938045165525,0.9666672214274089
PRW111219028,PRW,JRS_1,JRS,1,R,R-PRW111219028,4,4,0.8857996179523333,0.9666672214274089
PRW111219028,PRW,LEL_1,LEL,1,R,R-PRW111219028,4,1,0.46592583646974317,1.0625632237117384
PRW111219028,PRW,LEL_1,LEL,1,R,R-PRW111219028,4,2,0.7112569083738853,1.0625632237117384
PRW111219028,PRW,LEL_1,LEL,1,R,R-PRW111219028,4,3,0.8513348369057718,1.0625632237117384
PRW111219028,PRW,LEL_1,LEL,1,R,R-PRW111219028,4,4,0.9769738048515252,1.0625632237117384
PRW111219028,PRW,LSR_1,LSR,1,R,R-PRW111219028,4,1,0.3830687033905461,0.9330223694067151
PRW111219028,PRW,LSR_1,LSR,1,R,R-PRW111219028,4,2,0.5877932876895182,0.9330223694067151
PRW111219028,PRW,LSR_1,LSR,1,R,R-PRW111219028,4,3,0.7187995689879964,0.9330223694067151
PRW111219028,PRW,LSR_1,LSR,1,R,R-PRW111219028,4,4,0.8242526124465414,0.9330223694067151
PRW111219028,PRW,MJS_1,MJS,1,R,R-PRW111219028,4,1,0.5629289313205578,1.0806964364013731
PRW111219028,PRW,MJS_1,MJS,1,R,R-PRW111219028,4,2,0.7100882992238934,1.0806964364013731
PRW111219028,PRW,MJS_1,MJS,1,R,R-PRW111219028,4,3,0.8336968279219591,1.0806964364013731
PRW111219028,PRW,MJS_1,MJS,1,R,R-PRW111219028,4,4,0.9598979555409751,1.0806964364013731
PRW111219029,PRW,CJF_1,CJF,1,R,R-PRW111219029,4,1,0.6330254470368004,1.1064496048426236
PRW111219029,PRW,CJF_1,CJF,1,R,R-PRW111219029,4,2,0.7876260028630638,1.1064496048426236
PRW111219029,PRW,CJF_1,CJF,1,R,R-PRW111219029,4,3,0.9246419757051052,1.1064496048426236
PRW111219029,PRW,CJF_1,CJF,1,R,R-PRW111219029,4,4,0.9966407053118372,1.1064496048426236
PRW111219029,PRW,JRS_1,JRS,1,R,R-PRW111219029,4,1,0.6778276741693643,1.1190140087584706
PRW111219029,PRW,JRS_1,JRS,1,R,R-PRW111219029,4,2,0.832276000398136,1.1190140087584706
PRW111219029,PRW,JRS_1,JRS,1,R,R-PRW111219029,4,3,0.9457034445169933,1.1190140087584706
PRW111219029,PRW,JRS_1,JRS,1,R,R-PRW111219029,4,4,1.0361617141900832,1.1190140087584706
PRW111219029,PRW,LEL_1,LEL,1,R,R-PRW111219029,4,1,0.6611736561380668,1.094025620114339
PRW111219029,PRW,LEL_1,LEL,1,R,R-PRW111219029,4,2,0.8304717946954812,1.094025620114339
PRW111219029,PRW,LEL_1,LEL,1,R,R-PRW111219029,4,3,0.9356658406173902,1.094025620114339
PRW111219029,PRW,LEL_1,LEL,1,R,R-PRW111219029,4,4,1.0084239497672964,1.094025620114339
PRW111219029,PRW,LSR_1,LSR,1,R,R-PRW111219029,4,1,0.6899668011222588,1.1411107380931882
PRW111219029,PRW,LSR_1,LSR,1,R,R-PRW111219029,4,2,0.8450039269413989,1.1411107380931882
PRW111219029,PRW,LSR_1,LSR,1,R,R-PRW111219029,4,3,0.9523655144356447,1.1411107380931882
PRW111219029,PRW,LSR_1,LSR,1,R,R-PRW111219029,4,4,1.0398778956604704,1.1411107380931882
PRW111219029,PRW,MJS_1,MJS,1,R,R-PRW111219029,5,1,0.5436326895037706,1.0865095107320695
PRW111219029,PRW,MJS_1,MJS,1,R,R-PRW111219029,5,2,0.6648386628426805,1.0865095107320695
PRW111219029,PRW,MJS_1,MJS,1,R,R-PRW111219029,5,3,0.8244586382774695,1.0865095107320695
PRW111219029,PRW,MJS_1,MJS,1,R,R-PRW111219029,5,4,0.9244696215513486,1.0865095107320695
PRW111219029,PRW,MJS_1,MJS,1,R,R-PRW111219029,5,5,1.0083414046164825,1.0865095107320695
PRW111219030,PRW,CJF_1,CJF,1,R,R-PRW111219030,2,1,0.4630459716451411,0.8027066972843088
PRW111219030,PRW,CJF_1,CJF,1,R,R-PRW111219030,2,2,0.680380355077333,0.8027066972843088
PRW111219030,PRW,JRS_1,JRS,1,R,R-PRW111219030,2,1,0.4635889634276656,0.7894874319121425
PRW111219030,PRW,JRS_1,JRS,1,R,R-PRW111219030,2,2,0.6747119592438254,0.7894874319121425
PRW111219030,PRW,LEL_1,LEL,1,R,R-PRW111219030,2,1,0.4956170841929331,0.8365611728094665
PRW111219030,PRW,LEL_1,LEL,1,R,R-PRW111219030,2,2,0.7078338186591047,0.8365611728094665
PRW111219030,PRW,LSR_1,LSR,1,R,R-PRW111219030,2,1,0.42677610639113384,0.6915743473797532
PRW111219030,PRW,LSR_1,LSR,1,R,R-PRW111219030,2,2,0.5934634844629009,0.6915743473797532
PRW111219030,PRW,MJS_1,MJS,1,R,R-PRW111219030,2,1,0.4612851159825383,0.8113327950233383
PRW111219030,PRW,MJS_1,MJS,1,R,R-PRW111219030,2,2,0.6868701304333698,0.8113327950233383
PRW111219031,PRW,CJF_1,CJF,1,R,R-PRW111219031,4,1,0.2666274293539709,0.927002552668567
PRW111219031,PRW,CJF_1,CJF,1,R,R-PRW111219031,4,2,0.5676498628002251,0.927002552668567
PRW111219031,PRW,CJF_1,CJF,1,R,R-PRW111219031,4,3,0.7248252678724674,0.927002552668567
PRW111219031,PRW,CJF_1,CJF,1,R,R-PRW111219031,4,4,0.853622628382162,0.927002552668567
PRW111219031,PRW,JRS_1,JRS,1,R,R-PRW111219031,4,1,0.2787411188382494,0.9515023758663084
PRW111219031,PRW,JRS_1,JRS,1,R,R-PRW111219031,4,2,0.5703897934960169,0.9515023758663084
PRW111219031,PRW,JRS_1,JRS,1,R,R-PRW111219031,4,3,0.7332123529529994,0.9515023758663084
PRW111219031,PRW,JRS_1,JRS,1,R,R-PRW111219031,4,4,0.8507921231571386,0.9515023758663084
PRW111219031,PRW,LEL_1,LEL,1,R,R-PRW111219031,4,1,0.2610172960730359,0.9168742229536592
PRW111219031,PRW,LEL_1,LEL,1,R,R-PRW111219031,4,2,0.5900155233475963,0.9168742229536592
PRW111219031,PRW,LEL_1,LEL,1,R,R-PRW111219031,4,3,0.7123648218765526,0.9168742229536592
PRW111219031,PRW,LEL_1,LEL,1,R,R-PRW111219031,4,4,0.8134081067127233,0.9168742229536592
PRW111219031,PRW,LSR_1,LSR,1,R,R-PRW111219031,3,1,0.5896964912502738,0.9322097226126309
PRW111219031,PRW,LSR_1,LSR,1,R,R-PRW111219031,3,2,0.7099181321315343,0.9322097226126309
PRW111219031,PRW,LSR_1,LSR,1,R,R-PRW111219031,3,3,0.8470569028202097,0.9322097226126309
PRW111219031,PRW,MJS_1,MJS,1,R,R-PRW111219031,4,1,0.31835079031172003,0.890234357809077
PRW111219031,PRW,MJS_1,MJS,1,R,R-PRW111219031,4,2,0.5743061510355767,0.890234357809077
PRW111219031,PRW,MJS_1,MJS,1,R,R-PRW111219031,4,3,0.6796354223654602,0.890234357809077
PRW111219031,PRW,MJS_1,MJS,1,R,R-PRW111219031,4,4,0.7903463257171336,0.890234357809077
PRW111219032,PRW,CJF_1,CJF,1,R,R-PRW111219032,1,1,0.46252665144456334,0.6157191290694941
PRW111219032,PRW,JRS_1,JRS,1,R,R-PRW111219032,1,1,0.41471371984665467,0.5371496655232704
PRW111219032,PRW,LEL_1,LEL,1,R,R-PRW111219032,0,NA,NA,0.576961836521944
PRW111219032,PRW,LSR_1,LSR,1,R,R-PRW111219032,1,1,0.4550221375294461,0.6061261923534638
PRW111219032,PRW,MJS_1,MJS,1,R,R-PRW111219032,1,1,0.5135549942417468,0.6472153766265502
PRW111219033,PRW,CJF_1,CJF,1,R,R-PRW111219033,1,1,0.37938276740449495,0.5815947671619464
PRW111219033,PRW,JRS_1,JRS,1,R,R-PRW111219033,1,1,0.2851203912843898,0.4124115439223498
PRW111219033,PRW,LEL_1,LEL,1,R,R-PRW111219033,1,1,0.48224501866697256,0.6191515594578894
PRW111219033,PRW,LSR_1,LSR,1,R,R-PRW111219033,1,1,0.49335369436550125,0.621653589086579
PRW111219033,PRW,MJS_1,MJS,1,R,R-PRW111219033,1,1,0.3536769455359813,0.4919545785391902
PRW111219034,PRW,CJF_1,CJF,1,R,R-PRW111219034,4,1,0.3205142057864967,0.7847326179037266
PRW111219034,PRW,CJF_1,CJF,1,R,R-PRW111219034,4,2,0.48466358051100733,0.7847326179037266
PRW111219034,PRW,CJF_1,CJF,1,R,R-PRW111219034,4,3,0.6049178761668105,0.7847326179037266
PRW111219034,PRW,CJF_1,CJF,1,R,R-PRW111219034,4,4,0.6968248542514534,0.7847326179037266
PRW111219034,PRW,JRS_1,JRS,1,R,R-PRW111219034,4,1,0.31710930236240586,0.7518927805286227
PRW111219034,PRW,JRS_1,JRS,1,R,R-PRW111219034,4,2,0.47669168485133534,0.7518927805286227
PRW111219034,PRW,JRS_1,JRS,1,R,R-PRW111219034,4,3,0.5646190234524726,0.7518927805286227
PRW111219034,PRW,JRS_1,JRS,1,R,R-PRW111219034,4,4,0.6727581757875987,0.7518927805286227
PRW111219034,PRW,LEL_1,LEL,1,R,R-PRW111219034,3,1,0.19411805793435274,1.1104369456636103
PRW111219034,PRW,LEL_1,LEL,1,R,R-PRW111219034,3,2,0.40019804048065366,1.1104369456636103
PRW111219034,PRW,LEL_1,LEL,1,R,R-PRW111219034,3,3,0.660406136513261,1.1104369456636103
PRW111219034,PRW,LSR_1,LSR,1,R,R-PRW111219034,4,1,0.3619951804619367,0.7757648986268161
PRW111219034,PRW,LSR_1,LSR,1,R,R-PRW111219034,4,2,0.5029581345072486,0.7757648986268161
PRW111219034,PRW,LSR_1,LSR,1,R,R-PRW111219034,4,3,0.6051861296518705,0.7757648986268161
PRW111219034,PRW,LSR_1,LSR,1,R,R-PRW111219034,4,4,0.7145730513519499,0.7757648986268161
PRW111219034,PRW,MJS_1,MJS,1,R,R-PRW111219034,4,1,0.3438402670222606,0.8100846185894968
PRW111219034,PRW,MJS_1,MJS,1,R,R-PRW111219034,4,2,0.5107521176878186,0.8100846185894968
PRW111219034,PRW,MJS_1,MJS,1,R,R-PRW111219034,4,3,0.6024449162839883,0.8100846185894968
PRW111219034,PRW,MJS_1,MJS,1,R,R-PRW111219034,4,4,0.721289615973458,0.8100846185894968
PRW111219035,PRW,CJF_1,CJF,1,R,R-PRW111219035,4,1,0.34373743261769035,0.9491880427582855
PRW111219035,PRW,CJF_1,CJF,1,R,R-PRW111219035,4,2,0.5826939936073995,0.9491880427582855
PRW111219035,PRW,CJF_1,CJF,1,R,R-PRW111219035,4,3,0.7259676777110157,0.9491880427582855
PRW111219035,PRW,CJF_1,CJF,1,R,R-PRW111219035,4,4,0.8551289117115409,0.9491880427582855
PRW111219035,PRW,JRS_1,JRS,1,R,R-PRW111219035,3,1,0.5868261402009839,0.9342735273777802
PRW111219035,PRW,JRS_1,JRS,1,R,R-PRW111219035,3,2,0.7056701130390184,0.9342735273777802
PRW111219035,PRW,JRS_1,JRS,1,R,R-PRW111219035,3,3,0.824153472827777,0.9342735273777802
PRW111219035,PRW,LEL_1,LEL,1,R,R-PRW111219035,3,1,0.48915160724319734,1.0645917853324114
PRW111219035,PRW,LEL_1,LEL,1,R,R-PRW111219035,3,2,0.6864488340983033,1.0645917853324114
PRW111219035,PRW,LEL_1,LEL,1,R,R-PRW111219035,3,3,0.8380838061435776,1.0645917853324114
PRW111219035,PRW,LSR_1,LSR,1,R,R-PRW111219035,4,1,0.4495097443730892,0.9954857452586365
PRW111219035,PRW,LSR_1,LSR,1,R,R-PRW111219035,4,2,0.635691028985862,0.9954857452586365
PRW111219035,PRW,LSR_1,LSR,1,R,R-PRW111219035,4,3,0.774713007695525,0.9954857452586365
PRW111219035,PRW,LSR_1,LSR,1,R,R-PRW111219035,4,4,0.8847414356927077,0.9954857452586365
PRW111219035,PRW,MJS_1,MJS,1,R,R-PRW111219035,4,1,0.42105666261316116,1.0160420907982879
PRW111219035,PRW,MJS_1,MJS,1,R,R-PRW111219035,4,2,0.6590353053901158,1.0160420907982879
PRW111219035,PRW,MJS_1,MJS,1,R,R-PRW111219035,4,3,0.7734888208892131,1.0160420907982879
PRW111219035,PRW,MJS_1,MJS,1,R,R-PRW111219035,4,4,0.8934639654121076,1.0160420907982879
PRW111219036,PRW,CJF_1,CJF,1,R,R-PRW111219036,1,1,0.3831137832606222,0.5742578594394598
PRW111219036,PRW,JRS_1,JRS,1,R,R-PRW111219036,0,NA,NA,0.6657595129710855
PRW111219036,PRW,LEL_1,LEL,1,R,R-PRW111219036,0,NA,NA,0.6465112207213521
PRW111219036,PRW,LSR_1,LSR,1,R,R-PRW111219036,1,1,0.39699054058425737,0.52894229778
PRW111219036,PRW,MJS_1,MJS,1,R,R-PRW111219036,1,1,0.43109841658538756,0.6098110184075054
PRW111219037,PRW,CJF_1,CJF,1,R,R-PRW111219037,1,1,0.47813300809906045,0.6712744906620729
PRW111219037,PRW,JRS_1,JRS,1,R,R-PRW111219037,1,1,0.17686345280981897,0.5875351506936541
PRW111219037,PRW,LEL_1,LEL,1,R,R-PRW111219037,1,1,0.48534542503369016,0.7345438198726254
PRW111219037,PRW,LSR_1,LSR,1,R,R-PRW111219037,2,1,0.23047224015384274,0.5581759652726497
PRW111219037,PRW,LSR_1,LSR,1,R,R-PRW111219037,2,2,0.38417648781398683,0.5581759652726497
PRW111219037,PRW,MJS_1,MJS,1,R,R-PRW111219037,1,1,0.4542016702705085,0.6332862589186177
PRW111219038,PRW,CJF_1,CJF,1,R,R-PRW111219038,1,1,0.3831946154380542,0.584427012383957
PRW111219038,PRW,JRS_1,JRS,1,R,R-PRW111219038,1,1,0.26759487413791405,0.426158788821835
PRW111219038,PRW,LEL_1,LEL,1,R,R-PRW111219038,1,1,0.32261250161644506,0.45975438810138375
PRW111219038,PRW,LSR_1,LSR,1,R,R-PRW111219038,1,1,0.6053222787600429,0.8073084228579719
PRW111219038,PRW,MJS_1,MJS,1,R,R-PRW111219038,1,1,0.2778799227315785,0.413497756701778
PRW111219039,PRW,CJF_1,CJF,1,R,R-PRW111219039,4,1,0.3689157664866299,0.9270308434479821
PRW111219039,PRW,CJF_1,CJF,1,R,R-PRW111219039,4,2,0.5864778068282515,0.9270308434479821
PRW111219039,PRW,CJF_1,CJF,1,R,R-PRW111219039,4,3,0.7204653739073313,0.9270308434479821
PRW111219039,PRW,CJF_1,CJF,1,R,R-PRW111219039,4,4,0.8237194975038082,0.9270308434479821
PRW111219039,PRW,JRS_1,JRS,1,R,R-PRW111219039,4,1,0.38988551121811593,0.9169734430846519
PRW111219039,PRW,JRS_1,JRS,1,R,R-PRW111219039,4,2,0.6045134552869758,0.9169734430846519
PRW111219039,PRW,JRS_1,JRS,1,R,R-PRW111219039,4,3,0.7163033005087114,0.9169734430846519
PRW111219039,PRW,JRS_1,JRS,1,R,R-PRW111219039,4,4,0.8217718601933712,0.9169734430846519
PRW111219039,PRW,LEL_1,LEL,1,R,R-PRW111219039,3,1,0.6857131611831788,1.0163178564753679
PRW111219039,PRW,LEL_1,LEL,1,R,R-PRW111219039,3,2,0.8043395156153831,1.0163178564753679
PRW111219039,PRW,LEL_1,LEL,1,R,R-PRW111219039,3,3,0.9190338599521068,1.0163178564753679
PRW111219039,PRW,LSR_1,LSR,1,R,R-PRW111219039,4,1,0.4383945065439021,0.9526592816845157
PRW111219039,PRW,LSR_1,LSR,1,R,R-PRW111219039,4,2,0.6388002509778956,0.9526592816845157
PRW111219039,PRW,LSR_1,LSR,1,R,R-PRW111219039,4,3,0.7490289628922251,0.9526592816845157
PRW111219039,PRW,LSR_1,LSR,1,R,R-PRW111219039,4,4,0.8463593773733654,0.9526592816845157
PRW111219039,PRW,MJS_1,MJS,1,R,R-PRW111219039,4,1,0.4606844830890211,0.9935220560351743
PRW111219039,PRW,MJS_1,MJS,1,R,R-PRW111219039,4,2,0.6579976885926104,0.9935220560351743
PRW111219039,PRW,MJS_1,MJS,1,R,R-PRW111219039,4,3,0.7737563972986427,0.9935220560351743
PRW111219039,PRW,MJS_1,MJS,1,R,R-PRW111219039,4,4,0.8878143980780601,0.9935220560351743
PRW111219040,PRW,CJF_1,CJF,1,R,R-PRW111219040,1,1,0.39767372326031636,0.5663510679041199
PRW111219040,PRW,JRS_1,JRS,1,R,R-PRW111219040,1,1,0.3544608253976467,0.5254277615434639
PRW111219040,PRW,LEL_1,LEL,1,R,R-PRW111219040,1,1,0.35548612772351373,0.5348963261363728
PRW111219040,PRW,LSR_1,LSR,1,R,R-PRW111219040,1,1,0.41560367651481106,0.6205155770620322
PRW111219040,PRW,MJS_1,MJS,1,R,R-PRW111219040,1,1,0.402487763269701,0.5719434100960945
PRW111219041,PRW,CJF_1,CJF,1,R,R-PRW111219041,1,1,0.3865188927522784,0.5885168622932893
PRW111219041,PRW,JRS_1,JRS,1,R,R-PRW111219041,1,1,0.46878870613735135,0.6481401229535376
PRW111219041,PRW,LEL_1,LEL,1,R,R-PRW111219041,0,NA,NA,0.5845329178215611
PRW111219041,PRW,LSR_1,LSR,1,R,R-PRW111219041,1,1,0.4163120200426001,0.6049508757207663
PRW111219041,PRW,MJS_1,MJS,1,R,R-PRW111219041,1,1,0.46131697427751023,0.6732683005118765
PRW111219042,PRW,CJF_1,CJF,1,R,R-PRW111219042,1,1,0.3572987473770079,0.5314731057498797
PRW111219042,PRW,JRS_1,JRS,1,R,R-PRW111219042,1,1,0.39160339662910615,0.5187004211506999
PRW111219042,PRW,LEL_1,LEL,1,R,R-PRW111219042,1,1,0.5217575111410329,0.6651860438654407
PRW111219042,PRW,LSR_1,LSR,1,R,R-PRW111219042,1,1,0.45984682816520206,0.6393983387616347
PRW111219042,PRW,MJS_1,MJS,1,R,R-PRW111219042,1,1,0.4841724960649581,0.6382097317359564
PRW111219043,PRW,CJF_1,CJF,1,R,R-PRW111219043,1,1,0.3584346255294278,0.5308692850579583
PRW111219043,PRW,JRS_1,JRS,1,R,R-PRW111219043,0,NA,NA,0.4139982709364799
PRW111219043,PRW,LEL_1,LEL,1,R,R-PRW111219043,0,NA,NA,0.553759346003561
PRW111219043,PRW,LSR_1,LSR,1,R,R-PRW111219043,1,1,0.31785619249612757,0.47106638809358353
PRW111219043,PRW,MJS_1,MJS,1,R,R-PRW111219043,1,1,0.2725235938785359,0.4259028898272554
PRW111219044,PRW,CJF_1,CJF,1,R,R-PRW111219044,1,1,0.376185454136763,0.6007132263542467
PRW111219044,PRW,JRS_1,JRS,1,R,R-PRW111219044,1,1,0.388154966601445,0.5723871040619388
PRW111219044,PRW,LEL_1,LEL,1,R,R-PRW111219044,0,NA,NA,0.5523605504491877
PRW111219044,PRW,LSR_1,LSR,1,R,R-PRW111219044,2,1,0.2139657235469365,0.5766666096612711
PRW111219044,PRW,LSR_1,LSR,1,R,R-PRW111219044,2,2,0.3765327768456669,0.5766666096612711
PRW111219044,PRW,MJS_1,MJS,1,R,R-PRW111219044,1,1,0.4055215917998401,0.6100207871783149
PRW111219045,PRW,CJF_1,CJF,1,R,R-PRW111219045,1,1,0.4260420659128517,0.6306289251191735
PRW111219045,PRW,JRS_1,JRS,1,R,R-PRW111219045,1,1,0.3070044190042136,0.43628782784664044
PRW111219045,PRW,LEL_1,LEL,1,R,R-PRW111219045,1,1,0.4428881987654012,0.6579537461573639
PRW111219045,PRW,LSR_1,LSR,1,R,R-PRW111219045,1,1,0.34317855923955765,0.47526721417101825
PRW111219045,PRW,MJS_1,MJS,1,R,R-PRW111219045,1,1,0.34382512581480623,0.5047737953508211
PRW111219046,PRW,CJF_1,CJF,1,R,R-PRW111219046,1,1,0.3490422517886711,0.4844308323477621
PRW111219046,PRW,JRS_1,JRS,1,R,R-PRW111219046,1,1,0.3661453314263285,0.48434776190186807
PRW111219046,PRW,LEL_1,LEL,1,R,R-PRW111219046,1,1,0.4241864299438582,0.5428578392991166
PRW111219046,PRW,LSR_1,LSR,1,R,R-PRW111219046,1,1,0.493936454231003,0.6974298706160518
PRW111219046,PRW,MJS_1,MJS,1,R,R-PRW111219046,1,1,0.45556664744983894,0.5891684129606778
PRW111219047,PRW,CJF_1,CJF,1,R,R-PRW111219047,1,1,0.35791697747930146,0.5110742780085418
PRW111219047,PRW,JRS_1,JRS,1,R,R-PRW111219047,1,1,0.3139561661256487,0.4428887585655371
PRW111219047,PRW,LEL_1,LEL,1,R,R-PRW111219047,1,1,0.40628595232910303,0.5386128974422467
PRW111219047,PRW,LSR_1,LSR,1,R,R-PRW111219047,1,1,0.2945923927263553,0.3860585791776837
PRW111219047,PRW,MJS_1,MJS,1,R,R-PRW111219047,1,1,0.2728503418976628,0.3946907358287039
PRW111219048,PRW,CJF_1,CJF,1,R,R-PRW111219048,1,1,0.5034949733866161,0.7065214818349498
PRW111219048,PRW,JRS_1,JRS,1,R,R-PRW111219048,1,1,0.32135713910178754,0.43503114328964576
PRW111219048,PRW,LEL_1,LEL,1,R,R-PRW111219048,1,1,0.4301158418374542,0.6681979676070842
PRW111219048,PRW,LSR_1,LSR,1,R,R-PRW111219048,1,1,0.5590981411881258,0.7206105693555167
PRW111219048,PRW,MJS_1,MJS,1,R,R-PRW111219048,1,1,0.5996310059113994,0.7615315535773806
PRW111219049,PRW,CJF_1,CJF,1,R,R-PRW111219049,1,1,0.41370367839552485,0.6176934735313022
PRW111219049,PRW,JRS_1,JRS,1,R,R-PRW111219049,1,1,0.3663003668811377,0.5162408562191129
PRW111219049,PRW,LEL_1,LEL,1,R,R-PRW111219049,1,1,0.35147252191198114,0.5390474371492325
PRW111219049,PRW,LSR_1,LSR,1,R,R-PRW111219049,1,1,0.401806682104434,0.5679124090420564
PRW111219049,PRW,MJS_1,MJS,1,R,R-PRW111219049,1,1,0.47515587399800263,0.6637486997759455
PRW111219050,PRW,CJF_1,CJF,1,R,R-PRW111219050,0,NA,NA,0.4407539247692692
PRW111219050,PRW,JRS_1,JRS,1,R,R-PRW111219050,0,NA,NA,0.35800681537575146
PRW111219050,PRW,LEL_1,LEL,1,R,R-PRW111219050,0,NA,NA,0.36261872346558094
PRW111219050,PRW,LSR_1,LSR,1,R,R-PRW111219050,0,NA,NA,0.4310999204897695
PRW111219050,PRW,MJS_1,MJS,1,R,R-PRW111219050,0,NA,NA,0.5636266543183563
PRW111219051,PRW,CJF_1,CJF,1,R,R-PRW111219051,0,NA,NA,0.4855418374131325
PRW111219051,PRW,JRS_1,JRS,1,R,R-PRW111219051,0,NA,NA,0.37778580720382743
PRW111219051,PRW,LEL_1,LEL,1,R,R-PRW111219051,0,NA,NA,0.4470645555437076
PRW111219051,PRW,LSR_1,LSR,1,R,R-PRW111219051,1,1,0.24755167364659098,0.369806518785243
PRW111219051,PRW,MJS_1,MJS,1,R,R-PRW111219051,0,NA,NA,0.36118142290101707
PRW111219053,PRW,CJF_1,CJF,1,R,R-PRW111219053,0,NA,NA,0.5002389854409717
PRW111219053,PRW,JRS_1,JRS,1,R,R-PRW111219053,0,NA,NA,0.32368217299409163
PRW111219053,PRW,LEL_1,LEL,1,R,R-PRW111219053,0,NA,NA,0.39590837006986596
PRW111219053,PRW,LSR_1,LSR,1,R,R-PRW111219053,1,1,0.2513040675237451,0.4893167344725673
PRW111219053,PRW,MJS_1,MJS,1,R,R-PRW111219053,0,NA,NA,0.37892011254132385
PRW111219054,PRW,CJF_1,CJF,1,R,R-PRW111219054,0,NA,NA,0.4568327612272769
PRW111219054,PRW,JRS_1,JRS,1,R,R-PRW111219054,0,NA,NA,0.3751667071179876
PRW111219054,PRW,LEL_1,LEL,1,R,R-PRW111219054,0,NA,NA,0.3814527754395549
PRW111219054,PRW,LSR_1,LSR,1,R,R-PRW111219054,1,1,0.23337526766021824,0.38953715680088424
PRW111219054,PRW,MJS_1,MJS,1,R,R-PRW111219054,0,NA,NA,0.52565677192537
PRW111219056,PRW,CJF_1,CJF,1,R,R-PRW111219056,0,NA,NA,0.45168896197159086
PRW111219056,PRW,JRS_1,JRS,1,R,R-PRW111219056,0,NA,NA,0.3585024128411401
PRW111219056,PRW,LEL_1,LEL,1,R,R-PRW111219056,0,NA,NA,0.40964791006037826
PRW111219056,PRW,LSR_1,LSR,1,R,R-PRW111219056,1,1,0.1835233045042113,0.34901282892055874
PRW111219056,PRW,MJS_1,MJS,1,R,R-PRW111219056,0,NA,NA,0.39949789196237234
PRW111219057,PRW,CJF_1,CJF,1,R,R-PRW111219057,0,NA,NA,0.5185343702788578
PRW111219057,PRW,JRS_1,JRS,1,R,R-PRW111219057,0,NA,NA,0.2761702431521649
PRW111219057,PRW,LEL_1,LEL,1,R,R-PRW111219057,0,NA,NA,0.4164168237616268
PRW111219057,PRW,LSR_1,LSR,1,R,R-PRW111219057,1,1,0.33807288357984844,0.5735091907590358
PRW111219057,PRW,MJS_1,MJS,1,R,R-PRW111219057,0,NA,NA,0.2871956567492194
PRW111219058,PRW,CJF_1,CJF,1,R,R-PRW111219058,0,NA,NA,0.5733870556245358
PRW111219058,PRW,JRS_1,JRS,1,R,R-PRW111219058,0,NA,NA,0.3735591530606903
PRW111219058,PRW,LEL_1,LEL,1,R,R-PRW111219058,0,NA,NA,0.5610367987500554
PRW111219058,PRW,LSR_1,LSR,1,R,R-PRW111219058,1,1,0.2890718554187983,0.4123289944551205
PRW111219058,PRW,MJS_1,MJS,1,R,R-PRW111219058,0,NA,NA,0.37356446868024035
PRW111219060,PRW,CJF_1,CJF,1,R,R-PRW111219060,5,1,0.4548457823167401,1.0409000685185958
PRW111219060,PRW,CJF_1,CJF,1,R,R-PRW111219060,5,2,0.5733232674090476,1.0409000685185958
PRW111219060,PRW,CJF_1,CJF,1,R,R-PRW111219060,5,3,0.7114541829701437,1.0409000685185958
PRW111219060,PRW,CJF_1,CJF,1,R,R-PRW111219060,5,4,0.8548368033684905,1.0409000685185958
PRW111219060,PRW,CJF_1,CJF,1,R,R-PRW111219060,5,5,0.951608092921322,1.0409000685185958
PRW111219060,PRW,JRS_1,JRS,1,R,R-PRW111219060,5,1,0.30735844507828164,0.8642520994938978
PRW111219060,PRW,JRS_1,JRS,1,R,R-PRW111219060,5,2,0.4322039943596063,0.8642520994938978
PRW111219060,PRW,JRS_1,JRS,1,R,R-PRW111219060,5,3,0.5454448567921136,0.8642520994938978
PRW111219060,PRW,JRS_1,JRS,1,R,R-PRW111219060,5,4,0.6992020239439121,0.8642520994938978
PRW111219060,PRW,JRS_1,JRS,1,R,R-PRW111219060,5,5,0.7912157633300518,0.8642520994938978
PRW111219060,PRW,LEL_1,LEL,1,R,R-PRW111219060,3,1,0.15539080427472177,1.0647071115148656
PRW111219060,PRW,LEL_1,LEL,1,R,R-PRW111219060,3,2,0.3136642690038709,1.0647071115148656
PRW111219060,PRW,LEL_1,LEL,1,R,R-PRW111219060,3,3,0.4181699691456044,1.0647071115148656
PRW111219060,PRW,LSR_1,LSR,1,R,R-PRW111219060,5,1,0.2986323537137115,0.7679278948380366
PRW111219060,PRW,LSR_1,LSR,1,R,R-PRW111219060,5,2,0.40403632693838215,0.7679278948380366
PRW111219060,PRW,LSR_1,LSR,1,R,R-PRW111219060,5,3,0.4950092189132953,0.7679278948380366
PRW111219060,PRW,LSR_1,LSR,1,R,R-PRW111219060,5,4,0.6052235525545513,0.7679278948380366
PRW111219060,PRW,LSR_1,LSR,1,R,R-PRW111219060,5,5,0.6926240038787103,0.7679278948380366
PRW111219060,PRW,MJS_1,MJS,1,R,R-PRW111219060,5,1,0.4116279139670846,1.056078389485362
PRW111219060,PRW,MJS_1,MJS,1,R,R-PRW111219060,5,2,0.5622802015002912,1.056078389485362
PRW111219060,PRW,MJS_1,MJS,1,R,R-PRW111219060,5,3,0.7070895718795918,1.056078389485362
PRW111219060,PRW,MJS_1,MJS,1,R,R-PRW111219060,5,4,0.8539827904566165,1.056078389485362
PRW111219060,PRW,MJS_1,MJS,1,R,R-PRW111219060,5,5,0.9573187518883479,1.056078389485362
PRW111219061,PRW,CJF_1,CJF,1,R,R-PRW111219061,3,1,0.5566001559969456,0.967132139030539
PRW111219061,PRW,CJF_1,CJF,1,R,R-PRW111219061,3,2,0.7312200429013282,0.967132139030539
PRW111219061,PRW,CJF_1,CJF,1,R,R-PRW111219061,3,3,0.8467886409330279,0.967132139030539
PRW111219061,PRW,JRS_1,JRS,1,R,R-PRW111219061,3,1,0.5561398860603947,0.8784494909920186
PRW111219061,PRW,JRS_1,JRS,1,R,R-PRW111219061,3,2,0.6956010299066182,0.8784494909920186
PRW111219061,PRW,JRS_1,JRS,1,R,R-PRW111219061,3,3,0.8117825783741242,0.8784494909920186
PRW111219061,PRW,LEL_1,LEL,1,R,R-PRW111219061,4,1,0.33017566181228214,0.9994967748546605
PRW111219061,PRW,LEL_1,LEL,1,R,R-PRW111219061,4,2,0.6205982120068081,0.9994967748546605
PRW111219061,PRW,LEL_1,LEL,1,R,R-PRW111219061,4,3,0.7735712038600288,0.9994967748546605
PRW111219061,PRW,LEL_1,LEL,1,R,R-PRW111219061,4,4,0.8945334505942288,0.9994967748546605
PRW111219061,PRW,LSR_1,LSR,1,R,R-PRW111219061,4,1,0.3063999482732004,0.9596808915873438
PRW111219061,PRW,LSR_1,LSR,1,R,R-PRW111219061,4,2,0.5588329314365832,0.9596808915873438
PRW111219061,PRW,LSR_1,LSR,1,R,R-PRW111219061,4,3,0.7263646052793271,0.9596808915873438
PRW111219061,PRW,LSR_1,LSR,1,R,R-PRW111219061,4,4,0.8666347514027255,0.9596808915873438
PRW111219061,PRW,MJS_1,MJS,1,R,R-PRW111219061,4,1,0.20829011167917943,0.8516647040208625
PRW111219061,PRW,MJS_1,MJS,1,R,R-PRW111219061,4,2,0.46017037617457984,0.8516647040208625
PRW111219061,PRW,MJS_1,MJS,1,R,R-PRW111219061,4,3,0.6166445444501301,0.8516647040208625
PRW111219061,PRW,MJS_1,MJS,1,R,R-PRW111219061,4,4,0.7340524932980338,0.8516647040208625
PRW111219062,PRW,CJF_1,CJF,1,R,R-PRW111219062,3,1,0.45299742758471695,0.8705530616475484
PRW111219062,PRW,CJF_1,CJF,1,R,R-PRW111219062,3,2,0.6235635047965463,0.8705530616475484
PRW111219062,PRW,CJF_1,CJF,1,R,R-PRW111219062,3,3,0.7631175679698613,0.8705530616475484
PRW111219062,PRW,JRS_1,JRS,1,R,R-PRW111219062,3,1,0.452759917021691,0.7011469461368057
PRW111219062,PRW,JRS_1,JRS,1,R,R-PRW111219062,3,2,0.5800972988084291,0.7011469461368057
PRW111219062,PRW,JRS_1,JRS,1,R,R-PRW111219062,3,3,0.6634205393866284,0.7011469461368057
PRW111219062,PRW,LEL_1,LEL,1,R,R-PRW111219062,3,1,0.45897750182957076,0.7255958187523757
PRW111219062,PRW,LEL_1,LEL,1,R,R-PRW111219062,3,2,0.5769054362201204,0.7255958187523757
PRW111219062,PRW,LEL_1,LEL,1,R,R-PRW111219062,3,3,0.6703584995225174,0.7255958187523757
PRW111219062,PRW,LSR_1,LSR,1,R,R-PRW111219062,3,1,0.442344485143454,0.7462493949502351
PRW111219062,PRW,LSR_1,LSR,1,R,R-PRW111219062,3,2,0.5816524336267551,0.7462493949502351
PRW111219062,PRW,LSR_1,LSR,1,R,R-PRW111219062,3,3,0.6751507012821913,0.7462493949502351
PRW111219062,PRW,MJS_1,MJS,1,R,R-PRW111219062,3,1,0.4668386217775643,0.8738895877905108
PRW111219062,PRW,MJS_1,MJS,1,R,R-PRW111219062,3,2,0.6368206020036611,0.8738895877905108
PRW111219062,PRW,MJS_1,MJS,1,R,R-PRW111219062,3,3,0.7460183224615347,0.8738895877905108
PRW111219063,PRW,CJF_1,CJF,1,R,R-PRW111219063,1,1,0.4124388477558505,0.5345876612124352
PRW111219063,PRW,JRS_1,JRS,1,R,R-PRW111219063,1,1,0.4627731339274297,0.5765901325151427
PRW111219063,PRW,LEL_1,LEL,1,R,R-PRW111219063,2,1,0.3331680027324433,0.689325888661919
PRW111219063,PRW,LEL_1,LEL,1,R,R-PRW111219063,2,2,0.5360892966328044,0.689325888661919
PRW111219063,PRW,LSR_1,LSR,1,R,R-PRW111219063,1,1,0.4504813674207485,0.5902434032576179
PRW111219063,PRW,MJS_1,MJS,1,R,R-PRW111219063,1,1,0.4297692421437275,0.5568977385364032
PRW111219065,PRW,CJF_1,CJF,1,R,R-PRW111219065,2,1,0.4092868805690222,0.7144937526176108
PRW111219065,PRW,CJF_1,CJF,1,R,R-PRW111219065,2,2,0.5929725527152899,0.7144937526176108
PRW111219065,PRW,JRS_1,JRS,1,R,R-PRW111219065,2,1,0.3719366659101765,0.581767809591992
PRW111219065,PRW,JRS_1,JRS,1,R,R-PRW111219065,2,2,0.5031758985282299,0.581767809591992
PRW111219065,PRW,LEL_1,LEL,1,R,R-PRW111219065,3,1,0.2680379186329118,0.6117186226622388
PRW111219065,PRW,LEL_1,LEL,1,R,R-PRW111219065,3,2,0.3957862950422103,0.6117186226622388
PRW111219065,PRW,LEL_1,LEL,1,R,R-PRW111219065,3,3,0.5009657738987181,0.6117186226622388
PRW111219065,PRW,LSR_1,LSR,1,R,R-PRW111219065,2,1,0.4082637103774059,0.6230449484562381
PRW111219065,PRW,LSR_1,LSR,1,R,R-PRW111219065,2,2,0.5057335885139115,0.6230449484562381
PRW111219065,PRW,MJS_1,MJS,1,R,R-PRW111219065,2,1,0.3629620450490607,0.6073552684052262
PRW111219065,PRW,MJS_1,MJS,1,R,R-PRW111219065,2,2,0.5129869671577724,0.6073552684052262
PRW111219066,PRW,CJF_1,CJF,1,R,R-PRW111219066,1,1,0.37590373028265983,0.532641015125824
PRW111219066,PRW,JRS_1,JRS,1,R,R-PRW111219066,0,NA,NA,0.40743329051954785
PRW111219066,PRW,LEL_1,LEL,1,R,R-PRW111219066,1,1,0.33576606641474654,0.5332322346813696
PRW111219066,PRW,LSR_1,LSR,1,R,R-PRW111219066,1,1,0.2994199819471409,0.40866839047576836
PRW111219066,PRW,MJS_1,MJS,1,R,R-PRW111219066,1,1,0.32740806741431,0.4642174375669945
PRW111219067,PRW,CJF_1,CJF,1,R,R-PRW111219067,1,1,0.37102746992570806,0.5437536353590995
PRW111219067,PRW,JRS_1,JRS,1,R,R-PRW111219067,1,1,0.38266694318501465,0.5321835141890537
PRW111219067,PRW,LEL_1,LEL,1,R,R-PRW111219067,1,1,0.41417943023405784,0.5647193268891205
PRW111219067,PRW,LSR_1,LSR,1,R,R-PRW111219067,1,1,0.38635917086857985,0.523357511331583
PRW111219067,PRW,MJS_1,MJS,1,R,R-PRW111219067,2,1,0.28064936335939483,0.6886561554336679
PRW111219067,PRW,MJS_1,MJS,1,R,R-PRW111219067,2,2,0.47784953682134795,0.6886561554336679
PRW111219069,PRW,CJF_1,CJF,1,R,R-PRW111219069,0,NA,NA,0.4560712752303694
PRW111219069,PRW,LEL_1,LEL,1,R,R-PRW111219069,0,NA,NA,0.7327170153503535
PRW111219069,PRW,LSR_1,LSR,1,R,R-PRW111219069,1,1,0.20701876272273995,0.3629793693566695
PRW111219069,PRW,MJS_1,MJS,1,R,R-PRW111219069,0,NA,NA,0.49664181550880593
PRW111219070,PRW,CJF_1,CJF,1,R,R-PRW111219070,0,NA,NA,0.3888292698727933
PRW111219070,PRW,JRS_1,JRS,1,R,R-PRW111219070,0,NA,NA,0.30441910229357944
PRW111219070,PRW,LEL_1,LEL,1,R,R-PRW111219070,0,NA,NA,0.508382254838567
PRW111219070,PRW,LSR_1,LSR,1,R,R-PRW111219070,1,1,0.22353498846798936,0.2789015927545237
PRW111219070,PRW,MJS_1,MJS,1,R,R-PRW111219070,0,NA,NA,0.2657833609087992
PRW111219071,PRW,CJF_1,CJF,1,R,R-PRW111219071,1,1,0.4261548397671884,0.6192775356169887
PRW111219071,PRW,JRS_1,JRS,1,R,R-PRW111219071,0,NA,NA,0.42718725929300205
PRW111219071,PRW,LEL_1,LEL,1,R,R-PRW111219071,0,NA,NA,0.576823709285803
PRW111219071,PRW,LSR_1,LSR,1,R,R-PRW111219071,1,1,0.36940596759557487,0.49602496273088564
PRW111219071,PRW,MJS_1,MJS,1,R,R-PRW111219071,1,1,0.3190480648906924,0.47278393176684824
PRW111219072,PRW,CJF_1,CJF,1,R,R-PRW111219072,1,1,0.4216345776454862,0.6329323645710073
PRW111219072,PRW,JRS_1,JRS,1,R,R-PRW111219072,1,1,0.47952593438477653,0.6461064024682805
PRW111219072,PRW,LEL_1,LEL,1,R,R-PRW111219072,1,1,0.39304158025201674,0.5290237477910815
PRW111219072,PRW,LSR_1,LSR,1,R,R-PRW111219072,1,1,0.48175234358049107,0.6679468556827208
PRW111219072,PRW,MJS_1,MJS,1,R,R-PRW111219072,1,1,0.4681988600298028,0.641695915761534
PRW111219073,PRW,CJF_1,CJF,1,R,R-PRW111219073,1,1,0.4322833932530682,0.65238147039414
PRW111219073,PRW,JRS_1,JRS,1,R,R-PRW111219073,1,1,0.2853673698705768,0.39018521175247706
PRW111219073,PRW,LEL_1,LEL,1,R,R-PRW111219073,1,1,0.43904610810140166,0.6795363392177315
PRW111219073,PRW,LSR_1,LSR,1,R,R-PRW111219073,1,1,0.5048022460150496,0.6634651503123086
PRW111219073,PRW,MJS_1,MJS,1,R,R-PRW111219073,1,1,0.26949967046814277,0.3912476796626728
PRW111219074,PRW,CJF_1,CJF,1,R,R-PRW111219074,1,1,0.3299986779198448,0.5557545244550043
PRW111219074,PRW,JRS_1,JRS,1,R,R-PRW111219074,1,1,0.3848359000554245,0.564163612975393
PRW111219074,PRW,LEL_1,LEL,1,R,R-PRW111219074,0,NA,NA,0.599934384464446
PRW111219074,PRW,LSR_1,LSR,1,R,R-PRW111219074,2,1,0.18735901347164768,0.37060453336831967
PRW111219074,PRW,LSR_1,LSR,1,R,R-PRW111219074,2,2,0.30350232217641027,0.37060453336831967
PRW111219074,PRW,MJS_1,MJS,1,R,R-PRW111219074,1,1,0.40766687090271286,0.5987081896379185
PRW111219075,PRW,CJF_1,CJF,1,R,R-PRW111219075,0,NA,NA,0.44112211985110594
PRW111219075,PRW,LEL_1,LEL,1,R,R-PRW111219075,0,NA,NA,0.49256267696467587
PRW111219075,PRW,LSR_1,LSR,1,R,R-PRW111219075,2,1,0.15811305954882204,0.4319473224641163
PRW111219075,PRW,LSR_1,LSR,1,R,R-PRW111219075,2,2,0.2789512596969007,0.4319473224641163
PRW111219075,PRW,MJS_1,MJS,1,R,R-PRW111219075,1,1,0.3270818724378298,0.5229599059118413
PRW111219076,PRW,CJF_1,CJF,1,R,R-PRW111219076,0,NA,NA,0.5433548528672865
PRW111219076,PRW,JRS_1,JRS,1,R,R-PRW111219076,0,NA,NA,0.4206234733059513
PRW111219076,PRW,LEL_1,LEL,1,R,R-PRW111219076,0,NA,NA,0.5141804512397429
PRW111219076,PRW,LSR_1,LSR,1,R,R-PRW111219076,1,1,0.20058576494752942,0.39384718029583055
PRW111219076,PRW,MJS_1,MJS,1,R,R-PRW111219076,0,NA,NA,0.6029667207708717
PRW111219077,PRW,CJF_1,CJF,1,R,R-PRW111219077,0,NA,NA,0.46834427923640576
PRW111219077,PRW,JRS_1,JRS,1,R,R-PRW111219077,0,NA,NA,0.41089052245644203
PRW111219077,PRW,LEL_1,LEL,1,R,R-PRW111219077,0,NA,NA,0.3911933139734307
PRW111219077,PRW,LSR_1,LSR,1,R,R-PRW111219077,1,1,0.3998236075799273,0.45939049738324034
PRW111219077,PRW,MJS_1,MJS,1,R,R-PRW111219077,0,NA,NA,0.45091005808153256
PRW111219079,PRW,CJF_1,CJF,1,R,R-PRW111219079,0,NA,NA,0.4850229430688078
PRW111219079,PRW,JRS_1,JRS,1,R,R-PRW111219079,0,NA,NA,0.3205118330828207
PRW111219079,PRW,LEL_1,LEL,1,R,R-PRW111219079,0,NA,NA,0.5451493612024393
PRW111219079,PRW,LSR_1,LSR,1,R,R-PRW111219079,0,NA,NA,0.39406957946536914
PRW111219079,PRW,MJS_1,MJS,1,R,R-PRW111219079,0,NA,NA,0.271477587046306
PRW111219080,PRW,CJF_1,CJF,1,R,R-PRW111219080,0,NA,NA,0.5614300412025091
PRW111219080,PRW,JRS_1,JRS,1,R,R-PRW111219080,0,NA,NA,0.3066835663874655
PRW111219080,PRW,LEL_1,LEL,1,R,R-PRW111219080,0,NA,NA,0.5743248184491613
PRW111219080,PRW,LSR_1,LSR,1,R,R-PRW111219080,1,1,0.16244364129307443,0.21241555273443563
PRW111219080,PRW,MJS_1,MJS,1,R,R-PRW111219080,0,NA,NA,0.3695749793112328
PRW111219081,PRW,CJF_1,CJF,1,R,R-PRW111219081,0,NA,NA,0.37333202569215895
PRW111219081,PRW,JRS_1,JRS,1,R,R-PRW111219081,0,NA,NA,0.2618102649912075
PRW111219081,PRW,LEL_1,LEL,1,R,R-PRW111219081,0,NA,NA,0.38179407468343546
PRW111219081,PRW,LSR_1,LSR,1,R,R-PRW111219081,1,1,0.39914039846582205,0.4646683604793458
PRW111219081,PRW,MJS_1,MJS,1,R,R-PRW111219081,0,NA,NA,0.4002262242816581
PRW111219082,PRW,CJF_1,CJF,1,R,R-PRW111219082,0,NA,NA,0.47462435054668195
PRW111219082,PRW,JRS_1,JRS,1,R,R-PRW111219082,0,NA,NA,0.35526786560166473
PRW111219082,PRW,LEL_1,LEL,1,R,R-PRW111219082,0,NA,NA,0.4589516715134981
PRW111219082,PRW,LSR_1,LSR,1,R,R-PRW111219082,0,NA,NA,0.4258707671165083
PRW111219082,PRW,MJS_1,MJS,1,R,R-PRW111219082,0,NA,NA,0.3859553466453944
PRW111219083,PRW,CJF_1,CJF,1,R,R-PRW111219083,1,1,0.4300837487667577,0.6428993530370042
PRW111219083,PRW,JRS_1,JRS,1,R,R-PRW111219083,1,1,0.43830151746907176,0.611624116805526
PRW111219083,PRW,LEL_1,LEL,1,R,R-PRW111219083,2,1,0.33947042437978403,0.6750704476538196
PRW111219083,PRW,LEL_1,LEL,1,R,R-PRW111219083,2,2,0.4588904221949512,0.6750704476538196
PRW111219083,PRW,LSR_1,LSR,1,R,R-PRW111219083,2,1,0.30620161045442434,0.6287802579403867
PRW111219083,PRW,LSR_1,LSR,1,R,R-PRW111219083,2,2,0.4398693255759427,0.6287802579403867
PRW111219083,PRW,MJS_1,MJS,1,R,R-PRW111219083,1,1,0.5000232368060918,0.6396280616520256
PRW111219084,PRW,CJF_1,CJF,1,R,R-PRW111219084,1,1,0.5109117698031119,0.7019572660448924
PRW111219084,PRW,JRS_1,JRS,1,R,R-PRW111219084,1,1,0.3733378546434445,0.48093298092442616
PRW111219084,PRW,LEL_1,LEL,1,R,R-PRW111219084,1,1,0.45909663144654306,0.6665669957655864
PRW111219084,PRW,LSR_1,LSR,1,R,R-PRW111219084,1,1,0.48666908964271055,0.6145935360630803
PRW111219084,PRW,MJS_1,MJS,1,R,R-PRW111219084,1,1,0.49768395758518674,0.6643191396682164
PRW111219085,PRW,CJF_1,CJF,1,R,R-PRW111219085,1,1,0.449471314019278,0.6178086704865282
PRW111219085,PRW,JRS_1,JRS,1,R,R-PRW111219085,1,1,0.32040681816818173,0.4171063228269943
PRW111219085,PRW,LEL_1,LEL,1,R,R-PRW111219085,1,1,0.4213622158497855,0.6139398650971498
PRW111219085,PRW,LSR_1,LSR,1,R,R-PRW111219085,1,1,0.32326807478931463,0.4241715934102678
PRW111219085,PRW,MJS_1,MJS,1,R,R-PRW111219085,1,1,0.4485273436338327,0.6174079115380803
PRW111219086,PRW,CJF_1,CJF,1,R,R-PRW111219086,0,NA,NA,0.5117715264885176
PRW111219086,PRW,JRS_1,JRS,1,R,R-PRW111219086,0,NA,NA,0.3471014609149309
PRW111219086,PRW,LEL_1,LEL,1,R,R-PRW111219086,0,NA,NA,0.42179505486993685
PRW111219086,PRW,LSR_1,LSR,1,R,R-PRW111219086,1,1,0.24705620081020707,0.34010684412846226
PRW111219086,PRW,MJS_1,MJS,1,R,R-PRW111219086,0,NA,NA,0.41533518163462946
PRW111219087,PRW,CJF_1,CJF,1,R,R-PRW111219087,0,NA,NA,0.4595834421577492
PRW111219087,PRW,JRS_1,JRS,1,R,R-PRW111219087,0,NA,NA,0.34849209937449893
PRW111219087,PRW,LEL_1,LEL,1,R,R-PRW111219087,0,NA,NA,0.43260368613164746
PRW111219087,PRW,LSR_1,LSR,1,R,R-PRW111219087,1,1,0.2810738310804711,0.3760077978749341
PRW111219087,PRW,MJS_1,MJS,1,R,R-PRW111219087,0,NA,NA,0.40901397050479016
PRW111219088,PRW,CJF_1,CJF,1,R,R-PRW111219088,0,NA,NA,0.5274320173237095
PRW111219088,PRW,JRS_1,JRS,1,R,R-PRW111219088,0,NA,NA,0.3310315611454454
PRW111219088,PRW,LEL_1,LEL,1,R,R-PRW111219088,0,NA,NA,0.4556202863345188
PRW111219088,PRW,LSR_1,LSR,1,R,R-PRW111219088,0,NA,NA,0.37437663313475383
PRW111219088,PRW,MJS_1,MJS,1,R,R-PRW111219088,0,NA,NA,0.37050317773765457
RGR040919001,RGR,CJF_1,CJF,1,R,R-RGR040919001,24,1,0.5668270780012489,2.522652265600743
RGR040919001,RGR,CJF_1,CJF,1,R,R-RGR040919001,24,2,0.8748860952871831,2.522652265600743
RGR040919001,RGR,CJF_1,CJF,1,R,R-RGR040919001,24,3,0.9863439554223845,2.522652265600743
RGR040919001,RGR,CJF_1,CJF,1,R,R-RGR040919001,24,4,1.0644293181752862,2.522652265600743
RGR040919001,RGR,CJF_1,CJF,1,R,R-RGR040919001,24,5,1.1483326936595135,2.522652265600743
RGR040919001,RGR,CJF_1,CJF,1,R,R-RGR040919001,24,6,1.249690107337719,2.522652265600743
RGR040919001,RGR,CJF_1,CJF,1,R,R-RGR040919001,24,7,1.330226667336281,2.522652265600743
RGR040919001,RGR,CJF_1,CJF,1,R,R-RGR040919001,24,8,1.4107632273348434,2.522652265600743
RGR040919001,RGR,CJF_1,CJF,1,R,R-RGR040919001,24,9,1.4738457491394268,2.522652265600743
RGR040919001,RGR,CJF_1,CJF,1,R,R-RGR040919001,24,10,1.5485642964066628,2.522652265600743
RGR040919001,RGR,CJF_1,CJF,1,R,R-RGR040919001,24,11,1.6208316464282377,2.522652265600743
RGR040919001,RGR,CJF_1,CJF,1,R,R-RGR040919001,24,12,1.698001390941135,2.522652265600743
RGR040919001,RGR,CJF_1,CJF,1,R,R-RGR040919001,24,13,1.7552659000143922,2.522652265600743
RGR040919001,RGR,CJF_1,CJF,1,R,R-RGR040919001,24,14,1.8309000655216323,2.522652265600743
RGR040919001,RGR,CJF_1,CJF,1,R,R-RGR040919001,24,15,1.8814309436235594,2.522652265600743
RGR040919001,RGR,CJF_1,CJF,1,R,R-RGR040919001,24,16,1.9356242946855031,2.522652265600743
RGR040919001,RGR,CJF_1,CJF,1,R,R-RGR040919001,24,17,2.0210632491753877,2.522652265600743
RGR040919001,RGR,CJF_1,CJF,1,R,R-RGR040919001,24,18,2.0991486119282885,2.522652265600743
RGR040919001,RGR,CJF_1,CJF,1,R,R-RGR040919001,24,19,2.1738671591955248,2.522652265600743
RGR040919001,RGR,CJF_1,CJF,1,R,R-RGR040919001,24,20,2.280126967365052,2.522652265600743
RGR040919001,RGR,CJF_1,CJF,1,R,R-RGR040919001,24,21,2.349027501900962,2.522652265600743
RGR040919001,RGR,CJF_1,CJF,1,R,R-RGR040919001,24,22,2.3989384192372367,2.522652265600743
RGR040919001,RGR,CJF_1,CJF,1,R,R-RGR040919001,24,23,2.4684589145387994,2.522652265600743
RGR040919001,RGR,CJF_1,CJF,1,R,R-RGR040919001,24,24,2.522652265600743,2.522652265600743
RGR040919002,RGR,CJF_1,CJF,1,R,R-RGR040919002,8,1,0.5681573314379337,1.545220202408749
RGR040919002,RGR,CJF_1,CJF,1,R,R-RGR040919002,8,2,0.8045508184036794,1.545220202408749
RGR040919002,RGR,CJF_1,CJF,1,R,R-RGR040919002,8,3,0.972936254826485,1.545220202408749
RGR040919002,RGR,CJF_1,CJF,1,R,R-RGR040919002,8,4,1.0992291948025654,1.545220202408749
RGR040919002,RGR,CJF_1,CJF,1,R,R-RGR040919002,8,5,1.2107996706133735,1.545220202408749
RGR040919002,RGR,CJF_1,CJF,1,R,R-RGR040919002,8,6,1.329436620210794,1.545220202408749
RGR040919002,RGR,CJF_1,CJF,1,R,R-RGR040919002,8,7,1.4298217314086112,1.545220202408749
RGR040919002,RGR,CJF_1,CJF,1,R,R-RGR040919002,8,8,1.545220202408749,1.545220202408749
RGR040919003,RGR,CJF_1,CJF,1,R,R-RGR040919003,8,1,0.5736117155035466,1.557406889633802
RGR040919003,RGR,CJF_1,CJF,1,R,R-RGR040919003,8,2,0.8086646382037781,1.557406889633802
RGR040919003,RGR,CJF_1,CJF,1,R,R-RGR040919003,8,3,0.9689655004091486,1.557406889633802
RGR040919003,RGR,CJF_1,CJF,1,R,R-RGR040919003,8,4,1.1023307600256587,1.557406889633802
RGR040919003,RGR,CJF_1,CJF,1,R,R-RGR040919003,8,5,1.2181426010677086,1.557406889633802
RGR040919003,RGR,CJF_1,CJF,1,R,R-RGR040919003,8,6,1.3308270474382917,1.557406889633802
RGR040919003,RGR,CJF_1,CJF,1,R,R-RGR040919003,8,7,1.441595048591752,1.557406889633802
RGR040919003,RGR,CJF_1,CJF,1,R,R-RGR040919003,8,8,1.557406889633802,1.557406889633802
RGR040919004,RGR,CJF_1,CJF,1,R,R-RGR040919004,3,1,0.4887650939413871,0.7815066006654956
RGR040919004,RGR,CJF_1,CJF,1,R,R-RGR040919004,3,2,0.6662068645299765,0.7815066006654956
RGR040919004,RGR,CJF_1,CJF,1,R,R-RGR040919004,3,3,0.7815066006654956,0.7815066006654956
RGR040919005,RGR,CJF_1,CJF,1,R,R-RGR040919005,5,1,0.5477406042332905,1.2896396941649695
RGR040919005,RGR,CJF_1,CJF,1,R,R-RGR040919005,5,2,0.8134209106870389,1.2896396941649695
RGR040919005,RGR,CJF_1,CJF,1,R,R-RGR040919005,5,3,0.9876493429823721,1.2896396941649695
RGR040919005,RGR,CJF_1,CJF,1,R,R-RGR040919005,5,4,1.1360734944075839,1.2896396941649695
RGR040919005,RGR,CJF_1,CJF,1,R,R-RGR040919005,5,5,1.2896396941649695,1.2896396941649695
RGR040919006,RGR,CJF_1,CJF,1,R,R-RGR040919006,8,1,0.49541527277530745,1.3234767966796444
RGR040919006,RGR,CJF_1,CJF,1,R,R-RGR040919006,8,2,0.6886006236037658,1.3234767966796444
RGR040919006,RGR,CJF_1,CJF,1,R,R-RGR040919006,8,3,0.8336159675131088,1.3234767966796444
RGR040919006,RGR,CJF_1,CJF,1,R,R-RGR040919006,8,4,0.9680277473569061,1.3234767966796444
RGR040919006,RGR,CJF_1,CJF,1,R,R-RGR040919006,8,5,1.0612980275114403,1.3234767966796444
RGR040919006,RGR,CJF_1,CJF,1,R,R-RGR040919006,8,6,1.1428135934690422,1.3234767966796444
RGR040919006,RGR,CJF_1,CJF,1,R,R-RGR040919006,8,7,1.2215823392326421,1.3234767966796444
RGR040919006,RGR,CJF_1,CJF,1,R,R-RGR040919006,8,8,1.3234767966796444,1.3234767966796444
RGR040919007,RGR,CJF_1,CJF,1,R,R-RGR040919007,8,1,0.5133099869892657,1.2597107445195888
RGR040919007,RGR,CJF_1,CJF,1,R,R-RGR040919007,8,2,0.7122729604537729,1.2597107445195888
RGR040919007,RGR,CJF_1,CJF,1,R,R-RGR040919007,8,3,0.8210987546910392,1.2597107445195888
RGR040919007,RGR,CJF_1,CJF,1,R,R-RGR040919007,8,4,0.9376441399615676,1.2597107445195888
RGR040919007,RGR,CJF_1,CJF,1,R,R-RGR040919007,8,5,1.0031136724326402,1.2597107445195888
RGR040919007,RGR,CJF_1,CJF,1,R,R-RGR040919007,8,6,1.0969071929854683,1.2597107445195888
RGR040919007,RGR,CJF_1,CJF,1,R,R-RGR040919007,8,7,1.181472248848652,1.2597107445195888
RGR040919007,RGR,CJF_1,CJF,1,R,R-RGR040919007,8,8,1.2597107445195888,1.2597107445195888
RGR040919008,RGR,CJF_1,CJF,1,R,R-RGR040919008,7,1,0.36038784151339637,1.0717382307301804
RGR040919008,RGR,CJF_1,CJF,1,R,R-RGR040919008,7,2,0.5400334894880737,1.0717382307301804
RGR040919008,RGR,CJF_1,CJF,1,R,R-RGR040919008,7,3,0.6602813541769453,1.0717382307301804
RGR040919008,RGR,CJF_1,CJF,1,R,R-RGR040919008,7,4,0.7631455733152548,1.0717382307301804
RGR040919008,RGR,CJF_1,CJF,1,R,R-RGR040919008,7,5,0.8594890948780779,1.0717382307301804
RGR040919008,RGR,CJF_1,CJF,1,R,R-RGR040919008,7,6,0.9648875137454977,1.0717382307301804
RGR040919008,RGR,CJF_1,CJF,1,R,R-RGR040919008,7,7,1.0717382307301804,1.0717382307301804
RGR040919009,RGR,CJF_1,CJF,1,R,R-RGR040919009,5,1,0.3802798604500748,0.935060017413168
RGR040919009,RGR,CJF_1,CJF,1,R,R-RGR040919009,5,2,0.5642008039159483,0.935060017413168
RGR040919009,RGR,CJF_1,CJF,1,R,R-RGR040919009,5,3,0.6813179724099913,0.935060017413168
RGR040919009,RGR,CJF_1,CJF,1,R,R-RGR040919009,5,4,0.8006981358281381,0.935060017413168
RGR040919009,RGR,CJF_1,CJF,1,R,R-RGR040919009,5,5,0.935060017413168,0.935060017413168
RGR040919010,RGR,CJF_1,CJF,1,R,R-RGR040919010,5,1,0.5127698769319701,1.1669070891878663
RGR040919010,RGR,CJF_1,CJF,1,R,R-RGR040919010,5,2,0.7378866869798604,1.1669070891878663
RGR040919010,RGR,CJF_1,CJF,1,R,R-RGR040919010,5,3,0.8902541110848868,1.1669070891878663
RGR040919010,RGR,CJF_1,CJF,1,R,R-RGR040919010,5,4,1.0311852102930696,1.1669070891878663
RGR040919010,RGR,CJF_1,CJF,1,R,R-RGR040919010,5,5,1.1669070891878663,1.1669070891878663
RGR040919011,RGR,CJF_1,CJF,1,R,R-RGR040919011,5,1,0.5036094310623292,1.258502507689883
RGR040919011,RGR,CJF_1,CJF,1,R,R-RGR040919011,5,2,0.7514470034456608,1.258502507689883
RGR040919011,RGR,CJF_1,CJF,1,R,R-RGR040919011,5,3,0.9453493715437096,1.258502507689883
RGR040919011,RGR,CJF_1,CJF,1,R,R-RGR040919011,5,4,1.0853165353564749,1.258502507689883
RGR040919011,RGR,CJF_1,CJF,1,R,R-RGR040919011,5,5,1.258502507689883,1.258502507689883
RGR040919012,RGR,CJF_1,CJF,1,R,R-RGR040919012,8,1,0.4030881489443905,1.2411922194724907
RGR040919012,RGR,CJF_1,CJF,1,R,R-RGR040919012,8,2,0.5900758675118011,1.2411922194724907
RGR040919012,RGR,CJF_1,CJF,1,R,R-RGR040919012,8,3,0.7401470941217551,1.2411922194724907
RGR040919012,RGR,CJF_1,CJF,1,R,R-RGR040919012,8,4,0.8637603191665506,1.2411922194724907
RGR040919012,RGR,CJF_1,CJF,1,R,R-RGR040919012,8,5,0.9501363510832054,1.2411922194724907
RGR040919012,RGR,CJF_1,CJF,1,R,R-RGR040919012,8,6,1.0308822613403568,1.2411922194724907
RGR040919012,RGR,CJF_1,CJF,1,R,R-RGR040919012,8,7,1.1460503038958965,1.2411922194724907
RGR040919012,RGR,CJF_1,CJF,1,R,R-RGR040919012,8,8,1.2411922194724907,1.2411922194724907
RGR040919013,RGR,CJF_1,CJF,1,R,R-RGR040919013,5,1,0.44801157348206855,1.0757436487462355
RGR040919013,RGR,CJF_1,CJF,1,R,R-RGR040919013,5,2,0.6789120015310358,1.0757436487462355
RGR040919013,RGR,CJF_1,CJF,1,R,R-RGR040919013,5,3,0.8205884801273551,1.0757436487462355
RGR040919013,RGR,CJF_1,CJF,1,R,R-RGR040919013,5,4,0.9714464284033332,1.0757436487462355
RGR040919013,RGR,CJF_1,CJF,1,R,R-RGR040919013,5,5,1.0757436487462355,1.0757436487462355
RGR040919014,RGR,CJF_1,CJF,1,R,R-RGR040919014,5,1,0.47652533717296974,1.1152145270605323
RGR040919014,RGR,CJF_1,CJF,1,R,R-RGR040919014,5,2,0.725231998387237,1.1152145270605323
RGR040919014,RGR,CJF_1,CJF,1,R,R-RGR040919014,5,3,0.8505790884059552,1.1152145270605323
RGR040919014,RGR,CJF_1,CJF,1,R,R-RGR040919014,5,4,0.9891125634587183,1.1152145270605323
RGR040919014,RGR,CJF_1,CJF,1,R,R-RGR040919014,5,5,1.1152145270605323,1.1152145270605323
RGR040919015,RGR,CJF_1,CJF,1,R,R-RGR040919015,8,1,0.504233891834547,1.390562915344718
RGR040919015,RGR,CJF_1,CJF,1,R,R-RGR040919015,8,2,0.7896620883730812,1.390562915344718
RGR040919015,RGR,CJF_1,CJF,1,R,R-RGR040919015,8,3,0.9346620238063965,1.390562915344718
RGR040919015,RGR,CJF_1,CJF,1,R,R-RGR040919015,8,4,1.041125670945017,1.390562915344718
RGR040919015,RGR,CJF_1,CJF,1,R,R-RGR040919015,8,5,1.1502027714649898,1.390562915344718
RGR040919015,RGR,CJF_1,CJF,1,R,R-RGR040919015,8,6,1.238377852201953,1.390562915344718
RGR040919015,RGR,CJF_1,CJF,1,R,R-RGR040919015,8,7,1.3017335367177811,1.390562915344718
RGR040919015,RGR,CJF_1,CJF,1,R,R-RGR040919015,8,8,1.390562915344718,1.390562915344718
RGR040919016,RGR,CJF_1,CJF,1,R,R-RGR040919016,8,1,0.557352033840236,1.38118042121266
RGR040919016,RGR,CJF_1,CJF,1,R,R-RGR040919016,8,2,0.752537171411534,1.38118042121266
RGR040919016,RGR,CJF_1,CJF,1,R,R-RGR040919016,8,3,0.8832698555615501,1.38118042121266
RGR040919016,RGR,CJF_1,CJF,1,R,R-RGR040919016,8,4,1.0030184982609502,1.38118042121266
RGR040919016,RGR,CJF_1,CJF,1,R,R-RGR040919016,8,5,1.1171526891610153,1.38118042121266
RGR040919016,RGR,CJF_1,CJF,1,R,R-RGR040919016,8,6,1.2209063051776434,1.38118042121266
RGR040919016,RGR,CJF_1,CJF,1,R,R-RGR040919016,8,7,1.2853587585989261,1.38118042121266
RGR040919016,RGR,CJF_1,CJF,1,R,R-RGR040919016,8,8,1.38118042121266,1.38118042121266
RGR040919017,RGR,CJF_1,CJF,1,R,R-RGR040919017,7,1,0.44848299774360184,1.0979742448833316
RGR040919017,RGR,CJF_1,CJF,1,R,R-RGR040919017,7,2,0.6911371773189928,1.0979742448833316
RGR040919017,RGR,CJF_1,CJF,1,R,R-RGR040919017,7,3,0.8331895604138,1.0979742448833316
RGR040919017,RGR,CJF_1,CJF,1,R,R-RGR040919017,7,4,0.9040109567382257,1.0979742448833316
RGR040919017,RGR,CJF_1,CJF,1,R,R-RGR040919017,7,5,0.9623618890285521,1.0979742448833316
RGR040919017,RGR,CJF_1,CJF,1,R,R-RGR040919017,7,6,0.9999875280117672,1.0979742448833316
RGR040919017,RGR,CJF_1,CJF,1,R,R-RGR040919017,7,7,1.0979742448833316,1.0979742448833316
RGR040919018,RGR,CJF_1,CJF,1,R,R-RGR040919018,9,1,0.5186306055743247,1.4266831647075489
RGR040919018,RGR,CJF_1,CJF,1,R,R-RGR040919018,9,2,0.6699848561274332,1.4266831647075489
RGR040919018,RGR,CJF_1,CJF,1,R,R-RGR040919018,9,3,0.7269209799766129,1.4266831647075489
RGR040919018,RGR,CJF_1,CJF,1,R,R-RGR040919018,9,4,0.8814924297250891,1.4266831647075489
RGR040919018,RGR,CJF_1,CJF,1,R,R-RGR040919018,9,5,0.9982070807889301,1.4266831647075489
RGR040919018,RGR,CJF_1,CJF,1,R,R-RGR040919018,9,6,1.0813285382163607,1.4266831647075489
RGR040919018,RGR,CJF_1,CJF,1,R,R-RGR040919018,9,7,1.1936286584097506,1.4266831647075489
RGR040919018,RGR,CJF_1,CJF,1,R,R-RGR040919018,9,8,1.2831845142279148,1.4266831647075489
RGR040919018,RGR,CJF_1,CJF,1,R,R-RGR040919018,9,9,1.4266831647075489,1.4266831647075489
RGR040919019,RGR,CJF_1,CJF,1,R,R-RGR040919019,8,1,0.5100789846056017,1.392406925359513
RGR040919019,RGR,CJF_1,CJF,1,R,R-RGR040919019,8,2,0.7267652085789492,1.392406925359513
RGR040919019,RGR,CJF_1,CJF,1,R,R-RGR040919019,8,3,0.857434841400043,1.392406925359513
RGR040919019,RGR,CJF_1,CJF,1,R,R-RGR040919019,8,4,0.981915626540379,1.392406925359513
RGR040919019,RGR,CJF_1,CJF,1,R,R-RGR040919019,8,5,1.1081865105897657,1.392406925359513
RGR040919019,RGR,CJF_1,CJF,1,R,R-RGR040919019,8,6,1.184143350610486,1.392406925359513
RGR040919019,RGR,CJF_1,CJF,1,R,R-RGR040919019,8,7,1.3007981861628513,1.392406925359513
RGR040919019,RGR,CJF_1,CJF,1,R,R-RGR040919019,8,8,1.392406925359513,1.392406925359513
RGR040919020,RGR,CJF_1,CJF,1,R,R-RGR040919020,8,1,0.5093656208013154,1.4240515212968476
RGR040919020,RGR,CJF_1,CJF,1,R,R-RGR040919020,8,2,0.7253027737997084,1.4240515212968476
RGR040919020,RGR,CJF_1,CJF,1,R,R-RGR040919020,8,3,0.8726011647974756,1.4240515212968476
RGR040919020,RGR,CJF_1,CJF,1,R,R-RGR040919020,8,4,1.0108811387092924,1.4240515212968476
RGR040919020,RGR,CJF_1,CJF,1,R,R-RGR040919020,8,5,1.1262815252875673,1.4240515212968476
RGR040919020,RGR,CJF_1,CJF,1,R,R-RGR040919020,8,6,1.2268182917076853,1.4240515212968476
RGR040919020,RGR,CJF_1,CJF,1,R,R-RGR040919020,8,7,1.3325331719626805,1.4240515212968476
RGR040919020,RGR,CJF_1,CJF,1,R,R-RGR040919020,8,8,1.4240515212968476,1.4240515212968476
RGR040919022,RGR,CJF_1,CJF,1,R,R-RGR040919022,8,1,0.4454633369282059,1.2567635373462425
RGR040919022,RGR,CJF_1,CJF,1,R,R-RGR040919022,8,2,0.6501025585782773,1.2567635373462425
RGR040919022,RGR,CJF_1,CJF,1,R,R-RGR040919022,8,3,0.7793810475653209,1.2567635373462425
RGR040919022,RGR,CJF_1,CJF,1,R,R-RGR040919022,8,4,0.8912044874225556,1.2567635373462425
RGR040919022,RGR,CJF_1,CJF,1,R,R-RGR040919022,8,5,0.9726613833616642,1.2567635373462425
RGR040919022,RGR,CJF_1,CJF,1,R,R-RGR040919022,8,6,1.0670297740890895,1.2567635373462425
RGR040919022,RGR,CJF_1,CJF,1,R,R-RGR040919022,8,7,1.1578515922773251,1.2567635373462425
RGR040919022,RGR,CJF_1,CJF,1,R,R-RGR040919022,8,8,1.2567635373462425,1.2567635373462425
RGR041019001,RGR,CJF_1,CJF,1,R,R-RGR041019001,8,1,0.5429771614371668,1.331348552749388
RGR041019001,RGR,CJF_1,CJF,1,R,R-RGR041019001,8,2,0.686296903013287,1.331348552749388
RGR041019001,RGR,CJF_1,CJF,1,R,R-RGR041019001,8,3,0.8151997721793502,1.331348552749388
RGR041019001,RGR,CJF_1,CJF,1,R,R-RGR041019001,8,4,0.9311778042609156,1.331348552749388
RGR041019001,RGR,CJF_1,CJF,1,R,R-RGR041019001,8,5,1.049554652531098,1.331348552749388
RGR041019001,RGR,CJF_1,CJF,1,R,R-RGR041019001,8,6,1.1377255970474005,1.331348552749388
RGR041019001,RGR,CJF_1,CJF,1,R,R-RGR041019001,8,7,1.2259205168420626,1.331348552749388
RGR041019001,RGR,CJF_1,CJF,1,R,R-RGR041019001,8,8,1.331348552749388,1.331348552749388
RGR041019003,RGR,CJF_1,CJF,1,R,R-RGR041019003,5,1,0.5081353511479473,1.1657569455932144
RGR041019003,RGR,CJF_1,CJF,1,R,R-RGR041019003,5,2,0.7715827531976713,1.1657569455932144
RGR041019003,RGR,CJF_1,CJF,1,R,R-RGR041019003,5,3,0.9060268809192841,1.1657569455932144
RGR041019003,RGR,CJF_1,CJF,1,R,R-RGR041019003,5,4,1.0339224767151252,1.1657569455932144
RGR041019003,RGR,CJF_1,CJF,1,R,R-RGR041019003,5,5,1.1657569455932144,1.1657569455932144
RGR041019004,RGR,CJF_1,CJF,1,R,R-RGR041019004,5,1,0.34809035511949615,0.8251389262653274
RGR041019004,RGR,CJF_1,CJF,1,R,R-RGR041019004,5,2,0.4929081585969005,0.8251389262653274
RGR041019004,RGR,CJF_1,CJF,1,R,R-RGR041019004,5,3,0.6207230453138416,0.8251389262653274
RGR041019004,RGR,CJF_1,CJF,1,R,R-RGR041019004,5,4,0.7106918261796599,0.8251389262653274
RGR041019004,RGR,CJF_1,CJF,1,R,R-RGR041019004,5,5,0.8251389262653274,0.8251389262653274
RGR041019005,RGR,CJF_1,CJF,1,R,R-RGR041019005,5,1,0.40826414193479693,1.0067502569792701
RGR041019005,RGR,CJF_1,CJF,1,R,R-RGR041019005,5,2,0.6168767516175779,1.0067502569792701
RGR041019005,RGR,CJF_1,CJF,1,R,R-RGR041019005,5,3,0.7697512785331005,1.0067502569792701
RGR041019005,RGR,CJF_1,CJF,1,R,R-RGR041019005,5,4,0.8975876293047235,1.0067502569792701
RGR041019005,RGR,CJF_1,CJF,1,R,R-RGR041019005,5,5,1.0067502569792701,1.0067502569792701
RGR041019006,RGR,CJF_1,CJF,1,R,R-RGR041019006,8,1,0.4738905464766835,1.4102249440698784
RGR041019006,RGR,CJF_1,CJF,1,R,R-RGR041019006,8,2,0.681667328579432,1.4102249440698784
RGR041019006,RGR,CJF_1,CJF,1,R,R-RGR041019006,8,3,0.8338308640672454,1.4102249440698784
RGR041019006,RGR,CJF_1,CJF,1,R,R-RGR041019006,8,4,0.9655028887287882,1.4102249440698784
RGR041019006,RGR,CJF_1,CJF,1,R,R-RGR041019006,8,5,1.0765914437748672,1.4102249440698784
RGR041019006,RGR,CJF_1,CJF,1,R,R-RGR041019006,8,6,1.1790030185116234,1.4102249440698784
RGR041019006,RGR,CJF_1,CJF,1,R,R-RGR041019006,8,7,1.299090409629203,1.4102249440698784
RGR041019006,RGR,CJF_1,CJF,1,R,R-RGR041019006,8,8,1.4102249440698784,1.4102249440698784
RGR041019007,RGR,CJF_1,CJF,1,R,R-RGR041019007,8,1,0.3177826809572176,1.2877714100709339
RGR041019007,RGR,CJF_1,CJF,1,R,R-RGR041019007,8,2,0.5611519490433743,1.2877714100709339
RGR041019007,RGR,CJF_1,CJF,1,R,R-RGR041019007,8,3,0.6916630771899533,1.2877714100709339
RGR041019007,RGR,CJF_1,CJF,1,R,R-RGR041019007,8,4,0.8344890426709434,1.2877714100709339
RGR041019007,RGR,CJF_1,CJF,1,R,R-RGR041019007,8,5,0.9386954847952178,1.2877714100709339
RGR041019007,RGR,CJF_1,CJF,1,R,R-RGR041019007,8,6,1.0455649230617468,1.2877714100709339
RGR041019007,RGR,CJF_1,CJF,1,R,R-RGR041019007,8,7,1.1434452295246613,1.2877714100709339
RGR041019007,RGR,CJF_1,CJF,1,R,R-RGR041019007,8,8,1.2877714100709339,1.2877714100709339
RGR041019008,RGR,CJF_1,CJF,1,R,R-RGR041019008,8,1,0.4615615693120456,1.2673197319734257
RGR041019008,RGR,CJF_1,CJF,1,R,R-RGR041019008,8,2,0.6443823315079469,1.2673197319734257
RGR041019008,RGR,CJF_1,CJF,1,R,R-RGR041019008,8,3,0.7837527350660187,1.2673197319734257
RGR041019008,RGR,CJF_1,CJF,1,R,R-RGR041019008,8,4,0.9145153808757815,1.2673197319734257
RGR041019008,RGR,CJF_1,CJF,1,R,R-RGR041019008,8,5,1.0037365908725,1.2673197319734257
RGR041019008,RGR,CJF_1,CJF,1,R,R-RGR041019008,8,6,1.092283587733275,1.2673197319734257
RGR041019008,RGR,CJF_1,CJF,1,R,R-RGR041019008,8,7,1.1886152025498,1.2673197319734257
RGR041019008,RGR,CJF_1,CJF,1,R,R-RGR041019008,8,8,1.2673197319734257,1.2673197319734257
RGR041019009,RGR,CJF_1,CJF,1,R,R-RGR041019009,8,1,0.40706467999481766,1.2786865062626445
RGR041019009,RGR,CJF_1,CJF,1,R,R-RGR041019009,8,2,0.6187801365839692,1.2786865062626445
RGR041019009,RGR,CJF_1,CJF,1,R,R-RGR041019009,8,3,0.7499221873646065,1.2786865062626445
RGR041019009,RGR,CJF_1,CJF,1,R,R-RGR041019009,8,4,0.8449736510164747,1.2786865062626445
RGR041019009,RGR,CJF_1,CJF,1,R,R-RGR041019009,8,5,0.9639455843891145,1.2786865062626445
RGR041019009,RGR,CJF_1,CJF,1,R,R-RGR041019009,8,6,1.0602563433266567,1.2786865062626445
RGR041019009,RGR,CJF_1,CJF,1,R,R-RGR041019009,8,7,1.1561473371689748,1.2786865062626445
RGR041019009,RGR,CJF_1,CJF,1,R,R-RGR041019009,8,8,1.2786865062626445,1.2786865062626445
RGR041019010,RGR,CJF_1,CJF,1,R,R-RGR041019010,5,1,0.48772576933326167,1.3748327078234672
RGR041019010,RGR,CJF_1,CJF,1,R,R-RGR041019010,5,2,0.8006209339267274,1.3748327078234672
RGR041019010,RGR,CJF_1,CJF,1,R,R-RGR041019010,5,3,0.990278112695252,1.3748327078234672
RGR041019010,RGR,CJF_1,CJF,1,R,R-RGR041019010,5,4,1.1944403798698162,1.3748327078234672
RGR041019010,RGR,CJF_1,CJF,1,R,R-RGR041019010,5,5,1.3748327078234672,1.3748327078234672
RGR041019011,RGR,CJF_1,CJF,1,R,R-RGR041019011,5,1,0.4618612691406772,1.070577777285876
RGR041019011,RGR,CJF_1,CJF,1,R,R-RGR041019011,5,2,0.6940176571462715,1.070577777285876
RGR041019011,RGR,CJF_1,CJF,1,R,R-RGR041019011,5,3,0.8150984332604557,1.070577777285876
RGR041019011,RGR,CJF_1,CJF,1,R,R-RGR041019011,5,4,0.9527967139978,1.070577777285876
RGR041019011,RGR,CJF_1,CJF,1,R,R-RGR041019011,5,5,1.070577777285876,1.070577777285876
RGR041019012,RGR,CJF_1,CJF,1,R,R-RGR041019012,5,1,0.46716325160518096,1.0878500931549482
RGR041019012,RGR,CJF_1,CJF,1,R,R-RGR041019012,5,2,0.6824389840500633,1.0878500931549482
RGR041019012,RGR,CJF_1,CJF,1,R,R-RGR041019012,5,3,0.8490036434421911,1.0878500931549482
RGR041019012,RGR,CJF_1,CJF,1,R,R-RGR041019012,5,4,0.9690547237053717,1.0878500931549482
RGR041019012,RGR,CJF_1,CJF,1,R,R-RGR041019012,5,5,1.0878500931549482,1.0878500931549482
RGR041019013,RGR,CJF_1,CJF,1,R,R-RGR041019013,5,1,0.439176485990226,1.0934889125147715
RGR041019013,RGR,CJF_1,CJF,1,R,R-RGR041019013,5,2,0.6252526143764731,1.0934889125147715
RGR041019013,RGR,CJF_1,CJF,1,R,R-RGR041019013,5,3,0.7785229736525872,1.0934889125147715
RGR041019013,RGR,CJF_1,CJF,1,R,R-RGR041019013,5,4,0.9418645708325857,1.0934889125147715
RGR041019013,RGR,CJF_1,CJF,1,R,R-RGR041019013,5,5,1.0934889125147715,1.0934889125147715
RGR041019014,RGR,CJF_1,CJF,1,R,R-RGR041019014,8,1,0.5244991678580533,1.5297370138262674
RGR041019014,RGR,CJF_1,CJF,1,R,R-RGR041019014,8,2,0.7606665438040804,1.5297370138262674
RGR041019014,RGR,CJF_1,CJF,1,R,R-RGR041019014,8,3,0.9442516977063432,1.5297370138262674
RGR041019014,RGR,CJF_1,CJF,1,R,R-RGR041019014,8,4,1.0724533208254723,1.5297370138262674
RGR041019014,RGR,CJF_1,CJF,1,R,R-RGR041019014,8,5,1.1716669757027918,1.5297370138262674
RGR041019014,RGR,CJF_1,CJF,1,R,R-RGR041019014,8,6,1.2967191183510807,1.5297370138262674
RGR041019014,RGR,CJF_1,CJF,1,R,R-RGR041019014,8,7,1.4248511071239156,1.5297370138262674
RGR041019014,RGR,CJF_1,CJF,1,R,R-RGR041019014,8,8,1.5297370138262674,1.5297370138262674
RGR041019015,RGR,CJF_1,CJF,1,R,R-RGR041019015,8,1,0.49780780533233887,1.3739369745178396
RGR041019015,RGR,CJF_1,CJF,1,R,R-RGR041019015,8,2,0.7406791116796961,1.3739369745178396
RGR041019015,RGR,CJF_1,CJF,1,R,R-RGR041019015,8,3,0.8777996827816698,1.3739369745178396
RGR041019015,RGR,CJF_1,CJF,1,R,R-RGR041019015,8,4,0.9974719229930684,1.3739369745178396
RGR041019015,RGR,CJF_1,CJF,1,R,R-RGR041019015,8,5,1.1111512612572865,1.3739369745178396
RGR041019015,RGR,CJF_1,CJF,1,R,R-RGR041019015,8,6,1.198923290661127,1.3739369745178396
RGR041019015,RGR,CJF_1,CJF,1,R,R-RGR041019015,8,7,1.2920252533234382,1.3739369745178396
RGR041019015,RGR,CJF_1,CJF,1,R,R-RGR041019015,8,8,1.3739369745178396,1.3739369745178396
RGR041119001,RGR,CJF_1,CJF,1,R,R-RGR041119001,5,1,0.41173132670976836,0.9666227732306453
RGR041119001,RGR,CJF_1,CJF,1,R,R-RGR041119001,5,2,0.6285315115168744,0.9666227732306453
RGR041119001,RGR,CJF_1,CJF,1,R,R-RGR041119001,5,3,0.7238335353382132,0.9666227732306453
RGR041119001,RGR,CJF_1,CJF,1,R,R-RGR041119001,5,4,0.8521594513580308,0.9666227732306453
RGR041119001,RGR,CJF_1,CJF,1,R,R-RGR041119001,5,5,0.9666227732306453,0.9666227732306453
RGR041119002,RGR,CJF_1,CJF,1,R,R-RGR041119002,5,1,0.45073500080026346,1.132146885817541
RGR041119002,RGR,CJF_1,CJF,1,R,R-RGR041119002,5,2,0.6996126063844538,1.132146885817541
RGR041119002,RGR,CJF_1,CJF,1,R,R-RGR041119002,5,3,0.8555558331383034,1.132146885817541
RGR041119002,RGR,CJF_1,CJF,1,R,R-RGR041119002,5,4,0.9966971123823166,1.132146885817541
RGR041119002,RGR,CJF_1,CJF,1,R,R-RGR041119002,5,5,1.132146885817541,1.132146885817541
RGR041119003,RGR,CJF_1,CJF,1,R,R-RGR041119003,5,1,0.39973444138844116,1.1282147093457495
RGR041119003,RGR,CJF_1,CJF,1,R,R-RGR041119003,5,2,0.63649894605366375,1.1282147093457495
RGR041119003,RGR,CJF_1,CJF,1,R,R-RGR041119003,5,3,0.8218292351041607,1.1282147093457495
RGR041119003,RGR,CJF_1,CJF,1,R,R-RGR041119003,5,4,0.9976753913900638,1.1282147093457495
RGR041119003,RGR,CJF_1,CJF,1,R,R-RGR041119003,5,5,1.1282147093457495,1.1282147093457495
RGR041119004,RGR,CJF_1,CJF,1,R,R-RGR041119004,5,1,0.3950062518461905,1.0783651264091396
RGR041119004,RGR,CJF_1,CJF,1,R,R-RGR041119004,5,2,0.663827255004068,1.0783651264091396
RGR041119004,RGR,CJF_1,CJF,1,R,R-RGR041119004,5,3,0.7972584907599796,1.0783651264091396
RGR041119004,RGR,CJF_1,CJF,1,R,R-RGR041119004,5,4,0.9561357636321732,1.0783651264091396
RGR041119004,RGR,CJF_1,CJF,1,R,R-RGR041119004,5,5,1.0783651264091396,1.0783651264091396
RGR041119005,RGR,CJF_1,CJF,1,R,R-RGR041119005,5,1,0.4096673279015093,1.1412970935969156
RGR041119005,RGR,CJF_1,CJF,1,R,R-RGR041119005,5,2,0.6975426635666735,1.1412970935969156
RGR041119005,RGR,CJF_1,CJF,1,R,R-RGR041119005,5,3,0.8627481947181578,1.1412970935969156
RGR041119005,RGR,CJF_1,CJF,1,R,R-RGR041119005,5,4,1.0107638727590529,1.1412970935969156
RGR041119005,RGR,CJF_1,CJF,1,R,R-RGR041119005,5,5,1.1412970935969156,1.1412970935969156
RGR041119006,RGR,CJF_1,CJF,1,R,R-RGR041119006,8,1,0.4332231979383389,1.2386244470896755
RGR041119006,RGR,CJF_1,CJF,1,R,R-RGR041119006,8,2,0.6579814311386203,1.2386244470896755
RGR041119006,RGR,CJF_1,CJF,1,R,R-RGR041119006,8,3,0.7734233531852253,1.2386244470896755
RGR041119006,RGR,CJF_1,CJF,1,R,R-RGR041119006,8,4,0.8680538787197025,1.2386244470896755
RGR041119006,RGR,CJF_1,CJF,1,R,R-RGR041119006,8,5,0.9796721941219237,1.2386244470896755
RGR041119006,RGR,CJF_1,CJF,1,R,R-RGR041119006,8,6,1.0637448611607525,1.2386244470896755
RGR041119006,RGR,CJF_1,CJF,1,R,R-RGR041119006,8,7,1.1388671525469596,1.2386244470896755
RGR041119006,RGR,CJF_1,CJF,1,R,R-RGR041119006,8,8,1.2386244470896755,1.2386244470896755
RGR041119007,RGR,CJF_1,CJF,1,R,R-RGR041119007,5,1,0.48979460842748035,1.1828540990038323
RGR041119007,RGR,CJF_1,CJF,1,R,R-RGR041119007,5,2,0.7316668021461724,1.1828540990038323
RGR041119007,RGR,CJF_1,CJF,1,R,R-RGR041119007,5,3,0.9103727743047928,1.1828540990038323
RGR041119007,RGR,CJF_1,CJF,1,R,R-RGR041119007,5,4,1.0630330739996328,1.1828540990038323
RGR041119007,RGR,CJF_1,CJF,1,R,R-RGR041119007,5,5,1.1828540990038323,1.1828540990038323
RGR041119008,RGR,CJF_1,CJF,1,R,R-RGR041119008,5,1,0.5090343629103063,1.1964104293085864
RGR041119008,RGR,CJF_1,CJF,1,R,R-RGR041119008,5,2,0.7768084306041994,1.1964104293085864
RGR041119008,RGR,CJF_1,CJF,1,R,R-RGR041119008,5,3,0.9177739828397599,1.1964104293085864
RGR041119008,RGR,CJF_1,CJF,1,R,R-RGR041119008,5,4,1.0698260673890523,1.1964104293085864
RGR041119008,RGR,CJF_1,CJF,1,R,R-RGR041119008,5,5,1.1964104293085864,1.1964104293085864
RGR041119009,RGR,CJF_1,CJF,1,R,R-RGR041119009,7,1,0.8912598230584267,1.5256788684882128
RGR041119009,RGR,CJF_1,CJF,1,R,R-RGR041119009,7,2,1.036677419936365,1.5256788684882128
RGR041119009,RGR,CJF_1,CJF,1,R,R-RGR041119009,7,3,1.1441500240773084,1.5256788684882128
RGR041119009,RGR,CJF_1,CJF,1,R,R-RGR041119009,7,4,1.2358313188847754,1.5256788684882128
RGR041119009,RGR,CJF_1,CJF,1,R,R-RGR041119009,7,5,1.3255373253873641,1.5256788684882128
RGR041119009,RGR,CJF_1,CJF,1,R,R-RGR041119009,7,6,1.427198690455299,1.5256788684882128
RGR041119009,RGR,CJF_1,CJF,1,R,R-RGR041119009,7,7,1.5256788684882128,1.5256788684882128
RGR041119010,RGR,CJF_1,CJF,1,R,R-RGR041119010,5,1,0.4322029678962135,0.9357381947137193
RGR041119010,RGR,CJF_1,CJF,1,R,R-RGR041119010,5,2,0.5905381741064185,0.9357381947137193
RGR041119010,RGR,CJF_1,CJF,1,R,R-RGR041119010,5,3,0.7324709152226789,0.9357381947137193
RGR041119010,RGR,CJF_1,CJF,1,R,R-RGR041119010,5,4,0.8312515941495101,0.9357381947137193
RGR041119010,RGR,CJF_1,CJF,1,R,R-RGR041119010,5,5,0.9357381947137193,0.9357381947137193
RGR041119011,RGR,CJF_1,CJF,1,R,R-RGR041119011,8,1,0.5268201661905896,1.4893766277047384
RGR041119011,RGR,CJF_1,CJF,1,R,R-RGR041119011,8,2,0.7559399364961195,1.4893766277047384
RGR041119011,RGR,CJF_1,CJF,1,R,R-RGR041119011,8,3,0.9370166018234151,1.4893766277047384
RGR041119011,RGR,CJF_1,CJF,1,R,R-RGR041119011,8,4,1.0677727013700524,1.4893766277047384
RGR041119011,RGR,CJF_1,CJF,1,R,R-RGR041119011,8,5,1.1863621566140221,1.4893766277047384
RGR041119011,RGR,CJF_1,CJF,1,R,R-RGR041119011,8,6,1.2953741644739665,1.4893766277047384
RGR041119011,RGR,CJF_1,CJF,1,R,R-RGR041119011,8,7,1.4075786547952527,1.4893766277047384
RGR041119011,RGR,CJF_1,CJF,1,R,R-RGR041119011,8,8,1.4893766277047384,1.4893766277047384
RGR041119012,RGR,CJF_1,CJF,1,R,R-RGR041119012,5,1,0.6245563424914364,1.110839504863726
RGR041119012,RGR,CJF_1,CJF,1,R,R-RGR041119012,5,2,0.7647567430496072,1.110839504863726
RGR041119012,RGR,CJF_1,CJF,1,R,R-RGR041119012,5,3,0.8852283333911993,1.110839504863726
RGR041119012,RGR,CJF_1,CJF,1,R,R-RGR041119012,5,4,0.9897398000927166,1.110839504863726
RGR041119012,RGR,CJF_1,CJF,1,R,R-RGR041119012,5,5,1.110839504863726,1.110839504863726
RGR041119013,RGR,CJF_1,CJF,1,R,R-RGR041119013,8,1,0.43695574235714457,1.2120627530283918
RGR041119013,RGR,CJF_1,CJF,1,R,R-RGR041119013,8,2,0.6288580276574186,1.2120627530283918
RGR041119013,RGR,CJF_1,CJF,1,R,R-RGR041119013,8,3,0.7711915545697858,1.2120627530283918
RGR041119013,RGR,CJF_1,CJF,1,R,R-RGR041119013,8,4,0.8642893658270204,1.2120627530283918
RGR041119013,RGR,CJF_1,CJF,1,R,R-RGR041119013,8,5,0.9313531529786097,1.2120627530283918
RGR041119013,RGR,CJF_1,CJF,1,R,R-RGR041119013,8,6,1.0354892494011905,1.2120627530283918
RGR041119013,RGR,CJF_1,CJF,1,R,R-RGR041119013,8,7,1.110050906022929,1.2120627530283918
RGR041119013,RGR,CJF_1,CJF,1,R,R-RGR041119013,8,8,1.2120627530283918,1.2120627530283918
RGR041119014,RGR,CJF_1,CJF,1,R,R-RGR041119014,5,1,0.42663250754210874,1.0094549423351504
RGR041119014,RGR,CJF_1,CJF,1,R,R-RGR041119014,5,2,0.6283826348887536,1.0094549423351504
RGR041119014,RGR,CJF_1,CJF,1,R,R-RGR041119014,5,3,0.7792229177594354,1.0094549423351504
RGR041119014,RGR,CJF_1,CJF,1,R,R-RGR041119014,5,4,0.9100121001263801,1.0094549423351504
RGR041119014,RGR,CJF_1,CJF,1,R,R-RGR041119014,5,5,1.0094549423351504,1.0094549423351504
RGR041119015,RGR,CJF_1,CJF,1,R,R-RGR041119015,8,1,0.5432445117717757,1.4811485165809628
RGR041119015,RGR,CJF_1,CJF,1,R,R-RGR041119015,8,2,0.7171234696250629,1.4811485165809628
RGR041119015,RGR,CJF_1,CJF,1,R,R-RGR041119015,8,3,0.8910024274783506,1.4811485165809628
RGR041119015,RGR,CJF_1,CJF,1,R,R-RGR041119015,8,4,1.0032992027106344,1.4811485165809628
RGR041119015,RGR,CJF_1,CJF,1,R,R-RGR041119015,8,5,1.1406356608808714,1.4811485165809628
RGR041119015,RGR,CJF_1,CJF,1,R,R-RGR041119015,8,6,1.2550931999343453,1.4811485165809628
RGR041119015,RGR,CJF_1,CJF,1,R,R-RGR041119015,8,7,1.3476888445949378,1.4811485165809628
RGR041119015,RGR,CJF_1,CJF,1,R,R-RGR041119015,8,8,1.4811485165809628,1.4811485165809628
RGR041119016,RGR,CJF_1,CJF,1,R,R-RGR041119016,8,1,0.47688576299291635,1.4362079799730127
RGR041119016,RGR,CJF_1,CJF,1,R,R-RGR041119016,8,2,0.7280638531093807,1.4362079799730127
RGR041119016,RGR,CJF_1,CJF,1,R,R-RGR041119016,8,3,0.855579026721417,1.4362079799730127
RGR041119016,RGR,CJF_1,CJF,1,R,R-RGR041119016,8,4,0.9750789249801478,1.4362079799730127
RGR041119016,RGR,CJF_1,CJF,1,R,R-RGR041119016,8,5,1.0577885589510716,1.4362079799730127
RGR041119016,RGR,CJF_1,CJF,1,R,R-RGR041119016,8,6,1.2154663942461748,1.4362079799730127
RGR041119016,RGR,CJF_1,CJF,1,R,R-RGR041119016,8,7,1.3352401352114656,1.4362079799730127
RGR041119016,RGR,CJF_1,CJF,1,R,R-RGR041119016,8,8,1.4362079799730127,1.4362079799730127
RGR041119017,RGR,CJF_1,CJF,1,R,R-RGR041119017,8,1,0.42514768209901344,1.2773125034974935
RGR041119017,RGR,CJF_1,CJF,1,R,R-RGR041119017,8,2,0.6515192846859705,1.2773125034974935
RGR041119017,RGR,CJF_1,CJF,1,R,R-RGR041119017,8,3,0.7904755946243641,1.2773125034974935
RGR041119017,RGR,CJF_1,CJF,1,R,R-RGR041119017,8,4,0.9248920666798324,1.2773125034974935
RGR041119017,RGR,CJF_1,CJF,1,R,R-RGR041119017,8,5,1.0078564069864044,1.2773125034974935
RGR041119017,RGR,CJF_1,CJF,1,R,R-RGR041119017,8,6,1.106932870542357,1.2773125034974935
RGR041119017,RGR,CJF_1,CJF,1,R,R-RGR041119017,8,7,1.189897210848929,1.2773125034974935
RGR041119017,RGR,CJF_1,CJF,1,R,R-RGR041119017,8,8,1.2773125034974935,1.2773125034974935
RGR041119018,RGR,CJF_1,CJF,1,R,R-RGR041119018,5,1,0.5307374581033972,1.3558345473922382
RGR041119018,RGR,CJF_1,CJF,1,R,R-RGR041119018,5,2,0.7932419296434331,1.3558345473922382
RGR041119018,RGR,CJF_1,CJF,1,R,R-RGR041119018,5,3,0.9917653962501828,1.3558345473922382
RGR041119018,RGR,CJF_1,CJF,1,R,R-RGR041119018,5,4,1.1616462877403106,1.3558345473922382
RGR041119018,RGR,CJF_1,CJF,1,R,R-RGR041119018,5,5,1.3558345473922382,1.3558345473922382
RGR041119019,RGR,CJF_1,CJF,1,R,R-RGR041119019,5,1,0.4276889058126067,1.0515856302279136
RGR041119019,RGR,CJF_1,CJF,1,R,R-RGR041119019,5,2,0.66381124265936,1.0515856302279136
RGR041119019,RGR,CJF_1,CJF,1,R,R-RGR041119019,5,3,0.8076892192921783,1.0515856302279136
RGR041119019,RGR,CJF_1,CJF,1,R,R-RGR041119019,5,4,0.9417626227517326,1.0515856302279136
RGR041119019,RGR,CJF_1,CJF,1,R,R-RGR041119019,5,5,1.0515856302279136,1.0515856302279136
RGR041119020,RGR,CJF_1,CJF,1,R,R-RGR041119020,8,1,0.47793504118073654,1.5024836021030292
RGR041119020,RGR,CJF_1,CJF,1,R,R-RGR041119020,8,2,0.786984696309477,1.5024836021030292
RGR041119020,RGR,CJF_1,CJF,1,R,R-RGR041119020,8,3,0.9291678916983187,1.5024836021030292
RGR041119020,RGR,CJF_1,CJF,1,R,R-RGR041119020,8,4,1.0471614383617203,1.5024836021030292
RGR041119020,RGR,CJF_1,CJF,1,R,R-RGR041119020,8,5,1.182595393580426,1.5024836021030292
RGR041119020,RGR,CJF_1,CJF,1,R,R-RGR041119020,8,6,1.2864494592692444,1.5024836021030292
RGR041119020,RGR,CJF_1,CJF,1,R,R-RGR041119020,8,7,1.3786765859211934,1.5024836021030292
RGR041119020,RGR,CJF_1,CJF,1,R,R-RGR041119020,8,8,1.5024836021030292,1.5024836021030292
RGR041119021,RGR,CJF_1,CJF,1,R,R-RGR041119021,5,1,0.4223590128415394,1.0531719520509062
RGR041119021,RGR,CJF_1,CJF,1,R,R-RGR041119021,5,2,0.6785759500316394,1.0531719520509062
RGR041119021,RGR,CJF_1,CJF,1,R,R-RGR041119021,5,3,0.814515531796481,1.0531719520509062
RGR041119021,RGR,CJF_1,CJF,1,R,R-RGR041119021,5,4,0.938374116006683,1.0531719520509062
RGR041119021,RGR,CJF_1,CJF,1,R,R-RGR041119021,5,5,1.0531719520509062,1.0531719520509062
RGR041119022,RGR,CJF_1,CJF,1,R,R-RGR041119022,8,1,0.47700369659783753,1.3726165008235296
RGR041119022,RGR,CJF_1,CJF,1,R,R-RGR041119022,8,2,0.66711449641037,1.3726165008235296
RGR041119022,RGR,CJF_1,CJF,1,R,R-RGR041119022,8,3,0.8357209425382547,1.3726165008235296
RGR041119022,RGR,CJF_1,CJF,1,R,R-RGR041119022,8,4,0.9476344859789371,1.3726165008235296
RGR041119022,RGR,CJF_1,CJF,1,R,R-RGR041119022,8,5,1.0679771011868278,1.3726165008235296
RGR041119022,RGR,CJF_1,CJF,1,R,R-RGR041119022,8,6,1.1534356240923958,1.3726165008235296
RGR041119022,RGR,CJF_1,CJF,1,R,R-RGR041119022,8,7,1.2691320291500547,1.3726165008235296
RGR041119022,RGR,CJF_1,CJF,1,R,R-RGR041119022,8,8,1.3726165008235296,1.3726165008235296
RGR041119023,RGR,CJF_1,CJF,1,R,R-RGR041119023,5,1,0.36646387042094347,0.9828824571219539
RGR041119023,RGR,CJF_1,CJF,1,R,R-RGR041119023,5,2,0.5885729183752284,0.9828824571219539
RGR041119023,RGR,CJF_1,CJF,1,R,R-RGR041119023,5,3,0.7032231344313384,0.9828824571219539
RGR041119023,RGR,CJF_1,CJF,1,R,R-RGR041119023,5,4,0.8308667156079559,0.9828824571219539
RGR041119023,RGR,CJF_1,CJF,1,R,R-RGR041119023,5,5,0.9828824571219539,0.9828824571219539
RGR041119024,RGR,CJF_1,CJF,1,R,R-RGR041119024,8,1,0.38955435466252925,1.2078766887127599
RGR041119024,RGR,CJF_1,CJF,1,R,R-RGR041119024,8,2,0.6124659191985092,1.2078766887127599
RGR041119024,RGR,CJF_1,CJF,1,R,R-RGR041119024,8,3,0.751329402825375,1.2078766887127599
RGR041119024,RGR,CJF_1,CJF,1,R,R-RGR041119024,8,4,0.8624135799525551,1.2078766887127599
RGR041119024,RGR,CJF_1,CJF,1,R,R-RGR041119024,8,5,0.9216221466168997,1.2078766887127599
RGR041119024,RGR,CJF_1,CJF,1,R,R-RGR041119024,8,6,1.0232098344408318,1.2078766887127599
RGR041119024,RGR,CJF_1,CJF,1,R,R-RGR041119024,8,7,1.1062890008888275,1.2078766887127599
RGR041119024,RGR,CJF_1,CJF,1,R,R-RGR041119024,8,8,1.2078766887127599,1.2078766887127599
RGR041119025,RGR,CJF_1,CJF,1,R,R-RGR041119025,8,1,0.4263061452272087,1.1983221545840097
RGR041119025,RGR,CJF_1,CJF,1,R,R-RGR041119025,8,2,0.6194881543308054,1.1983221545840097
RGR041119025,RGR,CJF_1,CJF,1,R,R-RGR041119025,8,3,0.7397631988008144,1.1983221545840097
RGR041119025,RGR,CJF_1,CJF,1,R,R-RGR041119025,8,4,0.8548621808048079,1.1983221545840097
RGR041119025,RGR,CJF_1,CJF,1,R,R-RGR041119025,8,5,0.9323827353168134,1.1983221545840097
RGR041119025,RGR,CJF_1,CJF,1,R,R-RGR041119025,8,6,1.0121531801792085,1.1983221545840097
RGR041119025,RGR,CJF_1,CJF,1,R,R-RGR041119025,8,7,1.0832231725800159,1.1983221545840097
RGR041119025,RGR,CJF_1,CJF,1,R,R-RGR041119025,8,8,1.1983221545840097,1.1983221545840097
RGR041219003,RGR,CJF_1,CJF,1,R,R-RGR041219003,5,1,0.5773267987289277,1.2343839046282394
RGR041219003,RGR,CJF_1,CJF,1,R,R-RGR041219003,5,2,0.7750252433918804,1.2343839046282394
RGR041219003,RGR,CJF_1,CJF,1,R,R-RGR041219003,5,3,0.9678939233691184,1.2343839046282394
RGR041219003,RGR,CJF_1,CJF,1,R,R-RGR041219003,5,4,1.0991678470911879,1.2343839046282394
RGR041219003,RGR,CJF_1,CJF,1,R,R-RGR041219003,5,5,1.2343839046282394,1.2343839046282394
RGR041219004,RGR,CJF_1,CJF,1,R,R-RGR041219004,8,1,0.5152500862425605,1.4087008969891728
RGR041219004,RGR,CJF_1,CJF,1,R,R-RGR041219004,8,2,0.7250223496872801,1.4087008969891728
RGR041219004,RGR,CJF_1,CJF,1,R,R-RGR041219004,8,3,0.8732009396197666,1.4087008969891728
RGR041219004,RGR,CJF_1,CJF,1,R,R-RGR041219004,8,4,1.0065535958337792,1.4087008969891728
RGR041219004,RGR,CJF_1,CJF,1,R,R-RGR041219004,8,5,1.1282143170993522,1.4087008969891728
RGR041219004,RGR,CJF_1,CJF,1,R,R-RGR041219004,8,6,1.2311517929969717,1.4087008969891728
RGR041219004,RGR,CJF_1,CJF,1,R,R-RGR041219004,8,7,1.3322812897584666,1.4087008969891728
RGR041219004,RGR,CJF_1,CJF,1,R,R-RGR041219004,8,8,1.4087008969891728,1.4087008969891728
RGR041219005,RGR,CJF_1,CJF,1,R,R-RGR041219005,8,1,0.4849105199407815,1.3967358796467204
RGR041219005,RGR,CJF_1,CJF,1,R,R-RGR041219005,8,2,0.7093826549177715,1.3967358796467204
RGR041219005,RGR,CJF_1,CJF,1,R,R-RGR041219005,8,3,0.8649440612638073,1.3967358796467204
RGR041219005,RGR,CJF_1,CJF,1,R,R-RGR041219005,8,4,0.9763509343854025,1.3967358796467204
RGR041219005,RGR,CJF_1,CJF,1,R,R-RGR041219005,8,5,1.0673867660519751,1.3967358796467204
RGR041219005,RGR,CJF_1,CJF,1,R,R-RGR041219005,8,6,1.146239839501167,1.3967358796467204
RGR041219005,RGR,CJF_1,CJF,1,R,R-RGR041219005,8,7,1.2701244769650981,1.3967358796467204
RGR041219005,RGR,CJF_1,CJF,1,R,R-RGR041219005,8,8,1.3967358796467204,1.3967358796467204
RGR041219006,RGR,CJF_1,CJF,1,R,R-RGR041219006,5,1,0.5276797560646489,1.113134846033932
RGR041219006,RGR,CJF_1,CJF,1,R,R-RGR041219006,5,2,0.7135061432761998,1.113134846033932
RGR041219006,RGR,CJF_1,CJF,1,R,R-RGR041219006,5,3,0.8249539873058765,1.113134846033932
RGR041219006,RGR,CJF_1,CJF,1,R,R-RGR041219006,5,4,0.9688164820154825,1.113134846033932
RGR041219006,RGR,CJF_1,CJF,1,R,R-RGR041219006,5,5,1.113134846033932,1.113134846033932
RGR041219007,RGR,CJF_1,CJF,1,R,R-RGR041219007,6,1,0.44331820462531457,1.0522094676565783
RGR041219007,RGR,CJF_1,CJF,1,R,R-RGR041219007,6,2,0.5895755673625804,1.0522094676565783
RGR041219007,RGR,CJF_1,CJF,1,R,R-RGR041219007,6,3,0.6908940515818279,1.0522094676565783
RGR041219007,RGR,CJF_1,CJF,1,R,R-RGR041219007,6,4,0.8459043405870794,1.0522094676565783
RGR041219007,RGR,CJF_1,CJF,1,R,R-RGR041219007,6,5,0.93592751471985,1.0522094676565783
RGR041219007,RGR,CJF_1,CJF,1,R,R-RGR041219007,6,6,1.0522094676565783,1.0522094676565783
RGR041219008,RGR,CJF_1,CJF,1,R,R-RGR041219008,5,1,0.46523760118023333,1.1230115899800834
RGR041219008,RGR,CJF_1,CJF,1,R,R-RGR041219008,5,2,0.7120304604612181,1.1230115899800834
RGR041219008,RGR,CJF_1,CJF,1,R,R-RGR041219008,5,3,0.8624109313094594,1.1230115899800834
RGR041219008,RGR,CJF_1,CJF,1,R,R-RGR041219008,5,4,0.9868599569025012,1.1230115899800834
RGR041219008,RGR,CJF_1,CJF,1,R,R-RGR041219008,5,5,1.1230115899800834,1.1230115899800834
RGR041219009,RGR,CJF_1,CJF,1,R,R-RGR041219009,8,1,0.43939862442350647,1.2990509819478515
RGR041219009,RGR,CJF_1,CJF,1,R,R-RGR041219009,8,2,0.6455828297699049,1.2990509819478515
RGR041219009,RGR,CJF_1,CJF,1,R,R-RGR041219009,8,3,0.7785254746541768,1.2990509819478515
RGR041219009,RGR,CJF_1,CJF,1,R,R-RGR041219009,8,4,0.9148568627162474,1.2990509819478515
RGR041219009,RGR,CJF_1,CJF,1,R,R-RGR041219009,8,5,1.0016026575403176,1.2990509819478515
RGR041219009,RGR,CJF_1,CJF,1,R,R-RGR041219009,8,6,1.087226119640729,1.2990509819478515
RGR041219009,RGR,CJF_1,CJF,1,R,R-RGR041219009,8,7,1.195397712912823,1.2990509819478515
RGR041219009,RGR,CJF_1,CJF,1,R,R-RGR041219009,8,8,1.2990509819478515,1.2990509819478515
RGR041219012,RGR,CJF_1,CJF,1,R,R-RGR041219012,7,1,0.38056748295874304,1.0803251348163199
RGR041219012,RGR,CJF_1,CJF,1,R,R-RGR041219012,7,2,0.592628251063496,1.0803251348163199
RGR041219012,RGR,CJF_1,CJF,1,R,R-RGR041219012,7,3,0.7426586915944955,1.0803251348163199
RGR041219012,RGR,CJF_1,CJF,1,R,R-RGR041219012,7,4,0.8428095879845964,1.0803251348163199
RGR041219012,RGR,CJF_1,CJF,1,R,R-RGR041219012,7,5,0.913624645337432,1.0803251348163199
RGR041219012,RGR,CJF_1,CJF,1,R,R-RGR041219012,7,6,0.983017881268917,1.0803251348163199
RGR041219012,RGR,CJF_1,CJF,1,R,R-RGR041219012,7,7,1.0803251348163199,1.0803251348163199
RGR041219013,RGR,CJF_1,CJF,1,R,R-RGR041219013,5,1,0.5057117523056002,1.1255418254854594
RGR041219013,RGR,CJF_1,CJF,1,R,R-RGR041219013,5,2,0.7075445030952624,1.1255418254854594
RGR041219013,RGR,CJF_1,CJF,1,R,R-RGR041219013,5,3,0.8671758093428732,1.1255418254854594
RGR041219013,RGR,CJF_1,CJF,1,R,R-RGR041219013,5,4,0.9943841232162666,1.1255418254854594
RGR041219013,RGR,CJF_1,CJF,1,R,R-RGR041219013,5,5,1.1255418254854594,1.1255418254854594
RGR041219014,RGR,CJF_1,CJF,1,R,R-RGR041219014,5,1,0.4409645064143844,1.025634040144819
RGR041219014,RGR,CJF_1,CJF,1,R,R-RGR041219014,5,2,0.6416741598107532,1.025634040144819
RGR041219014,RGR,CJF_1,CJF,1,R,R-RGR041219014,5,3,0.7763511083686543,1.025634040144819
RGR041219014,RGR,CJF_1,CJF,1,R,R-RGR041219014,5,4,0.9136395958075209,1.025634040144819
RGR041219014,RGR,CJF_1,CJF,1,R,R-RGR041219014,5,5,1.025634040144819,1.025634040144819
RGR041219016,RGR,CJF_1,CJF,1,R,R-RGR041219016,5,1,0.4486586295270971,1.2483872072048292
RGR041219016,RGR,CJF_1,CJF,1,R,R-RGR041219016,5,2,0.7644538709299955,1.2483872072048292
RGR041219016,RGR,CJF_1,CJF,1,R,R-RGR041219016,5,3,0.9442892921480546,1.2483872072048292
RGR041219016,RGR,CJF_1,CJF,1,R,R-RGR041219016,5,4,1.0852967552843196,1.2483872072048292
RGR041219016,RGR,CJF_1,CJF,1,R,R-RGR041219016,5,5,1.2483872072048292,1.2483872072048292
RGR041219017,RGR,CJF_1,CJF,1,R,R-RGR041219017,7,1,0.47182226634400604,1.2574909451112888
RGR041219017,RGR,CJF_1,CJF,1,R,R-RGR041219017,7,2,0.695881216532183,1.2574909451112888
RGR041219017,RGR,CJF_1,CJF,1,R,R-RGR041219017,7,3,0.8224627584287812,1.2574909451112888
RGR041219017,RGR,CJF_1,CJF,1,R,R-RGR041219017,7,4,0.9383372065511089,1.2574909451112888
RGR041219017,RGR,CJF_1,CJF,1,R,R-RGR041219017,7,5,1.026082423140859,1.2574909451112888
RGR041219017,RGR,CJF_1,CJF,1,R,R-RGR041219017,7,6,1.1252154820533304,1.2574909451112888
RGR041219017,RGR,CJF_1,CJF,1,R,R-RGR041219017,7,7,1.2574909451112888,1.2574909451112888
RGR041219018,RGR,CJF_1,CJF,1,R,R-RGR041219018,8,1,0.5306013481435945,1.3064449074095001
RGR041219018,RGR,CJF_1,CJF,1,R,R-RGR041219018,8,2,0.7206060637254563,1.3064449074095001
RGR041219018,RGR,CJF_1,CJF,1,R,R-RGR041219018,8,3,0.8531977234866069,1.3064449074095001
RGR041219018,RGR,CJF_1,CJF,1,R,R-RGR041219018,8,4,0.954907295057138,1.3064449074095001
RGR041219018,RGR,CJF_1,CJF,1,R,R-RGR041219018,8,5,1.0300858989975765,1.3064449074095001
RGR041219018,RGR,CJF_1,CJF,1,R,R-RGR041219018,8,6,1.1196177668931928,1.3064449074095001
RGR041219018,RGR,CJF_1,CJF,1,R,R-RGR041219018,8,7,1.1792063829941675,1.3064449074095001
RGR041219018,RGR,CJF_1,CJF,1,R,R-RGR041219018,8,8,1.3064449074095001,1.3064449074095001
RGR40319001,RGR,CJF_1,CJF,1,R,R-RGR40319001,5,1,0.3767850573471368,1.0971118538440745
RGR40319001,RGR,CJF_1,CJF,1,R,R-RGR40319001,5,2,0.6445991533179667,1.0971118538440745
RGR40319001,RGR,CJF_1,CJF,1,R,R-RGR40319001,5,3,0.7997463649269184,1.0971118538440745
RGR40319001,RGR,CJF_1,CJF,1,R,R-RGR40319001,5,4,0.9456581665799579,1.0971118538440745
RGR40319001,RGR,CJF_1,CJF,1,R,R-RGR40319001,5,5,1.0971118538440745,1.0971118538440745
RGR40319002,RGR,CJF_1,CJF,1,R,R-RGR40319002,8,1,0.34663537116081555,1.1808082110863525
RGR40319002,RGR,CJF_1,CJF,1,R,R-RGR40319002,8,2,0.5510257946333637,1.1808082110863525
RGR40319002,RGR,CJF_1,CJF,1,R,R-RGR40319002,8,3,0.6509632289494718,1.1808082110863525
RGR40319002,RGR,CJF_1,CJF,1,R,R-RGR40319002,8,4,0.7652269760703599,1.1808082110863525
RGR40319002,RGR,CJF_1,CJF,1,R,R-RGR40319002,8,5,0.8750292799717252,1.1808082110863525
RGR40319002,RGR,CJF_1,CJF,1,R,R-RGR40319002,8,6,0.9628170114720115,1.1808082110863525
RGR40319002,RGR,CJF_1,CJF,1,R,R-RGR40319002,8,7,1.0513843912560883,1.1808082110863525
RGR40319002,RGR,CJF_1,CJF,1,R,R-RGR40319002,8,8,1.1808082110863525,1.1808082110863525
RGR40319003,RGR,CJF_1,CJF,1,R,R-RGR40319003,8,1,0.4756304183325314,1.3994330212223793
RGR40319003,RGR,CJF_1,CJF,1,R,R-RGR40319003,8,2,0.6819021382824638,1.3994330212223793
RGR40319003,RGR,CJF_1,CJF,1,R,R-RGR40319003,8,3,0.8500001849868171,1.3994330212223793
RGR40319003,RGR,CJF_1,CJF,1,R,R-RGR40319003,8,4,0.9594313475473009,1.3994330212223793
RGR40319003,RGR,CJF_1,CJF,1,R,R-RGR40319003,8,5,1.0710055809634358,1.3994330212223793
RGR40319003,RGR,CJF_1,CJF,1,R,R-RGR40319003,8,6,1.202403347582512,1.3994330212223793
RGR40319003,RGR,CJF_1,CJF,1,R,R-RGR40319003,8,7,1.287724835228753,1.3994330212223793
RGR40319003,RGR,CJF_1,CJF,1,R,R-RGR40319003,8,8,1.3994330212223793,1.3994330212223793
RGR40319004,RGR,CJF_1,CJF,1,R,R-RGR40319004,8,1,0.3922017270265897,1.0995980783449155
RGR40319004,RGR,CJF_1,CJF,1,R,R-RGR40319004,8,2,0.5557390802335277,1.0995980783449155
RGR40319004,RGR,CJF_1,CJF,1,R,R-RGR40319004,8,3,0.6527204106105127,1.0995980783449155
RGR40319004,RGR,CJF_1,CJF,1,R,R-RGR40319004,8,4,0.7577852853744252,1.0995980783449155
RGR40319004,RGR,CJF_1,CJF,1,R,R-RGR40319004,8,5,0.8447848024968778,1.0995980783449155
RGR40319004,RGR,CJF_1,CJF,1,R,R-RGR40319004,8,6,0.9179953674965187,1.0995980783449155
RGR40319004,RGR,CJF_1,CJF,1,R,R-RGR40319004,8,7,1.0083221557038156,1.0995980783449155
RGR40319004,RGR,CJF_1,CJF,1,R,R-RGR40319004,8,8,1.0995980783449155,1.0995980783449155
RGR40419001,RGR,CJF_1,CJF,1,R,R-RGR40419001,7,1,0.475760412175045,1.3551635363054768
RGR40419001,RGR,CJF_1,CJF,1,R,R-RGR40419001,7,2,0.7278867611476543,1.3551635363054768
RGR40419001,RGR,CJF_1,CJF,1,R,R-RGR40419001,7,3,0.8918343892602469,1.3551635363054768
RGR40419001,RGR,CJF_1,CJF,1,R,R-RGR40419001,7,4,1.028492499598722,1.3551635363054768
RGR40419001,RGR,CJF_1,CJF,1,R,R-RGR40419001,7,5,1.1403095311999396,1.3551635363054768
RGR40419001,RGR,CJF_1,CJF,1,R,R-RGR40419001,7,6,1.2370148856442205,1.3551635363054768
RGR40419001,RGR,CJF_1,CJF,1,R,R-RGR40419001,7,7,1.3551635363054768,1.3551635363054768
RGR40519001,RGR,CJF_1,CJF,1,R,R-RGR40519001,8,1,0.47228954543272356,1.312526468285524
RGR40519001,RGR,CJF_1,CJF,1,R,R-RGR40519001,8,2,0.6529538572395991,1.312526468285524
RGR40519001,RGR,CJF_1,CJF,1,R,R-RGR40519001,8,3,0.7947474848167013,1.312526468285524
RGR40519001,RGR,CJF_1,CJF,1,R,R-RGR40519001,8,4,0.9018023178321866,1.312526468285524
RGR40519001,RGR,CJF_1,CJF,1,R,R-RGR40519001,8,5,1.0118085006106405,1.312526468285524
RGR40519001,RGR,CJF_1,CJF,1,R,R-RGR40519001,8,6,1.1348135062416174,1.312526468285524
RGR40519001,RGR,CJF_1,CJF,1,R,R-RGR40519001,8,7,1.2236699872635706,1.312526468285524
RGR40519001,RGR,CJF_1,CJF,1,R,R-RGR40519001,8,8,1.312526468285524,1.312526468285524
RGR40519002,RGR,CJF_1,CJF,1,R,R-RGR40519002,7,1,0.49108829152896316,1.4814141115364285
RGR40519002,RGR,CJF_1,CJF,1,R,R-RGR40519002,7,2,0.7469546000044224,1.4814141115364285
RGR40519002,RGR,CJF_1,CJF,1,R,R-RGR40519002,7,3,0.9122064420445856,1.4814141115364285
RGR40519002,RGR,CJF_1,CJF,1,R,R-RGR40519002,7,4,1.0655558117290873,1.4814141115364285
RGR40519002,RGR,CJF_1,CJF,1,R,R-RGR40519002,7,5,1.2070027090579274,1.4814141115364285
RGR40519002,RGR,CJF_1,CJF,1,R,R-RGR40519002,7,6,1.354697150622976,1.4814141115364285
RGR40519002,RGR,CJF_1,CJF,1,R,R-RGR40519002,7,7,1.4814141115364285,1.4814141115364285
RGR40519003,RGR,CJF_1,CJF,1,R,R-RGR40519003,9,1,0.26975509590075747,1.4536719241120315
RGR40519003,RGR,CJF_1,CJF,1,R,R-RGR40519003,9,2,0.5054553353834382,1.4536719241120315
RGR40519003,RGR,CJF_1,CJF,1,R,R-RGR40519003,9,3,0.7357399440682506,1.4536719241120315
RGR40519003,RGR,CJF_1,CJF,1,R,R-RGR40519003,9,4,0.9033304707147799,1.4536719241120315
RGR40519003,RGR,CJF_1,CJF,1,R,R-RGR40519003,9,5,1.0190341169636798,1.4536719241120315
RGR40519003,RGR,CJF_1,CJF,1,R,R-RGR40519003,9,6,1.1432755372721803,1.4536719241120315
RGR40519003,RGR,CJF_1,CJF,1,R,R-RGR40519003,9,7,1.244293362758341,1.4536719241120315
RGR40519003,RGR,CJF_1,CJF,1,R,R-RGR40519003,9,8,1.3414325691224178,1.4536719241120315
RGR40519003,RGR,CJF_1,CJF,1,R,R-RGR40519003,9,9,1.4536719241120315,1.4536719241120315
RGR40519004,RGR,CJF_1,CJF,1,R,R-RGR40519004,8,1,0.40644324454119257,1.2803857145064224
RGR40519004,RGR,CJF_1,CJF,1,R,R-RGR40519004,8,2,0.6417318036567714,1.2803857145064224
RGR40519004,RGR,CJF_1,CJF,1,R,R-RGR40519004,8,3,0.7827041890222977,1.2803857145064224
RGR40519004,RGR,CJF_1,CJF,1,R,R-RGR40519004,8,4,0.9023348859919814,1.2803857145064224
RGR40519004,RGR,CJF_1,CJF,1,R,R-RGR40519004,8,5,1.0179927481378768,1.2803857145064224
RGR40519004,RGR,CJF_1,CJF,1,R,R-RGR40519004,8,6,1.105556508262577,1.2803857145064224
RGR40519004,RGR,CJF_1,CJF,1,R,R-RGR40519004,8,7,1.1925236403761654,1.2803857145064224
RGR40519004,RGR,CJF_1,CJF,1,R,R-RGR40519004,8,8,1.2803857145064224,1.2803857145064224
RGR40519007,RGR,CJF_1,CJF,1,R,R-RGR40519007,6,1,0.5095727548865758,1.2156742004617078
RGR40519007,RGR,CJF_1,CJF,1,R,R-RGR40519007,6,2,0.7295692278329651,1.2156742004617078
RGR40519007,RGR,CJF_1,CJF,1,R,R-RGR40519007,6,3,0.8751809065827585,1.2156742004617078
RGR40519007,RGR,CJF_1,CJF,1,R,R-RGR40519007,6,4,0.9822740539144335,1.2156742004617078
RGR40519007,RGR,CJF_1,CJF,1,R,R-RGR40519007,6,5,1.1202922373463822,1.2156742004617078
RGR40519007,RGR,CJF_1,CJF,1,R,R-RGR40519007,6,6,1.2156742004617078,1.2156742004617078
RGR40519008,RGR,CJF_1,CJF,1,R,R-RGR40519008,8,1,0.4514094251027026,1.2047664729943426
RGR40519008,RGR,CJF_1,CJF,1,R,R-RGR40519008,8,2,0.6605094746719065,1.2047664729943426
RGR40519008,RGR,CJF_1,CJF,1,R,R-RGR40519008,8,3,0.7973594820045313,1.2047664729943426
RGR40519008,RGR,CJF_1,CJF,1,R,R-RGR40519008,8,4,0.9014548350809977,1.2047664729943426
RGR40519008,RGR,CJF_1,CJF,1,R,R-RGR40519008,8,5,0.9781722525011627,1.2047664729943426
RGR40519008,RGR,CJF_1,CJF,1,R,R-RGR40519008,8,6,1.0567083567538695,1.2047664729943426
RGR40519008,RGR,CJF_1,CJF,1,R,R-RGR40519008,8,7,1.1311920865822416,1.2047664729943426
RGR40519008,RGR,CJF_1,CJF,1,R,R-RGR40519008,8,8,1.2047664729943426,1.2047664729943426
RGR40519010,RGR,CJF_1,CJF,1,R,R-RGR40519010,7,1,0.4252791061529776,1.131801248537087
RGR40519010,RGR,CJF_1,CJF,1,R,R-RGR40519010,7,2,0.6128793148502449,1.131801248537087
RGR40519010,RGR,CJF_1,CJF,1,R,R-RGR40519010,7,3,0.7945940808235686,1.131801248537087
RGR40519010,RGR,CJF_1,CJF,1,R,R-RGR40519010,7,4,0.8855563150200769,1.131801248537087
RGR40519010,RGR,CJF_1,CJF,1,R,R-RGR40519010,7,5,0.9616476655919572,1.131801248537087
RGR40519010,RGR,CJF_1,CJF,1,R,R-RGR40519010,7,6,1.0529244534180047,1.131801248537087
RGR40519010,RGR,CJF_1,CJF,1,R,R-RGR40519010,7,7,1.131801248537087,1.131801248537087
RGR40519011,RGR,CJF_1,CJF,1,R,R-RGR40519011,8,1,0.45764402240941393,1.2178501433862066
RGR40519011,RGR,CJF_1,CJF,1,R,R-RGR40519011,8,2,0.6681937955088029,1.2178501433862066
RGR40519011,RGR,CJF_1,CJF,1,R,R-RGR40519011,8,3,0.7717832118143708,1.2178501433862066
RGR40519011,RGR,CJF_1,CJF,1,R,R-RGR40519011,8,4,0.876755897747748,1.2178501433862066
RGR40519011,RGR,CJF_1,CJF,1,R,R-RGR40519011,8,5,0.9661761511226606,1.2178501433862066
RGR40519011,RGR,CJF_1,CJF,1,R,R-RGR40519011,8,6,1.0537832007996708,1.2178501433862066
RGR40519011,RGR,CJF_1,CJF,1,R,R-RGR40519011,8,7,1.1495964008260064,1.2178501433862066
RGR40519011,RGR,CJF_1,CJF,1,R,R-RGR40519011,8,8,1.2178501433862066,1.2178501433862066
RGR40519012,RGR,CJF_1,CJF,1,R,R-RGR40519012,8,1,0.49104051452876507,1.3298641020897892
RGR40519012,RGR,CJF_1,CJF,1,R,R-RGR40519012,8,2,0.7131126254090818,1.3298641020897892
RGR40519012,RGR,CJF_1,CJF,1,R,R-RGR40519012,8,3,0.8252453358082762,1.3298641020897892
RGR40519012,RGR,CJF_1,CJF,1,R,R-RGR40519012,8,4,0.9242181866990452,1.3298641020897892
RGR40519012,RGR,CJF_1,CJF,1,R,R-RGR40519012,8,5,1.0405498902973596,1.3298641020897892
RGR40519012,RGR,CJF_1,CJF,1,R,R-RGR40519012,8,6,1.1179648952814623,1.3298641020897892
RGR40519012,RGR,CJF_1,CJF,1,R,R-RGR40519012,8,7,1.2336905799984328,1.3298641020897892
RGR40519012,RGR,CJF_1,CJF,1,R,R-RGR40519012,8,8,1.3298641020897892,1.3298641020897892
RGR40519013,RGR,CJF_1,CJF,1,R,R-RGR40519013,8,1,0.5059716659695073,1.4691868882773274
RGR40519013,RGR,CJF_1,CJF,1,R,R-RGR40519013,8,2,0.7095484508901437,1.4691868882773274
RGR40519013,RGR,CJF_1,CJF,1,R,R-RGR40519013,8,3,0.8957068253770498,1.4691868882773274
RGR40519013,RGR,CJF_1,CJF,1,R,R-RGR40519013,8,4,1.0026928155211103,1.4691868882773274
RGR40519013,RGR,CJF_1,CJF,1,R,R-RGR40519013,8,5,1.128334979869739,1.4691868882773274
RGR40519013,RGR,CJF_1,CJF,1,R,R-RGR40519013,8,6,1.2446645712529607,1.4691868882773274
RGR40519013,RGR,CJF_1,CJF,1,R,R-RGR40519013,8,7,1.352795240346602,1.4691868882773274
RGR40519013,RGR,CJF_1,CJF,1,R,R-RGR40519013,8,8,1.4691868882773274,1.4691868882773274
RGR40519015,RGR,CJF_1,CJF,1,R,R-RGR40519015,8,1,0.4945251453973734,1.4827872763819396
RGR40519015,RGR,CJF_1,CJF,1,R,R-RGR40519015,8,2,0.7487652178763217,1.4827872763819396
RGR40519015,RGR,CJF_1,CJF,1,R,R-RGR40519015,8,3,0.9236798460885356,1.4827872763819396
RGR40519015,RGR,CJF_1,CJF,1,R,R-RGR40519015,8,4,1.0552088953111411,1.4827872763819396
RGR40519015,RGR,CJF_1,CJF,1,R,R-RGR40519015,8,5,1.1753514317703542,1.4827872763819396
RGR40519015,RGR,CJF_1,CJF,1,R,R-RGR40519015,8,6,1.2544728686705022,1.4827872763819396
RGR40519015,RGR,CJF_1,CJF,1,R,R-RGR40519015,8,7,1.3924833340849845,1.4827872763819396
RGR40519015,RGR,CJF_1,CJF,1,R,R-RGR40519015,8,8,1.4827872763819396,1.4827872763819396
RGR40519016,RGR,CJF_1,CJF,1,R,R-RGR40519016,8,1,0.4965680941230383,1.6017529881139503
RGR40519016,RGR,CJF_1,CJF,1,R,R-RGR40519016,8,2,0.7676470455509103,1.6017529881139503
RGR40519016,RGR,CJF_1,CJF,1,R,R-RGR40519016,8,3,0.949491334094738,1.6017529881139503
RGR40519016,RGR,CJF_1,CJF,1,R,R-RGR40519016,8,4,1.118608191116112,1.6017529881139503
RGR40519016,RGR,CJF_1,CJF,1,R,R-RGR40519016,8,5,1.2330402438515642,1.6017529881139503
RGR40519016,RGR,CJF_1,CJF,1,R,R-RGR40519016,8,6,1.337385685248678,1.6017529881139503
RGR40519016,RGR,CJF_1,CJF,1,R,R-RGR40519016,8,7,1.4638110269149605,1.6017529881139503
RGR40519016,RGR,CJF_1,CJF,1,R,R-RGR40519016,8,8,1.6017529881139503,1.6017529881139503
RGR40519017,RGR,CJF_1,CJF,1,R,R-RGR40519017,5,1,0.48736670497779816,1.1951082878327266
RGR40519017,RGR,CJF_1,CJF,1,R,R-RGR40519017,5,2,0.6817018944500794,1.1951082878327266
RGR40519017,RGR,CJF_1,CJF,1,R,R-RGR40519017,5,3,0.8432299727269089,1.1951082878327266
RGR40519017,RGR,CJF_1,CJF,1,R,R-RGR40519017,5,4,1.0113623493937864,1.1951082878327266
RGR40519017,RGR,CJF_1,CJF,1,R,R-RGR40519017,5,5,1.1951082878327266,1.1951082878327266
RGR40519018,RGR,CJF_1,CJF,1,R,R-RGR40519018,5,1,0.4793831862961466,1.1785023983573792
RGR40519018,RGR,CJF_1,CJF,1,R,R-RGR40519018,5,2,0.7329222861860671,1.1785023983573792
RGR40519018,RGR,CJF_1,CJF,1,R,R-RGR40519018,5,3,0.8781862193240328,1.1785023983573792
RGR40519018,RGR,CJF_1,CJF,1,R,R-RGR40519018,5,4,1.0482998762236928,1.1785023983573792
RGR40519018,RGR,CJF_1,CJF,1,R,R-RGR40519018,5,5,1.1785023983573792,1.1785023983573792
RGR41219009,RGR,CJF_1,CJF,1,R,R-RGR41219009,8,1,0.3980305943911132,1.2687604349472958
RGR41219009,RGR,CJF_1,CJF,1,R,R-RGR41219009,8,2,0.5970280490804935,1.2687604349472958
RGR41219009,RGR,CJF_1,CJF,1,R,R-RGR41219009,8,3,0.7687124206420679,1.2687604349472958
RGR41219009,RGR,CJF_1,CJF,1,R,R-RGR41219009,8,4,0.8914334652025778,1.2687604349472958
RGR41219009,RGR,CJF_1,CJF,1,R,R-RGR41219009,8,5,0.9967734568635752,1.2687604349472958
RGR41219009,RGR,CJF_1,CJF,1,R,R-RGR41219009,8,6,1.1004343201449553,1.2687604349472958
RGR41219009,RGR,CJF_1,CJF,1,R,R-RGR41219009,8,7,1.1849993171348543,1.2687604349472958
RGR41219009,RGR,CJF_1,CJF,1,R,R-RGR41219009,8,8,1.2687604349472958,1.2687604349472958
RGR41219010,RGR,CJF_1,CJF,1,R,R-RGR41219010,5,1,0.42794151636644295,1.0166865809787446
RGR41219010,RGR,CJF_1,CJF,1,R,R-RGR41219010,5,2,0.640155258809125,1.0166865809787446
RGR41219010,RGR,CJF_1,CJF,1,R,R-RGR41219010,5,3,0.7759477383716964,1.0166865809787446
RGR41219010,RGR,CJF_1,CJF,1,R,R-RGR41219010,5,4,0.9242457522759115,1.0166865809787446
RGR41219010,RGR,CJF_1,CJF,1,R,R-RGR41219010,5,5,1.0166865809787446,1.0166865809787446
RGR41219011,RGR,CJF_1,CJF,1,R,R-RGR41219011,7,1,0.43087349772422756,1.1763010260623121
RGR41219011,RGR,CJF_1,CJF,1,R,R-RGR41219011,7,2,0.7118962631707692,1.1763010260623121
RGR41219011,RGR,CJF_1,CJF,1,R,R-RGR41219011,7,3,0.803329272071365,1.1763010260623121
RGR41219011,RGR,CJF_1,CJF,1,R,R-RGR41219011,7,4,0.8806559734761921,1.1763010260623121
RGR41219011,RGR,CJF_1,CJF,1,R,R-RGR41219011,7,5,0.9730495164831808,1.1763010260623121
RGR41219011,RGR,CJF_1,CJF,1,R,R-RGR41219011,7,6,1.0503762178880076,1.1763010260623121
RGR41219011,RGR,CJF_1,CJF,1,R,R-RGR41219011,7,7,1.1763010260623121,1.1763010260623121
ANX091818A002,ANX,JRS_1,JRS,1,T,T-ANX091818A002,1,1,0.6762470184482562,0.8110545626989225
ANX091818A002,ANX,LEL_1,LEL,1,T,T-ANX091818A002,1,1,0.6271743703509371,0.7564197293258238
ANX091818A002,ANX,LSR_1,LSR,1,T,T-ANX091818A002,2,1,0.34799377058297537,0.688375063883176
ANX091818A002,ANX,LSR_1,LSR,1,T,T-ANX091818A002,2,2,0.5443375462272385,0.688375063883176
ANX091818A002,ANX,NGA_1,NGA,1,T,T-ANX091818A002,2,1,0.4940624947142621,0.7945177448018246
ANX091818A002,ANX,NGA_1,NGA,1,T,T-ANX091818A002,2,2,0.6760049481812626,0.7945177448018246
ANX091818A003,ANX,JRS_1,JRS,1,T,T-ANX091818A003,2,1,0.4220473373437245,0.6342555660490546
ANX091818A003,ANX,JRS_1,JRS,1,T,T-ANX091818A003,2,2,0.5251827499212697,0.6342555660490546
ANX091818A003,ANX,LEL_1,LEL,1,T,T-ANX091818A003,2,1,0.39855527940887836,0.6489191728765871
ANX091818A003,ANX,LEL_1,LEL,1,T,T-ANX091818A003,2,2,0.5023349449083906,0.6489191728765871
ANX091818A003,ANX,LSR_1,LSR,1,T,T-ANX091818A003,3,1,0.20152975766586992,0.5785346527993064
ANX091818A003,ANX,LSR_1,LSR,1,T,T-ANX091818A003,3,2,0.3508886550506409,0.5785346527993064
ANX091818A003,ANX,LSR_1,LSR,1,T,T-ANX091818A003,3,3,0.4592077465910231,0.5785346527993064
ANX091818A003,ANX,MJS_1,MJS,1,T,T-ANX091818A003,4,1,0.3674754800905402,0.7249159702119009
ANX091818A003,ANX,MJS_1,MJS,1,T,T-ANX091818A003,4,2,0.5055772911838802,0.7249159702119009
ANX091818A003,ANX,MJS_1,MJS,1,T,T-ANX091818A003,4,3,0.6157566748525598,0.7249159702119009
ANX091818A003,ANX,MJS_1,MJS,1,T,T-ANX091818A003,4,4,0.7249159702119009,0.7249159702119009
ANX091818A003,ANX,NGA_1,NGA,1,T,T-ANX091818A003,4,1,0.7709530800919586,1.4165714546278363
ANX091818A003,ANX,NGA_1,NGA,1,T,T-ANX091818A003,4,2,0.9857097190451024,1.4165714546278363
ANX091818A003,ANX,NGA_1,NGA,1,T,T-ANX091818A003,4,3,1.1411701494113222,1.4165714546278363
ANX091818A003,ANX,NGA_1,NGA,1,T,T-ANX091818A003,4,4,1.2512121645981766,1.4165714546278363
ANX091818A004,ANX,JRS_1,JRS,1,T,T-ANX091818A004,0,NA,NA,0.3624498712731824
ANX091818A004,ANX,LEL_1,LEL,1,T,T-ANX091818A004,1,1,0.4369877960209996,0.5881562976959972
ANX091818A004,ANX,LSR_1,LSR,1,T,T-ANX091818A004,3,1,0.25003265765977994,0.5231079036992979
ANX091818A004,ANX,LSR_1,LSR,1,T,T-ANX091818A004,3,2,0.3372704571036938,0.5231079036992979
ANX091818A004,ANX,LSR_1,LSR,1,T,T-ANX091818A004,3,3,0.4180789629148681,0.5231079036992979
ANX091818A004,ANX,MJS_1,MJS,1,T,T-ANX091818A004,2,1,0.29013358677329804,0.46381785403326903
ANX091818A004,ANX,MJS_1,MJS,1,T,T-ANX091818A004,2,2,0.46381785403326903,0.46381785403326903
ANX091818A005,ANX,JRS_1,JRS,1,T,T-ANX091818A005,2,1,0.44882899133017734,0.7211642392241746
ANX091818A005,ANX,JRS_1,JRS,1,T,T-ANX091818A005,2,2,0.5897404188408142,0.7211642392241746
ANX091818A005,ANX,LEL_1,LEL,1,T,T-ANX091818A005,2,1,0.5160543339888781,0.7467889829098789
ANX091818A005,ANX,LEL_1,LEL,1,T,T-ANX091818A005,2,2,0.6669780066582542,0.7467889829098789
ANX091818A005,ANX,LSR_1,LSR,1,T,T-ANX091818A005,3,1,0.42787747613322447,0.8214423396082271
ANX091818A005,ANX,LSR_1,LSR,1,T,T-ANX091818A005,3,2,0.5278430716375264,0.8214423396082271
ANX091818A005,ANX,LSR_1,LSR,1,T,T-ANX091818A005,3,3,0.7194021083437181,0.8214423396082271
ANX091818A005,ANX,MJS_1,MJS,1,T,T-ANX091818A005,3,1,0.5465185691899859,0.8067522106382179
ANX091818A005,ANX,MJS_1,MJS,1,T,T-ANX091818A005,3,2,0.6817921427829892,0.8067522106382179
ANX091818A005,ANX,MJS_1,MJS,1,T,T-ANX091818A005,3,3,0.8067522106382179,0.8067522106382179
ANX091818A005,ANX,NGA_1,NGA,1,T,T-ANX091818A005,2,1,0.46740052934738713,0.8091539494208198
ANX091818A005,ANX,NGA_1,NGA,1,T,T-ANX091818A005,2,2,0.6676050804035024,0.8091539494208198
ANX091818A006,ANX,JRS_1,JRS,1,T,T-ANX091818A006,3,1,0.4843837625561431,0.8450098757164041
ANX091818A006,ANX,JRS_1,JRS,1,T,T-ANX091818A006,3,2,0.6290514642422538,0.8450098757164041
ANX091818A006,ANX,JRS_1,JRS,1,T,T-ANX091818A006,3,3,0.7396923787361751,0.8450098757164041
ANX091818A006,ANX,LEL_1,LEL,1,T,T-ANX091818A006,3,1,0.6414113448838575,1.0151222618966123
ANX091818A006,ANX,LEL_1,LEL,1,T,T-ANX091818A006,3,2,0.8398113522501255,1.0151222618966123
ANX091818A006,ANX,LEL_1,LEL,1,T,T-ANX091818A006,3,3,0.893265306726067,1.0151222618966123
ANX091818A006,ANX,LSR_1,LSR,1,T,T-ANX091818A006,3,1,0.5074574052497021,0.8546978579707014
ANX091818A006,ANX,LSR_1,LSR,1,T,T-ANX091818A006,3,2,0.6564276370554185,0.8546978579707014
ANX091818A006,ANX,LSR_1,LSR,1,T,T-ANX091818A006,3,3,0.7869686002516407,0.8546978579707014
ANX091818A006,ANX,MJS_1,MJS,1,T,T-ANX091818A006,4,1,0.43987763432801624,0.7808366020721977
ANX091818A006,ANX,MJS_1,MJS,1,T,T-ANX091818A006,4,2,0.5941001305922622,0.7808366020721977
ANX091818A006,ANX,MJS_1,MJS,1,T,T-ANX091818A006,4,3,0.6910539251500778,0.7808366020721977
ANX091818A006,ANX,MJS_1,MJS,1,T,T-ANX091818A006,4,4,0.7808366020721977,0.7808366020721977
ANX091818A006,ANX,NGA_1,NGA,1,T,T-ANX091818A006,3,1,0.7530979763085913,1.190018837329553
ANX091818A006,ANX,NGA_1,NGA,1,T,T-ANX091818A006,3,2,0.9157674309880326,1.190018837329553
ANX091818A006,ANX,NGA_1,NGA,1,T,T-ANX091818A006,3,3,1.028876348328654,1.190018837329553
ANX091818A009,ANX,JRS_1,JRS,1,T,T-ANX091818A009,2,1,0.4063742027571847,0.7067216664173941
ANX091818A009,ANX,JRS_1,JRS,1,T,T-ANX091818A009,2,2,0.57827989024919,0.7067216664173941
ANX091818A009,ANX,LEL_1,LEL,1,T,T-ANX091818A009,2,1,0.47379678252173046,0.7530299554996837
ANX091818A009,ANX,LEL_1,LEL,1,T,T-ANX091818A009,2,2,0.6355865614208844,0.7530299554996837
ANX091818A009,ANX,LSR_1,LSR,1,T,T-ANX091818A009,3,1,0.4376966299910515,0.7258596353073098
ANX091818A009,ANX,LSR_1,LSR,1,T,T-ANX091818A009,3,2,0.6289686676751042,0.7258596353073098
ANX091818A009,ANX,LSR_1,LSR,1,T,T-ANX091818A009,3,3,0.6975353639117373,0.7258596353073098
ANX091818A009,ANX,MJS_1,MJS,1,T,T-ANX091818A009,3,1,0.46209241485466285,0.7569840897225248
ANX091818A009,ANX,MJS_1,MJS,1,T,T-ANX091818A009,3,2,0.620560893510509,0.7569840897225248
ANX091818A009,ANX,MJS_1,MJS,1,T,T-ANX091818A009,3,3,0.7569840897225248,0.7569840897225248
ANX091818A009,ANX,NGA_1,NGA,1,T,T-ANX091818A009,2,1,0.7121044452004046,1.0208972419955213
ANX091818A009,ANX,NGA_1,NGA,1,T,T-ANX091818A009,2,2,0.8786311530737917,1.0208972419955213
ANX091818A010,ANX,JRS_1,JRS,1,T,T-ANX091818A010,2,1,0.3637510580464265,0.5883967544368879
ANX091818A010,ANX,JRS_1,JRS,1,T,T-ANX091818A010,2,2,0.47407499333658254,0.5883967544368879
ANX091818A010,ANX,LEL_1,LEL,1,T,T-ANX091818A010,2,1,0.4554793728389026,0.6700546075457774
ANX091818A010,ANX,LEL_1,LEL,1,T,T-ANX091818A010,2,2,0.5746065905897604,0.6700546075457774
ANX091818A010,ANX,LSR_1,LSR,1,T,T-ANX091818A010,3,1,0.34754769851286554,0.5703547665214166
ANX091818A010,ANX,LSR_1,LSR,1,T,T-ANX091818A010,3,2,0.4829468956010463,0.5703547665214166
ANX091818A010,ANX,LSR_1,LSR,1,T,T-ANX091818A010,3,3,0.5421316229150811,0.5703547665214166
ANX091818A010,ANX,MJS_1,MJS,1,T,T-ANX091818A010,3,1,0.33539359662038176,0.5654174321580758
ANX091818A010,ANX,MJS_1,MJS,1,T,T-ANX091818A010,3,2,0.4597670460977675,0.5654174321580758
ANX091818A010,ANX,MJS_1,MJS,1,T,T-ANX091818A010,3,3,0.5654174321580758,0.5654174321580758
ANX091818A010,ANX,NGA_1,NGA,1,T,T-ANX091818A010,2,1,0.4705356102422207,0.7316655199423159
ANX091818A010,ANX,NGA_1,NGA,1,T,T-ANX091818A010,2,2,0.5919590727034758,0.7316655199423159
ANX091818A011,ANX,JRS_1,JRS,1,T,T-ANX091818A011,4,1,0.37433744399169927,1.0249163265631616
ANX091818A011,ANX,JRS_1,JRS,1,T,T-ANX091818A011,4,2,0.6222119737936938,1.0249163265631616
ANX091818A011,ANX,JRS_1,JRS,1,T,T-ANX091818A011,4,3,0.8017695302740822,1.0249163265631616
ANX091818A011,ANX,JRS_1,JRS,1,T,T-ANX091818A011,4,4,0.9169074543493689,1.0249163265631616
ANX091818A011,ANX,LEL_1,LEL,1,T,T-ANX091818A011,4,1,0.4129028562574429,1.047796484296317
ANX091818A011,ANX,LEL_1,LEL,1,T,T-ANX091818A011,4,2,0.655938180560246,1.047796484296317
ANX091818A011,ANX,LEL_1,LEL,1,T,T-ANX091818A011,4,3,0.8408991926090952,1.047796484296317
ANX091818A011,ANX,LEL_1,LEL,1,T,T-ANX091818A011,4,4,0.9412690714613476,1.047796484296317
ANX091818A011,ANX,LSR_1,LSR,1,T,T-ANX091818A011,4,1,0.30022631681822376,0.6735863572317027
ANX091818A011,ANX,LSR_1,LSR,1,T,T-ANX091818A011,4,2,0.3987332954579025,0.6735863572317027
ANX091818A011,ANX,LSR_1,LSR,1,T,T-ANX091818A011,4,3,0.5218352659606715,0.6735863572317027
ANX091818A011,ANX,LSR_1,LSR,1,T,T-ANX091818A011,4,4,0.6194011684205143,0.6735863572317027
ANX091818A011,ANX,MJS_1,MJS,1,T,T-ANX091818A011,5,1,0.4086512571014341,1.0803896240904693
ANX091818A011,ANX,MJS_1,MJS,1,T,T-ANX091818A011,5,2,0.6519638266949042,1.0803896240904693
ANX091818A011,ANX,MJS_1,MJS,1,T,T-ANX091818A011,5,3,0.836878709192597,1.0803896240904693
ANX091818A011,ANX,MJS_1,MJS,1,T,T-ANX091818A011,5,4,0.9747712480737033,1.0803896240904693
ANX091818A011,ANX,MJS_1,MJS,1,T,T-ANX091818A011,5,5,1.0803896240904693,1.0803896240904693
ANX091818A011,ANX,NGA_1,NGA,1,T,T-ANX091818A011,4,1,0.5037037227632258,1.1603223542064063
ANX091818A011,ANX,NGA_1,NGA,1,T,T-ANX091818A011,4,2,0.7568904602234799,1.1603223542064063
ANX091818A011,ANX,NGA_1,NGA,1,T,T-ANX091818A011,4,3,0.9414359281713653,1.1603223542064063
ANX091818A011,ANX,NGA_1,NGA,1,T,T-ANX091818A011,4,4,1.0548329610973775,1.1603223542064063
ANX091818A012,ANX,JRS_1,JRS,1,T,T-ANX091818A012,0,NA,NA,0.4712416047575192
ANX091818A012,ANX,LEL_1,LEL,1,T,T-ANX091818A012,2,1,0.5092879161520129,0.7697173214384322
ANX091818A012,ANX,LEL_1,LEL,1,T,T-ANX091818A012,2,2,0.62999297736878,0.7697173214384322
ANX091818A012,ANX,LSR_1,LSR,1,T,T-ANX091818A012,2,1,0.36580149667399947,0.6722460155592208
ANX091818A012,ANX,LSR_1,LSR,1,T,T-ANX091818A012,2,2,0.49631369398531466,0.6722460155592208
ANX091818A012,ANX,MJS_1,MJS,1,T,T-ANX091818A012,1,1,0.8783370952279598,0.8783370952279598
ANX091818A012,ANX,NGA_1,NGA,1,T,T-ANX091818A012,1,1,0.7285448973269911,0.8742392955540449
ANX091818A013,ANX,JRS_1,JRS,1,T,T-ANX091818A013,2,1,0.4550550820564322,0.762431635234579
ANX091818A013,ANX,JRS_1,JRS,1,T,T-ANX091818A013,2,2,0.6447092076885479,0.762431635234579
ANX091818A013,ANX,LEL_1,LEL,1,T,T-ANX091818A013,2,1,0.4859049992843952,0.7680566516294408
ANX091818A013,ANX,LEL_1,LEL,1,T,T-ANX091818A013,2,2,0.6539366684960215,0.7680566516294408
ANX091818A013,ANX,LSR_1,LSR,1,T,T-ANX091818A013,2,1,0.55762061098641,0.8407023422424923
ANX091818A013,ANX,LSR_1,LSR,1,T,T-ANX091818A013,2,2,0.7452748075854699,0.8407023422424923
ANX091818A013,ANX,MJS_1,MJS,1,T,T-ANX091818A013,3,1,0.5036064890042828,0.7941810243921992
ANX091818A013,ANX,MJS_1,MJS,1,T,T-ANX091818A013,3,2,0.6879810577238741,0.7941810243921992
ANX091818A013,ANX,MJS_1,MJS,1,T,T-ANX091818A013,3,3,0.7941810243921992,0.7941810243921992
ANX091818A013,ANX,NGA_1,NGA,1,T,T-ANX091818A013,2,1,0.5176620512303133,0.8171726971340691
ANX091818A013,ANX,NGA_1,NGA,1,T,T-ANX091818A013,2,2,0.6845480832814409,0.8171726971340691
ANX091818A014,ANX,JRS_1,JRS,1,T,T-ANX091818A014,2,1,0.35610582483974146,0.6301416695257265
ANX091818A014,ANX,JRS_1,JRS,1,T,T-ANX091818A014,2,2,0.5161130499227173,0.6301416695257265
ANX091818A014,ANX,LEL_1,LEL,1,T,T-ANX091818A014,2,1,0.4856648046852151,0.7721005097292029
ANX091818A014,ANX,LEL_1,LEL,1,T,T-ANX091818A014,2,2,0.6286466505784909,0.7721005097292029
ANX091818A014,ANX,LSR_1,LSR,1,T,T-ANX091818A014,3,1,0.40754453587939127,0.6180024095812664
ANX091818A014,ANX,LSR_1,LSR,1,T,T-ANX091818A014,3,2,0.45289259414062694,0.6180024095812664
ANX091818A014,ANX,LSR_1,LSR,1,T,T-ANX091818A014,3,3,0.5576761186718158,0.6180024095812664
ANX091818A014,ANX,MJS_1,MJS,1,T,T-ANX091818A014,3,1,0.4249042539529344,0.6815948216055074
ANX091818A014,ANX,MJS_1,MJS,1,T,T-ANX091818A014,3,2,0.6101298807091217,0.6815948216055074
ANX091818A014,ANX,MJS_1,MJS,1,T,T-ANX091818A014,3,3,0.6815948216055074,0.6815948216055074
ANX091818A014,ANX,NGA_1,NGA,1,T,T-ANX091818A014,2,1,0.5857912804676825,0.8825153615898232
ANX091818A014,ANX,NGA_1,NGA,1,T,T-ANX091818A014,2,2,0.7518723012491914,0.8825153615898232
ANX091818A015,ANX,JRS_1,JRS,1,T,T-ANX091818A015,0,NA,NA,0.7148501323032076
ANX091818A015,ANX,LEL_1,LEL,1,T,T-ANX091818A015,1,1,0.659312255241561,0.8063800187378533
ANX091818A015,ANX,LSR_1,LSR,1,T,T-ANX091818A015,3,1,0.34005017690800055,0.6975567724195262
ANX091818A015,ANX,LSR_1,LSR,1,T,T-ANX091818A015,3,2,0.4821658735811295,0.6975567724195262
ANX091818A015,ANX,LSR_1,LSR,1,T,T-ANX091818A015,3,3,0.5949293605974588,0.6975567724195262
ANX091818A015,ANX,MJS_1,MJS,1,T,T-ANX091818A015,2,1,0.5316811902248213,0.7239282285705488
ANX091818A015,ANX,MJS_1,MJS,1,T,T-ANX091818A015,2,2,0.7239282285705488,0.7239282285705488
ANX091818A015,ANX,NGA_1,NGA,1,T,T-ANX091818A015,1,1,0.5459106739889347,0.7637834505010179
ANX091818A016,ANX,JRS_1,JRS,1,T,T-ANX091818A016,1,1,0.43795593789668597,0.5907261096115435
ANX091818A016,ANX,LEL_1,LEL,1,T,T-ANX091818A016,2,1,0.46808822294459496,0.6627550548569219
ANX091818A016,ANX,LEL_1,LEL,1,T,T-ANX091818A016,2,2,0.559197497755829,0.6627550548569219
ANX091818A016,ANX,LSR_1,LSR,1,T,T-ANX091818A016,3,1,0.3663089476548301,0.5333847711820648
ANX091818A016,ANX,LSR_1,LSR,1,T,T-ANX091818A016,3,2,0.4405828281456329,0.5333847711820648
ANX091818A016,ANX,LSR_1,LSR,1,T,T-ANX091818A016,3,3,0.5013082857358481,0.5333847711820648
ANX091818A016,ANX,MJS_1,MJS,1,T,T-ANX091818A016,2,1,0.3424837752928401,0.4715939017695281
ANX091818A016,ANX,MJS_1,MJS,1,T,T-ANX091818A016,2,2,0.4715939017695281,0.4715939017695281
ANX091818A016,ANX,NGA_1,NGA,1,T,T-ANX091818A016,1,1,0.5935560257322519,0.7684575253781564
ANX091818A017,ANX,LEL_1,LEL,1,T,T-ANX091818A017,2,1,0.5744572665373796,0.7862937886070661
ANX091818A017,ANX,LEL_1,LEL,1,T,T-ANX091818A017,2,2,0.678816676643853,0.7862937886070661
ANX091818A017,ANX,LSR_1,LSR,1,T,T-ANX091818A017,3,1,0.4486620014369058,0.8285373068954154
ANX091818A017,ANX,LSR_1,LSR,1,T,T-ANX091818A017,3,2,0.6147888747890238,0.8285373068954154
ANX091818A017,ANX,LSR_1,LSR,1,T,T-ANX091818A017,3,3,0.7300999649460087,0.8285373068954154
ANX091818A017,ANX,NGA_1,NGA,1,T,T-ANX091818A017,4,1,0.4899631319609275,1.0302429811378073
ANX091818A017,ANX,NGA_1,NGA,1,T,T-ANX091818A017,4,2,0.6616919421982248,1.0302429811378073
ANX091818A017,ANX,NGA_1,NGA,1,T,T-ANX091818A017,4,3,0.8174352233311897,1.0302429811378073
ANX091818A017,ANX,NGA_1,NGA,1,T,T-ANX091818A017,4,4,0.9279875469844663,1.0302429811378073
ANX091818A018,ANX,JRS_1,JRS,1,T,T-ANX091818A018,1,1,0.5064683281080947,0.6583894909432525
ANX091818A018,ANX,LEL_1,LEL,1,T,T-ANX091818A018,2,1,0.46112440804318877,0.7066254534070999
ANX091818A018,ANX,LEL_1,LEL,1,T,T-ANX091818A018,2,2,0.5646713956396058,0.7066254534070999
ANX091818A018,ANX,LSR_1,LSR,1,T,T-ANX091818A018,2,1,0.31209680190883804,0.5421178065356417
ANX091818A018,ANX,LSR_1,LSR,1,T,T-ANX091818A018,2,2,0.40981282441124894,0.5421178065356417
ANX091818A018,ANX,MJS_1,MJS,1,T,T-ANX091818A018,3,1,0.507755757395679,0.769092568428574
ANX091818A018,ANX,MJS_1,MJS,1,T,T-ANX091818A018,3,2,0.5945646684758481,0.769092568428574
ANX091818A018,ANX,MJS_1,MJS,1,T,T-ANX091818A018,3,3,0.769092568428574,0.769092568428574
ANX091818A018,ANX,NGA_1,NGA,1,T,T-ANX091818A018,2,1,0.46282200855669176,0.7617299769592101
ANX091818A018,ANX,NGA_1,NGA,1,T,T-ANX091818A018,2,2,0.6077584527026304,0.7617299769592101
ANX091818A020,ANX,JRS_1,JRS,1,T,T-ANX091818A020,2,1,0.3785020377677527,0.6927272357603446
ANX091818A020,ANX,JRS_1,JRS,1,T,T-ANX091818A020,2,2,0.5585039783156176,0.6927272357603446
ANX091818A020,ANX,LEL_1,LEL,1,T,T-ANX091818A020,2,1,0.47970977221575206,0.7962398309689637
ANX091818A020,ANX,LEL_1,LEL,1,T,T-ANX091818A020,2,2,0.6523445361961782,0.7962398309689637
ANX091818A020,ANX,LSR_1,LSR,1,T,T-ANX091818A020,2,1,0.45330123810830475,0.7678844639503698
ANX091818A020,ANX,LSR_1,LSR,1,T,T-ANX091818A020,2,2,0.6383873881794162,0.7678844639503698
ANX091818A020,ANX,MJS_1,MJS,1,T,T-ANX091818A020,3,1,0.45298701505607264,0.7528842071110056
ANX091818A020,ANX,MJS_1,MJS,1,T,T-ANX091818A020,3,2,0.6157793189218815,0.7528842071110056
ANX091818A020,ANX,MJS_1,MJS,1,T,T-ANX091818A020,3,3,0.7528842071110056,0.7528842071110056
ANX091818A020,ANX,NGA_1,NGA,1,T,T-ANX091818A020,2,1,0.5629381690956501,0.889494829885606
ANX091818A020,ANX,NGA_1,NGA,1,T,T-ANX091818A020,2,2,0.7454692161341039,0.889494829885606
ANX091818A021,ANX,JRS_1,JRS,1,T,T-ANX091818A021,1,1,0.6295791867586098,0.7554602528096118
ANX091818A021,ANX,LEL_1,LEL,1,T,T-ANX091818A021,2,1,0.4859543498183994,0.7637122516694717
ANX091818A021,ANX,LEL_1,LEL,1,T,T-ANX091818A021,2,2,0.6245893439019801,0.7637122516694717
ANX091818A021,ANX,LSR_1,LSR,1,T,T-ANX091818A021,2,1,0.2818153973657645,0.44673790967985944
ANX091818A021,ANX,LSR_1,LSR,1,T,T-ANX091818A021,2,2,0.40207659393973383,0.44673790967985944
ANX091818A021,ANX,MJS_1,MJS,1,T,T-ANX091818A021,2,1,0.6475460763014896,0.739424958096245
ANX091818A021,ANX,MJS_1,MJS,1,T,T-ANX091818A021,2,2,0.739424958096245,0.739424958096245
ANX091818A021,ANX,NGA_1,NGA,1,T,T-ANX091818A021,2,1,0.5975843531775443,0.8632847465282041
ANX091818A021,ANX,NGA_1,NGA,1,T,T-ANX091818A021,2,2,0.7332718735523467,0.8632847465282041
ANX091818A023,ANX,JRS_1,JRS,1,T,T-ANX091818A023,0,NA,NA,0.6021400081969777
ANX091818A023,ANX,LEL_1,LEL,1,T,T-ANX091818A023,1,1,0.7091353625736848,0.8656145527031863
ANX091818A023,ANX,LSR_1,LSR,1,T,T-ANX091818A023,2,1,0.37760046167278527,0.568568497594573
ANX091818A023,ANX,LSR_1,LSR,1,T,T-ANX091818A023,2,2,0.47361762891222214,0.568568497594573
ANX091818A023,ANX,MJS_1,MJS,1,T,T-ANX091818A023,2,1,0.6892474437112267,0.8536762503119761
ANX091818A023,ANX,MJS_1,MJS,1,T,T-ANX091818A023,2,2,0.8536762503119761,0.8536762503119761
ANX091818A023,ANX,NGA_1,NGA,1,T,T-ANX091818A023,2,1,0.5366470270151457,0.8714545837929087
ANX091818A023,ANX,NGA_1,NGA,1,T,T-ANX091818A023,2,2,0.7328357326649562,0.8714545837929087
ANX091818A024,ANX,JRS_1,JRS,1,T,T-ANX091818A024,1,1,0.40073519589348006,0.6212437606082812
ANX091818A024,ANX,LEL_1,LEL,1,T,T-ANX091818A024,1,1,0.4533758273095577,0.6235686798738622
ANX091818A024,ANX,LSR_1,LSR,1,T,T-ANX091818A024,2,1,0.2607873118606721,0.45875774924171503
ANX091818A024,ANX,LSR_1,LSR,1,T,T-ANX091818A024,2,2,0.3639765359782043,0.45875774924171503
ANX091818A024,ANX,MJS_1,MJS,1,T,T-ANX091818A024,2,1,0.5025922842522753,0.7216923909460407
ANX091818A024,ANX,MJS_1,MJS,1,T,T-ANX091818A024,2,2,0.7216923909460407,0.7216923909460407
ANX091818A024,ANX,NGA_1,NGA,1,T,T-ANX091818A024,1,1,0.4299743456158932,0.6395849220436146
ANX091818A025,ANX,JRS_1,JRS,1,T,T-ANX091818A025,4,1,0.4200892721137592,1.094829153408955
ANX091818A025,ANX,JRS_1,JRS,1,T,T-ANX091818A025,4,2,0.6615337168419331,1.094829153408955
ANX091818A025,ANX,JRS_1,JRS,1,T,T-ANX091818A025,4,3,0.8693405030087091,1.094829153408955
ANX091818A025,ANX,JRS_1,JRS,1,T,T-ANX091818A025,4,4,1.0026768473333205,1.094829153408955
ANX091818A025,ANX,LEL_1,LEL,1,T,T-ANX091818A025,3,1,0.5937843876419404,1.3068188972151251
ANX091818A025,ANX,LEL_1,LEL,1,T,T-ANX091818A025,3,2,0.81741490369087,1.3068188972151251
ANX091818A025,ANX,LEL_1,LEL,1,T,T-ANX091818A025,3,3,1.065325749075114,1.3068188972151251
ANX091818A025,ANX,LSR_1,LSR,1,T,T-ANX091818A025,4,1,0.3760712117881024,0.8184960635161544
ANX091818A025,ANX,LSR_1,LSR,1,T,T-ANX091818A025,4,2,0.5284026627278442,0.8184960635161544
ANX091818A025,ANX,LSR_1,LSR,1,T,T-ANX091818A025,4,3,0.6509172100312256,0.8184960635161544
ANX091818A025,ANX,LSR_1,LSR,1,T,T-ANX091818A025,4,4,0.7331961539703881,0.8184960635161544
ANX091818A025,ANX,MJS_1,MJS,1,T,T-ANX091818A025,5,1,0.49471421983807756,1.2303873330289288
ANX091818A025,ANX,MJS_1,MJS,1,T,T-ANX091818A025,5,2,0.8018204385431213,1.2303873330289288
ANX091818A025,ANX,MJS_1,MJS,1,T,T-ANX091818A025,5,3,0.9912854589066405,1.2303873330289288
ANX091818A025,ANX,MJS_1,MJS,1,T,T-ANX091818A025,5,4,1.1251289883825295,1.2303873330289288
ANX091818A025,ANX,MJS_1,MJS,1,T,T-ANX091818A025,5,5,1.2303873330289288,1.2303873330289288
ANX091818A025,ANX,NGA_1,NGA,1,T,T-ANX091818A025,3,1,0.7952303344171492,1.2219765835398329
ANX091818A025,ANX,NGA_1,NGA,1,T,T-ANX091818A025,3,2,0.9742768769359421,1.2219765835398329
ANX091818A025,ANX,NGA_1,NGA,1,T,T-ANX091818A025,3,3,1.119471038738857,1.2219765835398329
ANX091818A026,ANX,JRS_1,JRS,1,T,T-ANX091818A026,1,1,0.44725229488570334,0.5918691587600988
ANX091818A026,ANX,LEL_1,LEL,1,T,T-ANX091818A026,0,NA,NA,0.6268025045664748
ANX091818A026,ANX,LSR_1,LSR,1,T,T-ANX091818A026,3,1,0.2525620019151442,0.6649875974791538
ANX091818A026,ANX,LSR_1,LSR,1,T,T-ANX091818A026,3,2,0.40058308220723476,0.6649875974791538
ANX091818A026,ANX,LSR_1,LSR,1,T,T-ANX091818A026,3,3,0.553416088008931,0.6649875974791538
ANX091818A026,ANX,MJS_1,MJS,1,T,T-ANX091818A026,1,1,0.5617491986429213,0.5617491986429213
ANX091818A028,ANX,JRS_1,JRS,1,T,T-ANX091818A028,2,1,0.31822852265393436,0.6325256661623374
ANX091818A028,ANX,JRS_1,JRS,1,T,T-ANX091818A028,2,2,0.4762596592409031,0.6325256661623374
ANX091818A028,ANX,LEL_1,LEL,1,T,T-ANX091818A028,2,1,0.40888640192166115,0.6644943596275038
ANX091818A028,ANX,LEL_1,LEL,1,T,T-ANX091818A028,2,2,0.5750832021937661,0.6644943596275038
ANX091818A028,ANX,LSR_1,LSR,1,T,T-ANX091818A028,2,1,0.320947796391878,0.6361253314303646
ANX091818A028,ANX,LSR_1,LSR,1,T,T-ANX091818A028,2,2,0.48858484139044234,0.6361253314303646
ANX091818A028,ANX,MJS_1,MJS,1,T,T-ANX091818A028,3,1,0.5385391372548468,0.8580713000704263
ANX091818A028,ANX,MJS_1,MJS,1,T,T-ANX091818A028,3,2,0.7244375352374891,0.8580713000704263
ANX091818A028,ANX,MJS_1,MJS,1,T,T-ANX091818A028,3,3,0.8580713000704263,0.8580713000704263
ANX091818A028,ANX,NGA_1,NGA,1,T,T-ANX091818A028,2,1,0.5436937295885059,0.8693594852546515
ANX091818A028,ANX,NGA_1,NGA,1,T,T-ANX091818A028,2,2,0.72517842912473,0.8693594852546515
ANX091818A029,ANX,JRS_1,JRS,1,T,T-ANX091818A029,4,1,0.7493879666050931,1.4052820940610438
ANX091818A029,ANX,JRS_1,JRS,1,T,T-ANX091818A029,4,2,1.0169396591424535,1.4052820940610438
ANX091818A029,ANX,JRS_1,JRS,1,T,T-ANX091818A029,4,3,1.1484943816798465,1.4052820940610438
ANX091818A029,ANX,JRS_1,JRS,1,T,T-ANX091818A029,4,4,1.3086273885651072,1.4052820940610438
ANX091818A029,ANX,LEL_1,LEL,1,T,T-ANX091818A029,4,1,0.4571782280311891,1.0699696905434664
ANX091818A029,ANX,LEL_1,LEL,1,T,T-ANX091818A029,4,2,0.6528635879138406,1.0699696905434664
ANX091818A029,ANX,LEL_1,LEL,1,T,T-ANX091818A029,4,3,0.8444527356429946,1.0699696905434664
ANX091818A029,ANX,LEL_1,LEL,1,T,T-ANX091818A029,4,4,0.9731510636405147,1.0699696905434664
ANX091818A029,ANX,LSR_1,LSR,1,T,T-ANX091818A029,5,1,0.23500727709646718,0.7432963194976467
ANX091818A029,ANX,LSR_1,LSR,1,T,T-ANX091818A029,5,2,0.3436171170731862,0.7432963194976467
ANX091818A029,ANX,LSR_1,LSR,1,T,T-ANX091818A029,5,3,0.5193718933631756,0.7432963194976467
ANX091818A029,ANX,LSR_1,LSR,1,T,T-ANX091818A029,5,4,0.5899231886454194,0.7432963194976467
ANX091818A029,ANX,LSR_1,LSR,1,T,T-ANX091818A029,5,5,0.6873422059032461,0.7432963194976467
ANX091818A029,ANX,MJS_1,MJS,1,T,T-ANX091818A029,4,1,0.4632609095463338,0.764279281786225
ANX091818A029,ANX,MJS_1,MJS,1,T,T-ANX091818A029,4,2,0.5539842854849918,0.764279281786225
ANX091818A029,ANX,MJS_1,MJS,1,T,T-ANX091818A029,4,3,0.6584590908792434,0.764279281786225
ANX091818A029,ANX,MJS_1,MJS,1,T,T-ANX091818A029,4,4,0.764279281786225,0.764279281786225
ANX091818A029,ANX,NGA_1,NGA,1,T,T-ANX091818A029,4,1,0.7529218780018808,1.4822951267856912
ANX091818A029,ANX,NGA_1,NGA,1,T,T-ANX091818A029,4,2,1.051124238085726,1.4822951267856912
ANX091818A029,ANX,NGA_1,NGA,1,T,T-ANX091818A029,4,3,1.2561881927217602,1.4822951267856912
ANX091818A029,ANX,NGA_1,NGA,1,T,T-ANX091818A029,4,4,1.368804853900083,1.4822951267856912
ANX091818A030,ANX,JRS_1,JRS,1,T,T-ANX091818A030,1,1,0.40015757320951717,0.560857106031006
ANX091818A030,ANX,LEL_1,LEL,1,T,T-ANX091818A030,1,1,0.5566502345109678,0.6705212348900742
ANX091818A030,ANX,LSR_1,LSR,1,T,T-ANX091818A030,3,1,0.245674607704061,0.5524404633827387
ANX091818A030,ANX,LSR_1,LSR,1,T,T-ANX091818A030,3,2,0.36169725065466923,0.5524404633827387
ANX091818A030,ANX,LSR_1,LSR,1,T,T-ANX091818A030,3,3,0.4202831466533743,0.5524404633827387
ANX091818A030,ANX,MJS_1,MJS,1,T,T-ANX091818A030,2,1,0.5238770083527834,0.6842538578791467
ANX091818A030,ANX,MJS_1,MJS,1,T,T-ANX091818A030,2,2,0.6842538578791467,0.6842538578791467
ANX091818A030,ANX,NGA_1,NGA,1,T,T-ANX091818A030,1,1,0.580778061422431,0.7624326205613086
ANX091818A031,ANX,JRS_1,JRS,1,T,T-ANX091818A031,2,1,0.39923198944827337,0.709909861465842
ANX091818A031,ANX,JRS_1,JRS,1,T,T-ANX091818A031,2,2,0.5637169213075846,0.709909861465842
ANX091818A031,ANX,LEL_1,LEL,1,T,T-ANX091818A031,2,1,0.4222695178243894,0.7193889582013006
ANX091818A031,ANX,LEL_1,LEL,1,T,T-ANX091818A031,2,2,0.5848843107291272,0.7193889582013006
ANX091818A031,ANX,LSR_1,LSR,1,T,T-ANX091818A031,2,1,0.3568661427558414,0.6779301435242291
ANX091818A031,ANX,LSR_1,LSR,1,T,T-ANX091818A031,2,2,0.5538169533192264,0.6779301435242291
ANX091818A031,ANX,MJS_1,MJS,1,T,T-ANX091818A031,3,1,0.48961041176017345,0.7938382790485724
ANX091818A031,ANX,MJS_1,MJS,1,T,T-ANX091818A031,3,2,0.6565800107564512,0.7938382790485724
ANX091818A031,ANX,MJS_1,MJS,1,T,T-ANX091818A031,3,3,0.7938382790485724,0.7938382790485724
ANX091818A031,ANX,NGA_1,NGA,1,T,T-ANX091818A031,2,1,0.5741161479361993,0.8930616628510385
ANX091818A031,ANX,NGA_1,NGA,1,T,T-ANX091818A031,2,2,0.7506864221596798,0.8930616628510385
ANX091818A032,ANX,LEL_1,LEL,1,T,T-ANX091818A032,1,1,0.402817698189717,0.6332717786699156
ANX091818A032,ANX,LSR_1,LSR,1,T,T-ANX091818A032,3,1,0.2315745473068825,0.4996421780372259
ANX091818A032,ANX,LSR_1,LSR,1,T,T-ANX091818A032,3,2,0.3916114368399881,0.4996421780372259
ANX091818A032,ANX,LSR_1,LSR,1,T,T-ANX091818A032,3,3,0.452121735218199,0.4996421780372259
ANX091818A032,ANX,MJS_1,MJS,1,T,T-ANX091818A032,1,1,0.6136801456194916,0.6136801456194916
ANX091818A033,ANX,JRS_1,JRS,1,T,T-ANX091818A033,3,1,0.808784108328617,1.30555682523485
ANX091818A033,ANX,JRS_1,JRS,1,T,T-ANX091818A033,3,2,1.042274169751029,1.30555682523485
ANX091818A033,ANX,JRS_1,JRS,1,T,T-ANX091818A033,3,3,1.1892467440742953,1.30555682523485
ANX091818A033,ANX,LEL_1,LEL,1,T,T-ANX091818A033,3,1,0.8557732222051894,1.3356826683973213
ANX091818A033,ANX,LEL_1,LEL,1,T,T-ANX091818A033,3,2,1.064989075004443,1.3356826683973213
ANX091818A033,ANX,LEL_1,LEL,1,T,T-ANX091818A033,3,3,1.2493388775170895,1.3356826683973213
ANX091818A033,ANX,LSR_1,LSR,1,T,T-ANX091818A033,4,1,0.4338807811755453,0.6914604457546387
ANX091818A033,ANX,LSR_1,LSR,1,T,T-ANX091818A033,4,2,0.4970759678722013,0.6914604457546387
ANX091818A033,ANX,LSR_1,LSR,1,T,T-ANX091818A033,4,3,0.5855528925435451,0.6914604457546387
ANX091818A033,ANX,LSR_1,LSR,1,T,T-ANX091818A033,4,4,0.649400811986435,0.6914604457546387
ANX091818A033,ANX,MJS_1,MJS,1,T,T-ANX091818A033,5,1,0.5771243935728962,1.3563494791544253
ANX091818A033,ANX,MJS_1,MJS,1,T,T-ANX091818A033,5,2,0.8955906105322817,1.3563494791544253
ANX091818A033,ANX,MJS_1,MJS,1,T,T-ANX091818A033,5,3,1.1029303050123742,1.3563494791544253
ANX091818A033,ANX,MJS_1,MJS,1,T,T-ANX091818A033,5,4,1.2554330759727574,1.3563494791544253
ANX091818A033,ANX,MJS_1,MJS,1,T,T-ANX091818A033,5,5,1.3563494791544253,1.3563494791544253
ANX091818A033,ANX,NGA_1,NGA,1,T,T-ANX091818A033,4,1,0.626648079631916,1.4285397458607285
ANX091818A033,ANX,NGA_1,NGA,1,T,T-ANX091818A033,4,2,0.9358938581611145,1.4285397458607285
ANX091818A033,ANX,NGA_1,NGA,1,T,T-ANX091818A033,4,3,1.1597471613126458,1.4285397458607285
ANX091818A033,ANX,NGA_1,NGA,1,T,T-ANX091818A033,4,4,1.318026759948392,1.4285397458607285
ANX091818A034,ANX,JRS_1,JRS,1,T,T-ANX091818A034,3,1,0.3485828792798154,0.7265473562752403
ANX091818A034,ANX,JRS_1,JRS,1,T,T-ANX091818A034,3,2,0.5354586984650773,0.7265473562752403
ANX091818A034,ANX,JRS_1,JRS,1,T,T-ANX091818A034,3,3,0.6509544608761552,0.7265473562752403
ANX091818A034,ANX,LEL_1,LEL,1,T,T-ANX091818A034,3,1,0.443622945724333,0.8069280360933293
ANX091818A034,ANX,LEL_1,LEL,1,T,T-ANX091818A034,3,2,0.597958210825537,0.8069280360933293
ANX091818A034,ANX,LEL_1,LEL,1,T,T-ANX091818A034,3,3,0.7337223563880145,0.8069280360933293
ANX091818A034,ANX,LSR_1,LSR,1,T,T-ANX091818A034,3,1,0.31951244772267084,0.5561356111923408
ANX091818A034,ANX,LSR_1,LSR,1,T,T-ANX091818A034,3,2,0.4039105147104296,0.5561356111923408
ANX091818A034,ANX,LSR_1,LSR,1,T,T-ANX091818A034,3,3,0.47898311100991464,0.5561356111923408
ANX091818A034,ANX,MJS_1,MJS,1,T,T-ANX091818A034,4,1,0.44518096956036685,0.816678559195755
ANX091818A034,ANX,MJS_1,MJS,1,T,T-ANX091818A034,4,2,0.617758751431001,0.816678559195755
ANX091818A034,ANX,MJS_1,MJS,1,T,T-ANX091818A034,4,3,0.7483181632671742,0.816678559195755
ANX091818A034,ANX,MJS_1,MJS,1,T,T-ANX091818A034,4,4,0.816678559195755,0.816678559195755
ANX091818A034,ANX,NGA_1,NGA,1,T,T-ANX091818A034,3,1,0.5457928345786727,0.9547931622525619
ANX091818A034,ANX,NGA_1,NGA,1,T,T-ANX091818A034,3,2,0.7199918413173205,0.9547931622525619
ANX091818A034,ANX,NGA_1,NGA,1,T,T-ANX091818A034,3,3,0.8352878273531944,0.9547931622525619
ANX091818A036,ANX,JRS_1,JRS,1,T,T-ANX091818A036,3,1,0.6365209221187572,1.182529595692276
ANX091818A036,ANX,JRS_1,JRS,1,T,T-ANX091818A036,3,2,0.9127960065232499,1.182529595692276
ANX091818A036,ANX,JRS_1,JRS,1,T,T-ANX091818A036,3,3,1.0762296219760699,1.182529595692276
ANX091818A036,ANX,LEL_1,LEL,1,T,T-ANX091818A036,2,1,0.4690745895702011,0.7499231636988835
ANX091818A036,ANX,LEL_1,LEL,1,T,T-ANX091818A036,2,2,0.6036094681470652,0.7499231636988835
ANX091818A036,ANX,LSR_1,LSR,1,T,T-ANX091818A036,4,1,0.375991822322059,0.6721729867055576
ANX091818A036,ANX,LSR_1,LSR,1,T,T-ANX091818A036,4,2,0.4773878464560265,0.6721729867055576
ANX091818A036,ANX,LSR_1,LSR,1,T,T-ANX091818A036,4,3,0.5367463490164803,0.6721729867055576
ANX091818A036,ANX,LSR_1,LSR,1,T,T-ANX091818A036,4,4,0.6167309610878817,0.6721729867055576
ANX091818A036,ANX,MJS_1,MJS,1,T,T-ANX091818A036,4,1,0.6207372455361165,1.1956998745205702
ANX091818A036,ANX,MJS_1,MJS,1,T,T-ANX091818A036,4,2,0.91246412886906,1.1956998745205702
ANX091818A036,ANX,MJS_1,MJS,1,T,T-ANX091818A036,4,3,1.073016469918654,1.1956998745205702
ANX091818A036,ANX,MJS_1,MJS,1,T,T-ANX091818A036,4,4,1.1956998745205702,1.1956998745205702
ANX091818A036,ANX,NGA_1,NGA,1,T,T-ANX091818A036,3,1,0.5767620121059354,1.2579185135245459
ANX091818A036,ANX,NGA_1,NGA,1,T,T-ANX091818A036,3,2,0.9312499327904189,1.2579185135245459
ANX091818A036,ANX,NGA_1,NGA,1,T,T-ANX091818A036,3,3,1.0882752195008607,1.2579185135245459
ANX091818A037,ANX,JRS_1,JRS,1,T,T-ANX091818A037,0,NA,NA,0.573710280612729
ANX091818A037,ANX,LEL_1,LEL,1,T,T-ANX091818A037,0,NA,NA,0.6811966995977734
ANX091818A037,ANX,LSR_1,LSR,1,T,T-ANX091818A037,3,1,0.31119407440531677,0.5943962929568426
ANX091818A037,ANX,LSR_1,LSR,1,T,T-ANX091818A037,3,2,0.40287816842488705,0.5943962929568426
ANX091818A037,ANX,LSR_1,LSR,1,T,T-ANX091818A037,3,3,0.5077614990893602,0.5943962929568426
ANX091818A037,ANX,MJS_1,MJS,1,T,T-ANX091818A037,1,1,0.5800316874140609,0.5800316874140609
ANX091818A038,ANX,JRS_1,JRS,1,T,T-ANX091818A038,3,1,0.46337460123991525,0.7657822827095445
ANX091818A038,ANX,JRS_1,JRS,1,T,T-ANX091818A038,3,2,0.6159731675512261,0.7657822827095445
ANX091818A038,ANX,JRS_1,JRS,1,T,T-ANX091818A038,3,3,0.6988695992123475,0.7657822827095445
ANX091818A038,ANX,LEL_1,LEL,1,T,T-ANX091818A038,2,1,0.5921147716404238,0.8541798588110825
ANX091818A038,ANX,LEL_1,LEL,1,T,T-ANX091818A038,2,2,0.7285662859818162,0.8541798588110825
ANX091818A038,ANX,LSR_1,LSR,1,T,T-ANX091818A038,3,1,0.3416292386078234,0.6318296038831255
ANX091818A038,ANX,LSR_1,LSR,1,T,T-ANX091818A038,3,2,0.4458135037193224,0.6318296038831255
ANX091818A038,ANX,LSR_1,LSR,1,T,T-ANX091818A038,3,3,0.532570187063196,0.6318296038831255
ANX091818A038,ANX,MJS_1,MJS,1,T,T-ANX091818A038,4,1,0.4863561645096133,0.9538445044930911
ANX091818A038,ANX,MJS_1,MJS,1,T,T-ANX091818A038,4,2,0.6447733512285816,0.9538445044930911
ANX091818A038,ANX,MJS_1,MJS,1,T,T-ANX091818A038,4,3,0.8140546175806391,0.9538445044930911
ANX091818A038,ANX,MJS_1,MJS,1,T,T-ANX091818A038,4,4,0.9538445044930911,0.9538445044930911
ANX091818A038,ANX,NGA_1,NGA,1,T,T-ANX091818A038,3,1,0.5400248979211761,1.0716591915398204
ANX091818A038,ANX,NGA_1,NGA,1,T,T-ANX091818A038,3,2,0.7359843967377878,1.0716591915398204
ANX091818A038,ANX,NGA_1,NGA,1,T,T-ANX091818A038,3,3,0.9669814570185256,1.0716591915398204
ANX091818A039,ANX,JRS_1,JRS,1,T,T-ANX091818A039,3,1,0.5113322155038581,0.8732093483200807
ANX091818A039,ANX,JRS_1,JRS,1,T,T-ANX091818A039,3,2,0.6562107941252968,0.8732093483200807
ANX091818A039,ANX,JRS_1,JRS,1,T,T-ANX091818A039,3,3,0.7692400290877799,0.8732093483200807
ANX091818A039,ANX,LEL_1,LEL,1,T,T-ANX091818A039,3,1,0.5472761380733082,0.916007011131
ANX091818A039,ANX,LEL_1,LEL,1,T,T-ANX091818A039,3,2,0.6898428638270022,0.916007011131
ANX091818A039,ANX,LEL_1,LEL,1,T,T-ANX091818A039,3,3,0.827719337300285,0.916007011131
ANX091818A039,ANX,LSR_1,LSR,1,T,T-ANX091818A039,3,1,0.41190279294391813,0.7362708571410782
ANX091818A039,ANX,LSR_1,LSR,1,T,T-ANX091818A039,3,2,0.568055349325719,0.7362708571410782
ANX091818A039,ANX,LSR_1,LSR,1,T,T-ANX091818A039,3,3,0.6676334467926691,0.7362708571410782
ANX091818A039,ANX,MJS_1,MJS,1,T,T-ANX091818A039,4,1,0.6595597595529438,1.0077636926152351
ANX091818A039,ANX,MJS_1,MJS,1,T,T-ANX091818A039,4,2,0.8005197782490098,1.0077636926152351
ANX091818A039,ANX,MJS_1,MJS,1,T,T-ANX091818A039,4,3,0.8972193729003173,1.0077636926152351
ANX091818A039,ANX,MJS_1,MJS,1,T,T-ANX091818A039,4,4,1.0077636926152351,1.0077636926152351
ANX091818A039,ANX,NGA_1,NGA,1,T,T-ANX091818A039,3,1,0.735447126641573,1.0937066007612943
ANX091818A039,ANX,NGA_1,NGA,1,T,T-ANX091818A039,3,2,0.8716962127525053,1.0937066007612943
ANX091818A039,ANX,NGA_1,NGA,1,T,T-ANX091818A039,3,3,0.9973311741969266,1.0937066007612943
ANX091818A040,ANX,JRS_1,JRS,1,T,T-ANX091818A040,4,1,0.5703871511386921,1.1675388991647797
ANX091818A040,ANX,JRS_1,JRS,1,T,T-ANX091818A040,4,2,0.8331392605568939,1.1675388991647797
ANX091818A040,ANX,JRS_1,JRS,1,T,T-ANX091818A040,4,3,0.9752442308643468,1.1675388991647797
ANX091818A040,ANX,JRS_1,JRS,1,T,T-ANX091818A040,4,4,1.0853689074942172,1.1675388991647797
ANX091818A040,ANX,LEL_1,LEL,1,T,T-ANX091818A040,4,1,0.6016359465510472,1.1980694860645353
ANX091818A040,ANX,LEL_1,LEL,1,T,T-ANX091818A040,4,2,0.8963298778861304,1.1980694860645353
ANX091818A040,ANX,LEL_1,LEL,1,T,T-ANX091818A040,4,3,1.0029313853412745,1.1980694860645353
ANX091818A040,ANX,LEL_1,LEL,1,T,T-ANX091818A040,4,4,1.1044261593884788,1.1980694860645353
ANX091818A040,ANX,LSR_1,LSR,1,T,T-ANX091818A040,4,1,0.34563792979374425,0.6772636806022738
ANX091818A040,ANX,LSR_1,LSR,1,T,T-ANX091818A040,4,2,0.4563178359589591,0.6772636806022738
ANX091818A040,ANX,LSR_1,LSR,1,T,T-ANX091818A040,4,3,0.5328830413629493,0.6772636806022738
ANX091818A040,ANX,LSR_1,LSR,1,T,T-ANX091818A040,4,4,0.6142966864963794,0.6772636806022738
ANX091818A040,ANX,MJS_1,MJS,1,T,T-ANX091818A040,5,1,0.6001558045073154,1.2034106178311164
ANX091818A040,ANX,MJS_1,MJS,1,T,T-ANX091818A040,5,2,0.8752726465922815,1.2034106178311164
ANX091818A040,ANX,MJS_1,MJS,1,T,T-ANX091818A040,5,3,1.0276597668119236,1.2034106178311164
ANX091818A040,ANX,MJS_1,MJS,1,T,T-ANX091818A040,5,4,1.114438422768159,1.2034106178311164
ANX091818A040,ANX,MJS_1,MJS,1,T,T-ANX091818A040,5,5,1.2034106178311164,1.2034106178311164
ANX091818A040,ANX,NGA_1,NGA,1,T,T-ANX091818A040,4,1,0.6038818015579919,1.1882694040637694
ANX091818A040,ANX,NGA_1,NGA,1,T,T-ANX091818A040,4,2,0.8504340203982619,1.1882694040637694
ANX091818A040,ANX,NGA_1,NGA,1,T,T-ANX091818A040,4,3,0.9939328938093758,1.1882694040637694
ANX091818A040,ANX,NGA_1,NGA,1,T,T-ANX091818A040,4,4,1.1044030200843349,1.1882694040637694
ANX091818A041,ANX,JRS_1,JRS,1,T,T-ANX091818A041,1,1,0.33811743610517025,0.5108272231202264
ANX091818A041,ANX,LEL_1,LEL,1,T,T-ANX091818A041,1,1,0.385925349126159,0.5251326162282236
ANX091818A041,ANX,LSR_1,LSR,1,T,T-ANX091818A041,2,1,0.3102025048077344,0.4721774983466067
ANX091818A041,ANX,LSR_1,LSR,1,T,T-ANX091818A041,2,2,0.4193967221859885,0.4721774983466067
ANX091818A041,ANX,MJS_1,MJS,1,T,T-ANX091818A041,2,1,0.4452118356144259,0.6582735902020179
ANX091818A041,ANX,MJS_1,MJS,1,T,T-ANX091818A041,2,2,0.6582735902020179,0.6582735902020179
ANX091818A041,ANX,NGA_1,NGA,1,T,T-ANX091818A041,1,1,0.48646506373938114,0.6714262535756752
ANX091818A042,ANX,JRS_1,JRS,1,T,T-ANX091818A042,1,1,0.3564156869335908,0.5083523936477133
ANX091818A042,ANX,LEL_1,LEL,1,T,T-ANX091818A042,1,1,0.5035730450747467,0.668574718347967
ANX091818A042,ANX,LSR_1,LSR,1,T,T-ANX091818A042,2,1,0.20169614168217223,0.4265389805994888
ANX091818A042,ANX,LSR_1,LSR,1,T,T-ANX091818A042,2,2,0.3233024859470971,0.4265389805994888
ANX091818A042,ANX,MJS_1,MJS,1,T,T-ANX091818A042,2,1,0.417989705230527,0.5722213738422739
ANX091818A042,ANX,MJS_1,MJS,1,T,T-ANX091818A042,2,2,0.5722213738422739,0.5722213738422739
ANX091818A042,ANX,NGA_1,NGA,1,T,T-ANX091818A042,1,1,0.5767654822206766,0.7564088639582696
ANX091818A043,ANX,JRS_1,JRS,1,T,T-ANX091818A043,2,1,0.6146526239933601,0.8563857429467163
ANX091818A043,ANX,JRS_1,JRS,1,T,T-ANX091818A043,2,2,0.7579708507552826,0.8563857429467163
ANX091818A043,ANX,LEL_1,LEL,1,T,T-ANX091818A043,2,1,0.8205479808301763,1.0629895336662167
ANX091818A043,ANX,LEL_1,LEL,1,T,T-ANX091818A043,2,2,0.9604500968434828,1.0629895336662167
ANX091818A043,ANX,LSR_1,LSR,1,T,T-ANX091818A043,3,1,0.33469272667663513,0.6846970586923998
ANX091818A043,ANX,LSR_1,LSR,1,T,T-ANX091818A043,3,2,0.49686390618620346,0.6846970586923998
ANX091818A043,ANX,LSR_1,LSR,1,T,T-ANX091818A043,3,3,0.6022873157568471,0.6846970586923998
ANX091818A043,ANX,MJS_1,MJS,1,T,T-ANX091818A043,4,1,0.5322691846887184,0.9645978322594027
ANX091818A043,ANX,MJS_1,MJS,1,T,T-ANX091818A043,4,2,0.7343436090429839,0.9645978322594027
ANX091818A043,ANX,MJS_1,MJS,1,T,T-ANX091818A043,4,3,0.88461997307306794,0.9645978322594027
ANX091818A043,ANX,MJS_1,MJS,1,T,T-ANX091818A043,4,4,0.9645978322594027,0.9645978322594027
ANX091818A043,ANX,NGA_1,NGA,1,T,T-ANX091818A043,3,1,0.5948582958101193,1.0428483483960742
ANX091818A043,ANX,NGA_1,NGA,1,T,T-ANX091818A043,3,2,0.8266003038670242,1.0428483483960742
ANX091818A043,ANX,NGA_1,NGA,1,T,T-ANX091818A043,3,3,0.952274941657589,1.0428483483960742
ANX091818A044,ANX,JRS_1,JRS,1,T,T-ANX091818A044,0,NA,NA,0.5582852707963034
ANX091818A044,ANX,LEL_1,LEL,1,T,T-ANX091818A044,1,1,0.4499478523797132,0.5809310030903347
ANX091818A044,ANX,LSR_1,LSR,1,T,T-ANX091818A044,3,1,0.2736396609485533,0.47053240715891853
ANX091818A044,ANX,LSR_1,LSR,1,T,T-ANX091818A044,3,2,0.36831460109196823,0.47053240715891853
ANX091818A044,ANX,LSR_1,LSR,1,T,T-ANX091818A044,3,3,0.4292885949745112,0.47053240715891853
ANX091818A044,ANX,MJS_1,MJS,1,T,T-ANX091818A044,2,1,0.30642842500632106,0.43079139913790765
ANX091818A044,ANX,MJS_1,MJS,1,T,T-ANX091818A044,2,2,0.43079139913790765,0.43079139913790765
ANX091818A044,ANX,NGA_1,NGA,1,T,T-ANX091818A044,2,1,0.525632403251532,0.9443450433674703
ANX091818A044,ANX,NGA_1,NGA,1,T,T-ANX091818A044,2,2,0.8435489278520079,0.9443450433674703
ANX091818A045,ANX,JRS_1,JRS,1,T,T-ANX091818A045,1,1,0.27335488950022213,0.42743046884595115
ANX091818A045,ANX,LEL_1,LEL,1,T,T-ANX091818A045,1,1,0.36061668698542276,0.5004662564292413
ANX091818A045,ANX,LSR_1,LSR,1,T,T-ANX091818A045,2,1,0.471595355691013,0.7348654388216547
ANX091818A045,ANX,LSR_1,LSR,1,T,T-ANX091818A045,2,2,0.6381996304253477,0.7348654388216547
ANX091818A045,ANX,MJS_1,MJS,1,T,T-ANX091818A045,2,1,0.33422339694077124,0.4974328361699898
ANX091818A045,ANX,MJS_1,MJS,1,T,T-ANX091818A045,2,2,0.4974328361699898,0.4974328361699898
ANX091818A045,ANX,NGA_1,NGA,1,T,T-ANX091818A045,1,1,0.5202653827029796,0.7196664401786529
ANX091818A046,ANX,JRS_1,JRS,1,T,T-ANX091818A046,2,1,0.5576928145571642,0.8614803278683972
ANX091818A046,ANX,JRS_1,JRS,1,T,T-ANX091818A046,2,2,0.736094427439476,0.8614803278683972
ANX091818A046,ANX,LEL_1,LEL,1,T,T-ANX091818A046,2,1,0.717583846384978,0.9648556437747253
ANX091818A046,ANX,LEL_1,LEL,1,T,T-ANX091818A046,2,2,0.8599991753055628,0.9648556437747253
ANX091818A046,ANX,LSR_1,LSR,1,T,T-ANX091818A046,2,1,0.35719685716676414,0.5795085954795723
ANX091818A046,ANX,LSR_1,LSR,1,T,T-ANX091818A046,2,2,0.4927814666975747,0.5795085954795723
ANX091818A046,ANX,MJS_1,MJS,1,T,T-ANX091818A046,3,1,0.6805953928401839,0.9517521345687979
ANX091818A046,ANX,MJS_1,MJS,1,T,T-ANX091818A046,3,2,0.8351552079136488,0.9517521345687979
ANX091818A046,ANX,MJS_1,MJS,1,T,T-ANX091818A046,3,3,0.9517521345687979,0.9517521345687979
ANX091818A046,ANX,NGA_1,NGA,1,T,T-ANX091818A046,2,1,0.6384729244175482,0.9480471708180626
ANX091818A046,ANX,NGA_1,NGA,1,T,T-ANX091818A046,2,2,0.8136340891180976,0.9480471708180626
ANX091818A047,ANX,JRS_1,JRS,1,T,T-ANX091818A047,2,1,0.5240656494689365,0.8363738932195692
ANX091818A047,ANX,JRS_1,JRS,1,T,T-ANX091818A047,2,2,0.700289507114668,0.8363738932195692
ANX091818A047,ANX,LEL_1,LEL,1,T,T-ANX091818A047,2,1,0.5804016676405392,0.8567568918961093
ANX091818A047,ANX,LEL_1,LEL,1,T,T-ANX091818A047,2,2,0.739053556546682,0.8567568918961093
ANX091818A047,ANX,LSR_1,LSR,1,T,T-ANX091818A047,3,1,0.2897350596742074,0.5947458721974463
ANX091818A047,ANX,LSR_1,LSR,1,T,T-ANX091818A047,3,2,0.3954475316823231,0.5947458721974463
ANX091818A047,ANX,LSR_1,LSR,1,T,T-ANX091818A047,3,3,0.530615491246885,0.5947458721974463
ANX091818A047,ANX,MJS_1,MJS,1,T,T-ANX091818A047,3,1,0.6964079322193196,0.9581375978370079
ANX091818A047,ANX,MJS_1,MJS,1,T,T-ANX091818A047,3,2,0.8365344708895182,0.9581375978370079
ANX091818A047,ANX,MJS_1,MJS,1,T,T-ANX091818A047,3,3,0.9581375978370079,0.9581375978370079
ANX091818A047,ANX,NGA_1,NGA,1,T,T-ANX091818A047,11,1,0.6381503058111843,1.024921233683384
ANX091818A047,ANX,NGA_1,NGA,1,T,T-ANX091818A047,11,2,0.6381503058111843,1.024921233683384
ANX091818A047,ANX,NGA_1,NGA,1,T,T-ANX091818A047,11,3,0.6381503058111843,1.024921233683384
ANX091818A047,ANX,NGA_1,NGA,1,T,T-ANX091818A047,11,4,0.6381503058111843,1.024921233683384
ANX091818A047,ANX,NGA_1,NGA,1,T,T-ANX091818A047,11,5,0.6465682682817755,1.024921233683384
ANX091818A047,ANX,NGA_1,NGA,1,T,T-ANX091818A047,11,6,0.797763326950097,1.024921233683384
ANX091818A047,ANX,NGA_1,NGA,1,T,T-ANX091818A047,11,7,0.8449542132428193,1.024921233683384
ANX091818A047,ANX,NGA_1,NGA,1,T,T-ANX091818A047,11,8,0.8449542132428193,1.024921233683384
ANX091818A047,ANX,NGA_1,NGA,1,T,T-ANX091818A047,11,9,0.9240565734085212,1.024921233683384
ANX091818A047,ANX,NGA_1,NGA,1,T,T-ANX091818A047,11,10,1.0066029020777265,1.024921233683384
ANX091818A047,ANX,NGA_1,NGA,1,T,T-ANX091818A047,11,11,1.0199207526584395,1.024921233683384
ANX091818A048,ANX,JRS_1,JRS,1,T,T-ANX091818A048,1,1,0.4144466679068679,0.6093317987169646
ANX091818A048,ANX,LEL_1,LEL,1,T,T-ANX091818A048,1,1,0.4527958037809646,0.5455630655934356
ANX091818A048,ANX,LSR_1,LSR,1,T,T-ANX091818A048,2,1,0.2717133279134797,0.5076730825668092
ANX091818A048,ANX,LSR_1,LSR,1,T,T-ANX091818A048,2,2,0.38408595867187034,0.5076730825668092
ANX091818A048,ANX,MJS_1,MJS,1,T,T-ANX091818A048,2,1,0.51163565527317,0.6873289579015782
ANX091818A048,ANX,MJS_1,MJS,1,T,T-ANX091818A048,2,2,0.6873289579015782,0.6873289579015782
ANX091818A048,ANX,NGA_1,NGA,1,T,T-ANX091818A048,1,1,0.4846458224328927,0.676769121634741
ANX091818A049,ANX,JRS_1,JRS,1,T,T-ANX091818A049,1,1,0.49408648626193724,0.6896884932668528
ANX091818A049,ANX,LEL_1,LEL,1,T,T-ANX091818A049,1,1,0.5412509861250039,0.7181049516747308
ANX091818A049,ANX,LSR_1,LSR,1,T,T-ANX091818A049,2,1,0.3153779117832568,0.4910617718435209
ANX091818A049,ANX,LSR_1,LSR,1,T,T-ANX091818A049,2,2,0.41979301877332725,0.4910617718435209
ANX091818A049,ANX,MJS_1,MJS,1,T,T-ANX091818A049,2,1,0.569217013796508,0.738687013507749
ANX091818A049,ANX,MJS_1,MJS,1,T,T-ANX091818A049,2,2,0.738687013507749,0.738687013507749
ANX091818A049,ANX,NGA_1,NGA,1,T,T-ANX091818A049,1,1,0.5208738351509583,0.7119884423659487
ANX091818A050,ANX,LEL_1,LEL,1,T,T-ANX091818A050,0,NA,NA,0.4616727520480703
ANX091818A050,ANX,MJS_1,MJS,1,T,T-ANX091818A050,1,1,0.376990590267371,0.376990590267371
ANX091818A051,ANX,JRS_1,JRS,1,T,T-ANX091818A051,2,1,0.4047540905035085,0.7262859367175215
ANX091818A051,ANX,JRS_1,JRS,1,T,T-ANX091818A051,2,2,0.584136286919205,0.7262859367175215
ANX091818A051,ANX,LEL_1,LEL,1,T,T-ANX091818A051,1,1,0.7463365207048042,0.8546743172391682
ANX091818A051,ANX,LSR_1,LSR,1,T,T-ANX091818A051,3,1,0.44468578336028586,0.7502917404505891
ANX091818A051,ANX,LSR_1,LSR,1,T,T-ANX091818A051,3,2,0.5488960101176744,0.7502917404505891
ANX091818A051,ANX,LSR_1,LSR,1,T,T-ANX091818A051,3,3,0.6421150142350931,0.7502917404505891
ANX091818A051,ANX,MJS_1,MJS,1,T,T-ANX091818A051,3,1,0.525170016453514,0.8352567424115642
ANX091818A051,ANX,MJS_1,MJS,1,T,T-ANX091818A051,3,2,0.7019852515184468,0.8352567424115642
ANX091818A051,ANX,MJS_1,MJS,1,T,T-ANX091818A051,3,3,0.8352567424115642,0.8352567424115642
ANX091818A051,ANX,NGA_1,NGA,1,T,T-ANX091818A051,2,1,0.49041721186077986,0.8190926187262892
ANX091818A051,ANX,NGA_1,NGA,1,T,T-ANX091818A051,2,2,0.6861988850169469,0.8190926187262892
ANX091818A052,ANX,JRS_1,JRS,1,T,T-ANX091818A052,4,1,0.6831989834797623,1.395691037635534
ANX091818A052,ANX,JRS_1,JRS,1,T,T-ANX091818A052,4,2,0.9114629949425896,1.395691037635534
ANX091818A052,ANX,JRS_1,JRS,1,T,T-ANX091818A052,4,3,1.1120269866381276,1.395691037635534
ANX091818A052,ANX,JRS_1,JRS,1,T,T-ANX091818A052,4,4,1.2747667812046912,1.395691037635534
ANX091818A052,ANX,LEL_1,LEL,1,T,T-ANX091818A052,4,1,0.58524269496613,1.29935428348854
ANX091818A052,ANX,LEL_1,LEL,1,T,T-ANX091818A052,4,2,0.7988303310552328,1.29935428348854
ANX091818A052,ANX,LEL_1,LEL,1,T,T-ANX091818A052,4,3,1.014309420380235,1.29935428348854
ANX091818A052,ANX,LEL_1,LEL,1,T,T-ANX091818A052,4,4,1.1714814532896372,1.29935428348854
ANX091818A052,ANX,LSR_1,LSR,1,T,T-ANX091818A052,4,1,0.34641569216452844,0.7073348753555382
ANX091818A052,ANX,LSR_1,LSR,1,T,T-ANX091818A052,4,2,0.4894705384656648,0.7073348753555382
ANX091818A052,ANX,LSR_1,LSR,1,T,T-ANX091818A052,4,3,0.5722193852045431,0.7073348753555382
ANX091818A052,ANX,LSR_1,LSR,1,T,T-ANX091818A052,4,4,0.6545098248521554,0.7073348753555382
ANX091818A052,ANX,MJS_1,MJS,1,T,T-ANX091818A052,4,1,0.9344092289896383,1.4520842002043732
ANX091818A052,ANX,MJS_1,MJS,1,T,T-ANX091818A052,4,2,1.1309230946103748,1.4520842002043732
ANX091818A052,ANX,MJS_1,MJS,1,T,T-ANX091818A052,4,3,1.3022387699252258,1.4520842002043732
ANX091818A052,ANX,MJS_1,MJS,1,T,T-ANX091818A052,4,4,1.4520842002043732,1.4520842002043732
ANX091818A052,ANX,NGA_1,NGA,1,T,T-ANX091818A052,4,1,0.6803052750455532,1.4898521571738683
ANX091818A052,ANX,NGA_1,NGA,1,T,T-ANX091818A052,4,2,0.9331938052459632,1.4898521571738683
ANX091818A052,ANX,NGA_1,NGA,1,T,T-ANX091818A052,4,3,1.1458786460305002,1.4898521571738683
ANX091818A052,ANX,NGA_1,NGA,1,T,T-ANX091818A052,4,4,1.2835209640719527,1.4898521571738683
ANX091818A053,ANX,JRS_1,JRS,1,T,T-ANX091818A053,4,1,0.5108574091131028,1.0795019412861395
ANX091818A053,ANX,JRS_1,JRS,1,T,T-ANX091818A053,4,2,0.7535096893917422,1.0795019412861395
ANX091818A053,ANX,JRS_1,JRS,1,T,T-ANX091818A053,4,3,0.9012495891536855,1.0795019412861395
ANX091818A053,ANX,JRS_1,JRS,1,T,T-ANX091818A053,4,4,0.9980210335280495,1.0795019412861395
ANX091818A053,ANX,LEL_1,LEL,1,T,T-ANX091818A053,5,1,0.07341622532427793,1.1746681766772895
ANX091818A053,ANX,LEL_1,LEL,1,T,T-ANX091818A053,5,2,0.16086059197223324,1.1746681766772895
ANX091818A053,ANX,LEL_1,LEL,1,T,T-ANX091818A053,5,3,0.3106170006446963,1.1746681766772895
ANX091818A053,ANX,LEL_1,LEL,1,T,T-ANX091818A053,5,4,0.5156713806798277,1.1746681766772895
ANX091818A053,ANX,LEL_1,LEL,1,T,T-ANX091818A053,5,5,0.6966395466485888,1.1746681766772895
ANX091818A053,ANX,MJS_1,MJS,1,T,T-ANX091818A053,5,1,0.6311940316406457,1.194123336213648
ANX091818A053,ANX,MJS_1,MJS,1,T,T-ANX091818A053,5,2,0.8495576800370531,1.194123336213648
ANX091818A053,ANX,MJS_1,MJS,1,T,T-ANX091818A053,5,3,1.0052547519432329,1.194123336213648
ANX091818A053,ANX,MJS_1,MJS,1,T,T-ANX091818A053,5,4,1.1136929386717829,1.194123336213648
ANX091818A053,ANX,MJS_1,MJS,1,T,T-ANX091818A053,5,5,1.194123336213648,1.194123336213648
ANX091818A053,ANX,NGA_1,NGA,1,T,T-ANX091818A053,4,1,0.6186154237791767,1.2026008995569266
ANX091818A053,ANX,NGA_1,NGA,1,T,T-ANX091818A053,4,2,0.8492320364769946,1.2026008995569266
ANX091818A053,ANX,NGA_1,NGA,1,T,T-ANX091818A053,4,3,1.0050396881117005,1.2026008995569266
ANX091818A053,ANX,NGA_1,NGA,1,T,T-ANX091818A053,4,4,1.1070617675147503,1.2026008995569266
ANX091818A054,ANX,JRS_1,JRS,1,T,T-ANX091818A054,1,1,0.43031297040240024,0.6119325632720249
ANX091818A054,ANX,LEL_1,LEL,1,T,T-ANX091818A054,1,1,0.5240178733492499,0.6829584603240695
ANX091818A054,ANX,LSR_1,LSR,1,T,T-ANX091818A054,2,1,0.33197339071479204,0.5612384375995387
ANX091818A054,ANX,LSR_1,LSR,1,T,T-ANX091818A054,2,2,0.428283394265054,0.5612384375995387
ANX091818A054,ANX,MJS_1,MJS,1,T,T-ANX091818A054,2,1,0.4607024934000264,0.6016183306002945
ANX091818A054,ANX,MJS_1,MJS,1,T,T-ANX091818A054,2,2,0.6016183306002945,0.6016183306002945
ANX091818A054,ANX,NGA_1,NGA,1,T,T-ANX091818A054,1,1,0.5766465749493849,0.781047172865249
ANX091818A055,ANX,JRS_1,JRS,1,T,T-ANX091818A055,0,NA,NA,0.4625961976655186
ANX091818A055,ANX,LEL_1,LEL,1,T,T-ANX091818A055,1,1,0.4348691408596885,0.5694158664328086
ANX091818A055,ANX,LSR_1,LSR,1,T,T-ANX091818A055,2,1,0.2843848088737073,0.40177668495598884
ANX091818A055,ANX,LSR_1,LSR,1,T,T-ANX091818A055,2,2,0.3462323235346787,0.40177668495598884
ANX091818A055,ANX,MJS_1,MJS,1,T,T-ANX091818A055,2,1,0.3655503856665589,0.5295601786118148
ANX091818A055,ANX,MJS_1,MJS,1,T,T-ANX091818A055,2,2,0.5295601786118148,0.5295601786118148
ANX091818A055,ANX,NGA_1,NGA,1,T,T-ANX091818A055,1,1,0.5459341134205176,0.7576654422946822
ANX091818A056,ANX,JRS_1,JRS,1,T,T-ANX091818A056,2,1,0.4187349325177033,0.6313986400277769
ANX091818A056,ANX,JRS_1,JRS,1,T,T-ANX091818A056,2,2,0.4187349325177033,0.6313986400277769
ANX091818A056,ANX,LEL_1,LEL,1,T,T-ANX091818A056,1,1,0.47560504683759663,0.6535547960465942
ANX091818A056,ANX,LSR_1,LSR,1,T,T-ANX091818A056,2,1,0.3428642983026653,0.46998807419651834
ANX091818A056,ANX,LSR_1,LSR,1,T,T-ANX091818A056,2,2,0.3905181944480999,0.46998807419651834
ANX091818A056,ANX,MJS_1,MJS,1,T,T-ANX091818A056,2,1,0.4950934178261579,0.7017285886003837
ANX091818A056,ANX,MJS_1,MJS,1,T,T-ANX091818A056,2,2,0.7017285886003837,0.7017285886003837
ANX091818A056,ANX,NGA_1,NGA,1,T,T-ANX091818A056,1,1,0.638316554118064,0.8559344079924168
ANX091818A057,ANX,JRS_1,JRS,1,T,T-ANX091818A057,2,1,0.4148423839579508,0.7174772750361382
ANX091818A057,ANX,JRS_1,JRS,1,T,T-ANX091818A057,2,2,0.5756637842655083,0.7174772750361382
ANX091818A057,ANX,LEL_1,LEL,1,T,T-ANX091818A057,2,1,0.42734107577599384,0.7679239000122835
ANX091818A057,ANX,LEL_1,LEL,1,T,T-ANX091818A057,2,2,0.6088606255364649,0.7679239000122835
ANX091818A057,ANX,LSR_1,LSR,1,T,T-ANX091818A057,3,1,0.31758200790419705,0.501967100410177
ANX091818A057,ANX,LSR_1,LSR,1,T,T-ANX091818A057,3,2,0.3986010154974463,0.501967100410177
ANX091818A057,ANX,LSR_1,LSR,1,T,T-ANX091818A057,3,3,0.4319653582086652,0.501967100410177
ANX091818A057,ANX,MJS_1,MJS,1,T,T-ANX091818A057,3,1,0.4726664940916304,0.7941001076495067
ANX091818A057,ANX,MJS_1,MJS,1,T,T-ANX091818A057,3,2,0.654340915390245,0.7941001076495067
ANX091818A057,ANX,MJS_1,MJS,1,T,T-ANX091818A057,3,3,0.7941001076495067,0.7941001076495067
ANX091818A057,ANX,NGA_1,NGA,1,T,T-ANX091818A057,2,1,0.6286710848287035,0.9301686550518414
ANX091818A057,ANX,NGA_1,NGA,1,T,T-ANX091818A057,2,2,0.784046733962986,0.9301686550518414
ANX091818A058,ANX,JRS_1,JRS,1,T,T-ANX091818A058,1,1,0.35466265389459617,0.5199882021038539
ANX091818A058,ANX,LEL_1,LEL,1,T,T-ANX091818A058,1,1,0.49286695126587377,0.6418687585935432
ANX091818A058,ANX,LSR_1,LSR,1,T,T-ANX091818A058,3,1,0.2989602482557914,0.5451331349683306
ANX091818A058,ANX,LSR_1,LSR,1,T,T-ANX091818A058,3,2,0.3951710827052481,0.5451331349683306
ANX091818A058,ANX,LSR_1,LSR,1,T,T-ANX091818A058,3,3,0.4839457410584036,0.5451331349683306
ANX091818A058,ANX,MJS_1,MJS,1,T,T-ANX091818A058,2,1,0.4002156209687211,0.565659568448637
ANX091818A058,ANX,MJS_1,MJS,1,T,T-ANX091818A058,2,2,0.565659568448637,0.565659568448637
ANX091818A058,ANX,NGA_1,NGA,1,T,T-ANX091818A058,1,1,0.5061677881266414,0.6963506579613603
ANX091818A059,ANX,JRS_1,JRS,1,T,T-ANX091818A059,2,1,0.3716299751578155,0.6733041986729902
ANX091818A059,ANX,JRS_1,JRS,1,T,T-ANX091818A059,2,2,0.5509886381747193,0.6733041986729902
ANX091818A059,ANX,LEL_1,LEL,1,T,T-ANX091818A059,2,1,0.44331678065876184,0.7216244937250625
ANX091818A059,ANX,LEL_1,LEL,1,T,T-ANX091818A059,2,2,0.5969835210108434,0.7216244937250625
ANX091818A059,ANX,LSR_1,LSR,1,T,T-ANX091818A059,3,1,0.37457244993604966,0.5317356275297024
ANX091818A059,ANX,LSR_1,LSR,1,T,T-ANX091818A059,3,2,0.4534564452318934,0.5317356275297024
ANX091818A059,ANX,LSR_1,LSR,1,T,T-ANX091818A059,3,3,0.513097726982609,0.5317356275297024
ANX091818A059,ANX,MJS_1,MJS,1,T,T-ANX091818A059,3,1,0.4378931064740158,0.7431926854141032
ANX091818A059,ANX,MJS_1,MJS,1,T,T-ANX091818A059,3,2,0.6103819380801649,0.7431926854141032
ANX091818A059,ANX,MJS_1,MJS,1,T,T-ANX091818A059,3,3,0.7431926854141032,0.7431926854141032
ANX091818A059,ANX,NGA_1,NGA,1,T,T-ANX091818A059,2,1,0.6547712574899757,0.9743510122787238
ANX091818A059,ANX,NGA_1,NGA,1,T,T-ANX091818A059,2,2,0.8439812271563495,0.9743510122787238
ANX091818A060,ANX,JRS_1,JRS,1,T,T-ANX091818A060,1,1,0.44110259992702994,0.6517118275277032
ANX091818A060,ANX,LEL_1,LEL,1,T,T-ANX091818A060,1,1,0.4890656373824578,0.6753596172378094
ANX091818A060,ANX,LSR_1,LSR,1,T,T-ANX091818A060,2,1,0.4054290643670413,0.5242785754289637
ANX091818A060,ANX,LSR_1,LSR,1,T,T-ANX091818A060,2,2,0.4610859917550383,0.5242785754289637
ANX091818A060,ANX,MJS_1,MJS,1,T,T-ANX091818A060,2,1,0.5681460380558269,0.7748160068803629
ANX091818A060,ANX,MJS_1,MJS,1,T,T-ANX091818A060,2,2,0.7748160068803629,0.7748160068803629
ANX091818A060,ANX,NGA_1,NGA,1,T,T-ANX091818A060,1,1,0.6175456768612222,0.8479249999786213
ANX091818A061,ANX,JRS_1,JRS,1,T,T-ANX091818A061,2,1,0.3537789060640786,0.6076566756481209
ANX091818A061,ANX,JRS_1,JRS,1,T,T-ANX091818A061,2,2,0.4985325748169381,0.6076566756481209
ANX091818A061,ANX,LEL_1,LEL,1,T,T-ANX091818A061,2,1,0.5220686015044884,0.7457610945105215
ANX091818A061,ANX,LEL_1,LEL,1,T,T-ANX091818A061,2,2,0.6465594882628538,0.7457610945105215
ANX091818A061,ANX,LSR_1,LSR,1,T,T-ANX091818A061,2,1,0.44404939948047556,0.6791967298337689
ANX091818A061,ANX,LSR_1,LSR,1,T,T-ANX091818A061,2,2,0.5849257935561121,0.6791967298337689
ANX091818A061,ANX,MJS_1,MJS,1,T,T-ANX091818A061,3,1,0.35184132429168896,0.583977151944524
ANX091818A061,ANX,MJS_1,MJS,1,T,T-ANX091818A061,3,2,0.4793724609955606,0.583977151944524
ANX091818A061,ANX,MJS_1,MJS,1,T,T-ANX091818A061,3,3,0.583977151944524,0.583977151944524
ANX091818A062,ANX,JRS_1,JRS,1,T,T-ANX091818A062,2,1,0.3955998957303986,0.7189347900483412
ANX091818A062,ANX,JRS_1,JRS,1,T,T-ANX091818A062,2,2,0.5818350473002194,0.7189347900483412
ANX091818A062,ANX,LEL_1,LEL,1,T,T-ANX091818A062,2,1,0.51759403770731,0.8514212239217671
ANX091818A062,ANX,LEL_1,LEL,1,T,T-ANX091818A062,2,2,0.7217818011195609,0.8514212239217671
ANX091818A062,ANX,LSR_1,LSR,1,T,T-ANX091818A062,3,1,0.4099709249725111,0.5736592619751097
ANX091818A062,ANX,LSR_1,LSR,1,T,T-ANX091818A062,3,2,0.4814246725668145,0.5736592619751097
ANX091818A062,ANX,LSR_1,LSR,1,T,T-ANX091818A062,3,3,0.5320685170358179,0.5736592619751097
ANX091818A062,ANX,MJS_1,MJS,1,T,T-ANX091818A062,3,1,0.5567212246778787,0.9029808265259672
ANX091818A062,ANX,MJS_1,MJS,1,T,T-ANX091818A062,3,2,0.7536219830922695,0.9029808265259672
ANX091818A062,ANX,MJS_1,MJS,1,T,T-ANX091818A062,3,3,0.9029808265259672,0.9029808265259672
ANX091818A062,ANX,NGA_1,NGA,1,T,T-ANX091818A062,2,1,0.6468865631517159,1.002830496706354
ANX091818A062,ANX,NGA_1,NGA,1,T,T-ANX091818A062,2,2,0.8651174738599745,1.002830496706354
ANX091818A063,ANX,JRS_1,JRS,1,T,T-ANX091818A063,1,1,0.5511821316105912,0.6853139150025795
ANX091818A063,ANX,LEL_1,LEL,1,T,T-ANX091818A063,0,NA,NA,0.853781449802834
ANX091818A063,ANX,LSR_1,LSR,1,T,T-ANX091818A063,3,1,0.3740786509395322,0.6044906080870267
ANX091818A063,ANX,LSR_1,LSR,1,T,T-ANX091818A063,3,2,0.4839460345230715,0.6044906080870267
ANX091818A063,ANX,LSR_1,LSR,1,T,T-ANX091818A063,3,3,0.5426352052268973,0.6044906080870267
ANX091818A063,ANX,MJS_1,MJS,1,T,T-ANX091818A063,2,1,0.7027606615107601,0.8391147833911179
ANX091818A063,ANX,MJS_1,MJS,1,T,T-ANX091818A063,2,2,0.8391147833911179,0.8391147833911179
ANX091818A063,ANX,NGA_1,NGA,1,T,T-ANX091818A063,1,1,0.668969431093291,0.8896309346704578
ANX091818A064,ANX,JRS_1,JRS,1,T,T-ANX091818A064,1,1,0.48308609938182384,0.6951106528116896
ANX091818A064,ANX,LEL_1,LEL,1,T,T-ANX091818A064,1,1,0.5156191947868501,0.7266394944568371
ANX091818A064,ANX,LSR_1,LSR,1,T,T-ANX091818A064,1,1,0.39195042899127863,0.4995921611321491
ANX091818A064,ANX,MJS_1,MJS,1,T,T-ANX091818A064,2,1,0.5061043597174804,0.715468500935155
ANX091818A064,ANX,MJS_1,MJS,1,T,T-ANX091818A064,2,2,0.715468500935155,0.715468500935155
ANX091818A064,ANX,NGA_1,NGA,1,T,T-ANX091818A064,1,1,0.5645788786009708,0.744250537484299
ANX091818A065,ANX,JRS_1,JRS,1,T,T-ANX091818A065,2,1,0.49706245187168485,0.8377971599890047
ANX091818A065,ANX,JRS_1,JRS,1,T,T-ANX091818A065,2,2,0.6925313834336401,0.8377971599890047
ANX091818A065,ANX,LEL_1,LEL,1,T,T-ANX091818A065,2,1,0.5981543614123304,0.92571661540307
ANX091818A065,ANX,LEL_1,LEL,1,T,T-ANX091818A065,2,2,0.8086434851680696,0.92571661540307
ANX091818A065,ANX,LSR_1,LSR,1,T,T-ANX091818A065,3,1,0.4666329487495263,0.7915717131538434
ANX091818A065,ANX,LSR_1,LSR,1,T,T-ANX091818A065,3,2,0.6127281095877971,0.7915717131538434
ANX091818A065,ANX,LSR_1,LSR,1,T,T-ANX091818A065,3,3,0.6869061369100521,0.7915717131538434
ANX091818A065,ANX,MJS_1,MJS,1,T,T-ANX091818A065,3,1,0.6176916844638609,0.9757197063745794
ANX091818A065,ANX,MJS_1,MJS,1,T,T-ANX091818A065,3,2,0.8404888487204567,0.9757197063745794
ANX091818A065,ANX,MJS_1,MJS,1,T,T-ANX091818A065,3,3,0.9757197063745794,0.9757197063745794
ANX091818A065,ANX,NGA_1,NGA,1,T,T-ANX091818A065,2,1,0.6090476707119904,0.9494162787095021
ANX091818A065,ANX,NGA_1,NGA,1,T,T-ANX091818A065,2,2,0.8124641554475381,0.9494162787095021
ANX091818A066,ANX,JRS_1,JRS,1,T,T-ANX091818A066,1,1,0.39745109966882347,0.5910311072614862
ANX091818A066,ANX,LEL_1,LEL,1,T,T-ANX091818A066,1,1,0.46288794494037167,0.6148492551480562
ANX091818A066,ANX,LSR_1,LSR,1,T,T-ANX091818A066,2,1,0.3595187691684467,0.4933952918575018
ANX091818A066,ANX,LSR_1,LSR,1,T,T-ANX091818A066,2,2,0.4167178200529668,0.4933952918575018
ANX091818A066,ANX,MJS_1,MJS,1,T,T-ANX091818A066,2,1,0.5131410950763259,0.6424993016263955
ANX091818A066,ANX,MJS_1,MJS,1,T,T-ANX091818A066,2,2,0.6424993016263955,0.6424993016263955
ANX091818A066,ANX,NGA_1,NGA,1,T,T-ANX091818A066,1,1,0.41918130316512875,0.5911868946389407
ANX091818A067,ANX,JRS_1,JRS,1,T,T-ANX091818A067,0,NA,NA,0.8037025215885683
ANX091818A067,ANX,LEL_1,LEL,1,T,T-ANX091818A067,2,1,0.6415734510137678,0.838838539518777
ANX091818A067,ANX,LEL_1,LEL,1,T,T-ANX091818A067,2,2,0.7415490439880964,0.838838539518777
ANX091818A067,ANX,LSR_1,LSR,1,T,T-ANX091818A067,2,1,0.49042480386318876,0.6732360845748124
ANX091818A067,ANX,LSR_1,LSR,1,T,T-ANX091818A067,2,2,0.6212858146661653,0.6732360845748124
ANX091818A067,ANX,MJS_1,MJS,1,T,T-ANX091818A067,3,1,0.5928813673562955,0.8406886240135496
ANX091818A067,ANX,MJS_1,MJS,1,T,T-ANX091818A067,3,2,0.7601660584070395,0.8406886240135496
ANX091818A067,ANX,MJS_1,MJS,1,T,T-ANX091818A067,3,3,0.8406886240135496,0.8406886240135496
ANX091818A067,ANX,NGA_1,NGA,1,T,T-ANX091818A067,2,1,0.6119183969272035,0.9916694073390053
ANX091818A067,ANX,NGA_1,NGA,1,T,T-ANX091818A067,2,2,0.83455522434418306,0.9916694073390053
ANX091818A068,ANX,JRS_1,JRS,1,T,T-ANX091818A068,1,1,0.393105256563902,0.5703365745886353
ANX091818A068,ANX,LEL_1,LEL,1,T,T-ANX091818A068,1,1,0.46082877327715727,0.611905066083261
ANX091818A068,ANX,LSR_1,LSR,1,T,T-ANX091818A068,1,1,0.3319687027618514,0.44893854872724187
ANX091818A068,ANX,MJS_1,MJS,1,T,T-ANX091818A068,2,1,0.4911911131472583,0.6629337956012299
ANX091818A068,ANX,MJS_1,MJS,1,T,T-ANX091818A068,2,2,0.6629337956012299,0.6629337956012299
ANX091818A068,ANX,NGA_1,NGA,1,T,T-ANX091818A068,1,1,0.546486494898959,0.7395073984366722
ANX091818A069,ANX,JRS_1,JRS,1,T,T-ANX091818A069,1,1,0.3248910817980601,0.503550502790119
ANX091818A069,ANX,LEL_1,LEL,1,T,T-ANX091818A069,1,1,0.38424351679353397,0.5878406333175581
ANX091818A069,ANX,LSR_1,LSR,1,T,T-ANX091818A069,2,1,0.3316883453699183,0.44491370513539047
ANX091818A069,ANX,LSR_1,LSR,1,T,T-ANX091818A069,2,2,0.3969172013710561,0.44491370513539047
ANX091818A069,ANX,MJS_1,MJS,1,T,T-ANX091818A069,2,1,0.4939059057986949,0.6906229516221324
ANX091818A069,ANX,MJS_1,MJS,1,T,T-ANX091818A069,2,2,0.6906229516221324,0.6906229516221324
ANX091818A069,ANX,NGA_1,NGA,1,T,T-ANX091818A069,1,1,0.6956197411289746,0.9467232540460166
ANX091818A070,ANX,JRS_1,JRS,1,T,T-ANX091818A070,1,1,0.4148526042595915,0.5661930944284832
ANX091818A070,ANX,LEL_1,LEL,1,T,T-ANX091818A070,1,1,0.5658926322206015,0.7032693731195703
ANX091818A070,ANX,LSR_1,LSR,1,T,T-ANX091818A070,2,1,0.2688277229431549,0.5002922959397823
ANX091818A070,ANX,LSR_1,LSR,1,T,T-ANX091818A070,2,2,0.38513544140883726,0.5002922959397823
ANX091818A070,ANX,MJS_1,MJS,1,T,T-ANX091818A070,2,1,0.3523691211085266,0.5746540439531188
ANX091818A070,ANX,MJS_1,MJS,1,T,T-ANX091818A070,2,2,0.5746540439531188,0.5746540439531188
ANX091818A070,ANX,NGA_1,NGA,1,T,T-ANX091818A070,1,1,0.5000935343532652,0.6702061284443497
ANX091818A071,ANX,JRS_1,JRS,1,T,T-ANX091818A071,1,1,0.35813879855574526,0.4866414132682335
ANX091818A071,ANX,LEL_1,LEL,1,T,T-ANX091818A071,1,1,0.5046027495991255,0.6529551970907244
ANX091818A071,ANX,LSR_1,LSR,1,T,T-ANX091818A071,3,1,0.343453326268995,0.5266651380900923
ANX091818A071,ANX,LSR_1,LSR,1,T,T-ANX091818A071,3,2,0.4190716087485527,0.5266651380900923
ANX091818A071,ANX,LSR_1,LSR,1,T,T-ANX091818A071,3,3,0.4726142654972403,0.5266651380900923
ANX091818A071,ANX,MJS_1,MJS,1,T,T-ANX091818A071,2,1,0.47993695754811716,0.6683820666812654
ANX091818A071,ANX,MJS_1,MJS,1,T,T-ANX091818A071,2,2,0.6683820666812654,0.6683820666812654
ANX091818A071,ANX,NGA_1,NGA,1,T,T-ANX091818A071,1,1,0.5424235702288884,0.6961344864872638
ANX091818A072,ANX,JRS_1,JRS,1,T,T-ANX091818A072,1,1,0.4977926105492809,0.7353984032822521
ANX091818A072,ANX,LEL_1,LEL,1,T,T-ANX091818A072,1,1,0.4532078782740663,0.667843393263806
ANX091818A072,ANX,LSR_1,LSR,1,T,T-ANX091818A072,2,1,0.2731488731179361,0.5065256703573676
ANX091818A072,ANX,LSR_1,LSR,1,T,T-ANX091818A072,2,2,0.3545185521115866,0.5065256703573676
ANX091818A072,ANX,MJS_1,MJS,1,T,T-ANX091818A072,2,1,0.5478048100829003,0.794162975760673
ANX091818A072,ANX,MJS_1,MJS,1,T,T-ANX091818A072,2,2,0.794162975760673,0.794162975760673
ANX091818A072,ANX,NGA_1,NGA,1,T,T-ANX091818A072,1,1,0.6106633944168328,0.8585355290084766
ANX091818A073,ANX,JRS_1,JRS,1,T,T-ANX091818A073,2,1,0.3427346161955656,0.6250592672767428
ANX091818A073,ANX,JRS_1,JRS,1,T,T-ANX091818A073,2,2,0.5042393370479679,0.6250592672767428
ANX091818A073,ANX,LEL_1,LEL,1,T,T-ANX091818A073,2,1,0.4101036985850289,0.6810147871164446
ANX091818A073,ANX,LEL_1,LEL,1,T,T-ANX091818A073,2,2,0.6077629634357851,0.6810147871164446
ANX091818A073,ANX,LSR_1,LSR,1,T,T-ANX091818A073,2,1,0.24049788580704612,0.46758943002470177
ANX091818A073,ANX,LSR_1,LSR,1,T,T-ANX091818A073,2,2,0.35656477340551646,0.46758943002470177
ANX091818A073,ANX,MJS_1,MJS,1,T,T-ANX091818A073,3,1,0.39366399623173803,0.6786817332342018
ANX091818A073,ANX,MJS_1,MJS,1,T,T-ANX091818A073,3,2,0.5516691745604736,0.6786817332342018
ANX091818A073,ANX,MJS_1,MJS,1,T,T-ANX091818A073,3,3,0.6786817332342018,0.6786817332342018
ANX091818A073,ANX,NGA_1,NGA,1,T,T-ANX091818A073,2,1,0.5756273707725901,0.8675069167409378
ANX091818A073,ANX,NGA_1,NGA,1,T,T-ANX091818A073,2,2,0.7428510146382217,0.8675069167409378
ANX091818A074,ANX,JRS_1,JRS,1,T,T-ANX091818A074,1,1,0.490632828184586,0.7003409592861942
ANX091818A074,ANX,LEL_1,LEL,1,T,T-ANX091818A074,1,1,0.580234737644804,0.7429855654968128
ANX091818A074,ANX,LSR_1,LSR,1,T,T-ANX091818A074,3,1,0.250768087856827,0.4907904828725511
ANX091818A074,ANX,LSR_1,LSR,1,T,T-ANX091818A074,3,2,0.3574846634146238,0.4907904828725511
ANX091818A074,ANX,LSR_1,LSR,1,T,T-ANX091818A074,3,3,0.44095415938113963,0.4907904828725511
ANX091818A074,ANX,MJS_1,MJS,1,T,T-ANX091818A074,2,1,0.48876538405468944,0.7019314395314958
ANX091818A074,ANX,MJS_1,MJS,1,T,T-ANX091818A074,2,2,0.7019314395314958,0.7019314395314958
ANX091818A074,ANX,NGA_1,NGA,1,T,T-ANX091818A074,1,1,0.6255579677455477,0.8084524325834692
ANX091818A076,ANX,JRS_1,JRS,1,T,T-ANX091818A076,1,1,0.4159170057696912,0.5795232590467978
ANX091818A076,ANX,LEL_1,LEL,1,T,T-ANX091818A076,1,1,0.47912135296366604,0.6258659563304125
ANX091818A076,ANX,LSR_1,LSR,1,T,T-ANX091818A076,3,1,0.2583186696079472,0.4085202012835084
ANX091818A076,ANX,LSR_1,LSR,1,T,T-ANX091818A076,3,2,0.31887267458998414,0.4085202012835084
ANX091818A076,ANX,LSR_1,LSR,1,T,T-ANX091818A076,3,3,0.3718551442373369,0.4085202012835084
ANX091818A076,ANX,MJS_1,MJS,1,T,T-ANX091818A076,2,1,0.46724620322005944,0.6570726452545443
ANX091818A076,ANX,MJS_1,MJS,1,T,T-ANX091818A076,2,2,0.6570726452545443,0.6570726452545443
ANX091818A076,ANX,NGA_1,NGA,1,T,T-ANX091818A076,1,1,0.5314905024221637,0.7292754828470798
ANX091818A077,ANX,JRS_1,JRS,1,T,T-ANX091818A077,0,NA,NA,0.29629255849534064
ANX091818A077,ANX,LEL_1,LEL,1,T,T-ANX091818A077,0,NA,NA,0.5176712409110951
ANX091818A077,ANX,LSR_1,LSR,1,T,T-ANX091818A077,2,1,0.1920511643455302,0.3115147189433321
ANX091818A077,ANX,LSR_1,LSR,1,T,T-ANX091818A077,2,2,0.25537884059639376,0.3115147189433321
ANX091818A077,ANX,MJS_1,MJS,1,T,T-ANX091818A077,2,1,0.3556243557722483,0.4878998018259402
ANX091818A077,ANX,MJS_1,MJS,1,T,T-ANX091818A077,2,2,0.4878998018259402,0.4878998018259402
ANX091818A078,ANX,JRS_1,JRS,1,T,T-ANX091818A078,1,1,0.2986431862489928,0.485010188650439
ANX091818A078,ANX,LEL_1,LEL,1,T,T-ANX091818A078,1,1,0.5446569840449882,0.6917650024774293
ANX091818A078,ANX,LSR_1,LSR,1,T,T-ANX091818A078,3,1,0.2669989881851816,0.533997976370364
ANX091818A078,ANX,LSR_1,LSR,1,T,T-ANX091818A078,3,2,0.3337203672981813,0.533997976370364
ANX091818A078,ANX,LSR_1,LSR,1,T,T-ANX091818A078,3,3,0.4354346832065768,0.533997976370364
ANX091818A078,ANX,MJS_1,MJS,1,T,T-ANX091818A078,2,1,0.31576320843750555,0.47405593298202386
ANX091818A078,ANX,MJS_1,MJS,1,T,T-ANX091818A078,2,2,0.47405593298202386,0.47405593298202386
ANX091818A078,ANX,NGA_1,NGA,1,T,T-ANX091818A078,1,1,0.5407981158056914,0.6479338918507908
ANX091818A079,ANX,JRS_1,JRS,1,T,T-ANX091818A079,1,1,0.23061219030278246,0.3404611554439789
ANX091818A079,ANX,LEL_1,LEL,1,T,T-ANX091818A079,0,NA,NA,0.6266808335952844
ANX091818A079,ANX,LSR_1,LSR,1,T,T-ANX091818A079,2,1,0.2731382405264923,0.4242772934888623
ANX091818A079,ANX,LSR_1,LSR,1,T,T-ANX091818A079,2,2,0.3294980680390675,0.4242772934888623
ANX091818A079,ANX,MJS_1,MJS,1,T,T-ANX091818A079,2,1,0.541139742134085,0.7199724067415222
ANX091818A079,ANX,MJS_1,MJS,1,T,T-ANX091818A079,2,2,0.7199724067415222,0.7199724067415222
ANX091818A079,ANX,NGA_1,NGA,1,T,T-ANX091818A079,1,1,0.6509246491690883,0.8282077270332273
ANX091818A080,ANX,JRS_1,JRS,1,T,T-ANX091818A080,2,1,0.3349268639611261,0.6207520262345156
ANX091818A080,ANX,JRS_1,JRS,1,T,T-ANX091818A080,2,2,0.4899591996707212,0.6207520262345156
ANX091818A080,ANX,LEL_1,LEL,1,T,T-ANX091818A080,2,1,0.4600062229440981,0.7541372544907787
ANX091818A080,ANX,LEL_1,LEL,1,T,T-ANX091818A080,2,2,0.6249520374658757,0.7541372544907787
ANX091818A080,ANX,LSR_1,LSR,1,T,T-ANX091818A080,2,1,0.3541746537800618,0.5456022088339727
ANX091818A080,ANX,LSR_1,LSR,1,T,T-ANX091818A080,2,2,0.4594646200497594,0.5456022088339727
ANX091818A080,ANX,MJS_1,MJS,1,T,T-ANX091818A080,3,1,0.39170854736251004,0.6707186139822415
ANX091818A080,ANX,MJS_1,MJS,1,T,T-ANX091818A080,3,2,0.5475607613451657,0.6707186139822415
ANX091818A080,ANX,MJS_1,MJS,1,T,T-ANX091818A080,3,3,0.6707186139822415,0.6707186139822415
ANX091818A080,ANX,NGA_1,NGA,1,T,T-ANX091818A080,2,1,0.43898612825859096,0.7178079514846127
ANX091818A080,ANX,NGA_1,NGA,1,T,T-ANX091818A080,2,2,0.5966876500097467,0.7178079514846127
ANX091818A081,ANX,JRS_1,JRS,1,T,T-ANX091818A081,1,1,0.4325498374618733,0.6164822477573189
ANX091818A081,ANX,LEL_1,LEL,1,T,T-ANX091818A081,1,1,0.49102731928293264,0.6357259043364996
ANX091818A081,ANX,LSR_1,LSR,1,T,T-ANX091818A081,6,1,0.26117766675923637,0.4440020334907019
ANX091818A081,ANX,LSR_1,LSR,1,T,T-ANX091818A081,6,2,0.26117766675923637,0.4440020334907019
ANX091818A081,ANX,LSR_1,LSR,1,T,T-ANX091818A081,6,3,0.3693798429880628,0.4440020334907019
ANX091818A081,ANX,LSR_1,LSR,1,T,T-ANX091818A081,6,4,0.3693798429880628,0.4440020334907019
ANX091818A081,ANX,LSR_1,LSR,1,T,T-ANX091818A081,6,5,0.41042204776451435,0.4440020334907019
ANX091818A081,ANX,LSR_1,LSR,1,T,T-ANX091818A081,6,6,0.41042204776451435,0.4440020334907019
ANX091818A081,ANX,MJS_1,MJS,1,T,T-ANX091818A081,2,1,0.5301293506381621,0.7031596681457205
ANX091818A081,ANX,MJS_1,MJS,1,T,T-ANX091818A081,2,2,0.7031596681457205,0.7031596681457205
ANX091818A081,ANX,NGA_1,NGA,1,T,T-ANX091818A081,1,1,0.6040741961027032,0.7796976130811302
ANX091818A082,ANX,JRS_1,JRS,1,T,T-ANX091818A082,3,1,0.4956189442147469,1.006489024055089
ANX091818A082,ANX,JRS_1,JRS,1,T,T-ANX091818A082,3,2,0.7285051200089852,1.006489024055089
ANX091818A082,ANX,JRS_1,JRS,1,T,T-ANX091818A082,3,3,0.8857912963001675,1.006489024055089
ANX091818A082,ANX,LEL_1,LEL,1,T,T-ANX091818A082,3,1,0.6382509547317594,1.0989763256675156
ANX091818A082,ANX,LEL_1,LEL,1,T,T-ANX091818A082,3,2,0.8320744917680848,1.0989763256675156
ANX091818A082,ANX,LEL_1,LEL,1,T,T-ANX091818A082,3,3,0.9795160085550199,1.0989763256675156
ANX091818A082,ANX,LSR_1,LSR,1,T,T-ANX091818A082,3,1,0.32531045134316944,0.5840237668990557
ANX091818A082,ANX,LSR_1,LSR,1,T,T-ANX091818A082,3,2,0.45543463188043676,0.5840237668990557
ANX091818A082,ANX,LSR_1,LSR,1,T,T-ANX091818A082,3,3,0.538518970577296,0.5840237668990557
ANX091818A082,ANX,MJS_1,MJS,1,T,T-ANX091818A082,4,1,0.6277332661021329,1.154167072068004
ANX091818A082,ANX,MJS_1,MJS,1,T,T-ANX091818A082,4,2,0.8705154932710566,1.154167072068004
ANX091818A082,ANX,MJS_1,MJS,1,T,T-ANX091818A082,4,3,1.0258500590902682,1.154167072068004
ANX091818A082,ANX,MJS_1,MJS,1,T,T-ANX091818A082,4,4,1.154167072068004,1.154167072068004
ANX091818A082,ANX,NGA_1,NGA,1,T,T-ANX091818A082,3,1,0.6379245105165459,1.1638489780058017
ANX091818A082,ANX,NGA_1,NGA,1,T,T-ANX091818A082,3,2,0.8809085101551424,1.1638489780058017
ANX091818A082,ANX,NGA_1,NGA,1,T,T-ANX091818A082,3,3,1.0398558729371783,1.1638489780058017
ANX091818A083,ANX,JRS_1,JRS,1,T,T-ANX091818A083,4,1,0.43324267490598506,1.0348728110767669
ANX091818A083,ANX,JRS_1,JRS,1,T,T-ANX091818A083,4,2,0.6232922699160813,1.0348728110767669
ANX091818A083,ANX,JRS_1,JRS,1,T,T-ANX091818A083,4,3,0.7940221078099595,1.0348728110767669
ANX091818A083,ANX,JRS_1,JRS,1,T,T-ANX091818A083,4,4,0.9212028227738047,1.0348728110767669
ANX091818A083,ANX,LEL_1,LEL,1,T,T-ANX091818A083,3,1,0.7418068173405492,1.1725186434315764
ANX091818A083,ANX,LEL_1,LEL,1,T,T-ANX091818A083,3,2,0.9380149147452612,1.1725186434315764
ANX091818A083,ANX,LEL_1,LEL,1,T,T-ANX091818A083,3,3,1.0679382001543138,1.1725186434315764
ANX091818A083,ANX,LSR_1,LSR,1,T,T-ANX091818A083,4,1,0.30501996848494217,0.6687807297330229
ANX091818A083,ANX,LSR_1,LSR,1,T,T-ANX091818A083,4,2,0.41674061804442825,0.6687807297330229
ANX091818A083,ANX,LSR_1,LSR,1,T,T-ANX091818A083,4,3,0.5519301357405819,0.6687807297330229
ANX091818A083,ANX,LSR_1,LSR,1,T,T-ANX091818A083,4,4,0.6349833503089851,0.6687807297330229
ANX091818A083,ANX,MJS_1,MJS,1,T,T-ANX091818A083,5,1,0.5146411072135193,1.110643243263542
ANX091818A083,ANX,MJS_1,MJS,1,T,T-ANX091818A083,5,2,0.6636709779874341,1.110643243263542
ANX091818A083,ANX,MJS_1,MJS,1,T,T-ANX091818A083,5,3,0.8722189194344057,1.110643243263542
ANX091818A083,ANX,MJS_1,MJS,1,T,T-ANX091818A083,5,4,0.9805829441707732,1.110643243263542
ANX091818A083,ANX,MJS_1,MJS,1,T,T-ANX091818A083,5,5,1.110643243263542,1.110643243263542
ANX091818A083,ANX,NGA_1,NGA,1,T,T-ANX091818A083,3,1,0.7206340126666767,1.1470564111455597
ANX091818A083,ANX,NGA_1,NGA,1,T,T-ANX091818A083,3,2,0.9007014482481643,1.1470564111455597
ANX091818A083,ANX,NGA_1,NGA,1,T,T-ANX091818A083,3,3,1.0248691385185822,1.1470564111455597
ANX091818A084,ANX,JRS_1,JRS,1,T,T-ANX091818A084,2,1,0.34019567414931984,0.6407019504112441
ANX091818A084,ANX,JRS_1,JRS,1,T,T-ANX091818A084,2,2,0.5027343218408482,0.6407019504112441
ANX091818A084,ANX,LEL_1,LEL,1,T,T-ANX091818A084,2,1,0.6037994830899623,0.8413414599492792
ANX091818A084,ANX,LEL_1,LEL,1,T,T-ANX091818A084,2,2,0.7209054874815566,0.8413414599492792
ANX091818A084,ANX,LSR_1,LSR,1,T,T-ANX091818A084,2,1,0.4306218448561223,0.6472275424258117
ANX091818A084,ANX,LSR_1,LSR,1,T,T-ANX091818A084,2,2,0.5521415837102844,0.6472275424258117
ANX091818A084,ANX,MJS_1,MJS,1,T,T-ANX091818A084,3,1,0.38752639579852266,0.7117201740994418
ANX091818A084,ANX,MJS_1,MJS,1,T,T-ANX091818A084,3,2,0.5692757923899525,0.7117201740994418
ANX091818A084,ANX,MJS_1,MJS,1,T,T-ANX091818A084,3,3,0.7117201740994418,0.7117201740994418
ANX091818A084,ANX,NGA_1,NGA,1,T,T-ANX091818A084,2,1,0.4977666169165467,0.7868557419275336
ANX091818A084,ANX,NGA_1,NGA,1,T,T-ANX091818A084,2,2,0.6530196386971455,0.7868557419275336
ANX091818A085,ANX,JRS_1,JRS,1,T,T-ANX091818A085,3,1,0.47144737021974553,0.9424888562875054
ANX091818A085,ANX,JRS_1,JRS,1,T,T-ANX091818A085,3,2,0.7331370847018341,0.9424888562875054
ANX091818A085,ANX,JRS_1,JRS,1,T,T-ANX091818A085,3,3,0.8412190713054696,0.9424888562875054
ANX091818A085,ANX,LEL_1,LEL,1,T,T-ANX091818A085,3,1,0.4194322750828239,0.8474185959631192
ANX091818A085,ANX,LEL_1,LEL,1,T,T-ANX091818A085,3,2,0.640749573390692,0.8474185959631192
ANX091818A085,ANX,LEL_1,LEL,1,T,T-ANX091818A085,3,3,0.7576001797830735,0.8474185959631192
ANX091818A085,ANX,LSR_1,LSR,1,T,T-ANX091818A085,2,1,0.4431054281869909,0.5449239099279509
ANX091818A085,ANX,LSR_1,LSR,1,T,T-ANX091818A085,2,2,0.49568733563960254,0.5449239099279509
ANX091818A085,ANX,MJS_1,MJS,1,T,T-ANX091818A085,4,1,0.5866439470301896,1.074092739703653
ANX091818A085,ANX,MJS_1,MJS,1,T,T-ANX091818A085,4,2,0.8392742896396715,1.074092739703653
ANX091818A085,ANX,MJS_1,MJS,1,T,T-ANX091818A085,4,3,0.9813788573575051,1.074092739703653
ANX091818A085,ANX,MJS_1,MJS,1,T,T-ANX091818A085,4,4,1.074092739703653,1.074092739703653
ANX091818A085,ANX,NGA_1,NGA,1,T,T-ANX091818A085,3,1,0.6292624059953804,1.1166731046930274
ANX091818A085,ANX,NGA_1,NGA,1,T,T-ANX091818A085,3,2,0.8758485765991589,1.1166731046930274
ANX091818A085,ANX,NGA_1,NGA,1,T,T-ANX091818A085,3,3,1.004782756305129,1.1166731046930274
ANX091818A087,ANX,JRS_1,JRS,1,T,T-ANX091818A087,2,1,0.5085672946524467,0.8575491022199053
ANX091818A087,ANX,JRS_1,JRS,1,T,T-ANX091818A087,2,2,0.7245721135527787,0.8575491022199053
ANX091818A087,ANX,LEL_1,LEL,1,T,T-ANX091818A087,2,1,0.5221715275062696,0.8652114163467824
ANX091818A087,ANX,LEL_1,LEL,1,T,T-ANX091818A087,2,2,0.7631832080336892,0.8652114163467824
ANX091818A087,ANX,LSR_1,LSR,1,T,T-ANX091818A087,3,1,0.260273472278462,0.5954813021450096
ANX091818A087,ANX,LSR_1,LSR,1,T,T-ANX091818A087,3,2,0.39498041277466156,0.5954813021450096
ANX091818A087,ANX,LSR_1,LSR,1,T,T-ANX091818A087,3,3,0.5242464519484542,0.5954813021450096
ANX091818A087,ANX,MJS_1,MJS,1,T,T-ANX091818A087,3,1,0.559305074749924,0.909607868600748
ANX091818A087,ANX,MJS_1,MJS,1,T,T-ANX091818A087,3,2,0.7647991727157807,0.909607868600748
ANX091818A087,ANX,MJS_1,MJS,1,T,T-ANX091818A087,3,3,0.909607868600748,0.909607868600748
ANX091818A087,ANX,NGA_1,NGA,1,T,T-ANX091818A087,2,1,0.5309107154736956,0.8672964245810246
ANX091818A087,ANX,NGA_1,NGA,1,T,T-ANX091818A087,2,2,0.7242379876167273,0.8672964245810246
ANX091818A088,ANX,JRS_1,JRS,1,T,T-ANX091818A088,1,1,0.3304308195012425,0.46501103819039835
ANX091818A088,ANX,LEL_1,LEL,1,T,T-ANX091818A088,1,1,0.4622349984763066,0.5969797210530602
ANX091818A088,ANX,LSR_1,LSR,1,T,T-ANX091818A088,2,1,0.26347235375443434,0.5326904699643227
ANX091818A088,ANX,LSR_1,LSR,1,T,T-ANX091818A088,2,2,0.37856884174744315,0.5326904699643227
ANX091818A088,ANX,MJS_1,MJS,1,T,T-ANX091818A088,2,1,0.38678824221671504,0.54570979544498
ANX091818A088,ANX,MJS_1,MJS,1,T,T-ANX091818A088,2,2,0.54570979544498,0.54570979544498
ANX091818A088,ANX,NGA_1,NGA,1,T,T-ANX091818A088,1,1,0.40123971191697483,0.557557642386846
ANX091818A089,ANX,JRS_1,JRS,1,T,T-ANX091818A089,2,1,0.45417899148088386,0.8062637586265594
ANX091818A089,ANX,JRS_1,JRS,1,T,T-ANX091818A089,2,2,0.6154118339669175,0.8062637586265594
ANX091818A089,ANX,LEL_1,LEL,1,T,T-ANX091818A089,2,1,0.57022958233258,0.8933797369865011
ANX091818A089,ANX,LEL_1,LEL,1,T,T-ANX091818A089,2,2,0.7568392321875382,0.8933797369865011
ANX091818A089,ANX,LSR_1,LSR,1,T,T-ANX091818A089,2,1,0.5665842975479765,0.8637924956090731
ANX091818A089,ANX,LSR_1,LSR,1,T,T-ANX091818A089,2,2,0.728581671946805,0.8637924956090731
ANX091818A089,ANX,MJS_1,MJS,1,T,T-ANX091818A089,3,1,0.7540417430395339,1.0935685470514334
ANX091818A089,ANX,MJS_1,MJS,1,T,T-ANX091818A089,3,2,0.9271463378004199,1.0935685470514334
ANX091818A089,ANX,MJS_1,MJS,1,T,T-ANX091818A089,3,3,1.0935685470514334,1.0935685470514334
ANX091818A089,ANX,NGA_1,NGA,1,T,T-ANX091818A089,2,1,0.8348394492576175,1.2023422810350701
ANX091818A089,ANX,NGA_1,NGA,1,T,T-ANX091818A089,2,2,1.0479620572719015,1.2023422810350701
ANX091818A090,ANX,JRS_1,JRS,1,T,T-ANX091818A090,1,1,0.48505033764649924,0.7468562910723318
ANX091818A090,ANX,LEL_1,LEL,1,T,T-ANX091818A090,1,1,0.5177346546568333,0.7056511936145373
ANX091818A090,ANX,LSR_1,LSR,1,T,T-ANX091818A090,2,1,0.3218964745758447,0.46642825251254905
ANX091818A090,ANX,LSR_1,LSR,1,T,T-ANX091818A090,2,2,0.3986583718240161,0.46642825251254905
ANX091818A090,ANX,MJS_1,MJS,1,T,T-ANX091818A090,2,1,0.5635898919369444,0.7912583804058811
ANX091818A090,ANX,MJS_1,MJS,1,T,T-ANX091818A090,2,2,0.7912583804058811,0.7912583804058811
ANX091818A090,ANX,NGA_1,NGA,1,T,T-ANX091818A090,1,1,0.6003894188971818,0.8316213178019674
ANX091818A091,ANX,JRS_1,JRS,1,T,T-ANX091818A091,2,1,0.525834351178849,0.8599240479043744
ANX091818A091,ANX,JRS_1,JRS,1,T,T-ANX091818A091,2,2,0.7097853323587862,0.8599240479043744
ANX091818A091,ANX,LEL_1,LEL,1,T,T-ANX091818A091,2,1,0.5154454960362829,0.8309717878665213
ANX091818A091,ANX,LEL_1,LEL,1,T,T-ANX091818A091,2,2,0.6981714269247578,0.8309717878665213
ANX091818A091,ANX,LSR_1,LSR,1,T,T-ANX091818A091,2,1,0.37331786414672646,0.5389225500052142
ANX091818A091,ANX,LSR_1,LSR,1,T,T-ANX091818A091,2,2,0.47315624530996525,0.5389225500052142
ANX091818A091,ANX,MJS_1,MJS,1,T,T-ANX091818A091,3,1,0.5911294635473396,0.9374762456618727
ANX091818A091,ANX,MJS_1,MJS,1,T,T-ANX091818A091,3,2,0.7928326290603608,0.9374762456618727
ANX091818A091,ANX,MJS_1,MJS,1,T,T-ANX091818A091,3,3,0.9374762456618727,0.9374762456618727
ANX091818A092,ANX,JRS_1,JRS,1,T,T-ANX091818A092,2,1,0.416850396074566,0.7846224953966172
ANX091818A092,ANX,JRS_1,JRS,1,T,T-ANX091818A092,2,2,0.6306587101239489,0.7846224953966172
ANX091818A092,ANX,LEL_1,LEL,1,T,T-ANX091818A092,2,1,0.5234590831743078,0.854388009781259
ANX091818A092,ANX,LEL_1,LEL,1,T,T-ANX091818A092,2,2,0.7369860560759732,0.854388009781259
ANX091818A092,ANX,LSR_1,LSR,1,T,T-ANX091818A092,3,1,0.2925506257202836,0.5228443581822574
ANX091818A092,ANX,LSR_1,LSR,1,T,T-ANX091818A092,3,2,0.39490413928679907,0.5228443581822574
ANX091818A092,ANX,LSR_1,LSR,1,T,T-ANX091818A092,3,3,0.4688122410833023,0.5228443581822574
ANX091818A092,ANX,MJS_1,MJS,1,T,T-ANX091818A092,3,1,0.43216698429886785,0.8028347432580434
ANX091818A092,ANX,MJS_1,MJS,1,T,T-ANX091818A092,3,2,0.6455574087902405,0.8028347432580434
ANX091818A092,ANX,MJS_1,MJS,1,T,T-ANX091818A092,3,3,0.8028347432580434,0.8028347432580434
ANX091818A092,ANX,NGA_1,NGA,1,T,T-ANX091818A092,2,1,0.537496359291809,0.8776311614927714
ANX091818A092,ANX,NGA_1,NGA,1,T,T-ANX091818A092,2,2,0.744280832356853,0.8776311614927714
ANX091818A093,ANX,JRS_1,JRS,1,T,T-ANX091818A093,0,NA,NA,0.6483641228301736
ANX091818A093,ANX,LEL_1,LEL,1,T,T-ANX091818A093,1,1,0.45082380754794116,0.6452654994964647
ANX091818A093,ANX,LSR_1,LSR,1,T,T-ANX091818A093,2,1,0.37297888508496047,0.5952136077212027
ANX091818A093,ANX,LSR_1,LSR,1,T,T-ANX091818A093,2,2,0.4359830288237681,0.5952136077212027
ANX091818A093,ANX,MJS_1,MJS,1,T,T-ANX091818A093,2,1,0.4856420959046558,0.6779737396689444
ANX091818A093,ANX,MJS_1,MJS,1,T,T-ANX091818A093,2,2,0.6779737396689444,0.6779737396689444
ANX091818A093,ANX,NGA_1,NGA,1,T,T-ANX091818A093,1,1,0.5808475047766274,0.7720358640347582
ANX091818A094,ANX,JRS_1,JRS,1,T,T-ANX091818A094,1,1,0.4703435962537794,0.6532329546696974
ANX091818A094,ANX,LEL_1,LEL,1,T,T-ANX091818A094,1,1,0.5256479356505755,0.6805357212082427
ANX091818A094,ANX,LSR_1,LSR,1,T,T-ANX091818A094,2,1,0.2943414597329505,0.5012980229593349
ANX091818A094,ANX,LSR_1,LSR,1,T,T-ANX091818A094,2,2,0.392940751291193,0.5012980229593349
ANX091818A094,ANX,MJS_1,MJS,1,T,T-ANX091818A094,2,1,0.564684719530602,0.7593695639242851
ANX091818A094,ANX,MJS_1,MJS,1,T,T-ANX091818A094,2,2,0.7593695639242851,0.7593695639242851
ANX091818A094,ANX,NGA_1,NGA,1,T,T-ANX091818A094,1,1,0.6466979085998599,0.8208802964691853
ANX091818A095,ANX,JRS_1,JRS,1,T,T-ANX091818A095,3,1,0.3007077482666848,0.7137365246130084
ANX091818A095,ANX,JRS_1,JRS,1,T,T-ANX091818A095,3,2,0.4667990323073564,0.7137365246130084
ANX091818A095,ANX,JRS_1,JRS,1,T,T-ANX091818A095,3,3,0.5876365129591604,0.7137365246130084
ANX091818A095,ANX,LEL_1,LEL,1,T,T-ANX091818A095,3,1,0.8740847239335039,1.2229215970461487
ANX091818A095,ANX,LEL_1,LEL,1,T,T-ANX091818A095,3,2,1.0458051842064877,1.2229215970461487
ANX091818A095,ANX,LEL_1,LEL,1,T,T-ANX091818A095,3,3,1.166488635785835,1.2229215970461487
ANX091818A095,ANX,LSR_1,LSR,1,T,T-ANX091818A095,4,1,0.3070313593495268,0.6961259656887774
ANX091818A095,ANX,LSR_1,LSR,1,T,T-ANX091818A095,4,2,0.4484323943084013,0.6961259656887774
ANX091818A095,ANX,LSR_1,LSR,1,T,T-ANX091818A095,4,3,0.5517787343657145,0.6961259656887774
ANX091818A095,ANX,LSR_1,LSR,1,T,T-ANX091818A095,4,4,0.6587309893054836,0.6961259656887774
ANX091818A095,ANX,MJS_1,MJS,1,T,T-ANX091818A095,4,1,0.7526118379337663,1.146891429809629
ANX091818A095,ANX,MJS_1,MJS,1,T,T-ANX091818A095,4,2,0.9295880118146684,1.146891429809629
ANX091818A095,ANX,MJS_1,MJS,1,T,T-ANX091818A095,4,3,1.0673901793236675,1.146891429809629
ANX091818A095,ANX,MJS_1,MJS,1,T,T-ANX091818A095,4,4,1.146891429809629,1.146891429809629
ANX091818A095,ANX,NGA_1,NGA,1,T,T-ANX091818A095,3,1,0.7859671767778733,1.2217211276374578
ANX091818A095,ANX,NGA_1,NGA,1,T,T-ANX091818A095,3,2,0.9588940766735374,1.2217211276374578
ANX091818A095,ANX,NGA_1,NGA,1,T,T-ANX091818A095,3,3,1.0924355243195927,1.2217211276374578
ANX091818A096,ANX,JRS_1,JRS,1,T,T-ANX091818A096,2,1,0.34742421067123497,0.6792904480812958
ANX091818A096,ANX,JRS_1,JRS,1,T,T-ANX091818A096,2,2,0.5526641866226791,0.6792904480812958
ANX091818A096,ANX,LEL_1,LEL,1,T,T-ANX091818A096,2,1,0.45682338446004145,0.7609066340515962
ANX091818A096,ANX,LEL_1,LEL,1,T,T-ANX091818A096,2,2,0.6521005461539223,0.7609066340515962
ANX091818A096,ANX,LSR_1,LSR,1,T,T-ANX091818A096,2,1,0.21136838399770447,0.5251598797749897
ANX091818A096,ANX,LSR_1,LSR,1,T,T-ANX091818A096,2,2,0.41621460755686346,0.5251598797749897
ANX091818A096,ANX,MJS_1,MJS,1,T,T-ANX091818A096,3,1,0.46006219278651755,0.7899939694841808
ANX091818A096,ANX,MJS_1,MJS,1,T,T-ANX091818A096,3,2,0.6629856914175538,0.7899939694841808
ANX091818A096,ANX,MJS_1,MJS,1,T,T-ANX091818A096,3,3,0.7899939694841808,0.7899939694841808
ANX091818A096,ANX,NGA_1,NGA,1,T,T-ANX091818A096,2,1,0.47453049429168015,0.7448506536653761
ANX091818A096,ANX,NGA_1,NGA,1,T,T-ANX091818A096,2,2,0.6390588455255195,0.7448506536653761
ANX091818A097,ANX,JRS_1,JRS,1,T,T-ANX091818A097,1,1,0.35663823608262313,0.4866805449216887
ANX091818A097,ANX,LEL_1,LEL,1,T,T-ANX091818A097,0,NA,NA,0.5573841000309322
ANX091818A097,ANX,LSR_1,LSR,1,T,T-ANX091818A097,3,1,0.2949958084683195,0.4187282882683196
ANX091818A097,ANX,LSR_1,LSR,1,T,T-ANX091818A097,3,2,0.3468936220553183,0.4187282882683196
ANX091818A097,ANX,LSR_1,LSR,1,T,T-ANX091818A097,3,3,0.38796919430959936,0.4187282882683196
ANX091818A097,ANX,MJS_1,MJS,1,T,T-ANX091818A097,2,1,0.42091303316715023,0.5461105366999148
ANX091818A097,ANX,MJS_1,MJS,1,T,T-ANX091818A097,2,2,0.5461105366999148,0.5461105366999148
ANX091818A097,ANX,NGA_1,NGA,1,T,T-ANX091818A097,1,1,0.4072558568128566,0.5685556269852163
ANX091818A098,ANX,JRS_1,JRS,1,T,T-ANX091818A098,1,1,0.43774406052273024,0.6330899747477293
ANX091818A098,ANX,LEL_1,LEL,1,T,T-ANX091818A098,1,1,0.6036515142691775,0.773936045396145
ANX091818A098,ANX,LSR_1,LSR,1,T,T-ANX091818A098,2,1,0.3722169749883078,0.5671119245032082
ANX091818A098,ANX,LSR_1,LSR,1,T,T-ANX091818A098,2,2,0.4375251845698461,0.5671119245032082
ANX091818A098,ANX,MJS_1,MJS,1,T,T-ANX091818A098,2,1,0.48461877316616314,0.6737865748997309
ANX091818A098,ANX,MJS_1,MJS,1,T,T-ANX091818A098,2,2,0.6737865748997309,0.6737865748997309
ANX091818A098,ANX,NGA_1,NGA,1,T,T-ANX091818A098,1,1,0.5605434921140636,0.7402073869596947
ANX091818A099,ANX,JRS_1,JRS,1,T,T-ANX091818A099,2,1,0.3471491805366831,0.6090587884479559
ANX091818A099,ANX,JRS_1,JRS,1,T,T-ANX091818A099,2,2,0.4881122704555715,0.6090587884479559
ANX091818A099,ANX,LEL_1,LEL,1,T,T-ANX091818A099,2,1,0.5184329282336159,0.792708419914223
ANX091818A099,ANX,LEL_1,LEL,1,T,T-ANX091818A099,2,2,0.6681544617477626,0.792708419914223
ANX091818A099,ANX,LSR_1,LSR,1,T,T-ANX091818A099,3,1,0.351306851524123,0.5611377661352356
ANX091818A099,ANX,LSR_1,LSR,1,T,T-ANX091818A099,3,2,0.4292500791145406,0.5611377661352356
ANX091818A099,ANX,LSR_1,LSR,1,T,T-ANX091818A099,3,3,0.5107642749138924,0.5611377661352356
ANX091818A099,ANX,MJS_1,MJS,1,T,T-ANX091818A099,3,1,0.3943884911911549,0.6679609806466201
ANX091818A099,ANX,MJS_1,MJS,1,T,T-ANX091818A099,3,2,0.5531079390378247,0.6679609806466201
ANX091818A099,ANX,MJS_1,MJS,1,T,T-ANX091818A099,3,3,0.6679609806466201,0.6679609806466201
ANX091818A099,ANX,NGA_1,NGA,1,T,T-ANX091818A099,2,1,0.5573971060148388,0.8255126936233238
ANX091818A099,ANX,NGA_1,NGA,1,T,T-ANX091818A099,2,2,0.6971096937645768,0.8255126936233238
ANX091818A100,ANX,JRS_1,JRS,1,T,T-ANX091818A100,1,1,0.37627598803125584,0.5302492423863735
ANX091818A100,ANX,LEL_1,LEL,1,T,T-ANX091818A100,1,1,0.45535637746337854,0.639173633992871
ANX091818A100,ANX,LSR_1,LSR,1,T,T-ANX091818A100,2,1,0.20326140058793837,0.3880837797192802
ANX091818A100,ANX,LSR_1,LSR,1,T,T-ANX091818A100,2,2,0.27975452866178296,0.3880837797192802
ANX091818A100,ANX,MJS_1,MJS,1,T,T-ANX091818A100,2,1,0.40665870806917986,0.561037262991575
ANX091818A100,ANX,MJS_1,MJS,1,T,T-ANX091818A100,2,2,0.561037262991575,0.561037262991575
ANX091818A100,ANX,NGA_1,NGA,1,T,T-ANX091818A100,1,1,0.49123936535780494,0.6685363396733455
ANX091818A101,ANX,JRS_1,JRS,1,T,T-ANX091818A101,0,NA,NA,0.5961591013110104
ANX091818A101,ANX,LEL_1,LEL,1,T,T-ANX091818A101,0,NA,NA,0.5658440652976487
ANX091818A101,ANX,MJS_1,MJS,1,T,T-ANX091818A101,1,1,0.56648682737823,0.56648682737823
ANX091818A102,ANX,JRS_1,JRS,1,T,T-ANX091818A102,0,NA,NA,0.3807253434911548
ANX091818A102,ANX,LEL_1,LEL,1,T,T-ANX091818A102,0,NA,NA,0.5091699780084534
ANX091818A102,ANX,LSR_1,LSR,1,T,T-ANX091818A102,2,1,0.1823922463132216,0.3126227718530886
ANX091818A102,ANX,LSR_1,LSR,1,T,T-ANX091818A102,2,2,0.2648275430009045,0.3126227718530886
ANX091818A102,ANX,MJS_1,MJS,1,T,T-ANX091818A102,1,1,0.30887342111054394,0.30887342111054394
ANX091818A103,ANX,JRS_1,JRS,1,T,T-ANX091818A103,1,1,0.353564108078103,0.5316147387577947
ANX091818A103,ANX,LEL_1,LEL,1,T,T-ANX091818A103,1,1,0.5340760198022545,0.6833032172263098
ANX091818A103,ANX,LSR_1,LSR,1,T,T-ANX091818A103,3,1,0.27448326791658273,0.46538174171438135
ANX091818A103,ANX,LSR_1,LSR,1,T,T-ANX091818A103,3,2,0.35308852183332107,0.46538174171438135
ANX091818A103,ANX,LSR_1,LSR,1,T,T-ANX091818A103,3,3,0.4277961143116107,0.46538174171438135
ANX091818A103,ANX,MJS_1,MJS,1,T,T-ANX091818A103,2,1,0.4131470467385766,0.5782364246964184
ANX091818A103,ANX,MJS_1,MJS,1,T,T-ANX091818A103,2,2,0.5782364246964184,0.5782364246964184
ANX091818A103,ANX,NGA_1,NGA,1,T,T-ANX091818A103,1,1,0.5642704800357369,0.7377791041379854
ANX091818A104,ANX,JRS_1,JRS,1,T,T-ANX091818A104,1,1,0.3549442744993139,0.5090209428731904
ANX091818A104,ANX,LEL_1,LEL,1,T,T-ANX091818A104,1,1,0.5045987308115246,0.6539703375710582
ANX091818A104,ANX,LSR_1,LSR,1,T,T-ANX091818A104,2,1,0.22703006409746204,0.4408865330384427
ANX091818A104,ANX,LSR_1,LSR,1,T,T-ANX091818A104,2,2,0.35302720524614384,0.4408865330384427
ANX091818A104,ANX,MJS_1,MJS,1,T,T-ANX091818A104,2,1,0.3023234354678542,0.4512081999557931
ANX091818A104,ANX,MJS_1,MJS,1,T,T-ANX091818A104,2,2,0.4512081999557931,0.4512081999557931
ANX091818A104,ANX,NGA_1,NGA,1,T,T-ANX091818A104,1,1,0.45900569732161867,0.6198428921059773
ANX091818A105,ANX,JRS_1,JRS,1,T,T-ANX091818A105,2,1,0.5186343714497827,0.8818475547678407
ANX091818A105,ANX,JRS_1,JRS,1,T,T-ANX091818A105,2,2,0.7061797201824139,0.8818475547678407
ANX091818A105,ANX,LEL_1,LEL,1,T,T-ANX091818A105,2,1,0.5818009170557437,0.9240036033087384
ANX091818A105,ANX,LEL_1,LEL,1,T,T-ANX091818A105,2,2,0.7733036204089497,0.9240036033087384
ANX091818A105,ANX,LSR_1,LSR,1,T,T-ANX091818A105,4,1,0.21324699758473512,0.5502534512490228
ANX091818A105,ANX,LSR_1,LSR,1,T,T-ANX091818A105,4,2,0.3334805190870805,0.5502534512490228
ANX091818A105,ANX,LSR_1,LSR,1,T,T-ANX091818A105,4,3,0.4572399751666333,0.5502534512490228
ANX091818A105,ANX,LSR_1,LSR,1,T,T-ANX091818A105,4,4,0.4927811414307558,0.5502534512490228
ANX091818A105,ANX,MJS_1,MJS,1,T,T-ANX091818A105,3,1,0.5838785095707819,0.9519527447218035
ANX091818A105,ANX,MJS_1,MJS,1,T,T-ANX091818A105,3,2,0.784970336092398,0.9519527447218035
ANX091818A105,ANX,MJS_1,MJS,1,T,T-ANX091818A105,3,3,0.9519527447218035,0.9519527447218035
ANX091818A105,ANX,NGA_1,NGA,1,T,T-ANX091818A105,2,1,0.6000552438290704,0.9225872162125193
ANX091818A105,ANX,NGA_1,NGA,1,T,T-ANX091818A105,2,2,0.7413219520190804,0.9225872162125193
ANX091818A106,ANX,JRS_1,JRS,1,T,T-ANX091818A106,1,1,0.2740244560119976,0.45404739983402126
ANX091818A106,ANX,LEL_1,LEL,1,T,T-ANX091818A106,1,1,0.33027190348802016,0.4996332992101565
ANX091818A106,ANX,LSR_1,LSR,1,T,T-ANX091818A106,2,1,0.21385040123714447,0.42592207407358934
ANX091818A106,ANX,LSR_1,LSR,1,T,T-ANX091818A106,2,2,0.3506179396721281,0.42592207407358934
ANX091818A106,ANX,MJS_1,MJS,1,T,T-ANX091818A106,2,1,0.3224341022096631,0.47679939021831097
ANX091818A106,ANX,MJS_1,MJS,1,T,T-ANX091818A106,2,2,0.47679939021831097,0.47679939021831097
ANX091818A106,ANX,NGA_1,NGA,1,T,T-ANX091818A106,1,1,0.5804772931353823,0.7642348157157856
ANX091818A108,ANX,JRS_1,JRS,1,T,T-ANX091818A108,1,1,0.5136814801535341,0.6483036281690815
ANX091818A108,ANX,LEL_1,LEL,1,T,T-ANX091818A108,1,1,0.7464111510140956,0.840952021986128
ANX091818A108,ANX,LSR_1,LSR,1,T,T-ANX091818A108,3,1,0.2644292422417574,0.4772566809146669
ANX091818A108,ANX,LSR_1,LSR,1,T,T-ANX091818A108,3,2,0.34223996185580496,0.4772566809146669
ANX091818A108,ANX,LSR_1,LSR,1,T,T-ANX091818A108,3,3,0.40464214291580836,0.4772566809146669
ANX091818A108,ANX,MJS_1,MJS,1,T,T-ANX091818A108,3,1,0.4259765518325957,0.6992825683765587
ANX091818A108,ANX,MJS_1,MJS,1,T,T-ANX091818A108,3,2,0.5724166982745331,0.6992825683765587
ANX091818A108,ANX,MJS_1,MJS,1,T,T-ANX091818A108,3,3,0.6992825683765587,0.6992825683765587
ANX091818A108,ANX,NGA_1,NGA,1,T,T-ANX091818A108,1,1,0.8984993471017526,1.0018755471076606
ANX091818A110,ANX,JRS_1,JRS,1,T,T-ANX091818A110,0,NA,NA,0.39643372232206564
ANX091818A110,ANX,LEL_1,LEL,1,T,T-ANX091818A110,0,NA,NA,0.5220317512992967
ANX091818A110,ANX,LSR_1,LSR,1,T,T-ANX091818A110,2,1,0.2819238016531747,0.4289628772721623
ANX091818A110,ANX,LSR_1,LSR,1,T,T-ANX091818A110,2,2,0.3720690417868726,0.4289628772721623
ANX091818A110,ANX,MJS_1,MJS,1,T,T-ANX091818A110,2,1,0.35792174318295,0.5312163376652569
ANX091818A110,ANX,MJS_1,MJS,1,T,T-ANX091818A110,2,2,0.5312163376652569,0.5312163376652569
ANX091818A111,ANX,JRS_1,JRS,1,T,T-ANX091818A111,1,1,0.34593359479978864,0.5202674682353603
ANX091818A111,ANX,LEL_1,LEL,1,T,T-ANX091818A111,1,1,0.4901169565947399,0.6281652076261447
ANX091818A111,ANX,LSR_1,LSR,1,T,T-ANX091818A111,2,1,0.2753194631144472,0.5354504637365209
ANX091818A111,ANX,LSR_1,LSR,1,T,T-ANX091818A111,2,2,0.3584999761963372,0.5354504637365209
ANX091818A111,ANX,MJS_1,MJS,1,T,T-ANX091818A111,2,1,0.32751491957250417,0.49110671516421023
ANX091818A111,ANX,MJS_1,MJS,1,T,T-ANX091818A111,2,2,0.49110671516421023,0.49110671516421023
ANX091818A111,ANX,NGA_1,NGA,1,T,T-ANX091818A111,1,1,0.44624383648983634,0.6277153982409593
ANX091818A112,ANX,JRS_1,JRS,1,T,T-ANX091818A112,1,1,0.4531662774136571,0.6598863248457052
ANX091818A112,ANX,LEL_1,LEL,1,T,T-ANX091818A112,1,1,0.4753398269683868,0.6774486132396211
ANX091818A112,ANX,LSR_1,LSR,1,T,T-ANX091818A112,2,1,0.28467791533167514,0.42924389514931804
ANX091818A112,ANX,LSR_1,LSR,1,T,T-ANX091818A112,2,2,0.3528802986770658,0.42924389514931804
ANX091818A112,ANX,MJS_1,MJS,1,T,T-ANX091818A112,2,1,0.46427413682782825,0.6590378637117261
ANX091818A112,ANX,MJS_1,MJS,1,T,T-ANX091818A112,2,2,0.6590378637117261,0.6590378637117261
ANX091818A113,ANX,JRS_1,JRS,1,T,T-ANX091818A113,1,1,0.3341137260158041,0.4931095880151546
ANX091818A113,ANX,LEL_1,LEL,1,T,T-ANX091818A113,1,1,0.5122619773828075,0.6239724345169486
ANX091818A113,ANX,LSR_1,LSR,1,T,T-ANX091818A113,2,1,0.19044252778631038,0.4356238174550988
ANX091818A113,ANX,LSR_1,LSR,1,T,T-ANX091818A113,2,2,0.3047014494265442,0.4356238174550988
ANX091818A113,ANX,MJS_1,MJS,1,T,T-ANX091818A113,2,1,0.34922363866394346,0.4969470146207364
ANX091818A113,ANX,MJS_1,MJS,1,T,T-ANX091818A113,2,2,0.4969470146207364,0.4969470146207364
ANX091818A113,ANX,NGA_1,NGA,1,T,T-ANX091818A113,1,1,0.39888666204514867,0.5686230531870637
ANX091818A114,ANX,JRS_1,JRS,1,T,T-ANX091818A114,1,1,0.29418411286102897,0.5233899935276638
ANX091818A114,ANX,LEL_1,LEL,1,T,T-ANX091818A114,0,NA,NA,0.6923994467529789
ANX091818A114,ANX,LSR_1,LSR,1,T,T-ANX091818A114,2,1,0.27355243052582107,0.5569450501792967
ANX091818A114,ANX,LSR_1,LSR,1,T,T-ANX091818A114,2,2,0.3933987352420257,0.5569450501792967
ANX091818A114,ANX,MJS_1,MJS,1,T,T-ANX091818A114,2,1,0.32044946948796765,0.5539026215202126
ANX091818A114,ANX,MJS_1,MJS,1,T,T-ANX091818A114,2,2,0.5539026215202126,0.5539026215202126
ANX091818A115,ANX,JRS_1,JRS,1,T,T-ANX091818A115,1,1,0.3236339768825092,0.5075225430777369
ANX091818A115,ANX,LEL_1,LEL,1,T,T-ANX091818A115,1,1,0.5521896347488764,0.6748070614955776
ANX091818A115,ANX,LSR_1,LSR,1,T,T-ANX091818A115,2,1,0.23700044813018772,0.41555819633411917
ANX091818A115,ANX,LSR_1,LSR,1,T,T-ANX091818A115,2,2,0.32984829582018504,0.41555819633411917
ANX091818A115,ANX,MJS_1,MJS,1,T,T-ANX091818A115,2,1,0.4412249913724639,0.6331744559147633
ANX091818A115,ANX,MJS_1,MJS,1,T,T-ANX091818A115,2,2,0.6331744559147633,0.6331744559147633
ANX091818A115,ANX,NGA_1,NGA,1,T,T-ANX091818A115,1,1,0.5104690136614464,0.6884169464527865
ANX091818J001,ANX,JRS_1,JRS,1,T,T-ANX091818J001,1,1,0.4825428057256248,0.7002089234900494
ANX091818J001,ANX,LEL_1,LEL,1,T,T-ANX091818J001,1,1,0.47466214143107005,0.6640787641690449
ANX091818J001,ANX,MJS_1,MJS,1,T,T-ANX091818J001,2,1,0.5993976350102675,0.8132982861757108
ANX091818J001,ANX,MJS_1,MJS,1,T,T-ANX091818J001,2,2,0.8132982861757108,0.8132982861757108
ANX091818J001,ANX,NGA_1,NGA,1,T,T-ANX091818J001,1,1,0.3801639556928516,0.49419990372126077
ANX091818J002,ANX,JRS_1,JRS,1,T,T-ANX091818J002,0,NA,NA,0.24981325766007675
ANX091818J002,ANX,LEL_1,LEL,1,T,T-ANX091818J002,0,NA,NA,0.6377153124173397
ANX091818J002,ANX,MJS_1,MJS,1,T,T-ANX091818J002,1,1,0.36579181520286674,0.36579181520286674
ANX091818J002,ANX,NGA_1,NGA,1,T,T-ANX091818J002,1,1,0.2958782060271531,0.3858441908918293
ANX091818J003,ANX,JRS_1,JRS,1,T,T-ANX091818J003,0,NA,NA,0.5159081910583473
ANX091818J003,ANX,LEL_1,LEL,1,T,T-ANX091818J003,0,NA,NA,0.5245812861852771
ANX091818J003,ANX,MJS_1,MJS,1,T,T-ANX091818J003,1,1,0.3418244675338669,0.3418244675338669
ANX091818J003,ANX,NGA_1,NGA,1,T,T-ANX091818J003,1,1,0.3067814464169265,0.36428817679438563
ANX091818J004,ANX,JRS_1,JRS,1,T,T-ANX091818J004,0,NA,NA,0.48453611896672566
ANX091818J004,ANX,LEL_1,LEL,1,T,T-ANX091818J004,0,NA,NA,0.4678939139649391
ANX091818J004,ANX,MJS_1,MJS,1,T,T-ANX091818J004,1,1,0.4122957965901117,0.4122957965901117
ANX091818J004,ANX,NGA_1,NGA,1,T,T-ANX091818J004,1,1,0.3557653338948542,0.40149810636547867
ANX091818J005,ANX,JRS_1,JRS,1,T,T-ANX091818J005,0,NA,NA,0.37311415600376047
ANX091818J005,ANX,LEL_1,LEL,1,T,T-ANX091818J005,0,NA,NA,0.5156788286631301
ANX091818J005,ANX,MJS_1,MJS,1,T,T-ANX091818J005,1,1,0.3675835173490491,0.3675835173490491
ANX091818J005,ANX,NGA_1,NGA,1,T,T-ANX091818J005,1,1,0.5825303161672046,0.647506945358378
ANX091818J006,ANX,JRS_1,JRS,1,T,T-ANX091818J006,0,NA,NA,0.3684093811709225
ANX091818J006,ANX,LEL_1,LEL,1,T,T-ANX091818J006,0,NA,NA,0.5347629891276926
ANX091818J006,ANX,MJS_1,MJS,1,T,T-ANX091818J006,1,1,0.3696794220017315,0.3696794220017315
ANX091818J006,ANX,NGA_1,NGA,1,T,T-ANX091818J006,1,1,0.29239933081652203,0.3525551482494064
ANX091818J007,ANX,JRS_1,JRS,1,T,T-ANX091818J007,0,NA,NA,0.3287556762363982
ANX091818J007,ANX,LEL_1,LEL,1,T,T-ANX091818J007,0,NA,NA,0.49263427919971836
ANX091818J007,ANX,MJS_1,MJS,1,T,T-ANX091818J007,1,1,0.3138522886915106,0.3138522886915106
ANX091818J007,ANX,NGA_1,NGA,1,T,T-ANX091818J007,1,1,0.24475352823967877,0.3439521393760069
ANX091818J008,ANX,JRS_1,JRS,1,T,T-ANX091818J008,0,NA,NA,0.3330595326670563
ANX091818J008,ANX,LEL_1,LEL,1,T,T-ANX091818J008,0,NA,NA,0.45762655927153867
ANX091818J008,ANX,MJS_1,MJS,1,T,T-ANX091818J008,1,1,0.2856401668185888,0.2856401668185888
ANX091818J008,ANX,NGA_1,NGA,1,T,T-ANX091818J008,1,1,0.2850231219834671,0.3239308947786257
ANX091818J009,ANX,JRS_1,JRS,1,T,T-ANX091818J009,0,NA,NA,0.3548445889774801
ANX091818J009,ANX,LEL_1,LEL,1,T,T-ANX091818J009,0,NA,NA,0.4693614565358142
ANX091818J009,ANX,MJS_1,MJS,1,T,T-ANX091818J009,1,1,0.35134103538036815,0.35134103538036815
ANX091818J009,ANX,NGA_1,NGA,1,T,T-ANX091818J009,2,1,0.28327004180346316,0.3755459831649179
ANX091818J009,ANX,NGA_1,NGA,1,T,T-ANX091818J009,2,2,0.3422506914509215,0.3755459831649179
ANX091818J010,ANX,JRS_1,JRS,1,T,T-ANX091818J010,0,NA,NA,0.25948350739704446
ANX091818J010,ANX,LEL_1,LEL,1,T,T-ANX091818J010,0,NA,NA,0.4804026139273749
ANX091818J010,ANX,MJS_1,MJS,1,T,T-ANX091818J010,1,1,0.30540077403891935,0.30540077403891935
ANX091818J010,ANX,NGA_1,NGA,1,T,T-ANX091818J010,1,1,0.48403873937598924,0.5331128820993241
ANX091818J011,ANX,JRS_1,JRS,1,T,T-ANX091818J011,0,NA,NA,0.39125799745234674
ANX091818J011,ANX,LEL_1,LEL,1,T,T-ANX091818J011,0,NA,NA,0.5169820299595427
ANX091818J011,ANX,MJS_1,MJS,1,T,T-ANX091818J011,1,1,0.3917117191974021,0.3917117191974021
ANX091818J011,ANX,NGA_1,NGA,1,T,T-ANX091818J011,3,1,0.2635599671348317,0.39294305608081487
ANX091818J011,ANX,NGA_1,NGA,1,T,T-ANX091818J011,3,2,0.30073196947170194,0.39294305608081487
ANX091818J011,ANX,NGA_1,NGA,1,T,T-ANX091818J011,3,3,0.34553018350700737,0.39294305608081487
ANX091818J012,ANX,JRS_1,JRS,1,T,T-ANX091818J012,0,NA,NA,0.3065007253813771
ANX091818J012,ANX,LEL_1,LEL,1,T,T-ANX091818J012,0,NA,NA,0.4265961685825676
ANX091818J012,ANX,MJS_1,MJS,1,T,T-ANX091818J012,1,1,0.31203018639958413,0.31203018639958413
ANX091818J012,ANX,NGA_1,NGA,1,T,T-ANX091818J012,1,1,0.27416805027769786,0.30798628490264107
ANX091818J013,ANX,JRS_1,JRS,1,T,T-ANX091818J013,0,NA,NA,0.31842783211047315
ANX091818J013,ANX,LEL_1,LEL,1,T,T-ANX091818J013,0,NA,NA,0.41404263049561457
ANX091818J013,ANX,MJS_1,MJS,1,T,T-ANX091818J013,1,1,0.36221719763466154,0.36221719763466154
ANX091818J013,ANX,NGA_1,NGA,1,T,T-ANX091818J013,1,1,0.29360660488316676,0.3598442062065035
ANX091818J014,ANX,JRS_1,JRS,1,T,T-ANX091818J014,0,NA,NA,0.2782714319803191
ANX091818J014,ANX,LEL_1,LEL,1,T,T-ANX091818J014,0,NA,NA,0.4503232626293947
ANX091818J014,ANX,MJS_1,MJS,1,T,T-ANX091818J014,1,1,0.3036025994134567,0.3036025994134567
ANX091818J014,ANX,NGA_1,NGA,1,T,T-ANX091818J014,2,1,0.19151797604997997,0.3100057511159204
ANX091818J014,ANX,NGA_1,NGA,1,T,T-ANX091818J014,2,2,0.2411487044738264,0.3100057511159204
ANX091818J015,ANX,JRS_1,JRS,1,T,T-ANX091818J015,0,NA,NA,0.45204033302714713
ANX091818J015,ANX,LEL_1,LEL,1,T,T-ANX091818J015,0,NA,NA,0.5040095467442592
ANX091818J015,ANX,MJS_1,MJS,1,T,T-ANX091818J015,1,1,0.3287221064952603,0.3287221064952603
ANX091818J015,ANX,NGA_1,NGA,1,T,T-ANX091818J015,2,1,0.2672695197470014,0.36079684131212864
ANX091818J015,ANX,NGA_1,NGA,1,T,T-ANX091818J015,2,2,0.3294682208669385,0.36079684131212864
ANX091818J016,ANX,JRS_1,JRS,1,T,T-ANX091818J016,0,NA,NA,0.36690542261078135
ANX091818J016,ANX,LEL_1,LEL,1,T,T-ANX091818J016,0,NA,NA,0.4419475126112803
ANX091818J016,ANX,MJS_1,MJS,1,T,T-ANX091818J016,1,1,0.3356132758569159,0.3356132758569159
ANX091818J016,ANX,NGA_1,NGA,1,T,T-ANX091818J016,1,1,0.29244395566728687,0.3331626251991201
ANX091818J017,ANX,JRS_1,JRS,1,T,T-ANX091818J017,0,NA,NA,0.3566323281151321
ANX091818J017,ANX,LEL_1,LEL,1,T,T-ANX091818J017,0,NA,NA,0.458113630651081
ANX091818J017,ANX,MJS_1,MJS,1,T,T-ANX091818J017,1,1,0.26514090701166587,0.26514090701166587
ANX091818J017,ANX,NGA_1,NGA,1,T,T-ANX091818J017,1,1,0.2609159462336816,0.3151632059185898
ANX091818J018,ANX,LEL_1,LEL,1,T,T-ANX091818J018,0,NA,NA,0.4511548419967114
ANX091818J018,ANX,MJS_1,MJS,1,T,T-ANX091818J018,1,1,0.29111452727738557,0.29111452727738557
ANX091818J018,ANX,NGA_1,NGA,1,T,T-ANX091818J018,1,1,0.26396347046484325,0.34170770720470545
ANX091818J019,ANX,JRS_1,JRS,1,T,T-ANX091818J019,0,NA,NA,0.27256107662134
ANX091818J019,ANX,LEL_1,LEL,1,T,T-ANX091818J019,0,NA,NA,0.45502013954749826
ANX091818J019,ANX,MJS_1,MJS,1,T,T-ANX091818J019,1,1,0.31987314750100393,0.31987314750100393
ANX091818J019,ANX,NGA_1,NGA,1,T,T-ANX091818J019,1,1,0.3934813323051908,0.44178930963676954
ANX091818J020,ANX,JRS_1,JRS,1,T,T-ANX091818J020,0,NA,NA,0.305029011998479
ANX091818J020,ANX,LEL_1,LEL,1,T,T-ANX091818J020,0,NA,NA,0.37927282541075324
ANX091818J020,ANX,MJS_1,MJS,1,T,T-ANX091818J020,1,1,0.32053398680928874,0.32053398680928874
ANX091818J020,ANX,NGA_1,NGA,1,T,T-ANX091818J020,1,1,0.271499076910007,0.31868235784543286
ANX091818J022,ANX,JRS_1,JRS,1,T,T-ANX091818J022,0,NA,NA,0.4832559497472805
ANX091818J022,ANX,LEL_1,LEL,1,T,T-ANX091818J022,0,NA,NA,0.5231138515365313
ANX091818J022,ANX,MJS_1,MJS,1,T,T-ANX091818J022,1,1,0.3828295248589572,0.3828295248589572
ANX091818J022,ANX,NGA_1,NGA,1,T,T-ANX091818J022,2,1,0.26502699853662176,0.37076580607402654
ANX091818J022,ANX,NGA_1,NGA,1,T,T-ANX091818J022,2,2,0.3287957299873266,0.37076580607402654
ANX091818J023,ANX,JRS_1,JRS,1,T,T-ANX091818J023,0,NA,NA,0.2846684664297301
ANX091818J023,ANX,LEL_1,LEL,1,T,T-ANX091818J023,0,NA,NA,0.3700596163798455
ANX091818J023,ANX,MJS_1,MJS,1,T,T-ANX091818J023,1,1,0.3207862998643014,0.3207862998643014
ANX091818J023,ANX,NGA_1,NGA,1,T,T-ANX091818J023,1,1,0.2506909365918632,0.30623487474526356
ANX091818J024,ANX,JRS_1,JRS,1,T,T-ANX091818J024,0,NA,NA,0.3988471451092941
ANX091818J024,ANX,LEL_1,LEL,1,T,T-ANX091818J024,0,NA,NA,0.5651868429882507
ANX091818J024,ANX,MJS_1,MJS,1,T,T-ANX091818J024,1,1,0.38235564576142606,0.38235564576142606
ANX091818J024,ANX,NGA_1,NGA,1,T,T-ANX091818J024,2,1,0.3561380878305396,0.44252221161717975
ANX091818J024,ANX,NGA_1,NGA,1,T,T-ANX091818J024,2,2,0.39443791278372287,0.44252221161717975
ANX102518A001,ANX,JRS_1,JRS,1,T,T-ANX102518A001,3,1,0.6405420938317875,1.0731199638422702
ANX102518A001,ANX,JRS_1,JRS,1,T,T-ANX102518A001,3,2,0.8295611492426613,1.0731199638422702
ANX102518A001,ANX,JRS_1,JRS,1,T,T-ANX102518A001,3,3,0.9614167357018767,1.0731199638422702
ANX102518A001,ANX,LEL_1,LEL,1,T,T-ANX102518A001,3,1,0.6566111167125123,1.0658801108016722
ANX102518A001,ANX,LEL_1,LEL,1,T,T-ANX102518A001,3,2,0.8210773774802471,1.0658801108016722
ANX102518A001,ANX,LEL_1,LEL,1,T,T-ANX102518A001,3,3,0.9688341273913764,1.0658801108016722
ANX102518A001,ANX,LSR_1,LSR,1,T,T-ANX102518A001,4,1,0.2884242190581751,0.711615351881566
ANX102518A001,ANX,LSR_1,LSR,1,T,T-ANX102518A001,4,2,0.4681849262184436,0.711615351881566
ANX102518A001,ANX,LSR_1,LSR,1,T,T-ANX102518A001,4,3,0.5505684168445434,0.711615351881566
ANX102518A001,ANX,LSR_1,LSR,1,T,T-ANX102518A001,4,4,0.6292066299117669,0.711615351881566
ANX102518A001,ANX,MJS_1,MJS,1,T,T-ANX102518A001,4,1,0.731678908930902,1.15222291438676
ANX102518A001,ANX,MJS_1,MJS,1,T,T-ANX102518A001,4,2,0.9136512397803133,1.15222291438676
ANX102518A001,ANX,MJS_1,MJS,1,T,T-ANX102518A001,4,3,1.0395080574504019,1.15222291438676
ANX102518A001,ANX,MJS_1,MJS,1,T,T-ANX102518A001,4,4,1.15222291438676,1.15222291438676
ANX102518A001,ANX,NGA_1,NGA,1,T,T-ANX102518A001,4,1,0.5357853060114376,1.2105212888669952
ANX102518A001,ANX,NGA_1,NGA,1,T,T-ANX102518A001,4,2,0.8074204933931419,1.2105212888669952
ANX102518A001,ANX,NGA_1,NGA,1,T,T-ANX102518A001,4,3,0.9631696614093569,1.2105212888669952
ANX102518A001,ANX,NGA_1,NGA,1,T,T-ANX102518A001,4,4,1.0971980092213538,1.2105212888669952
ANX102518A002,ANX,JRS_1,JRS,1,T,T-ANX102518A002,4,1,0.5282882470534677,1.268858330106079
ANX102518A002,ANX,JRS_1,JRS,1,T,T-ANX102518A002,4,2,0.8168977340750931,1.268858330106079
ANX102518A002,ANX,JRS_1,JRS,1,T,T-ANX102518A002,4,3,1.0153093688600814,1.268858330106079
ANX102518A002,ANX,JRS_1,JRS,1,T,T-ANX102518A002,4,4,1.1547814264821121,1.268858330106079
ANX102518A002,ANX,LEL_1,LEL,1,T,T-ANX102518A002,4,1,0.5609485569158192,1.254190612882383
ANX102518A002,ANX,LEL_1,LEL,1,T,T-ANX102518A002,4,2,0.8368372194755465,1.254190612882383
ANX102518A002,ANX,LEL_1,LEL,1,T,T-ANX102518A002,4,3,1.0508558668735561,1.254190612882383
ANX102518A002,ANX,LEL_1,LEL,1,T,T-ANX102518A002,4,4,1.1838700895048648,1.254190612882383
ANX102518A002,ANX,LSR_1,LSR,1,T,T-ANX102518A002,4,1,0.2629050662058914,0.674223328809552
ANX102518A002,ANX,LSR_1,LSR,1,T,T-ANX102518A002,4,2,0.4439300485653137,0.674223328809552
ANX102518A002,ANX,LSR_1,LSR,1,T,T-ANX102518A002,4,3,0.5596849914307589,0.674223328809552
ANX102518A002,ANX,LSR_1,LSR,1,T,T-ANX102518A002,4,4,0.6231301226947596,0.674223328809552
ANX102518A002,ANX,MJS_1,MJS,1,T,T-ANX102518A002,5,1,0.5133545586242207,1.2847882533032917
ANX102518A002,ANX,MJS_1,MJS,1,T,T-ANX102518A002,5,2,0.851595343833742,1.2847882533032917
ANX102518A002,ANX,MJS_1,MJS,1,T,T-ANX102518A002,5,3,1.0382759128251329,1.2847882533032917
ANX102518A002,ANX,MJS_1,MJS,1,T,T-ANX102518A002,5,4,1.1555557083563766,1.2847882533032917
ANX102518A002,ANX,MJS_1,MJS,1,T,T-ANX102518A002,5,5,1.2847882533032917,1.2847882533032917
ANX102518A002,ANX,NGA_1,NGA,1,T,T-ANX102518A002,4,1,0.586578844541672,1.3203041212013695
ANX102518A002,ANX,NGA_1,NGA,1,T,T-ANX102518A002,4,2,0.8591511946599998,1.3203041212013695
ANX102518A002,ANX,NGA_1,NGA,1,T,T-ANX102518A002,4,3,1.084052671065952,1.3203041212013695
ANX102518A002,ANX,NGA_1,NGA,1,T,T-ANX102518A002,4,4,1.2115094816206917,1.3203041212013695
ANX102518A003,ANX,JRS_1,JRS,1,T,T-ANX102518A003,4,1,0.601756011593907,1.2091111860446488
ANX102518A003,ANX,JRS_1,JRS,1,T,T-ANX102518A003,4,2,0.7639500976360938,1.2091111860446488
ANX102518A003,ANX,JRS_1,JRS,1,T,T-ANX102518A003,4,3,0.9513404165340399,1.2091111860446488
ANX102518A003,ANX,JRS_1,JRS,1,T,T-ANX102518A003,4,4,1.0897834696361872,1.2091111860446488
ANX102518A003,ANX,LEL_1,LEL,1,T,T-ANX102518A003,3,1,0.9110437490417947,1.345512651679502
ANX102518A003,ANX,LEL_1,LEL,1,T,T-ANX102518A003,3,2,1.1195398965891648,1.345512651679502
ANX102518A003,ANX,LEL_1,LEL,1,T,T-ANX102518A003,3,3,1.2318844912471523,1.345512651679502
ANX102518A003,ANX,LSR_1,LSR,1,T,T-ANX102518A003,4,1,0.36540360898313967,0.7866633575598247
ANX102518A003,ANX,LSR_1,LSR,1,T,T-ANX102518A003,4,2,0.477837360622594,0.7866633575598247
ANX102518A003,ANX,LSR_1,LSR,1,T,T-ANX102518A003,4,3,0.5613148726460071,0.7866633575598247
ANX102518A003,ANX,LSR_1,LSR,1,T,T-ANX102518A003,4,4,0.6326110953173941,0.7866633575598247
ANX102518A003,ANX,MJS_1,MJS,1,T,T-ANX102518A003,5,1,0.6517851711060942,1.2335109214515743
ANX102518A003,ANX,MJS_1,MJS,1,T,T-ANX102518A003,5,2,0.7944880108321299,1.2335109214515743
ANX102518A003,ANX,MJS_1,MJS,1,T,T-ANX102518A003,5,3,0.9857189505846172,1.2335109214515743
ANX102518A003,ANX,MJS_1,MJS,1,T,T-ANX102518A003,5,4,1.1176891812934064,1.2335109214515743
ANX102518A003,ANX,MJS_1,MJS,1,T,T-ANX102518A003,5,5,1.2335109214515743,1.2335109214515743
ANX102518A003,ANX,NGA_1,NGA,1,T,T-ANX102518A003,4,1,0.457513038569503,1.1998655091802586
ANX102518A003,ANX,NGA_1,NGA,1,T,T-ANX102518A003,4,2,0.7321754258980032,1.1998655091802586
ANX102518A003,ANX,NGA_1,NGA,1,T,T-ANX102518A003,4,3,0.9462452092731766,1.1998655091802586
ANX102518A003,ANX,NGA_1,NGA,1,T,T-ANX102518A003,4,4,1.0809139411374995,1.1998655091802586
ANX102518A004,ANX,JRS_1,JRS,1,T,T-ANX102518A004,4,1,0.5870257685432725,1.3509923102076025
ANX102518A004,ANX,JRS_1,JRS,1,T,T-ANX102518A004,4,2,0.8753725220620014,1.3509923102076025
ANX102518A004,ANX,JRS_1,JRS,1,T,T-ANX102518A004,4,3,1.0773045719253458,1.3509923102076025
ANX102518A004,ANX,JRS_1,JRS,1,T,T-ANX102518A004,4,4,1.220923642723355,1.3509923102076025
ANX102518A004,ANX,LEL_1,LEL,1,T,T-ANX102518A004,3,1,0.8221966138453907,1.2680408327455992
ANX102518A004,ANX,LEL_1,LEL,1,T,T-ANX102518A004,3,2,0.9894713106823643,1.2680408327455992
ANX102518A004,ANX,LEL_1,LEL,1,T,T-ANX102518A004,3,3,1.1748623150189443,1.2680408327455992
ANX102518A004,ANX,LSR_1,LSR,1,T,T-ANX102518A004,4,1,0.27754891482219507,0.7252247118405041
ANX102518A004,ANX,LSR_1,LSR,1,T,T-ANX102518A004,4,2,0.45483937536742713,0.7252247118405041
ANX102518A004,ANX,LSR_1,LSR,1,T,T-ANX102518A004,4,3,0.5785766467675136,0.7252247118405041
ANX102518A004,ANX,LSR_1,LSR,1,T,T-ANX102518A004,4,4,0.6642239326211323,0.7252247118405041
ANX102518A004,ANX,MJS_1,MJS,1,T,T-ANX102518A004,5,1,0.5715979516014547,1.3359610512050035
ANX102518A004,ANX,MJS_1,MJS,1,T,T-ANX102518A004,5,2,0.8576463227823179,1.3359610512050035
ANX102518A004,ANX,MJS_1,MJS,1,T,T-ANX102518A004,5,3,1.0645098987398876,1.3359610512050035
ANX102518A004,ANX,MJS_1,MJS,1,T,T-ANX102518A004,5,4,1.2165827414170145,1.3359610512050035
ANX102518A004,ANX,MJS_1,MJS,1,T,T-ANX102518A004,5,5,1.3359610512050035,1.3359610512050035
ANX102518A004,ANX,NGA_1,NGA,1,T,T-ANX102518A004,4,1,0.5491023627891725,1.3305487993023313
ANX102518A004,ANX,NGA_1,NGA,1,T,T-ANX102518A004,4,2,0.865287443234009,1.3305487993023313
ANX102518A004,ANX,NGA_1,NGA,1,T,T-ANX102518A004,4,3,1.0569163861447672,1.3305487993023313
ANX102518A004,ANX,NGA_1,NGA,1,T,T-ANX102518A004,4,4,1.2139749715912729,1.3305487993023313
ANX102518A005,ANX,JRS_1,JRS,1,T,T-ANX102518A005,4,1,0.48821104210904465,1.0614284182101748
ANX102518A005,ANX,JRS_1,JRS,1,T,T-ANX102518A005,4,2,0.6849647919948532,1.0614284182101748
ANX102518A005,ANX,JRS_1,JRS,1,T,T-ANX102518A005,4,3,0.8544123318858747,1.0614284182101748
ANX102518A005,ANX,JRS_1,JRS,1,T,T-ANX102518A005,4,4,0.9591161471198191,1.0614284182101748
ANX102518A005,ANX,LEL_1,LEL,1,T,T-ANX102518A005,3,1,0.6965636111459845,1.1108019998573906
ANX102518A005,ANX,LEL_1,LEL,1,T,T-ANX102518A005,3,2,0.8754502832582299,1.1108019998573906
ANX102518A005,ANX,LEL_1,LEL,1,T,T-ANX102518A005,3,3,1.0140683100634806,1.1108019998573906
ANX102518A005,ANX,LSR_1,LSR,1,T,T-ANX102518A005,5,1,0.5056470524806275,1.06340976813068
ANX102518A005,ANX,LSR_1,LSR,1,T,T-ANX102518A005,5,2,0.6804261548536013,1.06340976813068
ANX102518A005,ANX,LSR_1,LSR,1,T,T-ANX102518A005,5,3,0.8734819582071697,1.06340976813068
ANX102518A005,ANX,LSR_1,LSR,1,T,T-ANX102518A005,5,4,0.9818237971755821,1.06340976813068
ANX102518A005,ANX,LSR_1,LSR,1,T,T-ANX102518A005,5,5,1.024141926397134,1.06340976813068
ANX102518A005,ANX,MJS_1,MJS,1,T,T-ANX102518A005,5,1,0.5622608801740178,1.1397080517948006
ANX102518A005,ANX,MJS_1,MJS,1,T,T-ANX102518A005,5,2,0.7671637054506338,1.1397080517948006
ANX102518A005,ANX,MJS_1,MJS,1,T,T-ANX102518A005,5,3,0.906695617296808,1.1397080517948006
ANX102518A005,ANX,MJS_1,MJS,1,T,T-ANX102518A005,5,4,1.0217586378568662,1.1397080517948006
ANX102518A005,ANX,MJS_1,MJS,1,T,T-ANX102518A005,5,5,1.1397080517948006,1.1397080517948006
ANX102518A005,ANX,NGA_1,NGA,1,T,T-ANX102518A005,4,1,0.4880305760874787,1.0775179963818544
ANX102518A005,ANX,NGA_1,NGA,1,T,T-ANX102518A005,4,2,0.6979309144474006,1.0775179963818544
ANX102518A005,ANX,NGA_1,NGA,1,T,T-ANX102518A005,4,3,0.8652024945586023,1.0775179963818544
ANX102518A005,ANX,NGA_1,NGA,1,T,T-ANX102518A005,4,4,0.9659863536114626,1.0775179963818544
ANX102518A006,ANX,JRS_1,JRS,1,T,T-ANX102518A006,4,1,0.33712135396041676,1.0090404426756467
ANX102518A006,ANX,JRS_1,JRS,1,T,T-ANX102518A006,4,2,0.5704163563324469,1.0090404426756467
ANX102518A006,ANX,JRS_1,JRS,1,T,T-ANX102518A006,4,3,0.7605733536661112,1.0090404426756467
ANX102518A006,ANX,JRS_1,JRS,1,T,T-ANX102518A006,4,4,0.8961654747733031,1.0090404426756467
ANX102518A006,ANX,LEL_1,LEL,1,T,T-ANX102518A006,3,1,0.6690078621160901,1.089691201792373
ANX102518A006,ANX,LEL_1,LEL,1,T,T-ANX102518A006,3,2,0.8595956696230656,1.089691201792373
ANX102518A006,ANX,LEL_1,LEL,1,T,T-ANX102518A006,3,3,1.00019332599792,1.089691201792373
ANX102518A006,ANX,LSR_1,LSR,1,T,T-ANX102518A006,4,1,0.2348094281362855,0.5579547545949713
ANX102518A006,ANX,LSR_1,LSR,1,T,T-ANX102518A006,4,2,0.34208262072339574,0.5579547545949713
ANX102518A006,ANX,LSR_1,LSR,1,T,T-ANX102518A006,4,3,0.4167270072011165,0.5579547545949713
ANX102518A006,ANX,LSR_1,LSR,1,T,T-ANX102518A006,4,4,0.5059467379884154,0.5579547545949713
ANX102518A006,ANX,MJS_1,MJS,1,T,T-ANX102518A006,5,1,0.33056116442532235,1.0184210029789553
ANX102518A006,ANX,MJS_1,MJS,1,T,T-ANX102518A006,5,2,0.5755622978010856,1.0184210029789553
ANX102518A006,ANX,MJS_1,MJS,1,T,T-ANX102518A006,5,3,0.7588318791310251,1.0184210029789553
ANX102518A006,ANX,MJS_1,MJS,1,T,T-ANX102518A006,5,4,0.9130966116612368,1.0184210029789553
ANX102518A006,ANX,MJS_1,MJS,1,T,T-ANX102518A006,5,5,1.0184210029789553,1.0184210029789553
ANX102518A006,ANX,NGA_1,NGA,1,T,T-ANX102518A006,4,1,0.46835676299239476,1.1507629451650936
ANX102518A006,ANX,NGA_1,NGA,1,T,T-ANX102518A006,4,2,0.6984942774610883,1.1507629451650936
ANX102518A006,ANX,NGA_1,NGA,1,T,T-ANX102518A006,4,3,0.8831681955802525,1.1507629451650936
ANX102518A006,ANX,NGA_1,NGA,1,T,T-ANX102518A006,4,4,1.0410977133052577,1.1507629451650936
ANX102518A007,ANX,JRS_1,JRS,1,T,T-ANX102518A007,5,1,0.26883413441614795,0.9834198872314951
ANX102518A007,ANX,JRS_1,JRS,1,T,T-ANX102518A007,5,2,0.47165043832302733,0.9834198872314951
ANX102518A007,ANX,JRS_1,JRS,1,T,T-ANX102518A007,5,3,0.6509952828627397,0.9834198872314951
ANX102518A007,ANX,JRS_1,JRS,1,T,T-ANX102518A007,5,4,0.7970450249659059,0.9834198872314951
ANX102518A007,ANX,JRS_1,JRS,1,T,T-ANX102518A007,5,5,0.8943428165090234,0.9834198872314951
ANX102518A007,ANX,LEL_1,LEL,1,T,T-ANX102518A007,5,1,0.5704337685498985,1.047430271455816
ANX102518A007,ANX,LEL_1,LEL,1,T,T-ANX102518A007,5,2,0.6487874444760002,1.047430271455816
ANX102518A007,ANX,LEL_1,LEL,1,T,T-ANX102518A007,5,3,0.7775157946772235,1.047430271455816
ANX102518A007,ANX,LEL_1,LEL,1,T,T-ANX102518A007,5,4,0.9069808002561736,1.047430271455816
ANX102518A007,ANX,LEL_1,LEL,1,T,T-ANX102518A007,5,5,0.9900207457468025,1.047430271455816
ANX102518A007,ANX,LSR_1,LSR,1,T,T-ANX102518A007,5,1,0.5381665144303461,1.031024308023715
ANX102518A007,ANX,LSR_1,LSR,1,T,T-ANX102518A007,5,2,0.649703114643924,1.031024308023715
ANX102518A007,ANX,LSR_1,LSR,1,T,T-ANX102518A007,5,3,0.7386760444326822,1.031024308023715
ANX102518A007,ANX,LSR_1,LSR,1,T,T-ANX102518A007,5,4,0.8961924714363882,1.031024308023715
ANX102518A007,ANX,LSR_1,LSR,1,T,T-ANX102518A007,5,5,0.9576016891493822,1.031024308023715
ANX102518A007,ANX,MJS_1,MJS,1,T,T-ANX102518A007,6,1,0.4743026298623439,1.0312659712678793
ANX102518A007,ANX,MJS_1,MJS,1,T,T-ANX102518A007,6,2,0.5940480240970669,1.0312659712678793
ANX102518A007,ANX,MJS_1,MJS,1,T,T-ANX102518A007,6,3,0.7156996178735799,1.0312659712678793
ANX102518A007,ANX,MJS_1,MJS,1,T,T-ANX102518A007,6,4,0.8605725000724017,1.0312659712678793
ANX102518A007,ANX,MJS_1,MJS,1,T,T-ANX102518A007,6,5,0.9505114592664812,1.0312659712678793
ANX102518A007,ANX,MJS_1,MJS,1,T,T-ANX102518A007,6,6,1.0312659712678793,1.0312659712678793
ANX102518A007,ANX,NGA_1,NGA,1,T,T-ANX102518A007,3,1,0.8456422602173205,1.187497685980262
ANX102518A007,ANX,NGA_1,NGA,1,T,T-ANX102518A007,3,2,0.9974834476995065,1.187497685980262
ANX102518A007,ANX,NGA_1,NGA,1,T,T-ANX102518A007,3,3,1.090484650440647,1.187497685980262
ANX102518A008,ANX,JRS_1,JRS,1,T,T-ANX102518A008,4,1,0.5246419117017507,1.115709486771453
ANX102518A008,ANX,JRS_1,JRS,1,T,T-ANX102518A008,4,2,0.7465366424299991,1.115709486771453
ANX102518A008,ANX,JRS_1,JRS,1,T,T-ANX102518A008,4,3,0.9017942923451641,1.115709486771453
ANX102518A008,ANX,JRS_1,JRS,1,T,T-ANX102518A008,4,4,1.014142052907992,1.115709486771453
ANX102518A008,ANX,LEL_1,LEL,1,T,T-ANX102518A008,4,1,0.5988387474586754,1.14682881409516
ANX102518A008,ANX,LEL_1,LEL,1,T,T-ANX102518A008,4,2,0.7619820837335647,1.14682881409516
ANX102518A008,ANX,LEL_1,LEL,1,T,T-ANX102518A008,4,3,0.9476180199565133,1.14682881409516
ANX102518A008,ANX,LEL_1,LEL,1,T,T-ANX102518A008,4,4,1.0461545229161362,1.14682881409516
ANX102518A008,ANX,LSR_1,LSR,1,T,T-ANX102518A008,4,1,0.6000956714173841,1.1786708971904778
ANX102518A008,ANX,LSR_1,LSR,1,T,T-ANX102518A008,4,2,0.8396015493616913,1.1786708971904778
ANX102518A008,ANX,LSR_1,LSR,1,T,T-ANX102518A008,4,3,0.9902900108693933,1.1786708971904778
ANX102518A008,ANX,LSR_1,LSR,1,T,T-ANX102518A008,4,4,1.130238086678931,1.1786708971904778
ANX102518A008,ANX,MJS_1,MJS,1,T,T-ANX102518A008,5,1,0.6386595990707165,1.2656988739965136
ANX102518A008,ANX,MJS_1,MJS,1,T,T-ANX102518A008,5,2,0.8998169537424694,1.2656988739965136
ANX102518A008,ANX,MJS_1,MJS,1,T,T-ANX102518A008,5,3,1.0508756202821217,1.2656988739965136
ANX102518A008,ANX,MJS_1,MJS,1,T,T-ANX102518A008,5,4,1.163443349927803,1.2656988739965136
ANX102518A008,ANX,MJS_1,MJS,1,T,T-ANX102518A008,5,5,1.2656988739965136,1.2656988739965136
ANX102518A008,ANX,NGA_1,NGA,1,T,T-ANX102518A008,4,1,0.7518904995097866,1.3613946440127502
ANX102518A008,ANX,NGA_1,NGA,1,T,T-ANX102518A008,4,2,1.0147389709297308,1.3613946440127502
ANX102518A008,ANX,NGA_1,NGA,1,T,T-ANX102518A008,4,3,1.171856002092896,1.3613946440127502
ANX102518A008,ANX,NGA_1,NGA,1,T,T-ANX102518A008,4,4,1.2797899821667589,1.3613946440127502
ANX102518A009,ANX,JRS_1,JRS,1,T,T-ANX102518A009,4,1,0.41503318230942066,0.9650288397973461
ANX102518A009,ANX,JRS_1,JRS,1,T,T-ANX102518A009,4,2,0.574254453229286,0.9650288397973461
ANX102518A009,ANX,JRS_1,JRS,1,T,T-ANX102518A009,4,3,0.7462656957136486,0.9650288397973461
ANX102518A009,ANX,JRS_1,JRS,1,T,T-ANX102518A009,4,4,0.8737304689394959,0.9650288397973461
ANX102518A009,ANX,LEL_1,LEL,1,T,T-ANX102518A009,4,1,0.6188078966039596,1.111463644591613
ANX102518A009,ANX,LEL_1,LEL,1,T,T-ANX102518A009,4,2,0.7352914955768315,1.111463644591613
ANX102518A009,ANX,LEL_1,LEL,1,T,T-ANX102518A009,4,3,0.9016415706323067,1.111463644591613
ANX102518A009,ANX,LEL_1,LEL,1,T,T-ANX102518A009,4,4,1.0261189135606492,1.111463644591613
ANX102518A009,ANX,LSR_1,LSR,1,T,T-ANX102518A009,5,1,0.4704998392596945,0.9999929863690079
ANX102518A009,ANX,LSR_1,LSR,1,T,T-ANX102518A009,5,2,0.5496012142772807,0.9999929863690079
ANX102518A009,ANX,LSR_1,LSR,1,T,T-ANX102518A009,5,3,0.6499390228219021,0.9999929863690079
ANX102518A009,ANX,LSR_1,LSR,1,T,T-ANX102518A009,5,4,0.8219136289318278,0.9999929863690079
ANX102518A009,ANX,LSR_1,LSR,1,T,T-ANX102518A009,5,5,0.9306129215218335,0.9999929863690079
ANX102518A009,ANX,MJS_1,MJS,1,T,T-ANX102518A009,5,1,0.5357406240576007,1.1004122103280431
ANX102518A009,ANX,MJS_1,MJS,1,T,T-ANX102518A009,5,2,0.7146009998789348,1.1004122103280431
ANX102518A009,ANX,MJS_1,MJS,1,T,T-ANX102518A009,5,3,0.8695369946536478,1.1004122103280431
ANX102518A009,ANX,MJS_1,MJS,1,T,T-ANX102518A009,5,4,0.9924844742401732,1.1004122103280431
ANX102518A009,ANX,MJS_1,MJS,1,T,T-ANX102518A009,5,5,1.1004122103280431,1.1004122103280431
ANX102518A009,ANX,NGA_1,NGA,1,T,T-ANX102518A009,4,1,0.5706954177679463,1.1312270835228269
ANX102518A009,ANX,NGA_1,NGA,1,T,T-ANX102518A009,4,2,0.7535549971726891,1.1312270835228269
ANX102518A009,ANX,NGA_1,NGA,1,T,T-ANX102518A009,4,3,0.921372984683706,1.1312270835228269
ANX102518A009,ANX,NGA_1,NGA,1,T,T-ANX102518A009,4,4,1.037235952204601,1.1312270835228269
ANX102518A010,ANX,JRS_1,JRS,1,T,T-ANX102518A010,4,1,0.5140298355822984,1.211877794743849
ANX102518A010,ANX,JRS_1,JRS,1,T,T-ANX102518A010,4,2,0.7395349733497579,1.211877794743849
ANX102518A010,ANX,JRS_1,JRS,1,T,T-ANX102518A010,4,3,0.9582398583572208,1.211877794743849
ANX102518A010,ANX,JRS_1,JRS,1,T,T-ANX102518A010,4,4,1.1047028817074458,1.211877794743849
ANX102518A010,ANX,LEL_1,LEL,1,T,T-ANX102518A010,3,1,0.6608253455533208,1.2462014981637881
ANX102518A010,ANX,LEL_1,LEL,1,T,T-ANX102518A010,3,2,0.8410522654342518,1.2462014981637881
ANX102518A010,ANX,LEL_1,LEL,1,T,T-ANX102518A010,3,3,1.0782700773849772,1.2462014981637881
ANX102518A010,ANX,LSR_1,LSR,1,T,T-ANX102518A010,4,1,0.391428362197989,0.7496538420321475
ANX102518A010,ANX,LSR_1,LSR,1,T,T-ANX102518A010,4,2,0.532083550125257,0.7496538420321475
ANX102518A010,ANX,LSR_1,LSR,1,T,T-ANX102518A010,4,3,0.6351022622669639,0.7496538420321475
ANX102518A010,ANX,LSR_1,LSR,1,T,T-ANX102518A010,4,4,0.6831550292707129,0.7496538420321475
ANX102518A010,ANX,MJS_1,MJS,1,T,T-ANX102518A010,5,1,0.5164267350237123,1.188783642142709
ANX102518A010,ANX,MJS_1,MJS,1,T,T-ANX102518A010,5,2,0.7509638734324481,1.188783642142709
ANX102518A010,ANX,MJS_1,MJS,1,T,T-ANX102518A010,5,3,0.965928433880654,1.188783642142709
ANX102518A010,ANX,MJS_1,MJS,1,T,T-ANX102518A010,5,4,1.0779893469543445,1.188783642142709
ANX102518A010,ANX,MJS_1,MJS,1,T,T-ANX102518A010,5,5,1.188783642142709,1.188783642142709
ANX102518A010,ANX,NGA_1,NGA,1,T,T-ANX102518A010,4,1,0.569604795283232,1.2862371558937433
ANX102518A010,ANX,NGA_1,NGA,1,T,T-ANX102518A010,4,2,0.8297188591708917,1.2862371558937433
ANX102518A010,ANX,NGA_1,NGA,1,T,T-ANX102518A010,4,3,1.0322465981580293,1.2862371558937433
ANX102518A010,ANX,NGA_1,NGA,1,T,T-ANX102518A010,4,4,1.1498940174920824,1.2862371558937433
ANX102518A011,ANX,JRS_1,JRS,1,T,T-ANX102518A011,4,1,0.40495514478999217,1.066851274190165
ANX102518A011,ANX,JRS_1,JRS,1,T,T-ANX102518A011,4,2,0.6232672154168907,1.066851274190165
ANX102518A011,ANX,JRS_1,JRS,1,T,T-ANX102518A011,4,3,0.8382754257145144,1.066851274190165
ANX102518A011,ANX,JRS_1,JRS,1,T,T-ANX102518A011,4,4,0.9550063084366799,1.066851274190165
ANX102518A011,ANX,LEL_1,LEL,1,T,T-ANX102518A011,4,1,0.5460484537453939,1.241971424247392
ANX102518A011,ANX,LEL_1,LEL,1,T,T-ANX102518A011,4,2,0.8057033050641524,1.241971424247392
ANX102518A011,ANX,LEL_1,LEL,1,T,T-ANX102518A011,4,3,0.998636778819479,1.241971424247392
ANX102518A011,ANX,LEL_1,LEL,1,T,T-ANX102518A011,4,4,1.1252546891854598,1.241971424247392
ANX102518A011,ANX,LSR_1,LSR,1,T,T-ANX102518A011,4,1,0.2057750369066599,0.6277470675348266
ANX102518A011,ANX,LSR_1,LSR,1,T,T-ANX102518A011,4,2,0.34004564617770283,0.6277470675348266
ANX102518A011,ANX,LSR_1,LSR,1,T,T-ANX102518A011,4,3,0.47058651630232684,0.6277470675348266
ANX102518A011,ANX,LSR_1,LSR,1,T,T-ANX102518A011,4,4,0.553024407835729,0.6277470675348266
ANX102518A011,ANX,MJS_1,MJS,1,T,T-ANX102518A011,5,1,0.4910544971888877,1.1872118616987863
ANX102518A011,ANX,MJS_1,MJS,1,T,T-ANX102518A011,5,2,0.7257914472818774,1.1872118616987863
ANX102518A011,ANX,MJS_1,MJS,1,T,T-ANX102518A011,5,3,0.9362284267982502,1.1872118616987863
ANX102518A011,ANX,MJS_1,MJS,1,T,T-ANX102518A011,5,4,1.087292605818611,1.1872118616987863
ANX102518A011,ANX,MJS_1,MJS,1,T,T-ANX102518A011,5,5,1.1872118616987863,1.1872118616987863
ANX102518A011,ANX,NGA_1,NGA,1,T,T-ANX102518A011,4,1,0.5561620211074972,1.227946466744601
ANX102518A011,ANX,NGA_1,NGA,1,T,T-ANX102518A011,4,2,0.7937899566033657,1.227946466744601
ANX102518A011,ANX,NGA_1,NGA,1,T,T-ANX102518A011,4,3,0.990937956082296,1.227946466744601
ANX102518A011,ANX,NGA_1,NGA,1,T,T-ANX102518A011,4,4,1.1269216286299404,1.227946466744601
ANX102518A012,ANX,JRS_1,JRS,1,T,T-ANX102518A012,4,1,0.3101361795799742,0.7674724104945722
ANX102518A012,ANX,JRS_1,JRS,1,T,T-ANX102518A012,4,2,0.4808675031758026,0.7674724104945722
ANX102518A012,ANX,JRS_1,JRS,1,T,T-ANX102518A012,4,3,0.6041284718156842,0.7674724104945722
ANX102518A012,ANX,JRS_1,JRS,1,T,T-ANX102518A012,4,4,0.6706149360681329,0.7674724104945722
ANX102518A012,ANX,LEL_1,LEL,1,T,T-ANX102518A012,4,1,0.6996853860567219,1.4038042405260924
ANX102518A012,ANX,LEL_1,LEL,1,T,T-ANX102518A012,4,2,0.9439975191072483,1.4038042405260924
ANX102518A012,ANX,LEL_1,LEL,1,T,T-ANX102518A012,4,3,1.140740866257278,1.4038042405260924
ANX102518A012,ANX,LEL_1,LEL,1,T,T-ANX102518A012,4,4,1.268038979418809,1.4038042405260924
ANX102518A012,ANX,LSR_1,LSR,1,T,T-ANX102518A012,4,1,0.30514354437069546,0.6859343522209773
ANX102518A012,ANX,LSR_1,LSR,1,T,T-ANX102518A012,4,2,0.43014184608511985,0.6859343522209773
ANX102518A012,ANX,LSR_1,LSR,1,T,T-ANX102518A012,4,3,0.5203003326385428,0.6859343522209773
ANX102518A012,ANX,LSR_1,LSR,1,T,T-ANX102518A012,4,4,0.6253135031669617,0.6859343522209773
ANX102518A012,ANX,MJS_1,MJS,1,T,T-ANX102518A012,5,1,0.4946245608975659,1.2410051468812606
ANX102518A012,ANX,MJS_1,MJS,1,T,T-ANX102518A012,5,2,0.7661221545737611,1.2410051468812606
ANX102518A012,ANX,MJS_1,MJS,1,T,T-ANX102518A012,5,3,0.9604566585582035,1.2410051468812606
ANX102518A012,ANX,MJS_1,MJS,1,T,T-ANX102518A012,5,4,1.1010751991162175,1.2410051468812606
ANX102518A012,ANX,MJS_1,MJS,1,T,T-ANX102518A012,5,5,1.2410051468812606,1.2410051468812606
ANX102518A012,ANX,NGA_1,NGA,1,T,T-ANX102518A012,4,1,0.5041621729716453,1.265350794064042
ANX102518A012,ANX,NGA_1,NGA,1,T,T-ANX102518A012,4,2,0.7482396576132554,1.265350794064042
ANX102518A012,ANX,NGA_1,NGA,1,T,T-ANX102518A012,4,3,0.9417838130793372,1.265350794064042
ANX102518A012,ANX,NGA_1,NGA,1,T,T-ANX102518A012,4,4,1.0904036349822142,1.265350794064042
ANX102518A014,ANX,JRS_1,JRS,1,T,T-ANX102518A014,2,1,0.4970140950453674,0.7766393421876767
ANX102518A014,ANX,JRS_1,JRS,1,T,T-ANX102518A014,2,2,0.643297899337376,0.7766393421876767
ANX102518A014,ANX,LEL_1,LEL,1,T,T-ANX102518A014,2,1,0.5481930883145321,0.8496104624203784
ANX102518A014,ANX,LEL_1,LEL,1,T,T-ANX102518A014,2,2,0.6908603414591827,0.8496104624203784
ANX102518A014,ANX,LSR_1,LSR,1,T,T-ANX102518A014,2,1,0.3723591296181794,0.6215174176391215
ANX102518A014,ANX,LSR_1,LSR,1,T,T-ANX102518A014,2,2,0.5110715221446918,0.6215174176391215
ANX102518A014,ANX,MJS_1,MJS,1,T,T-ANX102518A014,3,1,0.4351465349397129,0.7499026319624447
ANX102518A014,ANX,MJS_1,MJS,1,T,T-ANX102518A014,3,2,0.6196738826475094,0.7499026319624447
ANX102518A014,ANX,MJS_1,MJS,1,T,T-ANX102518A014,3,3,0.7499026319624447,0.7499026319624447
ANX102518A014,ANX,NGA_1,NGA,1,T,T-ANX102518A014,2,1,0.47750456793037116,0.7699723465481959
ANX102518A014,ANX,NGA_1,NGA,1,T,T-ANX102518A014,2,2,0.6596333099733276,0.7699723465481959
ANX102518A015,ANX,JRS_1,JRS,1,T,T-ANX102518A015,3,1,0.5290942124814355,0.8856187170585478
ANX102518A015,ANX,JRS_1,JRS,1,T,T-ANX102518A015,3,2,0.6880204154549971,0.8856187170585478
ANX102518A015,ANX,JRS_1,JRS,1,T,T-ANX102518A015,3,3,0.7818643259338047,0.8856187170585478
ANX102518A015,ANX,LEL_1,LEL,1,T,T-ANX102518A015,3,1,0.6609697401611029,0.9964064047790203
ANX102518A015,ANX,LEL_1,LEL,1,T,T-ANX102518A015,3,2,0.825386876111818,0.9964064047790203
ANX102518A015,ANX,LEL_1,LEL,1,T,T-ANX102518A015,3,3,0.9174990331619062,0.9964064047790203
ANX102518A015,ANX,LSR_1,LSR,1,T,T-ANX102518A015,4,1,0.24718507045219093,0.6265393443408112
ANX102518A015,ANX,LSR_1,LSR,1,T,T-ANX102518A015,4,2,0.4068860839787725,0.6265393443408112
ANX102518A015,ANX,LSR_1,LSR,1,T,T-ANX102518A015,4,3,0.5200147870893218,0.6265393443408112
ANX102518A015,ANX,LSR_1,LSR,1,T,T-ANX102518A015,4,4,0.5755070551183036,0.6265393443408112
ANX102518A015,ANX,MJS_1,MJS,1,T,T-ANX102518A015,4,1,0.6556536044006143,1.0184450986493323
ANX102518A015,ANX,MJS_1,MJS,1,T,T-ANX102518A015,4,2,0.8109594610040253,1.0184450986493323
ANX102518A015,ANX,MJS_1,MJS,1,T,T-ANX102518A015,4,3,0.9185640519291206,1.0184450986493323
ANX102518A015,ANX,MJS_1,MJS,1,T,T-ANX102518A015,4,4,1.0184450986493323,1.0184450986493323
ANX102518A015,ANX,NGA_1,NGA,1,T,T-ANX102518A015,3,1,0.7852197737768658,1.1503856176991851
ANX102518A015,ANX,NGA_1,NGA,1,T,T-ANX102518A015,3,2,0.9525188559268558,1.1503856176991851
ANX102518A015,ANX,NGA_1,NGA,1,T,T-ANX102518A015,3,3,1.0652569368134222,1.1503856176991851
ANX102518A016,ANX,LEL_1,LEL,1,T,T-ANX102518A016,0,NA,NA,1.1458351682508525
ANX102518J001,ANX,JRS_1,JRS,1,T,T-ANX102518J001,0,NA,NA,0.47864029825510584
ANX102518J001,ANX,LEL_1,LEL,1,T,T-ANX102518J001,0,NA,NA,0.5597793022779819
ANX102518J001,ANX,MJS_1,MJS,1,T,T-ANX102518J001,1,1,0.36827016006180857,0.36827016006180857
ANX102518J001,ANX,NGA_1,NGA,1,T,T-ANX102518J001,3,1,0.2978518749566271,0.5128355955549705
ANX102518J001,ANX,NGA_1,NGA,1,T,T-ANX102518J001,3,2,0.3583470331229222,0.5128355955549705
ANX102518J001,ANX,NGA_1,NGA,1,T,T-ANX102518J001,3,3,0.4192767310688671,0.5128355955549705
ANX102518J002,ANX,JRS_1,JRS,1,T,T-ANX102518J002,0,NA,NA,0.31305633153603446
ANX102518J002,ANX,LEL_1,LEL,1,T,T-ANX102518J002,0,NA,NA,0.5169911539270472
ANX102518J002,ANX,MJS_1,MJS,1,T,T-ANX102518J002,1,1,0.34309684907718246,0.34309684907718246
ANX102518J002,ANX,NGA_1,NGA,1,T,T-ANX102518J002,1,1,0.3267732590214148,0.36314747378054507
ANX102518J003,ANX,JRS_1,JRS,1,T,T-ANX102518J003,0,NA,NA,0.27062664206417236
ANX102518J003,ANX,LEL_1,LEL,1,T,T-ANX102518J003,0,NA,NA,0.35398561191787603
ANX102518J003,ANX,MJS_1,MJS,1,T,T-ANX102518J003,1,1,0.2278000901902892,0.2278000901902892
ANX102518J003,ANX,NGA_1,NGA,1,T,T-ANX102518J003,1,1,0.3124593137680428,0.39999715204180797
ANX102518J004,ANX,JRS_1,JRS,1,T,T-ANX102518J004,0,NA,NA,0.2671920158364616
ANX102518J004,ANX,LEL_1,LEL,1,T,T-ANX102518J004,0,NA,NA,0.5555178915277608
ANX102518J004,ANX,MJS_1,MJS,1,T,T-ANX102518J004,1,1,0.32004796872792174,0.32004796872792174
ANX102518J004,ANX,NGA_1,NGA,1,T,T-ANX102518J004,1,1,0.2637749783232244,0.3480821127262854
ANX102518J006,ANX,JRS_1,JRS,1,T,T-ANX102518J006,1,1,0.26023583525570465,0.9270582742644231
ANX102518J006,ANX,LEL_1,LEL,1,T,T-ANX102518J006,0,NA,NA,0.44367651556596033
ANX102518J006,ANX,MJS_1,MJS,1,T,T-ANX102518J006,1,1,0.3777927180840254,0.3777927180840254
ANX102518J006,ANX,NGA_1,NGA,1,T,T-ANX102518J006,1,1,0.3893340575689708,0.4322490932873626
ANX102518J007,ANX,JRS_1,JRS,1,T,T-ANX102518J007,0,NA,NA,0.334421703693521
ANX102518J007,ANX,LEL_1,LEL,1,T,T-ANX102518J007,0,NA,NA,0.5335469573448448
ANX102518J007,ANX,MJS_1,MJS,1,T,T-ANX102518J007,1,1,0.4040471128984495,0.4040471128984495
ANX102518J007,ANX,NGA_1,NGA,1,T,T-ANX102518J007,1,1,0.5577501740449439,0.6315236501823072
ANX102518J008,ANX,JRS_1,JRS,1,T,T-ANX102518J008,0,NA,NA,0.4227339918191621
ANX102518J008,ANX,LEL_1,LEL,1,T,T-ANX102518J008,0,NA,NA,0.48519114825777393
ANX102518J008,ANX,MJS_1,MJS,1,T,T-ANX102518J008,1,1,0.33659820683531966,0.33659820683531966
ANX102518J008,ANX,NGA_1,NGA,1,T,T-ANX102518J008,0,NA,NA,0.405246796047109
ANX102518J009,ANX,JRS_1,JRS,1,T,T-ANX102518J009,0,NA,NA,0.3786494320453385
ANX102518J009,ANX,LEL_1,LEL,1,T,T-ANX102518J009,0,NA,NA,0.5330198599880884
ANX102518J009,ANX,MJS_1,MJS,1,T,T-ANX102518J009,1,1,0.3639585418429709,0.3639585418429709
ANX102518J009,ANX,NGA_1,NGA,1,T,T-ANX102518J009,1,1,0.3291382095653729,0.3703226690608167
ANX102518J010,ANX,JRS_1,JRS,1,T,T-ANX102518J010,0,NA,NA,0.34101796685107794
ANX102518J010,ANX,LEL_1,LEL,1,T,T-ANX102518J010,0,NA,NA,0.5230044795182326
ANX102518J010,ANX,MJS_1,MJS,1,T,T-ANX102518J010,1,1,0.37093498991558743,0.37093498991558743
ANX102518J010,ANX,NGA_1,NGA,1,T,T-ANX102518J010,0,NA,NA,0.3403503314707516
ANX102518J011,ANX,JRS_1,JRS,1,T,T-ANX102518J011,0,NA,NA,0.5851946271806898
ANX102518J011,ANX,LEL_1,LEL,1,T,T-ANX102518J011,0,NA,NA,0.542898508076879
ANX102518J011,ANX,MJS_1,MJS,1,T,T-ANX102518J011,1,1,0.3652801625779478,0.3652801625779478
ANX102518J011,ANX,NGA_1,NGA,1,T,T-ANX102518J011,1,1,0.5529771212454828,0.6279258908448694
ANX102518J013,ANX,JRS_1,JRS,1,T,T-ANX102518J013,0,NA,NA,0.2436472461181767
ANX102518J013,ANX,LEL_1,LEL,1,T,T-ANX102518J013,0,NA,NA,0.4615899638984185
ANX102518J013,ANX,MJS_1,MJS,1,T,T-ANX102518J013,1,1,0.33717622404041986,0.33717622404041986
ANX102518J013,ANX,NGA_1,NGA,1,T,T-ANX102518J013,1,1,0.30684830369906463,0.35361041953324857
ANX102518J014,ANX,JRS_1,JRS,1,T,T-ANX102518J014,0,NA,NA,0.27142984531873715
ANX102518J014,ANX,LEL_1,LEL,1,T,T-ANX102518J014,0,NA,NA,0.44651656932889805
ANX102518J014,ANX,MJS_1,MJS,1,T,T-ANX102518J014,1,1,0.2245497436964991,0.2245497436964991
ANX102518J014,ANX,NGA_1,NGA,1,T,T-ANX102518J014,0,NA,NA,0.2889948528407362
ANX102518J015,ANX,JRS_1,JRS,1,T,T-ANX102518J015,0,NA,NA,0.3815923997382565
ANX102518J015,ANX,LEL_1,LEL,1,T,T-ANX102518J015,0,NA,NA,0.5468795537783896
ANX102518J015,ANX,MJS_1,MJS,1,T,T-ANX102518J015,1,1,0.3774155429501168,0.3774155429501168
ANX102518J015,ANX,NGA_1,NGA,1,T,T-ANX102518J015,2,1,0.3239834684565037,0.4074199933911272
ANX102518J015,ANX,NGA_1,NGA,1,T,T-ANX102518J015,2,2,0.3571335021503118,0.4074199933911272
ANX102518J016,ANX,JRS_1,JRS,1,T,T-ANX102518J016,0,NA,NA,0.4321331004501271
ANX102518J016,ANX,LEL_1,LEL,1,T,T-ANX102518J016,0,NA,NA,0.5600443572326737
ANX102518J016,ANX,MJS_1,MJS,1,T,T-ANX102518J016,1,1,0.4416565107461918,0.4416565107461918
ANX102518J016,ANX,NGA_1,NGA,1,T,T-ANX102518J016,2,1,0.35198620816655163,0.46057214074733116
ANX102518J016,ANX,NGA_1,NGA,1,T,T-ANX102518J016,2,2,0.40920447018240635,0.46057214074733116
ANX102518J017,ANX,JRS_1,JRS,1,T,T-ANX102518J017,0,NA,NA,0.48723043785264036
ANX102518J017,ANX,LEL_1,LEL,1,T,T-ANX102518J017,0,NA,NA,0.5105091323728973
ANX102518J017,ANX,MJS_1,MJS,1,T,T-ANX102518J017,1,1,0.4060258575142171,0.4060258575142171
ANX102518J017,ANX,NGA_1,NGA,1,T,T-ANX102518J017,1,1,0.33890946878634687,0.3860558715052679
ANX102518J018,ANX,JRS_1,JRS,1,T,T-ANX102518J018,0,NA,NA,0.4828188726833505
ANX102518J018,ANX,LEL_1,LEL,1,T,T-ANX102518J018,0,NA,NA,0.4716978440405361
ANX102518J018,ANX,MJS_1,MJS,1,T,T-ANX102518J018,1,1,0.3528637137458989,0.3528637137458989
ANX102518J018,ANX,NGA_1,NGA,1,T,T-ANX102518J018,2,1,0.29118635018891553,0.3687968793022576
ANX102518J018,ANX,NGA_1,NGA,1,T,T-ANX102518J018,2,2,0.32578145568098577,0.3687968793022576
ANX102518J019,ANX,JRS_1,JRS,1,T,T-ANX102518J019,0,NA,NA,0.581736084088552
ANX102518J019,ANX,LEL_1,LEL,1,T,T-ANX102518J019,0,NA,NA,0.6030524432286116
ANX102518J019,ANX,MJS_1,MJS,1,T,T-ANX102518J019,1,1,0.41551121965654764,0.41551121965654764
ANX102518J019,ANX,NGA_1,NGA,1,T,T-ANX102518J019,3,1,0.25568956667075876,0.4169432655118983
ANX102518J019,ANX,NGA_1,NGA,1,T,T-ANX102518J019,3,2,0.312558965065009,0.4169432655118983
ANX102518J019,ANX,NGA_1,NGA,1,T,T-ANX102518J019,3,3,0.3655677776674838,0.4169432655118983
ANX102518J020,ANX,JRS_1,JRS,1,T,T-ANX102518J020,0,NA,NA,0.4707960474878722
ANX102518J020,ANX,LEL_1,LEL,1,T,T-ANX102518J020,0,NA,NA,0.4608610589465576
ANX102518J020,ANX,MJS_1,MJS,1,T,T-ANX102518J020,1,1,0.33872408334836274,0.33872408334836274
ANX102518J020,ANX,NGA_1,NGA,1,T,T-ANX102518J020,2,1,0.31043849150406144,0.3946115476090781
ANX102518J020,ANX,NGA_1,NGA,1,T,T-ANX102518J020,2,2,0.3636196932993131,0.3946115476090781
ANX102518J021,ANX,JRS_1,JRS,1,T,T-ANX102518J021,0,NA,NA,0.39340963509376053
ANX102518J021,ANX,LEL_1,LEL,1,T,T-ANX102518J021,0,NA,NA,0.45863523019940683
ANX102518J021,ANX,MJS_1,MJS,1,T,T-ANX102518J021,1,1,0.37847151912317556,0.37847151912317556
ANX102518J021,ANX,NGA_1,NGA,1,T,T-ANX102518J021,1,1,0.4399690008321744,0.4760091875109623
ANX102518J022,ANX,JRS_1,JRS,1,T,T-ANX102518J022,0,NA,NA,0.3481560020637856
ANX102518J022,ANX,LEL_1,LEL,1,T,T-ANX102518J022,0,NA,NA,0.524257667129913
ANX102518J022,ANX,MJS_1,MJS,1,T,T-ANX102518J022,1,1,0.38579214658764815,0.38579214658764815
ANX102518J022,ANX,NGA_1,NGA,1,T,T-ANX102518J022,1,1,0.3492180381562138,0.41750042110448327
ANX102518J023,ANX,JRS_1,JRS,1,T,T-ANX102518J023,0,NA,NA,0.4725604886300572
ANX102518J023,ANX,LEL_1,LEL,1,T,T-ANX102518J023,0,NA,NA,0.5773717455353721
ANX102518J023,ANX,MJS_1,MJS,1,T,T-ANX102518J023,1,1,0.38941795171981325,0.38941795171981325
ANX102518J023,ANX,NGA_1,NGA,1,T,T-ANX102518J023,2,1,0.30848395711717,0.3981300096185217
ANX102518J023,ANX,NGA_1,NGA,1,T,T-ANX102518J023,2,2,0.3468273506609667,0.3981300096185217
ANX102518J024,ANX,JRS_1,JRS,1,T,T-ANX102518J024,1,1,0.24684855130966113,0.39144466332345773
ANX102518J024,ANX,LEL_1,LEL,1,T,T-ANX102518J024,0,NA,NA,0.5000992120113541
ANX102518J024,ANX,MJS_1,MJS,1,T,T-ANX102518J024,1,1,0.3652323530500868,0.3652323530500868
ANX102518J024,ANX,NGA_1,NGA,1,T,T-ANX102518J024,1,1,0.29180776702561395,0.37599648548240633
ANX102518J025,ANX,JRS_1,JRS,1,T,T-ANX102518J025,0,NA,NA,0.3982004823329298
ANX102518J025,ANX,LEL_1,LEL,1,T,T-ANX102518J025,0,NA,NA,0.562178688795378
ANX102518J025,ANX,MJS_1,MJS,1,T,T-ANX102518J025,1,1,0.3782739703944466,0.3782739703944466
ANX102518J025,ANX,NGA_1,NGA,1,T,T-ANX102518J025,1,1,0.42462779359491265,0.5133236720755117
ANX111218J001,ANX,JRS_1,JRS,1,T,T-ANX111218J001,0,NA,NA,0.29222269070644585
ANX111218J001,ANX,LEL_1,LEL,1,T,T-ANX111218J001,0,NA,NA,0.4199529479053957
ANX111218J001,ANX,MJS_1,MJS,1,T,T-ANX111218J001,1,1,0.2901438508624041,0.2901438508624041
ANX111218J001,ANX,NGA_1,NGA,1,T,T-ANX111218J001,0,NA,NA,0.3354452184857351
ANX111218J003,ANX,JRS_1,JRS,1,T,T-ANX111218J003,0,NA,NA,0.31923853861076035
ANX111218J003,ANX,LEL_1,LEL,1,T,T-ANX111218J003,0,NA,NA,0.500721894732364
ANX111218J003,ANX,MJS_1,MJS,1,T,T-ANX111218J003,1,1,0.388746057586835,0.388746057586835
ANX111218J003,ANX,NGA_1,NGA,1,T,T-ANX111218J003,1,1,0.3413771264929201,0.3775961800276422
ANX111218J004,ANX,JRS_1,JRS,1,T,T-ANX111218J004,0,NA,NA,0.40492899119772985
ANX111218J004,ANX,LEL_1,LEL,1,T,T-ANX111218J004,0,NA,NA,0.5436725683410838
ANX111218J004,ANX,MJS_1,MJS,1,T,T-ANX111218J004,1,1,0.38216296136545497,0.38216296136545497
ANX111218J004,ANX,NGA_1,NGA,1,T,T-ANX111218J004,1,1,0.355880780085636,0.4000183725782301
ANX112018A001,ANX,JRS_1,JRS,1,T,T-ANX112018A001,0,NA,NA,0.8420631103215794
ANX112018A001,ANX,LEL_1,LEL,1,T,T-ANX112018A001,1,1,0.734913489014679,0.8836926307798789
ANX112018A001,ANX,LSR_1,LSR,1,T,T-ANX112018A001,4,1,0.3535094256357581,0.7589449873381554
ANX112018A001,ANX,LSR_1,LSR,1,T,T-ANX112018A001,4,2,0.4452190883440027,0.7589449873381554
ANX112018A001,ANX,LSR_1,LSR,1,T,T-ANX112018A001,4,3,0.6255081298596765,0.7589449873381554
ANX112018A001,ANX,LSR_1,LSR,1,T,T-ANX112018A001,4,4,0.7129008928949214,0.7589449873381554
ANX112018A001,ANX,MJS_1,MJS,1,T,T-ANX112018A001,3,1,0.36937434904752037,0.7712139942251065
ANX112018A001,ANX,MJS_1,MJS,1,T,T-ANX112018A001,3,2,0.6127358266047299,0.7712139942251065
ANX112018A001,ANX,MJS_1,MJS,1,T,T-ANX112018A001,3,3,0.7712139942251065,0.7712139942251065
ANX112018A002,ANX,JRS_1,JRS,1,T,T-ANX112018A002,3,1,0.43000695250928456,0.915804456323657
ANX112018A002,ANX,JRS_1,JRS,1,T,T-ANX112018A002,3,2,0.6568784604761752,0.915804456323657
ANX112018A002,ANX,JRS_1,JRS,1,T,T-ANX112018A002,3,3,0.7929907634307104,0.915804456323657
ANX112018A002,ANX,LEL_1,LEL,1,T,T-ANX112018A002,3,1,0.5767379754557955,1.024317529163586
ANX112018A002,ANX,LEL_1,LEL,1,T,T-ANX112018A002,3,2,0.782306413375709,1.024317529163586
ANX112018A002,ANX,LEL_1,LEL,1,T,T-ANX112018A002,3,3,0.9199548369205925,1.024317529163586
ANX112018A002,ANX,LSR_1,LSR,1,T,T-ANX112018A002,3,1,0.45494025951545497,0.9298469683853277
ANX112018A002,ANX,LSR_1,LSR,1,T,T-ANX112018A002,3,2,0.6636815426041813,0.9298469683853277
ANX112018A002,ANX,LSR_1,LSR,1,T,T-ANX112018A002,3,3,0.8406851578318475,0.9298469683853277
ANX112018A002,ANX,MJS_1,MJS,1,T,T-ANX112018A002,4,1,0.5244509599628288,1.0163702186092454
ANX112018A002,ANX,MJS_1,MJS,1,T,T-ANX112018A002,4,2,0.7462133875695232,1.0163702186092454
ANX112018A002,ANX,MJS_1,MJS,1,T,T-ANX112018A002,4,3,0.8866465618851876,1.0163702186092454
ANX112018A002,ANX,MJS_1,MJS,1,T,T-ANX112018A002,4,4,1.0163702186092454,1.0163702186092454
ANX112018A002,ANX,NGA_1,NGA,1,T,T-ANX112018A002,3,1,0.6124264114086067,1.081032842909202
ANX112018A002,ANX,NGA_1,NGA,1,T,T-ANX112018A002,3,2,0.8425656982923326,1.081032842909202
ANX112018A002,ANX,NGA_1,NGA,1,T,T-ANX112018A002,3,3,0.94876937496295,1.081032842909202
ANX112018A003,ANX,JRS_1,JRS,1,T,T-ANX112018A003,3,1,0.6383949200607731,1.048100999084871
ANX112018A003,ANX,JRS_1,JRS,1,T,T-ANX112018A003,3,2,0.8121507574184601,1.048100999084871
ANX112018A003,ANX,JRS_1,JRS,1,T,T-ANX112018A003,3,3,0.9433830307605271,1.048100999084871
ANX112018A003,ANX,LEL_1,LEL,1,T,T-ANX112018A003,4,1,0.5526452593793673,1.2081344289560068
ANX112018A003,ANX,LEL_1,LEL,1,T,T-ANX112018A003,4,2,0.745229210063043,1.2081344289560068
ANX112018A003,ANX,LEL_1,LEL,1,T,T-ANX112018A003,4,3,0.9138836162782431,1.2081344289560068
ANX112018A003,ANX,LEL_1,LEL,1,T,T-ANX112018A003,4,4,1.055718534877219,1.2081344289560068
ANX112018A003,ANX,LSR_1,LSR,1,T,T-ANX112018A003,4,1,0.3124105979363941,0.7943046701261867
ANX112018A003,ANX,LSR_1,LSR,1,T,T-ANX112018A003,4,2,0.47412742428576526,0.7943046701261867
ANX112018A003,ANX,LSR_1,LSR,1,T,T-ANX112018A003,4,3,0.6206871050833039,0.7943046701261867
ANX112018A003,ANX,LSR_1,LSR,1,T,T-ANX112018A003,4,4,0.7115045949755019,0.7943046701261867
ANX112018A003,ANX,MJS_1,MJS,1,T,T-ANX112018A003,4,1,0.8818776358205321,1.3676011228208642
ANX112018A003,ANX,MJS_1,MJS,1,T,T-ANX112018A003,4,2,1.0657721673145666,1.3676011228208642
ANX112018A003,ANX,MJS_1,MJS,1,T,T-ANX112018A003,4,3,1.1988679925644128,1.3676011228208642
ANX112018A003,ANX,MJS_1,MJS,1,T,T-ANX112018A003,4,4,1.3676011228208642,1.3676011228208642
ANX112018A003,ANX,NGA_1,NGA,1,T,T-ANX112018A003,3,1,0.7442004612341365,1.2174001672215875
ANX112018A003,ANX,NGA_1,NGA,1,T,T-ANX112018A003,3,2,0.9123092148763869,1.2174001672215875
ANX112018A003,ANX,NGA_1,NGA,1,T,T-ANX112018A003,3,3,1.05204514821308,1.2174001672215875
ANX112018A004,ANX,JRS_1,JRS,1,T,T-ANX112018A004,3,1,0.7138713991702303,1.188070829723213
ANX112018A004,ANX,JRS_1,JRS,1,T,T-ANX112018A004,3,2,0.903910833717479,1.188070829723213
ANX112018A004,ANX,JRS_1,JRS,1,T,T-ANX112018A004,3,3,1.058003558414947,1.188070829723213
ANX112018A004,ANX,LEL_1,LEL,1,T,T-ANX112018A004,4,1,0.6658563882046477,1.2696752238967728
ANX112018A004,ANX,LEL_1,LEL,1,T,T-ANX112018A004,4,2,0.8314759067207141,1.2696752238967728
ANX112018A004,ANX,LEL_1,LEL,1,T,T-ANX112018A004,4,3,0.9877582747927658,1.2696752238967728
ANX112018A004,ANX,LEL_1,LEL,1,T,T-ANX112018A004,4,4,1.1755420354268475,1.2696752238967728
ANX112018A004,ANX,LSR_1,LSR,1,T,T-ANX112018A004,4,1,0.34387903901980854,0.6919618966984378
ANX112018A004,ANX,LSR_1,LSR,1,T,T-ANX112018A004,4,2,0.45224414222503967,0.6919618966984378
ANX112018A004,ANX,LSR_1,LSR,1,T,T-ANX112018A004,4,3,0.5634284730228971,0.6919618966984378
ANX112018A004,ANX,LSR_1,LSR,1,T,T-ANX112018A004,4,4,0.6445855276862975,0.6919618966984378
ANX112018A004,ANX,MJS_1,MJS,1,T,T-ANX112018A004,6,1,0.4861821364211872,1.3020396854628877
ANX112018A004,ANX,MJS_1,MJS,1,T,T-ANX112018A004,6,2,0.6392147842517868,1.3020396854628877
ANX112018A004,ANX,MJS_1,MJS,1,T,T-ANX112018A004,6,3,0.8244081717411487,1.3020396854628877
ANX112018A004,ANX,MJS_1,MJS,1,T,T-ANX112018A004,6,4,1.0242496042288454,1.3020396854628877
ANX112018A004,ANX,MJS_1,MJS,1,T,T-ANX112018A004,6,5,1.1820185069323128,1.3020396854628877
ANX112018A004,ANX,MJS_1,MJS,1,T,T-ANX112018A004,6,6,1.3020396854628877,1.3020396854628877
ANX112018A004,ANX,NGA_1,NGA,1,T,T-ANX112018A004,4,1,0.6534837041169158,1.405491987175145
ANX112018A004,ANX,NGA_1,NGA,1,T,T-ANX112018A004,4,2,0.9514458303544351,1.405491987175145
ANX112018A004,ANX,NGA_1,NGA,1,T,T-ANX112018A004,4,3,1.1252169495053645,1.405491987175145
ANX112018A004,ANX,NGA_1,NGA,1,T,T-ANX112018A004,4,4,1.2705004668730573,1.405491987175145
ANX112018A005,ANX,JRS_1,JRS,1,T,T-ANX112018A005,3,1,0.33952365678748275,0.7978719756098919
ANX112018A005,ANX,JRS_1,JRS,1,T,T-ANX112018A005,3,2,0.5540537356079283,0.7978719756098919
ANX112018A005,ANX,JRS_1,JRS,1,T,T-ANX112018A005,3,3,0.6943256255834087,0.7978719756098919
ANX112018A005,ANX,LEL_1,LEL,1,T,T-ANX112018A005,3,1,0.580444742340326,1.0336767385609855
ANX112018A005,ANX,LEL_1,LEL,1,T,T-ANX112018A005,3,2,0.8212726946229195,1.0336767385609855
ANX112018A005,ANX,LEL_1,LEL,1,T,T-ANX112018A005,3,3,0.9093580678521648,1.0336767385609855
ANX112018A005,ANX,LSR_1,LSR,1,T,T-ANX112018A005,3,1,0.47773803474032334,0.9149815870870504
ANX112018A005,ANX,LSR_1,LSR,1,T,T-ANX112018A005,3,2,0.7055651419163119,0.9149815870870504
ANX112018A005,ANX,LSR_1,LSR,1,T,T-ANX112018A005,3,3,0.8340545120788468,0.9149815870870504
ANX112018A005,ANX,MJS_1,MJS,1,T,T-ANX112018A005,4,1,0.4813216848410396,0.9403295577550784
ANX112018A005,ANX,MJS_1,MJS,1,T,T-ANX112018A005,4,2,0.7057535848596234,0.9403295577550784
ANX112018A005,ANX,MJS_1,MJS,1,T,T-ANX112018A005,4,3,0.8399213395862171,0.9403295577550784
ANX112018A005,ANX,MJS_1,MJS,1,T,T-ANX112018A005,4,4,0.9403295577550784,0.9403295577550784
ANX112018A005,ANX,NGA_1,NGA,1,T,T-ANX112018A005,3,1,0.5410800373857305,1.0211211436664862
ANX112018A005,ANX,NGA_1,NGA,1,T,T-ANX112018A005,3,2,0.7631494490598653,1.0211211436664862
ANX112018A005,ANX,NGA_1,NGA,1,T,T-ANX112018A005,3,3,0.90986855672751,1.0211211436664862
ANX112018A007,ANX,JRS_1,JRS,1,T,T-ANX112018A007,1,1,0.6421769355335406,0.8215976530509627
ANX112018A007,ANX,LEL_1,LEL,1,T,T-ANX112018A007,1,1,0.7823526503252431,0.914861892761001
ANX112018A007,ANX,LSR_1,LSR,1,T,T-ANX112018A007,3,1,0.4512321571067956,0.7095997462759993
ANX112018A007,ANX,LSR_1,LSR,1,T,T-ANX112018A007,3,2,0.5679491865252146,0.7095997462759993
ANX112018A007,ANX,LSR_1,LSR,1,T,T-ANX112018A007,3,3,0.664381470494009,0.7095997462759993
ANX112018A007,ANX,MJS_1,MJS,1,T,T-ANX112018A007,4,1,0.6565109077692873,1.0728165259679323
ANX112018A007,ANX,MJS_1,MJS,1,T,T-ANX112018A007,4,2,0.8657769045254868,1.0728165259679323
ANX112018A007,ANX,MJS_1,MJS,1,T,T-ANX112018A007,4,3,0.9912996745927884,1.0728165259679323
ANX112018A007,ANX,MJS_1,MJS,1,T,T-ANX112018A007,4,4,1.0728165259679323,1.0728165259679323
ANX112018A007,ANX,NGA_1,NGA,1,T,T-ANX112018A007,2,1,0.8564565574511546,1.1608757320358278
ANX112018A007,ANX,NGA_1,NGA,1,T,T-ANX112018A007,2,2,1.0086033745937555,1.1608757320358278
ANX112018A008,ANX,JRS_1,JRS,1,T,T-ANX112018A008,3,1,0.47878332831396697,0.9345003042368358
ANX112018A008,ANX,JRS_1,JRS,1,T,T-ANX112018A008,3,2,0.6780064603540625,0.9345003042368358
ANX112018A008,ANX,JRS_1,JRS,1,T,T-ANX112018A008,3,3,0.8305440940958235,0.9345003042368358
ANX112018A008,ANX,LEL_1,LEL,1,T,T-ANX112018A008,3,1,0.5431576645651037,1.0235890775864145
ANX112018A008,ANX,LEL_1,LEL,1,T,T-ANX112018A008,3,2,0.7680666881807945,1.0235890775864145
ANX112018A008,ANX,LEL_1,LEL,1,T,T-ANX112018A008,3,3,0.9349021480780753,1.0235890775864145
ANX112018A008,ANX,LSR_1,LSR,1,T,T-ANX112018A008,4,1,0.31790625032775316,0.9462831398510554
ANX112018A008,ANX,LSR_1,LSR,1,T,T-ANX112018A008,4,2,0.5028871574423261,0.9462831398510554
ANX112018A008,ANX,LSR_1,LSR,1,T,T-ANX112018A008,4,3,0.6932593366148998,0.9462831398510554
ANX112018A008,ANX,LSR_1,LSR,1,T,T-ANX112018A008,4,4,0.8431030349337865,0.9462831398510554
ANX112018A008,ANX,MJS_1,MJS,1,T,T-ANX112018A008,4,1,0.5537281977236804,1.0317680480339229
ANX112018A008,ANX,MJS_1,MJS,1,T,T-ANX112018A008,4,2,0.7583123823664756,1.0317680480339229
ANX112018A008,ANX,MJS_1,MJS,1,T,T-ANX112018A008,4,3,0.9163653801547756,1.0317680480339229
ANX112018A008,ANX,MJS_1,MJS,1,T,T-ANX112018A008,4,4,1.0317680480339229,1.0317680480339229
ANX112018A008,ANX,NGA_1,NGA,1,T,T-ANX112018A008,3,1,0.5403345087604161,1.0057853067782057
ANX112018A008,ANX,NGA_1,NGA,1,T,T-ANX112018A008,3,2,0.7257263773328828,1.0057853067782057
ANX112018A008,ANX,NGA_1,NGA,1,T,T-ANX112018A008,3,3,0.8815336855343536,1.0057853067782057
ANX112018A009,ANX,JRS_1,JRS,1,T,T-ANX112018A009,5,1,0.5188887870683353,1.0856306820949275
ANX112018A009,ANX,JRS_1,JRS,1,T,T-ANX112018A009,5,2,0.6182606027802046,1.0856306820949275
ANX112018A009,ANX,JRS_1,JRS,1,T,T-ANX112018A009,5,3,0.7123540913520365,1.0856306820949275
ANX112018A009,ANX,JRS_1,JRS,1,T,T-ANX112018A009,5,4,0.8763303963911138,1.0856306820949275
ANX112018A009,ANX,JRS_1,JRS,1,T,T-ANX112018A009,5,5,0.978799575647421,1.0856306820949275
ANX112018A009,ANX,LEL_1,LEL,1,T,T-ANX112018A009,4,1,0.585589815031296,1.1838802335189282
ANX112018A009,ANX,LEL_1,LEL,1,T,T-ANX112018A009,4,2,0.8342715242204749,1.1838802335189282
ANX112018A009,ANX,LEL_1,LEL,1,T,T-ANX112018A009,4,3,0.9936310157040568,1.1838802335189282
ANX112018A009,ANX,LEL_1,LEL,1,T,T-ANX112018A009,4,4,1.089647155986193,1.1838802335189282
ANX112018A009,ANX,LSR_1,LSR,1,T,T-ANX112018A009,4,1,0.49051042932320543,1.0183797081999855
ANX112018A009,ANX,LSR_1,LSR,1,T,T-ANX112018A009,4,2,0.6914256505441516,1.0183797081999855
ANX112018A009,ANX,LSR_1,LSR,1,T,T-ANX112018A009,4,3,0.8345847565615276,1.0183797081999855
ANX112018A009,ANX,LSR_1,LSR,1,T,T-ANX112018A009,4,4,0.9371873597972782,1.0183797081999855
ANX112018A009,ANX,MJS_1,MJS,1,T,T-ANX112018A009,5,1,0.6299102634269304,1.2076792885123382
ANX112018A009,ANX,MJS_1,MJS,1,T,T-ANX112018A009,5,2,0.8251231633426718,1.2076792885123382
ANX112018A009,ANX,MJS_1,MJS,1,T,T-ANX112018A009,5,3,0.9913189597964728,1.2076792885123382
ANX112018A009,ANX,MJS_1,MJS,1,T,T-ANX112018A009,5,4,1.0926178025323208,1.2076792885123382
ANX112018A009,ANX,MJS_1,MJS,1,T,T-ANX112018A009,5,5,1.2076792885123382,1.2076792885123382
ANX112018A009,ANX,NGA_1,NGA,1,T,T-ANX112018A009,4,1,0.7489940121341905,1.357646814712911
ANX112018A009,ANX,NGA_1,NGA,1,T,T-ANX112018A009,4,2,0.9825427316677666,1.357646814712911
ANX112018A009,ANX,NGA_1,NGA,1,T,T-ANX112018A009,4,3,1.1347169512252662,1.357646814712911
ANX112018A009,ANX,NGA_1,NGA,1,T,T-ANX112018A009,4,4,1.2467779410343183,1.357646814712911
JAX111419001,JAX,CJF,CJF,,T,T-JAX111419001,5,1,0.33260507674212,0.8756078869052232
JAX111419001,JAX,CJF,CJF,,T,T-JAX111419001,5,2,0.519066870338117,0.8756078869052232
JAX111419001,JAX,CJF,CJF,,T,T-JAX111419001,5,3,0.6286729469138724,0.8756078869052232
JAX111419001,JAX,CJF,CJF,,T,T-JAX111419001,5,4,0.7143449313764245,0.8756078869052232
JAX111419001,JAX,CJF,CJF,,T,T-JAX111419001,5,5,0.8000150681271933,0.8756078869052232
JAX111419001,JAX,CJF_2,CJF,2,T,T-JAX111419001,5,1,0.3720506881562796,0.9063706024966101
JAX111419001,JAX,CJF_2,CJF,2,T,T-JAX111419001,5,2,0.5510595480014455,0.9063706024966101
JAX111419001,JAX,CJF_2,CJF,2,T,T-JAX111419001,5,3,0.6675967160486423,0.9063706024966101
JAX111419001,JAX,CJF_2,CJF,2,T,T-JAX111419001,5,4,0.7441013763125583,0.9063706024966101
JAX111419001,JAX,CJF_2,CJF,2,T,T-JAX111419001,5,5,0.8285126096351101,0.9063706024966101
JAX111419001,JAX,EMP_1,EMP,1,T,T-JAX111419001,5,1,0.37908244782703787,0.9167836128743805
JAX111419001,JAX,EMP_1,EMP,1,T,T-JAX111419001,5,2,0.5550276233500047,0.9167836128743805
JAX111419001,JAX,EMP_1,EMP,1,T,T-JAX111419001,5,3,0.6685118758326928,0.9167836128743805
JAX111419001,JAX,EMP_1,EMP,1,T,T-JAX111419001,5,4,0.7572088501885034,0.9167836128743805
JAX111419001,JAX,EMP_1,EMP,1,T,T-JAX111419001,5,5,0.8496362344564222,0.9167836128743805
JAX111419001,JAX,JRS_1,JRS,1,T,T-JAX111419001,5,1,0.38069603271954977,0.8908123477646056
JAX111419001,JAX,JRS_1,JRS,1,T,T-JAX111419001,5,2,0.568991054331363,0.8908123477646056
JAX111419001,JAX,JRS_1,JRS,1,T,T-JAX111419001,5,3,0.6573242372963286,0.8908123477646056
JAX111419001,JAX,JRS_1,JRS,1,T,T-JAX111419001,5,4,0.7362082035404097,0.8908123477646056
JAX111419001,JAX,JRS_1,JRS,1,T,T-JAX111419001,5,5,0.8045743076186133,0.8908123477646056
JAX111419001,JAX,LEL_1,LEL,1,T,T-JAX111419001,5,1,0.39914660311217703,0.9109415705044791
JAX111419001,JAX,LEL_1,LEL,1,T,T-JAX111419001,5,2,0.5695149414635239,0.9109415705044791
JAX111419001,JAX,LEL_1,LEL,1,T,T-JAX111419001,5,3,0.6751049098146759,0.9109415705044791
JAX111419001,JAX,LEL_1,LEL,1,T,T-JAX111419001,5,4,0.7689838424663249,0.9109415705044791
JAX111419001,JAX,LEL_1,LEL,1,T,T-JAX111419001,5,5,0.8696488209218327,0.9109415705044791
JAX111419001,JAX,LSR_1,LSR,1,T,T-JAX111419001,4,1,0.5880956201879379,0.9644935823527203
JAX111419001,JAX,LSR_1,LSR,1,T,T-JAX111419001,4,2,0.6885048562822473,0.9644935823527203
JAX111419001,JAX,LSR_1,LSR,1,T,T-JAX111419001,4,3,0.7945632508501015,0.9644935823527203
JAX111419001,JAX,LSR_1,LSR,1,T,T-JAX111419001,4,4,0.8734965731990124,0.9644935823527203
JAX111419001,JAX,MJS_1,MJS,1,T,T-JAX111419001,5,1,0.323947265158994,0.8658289962284699
JAX111419001,JAX,MJS_1,MJS,1,T,T-JAX111419001,5,2,0.5130300374765682,0.8658289962284699
JAX111419001,JAX,MJS_1,MJS,1,T,T-JAX111419001,5,3,0.6175298931811103,0.8658289962284699
JAX111419001,JAX,MJS_1,MJS,1,T,T-JAX111419001,5,4,0.7020375438711244,0.8658289962284699
JAX111419001,JAX,MJS_1,MJS,1,T,T-JAX111419001,5,5,0.7839709030113061,0.8658289962284699
JAX111419002,JAX,CJF,CJF,,T,T-JAX111419002,2,1,0.486726198517051,0.7885447413136647
JAX111419002,JAX,CJF,CJF,,T,T-JAX111419002,2,2,0.6498073811312799,0.7885447413136647
JAX111419002,JAX,CJF_2,CJF,2,T,T-JAX111419002,2,1,0.4169494465023256,0.7148780401538176
JAX111419002,JAX,CJF_2,CJF,2,T,T-JAX111419002,2,2,0.5777645398687852,0.7148780401538176
JAX111419002,JAX,EMP_1,EMP,1,T,T-JAX111419002,2,1,0.44507766451784336,0.7318601133918663
JAX111419002,JAX,EMP_1,EMP,1,T,T-JAX111419002,2,2,0.5944136650267876,0.7318601133918663
JAX111419002,JAX,JRS_1,JRS,1,T,T-JAX111419002,2,1,0.3735723696132292,0.6474619543860052
JAX111419002,JAX,JRS_1,JRS,1,T,T-JAX111419002,2,2,0.5278264461911073,0.6474619543860052
JAX111419002,JAX,LEL_1,LEL,1,T,T-JAX111419002,2,1,0.42068445747148825,0.6974166721535708
JAX111419002,JAX,LEL_1,LEL,1,T,T-JAX111419002,2,2,0.5654958770504463,0.6974166721535708
JAX111419002,JAX,LSR_1,LSR,1,T,T-JAX111419002,2,1,0.40809170835285863,0.6888941201005212
JAX111419002,JAX,LSR_1,LSR,1,T,T-JAX111419002,2,2,0.573199016900086,0.6888941201005212
JAX111419002,JAX,MJS_1,MJS,1,T,T-JAX111419002,2,1,0.3962904044387212,0.6838104783861011
JAX111419002,JAX,MJS_1,MJS,1,T,T-JAX111419002,2,2,0.5488815120162869,0.6838104783861011
JAX111419003,JAX,CJF,CJF,,T,T-JAX111419003,3,1,0.32954068257860347,0.7118573786066146
JAX111419003,JAX,CJF,CJF,,T,T-JAX111419003,3,2,0.48424041079684754,0.7118573786066146
JAX111419003,JAX,CJF,CJF,,T,T-JAX111419003,3,3,0.5986576867308621,0.7118573786066146
JAX111419003,JAX,CJF_2,CJF,2,T,T-JAX111419003,2,1,0.5021182746108993,0.7089403638367131
JAX111419003,JAX,CJF_2,CJF,2,T,T-JAX111419003,2,2,0.6264535105625142,0.7089403638367131
JAX111419003,JAX,EMP_1,EMP,1,T,T-JAX111419003,3,1,0.41972115095639356,0.7940012057104266
JAX111419003,JAX,EMP_1,EMP,1,T,T-JAX111419003,3,2,0.5897585960496987,0.7940012057104266
JAX111419003,JAX,EMP_1,EMP,1,T,T-JAX111419003,3,3,0.7094703104542707,0.7940012057104266
JAX111419003,JAX,JRS_1,JRS,1,T,T-JAX111419003,2,1,0.5626553787023358,0.7655667942722832
JAX111419003,JAX,JRS_1,JRS,1,T,T-JAX111419003,2,2,0.6798314370059271,0.7655667942722832
JAX111419003,JAX,LEL_1,LEL,1,T,T-JAX111419003,3,1,0.3802889831905959,0.7284861813019092
JAX111419003,JAX,LEL_1,LEL,1,T,T-JAX111419003,3,2,0.5307250498711952,0.7284861813019092
JAX111419003,JAX,LEL_1,LEL,1,T,T-JAX111419003,3,3,0.6569463023555224,0.7284861813019092
JAX111419003,JAX,LSR_1,LSR,1,T,T-JAX111419003,3,1,0.3914906886081515,0.7523514769644384
JAX111419003,JAX,LSR_1,LSR,1,T,T-JAX111419003,3,2,0.5566001346940501,0.7523514769644384
JAX111419003,JAX,LSR_1,LSR,1,T,T-JAX111419003,3,3,0.6740497404630211,0.7523514769644384
JAX111419003,JAX,MJS_1,MJS,1,T,T-JAX111419003,3,1,0.4042006512200177,0.7623690482315183
JAX111419003,JAX,MJS_1,MJS,1,T,T-JAX111419003,3,2,0.5508922172665026,0.7623690482315183
JAX111419003,JAX,MJS_1,MJS,1,T,T-JAX111419003,3,3,0.6668956138406431,0.7623690482315183
JAX111419004,JAX,CJF,CJF,,T,T-JAX111419004,5,1,0.44642627354716224,1.0132285060834387
JAX111419004,JAX,CJF,CJF,,T,T-JAX111419004,5,2,0.6334162566047918,1.0132285060834387
JAX111419004,JAX,CJF,CJF,,T,T-JAX111419004,5,3,0.761790890139377,1.0132285060834387
JAX111419004,JAX,CJF,CJF,,T,T-JAX111419004,5,4,0.8608578489124403,1.0132285060834387
JAX111419004,JAX,CJF,CJF,,T,T-JAX111419004,5,5,0.9412404351741984,1.0132285060834387
JAX111419004,JAX,CJF_2,CJF,2,T,T-JAX111419004,5,1,0.49997570868022245,1.0262079044026677
JAX111419004,JAX,CJF_2,CJF,2,T,T-JAX111419004,5,2,0.6860393696341771,1.0262079044026677
JAX111419004,JAX,CJF_2,CJF,2,T,T-JAX111419004,5,3,0.8294005463469606,1.0262079044026677
JAX111419004,JAX,CJF_2,CJF,2,T,T-JAX111419004,5,4,0.8942513278842767,1.0262079044026677
JAX111419004,JAX,CJF_2,CJF,2,T,T-JAX111419004,5,5,0.9665280528455084,1.0262079044026677
JAX111419004,JAX,EMP_1,EMP,1,T,T-JAX111419004,6,1,0.36947150709361004,0.9841193807732542
JAX111419004,JAX,EMP_1,EMP,1,T,T-JAX111419004,6,2,0.5522207277919072,0.9841193807732542
JAX111419004,JAX,EMP_1,EMP,1,T,T-JAX111419004,6,3,0.6872931601260384,0.9841193807732542
JAX111419004,JAX,EMP_1,EMP,1,T,T-JAX111419004,6,4,0.7542643243430321,0.9841193807732542
JAX111419004,JAX,EMP_1,EMP,1,T,T-JAX111419004,6,5,0.8183925267631552,0.9841193807732542
JAX111419004,JAX,EMP_1,EMP,1,T,T-JAX111419004,6,6,0.8842335870800061,0.9841193807732542
JAX111419004,JAX,JRS_1,JRS,1,T,T-JAX111419004,5,1,0.07633748043834568,0.9303530536164035
JAX111419004,JAX,JRS_1,JRS,1,T,T-JAX111419004,5,2,0.17213325372172553,0.9303530536164035
JAX111419004,JAX,JRS_1,JRS,1,T,T-JAX111419004,5,3,0.2680960099209577,0.9303530536164035
JAX111419004,JAX,JRS_1,JRS,1,T,T-JAX111419004,5,4,0.39305258453605985,0.9303530536164035
JAX111419004,JAX,JRS_1,JRS,1,T,T-JAX111419004,5,5,0.557479969460444,0.9303530536164035
JAX111419004,JAX,LEL_1,LEL,1,T,T-JAX111419004,6,1,0.3405387897800245,1.049862299063148
JAX111419004,JAX,LEL_1,LEL,1,T,T-JAX111419004,6,2,0.4957000826346979,1.049862299063148
JAX111419004,JAX,LEL_1,LEL,1,T,T-JAX111419004,6,3,0.6793835543801392,1.049862299063148
JAX111419004,JAX,LEL_1,LEL,1,T,T-JAX111419004,6,4,0.8288404114566588,1.049862299063148
JAX111419004,JAX,LEL_1,LEL,1,T,T-JAX111419004,6,5,0.9153754194381208,1.049862299063148
JAX111419004,JAX,LEL_1,LEL,1,T,T-JAX111419004,6,6,0.987389754671151,1.049862299063148
JAX111419004,JAX,LSR_1,LSR,1,T,T-JAX111419004,5,1,0.24244718204331062,0.6178152833480948
JAX111419004,JAX,LSR_1,LSR,1,T,T-JAX111419004,5,2,0.35728932377957934,0.6178152833480948
JAX111419004,JAX,LSR_1,LSR,1,T,T-JAX111419004,5,3,0.44014041018647865,0.6178152833480948
JAX111419004,JAX,LSR_1,LSR,1,T,T-JAX111419004,5,4,0.5182742526563373,0.6178152833480948
JAX111419004,JAX,LSR_1,LSR,1,T,T-JAX111419004,5,5,0.5596997958597874,0.6178152833480948
JAX111419004,JAX,MJS_1,MJS,1,T,T-JAX111419004,5,1,0.3545203876615257,0.9021271409955474
JAX111419004,JAX,MJS_1,MJS,1,T,T-JAX111419004,5,2,0.5499771445086024,0.9021271409955474
JAX111419004,JAX,MJS_1,MJS,1,T,T-JAX111419004,5,3,0.6995415376163332,0.9021271409955474
JAX111419004,JAX,MJS_1,MJS,1,T,T-JAX111419004,5,4,0.7818447003967007,0.9021271409955474
JAX111419004,JAX,MJS_1,MJS,1,T,T-JAX111419004,5,5,0.8649321025657967,0.9021271409955474
JAX111419005,JAX,CJF,CJF,,T,T-JAX111419005,2,1,0.42900591932812926,0.7534388303222235
JAX111419005,JAX,CJF,CJF,,T,T-JAX111419005,2,2,0.6117942619546347,0.7534388303222235
JAX111419005,JAX,CJF_2,CJF,2,T,T-JAX111419005,2,1,0.483766886267957,0.8050269281728116
JAX111419005,JAX,CJF_2,CJF,2,T,T-JAX111419005,2,2,0.6662182664327619,0.8050269281728116
JAX111419005,JAX,EMP_1,EMP,1,T,T-JAX111419005,2,1,0.45944841615631116,0.7499827049269397
JAX111419005,JAX,EMP_1,EMP,1,T,T-JAX111419005,2,2,0.6281460125482965,0.7499827049269397
JAX111419005,JAX,JRS_1,JRS,1,T,T-JAX111419005,2,1,0.45591577444959536,0.7437805677137287
JAX111419005,JAX,JRS_1,JRS,1,T,T-JAX111419005,2,2,0.6409494526711579,0.7437805677137287
JAX111419005,JAX,LEL_1,LEL,1,T,T-JAX111419005,2,1,0.44175691045358456,0.7608350967185402
JAX111419005,JAX,LEL_1,LEL,1,T,T-JAX111419005,2,2,0.5939239297972927,0.7608350967185402
JAX111419005,JAX,LSR_1,LSR,1,T,T-JAX111419005,4,1,0.4113732088103084,0.7172620317262547
JAX111419005,JAX,LSR_1,LSR,1,T,T-JAX111419005,4,2,0.48724434031978453,0.7172620317262547
JAX111419005,JAX,LSR_1,LSR,1,T,T-JAX111419005,4,3,0.5560184908242508,0.7172620317262547
JAX111419005,JAX,LSR_1,LSR,1,T,T-JAX111419005,4,4,0.65678701066582,0.7172620317262547
JAX111419005,JAX,MJS_1,MJS,1,T,T-JAX111419005,2,1,0.4039704689869486,0.7012793790089892
JAX111419005,JAX,MJS_1,MJS,1,T,T-JAX111419005,2,2,0.5793684996235091,0.7012793790089892
JAX111419006,JAX,CJF,CJF,,T,T-JAX111419006,3,1,0.42991106123118655,0.7402102387546154
JAX111419006,JAX,CJF,CJF,,T,T-JAX111419006,3,2,0.544434258689368,0.7402102387546154
JAX111419006,JAX,CJF,CJF,,T,T-JAX111419006,3,3,0.6414178955421642,0.7402102387546154
JAX111419006,JAX,CJF_2,CJF,2,T,T-JAX111419006,3,1,0.44548596964219694,0.8012018330264932
JAX111419006,JAX,CJF_2,CJF,2,T,T-JAX111419006,3,2,0.5893621671816641,0.8012018330264932
JAX111419006,JAX,CJF_2,CJF,2,T,T-JAX111419006,3,3,0.7053082922675176,0.8012018330264932
JAX111419006,JAX,EMP_1,EMP,1,T,T-JAX111419006,3,1,0.39476011570546443,0.6897411016605428
JAX111419006,JAX,EMP_1,EMP,1,T,T-JAX111419006,3,2,0.512554661828134,0.6897411016605428
JAX111419006,JAX,EMP_1,EMP,1,T,T-JAX111419006,3,3,0.6250035633579151,0.6897411016605428
JAX111419006,JAX,JRS_1,JRS,1,T,T-JAX111419006,3,1,0.29765990460209224,0.6503274405602126
JAX111419006,JAX,JRS_1,JRS,1,T,T-JAX111419006,3,2,0.4253629767770347,0.6503274405602126
JAX111419006,JAX,JRS_1,JRS,1,T,T-JAX111419006,3,3,0.5466891134000662,0.6503274405602126
JAX111419006,JAX,LEL_1,LEL,1,T,T-JAX111419006,3,1,0.4120974308261912,0.724112747960143
JAX111419006,JAX,LEL_1,LEL,1,T,T-JAX111419006,3,2,0.5179735370041024,0.724112747960143
JAX111419006,JAX,LEL_1,LEL,1,T,T-JAX111419006,3,3,0.6360146795982035,0.724112747960143
JAX111419006,JAX,LSR_1,LSR,1,T,T-JAX111419006,3,1,0.28650869406910995,0.5744105165458561
JAX111419006,JAX,LSR_1,LSR,1,T,T-JAX111419006,3,2,0.36227029482555256,0.5744105165458561
JAX111419006,JAX,LSR_1,LSR,1,T,T-JAX111419006,3,3,0.4683005694975777,0.5744105165458561
JAX111419006,JAX,MJS_1,MJS,1,T,T-JAX111419006,3,1,0.2875562275944697,0.6020038160170801
JAX111419006,JAX,MJS_1,MJS,1,T,T-JAX111419006,3,2,0.4072368236781698,0.6020038160170801
JAX111419006,JAX,MJS_1,MJS,1,T,T-JAX111419006,3,3,0.5129277838026394,0.6020038160170801
JAX111419007,JAX,CJF,CJF,,T,T-JAX111419007,4,1,0.4254003261059396,0.9028202675499747
JAX111419007,JAX,CJF,CJF,,T,T-JAX111419007,4,2,0.5979319976397355,0.9028202675499747
JAX111419007,JAX,CJF,CJF,,T,T-JAX111419007,4,3,0.7262921499426169,0.9028202675499747
JAX111419007,JAX,CJF,CJF,,T,T-JAX111419007,4,4,0.8265850367960563,0.9028202675499747
JAX111419007,JAX,CJF_2,CJF,2,T,T-JAX111419007,4,1,0.44704391333614185,0.9279719604478053
JAX111419007,JAX,CJF_2,CJF,2,T,T-JAX111419007,4,2,0.6262480440420831,0.9279719604478053
JAX111419007,JAX,CJF_2,CJF,2,T,T-JAX111419007,4,3,0.7388471761549157,0.9279719604478053
JAX111419007,JAX,CJF_2,CJF,2,T,T-JAX111419007,4,4,0.8334095683013603,0.9279719604478053
JAX111419007,JAX,EMP_1,EMP,1,T,T-JAX111419007,4,1,0.3855787077399887,0.8376317287187574
JAX111419007,JAX,EMP_1,EMP,1,T,T-JAX111419007,4,2,0.550943927613971,0.8376317287187574
JAX111419007,JAX,EMP_1,EMP,1,T,T-JAX111419007,4,3,0.665701119110688,0.8376317287187574
JAX111419007,JAX,EMP_1,EMP,1,T,T-JAX111419007,4,4,0.7562485280411202,0.8376317287187574
JAX111419007,JAX,JRS_1,JRS,1,T,T-JAX111419007,4,1,0.35068601593073184,0.8109708653696668
JAX111419007,JAX,JRS_1,JRS,1,T,T-JAX111419007,4,2,0.5246178469674121,0.8109708653696668
JAX111419007,JAX,JRS_1,JRS,1,T,T-JAX111419007,4,3,0.6396459771113433,0.8109708653696668
JAX111419007,JAX,JRS_1,JRS,1,T,T-JAX111419007,4,4,0.7200083712521856,0.8109708653696668
JAX111419007,JAX,LEL_1,LEL,1,T,T-JAX111419007,4,1,0.3781952825822403,0.8629374116097532
JAX111419007,JAX,LEL_1,LEL,1,T,T-JAX111419007,4,2,0.5632522726272036,0.8629374116097532
JAX111419007,JAX,LEL_1,LEL,1,T,T-JAX111419007,4,3,0.6738893414941363,0.8629374116097532
JAX111419007,JAX,LEL_1,LEL,1,T,T-JAX111419007,4,4,0.7804956733500128,0.8629374116097532
JAX111419007,JAX,LSR_1,LSR,1,T,T-JAX111419007,4,1,0.4819314845084882,0.9171534809045383
JAX111419007,JAX,LSR_1,LSR,1,T,T-JAX111419007,4,2,0.6478949420305304,0.9171534809045383
JAX111419007,JAX,LSR_1,LSR,1,T,T-JAX111419007,4,3,0.7427728883309999,0.9171534809045383
JAX111419007,JAX,LSR_1,LSR,1,T,T-JAX111419007,4,4,0.8485818873516795,0.9171534809045383
JAX111419007,JAX,MJS_1,MJS,1,T,T-JAX111419007,4,1,0.37603846135687596,0.8137061822004484
JAX111419007,JAX,MJS_1,MJS,1,T,T-JAX111419007,4,2,0.545381925339333,0.8137061822004484
JAX111419007,JAX,MJS_1,MJS,1,T,T-JAX111419007,4,3,0.6559721868695576,0.8137061822004484
JAX111419007,JAX,MJS_1,MJS,1,T,T-JAX111419007,4,4,0.7292109150078205,0.8137061822004484
JAX111419008,JAX,CJF,CJF,,T,T-JAX111419008,4,1,0.4190094048922314,0.931648599738982
JAX111419008,JAX,CJF,CJF,,T,T-JAX111419008,4,2,0.5848003447579695,0.931648599738982
JAX111419008,JAX,CJF,CJF,,T,T-JAX111419008,4,3,0.7038350119356085,0.931648599738982
JAX111419008,JAX,CJF,CJF,,T,T-JAX111419008,4,4,0.8206036514993041,0.931648599738982
JAX111419008,JAX,CJF_2,CJF,2,T,T-JAX111419008,4,1,0.5563776714340154,1.0050579653059848
JAX111419008,JAX,CJF_2,CJF,2,T,T-JAX111419008,4,2,0.729973659360116,1.0050579653059848
JAX111419008,JAX,CJF_2,CJF,2,T,T-JAX111419008,4,3,0.8331796102308187,1.0050579653059848
JAX111419008,JAX,CJF_2,CJF,2,T,T-JAX111419008,4,4,0.928330962313739,1.0050579653059848
JAX111419008,JAX,EMP_1,EMP,1,T,T-JAX111419008,4,1,0.511866914452426,1.0504391764624252
JAX111419008,JAX,EMP_1,EMP,1,T,T-JAX111419008,4,2,0.7382012238223818,1.0504391764624252
JAX111419008,JAX,EMP_1,EMP,1,T,T-JAX111419008,4,3,0.8406997150918638,1.0504391764624252
JAX111419008,JAX,EMP_1,EMP,1,T,T-JAX111419008,4,4,0.9312746312446852,1.0504391764624252
JAX111419008,JAX,JRS_1,JRS,1,T,T-JAX111419008,4,1,0.46533061847299767,0.874768582672208
JAX111419008,JAX,JRS_1,JRS,1,T,T-JAX111419008,4,2,0.5665153726102491,0.874768582672208
JAX111419008,JAX,JRS_1,JRS,1,T,T-JAX111419008,4,3,0.6847579266044858,0.874768582672208
JAX111419008,JAX,JRS_1,JRS,1,T,T-JAX111419008,4,4,0.7759383791232153,0.874768582672208
JAX111419008,JAX,LEL_1,LEL,1,T,T-JAX111419008,4,1,0.4497150500176675,0.9419000001597772
JAX111419008,JAX,LEL_1,LEL,1,T,T-JAX111419008,4,2,0.6176147809877762,0.9419000001597772
JAX111419008,JAX,LEL_1,LEL,1,T,T-JAX111419008,4,3,0.7115946282377289,0.9419000001597772
JAX111419008,JAX,LEL_1,LEL,1,T,T-JAX111419008,4,4,0.8487871472562122,0.9419000001597772
JAX111419008,JAX,LSR_1,LSR,1,T,T-JAX111419008,4,1,0.35206785655386785,0.6791472566195047
JAX111419008,JAX,LSR_1,LSR,1,T,T-JAX111419008,4,2,0.4984965733260648,0.6791472566195047
JAX111419008,JAX,LSR_1,LSR,1,T,T-JAX111419008,4,3,0.5713321551221078,0.6791472566195047
JAX111419008,JAX,LSR_1,LSR,1,T,T-JAX111419008,4,4,0.6231207166575804,0.6791472566195047
JAX111419008,JAX,MJS_1,MJS,1,T,T-JAX111419008,4,1,0.4255299784732837,0.9094286501274769
JAX111419008,JAX,MJS_1,MJS,1,T,T-JAX111419008,4,2,0.6111203296499749,0.9094286501274769
JAX111419008,JAX,MJS_1,MJS,1,T,T-JAX111419008,4,3,0.7201093678774051,0.9094286501274769
JAX111419008,JAX,MJS_1,MJS,1,T,T-JAX111419008,4,4,0.7866330895753827,0.9094286501274769
JAX111419009,JAX,CJF,CJF,,T,T-JAX111419009,3,1,0.4346086333383809,0.8994018413405342
JAX111419009,JAX,CJF,CJF,,T,T-JAX111419009,3,2,0.6297490042305485,0.8994018413405342
JAX111419009,JAX,CJF,CJF,,T,T-JAX111419009,3,3,0.7562901268735205,0.8994018413405342
JAX111419009,JAX,CJF_2,CJF,2,T,T-JAX111419009,3,1,0.4610470653493822,0.9081564111516869
JAX111419009,JAX,CJF_2,CJF,2,T,T-JAX111419009,3,2,0.6496904587363797,0.9081564111516869
JAX111419009,JAX,CJF_2,CJF,2,T,T-JAX111419009,3,3,0.7789666863271539,0.9081564111516869
JAX111419009,JAX,EMP_1,EMP,1,T,T-JAX111419009,3,1,0.40317161949348784,0.7990158284307698
JAX111419009,JAX,EMP_1,EMP,1,T,T-JAX111419009,3,2,0.5762528304715331,0.7990158284307698
JAX111419009,JAX,EMP_1,EMP,1,T,T-JAX111419009,3,3,0.6959885491902816,0.7990158284307698
JAX111419009,JAX,JRS_1,JRS,1,T,T-JAX111419009,3,1,0.40311683214204774,0.8534687959254135
JAX111419009,JAX,JRS_1,JRS,1,T,T-JAX111419009,3,2,0.6016083651059685,0.8534687959254135
JAX111419009,JAX,JRS_1,JRS,1,T,T-JAX111419009,3,3,0.715614210948873,0.8534687959254135
JAX111419009,JAX,LEL_1,LEL,1,T,T-JAX111419009,3,1,0.4157301415696699,0.8648122569043242
JAX111419009,JAX,LEL_1,LEL,1,T,T-JAX111419009,3,2,0.5766266642681472,0.8648122569043242
JAX111419009,JAX,LEL_1,LEL,1,T,T-JAX111419009,3,3,0.7220559013689867,0.8648122569043242
JAX111419009,JAX,LSR_1,LSR,1,T,T-JAX111419009,4,1,0.3506386403791981,0.7138917913325431
JAX111419009,JAX,LSR_1,LSR,1,T,T-JAX111419009,4,2,0.4666809492658288,0.7138917913325431
JAX111419009,JAX,LSR_1,LSR,1,T,T-JAX111419009,4,3,0.552569721467988,0.7138917913325431
JAX111419009,JAX,LSR_1,LSR,1,T,T-JAX111419009,4,4,0.6075996016158268,0.7138917913325431
JAX111419009,JAX,MJS_1,MJS,1,T,T-JAX111419009,3,1,0.3691847216120751,0.8251053353626784
JAX111419009,JAX,MJS_1,MJS,1,T,T-JAX111419009,3,2,0.5734800373672111,0.8251053353626784
JAX111419009,JAX,MJS_1,MJS,1,T,T-JAX111419009,3,3,0.6929600785303016,0.8251053353626784
JAX111419010,JAX,CJF,CJF,,T,T-JAX111419010,3,1,0.513643967764576,0.9280556590517672
JAX111419010,JAX,CJF,CJF,,T,T-JAX111419010,3,2,0.6748102732875438,0.9280556590517672
JAX111419010,JAX,CJF,CJF,,T,T-JAX111419010,3,3,0.8263132214913972,0.9280556590517672
JAX111419010,JAX,CJF_2,CJF,2,T,T-JAX111419010,3,1,0.5296424753254301,0.922610334721273
JAX111419010,JAX,CJF_2,CJF,2,T,T-JAX111419010,3,2,0.6945003133023275,0.922610334721273
JAX111419010,JAX,CJF_2,CJF,2,T,T-JAX111419010,3,3,0.829485393882021,0.922610334721273
JAX111419010,JAX,EMP_1,EMP,1,T,T-JAX111419010,3,1,0.4070270029520399,0.834266547687175
JAX111419010,JAX,EMP_1,EMP,1,T,T-JAX111419010,3,2,0.5594856705125271,0.834266547687175
JAX111419010,JAX,EMP_1,EMP,1,T,T-JAX111419010,3,3,0.6797709955430937,0.834266547687175
JAX111419010,JAX,JRS_1,JRS,1,T,T-JAX111419010,3,1,0.3663630469306212,0.7719267525383475
JAX111419010,JAX,JRS_1,JRS,1,T,T-JAX111419010,3,2,0.5396641961415778,0.7719267525383475
JAX111419010,JAX,JRS_1,JRS,1,T,T-JAX111419010,3,3,0.6763103062123037,0.7719267525383475
JAX111419010,JAX,LEL_1,LEL,1,T,T-JAX111419010,3,1,0.4532376956190996,0.8941629628943876
JAX111419010,JAX,LEL_1,LEL,1,T,T-JAX111419010,3,2,0.6192235580623386,0.8941629628943876
JAX111419010,JAX,LEL_1,LEL,1,T,T-JAX111419010,3,3,0.7609562263590537,0.8941629628943876
JAX111419010,JAX,LSR_1,LSR,1,T,T-JAX111419010,4,1,0.2611173078016975,0.6244411791074558
JAX111419010,JAX,LSR_1,LSR,1,T,T-JAX111419010,4,2,0.3307612626234169,0.6244411791074558
JAX111419010,JAX,LSR_1,LSR,1,T,T-JAX111419010,4,3,0.45910535498807564,0.6244411791074558
JAX111419010,JAX,LSR_1,LSR,1,T,T-JAX111419010,4,4,0.5609643233031314,0.6244411791074558
JAX111419010,JAX,MJS_1,MJS,1,T,T-JAX111419010,3,1,0.4133656411075124,0.8233550890614154
JAX111419010,JAX,MJS_1,MJS,1,T,T-JAX111419010,3,2,0.5946227914302018,0.8233550890614154
JAX111419010,JAX,MJS_1,MJS,1,T,T-JAX111419010,3,3,0.7204922698929461,0.8233550890614154
JAX111419011,JAX,CJF,CJF,,T,T-JAX111419011,3,1,0.4110762288444039,0.772175343260592
JAX111419011,JAX,CJF,CJF,,T,T-JAX111419011,3,2,0.541944202869791,0.772175343260592
JAX111419011,JAX,CJF,CJF,,T,T-JAX111419011,3,3,0.6555460438004419,0.772175343260592
JAX111419011,JAX,CJF_2,CJF,2,T,T-JAX111419011,2,1,0.5335994954209005,0.761979656591685
JAX111419011,JAX,CJF_2,CJF,2,T,T-JAX111419011,2,2,0.649537798711772,0.761979656591685
JAX111419011,JAX,EMP_1,EMP,1,T,T-JAX111419011,3,1,0.3522929268586321,0.663631565922614
JAX111419011,JAX,EMP_1,EMP,1,T,T-JAX111419011,3,2,0.4484211506899374,0.663631565922614
JAX111419011,JAX,EMP_1,EMP,1,T,T-JAX111419011,3,3,0.5651066801428728,0.663631565922614
JAX111419011,JAX,JRS_1,JRS,1,T,T-JAX111419011,2,1,0.5135969184184636,0.7360218411887894
JAX111419011,JAX,JRS_1,JRS,1,T,T-JAX111419011,2,2,0.628437205696147,0.7360218411887894
JAX111419011,JAX,LEL_1,LEL,1,T,T-JAX111419011,3,1,0.45405869762446927,0.8051413863528799
JAX111419011,JAX,LEL_1,LEL,1,T,T-JAX111419011,3,2,0.5891278436728394,0.8051413863528799
JAX111419011,JAX,LEL_1,LEL,1,T,T-JAX111419011,3,3,0.6910558060731251,0.8051413863528799
JAX111419011,JAX,LSR_1,LSR,1,T,T-JAX111419011,3,1,0.4573926085618846,0.7629826741235258
JAX111419011,JAX,LSR_1,LSR,1,T,T-JAX111419011,3,2,0.5582750770711737,0.7629826741235258
JAX111419011,JAX,LSR_1,LSR,1,T,T-JAX111419011,3,3,0.6603206858707891,0.7629826741235258
JAX111419011,JAX,MJS_1,MJS,1,T,T-JAX111419011,3,1,0.29014293875030694,0.5861471757734751
JAX111419011,JAX,MJS_1,MJS,1,T,T-JAX111419011,3,2,0.38265839418245085,0.5861471757734751
JAX111419011,JAX,MJS_1,MJS,1,T,T-JAX111419011,3,3,0.49363172034133074,0.5861471757734751
JAX111419012,JAX,CJF,CJF,,T,T-JAX111419012,4,1,0.5223750613555223,1.0544474455747928
JAX111419012,JAX,CJF,CJF,,T,T-JAX111419012,4,2,0.7100516184071187,1.0544474455747928
JAX111419012,JAX,CJF,CJF,,T,T-JAX111419012,4,3,0.845234103645461,1.0544474455747928
JAX111419012,JAX,CJF,CJF,,T,T-JAX111419012,4,4,0.9350805763994807,1.0544474455747928
JAX111419012,JAX,CJF_2,CJF,2,T,T-JAX111419012,4,1,0.5650331401050801,1.0563039688600853
JAX111419012,JAX,CJF_2,CJF,2,T,T-JAX111419012,4,2,0.7701690314867241,1.0563039688600853
JAX111419012,JAX,CJF_2,CJF,2,T,T-JAX111419012,4,3,0.8787976027170238,1.0563039688600853
JAX111419012,JAX,CJF_2,CJF,2,T,T-JAX111419012,4,4,0.9719178997876964,1.0563039688600853
JAX111419012,JAX,EMP_1,EMP,1,T,T-JAX111419012,4,1,0.48766040696675905,1.0035473302868299
JAX111419012,JAX,EMP_1,EMP,1,T,T-JAX111419012,4,2,0.683140087812364,1.0035473302868299
JAX111419012,JAX,EMP_1,EMP,1,T,T-JAX111419012,4,3,0.7980103701878388,1.0035473302868299
JAX111419012,JAX,EMP_1,EMP,1,T,T-JAX111419012,4,4,0.9027950299768567,1.0035473302868299
JAX111419012,JAX,JRS_1,JRS,1,T,T-JAX111419012,4,1,0.40134922608252366,0.9204841202358108
JAX111419012,JAX,JRS_1,JRS,1,T,T-JAX111419012,4,2,0.5749436985682936,0.9204841202358108
JAX111419012,JAX,JRS_1,JRS,1,T,T-JAX111419012,4,3,0.7066769333596983,0.9204841202358108
JAX111419012,JAX,JRS_1,JRS,1,T,T-JAX111419012,4,4,0.8154235295570029,0.9204841202358108
JAX111419012,JAX,LEL_1,LEL,1,T,T-JAX111419012,4,1,0.5094850497839324,1.0557509220644188
JAX111419012,JAX,LEL_1,LEL,1,T,T-JAX111419012,4,2,0.6806060419826032,1.0557509220644188
JAX111419012,JAX,LEL_1,LEL,1,T,T-JAX111419012,4,3,0.8143683291326043,1.0557509220644188
JAX111419012,JAX,LEL_1,LEL,1,T,T-JAX111419012,4,4,0.9115974577369588,1.0557509220644188
JAX111419012,JAX,LSR_1,LSR,1,T,T-JAX111419012,4,1,0.5579929733227464,1.0566657611274062
JAX111419012,JAX,LSR_1,LSR,1,T,T-JAX111419012,4,2,0.7298628263285329,1.0566657611274062
JAX111419012,JAX,LSR_1,LSR,1,T,T-JAX111419012,4,3,0.8474297400343239,1.0566657611274062
JAX111419012,JAX,LSR_1,LSR,1,T,T-JAX111419012,4,4,0.9517340106364781,1.0566657611274062
JAX111419012,JAX,MJS_1,MJS,1,T,T-JAX111419012,4,1,0.43243822418439537,0.9008802309582206
JAX111419012,JAX,MJS_1,MJS,1,T,T-JAX111419012,4,2,0.6222152790665542,0.9008802309582206
JAX111419012,JAX,MJS_1,MJS,1,T,T-JAX111419012,4,3,0.7444338128431942,0.9008802309582206
JAX111419012,JAX,MJS_1,MJS,1,T,T-JAX111419012,4,4,0.8377707539260433,0.9008802309582206
JAX111419013,JAX,CJF,CJF,,T,T-JAX111419013,3,1,0.3941980931815991,0.7625849975559496
JAX111419013,JAX,CJF,CJF,,T,T-JAX111419013,3,2,0.5153347769639405,0.7625849975559496
JAX111419013,JAX,CJF,CJF,,T,T-JAX111419013,3,3,0.6542429903266117,0.7625849975559496
JAX111419013,JAX,CJF_2,CJF,2,T,T-JAX111419013,3,1,0.4147917611699279,0.7403485420065158
JAX111419013,JAX,CJF_2,CJF,2,T,T-JAX111419013,3,2,0.5418561665901129,0.7403485420065158
JAX111419013,JAX,CJF_2,CJF,2,T,T-JAX111419013,3,3,0.6437675981683112,0.7403485420065158
JAX111419013,JAX,EMP_1,EMP,1,T,T-JAX111419013,3,1,0.3924935679036372,0.7111876130292475
JAX111419013,JAX,EMP_1,EMP,1,T,T-JAX111419013,3,2,0.5122502830531663,0.7111876130292475
JAX111419013,JAX,EMP_1,EMP,1,T,T-JAX111419013,3,3,0.6227153496792315,0.7111876130292475
JAX111419013,JAX,JRS_1,JRS,1,T,T-JAX111419013,3,1,0.4329092446641619,0.7626649392171205
JAX111419013,JAX,JRS_1,JRS,1,T,T-JAX111419013,3,2,0.5631176838663022,0.7626649392171205
JAX111419013,JAX,JRS_1,JRS,1,T,T-JAX111419013,3,3,0.6713449950323427,0.7626649392171205
JAX111419013,JAX,LEL_1,LEL,1,T,T-JAX111419013,3,1,0.4170098530360778,0.7715190797113304
JAX111419013,JAX,LEL_1,LEL,1,T,T-JAX111419013,3,2,0.5432465180574932,0.7715190797113304
JAX111419013,JAX,LEL_1,LEL,1,T,T-JAX111419013,3,3,0.6745218902370973,0.7715190797113304
JAX111419013,JAX,LSR_1,LSR,1,T,T-JAX111419013,3,1,0.4121654876564323,0.7216780097836488
JAX111419013,JAX,LSR_1,LSR,1,T,T-JAX111419013,3,2,0.5383628272162195,0.7216780097836488
JAX111419013,JAX,LSR_1,LSR,1,T,T-JAX111419013,3,3,0.6415336679252917,0.7216780097836488
JAX111419013,JAX,MJS_1,MJS,1,T,T-JAX111419013,3,1,0.3586404731634805,0.6832965174747389
JAX111419013,JAX,MJS_1,MJS,1,T,T-JAX111419013,3,2,0.4794228349044397,0.6832965174747389
JAX111419013,JAX,MJS_1,MJS,1,T,T-JAX111419013,3,3,0.5876415163415253,0.6832965174747389
JAX111419014,JAX,CJF,CJF,,T,T-JAX111419014,4,1,0.39188140083487394,0.8352110293344598
JAX111419014,JAX,CJF,CJF,,T,T-JAX111419014,4,2,0.5500094837968508,0.8352110293344598
JAX111419014,JAX,CJF,CJF,,T,T-JAX111419014,4,3,0.6567455834258027,0.8352110293344598
JAX111419014,JAX,CJF,CJF,,T,T-JAX111419014,4,4,0.7471526974026644,0.8352110293344598
JAX111419014,JAX,CJF_2,CJF,2,T,T-JAX111419014,4,1,0.4536153229152391,0.8876125836215378
JAX111419014,JAX,CJF_2,CJF,2,T,T-JAX111419014,4,2,0.5939891990421426,0.8876125836215378
JAX111419014,JAX,CJF_2,CJF,2,T,T-JAX111419014,4,3,0.712802367296005,0.8876125836215378
JAX111419014,JAX,CJF_2,CJF,2,T,T-JAX111419014,4,4,0.8076166144536164,0.8876125836215378
JAX111419014,JAX,EMP_1,EMP,1,T,T-JAX111419014,4,1,0.35331632182255474,0.8078755711186895
JAX111419014,JAX,EMP_1,EMP,1,T,T-JAX111419014,4,2,0.5170067558650635,0.8078755711186895
JAX111419014,JAX,EMP_1,EMP,1,T,T-JAX111419014,4,3,0.6300757261707817,0.8078755711186895
JAX111419014,JAX,EMP_1,EMP,1,T,T-JAX111419014,4,4,0.721151257016343,0.8078755711186895
JAX111419014,JAX,JRS_1,JRS,1,T,T-JAX111419014,4,1,0.3714649664384768,0.8225914646059215
JAX111419014,JAX,JRS_1,JRS,1,T,T-JAX111419014,4,2,0.509518832389602,0.8225914646059215
JAX111419014,JAX,JRS_1,JRS,1,T,T-JAX111419014,4,3,0.6310355716045949,0.8225914646059215
JAX111419014,JAX,JRS_1,JRS,1,T,T-JAX111419014,4,4,0.7400640673265397,0.8225914646059215
JAX111419014,JAX,LEL_1,LEL,1,T,T-JAX111419014,4,1,0.5086491156624875,0.9723829975462089
JAX111419014,JAX,LEL_1,LEL,1,T,T-JAX111419014,4,2,0.6704739638411072,0.9723829975462089
JAX111419014,JAX,LEL_1,LEL,1,T,T-JAX111419014,4,3,0.8031900321412753,0.9723829975462089
JAX111419014,JAX,LEL_1,LEL,1,T,T-JAX111419014,4,4,0.9154007714099083,0.9723829975462089
JAX111419014,JAX,LSR_1,LSR,1,T,T-JAX111419014,4,1,0.4402323537163707,0.8742877638395797
JAX111419014,JAX,LSR_1,LSR,1,T,T-JAX111419014,4,2,0.5737081856061561,0.8742877638395797
JAX111419014,JAX,LSR_1,LSR,1,T,T-JAX111419014,4,3,0.6823083569640942,0.8742877638395797
JAX111419014,JAX,LSR_1,LSR,1,T,T-JAX111419014,4,4,0.8046340137523761,0.8742877638395797
JAX111419014,JAX,MJS_1,MJS,1,T,T-JAX111419014,4,1,0.2858367014307084,0.7244190306969244
JAX111419014,JAX,MJS_1,MJS,1,T,T-JAX111419014,4,2,0.4410444374598944,0.7244190306969244
JAX111419014,JAX,MJS_1,MJS,1,T,T-JAX111419014,4,3,0.5503492356192464,0.7244190306969244
JAX111419014,JAX,MJS_1,MJS,1,T,T-JAX111419014,4,4,0.6457161911174615,0.7244190306969244
JAX111419015,JAX,CJF,CJF,,T,T-JAX111419015,4,1,0.27160894685765996,0.8349844152369916
JAX111419015,JAX,CJF,CJF,,T,T-JAX111419015,4,2,0.43067958963606656,0.8349844152369916
JAX111419015,JAX,CJF,CJF,,T,T-JAX111419015,4,3,0.5988598843004335,0.8349844152369916
JAX111419015,JAX,CJF,CJF,,T,T-JAX111419015,4,4,0.7225961768008801,0.8349844152369916
JAX111419015,JAX,CJF_2,CJF,2,T,T-JAX111419015,3,1,0.4242360792096021,0.8365496942147176
JAX111419015,JAX,CJF_2,CJF,2,T,T-JAX111419015,3,2,0.6071208115689132,0.8365496942147176
JAX111419015,JAX,CJF_2,CJF,2,T,T-JAX111419015,3,3,0.7269486916947174,0.8365496942147176
JAX111419015,JAX,EMP_1,EMP,1,T,T-JAX111419015,3,1,0.4227032589778632,0.7999102779123438
JAX111419015,JAX,EMP_1,EMP,1,T,T-JAX111419015,3,2,0.5684546665277597,0.7999102779123438
JAX111419015,JAX,EMP_1,EMP,1,T,T-JAX111419015,3,3,0.6898695022254742,0.7999102779123438
JAX111419015,JAX,JRS_1,JRS,1,T,T-JAX111419015,3,1,0.3942838797319041,0.7869086310607425
JAX111419015,JAX,JRS_1,JRS,1,T,T-JAX111419015,3,2,0.5634587620975676,0.7869086310607425
JAX111419015,JAX,JRS_1,JRS,1,T,T-JAX111419015,3,3,0.6643508962719266,0.7869086310607425
JAX111419015,JAX,LEL_1,LEL,1,T,T-JAX111419015,3,1,0.48280367511122474,0.9035545822353264
JAX111419015,JAX,LEL_1,LEL,1,T,T-JAX111419015,3,2,0.6776659366764952,0.9035545822353264
JAX111419015,JAX,LEL_1,LEL,1,T,T-JAX111419015,3,3,0.7982182390547153,0.9035545822353264
JAX111419015,JAX,LSR_1,LSR,1,T,T-JAX111419015,3,1,0.4621635740262797,0.8070284093549497
JAX111419015,JAX,LSR_1,LSR,1,T,T-JAX111419015,3,2,0.6246237947970428,0.8070284093549497
JAX111419015,JAX,LSR_1,LSR,1,T,T-JAX111419015,3,3,0.7437560753685604,0.8070284093549497
JAX111419015,JAX,MJS_1,MJS,1,T,T-JAX111419015,3,1,0.4021301744570656,0.80123660920851425
JAX111419015,JAX,MJS_1,MJS,1,T,T-JAX111419015,3,2,0.5848044801631316,0.80123660920851425
JAX111419015,JAX,MJS_1,MJS,1,T,T-JAX111419015,3,3,0.7119980639221477,0.80123660920851425
JAX111419016,JAX,CJF,CJF,,T,T-JAX111419016,4,1,0.47264332000047526,0.9915892096908369
JAX111419016,JAX,CJF,CJF,,T,T-JAX111419016,4,2,0.6536893951466876,0.9915892096908369
JAX111419016,JAX,CJF,CJF,,T,T-JAX111419016,4,3,0.7944767670617225,0.9915892096908369
JAX111419016,JAX,CJF,CJF,,T,T-JAX111419016,4,4,0.8990684198782685,0.9915892096908369
JAX111419016,JAX,CJF_2,CJF,2,T,T-JAX111419016,4,1,0.41504191196813056,0.9477124557886099
JAX111419016,JAX,CJF_2,CJF,2,T,T-JAX111419016,4,2,0.6257784145680245,0.9477124557886099
JAX111419016,JAX,CJF_2,CJF,2,T,T-JAX111419016,4,3,0.7533517846829144,0.9477124557886099
JAX111419016,JAX,CJF_2,CJF,2,T,T-JAX111419016,4,4,0.8646352955765937,0.9477124557886099
JAX111419016,JAX,EMP_1,EMP,1,T,T-JAX111419016,4,1,0.5089424230844961,1.0251487405147435
JAX111419016,JAX,EMP_1,EMP,1,T,T-JAX111419016,4,2,0.7061823580984499,1.0251487405147435
JAX111419016,JAX,EMP_1,EMP,1,T,T-JAX111419016,4,3,0.8353626680290547,1.0251487405147435
JAX111419016,JAX,EMP_1,EMP,1,T,T-JAX111419016,4,4,0.9231542869809762,1.0251487405147435
JAX111419016,JAX,JRS_1,JRS,1,T,T-JAX111419016,4,1,0.5292841993260875,1.0196254865872372
JAX111419016,JAX,JRS_1,JRS,1,T,T-JAX111419016,4,2,0.7176074602650149,1.0196254865872372
JAX111419016,JAX,JRS_1,JRS,1,T,T-JAX111419016,4,3,0.8448466440594505,1.0196254865872372
JAX111419016,JAX,JRS_1,JRS,1,T,T-JAX111419016,4,4,0.9379672297689522,1.0196254865872372
JAX111419016,JAX,LEL_1,LEL,1,T,T-JAX111419016,4,1,0.4881490088717632,1.0186885074527041
JAX111419016,JAX,LEL_1,LEL,1,T,T-JAX111419016,4,2,0.6754388136439258,1.0186885074527041
JAX111419016,JAX,LEL_1,LEL,1,T,T-JAX111419016,4,3,0.8080736882891615,1.0186885074527041
JAX111419016,JAX,LEL_1,LEL,1,T,T-JAX111419016,4,4,0.9161796820988998,1.0186885074527041
JAX111419016,JAX,LSR_1,LSR,1,T,T-JAX111419016,4,1,0.49651330306263103,1.0148491443833187
JAX111419016,JAX,LSR_1,LSR,1,T,T-JAX111419016,4,2,0.6745866860175926,1.0148491443833187
JAX111419016,JAX,LSR_1,LSR,1,T,T-JAX111419016,4,3,0.8013302232973265,1.0148491443833187
JAX111419016,JAX,LSR_1,LSR,1,T,T-JAX111419016,4,4,0.9066372992384805,1.0148491443833187
JAX111419016,JAX,MJS_1,MJS,1,T,T-JAX111419016,4,1,0.45565178171054294,0.9657415475120245
JAX111419016,JAX,MJS_1,MJS,1,T,T-JAX111419016,4,2,0.6371068695813762,0.9657415475120245
JAX111419016,JAX,MJS_1,MJS,1,T,T-JAX111419016,4,3,0.7681571083739944,0.9657415475120245
JAX111419016,JAX,MJS_1,MJS,1,T,T-JAX111419016,4,4,0.8669491001727461,0.9657415475120245
JAX111419017,JAX,CJF,CJF,,T,T-JAX111419017,3,1,0.49785821487152643,0.9153575467288828
JAX111419017,JAX,CJF,CJF,,T,T-JAX111419017,3,2,0.6736661710773989,0.9153575467288828
JAX111419017,JAX,CJF,CJF,,T,T-JAX111419017,3,3,0.8197701955257608,0.9153575467288828
JAX111419017,JAX,CJF_2,CJF,2,T,T-JAX111419017,3,1,0.4864446286171427,0.8930610128710628
JAX111419017,JAX,CJF_2,CJF,2,T,T-JAX111419017,3,2,0.6457250714187618,0.8930610128710628
JAX111419017,JAX,CJF_2,CJF,2,T,T-JAX111419017,3,3,0.7814518891324818,0.8930610128710628
JAX111419017,JAX,EMP_1,EMP,1,T,T-JAX111419017,3,1,0.39966123713912666,0.769203915497649
JAX111419017,JAX,EMP_1,EMP,1,T,T-JAX111419017,3,2,0.5362394839110958,0.769203915497649
JAX111419017,JAX,EMP_1,EMP,1,T,T-JAX111419017,3,3,0.6707962333310594,0.769203915497649
JAX111419017,JAX,JRS_1,JRS,1,T,T-JAX111419017,3,1,0.34763987546895286,0.7360848131548495
JAX111419017,JAX,JRS_1,JRS,1,T,T-JAX111419017,3,2,0.5088682804105537,0.7360848131548495
JAX111419017,JAX,JRS_1,JRS,1,T,T-JAX111419017,3,3,0.6397632181547458,0.7360848131548495
JAX111419017,JAX,LEL_1,LEL,1,T,T-JAX111419017,3,1,0.43053791302751054,0.8193062365932058
JAX111419017,JAX,LEL_1,LEL,1,T,T-JAX111419017,3,2,0.5741759922462468,0.8193062365932058
JAX111419017,JAX,LEL_1,LEL,1,T,T-JAX111419017,3,3,0.7117082162733566,0.8193062365932058
JAX111419017,JAX,LSR_1,LSR,1,T,T-JAX111419017,3,1,0.47469417723848745,0.7304513744501209
JAX111419017,JAX,LSR_1,LSR,1,T,T-JAX111419017,3,2,0.5540022533515266,0.7304513744501209
JAX111419017,JAX,LSR_1,LSR,1,T,T-JAX111419017,3,3,0.6511432983370812,0.7304513744501209
JAX111419017,JAX,MJS_1,MJS,1,T,T-JAX111419017,3,1,0.3778737574323395,0.7644349281427283
JAX111419017,JAX,MJS_1,MJS,1,T,T-JAX111419017,3,2,0.5239044779247166,0.7644349281427283
JAX111419017,JAX,MJS_1,MJS,1,T,T-JAX111419017,3,3,0.6612477851390439,0.7644349281427283
JAX111419018,JAX,CJF,CJF,,T,T-JAX111419018,4,1,0.3593928030185574,0.8735566227330932
JAX111419018,JAX,CJF,CJF,,T,T-JAX111419018,4,2,0.5599686934779696,0.8735566227330932
JAX111419018,JAX,CJF,CJF,,T,T-JAX111419018,4,3,0.6947739608601892,0.8735566227330932
JAX111419018,JAX,CJF,CJF,,T,T-JAX111419018,4,4,0.7832955071606132,0.8735566227330932
JAX111419018,JAX,CJF_2,CJF,2,T,T-JAX111419018,4,1,0.4977705055316414,0.8917439833160774
JAX111419018,JAX,CJF_2,CJF,2,T,T-JAX111419018,4,2,0.6152937998123296,0.8917439833160774
JAX111419018,JAX,CJF_2,CJF,2,T,T-JAX111419018,4,3,0.7146231055767412,0.8917439833160774
JAX111419018,JAX,CJF_2,CJF,2,T,T-JAX111419018,4,4,0.8101590753841094,0.8917439833160774
JAX111419018,JAX,EMP_1,EMP,1,T,T-JAX111419018,4,1,0.4593378674052659,0.861319977521296
JAX111419018,JAX,EMP_1,EMP,1,T,T-JAX111419018,4,2,0.5909461706316638,0.861319977521296
JAX111419018,JAX,EMP_1,EMP,1,T,T-JAX111419018,4,3,0.6903103292267596,0.861319977521296
JAX111419018,JAX,EMP_1,EMP,1,T,T-JAX111419018,4,4,0.7797380719623468,0.861319977521296
JAX111419018,JAX,JRS_1,JRS,1,T,T-JAX111419018,4,1,0.45173245463760187,0.8931107548271591
JAX111419018,JAX,JRS_1,JRS,1,T,T-JAX111419018,4,2,0.616379453709577,0.8931107548271591
JAX111419018,JAX,JRS_1,JRS,1,T,T-JAX111419018,4,3,0.7209951117139582,0.8931107548271591
JAX111419018,JAX,JRS_1,JRS,1,T,T-JAX111419018,4,4,0.8054121968706115,0.8931107548271591
JAX111419018,JAX,LEL_1,LEL,1,T,T-JAX111419018,4,1,0.48897575784693253,0.9156375337077034
JAX111419018,JAX,LEL_1,LEL,1,T,T-JAX111419018,4,2,0.607341590873278,0.9156375337077034
JAX111419018,JAX,LEL_1,LEL,1,T,T-JAX111419018,4,3,0.7193732168572927,0.9156375337077034
JAX111419018,JAX,LEL_1,LEL,1,T,T-JAX111419018,4,4,0.814816277931724,0.9156375337077034
JAX111419018,JAX,LSR_1,LSR,1,T,T-JAX111419018,4,1,0.49501542203154136,0.91443822717346
JAX111419018,JAX,LSR_1,LSR,1,T,T-JAX111419018,4,2,0.61267411750446,0.91443822717346
JAX111419018,JAX,LSR_1,LSR,1,T,T-JAX111419018,4,3,0.7145184641978387,0.91443822717346
JAX111419018,JAX,LSR_1,LSR,1,T,T-JAX111419018,4,4,0.8128836838831455,0.91443822717346
JAX111419018,JAX,MJS_1,MJS,1,T,T-JAX111419018,4,1,0.48833255208158305,0.9331461031885201
JAX111419018,JAX,MJS_1,MJS,1,T,T-JAX111419018,4,2,0.6115409562355498,0.9331461031885201
JAX111419018,JAX,MJS_1,MJS,1,T,T-JAX111419018,4,3,0.732463710359519,0.9331461031885201
JAX111419018,JAX,MJS_1,MJS,1,T,T-JAX111419018,4,4,0.8177672390450117,0.9331461031885201
JAX111419019,JAX,CJF,CJF,,T,T-JAX111419019,3,1,0.390788225156625,0.7696901932116371
JAX111419019,JAX,CJF,CJF,,T,T-JAX111419019,3,2,0.5030370993537489,0.7696901932116371
JAX111419019,JAX,CJF,CJF,,T,T-JAX111419019,3,3,0.6355060824654406,0.7696901932116371
JAX111419019,JAX,CJF_2,CJF,2,T,T-JAX111419019,2,1,0.5604928408924857,0.8132901857866073
JAX111419019,JAX,CJF_2,CJF,2,T,T-JAX111419019,2,2,0.6818585194156714,0.8132901857866073
JAX111419019,JAX,EMP_1,EMP,1,T,T-JAX111419019,2,1,0.4616925734120197,0.6897526071368167
JAX111419019,JAX,EMP_1,EMP,1,T,T-JAX111419019,2,2,0.585252211811365,0.6897526071368167
JAX111419019,JAX,LEL_1,LEL,1,T,T-JAX111419019,3,1,0.457719409230751,0.857951401582849
JAX111419019,JAX,LEL_1,LEL,1,T,T-JAX111419019,3,2,0.5676901049970912,0.857951401582849
JAX111419019,JAX,LEL_1,LEL,1,T,T-JAX111419019,3,3,0.7169750716182263,0.857951401582849
JAX111419019,JAX,LSR_1,LSR,1,T,T-JAX111419019,3,1,0.4600192023465897,0.6488040073825647
JAX111419019,JAX,LSR_1,LSR,1,T,T-JAX111419019,3,2,0.5432774114873805,0.6488040073825647
JAX111419019,JAX,LSR_1,LSR,1,T,T-JAX111419019,3,3,0.5937133173668511,0.6488040073825647
JAX111419019,JAX,MJS_1,MJS,1,T,T-JAX111419019,2,1,0.43917900206906896,0.688262621029138
JAX111419019,JAX,MJS_1,MJS,1,T,T-JAX111419019,2,2,0.5670824488571206,0.688262621029138
JAX111419020,JAX,CJF,CJF,,T,T-JAX111419020,3,1,0.4186394198672637,0.8464348343673863
JAX111419020,JAX,CJF,CJF,,T,T-JAX111419020,3,2,0.5731251585614118,0.8464348343673863
JAX111419020,JAX,CJF,CJF,,T,T-JAX111419020,3,3,0.7099403592892518,0.8464348343673863
JAX111419020,JAX,CJF_2,CJF,2,T,T-JAX111419020,3,1,0.38835873028448725,0.804890302524655
JAX111419020,JAX,CJF_2,CJF,2,T,T-JAX111419020,3,2,0.5340969870665108,0.804890302524655
JAX111419020,JAX,CJF_2,CJF,2,T,T-JAX111419020,3,3,0.66354989716134,0.804890302524655
JAX111419020,JAX,EMP_1,EMP,1,T,T-JAX111419020,3,1,0.44462660111004,0.8539002393742582
JAX111419020,JAX,EMP_1,EMP,1,T,T-JAX111419020,3,2,0.5844203972325239,0.8539002393742582
JAX111419020,JAX,EMP_1,EMP,1,T,T-JAX111419020,3,3,0.7085602810081016,0.8539002393742582
JAX111419020,JAX,JRS_1,JRS,1,T,T-JAX111419020,3,1,0.42667671010547686,0.8098137228020744
JAX111419020,JAX,JRS_1,JRS,1,T,T-JAX111419020,3,2,0.5658957303046104,0.8098137228020744
JAX111419020,JAX,JRS_1,JRS,1,T,T-JAX111419020,3,3,0.6784256259276386,0.8098137228020744
JAX111419020,JAX,LEL_1,LEL,1,T,T-JAX111419020,3,1,0.44192140573688626,0.8518365740228585
JAX111419020,JAX,LEL_1,LEL,1,T,T-JAX111419020,3,2,0.5742741880374949,0.8518365740228585
JAX111419020,JAX,LEL_1,LEL,1,T,T-JAX111419020,3,3,0.7221457000053794,0.8518365740228585
JAX111419020,JAX,LSR_1,LSR,1,T,T-JAX111419020,3,1,0.46244005037883884,0.8609500204474646
JAX111419020,JAX,LSR_1,LSR,1,T,T-JAX111419020,3,2,0.5925594430117016,0.8609500204474646
JAX111419020,JAX,LSR_1,LSR,1,T,T-JAX111419020,3,3,0.7106374530280805,0.8609500204474646
JAX111419020,JAX,MJS_1,MJS,1,T,T-JAX111419020,3,1,0.3282067573632551,0.711459797951612
JAX111419020,JAX,MJS_1,MJS,1,T,T-JAX111419020,3,2,0.44833043167137704,0.711459797951612
JAX111419020,JAX,MJS_1,MJS,1,T,T-JAX111419020,3,3,0.5850354787339225,0.711459797951612
JAX111419021,JAX,CJF,CJF,,T,T-JAX111419021,3,1,0.3302247281142376,0.7246080572191956
JAX111419021,JAX,CJF,CJF,,T,T-JAX111419021,3,2,0.4967548110716494,0.7246080572191956
JAX111419021,JAX,CJF,CJF,,T,T-JAX111419021,3,3,0.6150698098031366,0.7246080572191956
JAX111419021,JAX,CJF_2,CJF,2,T,T-JAX111419021,3,1,0.3704749923767217,0.7238687248556253
JAX111419021,JAX,CJF_2,CJF,2,T,T-JAX111419021,3,2,0.539459171376753,0.7238687248556253
JAX111419021,JAX,CJF_2,CJF,2,T,T-JAX111419021,3,3,0.6544102055534177,0.7238687248556253
JAX111419021,JAX,EMP_1,EMP,1,T,T-JAX111419021,3,1,0.3819314350116192,0.7160998943568877
JAX111419021,JAX,EMP_1,EMP,1,T,T-JAX111419021,3,2,0.5468388061857036,0.7160998943568877
JAX111419021,JAX,EMP_1,EMP,1,T,T-JAX111419021,3,3,0.6484644072160889,0.7160998943568877
JAX111419021,JAX,JRS_1,JRS,1,T,T-JAX111419021,3,1,0.3767964357824793,0.701809105555748
JAX111419021,JAX,JRS_1,JRS,1,T,T-JAX111419021,3,2,0.5383777324562237,0.701809105555748
JAX111419021,JAX,JRS_1,JRS,1,T,T-JAX111419021,3,3,0.638792601900628,0.701809105555748
JAX111419021,JAX,LEL_1,LEL,1,T,T-JAX111419021,3,1,0.45355970161648484,0.8235045630057805
JAX111419021,JAX,LEL_1,LEL,1,T,T-JAX111419021,3,2,0.6092951303039452,0.8235045630057805
JAX111419021,JAX,LEL_1,LEL,1,T,T-JAX111419021,3,3,0.7256427892093905,0.8235045630057805
JAX111419021,JAX,LSR_1,LSR,1,T,T-JAX111419021,3,1,0.444064266317174,0.8127949658895256
JAX111419021,JAX,LSR_1,LSR,1,T,T-JAX111419021,3,2,0.6086599431463773,0.8127949658895256
JAX111419021,JAX,LSR_1,LSR,1,T,T-JAX111419021,3,3,0.7058156854016167,0.8127949658895256
JAX111419021,JAX,MJS_1,MJS,1,T,T-JAX111419021,3,1,0.3540638691821213,0.7578903969899825
JAX111419021,JAX,MJS_1,MJS,1,T,T-JAX111419021,3,2,0.5225073612021669,0.7578903969899825
JAX111419021,JAX,MJS_1,MJS,1,T,T-JAX111419021,3,3,0.6259899404552437,0.7578903969899825
JAX111419022,JAX,CJF,CJF,,T,T-JAX111419022,4,1,0.423300972168289,0.9229946398619118
JAX111419022,JAX,CJF,CJF,,T,T-JAX111419022,4,2,0.6083039023621235,0.9229946398619118
JAX111419022,JAX,CJF,CJF,,T,T-JAX111419022,4,3,0.7352613181523769,0.9229946398619118
JAX111419022,JAX,CJF,CJF,,T,T-JAX111419022,4,4,0.8249779846125268,0.9229946398619118
JAX111419022,JAX,CJF_2,CJF,2,T,T-JAX111419022,4,1,0.4189495061023053,0.9017359005184897
JAX111419022,JAX,CJF_2,CJF,2,T,T-JAX111419022,4,2,0.5958256912560282,0.9017359005184897
JAX111419022,JAX,CJF_2,CJF,2,T,T-JAX111419022,4,3,0.7092910503809604,0.9017359005184897
JAX111419022,JAX,CJF_2,CJF,2,T,T-JAX111419022,4,4,0.8165453556375137,0.9017359005184897
JAX111419022,JAX,EMP_1,EMP,1,T,T-JAX111419022,4,1,0.4059730761918167,0.8583429262481208
JAX111419022,JAX,EMP_1,EMP,1,T,T-JAX111419022,4,2,0.5857612273554815,0.8583429262481208
JAX111419022,JAX,EMP_1,EMP,1,T,T-JAX111419022,4,3,0.6767602365774307,0.8583429262481208
JAX111419022,JAX,EMP_1,EMP,1,T,T-JAX111419022,4,4,0.7917856805229347,0.8583429262481208
JAX111419022,JAX,JRS_1,JRS,1,T,T-JAX111419022,4,1,0.4585732356865822,0.9728612583874953
JAX111419022,JAX,JRS_1,JRS,1,T,T-JAX111419022,4,2,0.6650007657837924,0.9728612583874953
JAX111419022,JAX,JRS_1,JRS,1,T,T-JAX111419022,4,3,0.7796478430314281,0.9728612583874953
JAX111419022,JAX,JRS_1,JRS,1,T,T-JAX111419022,4,4,0.8746457990999755,0.9728612583874953
JAX111419022,JAX,LEL_1,LEL,1,T,T-JAX111419022,4,1,0.47842953463432664,0.9957589152452226
JAX111419022,JAX,LEL_1,LEL,1,T,T-JAX111419022,4,2,0.6806127426232207,0.9957589152452226
JAX111419022,JAX,LEL_1,LEL,1,T,T-JAX111419022,4,3,0.794890012880563,0.9957589152452226
JAX111419022,JAX,LEL_1,LEL,1,T,T-JAX111419022,4,4,0.8851195344331688,0.9957589152452226
JAX111419022,JAX,LSR_1,LSR,1,T,T-JAX111419022,4,1,0.4501206914941796,0.955036515459533
JAX111419022,JAX,LSR_1,LSR,1,T,T-JAX111419022,4,2,0.6537523749872056,0.955036515459533
JAX111419022,JAX,LSR_1,LSR,1,T,T-JAX111419022,4,3,0.7721920597628552,0.955036515459533
JAX111419022,JAX,LSR_1,LSR,1,T,T-JAX111419022,4,4,0.8752016823056727,0.955036515459533
JAX111419022,JAX,MJS_1,MJS,1,T,T-JAX111419022,4,1,0.40441597746669966,0.8903813457198595
JAX111419022,JAX,MJS_1,MJS,1,T,T-JAX111419022,4,2,0.590780980676266,0.8903813457198595
JAX111419022,JAX,MJS_1,MJS,1,T,T-JAX111419022,4,3,0.7168166849123878,0.8903813457198595
JAX111419022,JAX,MJS_1,MJS,1,T,T-JAX111419022,4,4,0.8104582381468,0.8903813457198595
JAX111419023,JAX,CJF,CJF,,T,T-JAX111419023,4,1,0.4091680166194981,0.9808122044932833
JAX111419023,JAX,CJF,CJF,,T,T-JAX111419023,4,2,0.6293644546641026,0.9808122044932833
JAX111419023,JAX,CJF,CJF,,T,T-JAX111419023,4,3,0.7330371703253402,0.9808122044932833
JAX111419023,JAX,CJF,CJF,,T,T-JAX111419023,4,4,0.8333890515705198,0.9808122044932833
JAX111419023,JAX,CJF_2,CJF,2,T,T-JAX111419023,4,1,0.4529748710880654,1.0343215056504207
JAX111419023,JAX,CJF_2,CJF,2,T,T-JAX111419023,4,2,0.6903421288136122,1.0343215056504207
JAX111419023,JAX,CJF_2,CJF,2,T,T-JAX111419023,4,3,0.7809371030312252,1.0343215056504207
JAX111419023,JAX,CJF_2,CJF,2,T,T-JAX111419023,4,4,0.8873146178173862,1.0343215056504207
JAX111419023,JAX,EMP_1,EMP,1,T,T-JAX111419023,4,1,0.43739864195644124,0.9827857567208984
JAX111419023,JAX,EMP_1,EMP,1,T,T-JAX111419023,4,2,0.6421451817711582,0.9827857567208984
JAX111419023,JAX,EMP_1,EMP,1,T,T-JAX111419023,4,3,0.7508746035407131,0.9827857567208984
JAX111419023,JAX,EMP_1,EMP,1,T,T-JAX111419023,4,4,0.8367549971499463,0.9827857567208984
JAX111419023,JAX,JRS_1,JRS,1,T,T-JAX111419023,4,1,0.5051864206638158,1.063105019788989
JAX111419023,JAX,JRS_1,JRS,1,T,T-JAX111419023,4,2,0.7306651997865363,1.063105019788989
JAX111419023,JAX,JRS_1,JRS,1,T,T-JAX111419023,4,3,0.8432175038532699,1.063105019788989
JAX111419023,JAX,JRS_1,JRS,1,T,T-JAX111419023,4,4,0.9155191034691336,1.063105019788989
JAX111419023,JAX,LEL_1,LEL,1,T,T-JAX111419023,3,1,0.49690883065242997,1.0392082588742086
JAX111419023,JAX,LEL_1,LEL,1,T,T-JAX111419023,3,2,0.6991320927609992,1.0392082588742086
JAX111419023,JAX,LEL_1,LEL,1,T,T-JAX111419023,3,3,0.8272636849094545,1.0392082588742086
JAX111419023,JAX,LSR_1,LSR,1,T,T-JAX111419023,5,1,0.46909961447709386,1.0085215813327388
JAX111419023,JAX,LSR_1,LSR,1,T,T-JAX111419023,5,2,0.6610744542631283,1.0085215813327388
JAX111419023,JAX,LSR_1,LSR,1,T,T-JAX111419023,5,3,0.7607453521404982,1.0085215813327388
JAX111419023,JAX,LSR_1,LSR,1,T,T-JAX111419023,5,4,0.8872693840684516,1.0085215813327388
JAX111419023,JAX,LSR_1,LSR,1,T,T-JAX111419023,5,5,0.972019028830281,1.0085215813327388
JAX111419023,JAX,MJS_1,MJS,1,T,T-JAX111419023,4,1,0.39621441005878877,0.9588865408206697
JAX111419023,JAX,MJS_1,MJS,1,T,T-JAX111419023,4,2,0.6117884170656505,0.9588865408206697
JAX111419023,JAX,MJS_1,MJS,1,T,T-JAX111419023,4,3,0.7258457318363405,0.9588865408206697
JAX111419023,JAX,MJS_1,MJS,1,T,T-JAX111419023,4,4,0.805939436554257,0.9588865408206697
JAX111419024,JAX,CJF,CJF,,T,T-JAX111419024,3,1,0.38660360546216715,0.7737710653352995
JAX111419024,JAX,CJF,CJF,,T,T-JAX111419024,3,2,0.5790534905983135,0.7737710653352995
JAX111419024,JAX,CJF,CJF,,T,T-JAX111419024,3,3,0.6803730647951645,0.7737710653352995
JAX111419024,JAX,CJF_2,CJF,2,T,T-JAX111419024,3,1,0.43853231218731664,0.8327714923848188
JAX111419024,JAX,CJF_2,CJF,2,T,T-JAX111419024,3,2,0.6532219439544117,0.8327714923848188
JAX111419024,JAX,CJF_2,CJF,2,T,T-JAX111419024,3,3,0.7407084560063334,0.8327714923848188
JAX111419024,JAX,EMP_1,EMP,1,T,T-JAX111419024,3,1,0.4929746398028597,0.8650445389250159
JAX111419024,JAX,EMP_1,EMP,1,T,T-JAX111419024,3,2,0.7076043444883164,0.8650445389250159
JAX111419024,JAX,EMP_1,EMP,1,T,T-JAX111419024,3,3,0.7790384599108374,0.8650445389250159
JAX111419024,JAX,JRS_1,JRS,1,T,T-JAX111419024,3,1,0.4459366451699199,0.8307573748907171
JAX111419024,JAX,JRS_1,JRS,1,T,T-JAX111419024,3,2,0.6536025286161167,0.8307573748907171
JAX111419024,JAX,JRS_1,JRS,1,T,T-JAX111419024,3,3,0.7357993694687932,0.8307573748907171
JAX111419024,JAX,LEL_1,LEL,1,T,T-JAX111419024,3,1,0.46486579916318665,0.8458158416402112
JAX111419024,JAX,LEL_1,LEL,1,T,T-JAX111419024,3,2,0.6622046966722517,0.8458158416402112
JAX111419024,JAX,LEL_1,LEL,1,T,T-JAX111419024,3,3,0.74941317161451,0.8458158416402112
JAX111419024,JAX,LSR_1,LSR,1,T,T-JAX111419024,3,1,0.5051312470273511,0.8626196337508016
JAX111419024,JAX,LSR_1,LSR,1,T,T-JAX111419024,3,2,0.676719409169952,0.8626196337508016
JAX111419024,JAX,LSR_1,LSR,1,T,T-JAX111419024,3,3,0.7839815838986262,0.8626196337508016
JAX111419024,JAX,MJS_1,MJS,1,T,T-JAX111419024,3,1,0.4216099678549069,0.8081646673238817
JAX111419024,JAX,MJS_1,MJS,1,T,T-JAX111419024,3,2,0.6403611977799495,0.8081646673238817
JAX111419024,JAX,MJS_1,MJS,1,T,T-JAX111419024,3,3,0.7167828383516126,0.8081646673238817
JAX111419025,JAX,CJF,CJF,,T,T-JAX111419025,3,1,0.37313316680035263,0.8144406732865079
JAX111419025,JAX,CJF,CJF,,T,T-JAX111419025,3,2,0.5596943227186315,0.8144406732865079
JAX111419025,JAX,CJF,CJF,,T,T-JAX111419025,3,3,0.7001068936575646,0.8144406732865079
JAX111419025,JAX,CJF_2,CJF,2,T,T-JAX111419025,3,1,0.37447996069743983,0.8258059814283902
JAX111419025,JAX,CJF_2,CJF,2,T,T-JAX111419025,3,2,0.5743465889775374,0.8258059814283902
JAX111419025,JAX,CJF_2,CJF,2,T,T-JAX111419025,3,3,0.6981252718387996,0.8258059814283902
JAX111419025,JAX,EMP_1,EMP,1,T,T-JAX111419025,3,1,0.2590253231866118,0.6665029857980843
JAX111419025,JAX,EMP_1,EMP,1,T,T-JAX111419025,3,2,0.4338605516067484,0.6665029857980843
JAX111419025,JAX,EMP_1,EMP,1,T,T-JAX111419025,3,3,0.5589448020649237,0.6665029857980843
JAX111419025,JAX,JRS_1,JRS,1,T,T-JAX111419025,3,1,0.2763337218681919,0.7076938294712737
JAX111419025,JAX,JRS_1,JRS,1,T,T-JAX111419025,3,2,0.4555261908807191,0.7076938294712737
JAX111419025,JAX,JRS_1,JRS,1,T,T-JAX111419025,3,3,0.5826054144060252,0.7076938294712737
JAX111419025,JAX,LEL_1,LEL,1,T,T-JAX111419025,3,1,0.33331939400418137,0.7662394608971795
JAX111419025,JAX,LEL_1,LEL,1,T,T-JAX111419025,3,2,0.522394333360122,0.7662394608971795
JAX111419025,JAX,LEL_1,LEL,1,T,T-JAX111419025,3,3,0.66645547210136,0.7662394608971795
JAX111419025,JAX,LSR_1,LSR,1,T,T-JAX111419025,3,1,0.2991455084766486,0.7325497728367214
JAX111419025,JAX,LSR_1,LSR,1,T,T-JAX111419025,3,2,0.4930221516742479,0.7325497728367214
JAX111419025,JAX,LSR_1,LSR,1,T,T-JAX111419025,3,3,0.6143270626609687,0.7325497728367214
JAX111419025,JAX,MJS_1,MJS,1,T,T-JAX111419025,3,1,0.2604116055838444,0.6684009158767905
JAX111419025,JAX,MJS_1,MJS,1,T,T-JAX111419025,3,2,0.4255700226489748,0.6684009158767905
JAX111419025,JAX,MJS_1,MJS,1,T,T-JAX111419025,3,3,0.568856954488494,0.6684009158767905
JAX111419026,JAX,CJF,CJF,,T,T-JAX111419026,1,1,0.46765420795580115,0.6977930416123832
JAX111419026,JAX,CJF_2,CJF,2,T,T-JAX111419026,1,1,0.5132056940527304,0.7326561276588074
JAX111419026,JAX,EMP_1,EMP,1,T,T-JAX111419026,2,1,0.3341711258258365,0.8072743122376649
JAX111419026,JAX,EMP_1,EMP,1,T,T-JAX111419026,2,2,0.5817749477472394,0.8072743122376649
JAX111419026,JAX,JRS_1,JRS,1,T,T-JAX111419026,1,1,0.4541761607285692,0.6566639829056714
JAX111419026,JAX,LEL_1,LEL,1,T,T-JAX111419026,2,1,0.3400637565969514,0.787758122186756
JAX111419026,JAX,LEL_1,LEL,1,T,T-JAX111419026,2,2,0.5600804399625365,0.787758122186756
JAX111419026,JAX,LSR_1,LSR,1,T,T-JAX111419026,3,1,0.30553967762061635,0.7912741495633311
JAX111419026,JAX,LSR_1,LSR,1,T,T-JAX111419026,3,2,0.4005731412508158,0.7912741495633311
JAX111419026,JAX,LSR_1,LSR,1,T,T-JAX111419026,3,3,0.5823530086416713,0.7912741495633311
JAX111419026,JAX,MJS_1,MJS,1,T,T-JAX111419026,1,1,0.49979748149533576,0.7094594616681921
JAX111419027,JAX,CJF,CJF,,T,T-JAX111419027,2,1,0.39598426025016753,0.7051515351892708
JAX111419027,JAX,CJF,CJF,,T,T-JAX111419027,2,2,0.5951077705308856,0.7051515351892708
JAX111419027,JAX,CJF_2,CJF,2,T,T-JAX111419027,1,1,0.4331778366805778,0.6268649020933306
JAX111419027,JAX,EMP_1,EMP,1,T,T-JAX111419027,2,1,0.687319570709861,1.0753526330672885
JAX111419027,JAX,EMP_1,EMP,1,T,T-JAX111419027,2,2,1.0361960810482695,1.0753526330672885
JAX111419027,JAX,JRS_1,JRS,1,T,T-JAX111419027,1,1,0.36922970668215016,0.557095154229539
JAX111419027,JAX,LEL_1,LEL,1,T,T-JAX111419027,1,1,0.36204144094982177,0.5232235213617427
JAX111419027,JAX,LSR_1,LSR,1,T,T-JAX111419027,2,1,0.48064447515196684,0.6870659243725997
JAX111419027,JAX,LSR_1,LSR,1,T,T-JAX111419027,2,2,0.5891248240332096,0.6870659243725997
JAX111419027,JAX,MJS_1,MJS,1,T,T-JAX111419027,1,1,0.3634646397226355,0.5331041560789912
JAX111419028,JAX,CJF,CJF,,T,T-JAX111419028,1,1,0.5505054915922306,0.731481617891916
JAX111419028,JAX,CJF_2,CJF,2,T,T-JAX111419028,1,1,0.48490859126071467,0.6698930321341734
JAX111419028,JAX,EMP_1,EMP,1,T,T-JAX111419028,1,1,0.5768226619879816,0.7507278924668823
JAX111419028,JAX,JRS_1,JRS,1,T,T-JAX111419028,1,1,0.5881669238252418,0.731285398061595
JAX111419028,JAX,LEL_1,LEL,1,T,T-JAX111419028,2,1,0.3879417143846381,0.7140383974928389
JAX111419028,JAX,LEL_1,LEL,1,T,T-JAX111419028,2,2,0.5541123058688633,0.7140383974928389
JAX111419028,JAX,LSR_1,LSR,1,T,T-JAX111419028,2,1,0.4190443444052648,0.7343957815923154
JAX111419028,JAX,LSR_1,LSR,1,T,T-JAX111419028,2,2,0.5536145096921974,0.7343957815923154
JAX111419028,JAX,MJS_1,MJS,1,T,T-JAX111419028,1,1,0.5424054671315349,0.6952577742179815
JAX111419029,JAX,CJF,CJF,,T,T-JAX111419029,2,1,0.4540628045779413,0.7415277065985953
JAX111419029,JAX,CJF,CJF,,T,T-JAX111419029,2,2,0.6455247529971933,0.7415277065985953
JAX111419029,JAX,CJF_2,CJF,2,T,T-JAX111419029,1,1,0.49952754380195885,0.7143999484672867
JAX111419029,JAX,EMP_1,EMP,1,T,T-JAX111419029,1,1,0.41517680417879976,0.556876757514994
JAX111419029,JAX,JRS_1,JRS,1,T,T-JAX111419029,1,1,0.5366511273719083,0.7000269869321444
JAX111419029,JAX,LEL_1,LEL,1,T,T-JAX111419029,1,1,0.4968315139666385,0.709601104393055
JAX111419029,JAX,LSR_1,LSR,1,T,T-JAX111419029,2,1,0.31474977126484194,0.4964892895515444
JAX111419029,JAX,LSR_1,LSR,1,T,T-JAX111419029,2,2,0.3779325257304239,0.4964892895515444
JAX111419029,JAX,MJS_1,MJS,1,T,T-JAX111419029,1,1,0.4587257017786838,0.6131913636723517
JAX111419030,JAX,CJF,CJF,,T,T-JAX111419030,1,1,0.45527304413675873,0.6692998143106442
JAX111419030,JAX,CJF_2,CJF,2,T,T-JAX111419030,1,1,0.4741633491075786,0.7383320471784273
JAX111419030,JAX,EMP_1,EMP,1,T,T-JAX111419030,2,1,0.34007723814619584,0.7575176834327111
JAX111419030,JAX,EMP_1,EMP,1,T,T-JAX111419030,2,2,0.5211989843178204,0.7575176834327111
JAX111419030,JAX,JRS_1,JRS,1,T,T-JAX111419030,1,1,0.49642733763955094,0.7104103643793915
JAX111419030,JAX,LEL_1,LEL,1,T,T-JAX111419030,2,1,0.3412351026185011,0.7033766968107192
JAX111419030,JAX,LEL_1,LEL,1,T,T-JAX111419030,2,2,0.47326569384976525,0.7033766968107192
JAX111419030,JAX,LSR_1,LSR,1,T,T-JAX111419030,1,1,0.350728669708352,0.481619713707673
JAX111419030,JAX,MJS_1,MJS,1,T,T-JAX111419030,1,1,0.45488419220480614,0.6697867136416942
JAX111419031,JAX,CJF,CJF,,T,T-JAX111419031,0,NA,NA,0.44597369052373503
JAX111419031,JAX,CJF_2,CJF,2,T,T-JAX111419031,0,NA,NA,0.41669990746875685
JAX111419031,JAX,EMP_1,EMP,1,T,T-JAX111419031,0,NA,NA,0.5040188167391707
JAX111419031,JAX,LEL_1,LEL,1,T,T-JAX111419031,0,NA,NA,0.5046899831097567
JAX111419031,JAX,LSR_1,LSR,1,T,T-JAX111419031,1,1,0.21902833895937276,0.2920377852791608
JAX111419031,JAX,MJS_1,MJS,1,T,T-JAX111419031,0,NA,NA,0.4304411474791649
JAX111419032,JAX,CJF,CJF,,T,T-JAX111419032,4,1,0.45212965968647667,1.0058276978082241
JAX111419032,JAX,CJF,CJF,,T,T-JAX111419032,4,2,0.6534524028854817,1.0058276978082241
JAX111419032,JAX,CJF,CJF,,T,T-JAX111419032,4,3,0.7804115103320024,1.0058276978082241
JAX111419032,JAX,CJF,CJF,,T,T-JAX111419032,4,4,0.9068538888410195,1.0058276978082241
JAX111419032,JAX,CJF_2,CJF,2,T,T-JAX111419032,4,1,0.5017107510283322,1.0771948516808636
JAX111419032,JAX,CJF_2,CJF,2,T,T-JAX111419032,4,2,0.72839302324285915,1.0771948516808636
JAX111419032,JAX,CJF_2,CJF,2,T,T-JAX111419032,4,3,0.844631472522064,1.0771948516808636
JAX111419032,JAX,CJF_2,CJF,2,T,T-JAX111419032,4,4,0.9801565160807454,1.0771948516808636
JAX111419032,JAX,EMP_1,EMP,1,T,T-JAX111419032,4,1,0.3706054889336735,0.9020341527506417
JAX111419032,JAX,EMP_1,EMP,1,T,T-JAX111419032,4,2,0.5509843039229443,0.9020341527506417
JAX111419032,JAX,EMP_1,EMP,1,T,T-JAX111419032,4,3,0.6901795431860924,0.9020341527506417
JAX111419032,JAX,EMP_1,EMP,1,T,T-JAX111419032,4,4,0.7785301181737035,0.9020341527506417
JAX111419032,JAX,JRS_1,JRS,1,T,T-JAX111419032,4,1,0.5374572272866731,1.0593492318984887
JAX111419032,JAX,JRS_1,JRS,1,T,T-JAX111419032,4,2,0.7174293103795244,1.0593492318984887
JAX111419032,JAX,JRS_1,JRS,1,T,T-JAX111419032,4,3,0.8430582958976378,1.0593492318984887
JAX111419032,JAX,JRS_1,JRS,1,T,T-JAX111419032,4,4,0.9615805790146346,1.0593492318984887
JAX111419032,JAX,LEL_1,LEL,1,T,T-JAX111419032,4,1,0.618890519394049,1.1889908691147815
JAX111419032,JAX,LEL_1,LEL,1,T,T-JAX111419032,4,2,0.8126662172474207,1.1889908691147815
JAX111419032,JAX,LEL_1,LEL,1,T,T-JAX111419032,4,3,0.9546530504996329,1.1889908691147815
JAX111419032,JAX,LEL_1,LEL,1,T,T-JAX111419032,4,4,1.083682962308559,1.1889908691147815
JAX111419032,JAX,LSR_1,LSR,1,T,T-JAX111419032,4,1,0.5901145300404714,1.1072855320963124
JAX111419032,JAX,LSR_1,LSR,1,T,T-JAX111419032,4,2,0.7882741441385075,1.1072855320963124
JAX111419032,JAX,LSR_1,LSR,1,T,T-JAX111419032,4,3,0.9070875857979991,1.1072855320963124
JAX111419032,JAX,LSR_1,LSR,1,T,T-JAX111419032,4,4,1.0506684994968738,1.1072855320963124
JAX111419032,JAX,MJS_1,MJS,1,T,T-JAX111419032,4,1,0.4821206685385569,1.0249215735636272
JAX111419032,JAX,MJS_1,MJS,1,T,T-JAX111419032,4,2,0.7055271980507991,1.0249215735636272
JAX111419032,JAX,MJS_1,MJS,1,T,T-JAX111419032,4,3,0.8446803629432237,1.0249215735636272
JAX111419032,JAX,MJS_1,MJS,1,T,T-JAX111419032,4,4,0.9700912168722011,1.0249215735636272
JAX111419033,JAX,CJF,CJF,,T,T-JAX111419033,2,1,0.3866484033384492,0.8062034416134838
JAX111419033,JAX,CJF,CJF,,T,T-JAX111419033,2,2,0.6410822159703153,0.8062034416134838
JAX111419033,JAX,CJF_2,CJF,2,T,T-JAX111419033,2,1,0.4385672583053277,0.8734413508308225
JAX111419033,JAX,CJF_2,CJF,2,T,T-JAX111419033,2,2,0.773086574723463,0.8734413508308225
JAX111419033,JAX,EMP_1,EMP,1,T,T-JAX111419033,3,1,0.4930262055022936,0.8489061677228947
JAX111419033,JAX,EMP_1,EMP,1,T,T-JAX111419033,3,2,0.618215095040657,0.8489061677228947
JAX111419033,JAX,EMP_1,EMP,1,T,T-JAX111419033,3,3,0.749382661450685,0.8489061677228947
JAX111419033,JAX,JRS_1,JRS,1,T,T-JAX111419033,0,NA,NA,0.5828835010459908
JAX111419033,JAX,LEL_1,LEL,1,T,T-JAX111419033,3,1,0.4137250726823683,0.8231463010540839
JAX111419033,JAX,LEL_1,LEL,1,T,T-JAX111419033,3,2,0.5467756055903661,0.8231463010540839
JAX111419033,JAX,LEL_1,LEL,1,T,T-JAX111419033,3,3,0.6649086027848065,0.8231463010540839
JAX111419033,JAX,LSR_1,LSR,1,T,T-JAX111419033,3,1,0.4417344424656708,0.7876304291774391
JAX111419033,JAX,LSR_1,LSR,1,T,T-JAX111419033,3,2,0.5856264523537622,0.7876304291774391
JAX111419033,JAX,LSR_1,LSR,1,T,T-JAX111419033,3,3,0.7068795926256297,0.7876304291774391
JAX111419033,JAX,MJS_1,MJS,1,T,T-JAX111419033,1,1,0.37352327602033064,0.6380541140286895
JAX111419034,JAX,CJF,CJF,,T,T-JAX111419034,3,1,0.48843383553606906,0.7573126557723522
JAX111419034,JAX,CJF,CJF,,T,T-JAX111419034,3,2,0.606555363791738,0.7573126557723522
JAX111419034,JAX,CJF,CJF,,T,T-JAX111419034,3,3,0.6962374838412952,0.7573126557723522
JAX111419034,JAX,CJF_2,CJF,2,T,T-JAX111419034,3,1,0.5960355537843481,0.8564906385714331
JAX111419034,JAX,CJF_2,CJF,2,T,T-JAX111419034,3,2,0.7037353358828369,0.8564906385714331
JAX111419034,JAX,CJF_2,CJF,2,T,T-JAX111419034,3,3,0.7684597845081843,0.8564906385714331
JAX111419034,JAX,EMP_1,EMP,1,T,T-JAX111419034,4,1,0.3819775427536162,0.8083733898637827
JAX111419034,JAX,EMP_1,EMP,1,T,T-JAX111419034,4,2,0.5394780791666413,0.8083733898637827
JAX111419034,JAX,EMP_1,EMP,1,T,T-JAX111419034,4,3,0.6394288655007702,0.8083733898637827
JAX111419034,JAX,EMP_1,EMP,1,T,T-JAX111419034,4,4,0.723901127682276,0.8083733898637827
JAX111419034,JAX,JRS_1,JRS,1,T,T-JAX111419034,4,1,0.3319016186504801,0.7261635356350518
JAX111419034,JAX,JRS_1,JRS,1,T,T-JAX111419034,4,2,0.49592450364566454,0.7261635356350518
JAX111419034,JAX,JRS_1,JRS,1,T,T-JAX111419034,4,3,0.5792212290299602,0.7261635356350518
JAX111419034,JAX,JRS_1,JRS,1,T,T-JAX111419034,4,4,0.6603809550666554,0.7261635356350518
JAX111419034,JAX,LEL_1,LEL,1,T,T-JAX111419034,3,1,0.5629595860829841,0.8170900765509027
JAX111419034,JAX,LEL_1,LEL,1,T,T-JAX111419034,3,2,0.6719201392239695,0.8170900765509027
JAX111419034,JAX,LEL_1,LEL,1,T,T-JAX111419034,3,3,0.7608729868035154,0.8170900765509027
JAX111419034,JAX,LSR_1,LSR,1,T,T-JAX111419034,4,1,0.46601504530065263,0.837897471509746
JAX111419034,JAX,LSR_1,LSR,1,T,T-JAX111419034,4,2,0.5890923403707833,0.837897471509746
JAX111419034,JAX,LSR_1,LSR,1,T,T-JAX111419034,4,3,0.6938079166383166,0.837897471509746
JAX111419034,JAX,LSR_1,LSR,1,T,T-JAX111419034,4,4,0.7814870446026027,0.837897471509746
JAX111419034,JAX,MJS_1,MJS,1,T,T-JAX111419034,3,1,0.46272183782347004,0.6985152484819382
JAX111419034,JAX,MJS_1,MJS,1,T,T-JAX111419034,3,2,0.5555117188997782,0.6985152484819382
JAX111419034,JAX,MJS_1,MJS,1,T,T-JAX111419034,3,3,0.6258785825730134,0.6985152484819382
JAX111419035,JAX,CJF,CJF,,T,T-JAX111419035,5,1,0.4606365878263476,0.9672846702682386
JAX111419035,JAX,CJF,CJF,,T,T-JAX111419035,5,2,0.6422494180398669,0.9672846702682386
JAX111419035,JAX,CJF,CJF,,T,T-JAX111419035,5,3,0.7552678601164298,0.9672846702682386
JAX111419035,JAX,CJF,CJF,,T,T-JAX111419035,5,4,0.8232712902694724,0.9672846702682386
JAX111419035,JAX,CJF,CJF,,T,T-JAX111419035,5,5,0.8968827500230416,0.9672846702682386
JAX111419035,JAX,CJF_2,CJF,2,T,T-JAX111419035,4,1,0.5252267123783928,0.8726372367274431
JAX111419035,JAX,CJF_2,CJF,2,T,T-JAX111419035,4,2,0.6310945650677012,0.8726372367274431
JAX111419035,JAX,CJF_2,CJF,2,T,T-JAX111419035,4,3,0.6951634001285952,0.8726372367274431
JAX111419035,JAX,CJF_2,CJF,2,T,T-JAX111419035,4,4,0.7753350318123364,0.8726372367274431
JAX111419035,JAX,EMP_1,EMP,1,T,T-JAX111419035,5,1,0.36414869969711866,0.851810636049175
JAX111419035,JAX,EMP_1,EMP,1,T,T-JAX111419035,5,2,0.5305624671266045,0.851810636049175
JAX111419035,JAX,EMP_1,EMP,1,T,T-JAX111419035,5,3,0.6413067069264852,0.851810636049175
JAX111419035,JAX,EMP_1,EMP,1,T,T-JAX111419035,5,4,0.7140478757310267,0.851810636049175
JAX111419035,JAX,EMP_1,EMP,1,T,T-JAX111419035,5,5,0.7906488331810342,0.851810636049175
JAX111419035,JAX,JRS_1,JRS,1,T,T-JAX111419035,5,1,0.33151092899492435,0.7773870911505886
JAX111419035,JAX,JRS_1,JRS,1,T,T-JAX111419035,5,2,0.48831408584229524,0.7773870911505886
JAX111419035,JAX,JRS_1,JRS,1,T,T-JAX111419035,5,3,0.5748625489007922,0.7773870911505886
JAX111419035,JAX,JRS_1,JRS,1,T,T-JAX111419035,5,4,0.6499497807813455,0.7773870911505886
JAX111419035,JAX,JRS_1,JRS,1,T,T-JAX111419035,5,5,0.7267096283471336,0.7773870911505886
JAX111419035,JAX,LEL_1,LEL,1,T,T-JAX111419035,5,1,0.4912336582957005,0.9954772150506481
JAX111419035,JAX,LEL_1,LEL,1,T,T-JAX111419035,5,2,0.6572906859528118,0.9954772150506481
JAX111419035,JAX,LEL_1,LEL,1,T,T-JAX111419035,5,3,0.7571416376423763,0.9954772150506481
JAX111419035,JAX,LEL_1,LEL,1,T,T-JAX111419035,5,4,0.8372876010623919,0.9954772150506481
JAX111419035,JAX,LEL_1,LEL,1,T,T-JAX111419035,5,5,0.9261580589496609,0.9954772150506481
JAX111419035,JAX,LSR_1,LSR,1,T,T-JAX111419035,5,1,0.3904498360406424,0.8103363304615215
JAX111419035,JAX,LSR_1,LSR,1,T,T-JAX111419035,5,2,0.5392705706631571,0.8103363304615215
JAX111419035,JAX,LSR_1,LSR,1,T,T-JAX111419035,5,3,0.6434192490657822,0.8103363304615215
JAX111419035,JAX,LSR_1,LSR,1,T,T-JAX111419035,5,4,0.7218883764844475,0.8103363304615215
JAX111419035,JAX,LSR_1,LSR,1,T,T-JAX111419035,5,5,0.7765737539718367,0.8103363304615215
JAX111419035,JAX,MJS_1,MJS,1,T,T-JAX111419035,5,1,0.34691753918425683,0.8385909702510761
JAX111419035,JAX,MJS_1,MJS,1,T,T-JAX111419035,5,2,0.5137041046525981,0.8385909702510761
JAX111419035,JAX,MJS_1,MJS,1,T,T-JAX111419035,5,3,0.6264716188344739,0.8385909702510761
JAX111419035,JAX,MJS_1,MJS,1,T,T-JAX111419035,5,4,0.6890343980599954,0.8385909702510761
JAX111419035,JAX,MJS_1,MJS,1,T,T-JAX111419035,5,5,0.771156242017462,0.8385909702510761
JAX111419036,JAX,CJF,CJF,,T,T-JAX111419036,3,1,0.37401165839523776,0.7280252333017143
JAX111419036,JAX,CJF,CJF,,T,T-JAX111419036,3,2,0.5141059438660358,0.7280252333017143
JAX111419036,JAX,CJF,CJF,,T,T-JAX111419036,3,3,0.6320494835291797,0.7280252333017143
JAX111419036,JAX,CJF_2,CJF,2,T,T-JAX111419036,3,1,0.3984663056155909,0.7764163804573332
JAX111419036,JAX,CJF_2,CJF,2,T,T-JAX111419036,3,2,0.5591868248610881,0.7764163804573332
JAX111419036,JAX,CJF_2,CJF,2,T,T-JAX111419036,3,3,0.6810858218164676,0.7764163804573332
JAX111419036,JAX,EMP_1,EMP,1,T,T-JAX111419036,3,1,0.36986290665471755,0.6504011893397206
JAX111419036,JAX,EMP_1,EMP,1,T,T-JAX111419036,3,2,0.47670956406521753,0.6504011893397206
JAX111419036,JAX,EMP_1,EMP,1,T,T-JAX111419036,3,3,0.5731482925831507,0.6504011893397206
JAX111419036,JAX,JRS_1,JRS,1,T,T-JAX111419036,3,1,0.3607445778670946,0.6537704981471557
JAX111419036,JAX,JRS_1,JRS,1,T,T-JAX111419036,3,2,0.45161674678492375,0.6537704981471557
JAX111419036,JAX,JRS_1,JRS,1,T,T-JAX111419036,3,3,0.5676308551077283,0.6537704981471557
JAX111419036,JAX,LEL_1,LEL,1,T,T-JAX111419036,3,1,0.42030563121695413,0.7488664513422018
JAX111419036,JAX,LEL_1,LEL,1,T,T-JAX111419036,3,2,0.5331377845050776,0.7488664513422018
JAX111419036,JAX,LEL_1,LEL,1,T,T-JAX111419036,3,3,0.6484470932281855,0.7488664513422018
JAX111419036,JAX,LSR_1,LSR,1,T,T-JAX111419036,3,1,0.3945349799913831,0.7255381506109196
JAX111419036,JAX,LSR_1,LSR,1,T,T-JAX111419036,3,2,0.5140211457794902,0.7255381506109196
JAX111419036,JAX,LSR_1,LSR,1,T,T-JAX111419036,3,3,0.6620063412390734,0.7255381506109196
JAX111419036,JAX,MJS_1,MJS,1,T,T-JAX111419036,3,1,0.3384021093264657,0.640307946536644
JAX111419036,JAX,MJS_1,MJS,1,T,T-JAX111419036,3,2,0.44722048459943103,0.640307946536644
JAX111419036,JAX,MJS_1,MJS,1,T,T-JAX111419036,3,3,0.5669877415072819,0.640307946536644
JAX111419037,JAX,CJF,CJF,,T,T-JAX111419037,3,1,0.3319591570976017,0.7367024103564627
JAX111419037,JAX,CJF,CJF,,T,T-JAX111419037,3,2,0.4751037601910233,0.7367024103564627
JAX111419037,JAX,CJF,CJF,,T,T-JAX111419037,3,3,0.6292302921037844,0.7367024103564627
JAX111419037,JAX,CJF_2,CJF,2,T,T-JAX111419037,3,1,0.39703617067280916,0.829568638441871
JAX111419037,JAX,CJF_2,CJF,2,T,T-JAX111419037,3,2,0.5603818907893645,0.829568638441871
JAX111419037,JAX,CJF_2,CJF,2,T,T-JAX111419037,3,3,0.7038898303742311,0.829568638441871
JAX111419037,JAX,EMP_1,EMP,1,T,T-JAX111419037,3,1,0.5543253327722616,0.921281031130322
JAX111419037,JAX,EMP_1,EMP,1,T,T-JAX111419037,3,2,0.6491336864327701,0.921281031130322
JAX111419037,JAX,EMP_1,EMP,1,T,T-JAX111419037,3,3,0.7930913226816313,0.921281031130322
JAX111419037,JAX,JRS_1,JRS,1,T,T-JAX111419037,2,1,0.4851292579020965,0.7382720659666142
JAX111419037,JAX,JRS_1,JRS,1,T,T-JAX111419037,2,2,0.6226866337875054,0.7382720659666142
JAX111419037,JAX,LEL_1,LEL,1,T,T-JAX111419037,3,1,0.44726921029359046,0.8278355935763195
JAX111419037,JAX,LEL_1,LEL,1,T,T-JAX111419037,3,2,0.5627242124070023,0.8278355935763195
JAX111419037,JAX,LEL_1,LEL,1,T,T-JAX111419037,3,3,0.6921620195475309,0.8278355935763195
JAX111419037,JAX,LSR_1,LSR,1,T,T-JAX111419037,4,1,0.39789532911739334,0.8098666961123626
JAX111419037,JAX,LSR_1,LSR,1,T,T-JAX111419037,4,2,0.5330966680682642,0.8098666961123626
JAX111419037,JAX,LSR_1,LSR,1,T,T-JAX111419037,4,3,0.7024780950946845,0.8098666961123626
JAX111419037,JAX,LSR_1,LSR,1,T,T-JAX111419037,4,4,0.8003156708988279,0.8098666961123626
JAX111419037,JAX,MJS_1,MJS,1,T,T-JAX111419037,3,1,0.34933671471534194,0.7136000231195604
JAX111419037,JAX,MJS_1,MJS,1,T,T-JAX111419037,3,2,0.4520138589930747,0.7136000231195604
JAX111419037,JAX,MJS_1,MJS,1,T,T-JAX111419037,3,3,0.5815630582489111,0.7136000231195604
JAX111419038,JAX,CJF,CJF,,T,T-JAX111419038,3,1,0.45282277217977057,0.8340788603497954
JAX111419038,JAX,CJF,CJF,,T,T-JAX111419038,3,2,0.5964928916409398,0.8340788603497954
JAX111419038,JAX,CJF,CJF,,T,T-JAX111419038,3,3,0.7361697745082798,0.8340788603497954
JAX111419038,JAX,CJF_2,CJF,2,T,T-JAX111419038,3,1,0.48841603812954987,0.8679208000010286
JAX111419038,JAX,CJF_2,CJF,2,T,T-JAX111419038,3,2,0.6318413659515424,0.8679208000010286
JAX111419038,JAX,CJF_2,CJF,2,T,T-JAX111419038,3,3,0.7679379933593534,0.8679208000010286
JAX111419038,JAX,EMP_1,EMP,1,T,T-JAX111419038,3,1,0.5215774485493336,0.9064692686603982
JAX111419038,JAX,EMP_1,EMP,1,T,T-JAX111419038,3,2,0.6681615496325066,0.9064692686603982
JAX111419038,JAX,EMP_1,EMP,1,T,T-JAX111419038,3,3,0.8102152979847078,0.9064692686603982
JAX111419038,JAX,JRS_1,JRS,1,T,T-JAX111419038,3,1,0.4742349152583382,0.8534523867741515
JAX111419038,JAX,JRS_1,JRS,1,T,T-JAX111419038,3,2,0.6227081523354185,0.8534523867741515
JAX111419038,JAX,JRS_1,JRS,1,T,T-JAX111419038,3,3,0.7584349430316251,0.8534523867741515
JAX111419038,JAX,LEL_1,LEL,1,T,T-JAX111419038,3,1,0.5313216625751223,0.9224270048606936
JAX111419038,JAX,LEL_1,LEL,1,T,T-JAX111419038,3,2,0.690254053577111,0.9224270048606936
JAX111419038,JAX,LEL_1,LEL,1,T,T-JAX111419038,3,3,0.8020282771285967,0.9224270048606936
JAX111419038,JAX,LSR_1,LSR,1,T,T-JAX111419038,4,1,0.48274731545908445,0.8874479001666544
JAX111419038,JAX,LSR_1,LSR,1,T,T-JAX111419038,4,2,0.64199889590526,0.8874479001666544
JAX111419038,JAX,LSR_1,LSR,1,T,T-JAX111419038,4,3,0.7704821592740265,0.8874479001666544
JAX111419038,JAX,LSR_1,LSR,1,T,T-JAX111419038,4,4,0.8616721572098036,0.8874479001666544
JAX111419038,JAX,MJS_1,MJS,1,T,T-JAX111419038,3,1,0.48084907328564064,0.865324214502952
JAX111419038,JAX,MJS_1,MJS,1,T,T-JAX111419038,3,2,0.6292577391983344,0.865324214502952
JAX111419038,JAX,MJS_1,MJS,1,T,T-JAX111419038,3,3,0.760234159758219,0.865324214502952
JAX111419039,JAX,CJF,CJF,,T,T-JAX111419039,4,1,0.4354891126742143,1.022811510266169
JAX111419039,JAX,CJF,CJF,,T,T-JAX111419039,4,2,0.6470835629113441,1.022811510266169
JAX111419039,JAX,CJF,CJF,,T,T-JAX111419039,4,3,0.784173440365059,1.022811510266169
JAX111419039,JAX,CJF,CJF,,T,T-JAX111419039,4,4,0.9086920447011874,1.022811510266169
JAX111419039,JAX,CJF_2,CJF,2,T,T-JAX111419039,4,1,0.4240589062352106,1.0369696250953366
JAX111419039,JAX,CJF_2,CJF,2,T,T-JAX111419039,4,2,0.6493540027053902,1.0369696250953366
JAX111419039,JAX,CJF_2,CJF,2,T,T-JAX111419039,4,3,0.8139522338654857,1.0369696250953366
JAX111419039,JAX,CJF_2,CJF,2,T,T-JAX111419039,4,4,0.918636801137715,1.0369696250953366
JAX111419039,JAX,EMP_1,EMP,1,T,T-JAX111419039,4,1,0.39032348601686584,0.9964008206048084
JAX111419039,JAX,EMP_1,EMP,1,T,T-JAX111419039,4,2,0.6098215519038646,0.9964008206048084
JAX111419039,JAX,EMP_1,EMP,1,T,T-JAX111419039,4,3,0.7535016689120289,0.9964008206048084
JAX111419039,JAX,EMP_1,EMP,1,T,T-JAX111419039,4,4,0.8695691366808297,0.9964008206048084
JAX111419039,JAX,JRS_1,JRS,1,T,T-JAX111419039,4,1,0.39232423338471856,0.9719852221076575
JAX111419039,JAX,JRS_1,JRS,1,T,T-JAX111419039,4,2,0.6211847371951472,0.9719852221076575
JAX111419039,JAX,JRS_1,JRS,1,T,T-JAX111419039,4,3,0.769482183116078,0.9719852221076575
JAX111419039,JAX,JRS_1,JRS,1,T,T-JAX111419039,4,4,0.8735682042181457,0.9719852221076575
JAX111419039,JAX,LEL_1,LEL,1,T,T-JAX111419039,4,1,0.35076337946648084,0.9668115160533215
JAX111419039,JAX,LEL_1,LEL,1,T,T-JAX111419039,4,2,0.582113048929475,0.9668115160533215
JAX111419039,JAX,LEL_1,LEL,1,T,T-JAX111419039,4,3,0.7215922748309257,0.9668115160533215
JAX111419039,JAX,LEL_1,LEL,1,T,T-JAX111419039,4,4,0.8488754895321091,0.9668115160533215
JAX111419039,JAX,LSR_1,LSR,1,T,T-JAX111419039,3,1,0.5141951906156563,0.898631742687088
JAX111419039,JAX,LSR_1,LSR,1,T,T-JAX111419039,3,2,0.6821342844880132,0.898631742687088
JAX111419039,JAX,LSR_1,LSR,1,T,T-JAX111419039,3,3,0.7943108782632055,0.898631742687088
JAX111419039,JAX,MJS_1,MJS,1,T,T-JAX111419039,4,1,0.29261002261291574,0.8837372027698669
JAX111419039,JAX,MJS_1,MJS,1,T,T-JAX111419039,4,2,0.5144572174680843,0.8837372027698669
JAX111419039,JAX,MJS_1,MJS,1,T,T-JAX111419039,4,3,0.6757142532258731,0.8837372027698669
JAX111419039,JAX,MJS_1,MJS,1,T,T-JAX111419039,4,4,0.7796643322900261,0.8837372027698669
JAX111419040,JAX,CJF,CJF,,T,T-JAX111419040,3,1,0.46141649625016606,0.8487242286982603
JAX111419040,JAX,CJF,CJF,,T,T-JAX111419040,3,2,0.6356145389475811,0.8487242286982603
JAX111419040,JAX,CJF,CJF,,T,T-JAX111419040,3,3,0.7352389904722147,0.8487242286982603
JAX111419040,JAX,CJF_2,CJF,2,T,T-JAX111419040,3,1,0.4637298030326327,0.8302232170676376
JAX111419040,JAX,CJF_2,CJF,2,T,T-JAX111419040,3,2,0.610053999177909,0.8302232170676376
JAX111419040,JAX,CJF_2,CJF,2,T,T-JAX111419040,3,3,0.7258726293240988,0.8302232170676376
JAX111419040,JAX,EMP_1,EMP,1,T,T-JAX111419040,3,1,0.47684075556327715,0.859582014728073
JAX111419040,JAX,EMP_1,EMP,1,T,T-JAX111419040,3,2,0.632511076681282,0.859582014728073
JAX111419040,JAX,EMP_1,EMP,1,T,T-JAX111419040,3,3,0.7342955174122857,0.859582014728073
JAX111419040,JAX,JRS_1,JRS,1,T,T-JAX111419040,3,1,0.44125355640259417,0.7845036459807732
JAX111419040,JAX,JRS_1,JRS,1,T,T-JAX111419040,3,2,0.5804715449019773,0.7845036459807732
JAX111419040,JAX,JRS_1,JRS,1,T,T-JAX111419040,3,3,0.6913743793908805,0.7845036459807732
JAX111419040,JAX,LEL_1,LEL,1,T,T-JAX111419040,3,1,0.4602543686731394,0.8316542178887261
JAX111419040,JAX,LEL_1,LEL,1,T,T-JAX111419040,3,2,0.6140163932628419,0.8316542178887261
JAX111419040,JAX,LEL_1,LEL,1,T,T-JAX111419040,3,3,0.6971549067893674,0.8316542178887261
JAX111419040,JAX,LSR_1,LSR,1,T,T-JAX111419040,3,1,0.43561064768794877,0.8008561906885026
JAX111419040,JAX,LSR_1,LSR,1,T,T-JAX111419040,3,2,0.5750084818610282,0.8008561906885026
JAX111419040,JAX,LSR_1,LSR,1,T,T-JAX111419040,3,3,0.6762965022044377,0.8008561906885026
JAX111419040,JAX,MJS_1,MJS,1,T,T-JAX111419040,3,1,0.4020573637670334,0.7807174540314605
JAX111419040,JAX,MJS_1,MJS,1,T,T-JAX111419040,3,2,0.5547529466704901,0.7807174540314605
JAX111419040,JAX,MJS_1,MJS,1,T,T-JAX111419040,3,3,0.6664004957401269,0.7807174540314605
JAX111419041,JAX,CJF,CJF,,T,T-JAX111419041,3,1,0.41620885751690445,0.8375777168075086
JAX111419041,JAX,CJF,CJF,,T,T-JAX111419041,3,2,0.584478952948328,0.8375777168075086
JAX111419041,JAX,CJF,CJF,,T,T-JAX111419041,3,3,0.7430124907163383,0.8375777168075086
JAX111419041,JAX,CJF_2,CJF,2,T,T-JAX111419041,3,1,0.41273823795507447,0.8289587822687038
JAX111419041,JAX,CJF_2,CJF,2,T,T-JAX111419041,3,2,0.5715014526439725,0.8289587822687038
JAX111419041,JAX,CJF_2,CJF,2,T,T-JAX111419041,3,3,0.7279431297605006,0.8289587822687038
JAX111419041,JAX,EMP_1,EMP,1,T,T-JAX111419041,3,1,0.4959870285911151,0.8623692528155139
JAX111419041,JAX,EMP_1,EMP,1,T,T-JAX111419041,3,2,0.6379533776895453,0.8623692528155139
JAX111419041,JAX,EMP_1,EMP,1,T,T-JAX111419041,3,3,0.7607962785828893,0.8623692528155139
JAX111419041,JAX,JRS_1,JRS,1,T,T-JAX111419041,3,1,0.4576871731156745,0.8625421570679841
JAX111419041,JAX,JRS_1,JRS,1,T,T-JAX111419041,3,2,0.6485189786819268,0.8625421570679841
JAX111419041,JAX,JRS_1,JRS,1,T,T-JAX111419041,3,3,0.7665519440268869,0.8625421570679841
JAX111419041,JAX,LEL_1,LEL,1,T,T-JAX111419041,3,1,0.5483395875952985,0.9442130346951074
JAX111419041,JAX,LEL_1,LEL,1,T,T-JAX111419041,3,2,0.6625633871116913,0.9442130346951074
JAX111419041,JAX,LEL_1,LEL,1,T,T-JAX111419041,3,3,0.8176077743597767,0.9442130346951074
JAX111419041,JAX,LSR_1,LSR,1,T,T-JAX111419041,3,1,0.468722494390528,0.8690529784721801
JAX111419041,JAX,LSR_1,LSR,1,T,T-JAX111419041,3,2,0.634235584237434,0.8690529784721801
JAX111419041,JAX,LSR_1,LSR,1,T,T-JAX111419041,3,3,0.7628226152415067,0.8690529784721801
JAX111419041,JAX,MJS_1,MJS,1,T,T-JAX111419041,3,1,0.3821734909611566,0.8144400058165928
JAX111419041,JAX,MJS_1,MJS,1,T,T-JAX111419041,3,2,0.5515646507157336,0.8144400058165928
JAX111419041,JAX,MJS_1,MJS,1,T,T-JAX111419041,3,3,0.714448444673329,0.8144400058165928
JAX111419042,JAX,CJF,CJF,,T,T-JAX111419042,5,1,0.3929825992469978,0.9869118941140851
JAX111419042,JAX,CJF,CJF,,T,T-JAX111419042,5,2,0.6018787670772023,0.9869118941140851
JAX111419042,JAX,CJF,CJF,,T,T-JAX111419042,5,3,0.7311418277941262,0.9869118941140851
JAX111419042,JAX,CJF,CJF,,T,T-JAX111419042,5,4,0.8218043957513728,0.9869118941140851
JAX111419042,JAX,CJF,CJF,,T,T-JAX111419042,5,5,0.9040342114127662,0.9869118941140851
JAX111419042,JAX,CJF_2,CJF,2,T,T-JAX111419042,5,1,0.38487694329702454,0.9605555219764497
JAX111419042,JAX,CJF_2,CJF,2,T,T-JAX111419042,5,2,0.5894658077263392,0.9605555219764497
JAX111419042,JAX,CJF_2,CJF,2,T,T-JAX111419042,5,3,0.7034451499144522,0.9605555219764497
JAX111419042,JAX,CJF_2,CJF,2,T,T-JAX111419042,5,4,0.7866955748248498,0.9605555219764497
JAX111419042,JAX,CJF_2,CJF,2,T,T-JAX111419042,5,5,0.8716847953215032,0.9605555219764497
JAX111419042,JAX,EMP_1,EMP,1,T,T-JAX111419042,5,1,0.44311843306906457,1.0029158927810677
JAX111419042,JAX,EMP_1,EMP,1,T,T-JAX111419042,5,2,0.6317989556563912,1.0029158927810677
JAX111419042,JAX,EMP_1,EMP,1,T,T-JAX111419042,5,3,0.7627814040533357,1.0029158927810677
JAX111419042,JAX,EMP_1,EMP,1,T,T-JAX111419042,5,4,0.8402285169598828,1.0029158927810677
JAX111419042,JAX,EMP_1,EMP,1,T,T-JAX111419042,5,5,0.9236535742204678,1.0029158927810677
JAX111419042,JAX,JRS_1,JRS,1,T,T-JAX111419042,5,1,0.45786851364563974,0.9370329812617302
JAX111419042,JAX,JRS_1,JRS,1,T,T-JAX111419042,5,2,0.5804426870717206,0.9370329812617302
JAX111419042,JAX,JRS_1,JRS,1,T,T-JAX111419042,5,3,0.7073848697580448,0.9370329812617302
JAX111419042,JAX,JRS_1,JRS,1,T,T-JAX111419042,5,4,0.7879112275739895,0.9370329812617302
JAX111419042,JAX,JRS_1,JRS,1,T,T-JAX111419042,5,5,0.8757458945486895,0.9370329812617302
JAX111419042,JAX,LEL_1,LEL,1,T,T-JAX111419042,5,1,0.42427548582704006,1.01711001337467
JAX111419042,JAX,LEL_1,LEL,1,T,T-JAX111419042,5,2,0.6285348343861269,1.01711001337467
JAX111419042,JAX,LEL_1,LEL,1,T,T-JAX111419042,5,3,0.7598106483499599,1.01711001337467
JAX111419042,JAX,LEL_1,LEL,1,T,T-JAX111419042,5,4,0.8380464458481693,1.01711001337467
JAX111419042,JAX,LEL_1,LEL,1,T,T-JAX111419042,5,5,0.9254994981974971,1.01711001337467
JAX111419042,JAX,LSR_1,LSR,1,T,T-JAX111419042,5,1,0.5430517800392631,1.0165539228428742
JAX111419042,JAX,LSR_1,LSR,1,T,T-JAX111419042,5,2,0.6521240893571681,1.0165539228428742
JAX111419042,JAX,LSR_1,LSR,1,T,T-JAX111419042,5,3,0.766072572503403,1.0165539228428742
JAX111419042,JAX,LSR_1,LSR,1,T,T-JAX111419042,5,4,0.846914401762556,1.0165539228428742
JAX111419042,JAX,LSR_1,LSR,1,T,T-JAX111419042,5,5,0.9434113154179261,1.0165539228428742
JAX111419042,JAX,MJS_1,MJS,1,T,T-JAX111419042,5,1,0.33726771508939724,0.9192672575501468
JAX111419042,JAX,MJS_1,MJS,1,T,T-JAX111419042,5,2,0.5410995175274478,0.9192672575501468
JAX111419042,JAX,MJS_1,MJS,1,T,T-JAX111419042,5,3,0.6694314364066505,0.9192672575501468
JAX111419042,JAX,MJS_1,MJS,1,T,T-JAX111419042,5,4,0.7558076297382458,0.9192672575501468
JAX111419042,JAX,MJS_1,MJS,1,T,T-JAX111419042,5,5,0.8537284550710483,0.9192672575501468
JAX111419043,JAX,CJF,CJF,,T,T-JAX111419043,5,1,0.4214571809885679,1.0298092752196277
JAX111419043,JAX,CJF,CJF,,T,T-JAX111419043,5,2,0.617302311304913,1.0298092752196277
JAX111419043,JAX,CJF,CJF,,T,T-JAX111419043,5,3,0.7489808605001683,1.0298092752196277
JAX111419043,JAX,CJF,CJF,,T,T-JAX111419043,5,4,0.8494912818093532,1.0298092752196277
JAX111419043,JAX,CJF,CJF,,T,T-JAX111419043,5,5,0.932101268970833,1.0298092752196277
JAX111419043,JAX,CJF_2,CJF,2,T,T-JAX111419043,5,1,0.4323206372756128,1.0514385332743441
JAX111419043,JAX,CJF_2,CJF,2,T,T-JAX111419043,5,2,0.6260424864456962,1.0514385332743441
JAX111419043,JAX,CJF_2,CJF,2,T,T-JAX111419043,5,3,0.757542136187819,1.0514385332743441
JAX111419043,JAX,CJF_2,CJF,2,T,T-JAX111419043,5,4,0.8639159265436616,1.0514385332743441
JAX111419043,JAX,CJF_2,CJF,2,T,T-JAX111419043,5,5,0.9693661397024971,1.0514385332743441
JAX111419043,JAX,EMP_1,EMP,1,T,T-JAX111419043,4,1,0.5256789054867724,1.1293480821012467
JAX111419043,JAX,EMP_1,EMP,1,T,T-JAX111419043,4,2,0.7252102056839774,1.1293480821012467
JAX111419043,JAX,EMP_1,EMP,1,T,T-JAX111419043,4,3,0.8460423259988366,1.1293480821012467
JAX111419043,JAX,EMP_1,EMP,1,T,T-JAX111419043,4,4,0.9441162174231525,1.1293480821012467
JAX111419043,JAX,JRS_1,JRS,1,T,T-JAX111419043,5,1,0.5123469814048455,1.0978576304558925
JAX111419043,JAX,JRS_1,JRS,1,T,T-JAX111419043,5,2,0.6934049569070306,1.0978576304558925
JAX111419043,JAX,JRS_1,JRS,1,T,T-JAX111419043,5,3,0.8239745459172095,1.0978576304558925
JAX111419043,JAX,JRS_1,JRS,1,T,T-JAX111419043,5,4,0.9228273344815016,1.0978576304558925
JAX111419043,JAX,JRS_1,JRS,1,T,T-JAX111419043,5,5,1.025583818153868,1.0978576304558925
JAX111419043,JAX,LEL_1,LEL,1,T,T-JAX111419043,4,1,0.5449465357935095,1.1429385057354717
JAX111419043,JAX,LEL_1,LEL,1,T,T-JAX111419043,4,2,0.7227386415670551,1.1429385057354717
JAX111419043,JAX,LEL_1,LEL,1,T,T-JAX111419043,4,3,0.8547742377742396,1.1429385057354717
JAX111419043,JAX,LEL_1,LEL,1,T,T-JAX111419043,4,4,0.9808802274540014,1.1429385057354717
JAX111419043,JAX,LSR_1,LSR,1,T,T-JAX111419043,5,1,0.5313778067515643,1.1183984679035484
JAX111419043,JAX,LSR_1,LSR,1,T,T-JAX111419043,5,2,0.6955753242175265,1.1183984679035484
JAX111419043,JAX,LSR_1,LSR,1,T,T-JAX111419043,5,3,0.8196440890245402,1.1183984679035484
JAX111419043,JAX,LSR_1,LSR,1,T,T-JAX111419043,5,4,0.9564782901878258,1.1183984679035484
JAX111419043,JAX,LSR_1,LSR,1,T,T-JAX111419043,5,5,1.0404006826859882,1.1183984679035484
JAX111419043,JAX,MJS_1,MJS,1,T,T-JAX111419043,4,1,0.5017239562638743,1.0866774560474246
JAX111419043,JAX,MJS_1,MJS,1,T,T-JAX111419043,4,2,0.6856781876341077,1.0866774560474246
JAX111419043,JAX,MJS_1,MJS,1,T,T-JAX111419043,4,3,0.8161893420628572,1.0866774560474246
JAX111419043,JAX,MJS_1,MJS,1,T,T-JAX111419043,4,4,0.9244803520515678,1.0866774560474246
JAX111419044,JAX,CJF,CJF,,T,T-JAX111419044,4,1,0.37340143199901177,0.8828058879335225
JAX111419044,JAX,CJF,CJF,,T,T-JAX111419044,4,2,0.5595197234766529,0.8828058879335225
JAX111419044,JAX,CJF,CJF,,T,T-JAX111419044,4,3,0.6855563057357936,0.8828058879335225
JAX111419044,JAX,CJF,CJF,,T,T-JAX111419044,4,4,0.7723095458113665,0.8828058879335225
JAX111419044,JAX,CJF_2,CJF,2,T,T-JAX111419044,4,1,0.37299823318638875,0.8702480236273697
JAX111419044,JAX,CJF_2,CJF,2,T,T-JAX111419044,4,2,0.5577679294126161,0.8702480236273697
JAX111419044,JAX,CJF_2,CJF,2,T,T-JAX111419044,4,3,0.681398337906336,0.8702480236273697
JAX111419044,JAX,CJF_2,CJF,2,T,T-JAX111419044,4,4,0.7956264698887001,0.8702480236273697
JAX111419044,JAX,EMP_1,EMP,1,T,T-JAX111419044,4,1,0.3682444100851123,0.847877714314633
JAX111419044,JAX,EMP_1,EMP,1,T,T-JAX111419044,4,2,0.5514017572129524,0.847877714314633
JAX111419044,JAX,EMP_1,EMP,1,T,T-JAX111419044,4,3,0.6543122917742568,0.847877714314633
JAX111419044,JAX,EMP_1,EMP,1,T,T-JAX111419044,4,4,0.7586495770427009,0.847877714314633
JAX111419044,JAX,JRS_1,JRS,1,T,T-JAX111419044,4,1,0.39146640800333543,0.8412382037752538
JAX111419044,JAX,JRS_1,JRS,1,T,T-JAX111419044,4,2,0.5712019185720664,0.8412382037752538
JAX111419044,JAX,JRS_1,JRS,1,T,T-JAX111419044,4,3,0.6784786941636087,0.8412382037752538
JAX111419044,JAX,JRS_1,JRS,1,T,T-JAX111419044,4,4,0.770623815022396,0.8412382037752538
JAX111419044,JAX,LEL_1,LEL,1,T,T-JAX111419044,4,1,0.45601778757364275,0.9219766212562674
JAX111419044,JAX,LEL_1,LEL,1,T,T-JAX111419044,4,2,0.6436519548055787,0.9219766212562674
JAX111419044,JAX,LEL_1,LEL,1,T,T-JAX111419044,4,3,0.7554899547616678,0.9219766212562674
JAX111419044,JAX,LEL_1,LEL,1,T,T-JAX111419044,4,4,0.8225760100067704,0.9219766212562674
JAX111419044,JAX,LSR_1,LSR,1,T,T-JAX111419044,4,1,0.3689953333675732,0.8260453924700749
JAX111419044,JAX,LSR_1,LSR,1,T,T-JAX111419044,4,2,0.54522393970013,0.8260453924700749
JAX111419044,JAX,LSR_1,LSR,1,T,T-JAX111419044,4,3,0.6398939137160423,0.8260453924700749
JAX111419044,JAX,LSR_1,LSR,1,T,T-JAX111419044,4,4,0.7428329480831838,0.8260453924700749
JAX111419044,JAX,MJS_1,MJS,1,T,T-JAX111419044,4,1,0.343618958303857,0.8229248031986041
JAX111419044,JAX,MJS_1,MJS,1,T,T-JAX111419044,4,2,0.5339449488366887,0.8229248031986041
JAX111419044,JAX,MJS_1,MJS,1,T,T-JAX111419044,4,3,0.650963585679881,0.8229248031986041
JAX111419044,JAX,MJS_1,MJS,1,T,T-JAX111419044,4,4,0.7375260058663539,0.8229248031986041
JAX111419045,JAX,CJF,CJF,,T,T-JAX111419045,3,1,0.30440353046919955,0.5952728883115411
JAX111419045,JAX,CJF,CJF,,T,T-JAX111419045,3,2,0.41070582655832455,0.5952728883115411
JAX111419045,JAX,CJF,CJF,,T,T-JAX111419045,3,3,0.5019366806174165,0.5952728883115411
JAX111419045,JAX,CJF_2,CJF,2,T,T-JAX111419045,3,1,0.3028541256750875,0.6213715585292868
JAX111419045,JAX,CJF_2,CJF,2,T,T-JAX111419045,3,2,0.4209708399286817,0.6213715585292868
JAX111419045,JAX,CJF_2,CJF,2,T,T-JAX111419045,3,3,0.521830359627343,0.6213715585292868
JAX111419045,JAX,EMP_1,EMP,1,T,T-JAX111419045,3,1,0.37190014598658633,0.6985703814299123
JAX111419045,JAX,EMP_1,EMP,1,T,T-JAX111419045,3,2,0.5044801130204514,0.6985703814299123
JAX111419045,JAX,EMP_1,EMP,1,T,T-JAX111419045,3,3,0.6030594513391491,0.6985703814299123
JAX111419045,JAX,JRS_1,JRS,1,T,T-JAX111419045,3,1,0.36446778127197366,0.6867177785816373
JAX111419045,JAX,JRS_1,JRS,1,T,T-JAX111419045,3,2,0.4891460017996082,0.6867177785816373
JAX111419045,JAX,JRS_1,JRS,1,T,T-JAX111419045,3,3,0.584552604433243,0.6867177785816373
JAX111419045,JAX,LEL_1,LEL,1,T,T-JAX111419045,3,1,0.4686703864189874,0.79975889967856
JAX111419045,JAX,LEL_1,LEL,1,T,T-JAX111419045,3,2,0.5908318332240248,0.79975889967856
JAX111419045,JAX,LEL_1,LEL,1,T,T-JAX111419045,3,3,0.6952953664512923,0.79975889967856
JAX111419045,JAX,LSR_1,LSR,1,T,T-JAX111419045,3,1,0.44794364777596457,0.7309864543224938
JAX111419045,JAX,LSR_1,LSR,1,T,T-JAX111419045,3,2,0.5520419916586332,0.7309864543224938
JAX111419045,JAX,LSR_1,LSR,1,T,T-JAX111419045,3,3,0.6449054383937627,0.7309864543224938
JAX111419045,JAX,MJS_1,MJS,1,T,T-JAX111419045,3,1,0.38593606413432957,0.6835106502081556
JAX111419045,JAX,MJS_1,MJS,1,T,T-JAX111419045,3,2,0.5087961150394413,0.6835106502081556
JAX111419045,JAX,MJS_1,MJS,1,T,T-JAX111419045,3,3,0.5961533826237985,0.6835106502081556
JAX111419046,JAX,CJF,CJF,,T,T-JAX111419046,3,1,0.43890465985491567,0.8287977406807859
JAX111419046,JAX,CJF,CJF,,T,T-JAX111419046,3,2,0.606320848251741,0.8287977406807859
JAX111419046,JAX,CJF,CJF,,T,T-JAX111419046,3,3,0.7224140589438937,0.8287977406807859
JAX111419046,JAX,CJF_2,CJF,2,T,T-JAX111419046,3,1,0.4334416306754602,0.8072703960401296
JAX111419046,JAX,CJF_2,CJF,2,T,T-JAX111419046,3,2,0.5846961774226204,0.8072703960401296
JAX111419046,JAX,CJF_2,CJF,2,T,T-JAX111419046,3,3,0.7000258028523676,0.8072703960401296
JAX111419046,JAX,EMP_1,EMP,1,T,T-JAX111419046,3,1,0.408161108816759,0.768523211418669
JAX111419046,JAX,EMP_1,EMP,1,T,T-JAX111419046,3,2,0.5528044981216667,0.768523211418669
JAX111419046,JAX,EMP_1,EMP,1,T,T-JAX111419046,3,3,0.6814763401388083,0.768523211418669
JAX111419046,JAX,JRS_1,JRS,1,T,T-JAX111419046,3,1,0.4373752049698293,0.803631571823382
JAX111419046,JAX,JRS_1,JRS,1,T,T-JAX111419046,3,2,0.5855149901072683,0.803631571823382
JAX111419046,JAX,JRS_1,JRS,1,T,T-JAX111419046,3,3,0.7076004457251194,0.803631571823382
JAX111419046,JAX,LEL_1,LEL,1,T,T-JAX111419046,3,1,0.5344864992149025,0.9327176467962667
JAX111419046,JAX,LEL_1,LEL,1,T,T-JAX111419046,3,2,0.7013745686067068,0.9327176467962667
JAX111419046,JAX,LEL_1,LEL,1,T,T-JAX111419046,3,3,0.809630513831512,0.9327176467962667
JAX111419046,JAX,LSR_1,LSR,1,T,T-JAX111419046,3,1,0.5095462486228561,0.881051584678193
JAX111419046,JAX,LSR_1,LSR,1,T,T-JAX111419046,3,2,0.6711797290117296,0.881051584678193
JAX111419046,JAX,LSR_1,LSR,1,T,T-JAX111419046,3,3,0.7901958077533825,0.881051584678193
JAX111419046,JAX,MJS_1,MJS,1,T,T-JAX111419046,3,1,0.4335644365001445,0.8008590799752919
JAX111419046,JAX,MJS_1,MJS,1,T,T-JAX111419046,3,2,0.568680138129463,0.8008590799752919
JAX111419046,JAX,MJS_1,MJS,1,T,T-JAX111419046,3,3,0.7001193993964667,0.8008590799752919
JAX111419047,JAX,CJF,CJF,,T,T-JAX111419047,4,1,0.48099786324597515,1.038820442441923
JAX111419047,JAX,CJF,CJF,,T,T-JAX111419047,4,2,0.7078621989363154,1.038820442441923
JAX111419047,JAX,CJF,CJF,,T,T-JAX111419047,4,3,0.8455000203257809,1.038820442441923
JAX111419047,JAX,CJF,CJF,,T,T-JAX111419047,4,4,0.9355237921700015,1.038820442441923
JAX111419047,JAX,CJF_2,CJF,2,T,T-JAX111419047,4,1,0.4346691164551169,0.9573164345698801
JAX111419047,JAX,CJF_2,CJF,2,T,T-JAX111419047,4,2,0.647839435042059,0.9573164345698801
JAX111419047,JAX,CJF_2,CJF,2,T,T-JAX111419047,4,3,0.7732959307094338,0.9573164345698801
JAX111419047,JAX,CJF_2,CJF,2,T,T-JAX111419047,4,4,0.882954698719602,0.9573164345698801
JAX111419047,JAX,EMP_1,EMP,1,T,T-JAX111419047,4,1,0.3739727805445307,0.8967547218770217
JAX111419047,JAX,EMP_1,EMP,1,T,T-JAX111419047,4,2,0.5737536238800285,0.8967547218770217
JAX111419047,JAX,EMP_1,EMP,1,T,T-JAX111419047,4,3,0.6931428312940642,0.8967547218770217
JAX111419047,JAX,EMP_1,EMP,1,T,T-JAX111419047,4,4,0.7949487765855431,0.8967547218770217
JAX111419047,JAX,JRS_1,JRS,1,T,T-JAX111419047,4,1,0.31292972412048703,0.8294094153031466
JAX111419047,JAX,JRS_1,JRS,1,T,T-JAX111419047,4,2,0.5035734571857369,0.8294094153031466
JAX111419047,JAX,JRS_1,JRS,1,T,T-JAX111419047,4,3,0.6330964597664701,0.8294094153031466
JAX111419047,JAX,JRS_1,JRS,1,T,T-JAX111419047,4,4,0.7363463317418515,0.8294094153031466
JAX111419047,JAX,LEL_1,LEL,1,T,T-JAX111419047,4,1,0.36464087093521513,0.9031542414681596
JAX111419047,JAX,LEL_1,LEL,1,T,T-JAX111419047,4,2,0.5597783737434241,0.9031542414681596
JAX111419047,JAX,LEL_1,LEL,1,T,T-JAX111419047,4,3,0.6904366888059265,0.9031542414681596
JAX111419047,JAX,LEL_1,LEL,1,T,T-JAX111419047,4,4,0.7898479168882586,0.9031542414681596
JAX111419047,JAX,LSR_1,LSR,1,T,T-JAX111419047,4,1,0.480051944982919,1.0116481999034668
JAX111419047,JAX,LSR_1,LSR,1,T,T-JAX111419047,4,2,0.7054352300912524,1.0116481999034668
JAX111419047,JAX,LSR_1,LSR,1,T,T-JAX111419047,4,3,0.8286505552920889,1.0116481999034668
JAX111419047,JAX,LSR_1,LSR,1,T,T-JAX111419047,4,4,0.9244218256621942,1.0116481999034668
JAX111419047,JAX,MJS_1,MJS,1,T,T-JAX111419047,4,1,0.4107746038150818,0.9116611139421122
JAX111419047,JAX,MJS_1,MJS,1,T,T-JAX111419047,4,2,0.615895099463002,0.9116611139421122
JAX111419047,JAX,MJS_1,MJS,1,T,T-JAX111419047,4,3,0.7397907556308632,0.9116611139421122
JAX111419047,JAX,MJS_1,MJS,1,T,T-JAX111419047,4,4,0.839856953813184,0.9116611139421122
JAX111419048,JAX,CJF,CJF,,T,T-JAX111419048,3,1,0.3762728359176038,0.75281845988274
JAX111419048,JAX,CJF,CJF,,T,T-JAX111419048,3,2,0.513993509849112,0.75281845988274
JAX111419048,JAX,CJF,CJF,,T,T-JAX111419048,3,3,0.6279410656606877,0.75281845988274
JAX111419048,JAX,CJF_2,CJF,2,T,T-JAX111419048,3,1,0.423463733298516,0.7588050385102539
JAX111419048,JAX,CJF_2,CJF,2,T,T-JAX111419048,3,2,0.553573463855434,0.7588050385102539
JAX111419048,JAX,CJF_2,CJF,2,T,T-JAX111419048,3,3,0.6718825442750687,0.7588050385102539
JAX111419048,JAX,EMP_1,EMP,1,T,T-JAX111419048,3,1,0.36594592632153783,0.7141992379197138
JAX111419048,JAX,EMP_1,EMP,1,T,T-JAX111419048,3,2,0.4989502518405627,0.7141992379197138
JAX111419048,JAX,EMP_1,EMP,1,T,T-JAX111419048,3,3,0.5967958477826726,0.7141992379197138
JAX111419048,JAX,JRS_1,JRS,1,T,T-JAX111419048,3,1,0.3691857110580223,0.7200942797098515
JAX111419048,JAX,JRS_1,JRS,1,T,T-JAX111419048,3,2,0.51239981061334,0.7200942797098515
JAX111419048,JAX,JRS_1,JRS,1,T,T-JAX111419048,3,3,0.6291190801894307,0.7200942797098515
JAX111419048,JAX,LEL_1,LEL,1,T,T-JAX111419048,3,1,0.3842438868558411,0.7529549031579361
JAX111419048,JAX,LEL_1,LEL,1,T,T-JAX111419048,3,2,0.5084095216111206,0.7529549031579361
JAX111419048,JAX,LEL_1,LEL,1,T,T-JAX111419048,3,3,0.6337402640772066,0.7529549031579361
JAX111419048,JAX,LSR_1,LSR,1,T,T-JAX111419048,4,1,0.4179608846220175,0.8471672018445776
JAX111419048,JAX,LSR_1,LSR,1,T,T-JAX111419048,4,2,0.588612486195405,0.8471672018445776
JAX111419048,JAX,LSR_1,LSR,1,T,T-JAX111419048,4,3,0.6989839069314506,0.8471672018445776
JAX111419048,JAX,LSR_1,LSR,1,T,T-JAX111419048,4,4,0.7919814914765549,0.8471672018445776
JAX111419048,JAX,MJS_1,MJS,1,T,T-JAX111419048,3,1,0.36077075588084695,0.7026892826008118
JAX111419048,JAX,MJS_1,MJS,1,T,T-JAX111419048,3,2,0.49485264255911054,0.7026892826008118
JAX111419048,JAX,MJS_1,MJS,1,T,T-JAX111419048,3,3,0.6141507569106934,0.7026892826008118
JAX111419049,JAX,CJF,CJF,,T,T-JAX111419049,3,1,0.35744522317587585,0.7044121969591144
JAX111419049,JAX,CJF,CJF,,T,T-JAX111419049,3,2,0.4914971776954099,0.7044121969591144
JAX111419049,JAX,CJF,CJF,,T,T-JAX111419049,3,3,0.5972171377603279,0.7044121969591144
JAX111419049,JAX,CJF_2,CJF,2,T,T-JAX111419049,3,1,0.37055434173217433,0.7135152145301554
JAX111419049,JAX,CJF_2,CJF,2,T,T-JAX111419049,3,2,0.4922328910472861,0.7135152145301554
JAX111419049,JAX,CJF_2,CJF,2,T,T-JAX111419049,3,3,0.5924751469249514,0.7135152145301554
JAX111419049,JAX,EMP_1,EMP,1,T,T-JAX111419049,3,1,0.4138860197013891,0.7562858834156299
JAX111419049,JAX,EMP_1,EMP,1,T,T-JAX111419049,3,2,0.5387273138541592,0.7562858834156299
JAX111419049,JAX,EMP_1,EMP,1,T,T-JAX111419049,3,3,0.6544248337997293,0.7562858834156299
JAX111419049,JAX,JRS_1,JRS,1,T,T-JAX111419049,1,1,0.5802478686257053,0.674837882753637
JAX111419049,JAX,LEL_1,LEL,1,T,T-JAX111419049,3,1,0.5289125094283007,0.8656959406457447
JAX111419049,JAX,LEL_1,LEL,1,T,T-JAX111419049,3,2,0.6517603908112429,0.8656959406457447
JAX111419049,JAX,LEL_1,LEL,1,T,T-JAX111419049,3,3,0.7779474539436431,0.8656959406457447
JAX111419049,JAX,LSR_1,LSR,1,T,T-JAX111419049,3,1,0.4661813537681063,0.7856118668149973
JAX111419049,JAX,LSR_1,LSR,1,T,T-JAX111419049,3,2,0.5826218819244954,0.7856118668149973
JAX111419049,JAX,LSR_1,LSR,1,T,T-JAX111419049,3,3,0.6911001165382806,0.7856118668149973
JAX111419049,JAX,MJS_1,MJS,1,T,T-JAX111419049,3,1,0.335408983570145,0.6518645611238887
JAX111419049,JAX,MJS_1,MJS,1,T,T-JAX111419049,3,2,0.4718735068882328,0.6518645611238887
JAX111419049,JAX,MJS_1,MJS,1,T,T-JAX111419049,3,3,0.5704312181735184,0.6518645611238887
JAX111419050,JAX,CJF,CJF,,T,T-JAX111419050,3,1,0.3979981442355147,0.7547140526139927
JAX111419050,JAX,CJF,CJF,,T,T-JAX111419050,3,2,0.5288962762595112,0.7547140526139927
JAX111419050,JAX,CJF,CJF,,T,T-JAX111419050,3,3,0.6446702305295597,0.7547140526139927
JAX111419050,JAX,CJF_2,CJF,2,T,T-JAX111419050,3,1,0.4017198578923378,0.7787172831720884
JAX111419050,JAX,CJF_2,CJF,2,T,T-JAX111419050,3,2,0.5401846655562978,0.7787172831720884
JAX111419050,JAX,CJF_2,CJF,2,T,T-JAX111419050,3,3,0.6729291928801544,0.7787172831720884
JAX111419050,JAX,EMP_1,EMP,1,T,T-JAX111419050,3,1,0.33505581561230874,0.6680438626276047
JAX111419050,JAX,EMP_1,EMP,1,T,T-JAX111419050,3,2,0.45186177430782215,0.6680438626276047
JAX111419050,JAX,EMP_1,EMP,1,T,T-JAX111419050,3,3,0.5668359820666964,0.6680438626276047
JAX111419050,JAX,JRS_1,JRS,1,T,T-JAX111419050,3,1,0.3068017163709741,0.6832912421433781
JAX111419050,JAX,JRS_1,JRS,1,T,T-JAX111419050,3,2,0.448043695716454,0.6832912421433781
JAX111419050,JAX,JRS_1,JRS,1,T,T-JAX111419050,3,3,0.5660756518847423,0.6832912421433781
JAX111419050,JAX,LEL_1,LEL,1,T,T-JAX111419050,3,1,0.393636870999844,0.7661832848790016
JAX111419050,JAX,LEL_1,LEL,1,T,T-JAX111419050,3,2,0.5208335501376631,0.7661832848790016
JAX111419050,JAX,LEL_1,LEL,1,T,T-JAX111419050,3,3,0.6266515503876745,0.7661832848790016
JAX111419050,JAX,LSR_1,LSR,1,T,T-JAX111419050,3,1,0.44661475968185127,0.8272244805957619
JAX111419050,JAX,LSR_1,LSR,1,T,T-JAX111419050,3,2,0.5898631762023314,0.8272244805957619
JAX111419050,JAX,LSR_1,LSR,1,T,T-JAX111419050,3,3,0.7382242928589069,0.8272244805957619
JAX111419050,JAX,MJS_1,MJS,1,T,T-JAX111419050,3,1,0.30298920510610966,0.6544147540343974
JAX111419050,JAX,MJS_1,MJS,1,T,T-JAX111419050,3,2,0.4270767411676998,0.6544147540343974
JAX111419050,JAX,MJS_1,MJS,1,T,T-JAX111419050,3,3,0.5412131573397012,0.6544147540343974
JAX111419051,JAX,CJF,CJF,,T,T-JAX111419051,3,1,0.3672530624672484,0.688680877112648
JAX111419051,JAX,CJF,CJF,,T,T-JAX111419051,3,2,0.5050543458790235,0.688680877112648
JAX111419051,JAX,CJF,CJF,,T,T-JAX111419051,3,3,0.6083850268633457,0.688680877112648
JAX111419051,JAX,CJF_2,CJF,2,T,T-JAX111419051,3,1,0.3537637792084073,0.7014565102430457
JAX111419051,JAX,CJF_2,CJF,2,T,T-JAX111419051,3,2,0.4999562487140022,0.7014565102430457
JAX111419051,JAX,CJF_2,CJF,2,T,T-JAX111419051,3,3,0.5991955807090968,0.7014565102430457
JAX111419051,JAX,EMP_1,EMP,1,T,T-JAX111419051,3,1,0.30702513319817215,0.6809926710508757
JAX111419051,JAX,EMP_1,EMP,1,T,T-JAX111419051,3,2,0.4814882666789069,0.6809926710508757
JAX111419051,JAX,EMP_1,EMP,1,T,T-JAX111419051,3,3,0.5924803774462659,0.6809926710508757
JAX111419051,JAX,JRS_1,JRS,1,T,T-JAX111419051,3,1,0.34557340567746647,0.6780226969279654
JAX111419051,JAX,JRS_1,JRS,1,T,T-JAX111419051,3,2,0.49835487094701814,0.6780226969279654
JAX111419051,JAX,JRS_1,JRS,1,T,T-JAX111419051,3,3,0.6000316450790647,0.6780226969279654
JAX111419051,JAX,LEL_1,LEL,1,T,T-JAX111419051,3,1,0.4875791777500715,0.8701224648264811
JAX111419051,JAX,LEL_1,LEL,1,T,T-JAX111419051,3,2,0.6361385134188112,0.8701224648264811
JAX111419051,JAX,LEL_1,LEL,1,T,T-JAX111419051,3,3,0.7500574385331734,0.8701224648264811
JAX111419051,JAX,LSR_1,LSR,1,T,T-JAX111419051,4,1,0.41991211061482014,0.6731858515680827
JAX111419051,JAX,LSR_1,LSR,1,T,T-JAX111419051,4,2,0.5024022488303671,0.6731858515680827
JAX111419051,JAX,LSR_1,LSR,1,T,T-JAX111419051,4,3,0.5517305224366497,0.6731858515680827
JAX111419051,JAX,LSR_1,LSR,1,T,T-JAX111419051,4,4,0.6100401343746068,0.6731858515680827
JAX111419051,JAX,MJS_1,MJS,1,T,T-JAX111419051,3,1,0.3567083480147446,0.694012477743578
JAX111419051,JAX,MJS_1,MJS,1,T,T-JAX111419051,3,2,0.5092442195330835,0.694012477743578
JAX111419051,JAX,MJS_1,MJS,1,T,T-JAX111419051,3,3,0.6220132031526628,0.694012477743578
JAX111419052,JAX,CJF,CJF,,T,T-JAX111419052,4,1,0.40852329718113445,0.9296471902272039
JAX111419052,JAX,CJF,CJF,,T,T-JAX111419052,4,2,0.5788850019495652,0.9296471902272039
JAX111419052,JAX,CJF,CJF,,T,T-JAX111419052,4,3,0.6751535167887247,0.9296471902272039
JAX111419052,JAX,CJF,CJF,,T,T-JAX111419052,4,4,0.777250774587126,0.9296471902272039
JAX111419052,JAX,CJF_2,CJF,2,T,T-JAX111419052,4,1,0.3762857904222136,0.9066631754685165
JAX111419052,JAX,CJF_2,CJF,2,T,T-JAX111419052,4,2,0.5506353959433365,0.9066631754685165
JAX111419052,JAX,CJF_2,CJF,2,T,T-JAX111419052,4,3,0.6586666282905409,0.9066631754685165
JAX111419052,JAX,CJF_2,CJF,2,T,T-JAX111419052,4,4,0.7576981310513888,0.9066631754685165
JAX111419052,JAX,EMP_1,EMP,1,T,T-JAX111419052,3,1,0.45434362852693816,0.7566892019116064
JAX111419052,JAX,EMP_1,EMP,1,T,T-JAX111419052,3,2,0.550218021956318,0.7566892019116064
JAX111419052,JAX,EMP_1,EMP,1,T,T-JAX111419052,3,3,0.6219118689758298,0.7566892019116064
JAX111419052,JAX,JRS_1,JRS,1,T,T-JAX111419052,5,1,0.4589939127260611,0.9548149038411662
JAX111419052,JAX,JRS_1,JRS,1,T,T-JAX111419052,5,2,0.6073298418947994,0.9548149038411662
JAX111419052,JAX,JRS_1,JRS,1,T,T-JAX111419052,5,3,0.7060651729624995,0.9548149038411662
JAX111419052,JAX,JRS_1,JRS,1,T,T-JAX111419052,5,4,0.8107676462256398,0.9548149038411662
JAX111419052,JAX,JRS_1,JRS,1,T,T-JAX111419052,5,5,0.8941192566703597,0.9548149038411662
JAX111419052,JAX,LEL_1,LEL,1,T,T-JAX111419052,4,1,0.4836317641166444,1.0223059882888401
JAX111419052,JAX,LEL_1,LEL,1,T,T-JAX111419052,4,2,0.6436601109552103,1.0223059882888401
JAX111419052,JAX,LEL_1,LEL,1,T,T-JAX111419052,4,3,0.7402534369174343,1.0223059882888401
JAX111419052,JAX,LEL_1,LEL,1,T,T-JAX111419052,4,4,0.8797911964244386,1.0223059882888401
JAX111419052,JAX,LSR_1,LSR,1,T,T-JAX111419052,4,1,0.45875216221053616,1.0054594772195338
JAX111419052,JAX,LSR_1,LSR,1,T,T-JAX111419052,4,2,0.6330982195579113,1.0054594772195338
JAX111419052,JAX,LSR_1,LSR,1,T,T-JAX111419052,4,3,0.74669249843687,1.0054594772195338
JAX111419052,JAX,LSR_1,LSR,1,T,T-JAX111419052,4,4,0.8788280950666011,1.0054594772195338
JAX111419052,JAX,MJS_1,MJS,1,T,T-JAX111419052,4,1,0.40518105321909476,0.924781922304606
JAX111419052,JAX,MJS_1,MJS,1,T,T-JAX111419052,4,2,0.5703038576429843,0.924781922304606
JAX111419052,JAX,MJS_1,MJS,1,T,T-JAX111419052,4,3,0.6796397016156486,0.924781922304606
JAX111419052,JAX,MJS_1,MJS,1,T,T-JAX111419052,4,4,0.7857150277970871,0.924781922304606
JAX111419053,JAX,CJF,CJF,,T,T-JAX111419053,5,1,0.41880170836599473,1.066552527543466
JAX111419053,JAX,CJF,CJF,,T,T-JAX111419053,5,2,0.6367917603213455,1.066552527543466
JAX111419053,JAX,CJF,CJF,,T,T-JAX111419053,5,3,0.7849699713145546,1.066552527543466
JAX111419053,JAX,CJF,CJF,,T,T-JAX111419053,5,4,0.864503937535792,1.066552527543466
JAX111419053,JAX,CJF,CJF,,T,T-JAX111419053,5,5,0.9563379023204746,1.066552527543466
JAX111419053,JAX,CJF_2,CJF,2,T,T-JAX111419053,5,1,0.461278586792341,1.0987270192880716
JAX111419053,JAX,CJF_2,CJF,2,T,T-JAX111419053,5,2,0.6834244703718092,1.0987270192880716
JAX111419053,JAX,CJF_2,CJF,2,T,T-JAX111419053,5,3,0.829015256979392,1.0987270192880716
JAX111419053,JAX,CJF_2,CJF,2,T,T-JAX111419053,5,4,0.9178592838468637,1.0987270192880716
JAX111419053,JAX,CJF_2,CJF,2,T,T-JAX111419053,5,5,1.0113295676305747,1.0987270192880716
JAX111419053,JAX,EMP_1,EMP,1,T,T-JAX111419053,5,1,0.5433356074370067,1.1828937361070295
JAX111419053,JAX,EMP_1,EMP,1,T,T-JAX111419053,5,2,0.7549519479072204,1.1828937361070295
JAX111419053,JAX,EMP_1,EMP,1,T,T-JAX111419053,5,3,0.8984264632209233,1.1828937361070295
JAX111419053,JAX,EMP_1,EMP,1,T,T-JAX111419053,5,4,0.9859939946048359,1.1828937361070295
JAX111419053,JAX,EMP_1,EMP,1,T,T-JAX111419053,5,5,1.0729410865534235,1.1828937361070295
JAX111419053,JAX,JRS_1,JRS,1,T,T-JAX111419053,5,1,0.5804258141724,1.2028837373395267
JAX111419053,JAX,JRS_1,JRS,1,T,T-JAX111419053,5,2,0.7773194582944868,1.2028837373395267
JAX111419053,JAX,JRS_1,JRS,1,T,T-JAX111419053,5,3,0.9608768235645211,1.2028837373395267
JAX111419053,JAX,JRS_1,JRS,1,T,T-JAX111419053,5,4,1.023419168946969,1.2028837373395267
JAX111419053,JAX,JRS_1,JRS,1,T,T-JAX111419053,5,5,1.1229123162275494,1.2028837373395267
JAX111419053,JAX,LEL_1,LEL,1,T,T-JAX111419053,5,1,0.4907590818755457,1.0883237388871403
JAX111419053,JAX,LEL_1,LEL,1,T,T-JAX111419053,5,2,0.701438769729259,1.0883237388871403
JAX111419053,JAX,LEL_1,LEL,1,T,T-JAX111419053,5,3,0.8268093968887849,1.0883237388871403
JAX111419053,JAX,LEL_1,LEL,1,T,T-JAX111419053,5,4,0.9255224123013105,1.0883237388871403
JAX111419053,JAX,LEL_1,LEL,1,T,T-JAX111419053,5,5,1.0055200780006843,1.0883237388871403
JAX111419053,JAX,LSR_1,LSR,1,T,T-JAX111419053,5,1,0.5282777219517599,1.1638262146077845
JAX111419053,JAX,LSR_1,LSR,1,T,T-JAX111419053,5,2,0.7284930671932557,1.1638262146077845
JAX111419053,JAX,LSR_1,LSR,1,T,T-JAX111419053,5,3,0.8556027657244604,1.1638262146077845
JAX111419053,JAX,LSR_1,LSR,1,T,T-JAX111419053,5,4,0.9569159675420231,1.1638262146077845
JAX111419053,JAX,LSR_1,LSR,1,T,T-JAX111419053,5,5,1.0365936272536524,1.1638262146077845
JAX111419053,JAX,MJS_1,MJS,1,T,T-JAX111419053,5,1,0.4579957839143482,1.0759367353377844
JAX111419053,JAX,MJS_1,MJS,1,T,T-JAX111419053,5,2,0.6533746502921474,1.0759367353377844
JAX111419053,JAX,MJS_1,MJS,1,T,T-JAX111419053,5,3,0.7804011420296387,1.0759367353377844
JAX111419053,JAX,MJS_1,MJS,1,T,T-JAX111419053,5,4,0.8732037170913101,1.0759367353377844
JAX111419053,JAX,MJS_1,MJS,1,T,T-JAX111419053,5,5,0.961135343810975,1.0759367353377844
JAX111419054,JAX,CJF,CJF,,T,T-JAX111419054,2,1,0.36824321667727755,0.6355199960080108
JAX111419054,JAX,CJF,CJF,,T,T-JAX111419054,2,2,0.5133050864289663,0.6355199960080108
JAX111419054,JAX,CJF_2,CJF,2,T,T-JAX111419054,2,1,0.3446164390034038,0.6043438973579589
JAX111419054,JAX,CJF_2,CJF,2,T,T-JAX111419054,2,2,0.48253151095079827,0.6043438973579589
JAX111419054,JAX,EMP_1,EMP,1,T,T-JAX111419054,2,1,0.3719392356753222,0.6245619551805731
JAX111419054,JAX,EMP_1,EMP,1,T,T-JAX111419054,2,2,0.5211041908549525,0.6245619551805731
JAX111419054,JAX,JRS_1,JRS,1,T,T-JAX111419054,2,1,0.4320022914174779,0.678103803044843
JAX111419054,JAX,JRS_1,JRS,1,T,T-JAX111419054,2,2,0.5616119624206909,0.678103803044843
JAX111419054,JAX,LEL_1,LEL,1,T,T-JAX111419054,3,1,0.38306863809473946,0.7862457694297199
JAX111419054,JAX,LEL_1,LEL,1,T,T-JAX111419054,3,2,0.5120876988305805,0.7862457694297199
JAX111419054,JAX,LEL_1,LEL,1,T,T-JAX111419054,3,3,0.6660452907732819,0.7862457694297199
JAX111419054,JAX,LSR_1,LSR,1,T,T-JAX111419054,3,1,0.5062645769573515,0.7566951343961024
JAX111419054,JAX,LSR_1,LSR,1,T,T-JAX111419054,3,2,0.587115452739667,0.7566951343961024
JAX111419054,JAX,LSR_1,LSR,1,T,T-JAX111419054,3,3,0.6341311272835918,0.7566951343961024
JAX111419054,JAX,MJS_1,MJS,1,T,T-JAX111419054,2,1,0.3459176665115464,0.6037214667853757
JAX111419054,JAX,MJS_1,MJS,1,T,T-JAX111419054,2,2,0.48925632241952743,0.6037214667853757
JAX111419055,JAX,CJF,CJF,,T,T-JAX111419055,3,1,0.3652411486566715,0.762293605201151
JAX111419055,JAX,CJF,CJF,,T,T-JAX111419055,3,2,0.5107976546783949,0.762293605201151
JAX111419055,JAX,CJF,CJF,,T,T-JAX111419055,3,3,0.6492033070198361,0.762293605201151
JAX111419055,JAX,CJF_2,CJF,2,T,T-JAX111419055,3,1,0.3499902971602123,0.75780731173456
JAX111419055,JAX,CJF_2,CJF,2,T,T-JAX111419055,3,2,0.5103450271487406,0.75780731173456
JAX111419055,JAX,CJF_2,CJF,2,T,T-JAX111419055,3,3,0.6462265424636219,0.75780731173456
JAX111419055,JAX,EMP_1,EMP,1,T,T-JAX111419055,3,1,0.39064084501692403,0.7383017096341826
JAX111419055,JAX,EMP_1,EMP,1,T,T-JAX111419055,3,2,0.5410554740805857,0.7383017096341826
JAX111419055,JAX,EMP_1,EMP,1,T,T-JAX111419055,3,3,0.6523723535051864,0.7383017096341826
JAX111419055,JAX,JRS_1,JRS,1,T,T-JAX111419055,3,1,0.29805011279563515,0.6962380557432372
JAX111419055,JAX,JRS_1,JRS,1,T,T-JAX111419055,3,2,0.45568594015309893,0.6962380557432372
JAX111419055,JAX,JRS_1,JRS,1,T,T-JAX111419055,3,3,0.579237758395743,0.6962380557432372
JAX111419055,JAX,LEL_1,LEL,1,T,T-JAX111419055,3,1,0.3478971616650126,0.769838502889528
JAX111419055,JAX,LEL_1,LEL,1,T,T-JAX111419055,3,2,0.5016505682847975,0.769838502889528
JAX111419055,JAX,LEL_1,LEL,1,T,T-JAX111419055,3,3,0.6545775104206402,0.769838502889528
JAX111419055,JAX,LSR_1,LSR,1,T,T-JAX111419055,3,1,0.39123957041595564,0.8047860973470015
JAX111419055,JAX,LSR_1,LSR,1,T,T-JAX111419055,3,2,0.5384869786850207,0.8047860973470015
JAX111419055,JAX,LSR_1,LSR,1,T,T-JAX111419055,3,3,0.691749854157565,0.8047860973470015
JAX111419055,JAX,MJS_1,MJS,1,T,T-JAX111419055,3,1,0.38467989860481344,0.768444605856133
JAX111419055,JAX,MJS_1,MJS,1,T,T-JAX111419055,3,2,0.5500136740910959,0.768444605856133
JAX111419055,JAX,MJS_1,MJS,1,T,T-JAX111419055,3,3,0.6808340790265138,0.768444605856133
JAX111419056,JAX,CJF,CJF,,T,T-JAX111419056,3,1,0.41715475673445956,0.8753482151629562
JAX111419056,JAX,CJF,CJF,,T,T-JAX111419056,3,2,0.6149715165315873,0.8753482151629562
JAX111419056,JAX,CJF,CJF,,T,T-JAX111419056,3,3,0.7579653631242055,0.8753482151629562
JAX111419056,JAX,CJF_2,CJF,2,T,T-JAX111419056,3,1,0.48853569034541805,0.9154186661258807
JAX111419056,JAX,CJF_2,CJF,2,T,T-JAX111419056,3,2,0.6731062904507542,0.9154186661258807
JAX111419056,JAX,CJF_2,CJF,2,T,T-JAX111419056,3,3,0.8031082064953218,0.9154186661258807
JAX111419056,JAX,EMP_1,EMP,1,T,T-JAX111419056,3,1,0.5160817386313321,0.8888273671864673
JAX111419056,JAX,EMP_1,EMP,1,T,T-JAX111419056,3,2,0.6469486818228409,0.8888273671864673
JAX111419056,JAX,EMP_1,EMP,1,T,T-JAX111419056,3,3,0.7880459154715656,0.8888273671864673
JAX111419056,JAX,JRS_1,JRS,1,T,T-JAX111419056,3,1,0.39688998426510763,0.8012687011529701
JAX111419056,JAX,JRS_1,JRS,1,T,T-JAX111419056,3,2,0.555876104096291,0.8012687011529701
JAX111419056,JAX,JRS_1,JRS,1,T,T-JAX111419056,3,3,0.6889409229968717,0.8012687011529701
JAX111419056,JAX,LEL_1,LEL,1,T,T-JAX111419056,3,1,0.45099309850345604,0.8886946653903234
JAX111419056,JAX,LEL_1,LEL,1,T,T-JAX111419056,3,2,0.6109047250357564,0.8886946653903234
JAX111419056,JAX,LEL_1,LEL,1,T,T-JAX111419056,3,3,0.7377571347540711,0.8886946653903234
JAX111419056,JAX,LSR_1,LSR,1,T,T-JAX111419056,3,1,0.450403470900987,0.8786620604687343
JAX111419056,JAX,LSR_1,LSR,1,T,T-JAX111419056,3,2,0.6426563693975973,0.8786620604687343
JAX111419056,JAX,LSR_1,LSR,1,T,T-JAX111419056,3,3,0.7855006837773707,0.8786620604687343
JAX111419056,JAX,MJS_1,MJS,1,T,T-JAX111419056,3,1,0.42134100478390224,0.8240161979751673
JAX111419056,JAX,MJS_1,MJS,1,T,T-JAX111419056,3,2,0.5798489908082368,0.8240161979751673
JAX111419056,JAX,MJS_1,MJS,1,T,T-JAX111419056,3,3,0.7185366298562286,0.8240161979751673
JAX111419057,JAX,CJF,CJF,,T,T-JAX111419057,3,1,0.3978340440637224,0.7423438274793623
JAX111419057,JAX,CJF,CJF,,T,T-JAX111419057,3,2,0.4952887712740794,0.7423438274793623
JAX111419057,JAX,CJF,CJF,,T,T-JAX111419057,3,3,0.6152507288393917,0.7423438274793623
JAX111419057,JAX,CJF_2,CJF,2,T,T-JAX111419057,3,1,0.4693566467002548,0.8026473972965659
JAX111419057,JAX,CJF_2,CJF,2,T,T-JAX111419057,3,2,0.5891478002484465,0.8026473972965659
JAX111419057,JAX,CJF_2,CJF,2,T,T-JAX111419057,3,3,0.7060131938181373,0.8026473972965659
JAX111419057,JAX,EMP_1,EMP,1,T,T-JAX111419057,3,1,0.3142059957414552,0.6010933249228819
JAX111419057,JAX,EMP_1,EMP,1,T,T-JAX111419057,3,2,0.4078808199785152,0.6010933249228819
JAX111419057,JAX,EMP_1,EMP,1,T,T-JAX111419057,3,3,0.4957065645123691,0.6010933249228819
JAX111419057,JAX,JRS_1,JRS,1,T,T-JAX111419057,3,1,0.33216969168880783,0.6667867985048197
JAX111419057,JAX,JRS_1,JRS,1,T,T-JAX111419057,3,2,0.45488024062291627,0.6667867985048197
JAX111419057,JAX,JRS_1,JRS,1,T,T-JAX111419057,3,3,0.5624049343857114,0.6667867985048197
JAX111419057,JAX,LEL_1,LEL,1,T,T-JAX111419057,3,1,0.36453843288623095,0.7393227279106924
JAX111419057,JAX,LEL_1,LEL,1,T,T-JAX111419057,3,2,0.49084535070803204,0.7393227279106924
JAX111419057,JAX,LEL_1,LEL,1,T,T-JAX111419057,3,3,0.5898417125378269,0.7393227279106924
JAX111419057,JAX,LSR_1,LSR,1,T,T-JAX111419057,3,1,0.38934624122810946,0.7465397217017976
JAX111419057,JAX,LSR_1,LSR,1,T,T-JAX111419057,3,2,0.5281649396600372,0.7465397217017976
JAX111419057,JAX,LSR_1,LSR,1,T,T-JAX111419057,3,3,0.6392645738205222,0.7465397217017976
JAX111419057,JAX,MJS_1,MJS,1,T,T-JAX111419057,3,1,0.3451132738025849,0.6880604837184969
JAX111419057,JAX,MJS_1,MJS,1,T,T-JAX111419057,3,2,0.4616387976420228,0.6880604837184969
JAX111419057,JAX,MJS_1,MJS,1,T,T-JAX111419057,3,3,0.5699160240314337,0.6880604837184969
JAX111419058,JAX,CJF,CJF,,T,T-JAX111419058,2,1,0.590179212123772,0.8866922757530106
JAX111419058,JAX,CJF,CJF,,T,T-JAX111419058,2,2,0.7413789909921762,0.8866922757530106
JAX111419058,JAX,CJF_2,CJF,2,T,T-JAX111419058,1,1,0.5684625477677377,0.9020337184804552
JAX111419058,JAX,EMP_1,EMP,1,T,T-JAX111419058,1,1,0.9456579827170971,1.024169361968819
JAX111419058,JAX,JRS_1,JRS,1,T,T-JAX111419058,0,NA,NA,0.6149973334637058
JAX111419058,JAX,LEL_1,LEL,1,T,T-JAX111419058,1,1,0.500993858216554,0.8566104335310782
JAX111419058,JAX,LSR_1,LSR,1,T,T-JAX111419058,1,1,0.9200425151146772,0.9793077098582843
JAX111419058,JAX,MJS_1,MJS,1,T,T-JAX111419058,0,NA,NA,0.5985478774909253
JAX111419059,JAX,CJF,CJF,,T,T-JAX111419059,3,1,0.353350125559987,0.7419836332700884
JAX111419059,JAX,CJF,CJF,,T,T-JAX111419059,3,2,0.5130872895436853,0.7419836332700884
JAX111419059,JAX,CJF,CJF,,T,T-JAX111419059,3,3,0.6215665156952467,0.7419836332700884
JAX111419059,JAX,CJF_2,CJF,2,T,T-JAX111419059,3,1,0.39153053032359925,0.742921469267771
JAX111419059,JAX,CJF_2,CJF,2,T,T-JAX111419059,3,2,0.5286016197202851,0.742921469267771
JAX111419059,JAX,CJF_2,CJF,2,T,T-JAX111419059,3,3,0.6482612872979642,0.742921469267771
JAX111419059,JAX,EMP_1,EMP,1,T,T-JAX111419059,3,1,0.3915418820073298,0.748801666508367
JAX111419059,JAX,EMP_1,EMP,1,T,T-JAX111419059,3,2,0.5377942377241275,0.748801666508367
JAX111419059,JAX,EMP_1,EMP,1,T,T-JAX111419059,3,3,0.6512702177359704,0.748801666508367
JAX111419059,JAX,JRS_1,JRS,1,T,T-JAX111419059,3,1,0.36771585329694545,0.7505725824385477
JAX111419059,JAX,JRS_1,JRS,1,T,T-JAX111419059,3,2,0.5140776531286217,0.7505725824385477
JAX111419059,JAX,JRS_1,JRS,1,T,T-JAX111419059,3,3,0.6332849651510134,0.7505725824385477
JAX111419059,JAX,LEL_1,LEL,1,T,T-JAX111419059,3,1,0.42989487494400963,0.815851951319555
JAX111419059,JAX,LEL_1,LEL,1,T,T-JAX111419059,3,2,0.5858461703366584,0.815851951319555
JAX111419059,JAX,LEL_1,LEL,1,T,T-JAX111419059,3,3,0.6942747243053967,0.815851951319555
JAX111419059,JAX,LSR_1,LSR,1,T,T-JAX111419059,3,1,0.35339357394003174,0.6998953105621337
JAX111419059,JAX,LSR_1,LSR,1,T,T-JAX111419059,3,2,0.501268755094778,0.6998953105621337
JAX111419059,JAX,LSR_1,LSR,1,T,T-JAX111419059,3,3,0.6153053042600436,0.6998953105621337
JAX111419059,JAX,MJS_1,MJS,1,T,T-JAX111419059,3,1,0.38838228216279763,0.7376247041835516
JAX111419059,JAX,MJS_1,MJS,1,T,T-JAX111419059,3,2,0.526969539123703,0.7376247041835516
JAX111419059,JAX,MJS_1,MJS,1,T,T-JAX111419059,3,3,0.6533747153409437,0.7376247041835516
JAX111419060,JAX,CJF,CJF,,T,T-JAX111419060,4,1,0.432167032432717,0.8884572847654291
JAX111419060,JAX,CJF,CJF,,T,T-JAX111419060,4,2,0.569235238456809,0.8884572847654291
JAX111419060,JAX,CJF,CJF,,T,T-JAX111419060,4,3,0.7119449699472161,0.8884572847654291
JAX111419060,JAX,CJF,CJF,,T,T-JAX111419060,4,4,0.8276355301349375,0.8884572847654291
JAX111419060,JAX,CJF_2,CJF,2,T,T-JAX111419060,3,1,0.38330480020196567,0.8409095445827918
JAX111419060,JAX,CJF_2,CJF,2,T,T-JAX111419060,3,2,0.5475310609909354,0.8409095445827918
JAX111419060,JAX,CJF_2,CJF,2,T,T-JAX111419060,3,3,0.6790139707720737,0.8409095445827918
JAX111419060,JAX,EMP_1,EMP,1,T,T-JAX111419060,3,1,0.3586086398449314,0.7583640926027824
JAX111419060,JAX,EMP_1,EMP,1,T,T-JAX111419060,3,2,0.5212818901713547,0.7583640926027824
JAX111419060,JAX,EMP_1,EMP,1,T,T-JAX111419060,3,3,0.6486646657705313,0.7583640926027824
JAX111419060,JAX,JRS_1,JRS,1,T,T-JAX111419060,3,1,0.29231448590614767,0.7230105538637944
JAX111419060,JAX,JRS_1,JRS,1,T,T-JAX111419060,3,2,0.4472022023310956,0.7230105538637944
JAX111419060,JAX,JRS_1,JRS,1,T,T-JAX111419060,3,3,0.5876689999872875,0.7230105538637944
JAX111419060,JAX,LEL_1,LEL,1,T,T-JAX111419060,3,1,0.3919057912516576,0.8503535915401084
JAX111419060,JAX,LEL_1,LEL,1,T,T-JAX111419060,3,2,0.5343051108781791,0.8503535915401084
JAX111419060,JAX,LEL_1,LEL,1,T,T-JAX111419060,3,3,0.687164394881518,0.8503535915401084
JAX111419060,JAX,LSR_1,LSR,1,T,T-JAX111419060,3,1,0.46050891379655895,0.89827671756248
JAX111419060,JAX,LSR_1,LSR,1,T,T-JAX111419060,3,2,0.6126733563424724,0.89827671756248
JAX111419060,JAX,LSR_1,LSR,1,T,T-JAX111419060,3,3,0.7398512913774499,0.89827671756248
JAX111419060,JAX,MJS_1,MJS,1,T,T-JAX111419060,3,1,0.3946409889147987,0.8112627608551111
JAX111419060,JAX,MJS_1,MJS,1,T,T-JAX111419060,3,2,0.557359461962863,0.8112627608551111
JAX111419060,JAX,MJS_1,MJS,1,T,T-JAX111419060,3,3,0.6855633356667463,0.8112627608551111
JAX111419061,JAX,CJF,CJF,,T,T-JAX111419061,2,1,0.35980927172045585,0.7500829882404505
JAX111419061,JAX,CJF,CJF,,T,T-JAX111419061,2,2,0.5887999630926635,0.7500829882404505
JAX111419061,JAX,CJF_2,CJF,2,T,T-JAX111419061,1,1,0.5156227059249041,0.6769079317053571
JAX111419061,JAX,EMP_1,EMP,1,T,T-JAX111419061,1,1,0.6134857062703988,0.7368062121954796
JAX111419061,JAX,JRS_1,JRS,1,T,T-JAX111419061,1,1,0.624306677922517,0.7626935798906387
JAX111419061,JAX,LEL_1,LEL,1,T,T-JAX111419061,1,1,0.5928297572665218,0.744776194301495
JAX111419061,JAX,LSR_1,LSR,1,T,T-JAX111419061,1,1,0.4546907021224928,0.5885003747429355
JAX111419061,JAX,MJS_1,MJS,1,T,T-JAX111419061,0,NA,NA,0.674588718135774
JAX111419062,JAX,CJF,CJF,,T,T-JAX111419062,3,1,0.3928395871754676,0.7663188418649741
JAX111419062,JAX,CJF,CJF,,T,T-JAX111419062,3,2,0.5307484943332246,0.7663188418649741
JAX111419062,JAX,CJF,CJF,,T,T-JAX111419062,3,3,0.670876990359509,0.7663188418649741
JAX111419062,JAX,CJF_2,CJF,2,T,T-JAX111419062,3,1,0.3901910062359556,0.7642670659987332
JAX111419062,JAX,CJF_2,CJF,2,T,T-JAX111419062,3,2,0.5494490646823555,0.7642670659987332
JAX111419062,JAX,CJF_2,CJF,2,T,T-JAX111419062,3,3,0.674141084603281,0.7642670659987332
JAX111419062,JAX,EMP_1,EMP,1,T,T-JAX111419062,3,1,0.42403067931878735,0.7263113305309972
JAX111419062,JAX,EMP_1,EMP,1,T,T-JAX111419062,3,2,0.5476698791507576,0.7263113305309972
JAX111419062,JAX,EMP_1,EMP,1,T,T-JAX111419062,3,3,0.6510975945076588,0.7263113305309972
JAX111419062,JAX,JRS_1,JRS,1,T,T-JAX111419062,3,1,0.3871571517016629,0.7191055278608409
JAX111419062,JAX,JRS_1,JRS,1,T,T-JAX111419062,3,2,0.5264591504398722,0.7191055278608409
JAX111419062,JAX,JRS_1,JRS,1,T,T-JAX111419062,3,3,0.6364871435396899,0.7191055278608409
JAX111419062,JAX,LEL_1,LEL,1,T,T-JAX111419062,4,1,0.2808983046357321,0.7567508640774391
JAX111419062,JAX,LEL_1,LEL,1,T,T-JAX111419062,4,2,0.4132148133947573,0.7567508640774391
JAX111419062,JAX,LEL_1,LEL,1,T,T-JAX111419062,4,3,0.5429823663967588,0.7567508640774391
JAX111419062,JAX,LEL_1,LEL,1,T,T-JAX111419062,4,4,0.6608511398559357,0.7567508640774391
JAX111419062,JAX,LSR_1,LSR,1,T,T-JAX111419062,3,1,0.38779645844836547,0.7325384504518955
JAX111419062,JAX,LSR_1,LSR,1,T,T-JAX111419062,3,2,0.5131650265856387,0.7325384504518955
JAX111419062,JAX,LSR_1,LSR,1,T,T-JAX111419062,3,3,0.6570949986882517,0.7325384504518955
JAX111419062,JAX,MJS_1,MJS,1,T,T-JAX111419062,3,1,0.4134269900842309,0.7647275425606578
JAX111419062,JAX,MJS_1,MJS,1,T,T-JAX111419062,3,2,0.568597537644878,0.7647275425606578
JAX111419062,JAX,MJS_1,MJS,1,T,T-JAX111419062,3,3,0.6760170735377556,0.7647275425606578
JAX111419063,JAX,CJF,CJF,,T,T-JAX111419063,4,1,0.2935765005325681,0.7265412501066787
JAX111419063,JAX,CJF,CJF,,T,T-JAX111419063,4,2,0.4589146063636751,0.7265412501066787
JAX111419063,JAX,CJF,CJF,,T,T-JAX111419063,4,3,0.568780073009786,0.7265412501066787
JAX111419063,JAX,CJF,CJF,,T,T-JAX111419063,4,4,0.6464730804537309,0.7265412501066787
JAX111419063,JAX,CJF_2,CJF,2,T,T-JAX111419063,4,1,0.37673920571447395,0.8407363426480151
JAX111419063,JAX,CJF_2,CJF,2,T,T-JAX111419063,4,2,0.5620357447019705,0.8407363426480151
JAX111419063,JAX,CJF_2,CJF,2,T,T-JAX111419063,4,3,0.6630975103295974,0.8407363426480151
JAX111419063,JAX,CJF_2,CJF,2,T,T-JAX111419063,4,4,0.744209313809185,0.8407363426480151
JAX111419063,JAX,EMP_1,EMP,1,T,T-JAX111419063,4,1,0.38896977265677496,0.8465437315788392
JAX111419063,JAX,EMP_1,EMP,1,T,T-JAX111419063,4,2,0.5750415311012165,0.8465437315788392
JAX111419063,JAX,EMP_1,EMP,1,T,T-JAX111419063,4,3,0.6708281307406995,0.8465437315788392
JAX111419063,JAX,EMP_1,EMP,1,T,T-JAX111419063,4,4,0.7594950506217323,0.8465437315788392
JAX111419063,JAX,JRS_1,JRS,1,T,T-JAX111419063,4,1,0.34255120407450185,0.7859019659659648
JAX111419063,JAX,JRS_1,JRS,1,T,T-JAX111419063,4,2,0.5261990705380092,0.7859019659659648
JAX111419063,JAX,JRS_1,JRS,1,T,T-JAX111419063,4,3,0.6185809022441788,0.7859019659659648
JAX111419063,JAX,JRS_1,JRS,1,T,T-JAX111419063,4,4,0.7087311400526849,0.7859019659659648
JAX111419063,JAX,LEL_1,LEL,1,T,T-JAX111419063,4,1,0.4254249857418239,0.872705754792009
JAX111419063,JAX,LEL_1,LEL,1,T,T-JAX111419063,4,2,0.6054682770330114,0.872705754792009
JAX111419063,JAX,LEL_1,LEL,1,T,T-JAX111419063,4,3,0.6904134675834607,0.872705754792009
JAX111419063,JAX,LEL_1,LEL,1,T,T-JAX111419063,4,4,0.7925462636199084,0.872705754792009
JAX111419063,JAX,LSR_1,LSR,1,T,T-JAX111419063,3,1,0.510020513052422,0.7737717972461102
JAX111419063,JAX,LSR_1,LSR,1,T,T-JAX111419063,3,2,0.622914235128481,0.7737717972461102
JAX111419063,JAX,LSR_1,LSR,1,T,T-JAX111419063,3,3,0.6841061802201004,0.7737717972461102
JAX111419063,JAX,MJS_1,MJS,1,T,T-JAX111419063,4,1,0.4262851272461726,0.8618255432194788
JAX111419063,JAX,MJS_1,MJS,1,T,T-JAX111419063,4,2,0.593730375937977,0.8618255432194788
JAX111419063,JAX,MJS_1,MJS,1,T,T-JAX111419063,4,3,0.6828722862526803,0.8618255432194788
JAX111419063,JAX,MJS_1,MJS,1,T,T-JAX111419063,4,4,0.7643421910507207,0.8618255432194788
JAX111419064,JAX,CJF,CJF,,T,T-JAX111419064,3,1,0.4085018884455449,0.8710207806203554
JAX111419064,JAX,CJF,CJF,,T,T-JAX111419064,3,2,0.5252896801704281,0.8710207806203554
JAX111419064,JAX,CJF,CJF,,T,T-JAX111419064,3,3,0.7489629100271921,0.8710207806203554
JAX111419064,JAX,CJF_2,CJF,2,T,T-JAX111419064,3,1,0.44109616432644344,0.8737919222076945
JAX111419064,JAX,CJF_2,CJF,2,T,T-JAX111419064,3,2,0.5513702054080541,0.8737919222076945
JAX111419064,JAX,CJF_2,CJF,2,T,T-JAX111419064,3,3,0.7757718857769444,0.8737919222076945
JAX111419064,JAX,EMP_1,EMP,1,T,T-JAX111419064,3,1,0.39960385714379143,0.8052450694794782
JAX111419064,JAX,EMP_1,EMP,1,T,T-JAX111419064,3,2,0.5133131134137099,0.8052450694794782
JAX111419064,JAX,EMP_1,EMP,1,T,T-JAX111419064,3,3,0.704645496495095,0.8052450694794782
JAX111419064,JAX,JRS_1,JRS,1,T,T-JAX111419064,3,1,0.3359598628345588,0.7481682790847126
JAX111419064,JAX,JRS_1,JRS,1,T,T-JAX111419064,3,2,0.4502089652389072,0.7481682790847126
JAX111419064,JAX,JRS_1,JRS,1,T,T-JAX111419064,3,3,0.5970581871847347,0.7481682790847126
JAX111419064,JAX,LEL_1,LEL,1,T,T-JAX111419064,3,1,0.4058215979113277,0.8508546779339748
JAX111419064,JAX,LEL_1,LEL,1,T,T-JAX111419064,3,2,0.532151855495651,0.8508546779339748
JAX111419064,JAX,LEL_1,LEL,1,T,T-JAX111419064,3,3,0.7530412780427252,0.8508546779339748
JAX111419064,JAX,LSR_1,LSR,1,T,T-JAX111419064,3,1,0.3721777556319491,0.6763824167606691
JAX111419064,JAX,LSR_1,LSR,1,T,T-JAX111419064,3,2,0.46044090205025,0.6763824167606691
JAX111419064,JAX,LSR_1,LSR,1,T,T-JAX111419064,3,3,0.5737388634739781,0.6763824167606691
JAX111419064,JAX,MJS_1,MJS,1,T,T-JAX111419064,3,1,0.4346880886598107,0.8397216765209178
JAX111419064,JAX,MJS_1,MJS,1,T,T-JAX111419064,3,2,0.5320084365638235,0.8397216765209178
JAX111419064,JAX,MJS_1,MJS,1,T,T-JAX111419064,3,3,0.7420794250171611,0.8397216765209178
JAX111419065,JAX,CJF,CJF,,T,T-JAX111419065,4,1,0.4169082006777211,0.8748397625483435
JAX111419065,JAX,CJF,CJF,,T,T-JAX111419065,4,2,0.5969335450584965,0.8748397625483435
JAX111419065,JAX,CJF,CJF,,T,T-JAX111419065,4,3,0.6947850935017976,0.8748397625483435
JAX111419065,JAX,CJF,CJF,,T,T-JAX111419065,4,4,0.7906952507979768,0.8748397625483435
JAX111419065,JAX,CJF_2,CJF,2,T,T-JAX111419065,4,1,0.45119422602706605,0.9062761108856887
JAX111419065,JAX,CJF_2,CJF,2,T,T-JAX111419065,4,2,0.6151574347838814,0.9062761108856887
JAX111419065,JAX,CJF_2,CJF,2,T,T-JAX111419065,4,3,0.7280810087786107,0.9062761108856887
JAX111419065,JAX,CJF_2,CJF,2,T,T-JAX111419065,4,4,0.8130408660246673,0.9062761108856887
JAX111419065,JAX,EMP_1,EMP,1,T,T-JAX111419065,4,1,0.4205166000551499,0.8804628744626364
JAX111419065,JAX,EMP_1,EMP,1,T,T-JAX111419065,4,2,0.6091900699987053,0.8804628744626364
JAX111419065,JAX,EMP_1,EMP,1,T,T-JAX111419065,4,3,0.6983676762147818,0.8804628744626364
JAX111419065,JAX,EMP_1,EMP,1,T,T-JAX111419065,4,4,0.7922269240041299,0.8804628744626364
JAX111419065,JAX,JRS_1,JRS,1,T,T-JAX111419065,4,1,0.3532576019931237,0.781527225809485
JAX111419065,JAX,JRS_1,JRS,1,T,T-JAX111419065,4,2,0.5185090772835678,0.781527225809485
JAX111419065,JAX,JRS_1,JRS,1,T,T-JAX111419065,4,3,0.6139396693703875,0.781527225809485
JAX111419065,JAX,JRS_1,JRS,1,T,T-JAX111419065,4,4,0.6937968455983674,0.781527225809485
JAX111419065,JAX,LEL_1,LEL,1,T,T-JAX111419065,5,1,0.2854173057364271,0.8540260233737738
JAX111419065,JAX,LEL_1,LEL,1,T,T-JAX111419065,5,2,0.4173691217129831,0.8540260233737738
JAX111419065,JAX,LEL_1,LEL,1,T,T-JAX111419065,5,3,0.584587082383097,0.8540260233737738
JAX111419065,JAX,LEL_1,LEL,1,T,T-JAX111419065,5,4,0.6822811068560246,0.8540260233737738
JAX111419065,JAX,LEL_1,LEL,1,T,T-JAX111419065,5,5,0.7569595612677903,0.8540260233737738
JAX111419065,JAX,LSR_1,LSR,1,T,T-JAX111419065,4,1,0.4364730307077203,0.8720438152935232
JAX111419065,JAX,LSR_1,LSR,1,T,T-JAX111419065,4,2,0.5838526408767923,0.8720438152935232
JAX111419065,JAX,LSR_1,LSR,1,T,T-JAX111419065,4,3,0.6970462984095,0.8720438152935232
JAX111419065,JAX,LSR_1,LSR,1,T,T-JAX111419065,4,4,0.8052546638109372,0.8720438152935232
JAX111419065,JAX,MJS_1,MJS,1,T,T-JAX111419065,4,1,0.37999921346206955,0.8361584389695736
JAX111419065,JAX,MJS_1,MJS,1,T,T-JAX111419065,4,2,0.5591375197904935,0.8361584389695736
JAX111419065,JAX,MJS_1,MJS,1,T,T-JAX111419065,4,3,0.6543671644598759,0.8361584389695736
JAX111419065,JAX,MJS_1,MJS,1,T,T-JAX111419065,4,4,0.740114556549838,0.8361584389695736
JAX111419066,JAX,CJF,CJF,,T,T-JAX111419066,3,1,0.41334057632096755,0.7785095668725679
JAX111419066,JAX,CJF,CJF,,T,T-JAX111419066,3,2,0.5490665453324138,0.7785095668725679
JAX111419066,JAX,CJF,CJF,,T,T-JAX111419066,3,3,0.6624644791185068,0.7785095668725679
JAX111419066,JAX,CJF_2,CJF,2,T,T-JAX111419066,3,1,0.39269144110144594,0.7357637845195036
JAX111419066,JAX,CJF_2,CJF,2,T,T-JAX111419066,3,2,0.5028475299263742,0.7357637845195036
JAX111419066,JAX,CJF_2,CJF,2,T,T-JAX111419066,3,3,0.6185066559043767,0.7357637845195036
JAX111419066,JAX,EMP_1,EMP,1,T,T-JAX111419066,3,1,0.5537343054523104,0.8999395469511258
JAX111419066,JAX,EMP_1,EMP,1,T,T-JAX111419066,3,2,0.6499347749151693,0.8999395469511258
JAX111419066,JAX,EMP_1,EMP,1,T,T-JAX111419066,3,3,0.7749371609331475,0.8999395469511258
JAX111419066,JAX,JRS_1,JRS,1,T,T-JAX111419066,3,1,0.47532938578924694,0.7989784075965711
JAX111419066,JAX,JRS_1,JRS,1,T,T-JAX111419066,3,2,0.5719223809851545,0.7989784075965711
JAX111419066,JAX,JRS_1,JRS,1,T,T-JAX111419066,3,3,0.6891921494578565,0.7989784075965711
JAX111419066,JAX,LEL_1,LEL,1,T,T-JAX111419066,3,1,0.5253383777626477,0.8893707362775142
JAX111419066,JAX,LEL_1,LEL,1,T,T-JAX111419066,3,2,0.6381484121076572,0.8893707362775142
JAX111419066,JAX,LEL_1,LEL,1,T,T-JAX111419066,3,3,0.7749020891628526,0.8893707362775142
JAX111419066,JAX,LSR_1,LSR,1,T,T-JAX111419066,4,1,0.5283075596211724,0.9179284897866934
JAX111419066,JAX,LSR_1,LSR,1,T,T-JAX111419066,4,2,0.6410413909744488,0.9179284897866934
JAX111419066,JAX,LSR_1,LSR,1,T,T-JAX111419066,4,3,0.7334991439448828,0.9179284897866934
JAX111419066,JAX,LSR_1,LSR,1,T,T-JAX111419066,4,4,0.7948135391924673,0.9179284897866934
JAX111419066,JAX,MJS_1,MJS,1,T,T-JAX111419066,3,1,0.5100756565470013,0.8628471709283332
JAX111419066,JAX,MJS_1,MJS,1,T,T-JAX111419066,3,2,0.6177675996476797,0.8628471709283332
JAX111419066,JAX,MJS_1,MJS,1,T,T-JAX111419066,3,3,0.749072989139555,0.8628471709283332
JAX111419067,JAX,CJF,CJF,,T,T-JAX111419067,3,1,0.36723831273592367,0.7418681929394179
JAX111419067,JAX,CJF,CJF,,T,T-JAX111419067,3,2,0.4762352799621797,0.7418681929394179
JAX111419067,JAX,CJF,CJF,,T,T-JAX111419067,3,3,0.6224572397841787,0.7418681929394179
JAX111419067,JAX,CJF_2,CJF,2,T,T-JAX111419067,3,1,0.36170143021086254,0.7310323142181575
JAX111419067,JAX,CJF_2,CJF,2,T,T-JAX111419067,3,2,0.4665939004233577,0.7310323142181575
JAX111419067,JAX,CJF_2,CJF,2,T,T-JAX111419067,3,3,0.5992529617222377,0.7310323142181575
JAX111419067,JAX,EMP_1,EMP,1,T,T-JAX111419067,4,1,0.37412130389141435,0.722245920055882
JAX111419067,JAX,EMP_1,EMP,1,T,T-JAX111419067,4,2,0.4752744819157366,0.722245920055882
JAX111419067,JAX,EMP_1,EMP,1,T,T-JAX111419067,4,3,0.533412106507393,0.722245920055882
JAX111419067,JAX,EMP_1,EMP,1,T,T-JAX111419067,4,4,0.6088042437560314,0.722245920055882
JAX111419067,JAX,JRS_1,JRS,1,T,T-JAX111419067,2,1,0.5231378192893597,0.7163641364694928
JAX111419067,JAX,JRS_1,JRS,1,T,T-JAX111419067,2,2,0.5994432297818068,0.7163641364694928
JAX111419067,JAX,LEL_1,LEL,1,T,T-JAX111419067,3,1,0.3066671919022698,0.6796287879567764
JAX111419067,JAX,LEL_1,LEL,1,T,T-JAX111419067,3,2,0.49985453251764134,0.6796287879567764
JAX111419067,JAX,LEL_1,LEL,1,T,T-JAX111419067,3,3,0.5863241371324048,0.6796287879567764
JAX111419067,JAX,LSR_1,LSR,1,T,T-JAX111419067,3,1,0.39289874245404854,0.722921692640529
JAX111419067,JAX,LSR_1,LSR,1,T,T-JAX111419067,3,2,0.5109145356658492,0.722921692640529
JAX111419067,JAX,LSR_1,LSR,1,T,T-JAX111419067,3,3,0.6247625963429855,0.722921692640529
JAX111419067,JAX,MJS_1,MJS,1,T,T-JAX111419067,4,1,0.29861273189262183,0.6038467213566351
JAX111419067,JAX,MJS_1,MJS,1,T,T-JAX111419067,4,2,0.40932748007669906,0.6038467213566351
JAX111419067,JAX,MJS_1,MJS,1,T,T-JAX111419067,4,3,0.4538782296531853,0.6038467213566351
JAX111419067,JAX,MJS_1,MJS,1,T,T-JAX111419067,4,4,0.5160694737179411,0.6038467213566351
JAX111419068,JAX,CJF,CJF,,T,T-JAX111419068,3,1,0.3490785267996232,0.7589467053006345
JAX111419068,JAX,CJF,CJF,,T,T-JAX111419068,3,2,0.5051779928476151,0.7589467053006345
JAX111419068,JAX,CJF,CJF,,T,T-JAX111419068,3,3,0.6228599913100775,0.7589467053006345
JAX111419068,JAX,CJF_2,CJF,2,T,T-JAX111419068,3,1,0.3372313258345703,0.7108967522981731
JAX111419068,JAX,CJF_2,CJF,2,T,T-JAX111419068,3,2,0.4712862166236097,0.7108967522981731
JAX111419068,JAX,CJF_2,CJF,2,T,T-JAX111419068,3,3,0.6005360405050995,0.7108967522981731
JAX111419068,JAX,EMP_1,EMP,1,T,T-JAX111419068,3,1,0.4039247229236319,0.7886436145218216
JAX111419068,JAX,EMP_1,EMP,1,T,T-JAX111419068,3,2,0.5364485472065323,0.7886436145218216
JAX111419068,JAX,EMP_1,EMP,1,T,T-JAX111419068,3,3,0.6720759559765728,0.7886436145218216
JAX111419068,JAX,JRS_1,JRS,1,T,T-JAX111419068,3,1,0.09989206225919793,0.788015471990362
JAX111419068,JAX,JRS_1,JRS,1,T,T-JAX111419068,3,2,0.23788755549716367,0.788015471990362
JAX111419068,JAX,JRS_1,JRS,1,T,T-JAX111419068,3,3,0.37526502991557453,0.788015471990362
JAX111419068,JAX,LEL_1,LEL,1,T,T-JAX111419068,3,1,0.36697421223259397,0.7595584365295791
JAX111419068,JAX,LEL_1,LEL,1,T,T-JAX111419068,3,2,0.5204580540086914,0.7595584365295791
JAX111419068,JAX,LEL_1,LEL,1,T,T-JAX111419068,3,3,0.6313172858808858,0.7595584365295791
JAX111419068,JAX,LSR_1,LSR,1,T,T-JAX111419068,3,1,0.401543032039733,0.8040053502490119
JAX111419068,JAX,LSR_1,LSR,1,T,T-JAX111419068,3,2,0.5576541590856597,0.8040053502490119
JAX111419068,JAX,LSR_1,LSR,1,T,T-JAX111419068,3,3,0.6782089973145341,0.8040053502490119
JAX111419068,JAX,MJS_1,MJS,1,T,T-JAX111419068,3,1,0.3420976415320872,0.7168085668642565
JAX111419068,JAX,MJS_1,MJS,1,T,T-JAX111419068,3,2,0.47996577536245366,0.7168085668642565
JAX111419068,JAX,MJS_1,MJS,1,T,T-JAX111419068,3,3,0.6010608909910071,0.7168085668642565
JAX111419069,JAX,CJF,CJF,,T,T-JAX111419069,3,1,0.3971331033086266,0.7811016970889803
JAX111419069,JAX,CJF,CJF,,T,T-JAX111419069,3,2,0.5653431836572459,0.7811016970889803
JAX111419069,JAX,CJF,CJF,,T,T-JAX111419069,3,3,0.6758067089542139,0.7811016970889803
JAX111419069,JAX,CJF_2,CJF,2,T,T-JAX111419069,3,1,0.3749620929507129,0.7720911147736388
JAX111419069,JAX,CJF_2,CJF,2,T,T-JAX111419069,3,2,0.5553759419426895,0.7720911147736388
JAX111419069,JAX,CJF_2,CJF,2,T,T-JAX111419069,3,3,0.671766062263616,0.7720911147736388
JAX111419069,JAX,EMP_1,EMP,1,T,T-JAX111419069,3,1,0.44614593610501496,0.783918514021392
JAX111419069,JAX,EMP_1,EMP,1,T,T-JAX111419069,3,2,0.6083082999847983,0.783918514021392
JAX111419069,JAX,EMP_1,EMP,1,T,T-JAX111419069,3,3,0.6929505805324911,0.783918514021392
JAX111419069,JAX,JRS_1,JRS,1,T,T-JAX111419069,3,1,0.3919763343939389,0.7181475630475709
JAX111419069,JAX,JRS_1,JRS,1,T,T-JAX111419069,3,2,0.5525185945258517,0.7181475630475709
JAX111419069,JAX,JRS_1,JRS,1,T,T-JAX111419069,3,3,0.655613596955048,0.7181475630475709
JAX111419069,JAX,LEL_1,LEL,1,T,T-JAX111419069,3,1,0.4282487366458818,0.7931448008328864
JAX111419069,JAX,LEL_1,LEL,1,T,T-JAX111419069,3,2,0.5932232210990629,0.7931448008328864
JAX111419069,JAX,LEL_1,LEL,1,T,T-JAX111419069,3,3,0.711731302901562,0.7931448008328864
JAX111419069,JAX,LSR_1,LSR,1,T,T-JAX111419069,3,1,0.4631998806220704,0.8119844839719645
JAX111419069,JAX,LSR_1,LSR,1,T,T-JAX111419069,3,2,0.6070290144324407,0.8119844839719645
JAX111419069,JAX,LSR_1,LSR,1,T,T-JAX111419069,3,3,0.723460817227054,0.8119844839719645
JAX111419069,JAX,MJS_1,MJS,1,T,T-JAX111419069,3,1,0.4384174122930037,0.7976132222460295
JAX111419069,JAX,MJS_1,MJS,1,T,T-JAX111419069,3,2,0.5986270694470914,0.7976132222460295
JAX111419069,JAX,MJS_1,MJS,1,T,T-JAX111419069,3,3,0.699739836184913,0.7976132222460295
JAX111419070,JAX,CJF,CJF,,T,T-JAX111419070,3,1,0.4401319620027556,0.8647881679883378
JAX111419070,JAX,CJF,CJF,,T,T-JAX111419070,3,2,0.6117274257392372,0.8647881679883378
JAX111419070,JAX,CJF,CJF,,T,T-JAX111419070,3,3,0.7439902584422071,0.8647881679883378
JAX111419070,JAX,CJF_2,CJF,2,T,T-JAX111419070,3,1,0.4277205988541166,0.8541505412435809
JAX111419070,JAX,CJF_2,CJF,2,T,T-JAX111419070,3,2,0.6020655456493761,0.8541505412435809
JAX111419070,JAX,CJF_2,CJF,2,T,T-JAX111419070,3,3,0.7370931389218001,0.8541505412435809
JAX111419070,JAX,EMP_1,EMP,1,T,T-JAX111419070,3,1,0.5136241126817118,0.9291266778546121
JAX111419070,JAX,EMP_1,EMP,1,T,T-JAX111419070,3,2,0.6847564732434754,0.9291266778546121
JAX111419070,JAX,EMP_1,EMP,1,T,T-JAX111419070,3,3,0.8174275575178883,0.9291266778546121
JAX111419070,JAX,JRS_1,JRS,1,T,T-JAX111419070,3,1,0.43400747634063264,0.8302327112418677
JAX111419070,JAX,JRS_1,JRS,1,T,T-JAX111419070,3,2,0.6091390142120966,0.8302327112418677
JAX111419070,JAX,JRS_1,JRS,1,T,T-JAX111419070,3,3,0.7368514697290891,0.8302327112418677
JAX111419070,JAX,LEL_1,LEL,1,T,T-JAX111419070,4,1,0.2863037797044962,0.8655919665961638
JAX111419070,JAX,LEL_1,LEL,1,T,T-JAX111419070,4,2,0.4345177672527368,0.8655919665961638
JAX111419070,JAX,LEL_1,LEL,1,T,T-JAX111419070,4,3,0.6093167183870176,0.8655919665961638
JAX111419070,JAX,LEL_1,LEL,1,T,T-JAX111419070,4,4,0.7549135490076333,0.8655919665961638
JAX111419070,JAX,LSR_1,LSR,1,T,T-JAX111419070,4,1,0.3236681789252056,0.8578457115277598
JAX111419070,JAX,LSR_1,LSR,1,T,T-JAX111419070,4,2,0.46085204284052494,0.8578457115277598
JAX111419070,JAX,LSR_1,LSR,1,T,T-JAX111419070,4,3,0.6365295560706233,0.8578457115277598
JAX111419070,JAX,LSR_1,LSR,1,T,T-JAX111419070,4,4,0.7626386809719456,0.8578457115277598
JAX111419070,JAX,MJS_1,MJS,1,T,T-JAX111419070,3,1,0.45350638289383044,0.8636197383516877
JAX111419070,JAX,MJS_1,MJS,1,T,T-JAX111419070,3,2,0.624892072943354,0.8636197383516877
JAX111419070,JAX,MJS_1,MJS,1,T,T-JAX111419070,3,3,0.7562303796089391,0.8636197383516877
JAX111419071,JAX,CJF,CJF,,T,T-JAX111419071,3,1,0.40663377814792023,0.7965326459281094
JAX111419071,JAX,CJF,CJF,,T,T-JAX111419071,3,2,0.5657171470985959,0.7965326459281094
JAX111419071,JAX,CJF,CJF,,T,T-JAX111419071,3,3,0.7061800710170038,0.7965326459281094
JAX111419071,JAX,CJF_2,CJF,2,T,T-JAX111419071,2,1,0.4856012447222512,0.8902152404410322
JAX111419071,JAX,CJF_2,CJF,2,T,T-JAX111419071,2,2,0.7853908475334204,0.8902152404410322
JAX111419071,JAX,EMP_1,EMP,1,T,T-JAX111419071,3,1,0.4400534519353532,0.8397098517793046
JAX111419071,JAX,EMP_1,EMP,1,T,T-JAX111419071,3,2,0.6177091733514489,0.8397098517793046
JAX111419071,JAX,EMP_1,EMP,1,T,T-JAX111419071,3,3,0.7400942258825369,0.8397098517793046
JAX111419071,JAX,JRS_1,JRS,1,T,T-JAX111419071,3,1,0.40128906055075114,0.8213385706040097
JAX111419071,JAX,JRS_1,JRS,1,T,T-JAX111419071,3,2,0.5944339568148439,0.8213385706040097
JAX111419071,JAX,JRS_1,JRS,1,T,T-JAX111419071,3,3,0.7087758735889608,0.8213385706040097
JAX111419071,JAX,LEL_1,LEL,1,T,T-JAX111419071,3,1,0.4908020921896323,0.9270612989725561
JAX111419071,JAX,LEL_1,LEL,1,T,T-JAX111419071,3,2,0.6862054933282986,0.9270612989725561
JAX111419071,JAX,LEL_1,LEL,1,T,T-JAX111419071,3,3,0.8222401196385258,0.9270612989725561
JAX111419071,JAX,LSR_1,LSR,1,T,T-JAX111419071,3,1,0.43959489986010825,0.8184114313763422
JAX111419071,JAX,LSR_1,LSR,1,T,T-JAX111419071,3,2,0.5960119204140695,0.8184114313763422
JAX111419071,JAX,LSR_1,LSR,1,T,T-JAX111419071,3,3,0.7237695997860187,0.8184114313763422
JAX111419071,JAX,MJS_1,MJS,1,T,T-JAX111419071,3,1,0.4763574285866723,0.8711910894794219
JAX111419071,JAX,MJS_1,MJS,1,T,T-JAX111419071,3,2,0.6372143593190276,0.8711910894794219
JAX111419071,JAX,MJS_1,MJS,1,T,T-JAX111419071,3,3,0.7715848577479507,0.8711910894794219
JAX111419072,JAX,CJF,CJF,,T,T-JAX111419072,2,1,0.5076361122526809,0.7367245665389257
JAX111419072,JAX,CJF,CJF,,T,T-JAX111419072,2,2,0.6411378499009606,0.7367245665389257
JAX111419072,JAX,CJF_2,CJF,2,T,T-JAX111419072,2,1,0.5200861391600925,0.7869391683787345
JAX111419072,JAX,CJF_2,CJF,2,T,T-JAX111419072,2,2,0.6566744147283938,0.7869391683787345
JAX111419072,JAX,EMP_1,EMP,1,T,T-JAX111419072,2,1,0.4599675663179574,0.7010328600031055
JAX111419072,JAX,EMP_1,EMP,1,T,T-JAX111419072,2,2,0.5879763675612839,0.7010328600031055
JAX111419072,JAX,JRS_1,JRS,1,T,T-JAX111419072,2,1,0.5252434350946318,0.7629271879273445
JAX111419072,JAX,JRS_1,JRS,1,T,T-JAX111419072,2,2,0.6430407863112608,0.7629271879273445
JAX111419072,JAX,LEL_1,LEL,1,T,T-JAX111419072,2,1,0.5950281689897079,0.8331180984074112
JAX111419072,JAX,LEL_1,LEL,1,T,T-JAX111419072,2,2,0.7246155774284361,0.8331180984074112
JAX111419072,JAX,LSR_1,LSR,1,T,T-JAX111419072,2,1,0.512013743084226,0.6649074123877792
JAX111419072,JAX,LSR_1,LSR,1,T,T-JAX111419072,2,2,0.6122662185184886,0.6649074123877792
JAX111419072,JAX,MJS_1,MJS,1,T,T-JAX111419072,2,1,0.47434880387068346,0.7118568325788912
JAX111419072,JAX,MJS_1,MJS,1,T,T-JAX111419072,2,2,0.5959469750043243,0.7118568325788912
JAX111419073,JAX,CJF,CJF,,T,T-JAX111419073,3,1,0.4256646712738267,0.8897280665905654
JAX111419073,JAX,CJF,CJF,,T,T-JAX111419073,3,2,0.6350761337461392,0.8897280665905654
JAX111419073,JAX,CJF,CJF,,T,T-JAX111419073,3,3,0.7740899354731146,0.8897280665905654
JAX111419073,JAX,CJF_2,CJF,2,T,T-JAX111419073,3,1,0.4090204375026304,0.8470007009291943
JAX111419073,JAX,CJF_2,CJF,2,T,T-JAX111419073,3,2,0.606955153333596,0.8470007009291943
JAX111419073,JAX,CJF_2,CJF,2,T,T-JAX111419073,3,3,0.7361572600638533,0.8470007009291943
JAX111419073,JAX,EMP_1,EMP,1,T,T-JAX111419073,3,1,0.5224011446913719,0.9640474326451848
JAX111419073,JAX,EMP_1,EMP,1,T,T-JAX111419073,3,2,0.7256645180954837,0.9640474326451848
JAX111419073,JAX,EMP_1,EMP,1,T,T-JAX111419073,3,3,0.8589104877943352,0.9640474326451848
JAX111419073,JAX,JRS_1,JRS,1,T,T-JAX111419073,3,1,0.3372073496675487,0.7588095968081956
JAX111419073,JAX,JRS_1,JRS,1,T,T-JAX111419073,3,2,0.5194035457509816,0.7588095968081956
JAX111419073,JAX,JRS_1,JRS,1,T,T-JAX111419073,3,3,0.6492544321887268,0.7588095968081956
JAX111419073,JAX,LEL_1,LEL,1,T,T-JAX111419073,3,1,0.39820306181521786,0.8442275667754224
JAX111419073,JAX,LEL_1,LEL,1,T,T-JAX111419073,3,2,0.6171395991718023,0.8442275667754224
JAX111419073,JAX,LEL_1,LEL,1,T,T-JAX111419073,3,3,0.7228678246459511,0.8442275667754224
JAX111419073,JAX,LSR_1,LSR,1,T,T-JAX111419073,3,1,0.5163661238770817,0.9645604378344024
JAX111419073,JAX,LSR_1,LSR,1,T,T-JAX111419073,3,2,0.7197290477589342,0.9645604378344024
JAX111419073,JAX,LSR_1,LSR,1,T,T-JAX111419073,3,3,0.8712563888987676,0.9645604378344024
JAX111419073,JAX,MJS_1,MJS,1,T,T-JAX111419073,3,1,0.4211492011602901,0.8626819930598877
JAX111419073,JAX,MJS_1,MJS,1,T,T-JAX111419073,3,2,0.6121423309163283,0.8626819930598877
JAX111419073,JAX,MJS_1,MJS,1,T,T-JAX111419073,3,3,0.7480843434074997,0.8626819930598877
JAX111419074,JAX,CJF,CJF,,T,T-JAX111419074,3,1,0.3507825931702989,0.6957981995228213
JAX111419074,JAX,CJF,CJF,,T,T-JAX111419074,3,2,0.45892019104014836,0.6957981995228213
JAX111419074,JAX,CJF,CJF,,T,T-JAX111419074,3,3,0.5790101214263069,0.6957981995228213
JAX111419074,JAX,CJF_2,CJF,2,T,T-JAX111419074,3,1,0.4084434264632418,0.7417585214703292
JAX111419074,JAX,CJF_2,CJF,2,T,T-JAX111419074,3,2,0.516086876688919,0.7417585214703292
JAX111419074,JAX,CJF_2,CJF,2,T,T-JAX111419074,3,3,0.6393791060129164,0.7417585214703292
JAX111419074,JAX,EMP_1,EMP,1,T,T-JAX111419074,3,1,0.46402692455758293,0.8212221143390044
JAX111419074,JAX,EMP_1,EMP,1,T,T-JAX111419074,3,2,0.5811983540299005,0.8212221143390044
JAX111419074,JAX,EMP_1,EMP,1,T,T-JAX111419074,3,3,0.7097315862311566,0.8212221143390044
JAX111419074,JAX,JRS_1,JRS,1,T,T-JAX111419074,3,1,0.250487738077119,0.5766742396531845
JAX111419074,JAX,JRS_1,JRS,1,T,T-JAX111419074,3,2,0.3580501839713804,0.5766742396531845
JAX111419074,JAX,JRS_1,JRS,1,T,T-JAX111419074,3,3,0.4755587717091413,0.5766742396531845
JAX111419074,JAX,LEL_1,LEL,1,T,T-JAX111419074,3,1,0.47868392705342827,0.8313898875987616
JAX111419074,JAX,LEL_1,LEL,1,T,T-JAX111419074,3,2,0.6024400180898439,0.8313898875987616
JAX111419074,JAX,LEL_1,LEL,1,T,T-JAX111419074,3,3,0.7204561206810539,0.8313898875987616
JAX111419074,JAX,LSR_1,LSR,1,T,T-JAX111419074,3,1,0.40057287004373004,0.7217760513420942
JAX111419074,JAX,LSR_1,LSR,1,T,T-JAX111419074,3,2,0.4937530200964598,0.7217760513420942
JAX111419074,JAX,LSR_1,LSR,1,T,T-JAX111419074,3,3,0.6320485166162049,0.7217760513420942
JAX111419074,JAX,MJS_1,MJS,1,T,T-JAX111419074,3,1,0.36987413872945885,0.7048431327513841
JAX111419074,JAX,MJS_1,MJS,1,T,T-JAX111419074,3,2,0.48818846799624777,0.7048431327513841
JAX111419074,JAX,MJS_1,MJS,1,T,T-JAX111419074,3,3,0.5962493492168353,0.7048431327513841
JAX111419075,JAX,CJF,CJF,,T,T-JAX111419075,4,1,0.4095243099842216,0.8866709428669436
JAX111419075,JAX,CJF,CJF,,T,T-JAX111419075,4,2,0.5900869887319355,0.8866709428669436
JAX111419075,JAX,CJF,CJF,,T,T-JAX111419075,4,3,0.6954767057665391,0.8866709428669436
JAX111419075,JAX,CJF,CJF,,T,T-JAX111419075,4,4,0.7892078912690919,0.8866709428669436
JAX111419075,JAX,CJF_2,CJF,2,T,T-JAX111419075,4,1,0.43908836383445876,0.8978686943025379
JAX111419075,JAX,CJF_2,CJF,2,T,T-JAX111419075,4,2,0.621223879447133,0.8978686943025379
JAX111419075,JAX,CJF_2,CJF,2,T,T-JAX111419075,4,3,0.7309176638689846,0.8978686943025379
JAX111419075,JAX,CJF_2,CJF,2,T,T-JAX111419075,4,4,0.8184655737021628,0.8978686943025379
JAX111419075,JAX,EMP_1,EMP,1,T,T-JAX111419075,4,1,0.40013533165985987,0.8515236648656488
JAX111419075,JAX,EMP_1,EMP,1,T,T-JAX111419075,4,2,0.5655842457787185,0.8515236648656488
JAX111419075,JAX,EMP_1,EMP,1,T,T-JAX111419075,4,3,0.6662927025602876,0.8515236648656488
JAX111419075,JAX,EMP_1,EMP,1,T,T-JAX111419075,4,4,0.76250478279576694,0.8515236648656488
JAX111419075,JAX,JRS_1,JRS,1,T,T-JAX111419075,4,1,0.4110978482474086,0.8518091028915801
JAX111419075,JAX,JRS_1,JRS,1,T,T-JAX111419075,4,2,0.5797981172887459,0.8518091028915801
JAX111419075,JAX,JRS_1,JRS,1,T,T-JAX111419075,4,3,0.6867264581930435,0.8518091028915801
JAX111419075,JAX,JRS_1,JRS,1,T,T-JAX111419075,4,4,0.7828019260689362,0.8518091028915801
JAX111419075,JAX,LEL_1,LEL,1,T,T-JAX111419075,4,1,0.41366546496270834,0.8933147329914191
JAX111419075,JAX,LEL_1,LEL,1,T,T-JAX111419075,4,2,0.6040809300812934,0.8933147329914191
JAX111419075,JAX,LEL_1,LEL,1,T,T-JAX111419075,4,3,0.7134717493369447,0.8933147329914191
JAX111419075,JAX,LEL_1,LEL,1,T,T-JAX111419075,4,4,0.803149429612507,0.8933147329914191
JAX111419075,JAX,LSR_1,LSR,1,T,T-JAX111419075,4,1,0.4173409979875754,0.8626897152731703
JAX111419075,JAX,LSR_1,LSR,1,T,T-JAX111419075,4,2,0.594446582711409,0.8626897152731703
JAX111419075,JAX,LSR_1,LSR,1,T,T-JAX111419075,4,3,0.7028727559298775,0.8626897152731703
JAX111419075,JAX,LSR_1,LSR,1,T,T-JAX111419075,4,4,0.7849510348320923,0.8626897152731703
JAX111419075,JAX,MJS_1,MJS,1,T,T-JAX111419075,4,1,0.40767154243587883,0.8729789207784648
JAX111419075,JAX,MJS_1,MJS,1,T,T-JAX111419075,4,2,0.5890204323338601,0.8729789207784648
JAX111419075,JAX,MJS_1,MJS,1,T,T-JAX111419075,4,3,0.6946376701848793,0.8729789207784648
JAX111419075,JAX,MJS_1,MJS,1,T,T-JAX111419075,4,4,0.7839536794155036,0.8729789207784648
JAX111419076,JAX,CJF,CJF,,T,T-JAX111419076,3,1,0.4233824982866816,0.7970210973290996
JAX111419076,JAX,CJF,CJF,,T,T-JAX111419076,3,2,0.5545140153362288,0.7970210973290996
JAX111419076,JAX,CJF,CJF,,T,T-JAX111419076,3,3,0.6834526989606948,0.7970210973290996
JAX111419076,JAX,CJF_2,CJF,2,T,T-JAX111419076,3,1,0.3981574306846386,0.7620978246148586
JAX111419076,JAX,CJF_2,CJF,2,T,T-JAX111419076,3,2,0.5310061483343055,0.7620978246148586
JAX111419076,JAX,CJF_2,CJF,2,T,T-JAX111419076,3,3,0.6445430615814587,0.7620978246148586
JAX111419076,JAX,EMP_1,EMP,1,T,T-JAX111419076,3,1,0.35940018925235157,0.7246208432131666
JAX111419076,JAX,EMP_1,EMP,1,T,T-JAX111419076,3,2,0.5024821111703248,0.7246208432131666
JAX111419076,JAX,EMP_1,EMP,1,T,T-JAX111419076,3,3,0.606115074286188,0.7246208432131666
JAX111419076,JAX,JRS_1,JRS,1,T,T-JAX111419076,3,1,0.34829430673780076,0.7106237432488522
JAX111419076,JAX,JRS_1,JRS,1,T,T-JAX111419076,3,2,0.4865429217471187,0.7106237432488522
JAX111419076,JAX,JRS_1,JRS,1,T,T-JAX111419076,3,3,0.5948393033182066,0.7106237432488522
JAX111419076,JAX,LEL_1,LEL,1,T,T-JAX111419076,3,1,0.3842978519575046,0.7647896623795472
JAX111419076,JAX,LEL_1,LEL,1,T,T-JAX111419076,3,2,0.527255060993293,0.7647896623795472
JAX111419076,JAX,LEL_1,LEL,1,T,T-JAX111419076,3,3,0.6604179459379738,0.7647896623795472
JAX111419076,JAX,LSR_1,LSR,1,T,T-JAX111419076,3,1,0.3298891112127097,0.715643708011438
JAX111419076,JAX,LSR_1,LSR,1,T,T-JAX111419076,3,2,0.4514607608745106,0.715643708011438
JAX111419076,JAX,LSR_1,LSR,1,T,T-JAX111419076,3,3,0.5998378643380052,0.715643708011438
JAX111419076,JAX,MJS_1,MJS,1,T,T-JAX111419076,3,1,0.35602780344316826,0.7365305593038635
JAX111419076,JAX,MJS_1,MJS,1,T,T-JAX111419076,3,2,0.5110615806819819,0.7365305593038635
JAX111419076,JAX,MJS_1,MJS,1,T,T-JAX111419076,3,3,0.6334749606613295,0.7365305593038635
JAX111419077,JAX,CJF,CJF,,T,T-JAX111419077,3,1,0.439053850240411,0.8913522679964113
JAX111419077,JAX,CJF,CJF,,T,T-JAX111419077,3,2,0.6015152536297842,0.8913522679964113
JAX111419077,JAX,CJF,CJF,,T,T-JAX111419077,3,3,0.746433760813098,0.8913522679964113
JAX111419077,JAX,CJF_2,CJF,2,T,T-JAX111419077,3,1,0.44749795557570754,0.8874349272830584
JAX111419077,JAX,CJF_2,CJF,2,T,T-JAX111419077,3,2,0.6119512166084631,0.8874349272830584
JAX111419077,JAX,CJF_2,CJF,2,T,T-JAX111419077,3,3,0.7554877909251329,0.8874349272830584
JAX111419077,JAX,EMP_1,EMP,1,T,T-JAX111419077,3,1,0.37922168785242066,0.8254127300299163
JAX111419077,JAX,EMP_1,EMP,1,T,T-JAX111419077,3,2,0.5386747884340896,0.8254127300299163
JAX111419077,JAX,EMP_1,EMP,1,T,T-JAX111419077,3,3,0.6957703234788175,0.8254127300299163
JAX111419077,JAX,JRS_1,JRS,1,T,T-JAX111419077,3,1,0.41028033806633807,0.8427086424565821
JAX111419077,JAX,JRS_1,JRS,1,T,T-JAX111419077,3,2,0.5870614161579465,0.8427086424565821
JAX111419077,JAX,JRS_1,JRS,1,T,T-JAX111419077,3,3,0.7151118662069813,0.8427086424565821
JAX111419077,JAX,LEL_1,LEL,1,T,T-JAX111419077,3,1,0.4469156745466495,0.9321331813609185
JAX111419077,JAX,LEL_1,LEL,1,T,T-JAX111419077,3,2,0.6330046018698775,0.9321331813609185
JAX111419077,JAX,LEL_1,LEL,1,T,T-JAX111419077,3,3,0.7820355933488499,0.9321331813609185
JAX111419077,JAX,LSR_1,LSR,1,T,T-JAX111419077,3,1,0.5150552383726134,0.9476375874600681
JAX111419077,JAX,LSR_1,LSR,1,T,T-JAX111419077,3,2,0.7085817288198939,0.9476375874600681
JAX111419077,JAX,LSR_1,LSR,1,T,T-JAX111419077,3,3,0.8321728748980978,0.9476375874600681
JAX111419077,JAX,MJS_1,MJS,1,T,T-JAX111419077,3,1,0.47691187537163365,0.925462025778675
JAX111419077,JAX,MJS_1,MJS,1,T,T-JAX111419077,3,2,0.6522758812454943,0.925462025778675
JAX111419077,JAX,MJS_1,MJS,1,T,T-JAX111419077,3,3,0.7911857603999133,0.925462025778675
JAX111419078,JAX,CJF,CJF,,T,T-JAX111419078,3,1,0.38859521211278736,0.7696429656102829
JAX111419078,JAX,CJF,CJF,,T,T-JAX111419078,3,2,0.5456878963777899,0.7696429656102829
JAX111419078,JAX,CJF,CJF,,T,T-JAX111419078,3,3,0.6525430996066564,0.7696429656102829
JAX111419078,JAX,CJF_2,CJF,2,T,T-JAX111419078,3,1,0.3585933132333054,0.7390388105415846
JAX111419078,JAX,CJF_2,CJF,2,T,T-JAX111419078,3,2,0.5014975363743596,0.7390388105415846
JAX111419078,JAX,CJF_2,CJF,2,T,T-JAX111419078,3,3,0.6199909353179522,0.7390388105415846
JAX111419078,JAX,EMP_1,EMP,1,T,T-JAX111419078,3,1,0.4982616940326346,0.8551856611535902
JAX111419078,JAX,EMP_1,EMP,1,T,T-JAX111419078,3,2,0.6406497840405768,0.8551856611535902
JAX111419078,JAX,EMP_1,EMP,1,T,T-JAX111419078,3,3,0.7539300381891729,0.8551856611535902
JAX111419078,JAX,JRS_1,JRS,1,T,T-JAX111419078,3,1,0.4022643704325199,0.7413842581782899
JAX111419078,JAX,JRS_1,JRS,1,T,T-JAX111419078,3,2,0.5481941305786082,0.7413842581782899
JAX111419078,JAX,JRS_1,JRS,1,T,T-JAX111419078,3,3,0.6521146752103939,0.7413842581782899
JAX111419078,JAX,LEL_1,LEL,1,T,T-JAX111419078,3,1,0.4793462026334036,0.8572429534086461
JAX111419078,JAX,LEL_1,LEL,1,T,T-JAX111419078,3,2,0.6319387806691803,0.8572429534086461
JAX111419078,JAX,LEL_1,LEL,1,T,T-JAX111419078,3,3,0.7394230256918819,0.8572429534086461
JAX111419078,JAX,LSR_1,LSR,1,T,T-JAX111419078,4,1,0.41420856791756566,0.7929200991273415
JAX111419078,JAX,LSR_1,LSR,1,T,T-JAX111419078,4,2,0.5471938699337475,0.7929200991273415
JAX111419078,JAX,LSR_1,LSR,1,T,T-JAX111419078,4,3,0.6023284312749397,0.7929200991273415
JAX111419078,JAX,LSR_1,LSR,1,T,T-JAX111419078,4,4,0.6724825351989439,0.7929200991273415
JAX111419078,JAX,MJS_1,MJS,1,T,T-JAX111419078,3,1,0.4013732491784248,0.7811503442052034
JAX111419078,JAX,MJS_1,MJS,1,T,T-JAX111419078,3,2,0.5575513442251093,0.7811503442052034
JAX111419078,JAX,MJS_1,MJS,1,T,T-JAX111419078,3,3,0.6821232531498311,0.7811503442052034
JAX111419079,JAX,CJF,CJF,,T,T-JAX111419079,2,1,0.3804178057947574,0.7295462381646124
JAX111419079,JAX,CJF,CJF,,T,T-JAX111419079,2,2,0.5660812742912208,0.7295462381646124
JAX111419079,JAX,CJF_2,CJF,2,T,T-JAX111419079,2,1,0.38624803227886884,0.7345672630203801
JAX111419079,JAX,CJF_2,CJF,2,T,T-JAX111419079,2,2,0.5782120456007556,0.7345672630203801
JAX111419079,JAX,EMP_1,EMP,1,T,T-JAX111419079,2,1,0.4289082704054787,0.754883054580796
JAX111419079,JAX,EMP_1,EMP,1,T,T-JAX111419079,2,2,0.6047416649029655,0.754883054580796
JAX111419079,JAX,JRS_1,JRS,1,T,T-JAX111419079,2,1,0.3760177566973497,0.658315447340451
JAX111419079,JAX,JRS_1,JRS,1,T,T-JAX111419079,2,2,0.5389039981153791,0.658315447340451
JAX111419079,JAX,LEL_1,LEL,1,T,T-JAX111419079,2,1,0.34900887555919974,0.6699934418420683
JAX111419079,JAX,LEL_1,LEL,1,T,T-JAX111419079,2,2,0.50287542921797,0.6699934418420683
JAX111419079,JAX,LSR_1,LSR,1,T,T-JAX111419079,2,1,0.3960328030843611,0.7130633493302336
JAX111419079,JAX,LSR_1,LSR,1,T,T-JAX111419079,2,2,0.583373612826476,0.7130633493302336
JAX111419079,JAX,MJS_1,MJS,1,T,T-JAX111419079,2,1,0.2460126079764045,0.5923726420870034
JAX111419079,JAX,MJS_1,MJS,1,T,T-JAX111419079,2,2,0.4271824351842809,0.5923726420870034
JAX111419080,JAX,CJF,CJF,,T,T-JAX111419080,3,1,0.42129585929833174,0.8371902470510358
JAX111419080,JAX,CJF,CJF,,T,T-JAX111419080,3,2,0.5962910879659897,0.8371902470510358
JAX111419080,JAX,CJF,CJF,,T,T-JAX111419080,3,3,0.715798834152091,0.8371902470510358
JAX111419080,JAX,CJF_2,CJF,2,T,T-JAX111419080,3,1,0.4186679896666748,0.8287753970282099
JAX111419080,JAX,CJF_2,CJF,2,T,T-JAX111419080,3,2,0.6024475351536465,0.8287753970282099
JAX111419080,JAX,CJF_2,CJF,2,T,T-JAX111419080,3,3,0.7096910301705726,0.8287753970282099
JAX111419080,JAX,EMP_1,EMP,1,T,T-JAX111419080,3,1,0.4627060704939094,0.8193888418448423
JAX111419080,JAX,EMP_1,EMP,1,T,T-JAX111419080,3,2,0.6112302805287625,0.8193888418448423
JAX111419080,JAX,EMP_1,EMP,1,T,T-JAX111419080,3,3,0.7288576187942017,0.8193888418448423
JAX111419080,JAX,JRS_1,JRS,1,T,T-JAX111419080,3,1,0.3636291529285335,0.7375142507899424
JAX111419080,JAX,JRS_1,JRS,1,T,T-JAX111419080,3,2,0.5229457538988126,0.7375142507899424
JAX111419080,JAX,JRS_1,JRS,1,T,T-JAX111419080,3,3,0.6370802417259502,0.7375142507899424
JAX111419080,JAX,LEL_1,LEL,1,T,T-JAX111419080,3,1,0.38133214040110447,0.7616343833728624
JAX111419080,JAX,LEL_1,LEL,1,T,T-JAX111419080,3,2,0.535850085832822,0.7616343833728624
JAX111419080,JAX,LEL_1,LEL,1,T,T-JAX111419080,3,3,0.6558270072959074,0.7616343833728624
JAX111419080,JAX,LSR_1,LSR,1,T,T-JAX111419080,5,1,0.4004764293885245,0.8040089843525716
JAX111419080,JAX,LSR_1,LSR,1,T,T-JAX111419080,5,2,0.5679469090113252,0.8040089843525716
JAX111419080,JAX,LSR_1,LSR,1,T,T-JAX111419080,5,3,0.6250951567946413,0.8040089843525716
JAX111419080,JAX,LSR_1,LSR,1,T,T-JAX111419080,5,4,0.6958932318293161,0.8040089843525716
JAX111419080,JAX,LSR_1,LSR,1,T,T-JAX111419080,5,5,0.7224802238574,0.8040089843525716
JAX111419080,JAX,MJS_1,MJS,1,T,T-JAX111419080,4,1,0.3986099231735629,0.7935180106034794
JAX111419080,JAX,MJS_1,MJS,1,T,T-JAX111419080,4,2,0.5575603143438352,0.7935180106034794
JAX111419080,JAX,MJS_1,MJS,1,T,T-JAX111419080,4,3,0.6139199226316685,0.7935180106034794
JAX111419080,JAX,MJS_1,MJS,1,T,T-JAX111419080,4,4,0.6755391624736572,0.7935180106034794
JAX111419081,JAX,CJF,CJF,,T,T-JAX111419081,1,1,0.3671860330373424,0.5949344519592631
JAX111419081,JAX,CJF_2,CJF,2,T,T-JAX111419081,1,1,0.3770969783301978,0.6040344909526386
JAX111419081,JAX,EMP_1,EMP,1,T,T-JAX111419081,1,1,0.4873507280748693,0.7060694872871677
JAX111419081,JAX,JRS_1,JRS,1,T,T-JAX111419081,1,1,0.36249706028042944,0.5704712862423909
JAX111419081,JAX,LEL_1,LEL,1,T,T-JAX111419081,1,1,0.39543536176888255,0.625448951599763
JAX111419081,JAX,LSR_1,LSR,1,T,T-JAX111419081,2,1,0.37436194064305583,0.6128857331745309
JAX111419081,JAX,LSR_1,LSR,1,T,T-JAX111419081,2,2,0.5191999978837919,0.6128857331745309
JAX111419081,JAX,MJS_1,MJS,1,T,T-JAX111419081,1,1,0.35601641686928753,0.5810542937498064
JAX111419082,JAX,CJF,CJF,,T,T-JAX111419082,3,1,0.31009472167378327,0.7296206048570241
JAX111419082,JAX,CJF,CJF,,T,T-JAX111419082,3,2,0.4770722333535521,0.7296206048570241
JAX111419082,JAX,CJF,CJF,,T,T-JAX111419082,3,3,0.6070189501385006,0.7296206048570241
JAX111419082,JAX,CJF_2,CJF,2,T,T-JAX111419082,3,1,0.33879344018613794,0.7444750483519844
JAX111419082,JAX,CJF_2,CJF,2,T,T-JAX111419082,3,2,0.4927322662068106,0.7444750483519844
JAX111419082,JAX,CJF_2,CJF,2,T,T-JAX111419082,3,3,0.6260605667976211,0.7444750483519844
JAX111419082,JAX,EMP_1,EMP,1,T,T-JAX111419082,3,1,0.5100110657089162,0.9015113283952328
JAX111419082,JAX,EMP_1,EMP,1,T,T-JAX111419082,3,2,0.6585868541772564,0.9015113283952328
JAX111419082,JAX,EMP_1,EMP,1,T,T-JAX111419082,3,3,0.7823450734809374,0.9015113283952328
JAX111419082,JAX,JRS_1,JRS,1,T,T-JAX111419082,3,1,0.4366799254721335,0.8182360012199442
JAX111419082,JAX,JRS_1,JRS,1,T,T-JAX111419082,3,2,0.5734118317023287,0.8182360012199442
JAX111419082,JAX,JRS_1,JRS,1,T,T-JAX111419082,3,3,0.705832865610071,0.8182360012199442
JAX111419082,JAX,LEL_1,LEL,1,T,T-JAX111419082,3,1,0.513871437430253,0.9312741658262237
JAX111419082,JAX,LEL_1,LEL,1,T,T-JAX111419082,3,2,0.698636697747215,0.9312741658262237
JAX111419082,JAX,LEL_1,LEL,1,T,T-JAX111419082,3,3,0.8060793155259658,0.9312741658262237
JAX111419082,JAX,LSR_1,LSR,1,T,T-JAX111419082,3,1,0.4305493973720764,0.8357602643966233
JAX111419082,JAX,LSR_1,LSR,1,T,T-JAX111419082,3,2,0.5963886549837071,0.8357602643966233
JAX111419082,JAX,LSR_1,LSR,1,T,T-JAX111419082,3,3,0.7212781903295765,0.8357602643966233
JAX111419082,JAX,MJS_1,MJS,1,T,T-JAX111419082,3,1,0.4148643851517027,0.821949033213148
JAX111419082,JAX,MJS_1,MJS,1,T,T-JAX111419082,3,2,0.5635254963226124,0.821949033213148
JAX111419082,JAX,MJS_1,MJS,1,T,T-JAX111419082,3,3,0.6899638125141894,0.821949033213148
JAX111419083,JAX,CJF,CJF,,T,T-JAX111419083,2,1,0.3732800972425745,0.6924795117510408
JAX111419083,JAX,CJF,CJF,,T,T-JAX111419083,2,2,0.5485243743226156,0.6924795117510408
JAX111419083,JAX,CJF_2,CJF,2,T,T-JAX111419083,2,1,0.3825270084444461,0.6684034007773406
JAX111419083,JAX,CJF_2,CJF,2,T,T-JAX111419083,2,2,0.5418041831310391,0.6684034007773406
JAX111419083,JAX,EMP_1,EMP,1,T,T-JAX111419083,2,1,0.503678001262748,0.8022550243354845
JAX111419083,JAX,EMP_1,EMP,1,T,T-JAX111419083,2,2,0.6682399343777308,0.8022550243354845
JAX111419083,JAX,JRS_1,JRS,1,T,T-JAX111419083,2,1,0.42406418911337024,0.6873969632349614
JAX111419083,JAX,JRS_1,JRS,1,T,T-JAX111419083,2,2,0.5782899885080062,0.6873969632349614
JAX111419083,JAX,LEL_1,LEL,1,T,T-JAX111419083,2,1,0.42016665906358136,0.7377024663989925
JAX111419083,JAX,LEL_1,LEL,1,T,T-JAX111419083,2,2,0.5838257188089185,0.7377024663989925
JAX111419083,JAX,LSR_1,LSR,1,T,T-JAX111419083,2,1,0.43414652967573275,0.7318978137269552
JAX111419083,JAX,LSR_1,LSR,1,T,T-JAX111419083,2,2,0.5903617643760193,0.7318978137269552
JAX111419083,JAX,MJS_1,MJS,1,T,T-JAX111419083,2,1,0.3395027155821316,0.6536465114144594
JAX111419083,JAX,MJS_1,MJS,1,T,T-JAX111419083,2,2,0.4973968880480456,0.6536465114144594
JAX111419084,JAX,CJF,CJF,,T,T-JAX111419084,1,1,0.3903220307644466,0.5867393930368303
JAX111419084,JAX,CJF_2,CJF,2,T,T-JAX111419084,1,1,0.42733177088532637,0.5870925310474799
JAX111419084,JAX,EMP_1,EMP,1,T,T-JAX111419084,1,1,0.4503339145657131,0.6218536109561887
JAX111419084,JAX,JRS_1,JRS,1,T,T-JAX111419084,1,1,0.40579015876695207,0.5730436799170896
JAX111419084,JAX,LEL_1,LEL,1,T,T-JAX111419084,1,1,0.3973824586261503,0.5810832955840247
JAX111419084,JAX,LSR_1,LSR,1,T,T-JAX111419084,1,1,0.4757506159724106,0.653666030774563
JAX111419084,JAX,MJS_1,MJS,1,T,T-JAX111419084,1,1,0.48682504850418934,0.6382369756061078
JAX111419085,JAX,CJF,CJF,,T,T-JAX111419085,1,1,0.3248936483470801,0.5336958561316036
JAX111419085,JAX,CJF_2,CJF,2,T,T-JAX111419085,1,1,0.34980340418516304,0.5238780173522269
JAX111419085,JAX,EMP_1,EMP,1,T,T-JAX111419085,1,1,0.5514741998340391,0.7410752376816743
JAX111419085,JAX,JRS_1,JRS,1,T,T-JAX111419085,1,1,0.42034619184215744,0.6162030399688614
JAX111419085,JAX,LEL_1,LEL,1,T,T-JAX111419085,1,1,0.36263245026024876,0.5641000170916335
JAX111419085,JAX,LSR_1,LSR,1,T,T-JAX111419085,2,1,0.47838230742040777,0.7002284670248142
JAX111419085,JAX,LSR_1,LSR,1,T,T-JAX111419085,2,2,0.6412668458195248,0.7002284670248142
JAX111419085,JAX,MJS_1,MJS,1,T,T-JAX111419085,1,1,0.4133805423221373,0.6024348796576751
JAX111419086,JAX,CJF,CJF,,T,T-JAX111419086,1,1,0.41446225062669656,0.6257548613678179
JAX111419086,JAX,CJF_2,CJF,2,T,T-JAX111419086,1,1,0.5000607206399484,0.7092218614363409
JAX111419086,JAX,EMP_1,EMP,1,T,T-JAX111419086,1,1,0.47496530932394676,0.6356058253761505
JAX111419086,JAX,JRS_1,JRS,1,T,T-JAX111419086,1,1,0.45079981739046876,0.6573663853269024
JAX111419086,JAX,LEL_1,LEL,1,T,T-JAX111419086,1,1,0.46016923605213617,0.6731429814999443
JAX111419086,JAX,LSR_1,LSR,1,T,T-JAX111419086,1,1,0.4761214229403606,0.6313293580416429
JAX111419086,JAX,MJS_1,MJS,1,T,T-JAX111419086,1,1,0.3798266667021,0.6017045102072311
JAX111419087,JAX,CJF,CJF,,T,T-JAX111419087,1,1,0.3782765412487319,0.6263734252440556
JAX111419087,JAX,CJF_2,CJF,2,T,T-JAX111419087,1,1,0.3925155139891006,0.6342811390484878
JAX111419087,JAX,EMP_1,EMP,1,T,T-JAX111419087,1,1,0.5197899577894042,0.7698905812655373
JAX111419087,JAX,JRS_1,JRS,1,T,T-JAX111419087,1,1,0.447559099659764,0.6650609647997939
JAX111419087,JAX,LEL_1,LEL,1,T,T-JAX111419087,1,1,0.4647769944445308,0.7146442452087983
JAX111419087,JAX,LSR_1,LSR,1,T,T-JAX111419087,2,1,0.3467706806254978,0.5927590601896645
JAX111419087,JAX,LSR_1,LSR,1,T,T-JAX111419087,2,2,0.5728678165591394,0.5927590601896645
JAX111419087,JAX,MJS_1,MJS,1,T,T-JAX111419087,1,1,0.36248000025447596,0.6062132285716898
JAX111419088,JAX,CJF,CJF,,T,T-JAX111419088,1,1,0.3991595387868841,0.5978200049765108
JAX111419088,JAX,CJF_2,CJF,2,T,T-JAX111419088,1,1,0.4303623472590072,0.609772836090025
JAX111419088,JAX,EMP_1,EMP,1,T,T-JAX111419088,1,1,0.4462353419351324,0.5815991151687075
JAX111419088,JAX,JRS_1,JRS,1,T,T-JAX111419088,1,1,0.42522941809881515,0.5939474503319305
JAX111419088,JAX,LEL_1,LEL,1,T,T-JAX111419088,1,1,0.40128239012160094,0.5697538078709736
JAX111419088,JAX,LSR_1,LSR,1,T,T-JAX111419088,1,1,0.47326229428038735,0.6212131019923277
JAX111419088,JAX,MJS_1,MJS,1,T,T-JAX111419088,1,1,0.3596028068904907,0.5075119386956894
JAX111419089,JAX,CJF,CJF,,T,T-JAX111419089,1,1,0.45777561037451536,0.6931476580475175
JAX111419089,JAX,CJF_2,CJF,2,T,T-JAX111419089,1,1,0.4462379379435112,0.6673042458480855
JAX111419089,JAX,EMP_1,EMP,1,T,T-JAX111419089,1,1,0.5161169479089771,0.7090515420432245
JAX111419089,JAX,JRS_1,JRS,1,T,T-JAX111419089,1,1,0.44805086977323627,0.6797704967155513
JAX111419089,JAX,LEL_1,LEL,1,T,T-JAX111419089,1,1,0.4739869603623902,0.6980420042462728
JAX111419089,JAX,LSR_1,LSR,1,T,T-JAX111419089,2,1,0.40015279723319325,0.7052584549934262
JAX111419089,JAX,LSR_1,LSR,1,T,T-JAX111419089,2,2,0.5152407652009896,0.7052584549934262
JAX111419089,JAX,MJS_1,MJS,1,T,T-JAX111419089,1,1,0.46427533863123616,0.655934778866673
JAX111419090,JAX,CJF,CJF,,T,T-JAX111419090,1,1,0.39272131374833363,0.5835464625668179
JAX111419090,JAX,CJF_2,CJF,2,T,T-JAX111419090,1,1,0.4027918274914017,0.577082218363437
JAX111419090,JAX,EMP_1,EMP,1,T,T-JAX111419090,1,1,0.493058276369024,0.6730323417779248
JAX111419090,JAX,JRS_1,JRS,1,T,T-JAX111419090,1,1,0.4304499601853749,0.5769343860873396
JAX111419090,JAX,LEL_1,LEL,1,T,T-JAX111419090,1,1,0.4252161717125074,0.6054453855809736
JAX111419090,JAX,LSR_1,LSR,1,T,T-JAX111419090,1,1,0.4572560745966141,0.6257784981565033
JAX111419090,JAX,MJS_1,MJS,1,T,T-JAX111419090,1,1,0.3862501505764827,0.5642877842951376
JAX111419091,JAX,CJF,CJF,,T,T-JAX111419091,0,NA,NA,0.4079080858015027
JAX111419091,JAX,CJF_2,CJF,2,T,T-JAX111419091,0,NA,NA,0.4450169008456986
JAX111419091,JAX,EMP_1,EMP,1,T,T-JAX111419091,0,NA,NA,0.44350496804056894
JAX111419091,JAX,JRS_1,JRS,1,T,T-JAX111419091,0,NA,NA,0.42565120596337025
JAX111419091,JAX,LEL_1,LEL,1,T,T-JAX111419091,0,NA,NA,0.42500908710829916
JAX111419091,JAX,LSR_1,LSR,1,T,T-JAX111419091,1,1,0.30554209995045734,0.4207153710273636
JAX111419091,JAX,MJS_1,MJS,1,T,T-JAX111419091,0,NA,NA,0.3992025524595745
JAX111419092,JAX,CJF,CJF,,T,T-JAX111419092,0,NA,NA,0.469831581471468
JAX111419092,JAX,CJF_2,CJF,2,T,T-JAX111419092,0,NA,NA,0.49512121584135477
JAX111419092,JAX,EMP_1,EMP,1,T,T-JAX111419092,0,NA,NA,0.47218294548595907
JAX111419092,JAX,JRS_1,JRS,1,T,T-JAX111419092,0,NA,NA,0.3959184304644439
JAX111419092,JAX,LEL_1,LEL,1,T,T-JAX111419092,1,1,0.2910411450710316,0.45770072345912927
JAX111419092,JAX,LSR_1,LSR,1,T,T-JAX111419092,1,1,0.45757524636707964,0.5281281937184595
JAX111419092,JAX,MJS_1,MJS,1,T,T-JAX111419092,0,NA,NA,0.4181330683634613
JAX111419093,JAX,CJF,CJF,,T,T-JAX111419093,5,1,0.45217754927799525,1.1265217077493943
JAX111419093,JAX,CJF,CJF,,T,T-JAX111419093,5,2,0.6641182858059497,1.1265217077493943
JAX111419093,JAX,CJF,CJF,,T,T-JAX111419093,5,3,0.8284118817087449,1.1265217077493943
JAX111419093,JAX,CJF,CJF,,T,T-JAX111419093,5,4,0.9173625465619076,1.1265217077493943
JAX111419093,JAX,CJF,CJF,,T,T-JAX111419093,5,5,1.003531636074604,1.1265217077493943
JAX111419093,JAX,CJF_2,CJF,2,T,T-JAX111419093,5,1,0.4067425637025899,1.048194735250974
JAX111419093,JAX,CJF_2,CJF,2,T,T-JAX111419093,5,2,0.6053227355175794,1.048194735250974
JAX111419093,JAX,CJF_2,CJF,2,T,T-JAX111419093,5,3,0.7578833891080899,1.048194735250974
JAX111419093,JAX,CJF_2,CJF,2,T,T-JAX111419093,5,4,0.8647323865951845,1.048194735250974
JAX111419093,JAX,CJF_2,CJF,2,T,T-JAX111419093,5,5,0.9373997697873591,1.048194735250974
JAX111419093,JAX,EMP_1,EMP,1,T,T-JAX111419093,5,1,0.4066815415314238,1.0218669745811668
JAX111419093,JAX,EMP_1,EMP,1,T,T-JAX111419093,5,2,0.5941951262029932,1.0218669745811668
JAX111419093,JAX,EMP_1,EMP,1,T,T-JAX111419093,5,3,0.7512606629153482,1.0218669745811668
JAX111419093,JAX,EMP_1,EMP,1,T,T-JAX111419093,5,4,0.8410606587275967,1.0218669745811668
JAX111419093,JAX,EMP_1,EMP,1,T,T-JAX111419093,5,5,0.9348174510633822,1.0218669745811668
JAX111419093,JAX,JRS_1,JRS,1,T,T-JAX111419093,5,1,0.32804841259363016,0.9325138010272291
JAX111419093,JAX,JRS_1,JRS,1,T,T-JAX111419093,5,2,0.522455540772357,0.9325138010272291
JAX111419093,JAX,JRS_1,JRS,1,T,T-JAX111419093,5,3,0.6489308415140551,0.9325138010272291
JAX111419093,JAX,JRS_1,JRS,1,T,T-JAX111419093,5,4,0.7413177659504682,0.9325138010272291
JAX111419093,JAX,JRS_1,JRS,1,T,T-JAX111419093,5,5,0.837904506131659,0.9325138010272291
JAX111419093,JAX,LEL_1,LEL,1,T,T-JAX111419093,5,1,0.4151499150013304,1.011865155745064
JAX111419093,JAX,LEL_1,LEL,1,T,T-JAX111419093,5,2,0.5835057528906579,1.011865155745064
JAX111419093,JAX,LEL_1,LEL,1,T,T-JAX111419093,5,3,0.7192750408804451,1.011865155745064
JAX111419093,JAX,LEL_1,LEL,1,T,T-JAX111419093,5,4,0.8151089600526473,1.011865155745064
JAX111419093,JAX,LEL_1,LEL,1,T,T-JAX111419093,5,5,0.9238918381283353,1.011865155745064
JAX111419093,JAX,LSR_1,LSR,1,T,T-JAX111419093,5,1,0.44459753939868923,1.0361592671810258
JAX111419093,JAX,LSR_1,LSR,1,T,T-JAX111419093,5,2,0.6295830500123804,1.0361592671810258
JAX111419093,JAX,LSR_1,LSR,1,T,T-JAX111419093,5,3,0.7722988595296901,1.0361592671810258
JAX111419093,JAX,LSR_1,LSR,1,T,T-JAX111419093,5,4,0.8478837343979829,1.0361592671810258
JAX111419093,JAX,LSR_1,LSR,1,T,T-JAX111419093,5,5,0.9502465562128845,1.0361592671810258
JAX111419093,JAX,MJS_1,MJS,1,T,T-JAX111419093,5,1,0.37053265331034985,0.9621123703805338
JAX111419093,JAX,MJS_1,MJS,1,T,T-JAX111419093,5,2,0.5504202196961376,0.9621123703805338
JAX111419093,JAX,MJS_1,MJS,1,T,T-JAX111419093,5,3,0.7050968478188666,0.9621123703805338
JAX111419093,JAX,MJS_1,MJS,1,T,T-JAX111419093,5,4,0.7911117397524621,0.9621123703805338
JAX111419093,JAX,MJS_1,MJS,1,T,T-JAX111419093,5,5,0.8849844142046539,0.9621123703805338
JAX111419094,JAX,CJF,CJF,,T,T-JAX111419094,3,1,0.3923007989680936,0.8085529917677473
JAX111419094,JAX,CJF,CJF,,T,T-JAX111419094,3,2,0.5585119561626879,0.8085529917677473
JAX111419094,JAX,CJF,CJF,,T,T-JAX111419094,3,3,0.6944217211612496,0.8085529917677473
JAX111419094,JAX,CJF_2,CJF,2,T,T-JAX111419094,3,1,0.4106305412940435,0.8139926479207499
JAX111419094,JAX,CJF_2,CJF,2,T,T-JAX111419094,3,2,0.601108072581154,0.8139926479207499
JAX111419094,JAX,CJF_2,CJF,2,T,T-JAX111419094,3,3,0.7298629999086855,0.8139926479207499
JAX111419094,JAX,EMP_1,EMP,1,T,T-JAX111419094,3,1,0.39599043149045626,0.790137848160338
JAX111419094,JAX,EMP_1,EMP,1,T,T-JAX111419094,3,2,0.5647574151323446,0.790137848160338
JAX111419094,JAX,EMP_1,EMP,1,T,T-JAX111419094,3,3,0.6955255490821128,0.790137848160338
JAX111419094,JAX,JRS_1,JRS,1,T,T-JAX111419094,3,1,0.42358909938059536,0.8131369494671563
JAX111419094,JAX,JRS_1,JRS,1,T,T-JAX111419094,3,2,0.5711496467983848,0.8131369494671563
JAX111419094,JAX,JRS_1,JRS,1,T,T-JAX111419094,3,3,0.7123036057499179,0.8131369494671563
JAX111419094,JAX,LEL_1,LEL,1,T,T-JAX111419094,3,1,0.44128997236406575,0.8488031870426327
JAX111419094,JAX,LEL_1,LEL,1,T,T-JAX111419094,3,2,0.5964623075477893,0.8488031870426327
JAX111419094,JAX,LEL_1,LEL,1,T,T-JAX111419094,3,3,0.7167446833098478,0.8488031870426327
JAX111419094,JAX,LSR_1,LSR,1,T,T-JAX111419094,4,1,0.46384891189671107,0.8461765488009779
JAX111419094,JAX,LSR_1,LSR,1,T,T-JAX111419094,4,2,0.5301570549439529,0.8461765488009779
JAX111419094,JAX,LSR_1,LSR,1,T,T-JAX111419094,4,3,0.6348053065265125,0.8461765488009779
JAX111419094,JAX,LSR_1,LSR,1,T,T-JAX111419094,4,4,0.7693422870133519,0.8461765488009779
JAX111419094,JAX,MJS_1,MJS,1,T,T-JAX111419094,3,1,0.4033561982530741,0.8341905553704686
JAX111419094,JAX,MJS_1,MJS,1,T,T-JAX111419094,3,2,0.580166482411084,0.8341905553704686
JAX111419094,JAX,MJS_1,MJS,1,T,T-JAX111419094,3,3,0.7157595282726111,0.8341905553704686
JAX111419095,JAX,CJF,CJF,,T,T-JAX111419095,3,1,0.4450841558412986,0.868418730924992
JAX111419095,JAX,CJF,CJF,,T,T-JAX111419095,3,2,0.5981212040475371,0.868418730924992
JAX111419095,JAX,CJF,CJF,,T,T-JAX111419095,3,3,0.7506763441700975,0.868418730924992
JAX111419095,JAX,CJF_2,CJF,2,T,T-JAX111419095,3,1,0.497765804307041,0.9060497218928751
JAX111419095,JAX,CJF_2,CJF,2,T,T-JAX111419095,3,2,0.6627958445193185,0.9060497218928751
JAX111419095,JAX,CJF_2,CJF,2,T,T-JAX111419095,3,3,0.8133096417432453,0.9060497218928751
JAX111419095,JAX,EMP_1,EMP,1,T,T-JAX111419095,3,1,0.5616980868274243,0.9536736257686316
JAX111419095,JAX,EMP_1,EMP,1,T,T-JAX111419095,3,2,0.7112273839543357,0.9536736257686316
JAX111419095,JAX,EMP_1,EMP,1,T,T-JAX111419095,3,3,0.838522475686564,0.9536736257686316
JAX111419095,JAX,JRS_1,JRS,1,T,T-JAX111419095,3,1,0.44728949338100715,0.8187893051439981
JAX111419095,JAX,JRS_1,JRS,1,T,T-JAX111419095,3,2,0.6066855501126958,0.8187893051439981
JAX111419095,JAX,JRS_1,JRS,1,T,T-JAX111419095,3,3,0.7291862180346541,0.8187893051439981
JAX111419095,JAX,LEL_1,LEL,1,T,T-JAX111419095,3,1,0.45138056887415573,0.864204067807271
JAX111419095,JAX,LEL_1,LEL,1,T,T-JAX111419095,3,2,0.6108881371300267,0.864204067807271
JAX111419095,JAX,LEL_1,LEL,1,T,T-JAX111419095,3,3,0.7598630193571388,0.864204067807271
JAX111419095,JAX,LSR_1,LSR,1,T,T-JAX111419095,3,1,0.5140695847550055,0.9406922170226906
JAX111419095,JAX,LSR_1,LSR,1,T,T-JAX111419095,3,2,0.6648268308884486,0.9406922170226906
JAX111419095,JAX,LSR_1,LSR,1,T,T-JAX111419095,3,3,0.8344709188183956,0.9406922170226906
JAX111419095,JAX,MJS_1,MJS,1,T,T-JAX111419095,3,1,0.4161479540277335,0.823980169145368
JAX111419095,JAX,MJS_1,MJS,1,T,T-JAX111419095,3,2,0.5769241231025395,0.823980169145368
JAX111419095,JAX,MJS_1,MJS,1,T,T-JAX111419095,3,3,0.7181761034366466,0.823980169145368
JAX111419096,JAX,CJF,CJF,,T,T-JAX111419096,2,1,0.3766139841203538,0.7141701846743498
JAX111419096,JAX,CJF,CJF,,T,T-JAX111419096,2,2,0.5590183187772171,0.7141701846743498
JAX111419096,JAX,CJF_2,CJF,2,T,T-JAX111419096,2,1,0.3532246169461639,0.6832453234259815
JAX111419096,JAX,CJF_2,CJF,2,T,T-JAX111419096,2,2,0.5309233086704512,0.6832453234259815
JAX111419096,JAX,EMP_1,EMP,1,T,T-JAX111419096,2,1,0.4478304641722186,0.7440462328067682
JAX111419096,JAX,EMP_1,EMP,1,T,T-JAX111419096,2,2,0.6138168125998602,0.7440462328067682
JAX111419096,JAX,JRS_1,JRS,1,T,T-JAX111419096,2,1,0.3463541284606224,0.6337775529331222
JAX111419096,JAX,JRS_1,JRS,1,T,T-JAX111419096,2,2,0.5067585386719964,0.6337775529331222
JAX111419096,JAX,LEL_1,LEL,1,T,T-JAX111419096,2,1,0.4090915757023404,0.6990627370464789
JAX111419096,JAX,LEL_1,LEL,1,T,T-JAX111419096,2,2,0.5653117166034851,0.6990627370464789
JAX111419096,JAX,LSR_1,LSR,1,T,T-JAX111419096,2,1,0.5102904037260206,0.8077767031141037
JAX111419096,JAX,LSR_1,LSR,1,T,T-JAX111419096,2,2,0.6631891905502423,0.8077767031141037
JAX111419096,JAX,MJS_1,MJS,1,T,T-JAX111419096,0,NA,NA,0.6558230875768937
JAX111419097,JAX,CJF,CJF,,T,T-JAX111419097,4,1,0.4361735611467932,0.7990883637881876
JAX111419097,JAX,CJF,CJF,,T,T-JAX111419097,4,2,0.5536356559624946,0.7990883637881876
JAX111419097,JAX,CJF,CJF,,T,T-JAX111419097,4,3,0.6024748282994277,0.7990883637881876
JAX111419097,JAX,CJF,CJF,,T,T-JAX111419097,4,4,0.6858376762502015,0.7990883637881876
JAX111419097,JAX,CJF_2,CJF,2,T,T-JAX111419097,3,1,0.5021171299457184,0.8883428387497913
JAX111419097,JAX,CJF_2,CJF,2,T,T-JAX111419097,3,2,0.6637624193647642,0.8883428387497913
JAX111419097,JAX,CJF_2,CJF,2,T,T-JAX111419097,3,3,0.7852443700257988,0.8883428387497913
JAX111419097,JAX,EMP_1,EMP,1,T,T-JAX111419097,4,1,0.5686555345292554,0.9273522348195694
JAX111419097,JAX,EMP_1,EMP,1,T,T-JAX111419097,4,2,0.6889401936956179,0.9273522348195694
JAX111419097,JAX,EMP_1,EMP,1,T,T-JAX111419097,4,3,0.7398244348776151,0.9273522348195694
JAX111419097,JAX,EMP_1,EMP,1,T,T-JAX111419097,4,4,0.8274912190875183,0.9273522348195694
JAX111419097,JAX,JRS_1,JRS,1,T,T-JAX111419097,3,1,0.5767951254287533,0.866647061061614
JAX111419097,JAX,JRS_1,JRS,1,T,T-JAX111419097,3,2,0.7088420934281392,0.866647061061614
JAX111419097,JAX,JRS_1,JRS,1,T,T-JAX111419097,3,3,0.7943853724893749,0.866647061061614
JAX111419097,JAX,LEL_1,LEL,1,T,T-JAX111419097,3,1,0.5345627855758437,0.8818053059915794
JAX111419097,JAX,LEL_1,LEL,1,T,T-JAX111419097,3,2,0.6727157215821009,0.8818053059915794
JAX111419097,JAX,LEL_1,LEL,1,T,T-JAX111419097,3,3,0.7747609648076641,0.8818053059915794
JAX111419097,JAX,LSR_1,LSR,1,T,T-JAX111419097,5,1,0.5120965317959596,0.8830690666815446
JAX111419097,JAX,LSR_1,LSR,1,T,T-JAX111419097,5,2,0.5803979702379463,0.8830690666815446
JAX111419097,JAX,LSR_1,LSR,1,T,T-JAX111419097,5,3,0.6597485056077605,0.8830690666815446
JAX111419097,JAX,LSR_1,LSR,1,T,T-JAX111419097,5,4,0.7051158308798603,0.8830690666815446
JAX111419097,JAX,LSR_1,LSR,1,T,T-JAX111419097,5,5,0.7901584238368677,0.8830690666815446
JAX111419097,JAX,MJS_1,MJS,1,T,T-JAX111419097,3,1,0.5116345572398132,0.8205932092179481
JAX111419097,JAX,MJS_1,MJS,1,T,T-JAX111419097,3,2,0.5970297927724677,0.8205932092179481
JAX111419097,JAX,MJS_1,MJS,1,T,T-JAX111419097,3,3,0.7209055552204281,0.8205932092179481
JAX111419098,JAX,CJF,CJF,,T,T-JAX111419098,3,1,0.3763054316665817,0.7447283484231877
JAX111419098,JAX,CJF,CJF,,T,T-JAX111419098,3,2,0.5073099144025514,0.7447283484231877
JAX111419098,JAX,CJF,CJF,,T,T-JAX111419098,3,3,0.6349292883289597,0.7447283484231877
JAX111419098,JAX,CJF_2,CJF,2,T,T-JAX111419098,3,1,0.352179406014681,0.7317867003067177
JAX111419098,JAX,CJF_2,CJF,2,T,T-JAX111419098,3,2,0.4944487628917639,0.7317867003067177
JAX111419098,JAX,CJF_2,CJF,2,T,T-JAX111419098,3,3,0.628851323712311,0.7317867003067177
JAX111419098,JAX,EMP_1,EMP,1,T,T-JAX111419098,3,1,0.44823267292021296,0.8333405421796143
JAX111419098,JAX,EMP_1,EMP,1,T,T-JAX111419098,3,2,0.5893812872543761,0.8333405421796143
JAX111419098,JAX,EMP_1,EMP,1,T,T-JAX111419098,3,3,0.7180446416417303,0.8333405421796143
JAX111419098,JAX,JRS_1,JRS,1,T,T-JAX111419098,3,1,0.3931925025917761,0.7712673525123367
JAX111419098,JAX,JRS_1,JRS,1,T,T-JAX111419098,3,2,0.542453929275971,0.7712673525123367
JAX111419098,JAX,JRS_1,JRS,1,T,T-JAX111419098,3,3,0.6562049643666634,0.7712673525123367
JAX111419098,JAX,LEL_1,LEL,1,T,T-JAX111419098,3,1,0.39825455356784156,0.7648714045678782
JAX111419098,JAX,LEL_1,LEL,1,T,T-JAX111419098,3,2,0.5375654110246947,0.7648714045678782
JAX111419098,JAX,LEL_1,LEL,1,T,T-JAX111419098,3,3,0.6849468432747279,0.7648714045678782
JAX111419098,JAX,LSR_1,LSR,1,T,T-JAX111419098,3,1,0.4612823911042227,0.8623131367038614
JAX111419098,JAX,LSR_1,LSR,1,T,T-JAX111419098,3,2,0.6139820780643601,0.8623131367038614
JAX111419098,JAX,LSR_1,LSR,1,T,T-JAX111419098,3,3,0.7181931037687679,0.8623131367038614
JAX111419098,JAX,MJS_1,MJS,1,T,T-JAX111419098,3,1,0.3195742534604962,0.7021946205745396
JAX111419098,JAX,MJS_1,MJS,1,T,T-JAX111419098,3,2,0.474134138826222,0.7021946205745396
JAX111419098,JAX,MJS_1,MJS,1,T,T-JAX111419098,3,3,0.6037651577433787,0.7021946205745396
JAX111419099,JAX,CJF,CJF,,T,T-JAX111419099,3,1,0.3456146745412798,0.8460456533135907
JAX111419099,JAX,CJF,CJF,,T,T-JAX111419099,3,2,0.5632280610582026,0.8460456533135907
JAX111419099,JAX,CJF,CJF,,T,T-JAX111419099,3,3,0.6924391312952443,0.8460456533135907
JAX111419099,JAX,CJF_2,CJF,2,T,T-JAX111419099,3,1,0.39159919987422653,0.8826206454693024
JAX111419099,JAX,CJF_2,CJF,2,T,T-JAX111419099,3,2,0.6087296191292846,0.8826206454693024
JAX111419099,JAX,CJF_2,CJF,2,T,T-JAX111419099,3,3,0.744657405333457,0.8826206454693024
JAX111419099,JAX,EMP_1,EMP,1,T,T-JAX111419099,3,1,0.4176397281558782,0.9460211375509031
JAX111419099,JAX,EMP_1,EMP,1,T,T-JAX111419099,3,2,0.6410847820103566,0.9460211375509031
JAX111419099,JAX,EMP_1,EMP,1,T,T-JAX111419099,3,3,0.7841755946534934,0.9460211375509031
JAX111419099,JAX,JRS_1,JRS,1,T,T-JAX111419099,3,1,0.37711332158858313,0.8016741891582015
JAX111419099,JAX,JRS_1,JRS,1,T,T-JAX111419099,3,2,0.5746871744750284,0.8016741891582015
JAX111419099,JAX,JRS_1,JRS,1,T,T-JAX111419099,3,3,0.7051164240773635,0.8016741891582015
JAX111419099,JAX,LEL_1,LEL,1,T,T-JAX111419099,3,1,0.47894868765658455,0.9932727999482266
JAX111419099,JAX,LEL_1,LEL,1,T,T-JAX111419099,3,2,0.7028297436299532,0.9932727999482266
JAX111419099,JAX,LEL_1,LEL,1,T,T-JAX111419099,3,3,0.8158353029752627,0.9932727999482266
JAX111419099,JAX,LSR_1,LSR,1,T,T-JAX111419099,3,1,0.32265073335135513,0.5838289542533611
JAX111419099,JAX,LSR_1,LSR,1,T,T-JAX111419099,3,2,0.4531611093788449,0.5838289542533611
JAX111419099,JAX,LSR_1,LSR,1,T,T-JAX111419099,3,3,0.5234704605416582,0.5838289542533611
JAX111419099,JAX,MJS_1,MJS,1,T,T-JAX111419099,3,1,0.37361873775668714,0.8246191338672553
JAX111419099,JAX,MJS_1,MJS,1,T,T-JAX111419099,3,2,0.574832092467406,0.8246191338672553
JAX111419099,JAX,MJS_1,MJS,1,T,T-JAX111419099,3,3,0.7228418193606722,0.8246191338672553
JAX111419100,JAX,CJF,CJF,,T,T-JAX111419100,0,NA,NA,0.3654499536426313
JAX111419100,JAX,CJF_2,CJF,2,T,T-JAX111419100,0,NA,NA,0.43400734248574974
JAX111419100,JAX,EMP_1,EMP,1,T,T-JAX111419100,0,NA,NA,0.42175497227807635
JAX111419100,JAX,JRS_1,JRS,1,T,T-JAX111419100,0,NA,NA,0.38393318523974046
JAX111419100,JAX,LEL_1,LEL,1,T,T-JAX111419100,1,1,0.3612538504127287,0.482547122846309
JAX111419100,JAX,LSR_1,LSR,1,T,T-JAX111419100,1,1,0.37000804551237,0.40242439350947373
JAX111419100,JAX,MJS_1,MJS,1,T,T-JAX111419100,0,NA,NA,0.3789488093961555
JAX111419101,JAX,CJF,CJF,,T,T-JAX111419101,4,1,0.40629287841160816,0.9689083867926898
JAX111419101,JAX,CJF,CJF,,T,T-JAX111419101,4,2,0.5988654570616034,0.9689083867926898
JAX111419101,JAX,CJF,CJF,,T,T-JAX111419101,4,3,0.7385725683618459,0.9689083867926898
JAX111419101,JAX,CJF,CJF,,T,T-JAX111419101,4,4,0.8571396294090594,0.9689083867926898
JAX111419101,JAX,CJF_2,CJF,2,T,T-JAX111419101,4,1,0.44797661399107463,1.0211378382658913
JAX111419101,JAX,CJF_2,CJF,2,T,T-JAX111419101,4,2,0.6531185333255444,1.0211378382658913
JAX111419101,JAX,CJF_2,CJF,2,T,T-JAX111419101,4,3,0.7949955761671799,1.0211378382658913
JAX111419101,JAX,CJF_2,CJF,2,T,T-JAX111419101,4,4,0.9096828930356213,1.0211378382658913
JAX111419101,JAX,EMP_1,EMP,1,T,T-JAX111419101,4,1,0.4879178635655451,1.072049026316986
JAX111419101,JAX,EMP_1,EMP,1,T,T-JAX111419101,4,2,0.710027431322373,1.072049026316986
JAX111419101,JAX,EMP_1,EMP,1,T,T-JAX111419101,4,3,0.8461454355959915,1.072049026316986
JAX111419101,JAX,EMP_1,EMP,1,T,T-JAX111419101,4,4,0.9680021217719992,1.072049026316986
JAX111419101,JAX,JRS_1,JRS,1,T,T-JAX111419101,4,1,0.39078013536029726,0.9533595124445731
JAX111419101,JAX,JRS_1,JRS,1,T,T-JAX111419101,4,2,0.6113658438515808,0.9533595124445731
JAX111419101,JAX,JRS_1,JRS,1,T,T-JAX111419101,4,3,0.7385790596690378,0.9533595124445731
JAX111419101,JAX,JRS_1,JRS,1,T,T-JAX111419101,4,4,0.8368915993900047,0.9533595124445731
JAX111419101,JAX,LEL_1,LEL,1,T,T-JAX111419101,4,1,0.4272842009628163,0.9888954192013637
JAX111419101,JAX,LEL_1,LEL,1,T,T-JAX111419101,4,2,0.6129977540900828,0.9888954192013637
JAX111419101,JAX,LEL_1,LEL,1,T,T-JAX111419101,4,3,0.7915370033655731,0.9888954192013637
JAX111419101,JAX,LEL_1,LEL,1,T,T-JAX111419101,4,4,0.8949487263338941,0.9888954192013637
JAX111419101,JAX,LSR_1,LSR,1,T,T-JAX111419101,4,1,0.516786853598152,1.0495787303093882
JAX111419101,JAX,LSR_1,LSR,1,T,T-JAX111419101,4,2,0.7073594525747215,1.0495787303093882
JAX111419101,JAX,LSR_1,LSR,1,T,T-JAX111419101,4,3,0.8734768821117106,1.0495787303093882
JAX111419101,JAX,LSR_1,LSR,1,T,T-JAX111419101,4,4,0.9451683362350107,1.0495787303093882
JAX111419101,JAX,MJS_1,MJS,1,T,T-JAX111419101,4,1,0.3704603218112533,0.9165799919150428
JAX111419101,JAX,MJS_1,MJS,1,T,T-JAX111419101,4,2,0.5762439237128849,0.9165799919150428
JAX111419101,JAX,MJS_1,MJS,1,T,T-JAX111419101,4,3,0.7118344178708642,0.9165799919150428
JAX111419101,JAX,MJS_1,MJS,1,T,T-JAX111419101,4,4,0.832435398232472,0.9165799919150428
JAX111419102,JAX,CJF,CJF,,T,T-JAX111419102,5,1,0.4832146713116211,1.1130878017293369
JAX111419102,JAX,CJF,CJF,,T,T-JAX111419102,5,2,0.6898679040989368,1.1130878017293369
JAX111419102,JAX,CJF,CJF,,T,T-JAX111419102,5,3,0.8247310254590311,1.1130878017293369
JAX111419102,JAX,CJF,CJF,,T,T-JAX111419102,5,4,0.92164750459008,1.1130878017293369
JAX111419102,JAX,CJF,CJF,,T,T-JAX111419102,5,5,1.0224957629697955,1.1130878017293369
JAX111419102,JAX,CJF_2,CJF,2,T,T-JAX111419102,5,1,0.3921583430495582,1.0261406251730971
JAX111419102,JAX,CJF_2,CJF,2,T,T-JAX111419102,5,2,0.6021697107304549,1.0261406251730971
JAX111419102,JAX,CJF_2,CJF,2,T,T-JAX111419102,5,3,0.73205211569002,1.0261406251730971
JAX111419102,JAX,CJF_2,CJF,2,T,T-JAX111419102,5,4,0.8376553337690923,1.0261406251730971
JAX111419102,JAX,CJF_2,CJF,2,T,T-JAX111419102,5,5,0.9332140391647107,1.0261406251730971
JAX111419102,JAX,EMP_1,EMP,1,T,T-JAX111419102,5,1,0.46795396044658055,1.0889945908869523
JAX111419102,JAX,EMP_1,EMP,1,T,T-JAX111419102,5,2,0.6567423353773985,1.0889945908869523
JAX111419102,JAX,EMP_1,EMP,1,T,T-JAX111419102,5,3,0.7905774337374415,1.0889945908869523
JAX111419102,JAX,EMP_1,EMP,1,T,T-JAX111419102,5,4,0.8926352137333021,1.0889945908869523
JAX111419102,JAX,EMP_1,EMP,1,T,T-JAX111419102,5,5,0.9984321996867691,1.0889945908869523
JAX111419102,JAX,JRS_1,JRS,1,T,T-JAX111419102,5,1,0.5364342142169596,1.1537435024076732
JAX111419102,JAX,JRS_1,JRS,1,T,T-JAX111419102,5,2,0.7280507763128249,1.1537435024076732
JAX111419102,JAX,JRS_1,JRS,1,T,T-JAX111419102,5,3,0.8699483516777742,1.1537435024076732
JAX111419102,JAX,JRS_1,JRS,1,T,T-JAX111419102,5,4,0.979753832072118,1.1537435024076732
JAX111419102,JAX,JRS_1,JRS,1,T,T-JAX111419102,5,5,1.0744582004498107,1.1537435024076732
JAX111419102,JAX,LEL_1,LEL,1,T,T-JAX111419102,5,1,0.6709757514630859,1.2922520962672586
JAX111419102,JAX,LEL_1,LEL,1,T,T-JAX111419102,5,2,0.8476810155786467,1.2922520962672586
JAX111419102,JAX,LEL_1,LEL,1,T,T-JAX111419102,5,3,0.9857246243636156,1.2922520962672586
JAX111419102,JAX,LEL_1,LEL,1,T,T-JAX111419102,5,4,1.0770285275012816,1.2922520962672586
JAX111419102,JAX,LEL_1,LEL,1,T,T-JAX111419102,5,5,1.1818492513480083,1.2922520962672586
JAX111419102,JAX,LSR_1,LSR,1,T,T-JAX111419102,5,1,0.630176418852818,1.19782029558419
JAX111419102,JAX,LSR_1,LSR,1,T,T-JAX111419102,5,2,0.8068633189185668,1.19782029558419
JAX111419102,JAX,LSR_1,LSR,1,T,T-JAX111419102,5,3,0.9478026419541645,1.19782029558419
JAX111419102,JAX,LSR_1,LSR,1,T,T-JAX111419102,5,4,1.0329056641411403,1.19782029558419
JAX111419102,JAX,LSR_1,LSR,1,T,T-JAX111419102,5,5,1.126540527104916,1.19782029558419
JAX111419102,JAX,MJS_1,MJS,1,T,T-JAX111419102,5,1,0.4472030514219263,1.0643241359924351
JAX111419102,JAX,MJS_1,MJS,1,T,T-JAX111419102,5,2,0.6350768846289626,1.0643241359924351
JAX111419102,JAX,MJS_1,MJS,1,T,T-JAX111419102,5,3,0.7756327204797273,1.0643241359924351
JAX111419102,JAX,MJS_1,MJS,1,T,T-JAX111419102,5,4,0.8841771726869617,1.0643241359924351
JAX111419102,JAX,MJS_1,MJS,1,T,T-JAX111419102,5,5,0.9710862974979413,1.0643241359924351
JAX111419103,JAX,CJF,CJF,,T,T-JAX111419103,3,1,0.4704731240166531,0.908354494672383
JAX111419103,JAX,CJF,CJF,,T,T-JAX111419103,3,2,0.634156782709286,0.908354494672383
JAX111419103,JAX,CJF,CJF,,T,T-JAX111419103,3,3,0.7699491288785756,0.908354494672383
JAX111419103,JAX,CJF_2,CJF,2,T,T-JAX111419103,3,1,0.4800757641765087,0.8970039141929173
JAX111419103,JAX,CJF_2,CJF,2,T,T-JAX111419103,3,2,0.6347016000496015,0.8970039141929173
JAX111419103,JAX,CJF_2,CJF,2,T,T-JAX111419103,3,3,0.7626721239705363,0.8970039141929173
JAX111419103,JAX,EMP_1,EMP,1,T,T-JAX111419103,3,1,0.5810497858659578,0.996765656938659
JAX111419103,JAX,EMP_1,EMP,1,T,T-JAX111419103,3,2,0.7292937648135788,0.996765656938659
JAX111419103,JAX,EMP_1,EMP,1,T,T-JAX111419103,3,3,0.8618357172518842,0.996765656938659
JAX111419103,JAX,JRS_1,JRS,1,T,T-JAX111419103,2,1,0.7302014299680679,0.9645380495507654
JAX111419103,JAX,JRS_1,JRS,1,T,T-JAX111419103,2,2,0.8490283524914737,0.9645380495507654
JAX111419103,JAX,LEL_1,LEL,1,T,T-JAX111419103,3,1,0.5394027763368822,0.9222140285574719
JAX111419103,JAX,LEL_1,LEL,1,T,T-JAX111419103,3,2,0.6819978068995075,0.9222140285574719
JAX111419103,JAX,LEL_1,LEL,1,T,T-JAX111419103,3,3,0.8155272168126113,0.9222140285574719
JAX111419103,JAX,LSR_1,LSR,1,T,T-JAX111419103,4,1,0.5431402489538,0.9927406928875078
JAX111419103,JAX,LSR_1,LSR,1,T,T-JAX111419103,4,2,0.6524629917590415,0.9927406928875078
JAX111419103,JAX,LSR_1,LSR,1,T,T-JAX111419103,4,3,0.728493282788402,0.9927406928875078
JAX111419103,JAX,LSR_1,LSR,1,T,T-JAX111419103,4,4,0.8652990562542695,0.9927406928875078
JAX111419103,JAX,MJS_1,MJS,1,T,T-JAX111419103,2,1,0.7113324794611847,0.9723857898046774
JAX111419103,JAX,MJS_1,MJS,1,T,T-JAX111419103,2,2,0.8322702411278462,0.9723857898046774
JAX111419104,JAX,CJF,CJF,,T,T-JAX111419104,4,1,0.5212878570460325,1.0251325245241956
JAX111419104,JAX,CJF,CJF,,T,T-JAX111419104,4,2,0.6929524944209356,1.0251325245241956
JAX111419104,JAX,CJF,CJF,,T,T-JAX111419104,4,3,0.8132745107470156,1.0251325245241956
JAX111419104,JAX,CJF,CJF,,T,T-JAX111419104,4,4,0.9291019171527591,1.0251325245241956
JAX111419104,JAX,CJF_2,CJF,2,T,T-JAX111419104,4,1,0.44705403791809945,0.9498885574317589
JAX111419104,JAX,CJF_2,CJF,2,T,T-JAX111419104,4,2,0.6386078542307844,0.9498885574317589
JAX111419104,JAX,CJF_2,CJF,2,T,T-JAX111419104,4,3,0.731986532005966,0.9498885574317589
JAX111419104,JAX,CJF_2,CJF,2,T,T-JAX111419104,4,4,0.8495775813071498,0.9498885574317589
JAX111419104,JAX,EMP_1,EMP,1,T,T-JAX111419104,4,1,0.5710745071771277,1.0652458520669124
JAX111419104,JAX,EMP_1,EMP,1,T,T-JAX111419104,4,2,0.7596267731859374,1.0652458520669124
JAX111419104,JAX,EMP_1,EMP,1,T,T-JAX111419104,4,3,0.8734863389156532,1.0652458520669124
JAX111419104,JAX,EMP_1,EMP,1,T,T-JAX111419104,4,4,0.9758890356461056,1.0652458520669124
JAX111419104,JAX,JRS_1,JRS,1,T,T-JAX111419104,4,1,0.4991274108010582,0.9765026197143072
JAX111419104,JAX,JRS_1,JRS,1,T,T-JAX111419104,4,2,0.6601841231839127,0.9765026197143072
JAX111419104,JAX,JRS_1,JRS,1,T,T-JAX111419104,4,3,0.7943580075627596,0.9765026197143072
JAX111419104,JAX,JRS_1,JRS,1,T,T-JAX111419104,4,4,0.9018398661711817,0.9765026197143072
JAX111419104,JAX,LEL_1,LEL,1,T,T-JAX111419104,4,1,0.5305086759709734,1.045157559678332
JAX111419104,JAX,LEL_1,LEL,1,T,T-JAX111419104,4,2,0.7289509548363227,1.045157559678332
JAX111419104,JAX,LEL_1,LEL,1,T,T-JAX111419104,4,3,0.8468066765098482,1.045157559678332
JAX111419104,JAX,LEL_1,LEL,1,T,T-JAX111419104,4,4,0.9520095114277034,1.045157559678332
JAX111419104,JAX,LSR_1,LSR,1,T,T-JAX111419104,4,1,0.506321801306129,0.9930866169825505
JAX111419104,JAX,LSR_1,LSR,1,T,T-JAX111419104,4,2,0.6870025498613452,0.9930866169825505
JAX111419104,JAX,LSR_1,LSR,1,T,T-JAX111419104,4,3,0.8047665373586196,0.9930866169825505
JAX111419104,JAX,LSR_1,LSR,1,T,T-JAX111419104,4,4,0.9010738687475887,0.9930866169825505
JAX111419104,JAX,MJS_1,MJS,1,T,T-JAX111419104,4,1,0.40837789517236794,0.9060353730401287
JAX111419104,JAX,MJS_1,MJS,1,T,T-JAX111419104,4,2,0.6145875883703753,0.9060353730401287
JAX111419104,JAX,MJS_1,MJS,1,T,T-JAX111419104,4,3,0.7240850317164487,0.9060353730401287
JAX111419104,JAX,MJS_1,MJS,1,T,T-JAX111419104,4,4,0.817080947990112,0.9060353730401287
JAX111419105,JAX,CJF,CJF,,T,T-JAX111419105,3,1,0.5615738796339953,0.8518099790973609
JAX111419105,JAX,CJF,CJF,,T,T-JAX111419105,3,2,0.6732054732604809,0.8518099790973609
JAX111419105,JAX,CJF,CJF,,T,T-JAX111419105,3,3,0.7728108637006806,0.8518099790973609
JAX111419105,JAX,CJF_2,CJF,2,T,T-JAX111419105,3,1,0.5177074180095201,0.7676319523242155
JAX111419105,JAX,CJF_2,CJF,2,T,T-JAX111419105,3,2,0.6312199009789946,0.7676319523242155
JAX111419105,JAX,CJF_2,CJF,2,T,T-JAX111419105,3,3,0.7084540785814399,0.7676319523242155
JAX111419105,JAX,EMP_1,EMP,1,T,T-JAX111419105,3,1,0.30641441603128744,0.7613221486512078
JAX111419105,JAX,EMP_1,EMP,1,T,T-JAX111419105,3,2,0.5029911461667685,0.7613221486512078
JAX111419105,JAX,EMP_1,EMP,1,T,T-JAX111419105,3,3,0.5880801849910442,0.7613221486512078
JAX111419105,JAX,JRS_1,JRS,1,T,T-JAX111419105,4,1,0.39195986973776453,0.7341711036440132
JAX111419105,JAX,JRS_1,JRS,1,T,T-JAX111419105,4,2,0.48781722444881515,0.7341711036440132
JAX111419105,JAX,JRS_1,JRS,1,T,T-JAX111419105,4,3,0.6018384046580515,0.7341711036440132
JAX111419105,JAX,JRS_1,JRS,1,T,T-JAX111419105,4,4,0.6584928653191974,0.7341711036440132
JAX111419105,JAX,LEL_1,LEL,1,T,T-JAX111419105,4,1,0.4209399886392744,0.7476815657148786
JAX111419105,JAX,LEL_1,LEL,1,T,T-JAX111419105,4,2,0.5006518366547882,0.7476815657148786
JAX111419105,JAX,LEL_1,LEL,1,T,T-JAX111419105,4,3,0.608711715717346,0.7476815657148786
JAX111419105,JAX,LEL_1,LEL,1,T,T-JAX111419105,4,4,0.6832580108870471,0.7476815657148786
JAX111419105,JAX,LSR_1,LSR,1,T,T-JAX111419105,4,1,0.5671377671948685,0.8367224273714737
JAX111419105,JAX,LSR_1,LSR,1,T,T-JAX111419105,4,2,0.6393060258784544,0.8367224273714737
JAX111419105,JAX,LSR_1,LSR,1,T,T-JAX111419105,4,3,0.6796263540865309,0.8367224273714737
JAX111419105,JAX,LSR_1,LSR,1,T,T-JAX111419105,4,4,0.7634314198226679,0.8367224273714737
JAX111419105,JAX,MJS_1,MJS,1,T,T-JAX111419105,3,1,0.43285799015930765,0.6895137942066972
JAX111419105,JAX,MJS_1,MJS,1,T,T-JAX111419105,3,2,0.541827235438984,0.6895137942066972
JAX111419105,JAX,MJS_1,MJS,1,T,T-JAX111419105,3,3,0.6192080740666736,0.6895137942066972
JAX111419106,JAX,CJF,CJF,,T,T-JAX111419106,3,1,0.42380027262921516,0.8212044812862118
JAX111419106,JAX,CJF,CJF,,T,T-JAX111419106,3,2,0.5535596249897763,0.8212044812862118
JAX111419106,JAX,CJF,CJF,,T,T-JAX111419106,3,3,0.6934766668194794,0.8212044812862118
JAX111419106,JAX,CJF_2,CJF,2,T,T-JAX111419106,4,1,0.35829854303528164,0.7639959662340157
JAX111419106,JAX,CJF_2,CJF,2,T,T-JAX111419106,4,2,0.5291635383489981,0.7639959662340157
JAX111419106,JAX,CJF_2,CJF,2,T,T-JAX111419106,4,3,0.5949719211878378,0.7639959662340157
JAX111419106,JAX,CJF_2,CJF,2,T,T-JAX111419106,4,4,0.6666316297948942,0.7639959662340157
JAX111419106,JAX,EMP_1,EMP,1,T,T-JAX111419106,3,1,0.3741157816332257,0.7594453353602424
JAX111419106,JAX,EMP_1,EMP,1,T,T-JAX111419106,3,2,0.5199554710103204,0.7594453353602424
JAX111419106,JAX,EMP_1,EMP,1,T,T-JAX111419106,3,3,0.6453072892321771,0.7594453353602424
JAX111419106,JAX,JRS_1,JRS,1,T,T-JAX111419106,3,1,0.3722653090904696,0.7200464706152758
JAX111419106,JAX,JRS_1,JRS,1,T,T-JAX111419106,3,2,0.4988784665694538,0.7200464706152758
JAX111419106,JAX,JRS_1,JRS,1,T,T-JAX111419106,3,3,0.6176317865085146,0.7200464706152758
JAX111419106,JAX,LEL_1,LEL,1,T,T-JAX111419106,4,1,0.36061037225689,0.7198872974974911
JAX111419106,JAX,LEL_1,LEL,1,T,T-JAX111419106,4,2,0.4828592899343732,0.7198872974974911
JAX111419106,JAX,LEL_1,LEL,1,T,T-JAX111419106,4,3,0.5672929933220737,0.7198872974974911
JAX111419106,JAX,LEL_1,LEL,1,T,T-JAX111419106,4,4,0.60444148410371,0.7198872974974911
JAX111419106,JAX,LSR_1,LSR,1,T,T-JAX111419106,4,1,0.45938230773768823,0.808619109881077
JAX111419106,JAX,LSR_1,LSR,1,T,T-JAX111419106,4,2,0.5892685991214373,0.808619109881077
JAX111419106,JAX,LSR_1,LSR,1,T,T-JAX111419106,4,3,0.6521221367173884,0.808619109881077
JAX111419106,JAX,LSR_1,LSR,1,T,T-JAX111419106,4,4,0.7213099093452298,0.808619109881077
JAX111419106,JAX,MJS_1,MJS,1,T,T-JAX111419106,3,1,0.27850695373785017,0.6405659935970542
JAX111419106,JAX,MJS_1,MJS,1,T,T-JAX111419106,3,2,0.4177604306067749,0.6405659935970542
JAX111419106,JAX,MJS_1,MJS,1,T,T-JAX111419106,3,3,0.5446254608622931,0.6405659935970542
JAX111419107,JAX,CJF,CJF,,T,T-JAX111419107,3,1,0.3630818467524891,0.745427032511029
JAX111419107,JAX,CJF,CJF,,T,T-JAX111419107,3,2,0.5143013442138037,0.745427032511029
JAX111419107,JAX,CJF,CJF,,T,T-JAX111419107,3,3,0.6260432187257807,0.745427032511029
JAX111419107,JAX,CJF_2,CJF,2,T,T-JAX111419107,3,1,0.33662590710443946,0.7077061988191163
JAX111419107,JAX,CJF_2,CJF,2,T,T-JAX111419107,3,2,0.49998113588103077,0.7077061988191163
JAX111419107,JAX,CJF_2,CJF,2,T,T-JAX111419107,3,3,0.613421909566805,0.7077061988191163
JAX111419107,JAX,EMP_1,EMP,1,T,T-JAX111419107,3,1,0.43818685648290484,0.8203666411832836
JAX111419107,JAX,EMP_1,EMP,1,T,T-JAX111419107,3,2,0.6060793152932153,0.8203666411832836
JAX111419107,JAX,EMP_1,EMP,1,T,T-JAX111419107,3,3,0.7239886167911481,0.8203666411832836
JAX111419107,JAX,JRS_1,JRS,1,T,T-JAX111419107,3,1,0.4021382644294062,0.7348886223029609
JAX111419107,JAX,JRS_1,JRS,1,T,T-JAX111419107,3,2,0.5231444275412032,0.7348886223029609
JAX111419107,JAX,JRS_1,JRS,1,T,T-JAX111419107,3,3,0.631246026514014,0.7348886223029609
JAX111419107,JAX,LEL_1,LEL,1,T,T-JAX111419107,3,1,0.5311452099113064,0.8213229799738795
JAX111419107,JAX,LEL_1,LEL,1,T,T-JAX111419107,3,2,0.5954529459686244,0.8213229799738795
JAX111419107,JAX,LEL_1,LEL,1,T,T-JAX111419107,3,3,0.7175225815022789,0.8213229799738795
JAX111419107,JAX,LSR_1,LSR,1,T,T-JAX111419107,3,1,0.40112613702332317,0.7747624208830712
JAX111419107,JAX,LSR_1,LSR,1,T,T-JAX111419107,3,2,0.5921329430658631,0.7747624208830712
JAX111419107,JAX,LSR_1,LSR,1,T,T-JAX111419107,3,3,0.6806219622943407,0.7747624208830712
JAX111419107,JAX,MJS_1,MJS,1,T,T-JAX111419107,3,1,0.30149220677864197,0.6580496614504734
JAX111419107,JAX,MJS_1,MJS,1,T,T-JAX111419107,3,2,0.45142102460674566,0.6580496614504734
JAX111419107,JAX,MJS_1,MJS,1,T,T-JAX111419107,3,3,0.5555533413317015,0.6580496614504734
JAX111419108,JAX,CJF,CJF,,T,T-JAX111419108,5,1,0.49558483598405184,1.032076855619901
JAX111419108,JAX,CJF,CJF,,T,T-JAX111419108,5,2,0.6751846639248873,1.032076855619901
JAX111419108,JAX,CJF,CJF,,T,T-JAX111419108,5,3,0.7829848052185079,1.032076855619901
JAX111419108,JAX,CJF,CJF,,T,T-JAX111419108,5,4,0.8744985487751209,1.032076855619901
JAX111419108,JAX,CJF,CJF,,T,T-JAX111419108,5,5,0.944617942943741,1.032076855619901
JAX111419108,JAX,CJF_2,CJF,2,T,T-JAX111419108,5,1,0.43785863676902864,0.9648234062981785
JAX111419108,JAX,CJF_2,CJF,2,T,T-JAX111419108,5,2,0.617645551817311,0.9648234062981785
JAX111419108,JAX,CJF_2,CJF,2,T,T-JAX111419108,5,3,0.7345520724171906,0.9648234062981785
JAX111419108,JAX,CJF_2,CJF,2,T,T-JAX111419108,5,4,0.8081984512696199,0.9648234062981785
JAX111419108,JAX,CJF_2,CJF,2,T,T-JAX111419108,5,5,0.8849086084140444,0.9648234062981785
JAX111419108,JAX,EMP_1,EMP,1,T,T-JAX111419108,5,1,0.4211416285647537,0.915586867529679
JAX111419108,JAX,EMP_1,EMP,1,T,T-JAX111419108,5,2,0.5728314309511546,0.915586867529679
JAX111419108,JAX,EMP_1,EMP,1,T,T-JAX111419108,5,3,0.6838775912325638,0.915586867529679
JAX111419108,JAX,EMP_1,EMP,1,T,T-JAX111419108,5,4,0.7629890562747321,0.915586867529679
JAX111419108,JAX,EMP_1,EMP,1,T,T-JAX111419108,5,5,0.8437338032413838,0.915586867529679
JAX111419108,JAX,JRS_1,JRS,1,T,T-JAX111419108,5,1,0.506459328630388,0.9838809898871559
JAX111419108,JAX,JRS_1,JRS,1,T,T-JAX111419108,5,2,0.6312174259018504,0.9838809898871559
JAX111419108,JAX,JRS_1,JRS,1,T,T-JAX111419108,5,3,0.73394057980454,0.9838809898871559
JAX111419108,JAX,JRS_1,JRS,1,T,T-JAX111419108,5,4,0.8302266304219704,0.9838809898871559
JAX111419108,JAX,JRS_1,JRS,1,T,T-JAX111419108,5,5,0.9064820335858165,0.9838809898871559
JAX111419108,JAX,LEL_1,LEL,1,T,T-JAX111419108,5,1,0.5191899148362862,1.0287215296065457
JAX111419108,JAX,LEL_1,LEL,1,T,T-JAX111419108,5,2,0.6684198641086067,1.0287215296065457
JAX111419108,JAX,LEL_1,LEL,1,T,T-JAX111419108,5,3,0.7807575429555933,1.0287215296065457
JAX111419108,JAX,LEL_1,LEL,1,T,T-JAX111419108,5,4,0.873074953142371,1.0287215296065457
JAX111419108,JAX,LEL_1,LEL,1,T,T-JAX111419108,5,5,0.9316216723762993,1.0287215296065457
JAX111419108,JAX,LSR_1,LSR,1,T,T-JAX111419108,5,1,0.580138157107375,1.0594551703749426
JAX111419108,JAX,LSR_1,LSR,1,T,T-JAX111419108,5,2,0.7097769517658181,1.0594551703749426
JAX111419108,JAX,LSR_1,LSR,1,T,T-JAX111419108,5,3,0.8150281795915981,1.0594551703749426
JAX111419108,JAX,LSR_1,LSR,1,T,T-JAX111419108,5,4,0.9159871540455881,1.0594551703749426
JAX111419108,JAX,LSR_1,LSR,1,T,T-JAX111419108,5,5,0.9807720937212638,1.0594551703749426
JAX111419108,JAX,MJS_1,MJS,1,T,T-JAX111419108,5,1,0.35105859738386436,0.8684232966849141
JAX111419108,JAX,MJS_1,MJS,1,T,T-JAX111419108,5,2,0.5391672883055593,0.8684232966849141
JAX111419108,JAX,MJS_1,MJS,1,T,T-JAX111419108,5,3,0.6397872083999435,0.8684232966849141
JAX111419108,JAX,MJS_1,MJS,1,T,T-JAX111419108,5,4,0.7320242487286445,0.8684232966849141
JAX111419108,JAX,MJS_1,MJS,1,T,T-JAX111419108,5,5,0.7982672601699964,0.8684232966849141
JAX111419109,JAX,CJF,CJF,,T,T-JAX111419109,3,1,0.4806436578048944,0.8669428012080798
JAX111419109,JAX,CJF,CJF,,T,T-JAX111419109,3,2,0.6335618669130263,0.8669428012080798
JAX111419109,JAX,CJF,CJF,,T,T-JAX111419109,3,3,0.7428653267515718,0.8669428012080798
JAX111419109,JAX,CJF_2,CJF,2,T,T-JAX111419109,3,1,0.4165746500239897,0.8121251004582044
JAX111419109,JAX,CJF_2,CJF,2,T,T-JAX111419109,3,2,0.5751803742372839,0.8121251004582044
JAX111419109,JAX,CJF_2,CJF,2,T,T-JAX111419109,3,3,0.7145596249554722,0.8121251004582044
JAX111419109,JAX,EMP_1,EMP,1,T,T-JAX111419109,3,1,0.4205753107206151,0.7815083752476821
JAX111419109,JAX,EMP_1,EMP,1,T,T-JAX111419109,3,2,0.5578483005834189,0.7815083752476821
JAX111419109,JAX,EMP_1,EMP,1,T,T-JAX111419109,3,3,0.6977250626007011,0.7815083752476821
JAX111419109,JAX,JRS_1,JRS,1,T,T-JAX111419109,3,1,0.427309406806556,0.801944473633414
JAX111419109,JAX,JRS_1,JRS,1,T,T-JAX111419109,3,2,0.5626320386266062,0.801944473633414
JAX111419109,JAX,JRS_1,JRS,1,T,T-JAX111419109,3,3,0.7094453030837217,0.801944473633414
JAX111419109,JAX,LEL_1,LEL,1,T,T-JAX111419109,3,1,0.41389526016517336,0.7943347514173664
JAX111419109,JAX,LEL_1,LEL,1,T,T-JAX111419109,3,2,0.5805190610240748,0.7943347514173664
JAX111419109,JAX,LEL_1,LEL,1,T,T-JAX111419109,3,3,0.6852067045689876,0.7943347514173664
JAX111419109,JAX,LSR_1,LSR,1,T,T-JAX111419109,3,1,0.5092150853552198,0.865955590774214
JAX111419109,JAX,LSR_1,LSR,1,T,T-JAX111419109,3,2,0.6504206820839554,0.865955590774214
JAX111419109,JAX,LSR_1,LSR,1,T,T-JAX111419109,3,3,0.7754109396958386,0.865955590774214
JAX111419109,JAX,MJS_1,MJS,1,T,T-JAX111419109,3,1,0.386147460867484,0.7587533870030438
JAX111419109,JAX,MJS_1,MJS,1,T,T-JAX111419109,3,2,0.5385965871054541,0.7587533870030438
JAX111419109,JAX,MJS_1,MJS,1,T,T-JAX111419109,3,3,0.6661483259990133,0.7587533870030438
JAX111419110,JAX,CJF,CJF,,T,T-JAX111419110,3,1,0.4671675826349031,0.875366095891455
JAX111419110,JAX,CJF,CJF,,T,T-JAX111419110,3,2,0.6211877410414128,0.875366095891455
JAX111419110,JAX,CJF,CJF,,T,T-JAX111419110,3,3,0.7521309824381205,0.875366095891455
JAX111419110,JAX,CJF_2,CJF,2,T,T-JAX111419110,3,1,0.45981525690418906,0.8634402186410948
JAX111419110,JAX,CJF_2,CJF,2,T,T-JAX111419110,3,2,0.6177401053449262,0.8634402186410948
JAX111419110,JAX,CJF_2,CJF,2,T,T-JAX111419110,3,3,0.7392152646734718,0.8634402186410948
JAX111419110,JAX,EMP_1,EMP,1,T,T-JAX111419110,3,1,0.5041518773768208,0.9108053509630568
JAX111419110,JAX,EMP_1,EMP,1,T,T-JAX111419110,3,2,0.655544904606158,0.9108053509630568
JAX111419110,JAX,EMP_1,EMP,1,T,T-JAX111419110,3,3,0.785869971949593,0.9108053509630568
JAX111419110,JAX,JRS_1,JRS,1,T,T-JAX111419110,3,1,0.4679664665572672,0.8625113223934378
JAX111419110,JAX,JRS_1,JRS,1,T,T-JAX111419110,3,2,0.6224836855687013,0.8625113223934378
JAX111419110,JAX,JRS_1,JRS,1,T,T-JAX111419110,3,3,0.7503641051297585,0.8625113223934378
JAX111419110,JAX,LEL_1,LEL,1,T,T-JAX111419110,3,1,0.49912669959240175,0.909585011654799
JAX111419110,JAX,LEL_1,LEL,1,T,T-JAX111419110,3,2,0.6381209511164903,0.909585011654799
JAX111419110,JAX,LEL_1,LEL,1,T,T-JAX111419110,3,3,0.7865450271841533,0.909585011654799
JAX111419110,JAX,LSR_1,LSR,1,T,T-JAX111419110,3,1,0.5046825647347767,0.9242182797559635
JAX111419110,JAX,LSR_1,LSR,1,T,T-JAX111419110,3,2,0.6592623798857522,0.9242182797559635
JAX111419110,JAX,LSR_1,LSR,1,T,T-JAX111419110,3,3,0.8048307148601537,0.9242182797559635
JAX111419110,JAX,MJS_1,MJS,1,T,T-JAX111419110,3,1,0.3501272230924674,0.741082778917369
JAX111419110,JAX,MJS_1,MJS,1,T,T-JAX111419110,3,2,0.4952731418292162,0.741082778917369
JAX111419110,JAX,MJS_1,MJS,1,T,T-JAX111419110,3,3,0.6226488793232724,0.741082778917369
JAX111419111,JAX,CJF,CJF,,T,T-JAX111419111,5,1,0.453940665359143,1.031725806236662
JAX111419111,JAX,CJF,CJF,,T,T-JAX111419111,5,2,0.6525055924377778,1.031725806236662
JAX111419111,JAX,CJF,CJF,,T,T-JAX111419111,5,3,0.7703981259097341,1.031725806236662
JAX111419111,JAX,CJF,CJF,,T,T-JAX111419111,5,4,0.8557975644752579,1.031725806236662
JAX111419111,JAX,CJF,CJF,,T,T-JAX111419111,5,5,0.9309203357070271,1.031725806236662
JAX111419111,JAX,CJF_2,CJF,2,T,T-JAX111419111,5,1,0.4549757365612522,1.0177975207774506
JAX111419111,JAX,CJF_2,CJF,2,T,T-JAX111419111,5,2,0.6448706197758705,1.0177975207774506
JAX111419111,JAX,CJF_2,CJF,2,T,T-JAX111419111,5,3,0.7802500847968583,1.0177975207774506
JAX111419111,JAX,CJF_2,CJF,2,T,T-JAX111419111,5,4,0.8669561196303806,1.0177975207774506
JAX111419111,JAX,CJF_2,CJF,2,T,T-JAX111419111,5,5,0.9369334739500936,1.0177975207774506
JAX111419111,JAX,EMP_1,EMP,1,T,T-JAX111419111,5,1,0.5141473269674358,1.0667249926627271
JAX111419111,JAX,EMP_1,EMP,1,T,T-JAX111419111,5,2,0.6971228836427369,1.0667249926627271
JAX111419111,JAX,EMP_1,EMP,1,T,T-JAX111419111,5,3,0.8290610897049447,1.0667249926627271
JAX111419111,JAX,EMP_1,EMP,1,T,T-JAX111419111,5,4,0.9043395082784713,1.0667249926627271
JAX111419111,JAX,EMP_1,EMP,1,T,T-JAX111419111,5,5,0.9776464856457971,1.0667249926627271
JAX111419111,JAX,JRS_1,JRS,1,T,T-JAX111419111,5,1,0.4692190700327485,1.000417942352217
JAX111419111,JAX,JRS_1,JRS,1,T,T-JAX111419111,5,2,0.6641104514275702,1.000417942352217
JAX111419111,JAX,JRS_1,JRS,1,T,T-JAX111419111,5,3,0.7808183690955146,1.000417942352217
JAX111419111,JAX,JRS_1,JRS,1,T,T-JAX111419111,5,4,0.8593597881127423,1.000417942352217
JAX111419111,JAX,JRS_1,JRS,1,T,T-JAX111419111,5,5,0.9381696735977334,1.000417942352217
JAX111419111,JAX,LEL_1,LEL,1,T,T-JAX111419111,5,1,0.41017928128708414,0.9669740896736317
JAX111419111,JAX,LEL_1,LEL,1,T,T-JAX111419111,5,2,0.6157480290565285,0.9669740896736317
JAX111419111,JAX,LEL_1,LEL,1,T,T-JAX111419111,5,3,0.7526232998860496,0.9669740896736317
JAX111419111,JAX,LEL_1,LEL,1,T,T-JAX111419111,5,4,0.8131729088596753,0.9669740896736317
JAX111419111,JAX,LEL_1,LEL,1,T,T-JAX111419111,5,5,0.9060411949992836,0.9669740896736317
JAX111419111,JAX,LSR_1,LSR,1,T,T-JAX111419111,5,1,0.5808447752348117,1.1107996197547554
JAX111419111,JAX,LSR_1,LSR,1,T,T-JAX111419111,5,2,0.7571341215791383,1.1107996197547554
JAX111419111,JAX,LSR_1,LSR,1,T,T-JAX111419111,5,3,0.8776772049233943,1.1107996197547554
JAX111419111,JAX,LSR_1,LSR,1,T,T-JAX111419111,5,4,0.9604221430668751,1.1107996197547554
JAX111419111,JAX,LSR_1,LSR,1,T,T-JAX111419111,5,5,1.032639312524733,1.1107996197547554
JAX111419111,JAX,MJS_1,MJS,1,T,T-JAX111419111,5,1,0.5663718539256201,1.115148851327226
JAX111419111,JAX,MJS_1,MJS,1,T,T-JAX111419111,5,2,0.7473161093820776,1.115148851327226
JAX111419111,JAX,MJS_1,MJS,1,T,T-JAX111419111,5,3,0.8709574614804405,1.115148851327226
JAX111419111,JAX,MJS_1,MJS,1,T,T-JAX111419111,5,4,0.9525129621128376,1.115148851327226
JAX111419111,JAX,MJS_1,MJS,1,T,T-JAX111419111,5,5,1.0226556738261385,1.115148851327226
JAX111419112,JAX,CJF,CJF,,T,T-JAX111419112,3,1,0.4095000364319657,0.8368993120350822
JAX111419112,JAX,CJF,CJF,,T,T-JAX111419112,3,2,0.5603785394120735,0.8368993120350822
JAX111419112,JAX,CJF,CJF,,T,T-JAX111419112,3,3,0.7039460972005497,0.8368993120350822
JAX111419112,JAX,CJF_2,CJF,2,T,T-JAX111419112,3,1,0.4314794142128512,0.8457181779156945
JAX111419112,JAX,CJF_2,CJF,2,T,T-JAX111419112,3,2,0.589543270699497,0.8457181779156945
JAX111419112,JAX,CJF_2,CJF,2,T,T-JAX111419112,3,3,0.7252605969421531,0.8457181779156945
JAX111419112,JAX,EMP_1,EMP,1,T,T-JAX111419112,3,1,0.4157953035066872,0.8086365185258774
JAX111419112,JAX,EMP_1,EMP,1,T,T-JAX111419112,3,2,0.5702942117244015,0.8086365185258774
JAX111419112,JAX,EMP_1,EMP,1,T,T-JAX111419112,3,3,0.6891829709896427,0.8086365185258774
JAX111419112,JAX,JRS_1,JRS,1,T,T-JAX111419112,3,1,0.326339623385779,0.7282860369124683
JAX111419112,JAX,JRS_1,JRS,1,T,T-JAX111419112,3,2,0.48564127920450895,0.7282860369124683
JAX111419112,JAX,JRS_1,JRS,1,T,T-JAX111419112,3,3,0.619271653258148,0.7282860369124683
JAX111419112,JAX,LEL_1,LEL,1,T,T-JAX111419112,3,1,0.4057805206032937,0.8250870939408337
JAX111419112,JAX,LEL_1,LEL,1,T,T-JAX111419112,3,2,0.5794856254283085,0.8250870939408337
JAX111419112,JAX,LEL_1,LEL,1,T,T-JAX111419112,3,3,0.6898753947951325,0.8250870939408337
JAX111419112,JAX,LSR_1,LSR,1,T,T-JAX111419112,3,1,0.46557104811553374,0.8370581938219721
JAX111419112,JAX,LSR_1,LSR,1,T,T-JAX111419112,3,2,0.6121463849241303,0.8370581938219721
JAX111419112,JAX,LSR_1,LSR,1,T,T-JAX111419112,3,3,0.7204951228464309,0.8370581938219721
JAX111419112,JAX,MJS_1,MJS,1,T,T-JAX111419112,3,1,0.32016117775015335,0.7266984025926302
JAX111419112,JAX,MJS_1,MJS,1,T,T-JAX111419112,3,2,0.48189141564442745,0.7266984025926302
JAX111419112,JAX,MJS_1,MJS,1,T,T-JAX111419112,3,3,0.6094105778214249,0.7266984025926302
JAX111419113,JAX,CJF_2,CJF,2,T,T-JAX111419113,4,1,0.4450067141605248,0.871763020470078
JAX111419113,JAX,CJF_2,CJF,2,T,T-JAX111419113,4,2,0.5838519830181712,0.871763020470078
JAX111419113,JAX,CJF_2,CJF,2,T,T-JAX111419113,4,3,0.7017539591765795,0.871763020470078
JAX111419113,JAX,CJF_2,CJF,2,T,T-JAX111419113,4,4,0.7776786405774002,0.871763020470078
JAX111419113,JAX,JRS_1,JRS,1,T,T-JAX111419113,4,1,0.5027979568411525,0.9345047461474807
JAX111419113,JAX,JRS_1,JRS,1,T,T-JAX111419113,4,2,0.6449392380028027,0.9345047461474807
JAX111419113,JAX,JRS_1,JRS,1,T,T-JAX111419113,4,3,0.7520611772837793,0.9345047461474807
JAX111419113,JAX,JRS_1,JRS,1,T,T-JAX111419113,4,4,0.8422202144651554,0.9345047461474807
JAX111419113,JAX,LEL_1,LEL,1,T,T-JAX111419113,4,1,0.436055531651203,0.9031887512474361
JAX111419113,JAX,LEL_1,LEL,1,T,T-JAX111419113,4,2,0.6184105614673034,0.9031887512474361
JAX111419113,JAX,LEL_1,LEL,1,T,T-JAX111419113,4,3,0.7298351618428156,0.9031887512474361
JAX111419113,JAX,LEL_1,LEL,1,T,T-JAX111419113,4,4,0.7958375175825136,0.9031887512474361
JAX111419113,JAX,LSR_1,LSR,1,T,T-JAX111419113,4,1,0.5818167896016264,0.9996562693904565
JAX111419113,JAX,LSR_1,LSR,1,T,T-JAX111419113,4,2,0.722889874894579,0.9996562693904565
JAX111419113,JAX,LSR_1,LSR,1,T,T-JAX111419113,4,3,0.8547747413746931,0.9996562693904565
JAX111419113,JAX,LSR_1,LSR,1,T,T-JAX111419113,4,4,0.9415705029864748,0.9996562693904565
JAX111419113,JAX,MJS_1,MJS,1,T,T-JAX111419113,4,1,0.43230809319060864,0.8747745326865665
JAX111419113,JAX,MJS_1,MJS,1,T,T-JAX111419113,4,2,0.5925022543044509,0.8747745326865665
JAX111419113,JAX,MJS_1,MJS,1,T,T-JAX111419113,4,3,0.710759869107963,0.8747745326865665
JAX111419113,JAX,MJS_1,MJS,1,T,T-JAX111419113,4,4,0.7857777765122097,0.8747745326865665
JAX111419114,JAX,CJF_2,CJF,2,T,T-JAX111419114,3,1,0.5932675492032335,0.9284767568495239
JAX111419114,JAX,CJF_2,CJF,2,T,T-JAX111419114,3,2,0.7189710020705928,0.9284767568495239
JAX111419114,JAX,CJF_2,CJF,2,T,T-JAX111419114,3,3,0.8247781104130206,0.9284767568495239
JAX111419114,JAX,LEL_1,LEL,1,T,T-JAX111419114,3,1,0.5725478673252896,0.8852559355009926
JAX111419114,JAX,LEL_1,LEL,1,T,T-JAX111419114,3,2,0.7027870541069137,0.8852559355009926
JAX111419114,JAX,LEL_1,LEL,1,T,T-JAX111419114,3,3,0.7724910425453104,0.8852559355009926
JAX111419114,JAX,LSR_1,LSR,1,T,T-JAX111419114,4,1,0.5497223179221852,0.926944080611649
JAX111419114,JAX,LSR_1,LSR,1,T,T-JAX111419114,4,2,0.6383022311276016,0.926944080611649
JAX111419114,JAX,LSR_1,LSR,1,T,T-JAX111419114,4,3,0.7672744413924981,0.926944080611649
JAX111419114,JAX,LSR_1,LSR,1,T,T-JAX111419114,4,4,0.8530050310697618,0.926944080611649
JAX111419114,JAX,MJS_1,MJS,1,T,T-JAX111419114,3,1,0.39200439070832116,0.6557165931882338
JAX111419114,JAX,MJS_1,MJS,1,T,T-JAX111419114,3,2,0.5075788117300665,0.6557165931882338
JAX111419114,JAX,MJS_1,MJS,1,T,T-JAX111419114,3,3,0.58409275921525206,0.6557165931882338
JAX111419115,JAX,CJF_2,CJF,2,T,T-JAX111419115,3,1,0.5317424834884621,0.918272658633502
JAX111419115,JAX,CJF_2,CJF,2,T,T-JAX111419115,3,2,0.7052191408552138,0.918272658633502
JAX111419115,JAX,CJF_2,CJF,2,T,T-JAX111419115,3,3,0.8254539789368648,0.918272658633502
JAX111419115,JAX,LEL_1,LEL,1,T,T-JAX111419115,3,1,0.48232681556124835,0.8570287048821574
JAX111419115,JAX,LEL_1,LEL,1,T,T-JAX111419115,3,2,0.6415111241283082,0.8570287048821574
JAX111419115,JAX,LEL_1,LEL,1,T,T-JAX111419115,3,3,0.7543464629106666,0.8570287048821574
JAX111419115,JAX,LSR_1,LSR,1,T,T-JAX111419115,3,1,0.3649058500049423,0.7162180814086077
JAX111419115,JAX,LSR_1,LSR,1,T,T-JAX111419115,3,2,0.4821833219720734,0.7162180814086077
JAX111419115,JAX,LSR_1,LSR,1,T,T-JAX111419115,3,3,0.6192009912189618,0.7162180814086077
JAX111419115,JAX,MJS_1,MJS,1,T,T-JAX111419115,2,1,0.5220369102502025,0.7204141497210319
JAX111419115,JAX,MJS_1,MJS,1,T,T-JAX111419115,2,2,0.632646300678982,0.7204141497210319
JAX111419116,JAX,CJF_2,CJF,2,T,T-JAX111419116,4,1,0.473222116792113,0.9138766259581844
JAX111419116,JAX,CJF_2,CJF,2,T,T-JAX111419116,4,2,0.6424446194977128,0.9138766259581844
JAX111419116,JAX,CJF_2,CJF,2,T,T-JAX111419116,4,3,0.7446541232525847,0.9138766259581844
JAX111419116,JAX,CJF_2,CJF,2,T,T-JAX111419116,4,4,0.8215551123495725,0.9138766259581844
JAX111419116,JAX,JRS_1,JRS,1,T,T-JAX111419116,4,1,0.4073551742637777,0.8253474699062577
JAX111419116,JAX,JRS_1,JRS,1,T,T-JAX111419116,4,2,0.5578187817962252,0.8253474699062577
JAX111419116,JAX,JRS_1,JRS,1,T,T-JAX111419116,4,3,0.6460035692870663,0.8253474699062577
JAX111419116,JAX,JRS_1,JRS,1,T,T-JAX111419116,4,4,0.7463126409753648,0.8253474699062577
JAX111419116,JAX,LEL_1,LEL,1,T,T-JAX111419116,4,1,0.46963616918313017,0.9499591554968427
JAX111419116,JAX,LEL_1,LEL,1,T,T-JAX111419116,4,2,0.6688633514151698,0.9499591554968427
JAX111419116,JAX,LEL_1,LEL,1,T,T-JAX111419116,4,3,0.7600217956193924,0.9499591554968427
JAX111419116,JAX,LEL_1,LEL,1,T,T-JAX111419116,4,4,0.8524864492297436,0.9499591554968427
JAX111419116,JAX,LSR_1,LSR,1,T,T-JAX111419116,4,1,0.423998827442689,0.85578919101794515
JAX111419116,JAX,LSR_1,LSR,1,T,T-JAX111419116,4,2,0.5719801119208483,0.85578919101794515
JAX111419116,JAX,LSR_1,LSR,1,T,T-JAX111419116,4,3,0.6662446340490806,0.85578919101794515
JAX111419116,JAX,LSR_1,LSR,1,T,T-JAX111419116,4,4,0.7447345617778216,0.85578919101794515
JAX111419116,JAX,MJS_1,MJS,1,T,T-JAX111419116,4,1,0.39326860399029,0.8400540932980288
JAX111419116,JAX,MJS_1,MJS,1,T,T-JAX111419116,4,2,0.5836783999182928,0.8400540932980288
JAX111419116,JAX,MJS_1,MJS,1,T,T-JAX111419116,4,3,0.6725393862091327,0.8400540932980288
JAX111419116,JAX,MJS_1,MJS,1,T,T-JAX111419116,4,4,0.7494520942230533,0.8400540932980288
JAX111419117,JAX,CJF_2,CJF,2,T,T-JAX111419117,3,1,0.5099710565236235,0.8381040127086468
JAX111419117,JAX,CJF_2,CJF,2,T,T-JAX111419117,3,2,0.6198565489466279,0.8381040127086468
JAX111419117,JAX,CJF_2,CJF,2,T,T-JAX111419117,3,3,0.7237640348543998,0.8381040127086468
JAX111419117,JAX,JRS_1,JRS,1,T,T-JAX111419117,4,1,0.41635935884254177,0.8809128414317857
JAX111419117,JAX,JRS_1,JRS,1,T,T-JAX111419117,4,2,0.5655799822833059,0.8809128414317857
JAX111419117,JAX,JRS_1,JRS,1,T,T-JAX111419117,4,3,0.6724850907050998,0.8809128414317857
JAX111419117,JAX,JRS_1,JRS,1,T,T-JAX111419117,4,4,0.7663061407927616,0.8809128414317857
JAX111419117,JAX,LEL_1,LEL,1,T,T-JAX111419117,4,1,0.4857050748229261,0.8947466375598172
JAX111419117,JAX,LEL_1,LEL,1,T,T-JAX111419117,4,2,0.5555452270742316,0.8947466375598172
JAX111419117,JAX,LEL_1,LEL,1,T,T-JAX111419117,4,3,0.6869907721184199,0.8947466375598172
JAX111419117,JAX,LEL_1,LEL,1,T,T-JAX111419117,4,4,0.7643599840163009,0.8947466375598172
JAX111419117,JAX,LSR_1,LSR,1,T,T-JAX111419117,4,1,0.524134214927748,0.9292008228564173
JAX111419117,JAX,LSR_1,LSR,1,T,T-JAX111419117,4,2,0.625509521294905,0.9292008228564173
JAX111419117,JAX,LSR_1,LSR,1,T,T-JAX111419117,4,3,0.7531975529509871,0.9292008228564173
JAX111419117,JAX,LSR_1,LSR,1,T,T-JAX111419117,4,4,0.8559631763429777,0.9292008228564173
JAX111419117,JAX,MJS_1,MJS,1,T,T-JAX111419117,4,1,0.2746549420191122,0.6906672921794802
JAX111419117,JAX,MJS_1,MJS,1,T,T-JAX111419117,4,2,0.38603144453463095,0.6906672921794802
JAX111419117,JAX,MJS_1,MJS,1,T,T-JAX111419117,4,3,0.4969207013261178,0.6906672921794802
JAX111419117,JAX,MJS_1,MJS,1,T,T-JAX111419117,4,4,0.6047545124339676,0.6906672921794802
JAX111419118,JAX,CJF_2,CJF,2,T,T-JAX111419118,2,1,0.3425054248090863,0.6438105889117429
JAX111419118,JAX,CJF_2,CJF,2,T,T-JAX111419118,2,2,0.5043958863693587,0.6438105889117429
JAX111419118,JAX,JRS_1,JRS,1,T,T-JAX111419118,2,1,0.33324981483326477,0.6147506382502129
JAX111419118,JAX,JRS_1,JRS,1,T,T-JAX111419118,2,2,0.4910671262932627,0.6147506382502129
JAX111419118,JAX,LEL_1,LEL,1,T,T-JAX111419118,2,1,0.3724449906053956,0.6620624630496729
JAX111419118,JAX,LEL_1,LEL,1,T,T-JAX111419118,2,2,0.5292284099012886,0.6620624630496729
JAX111419118,JAX,LSR_1,LSR,1,T,T-JAX111419118,2,1,0.4293756228714029,0.6542209892770644
JAX111419118,JAX,LSR_1,LSR,1,T,T-JAX111419118,2,2,0.5443471710544959,0.6542209892770644
JAX111419118,JAX,MJS_1,MJS,1,T,T-JAX111419118,2,1,0.3525098470881857,0.6054854657351051
JAX111419118,JAX,MJS_1,MJS,1,T,T-JAX111419118,2,2,0.47679963683265014,0.6054854657351051
JAX111419119,JAX,CJF,CJF,,T,T-JAX111419119,5,1,0.46780526356049634,1.0588133482874502
JAX111419119,JAX,CJF,CJF,,T,T-JAX111419119,5,2,0.6772840691233952,1.0588133482874502
JAX111419119,JAX,CJF,CJF,,T,T-JAX111419119,5,3,0.8149745975234931,1.0588133482874502
JAX111419119,JAX,CJF,CJF,,T,T-JAX111419119,5,4,0.8972769766983733,1.0588133482874502
JAX111419119,JAX,CJF,CJF,,T,T-JAX111419119,5,5,0.981742524173062,1.0588133482874502
JAX111419119,JAX,CJF_2,CJF,2,T,T-JAX111419119,5,1,0.46251287601751767,1.0217091302189178
JAX111419119,JAX,CJF_2,CJF,2,T,T-JAX111419119,5,2,0.6423506452649395,1.0217091302189178
JAX111419119,JAX,CJF_2,CJF,2,T,T-JAX111419119,5,3,0.7763648022958184,1.0217091302189178
JAX111419119,JAX,CJF_2,CJF,2,T,T-JAX111419119,5,4,0.8545863024633301,1.0217091302189178
JAX111419119,JAX,CJF_2,CJF,2,T,T-JAX111419119,5,5,0.9443016756799145,1.0217091302189178
JAX111419119,JAX,JRS_1,JRS,1,T,T-JAX111419119,4,1,0.6035536339779051,0.9714329232853294
JAX111419119,JAX,JRS_1,JRS,1,T,T-JAX111419119,4,2,0.729191343328317,0.9714329232853294
JAX111419119,JAX,JRS_1,JRS,1,T,T-JAX111419119,4,3,0.8150007084728222,0.9714329232853294
JAX111419119,JAX,JRS_1,JRS,1,T,T-JAX111419119,4,4,0.8979392855390872,0.9714329232853294
JAX111419119,JAX,LEL_1,LEL,1,T,T-JAX111419119,5,1,0.3795787668680825,0.9272677250197665
JAX111419119,JAX,LEL_1,LEL,1,T,T-JAX111419119,5,2,0.5482756240575741,0.9272677250197665
JAX111419119,JAX,LEL_1,LEL,1,T,T-JAX111419119,5,3,0.6916157889930892,0.9272677250197665
JAX111419119,JAX,LEL_1,LEL,1,T,T-JAX111419119,5,4,0.7931239614096662,0.9272677250197665
JAX111419119,JAX,LEL_1,LEL,1,T,T-JAX111419119,5,5,0.862974319142537,0.9272677250197665
JAX111419119,JAX,LSR_1,LSR,1,T,T-JAX111419119,5,1,0.5640769693048353,1.1104144302010286
JAX111419119,JAX,LSR_1,LSR,1,T,T-JAX111419119,5,2,0.7498182277156005,1.1104144302010286
JAX111419119,JAX,LSR_1,LSR,1,T,T-JAX111419119,5,3,0.8667061399301123,1.1104144302010286
JAX111419119,JAX,LSR_1,LSR,1,T,T-JAX111419119,5,4,0.964543002056442,1.1104144302010286
JAX111419119,JAX,LSR_1,LSR,1,T,T-JAX111419119,5,5,1.0415610840047742,1.1104144302010286
JAX111419119,JAX,MJS_1,MJS,1,T,T-JAX111419119,5,1,0.3598981466248604,0.9168336319684556
JAX111419119,JAX,MJS_1,MJS,1,T,T-JAX111419119,5,2,0.5468842076735516,0.9168336319684556
JAX111419119,JAX,MJS_1,MJS,1,T,T-JAX111419119,5,3,0.6856147161268186,0.9168336319684556
JAX111419119,JAX,MJS_1,MJS,1,T,T-JAX111419119,5,4,0.7579972039682388,0.9168336319684556
JAX111419119,JAX,MJS_1,MJS,1,T,T-JAX111419119,5,5,0.8464637546058469,0.9168336319684556
JAX111419120,JAX,CJF,CJF,,T,T-JAX111419120,4,1,0.4633220214928639,0.9790218881066598
JAX111419120,JAX,CJF,CJF,,T,T-JAX111419120,4,2,0.6636822844071384,0.9790218881066598
JAX111419120,JAX,CJF,CJF,,T,T-JAX111419120,4,3,0.8202134374499217,0.9790218881066598
JAX111419120,JAX,CJF,CJF,,T,T-JAX111419120,4,4,0.9027469312708599,0.9790218881066598
JAX111419120,JAX,CJF_2,CJF,2,T,T-JAX111419120,4,1,0.46931514018294684,0.9775473083442245
JAX111419120,JAX,CJF_2,CJF,2,T,T-JAX111419120,4,2,0.6717814717205979,0.9775473083442245
JAX111419120,JAX,CJF_2,CJF,2,T,T-JAX111419120,4,3,0.7868096353859537,0.9775473083442245
JAX111419120,JAX,CJF_2,CJF,2,T,T-JAX111419120,4,4,0.8979728713464179,0.9775473083442245
JAX111419120,JAX,JRS_1,JRS,1,T,T-JAX111419120,4,1,0.5536749049386831,1.0346689594472935
JAX111419120,JAX,JRS_1,JRS,1,T,T-JAX111419120,4,2,0.731536276861794,1.0346689594472935
JAX111419120,JAX,JRS_1,JRS,1,T,T-JAX111419120,4,3,0.8532621072035217,1.0346689594472935
JAX111419120,JAX,JRS_1,JRS,1,T,T-JAX111419120,4,4,0.9466244939515559,1.0346689594472935
JAX111419120,JAX,LEL_1,LEL,1,T,T-JAX111419120,4,1,0.35159839086265754,0.9880908304404651
JAX111419120,JAX,LEL_1,LEL,1,T,T-JAX111419120,4,2,0.5185247239328956,0.9880908304404651
JAX111419120,JAX,LEL_1,LEL,1,T,T-JAX111419120,4,3,0.7048801777229354,0.9880908304404651
JAX111419120,JAX,LEL_1,LEL,1,T,T-JAX111419120,4,4,0.8601831476698732,0.9880908304404651
JAX111419120,JAX,LSR_1,LSR,1,T,T-JAX111419120,4,1,0.600649555653605,1.0397758144092395
JAX111419120,JAX,LSR_1,LSR,1,T,T-JAX111419120,4,2,0.7909954605096253,1.0397758144092395
JAX111419120,JAX,LSR_1,LSR,1,T,T-JAX111419120,4,3,0.9406318046345149,1.0397758144092395
JAX111419120,JAX,LSR_1,LSR,1,T,T-JAX111419120,4,4,1.0167387034564497,1.0397758144092395
JAX111419120,JAX,MJS_1,MJS,1,T,T-JAX111419120,4,1,0.523334283765776,1.0139093861459976
JAX111419120,JAX,MJS_1,MJS,1,T,T-JAX111419120,4,2,0.724195414302543,1.0139093861459976
JAX111419120,JAX,MJS_1,MJS,1,T,T-JAX111419120,4,3,0.8375946811011841,1.0139093861459976
JAX111419120,JAX,MJS_1,MJS,1,T,T-JAX111419120,4,4,0.9496029703312656,1.0139093861459976
JAX111419121,JAX,CJF_2,CJF,2,T,T-JAX111419121,3,1,0.46925366876859637,0.8921188273122467
JAX111419121,JAX,CJF_2,CJF,2,T,T-JAX111419121,3,2,0.6268103409214647,0.8921188273122467
JAX111419121,JAX,CJF_2,CJF,2,T,T-JAX111419121,3,3,0.7691065390462335,0.8921188273122467
JAX111419121,JAX,LEL_1,LEL,1,T,T-JAX111419121,3,1,0.5155912782439666,0.9604950403879434
JAX111419121,JAX,LEL_1,LEL,1,T,T-JAX111419121,3,2,0.7195803945529893,0.9604950403879434
JAX111419121,JAX,LEL_1,LEL,1,T,T-JAX111419121,3,3,0.8560172547172666,0.9604950403879434
JAX111419121,JAX,LSR_1,LSR,1,T,T-JAX111419121,3,1,0.56041158841655,0.9304492053786695
JAX111419121,JAX,LSR_1,LSR,1,T,T-JAX111419121,3,2,0.693561837638441,0.9304492053786695
JAX111419121,JAX,LSR_1,LSR,1,T,T-JAX111419121,3,3,0.8196435278182763,0.9304492053786695
JAX111419121,JAX,MJS_1,MJS,1,T,T-JAX111419121,3,1,0.5028646115270202,0.9033230565776029
JAX111419121,JAX,MJS_1,MJS,1,T,T-JAX111419121,3,2,0.6684874290865819,0.9033230565776029
JAX111419121,JAX,MJS_1,MJS,1,T,T-JAX111419121,3,3,0.7889086347933182,0.9033230565776029
JAX111419122,JAX,CJF,CJF,,T,T-JAX111419122,3,1,0.3758207719792777,0.8279870066022774
JAX111419122,JAX,CJF,CJF,,T,T-JAX111419122,3,2,0.5482249375073548,0.8279870066022774
JAX111419122,JAX,CJF,CJF,,T,T-JAX111419122,3,3,0.6765157757265808,0.8279870066022774
JAX111419122,JAX,CJF_2,CJF,2,T,T-JAX111419122,3,1,0.37233138452259323,0.8240346926941816
JAX111419122,JAX,CJF_2,CJF,2,T,T-JAX111419122,3,2,0.5469036384238829,0.8240346926941816
JAX111419122,JAX,CJF_2,CJF,2,T,T-JAX111419122,3,3,0.7098824539651654,0.8240346926941816
JAX111419122,JAX,JRS_1,JRS,1,T,T-JAX111419122,3,1,0.35484556484617336,0.7715987926668838
JAX111419122,JAX,JRS_1,JRS,1,T,T-JAX111419122,3,2,0.518330124634911,0.7715987926668838
JAX111419122,JAX,JRS_1,JRS,1,T,T-JAX111419122,3,3,0.6566788383717586,0.7715987926668838
JAX111419122,JAX,LEL_1,LEL,1,T,T-JAX111419122,3,1,0.439639632110383,0.861322921088634
JAX111419122,JAX,LEL_1,LEL,1,T,T-JAX111419122,3,2,0.6077208645889867,0.861322921088634
JAX111419122,JAX,LEL_1,LEL,1,T,T-JAX111419122,3,3,0.7526579676765515,0.861322921088634
JAX111419122,JAX,LSR_1,LSR,1,T,T-JAX111419122,3,1,0.48506966981165267,0.9063615593121971
JAX111419122,JAX,LSR_1,LSR,1,T,T-JAX111419122,3,2,0.6438852514611211,0.9063615593121971
JAX111419122,JAX,LSR_1,LSR,1,T,T-JAX111419122,3,3,0.7820398695705537,0.9063615593121971
JAX111419122,JAX,MJS_1,MJS,1,T,T-JAX111419122,2,1,0.46707968037770586,0.7222402547797717
JAX111419122,JAX,MJS_1,MJS,1,T,T-JAX111419122,2,2,0.6013230879764179,0.7222402547797717
JAX111419123,JAX,CJF,CJF,,T,T-JAX111419123,4,1,0.354062716222708,0.8677922484689703
JAX111419123,JAX,CJF,CJF,,T,T-JAX111419123,4,2,0.5385208967842653,0.8677922484689703
JAX111419123,JAX,CJF,CJF,,T,T-JAX111419123,4,3,0.6644198044785345,0.8677922484689703
JAX111419123,JAX,CJF,CJF,,T,T-JAX111419123,4,4,0.7673438302154533,0.8677922484689703
JAX111419123,JAX,CJF_2,CJF,2,T,T-JAX111419123,4,1,0.37567877308168185,0.8748928623942438
JAX111419123,JAX,CJF_2,CJF,2,T,T-JAX111419123,4,2,0.5541641988460304,0.8748928623942438
JAX111419123,JAX,CJF_2,CJF,2,T,T-JAX111419123,4,3,0.6602282826305949,0.8748928623942438
JAX111419123,JAX,CJF_2,CJF,2,T,T-JAX111419123,4,4,0.7687972616190876,0.8748928623942438
JAX111419123,JAX,JRS_1,JRS,1,T,T-JAX111419123,4,1,0.38219606747906965,0.8692136393248309
JAX111419123,JAX,JRS_1,JRS,1,T,T-JAX111419123,4,2,0.5617018913712429,0.8692136393248309
JAX111419123,JAX,JRS_1,JRS,1,T,T-JAX111419123,4,3,0.681248469713445,0.8692136393248309
JAX111419123,JAX,JRS_1,JRS,1,T,T-JAX111419123,4,4,0.7871857123533581,0.8692136393248309
JAX111419123,JAX,LEL_1,LEL,1,T,T-JAX111419123,4,1,0.45647483352802504,0.9691631153557172
JAX111419123,JAX,LEL_1,LEL,1,T,T-JAX111419123,4,2,0.6392271296587493,0.9691631153557172
JAX111419123,JAX,LEL_1,LEL,1,T,T-JAX111419123,4,3,0.7543168451829433,0.9691631153557172
JAX111419123,JAX,LEL_1,LEL,1,T,T-JAX111419123,4,4,0.8824897879517508,0.9691631153557172
JAX111419123,JAX,LSR_1,LSR,1,T,T-JAX111419123,4,1,0.4423075985868279,0.8976619775262494
JAX111419123,JAX,LSR_1,LSR,1,T,T-JAX111419123,4,2,0.6110894470815409,0.8976619775262494
JAX111419123,JAX,LSR_1,LSR,1,T,T-JAX111419123,4,3,0.7256184339433877,0.8976619775262494
JAX111419123,JAX,LSR_1,LSR,1,T,T-JAX111419123,4,4,0.8413433756708887,0.8976619775262494
JAX111419123,JAX,MJS_1,MJS,1,T,T-JAX111419123,4,1,0.38977058739312886,0.8867752922475312
JAX111419123,JAX,MJS_1,MJS,1,T,T-JAX111419123,4,2,0.5676755069367436,0.8867752922475312
JAX111419123,JAX,MJS_1,MJS,1,T,T-JAX111419123,4,3,0.7038706723143592,0.8867752922475312
JAX111419123,JAX,MJS_1,MJS,1,T,T-JAX111419123,4,4,0.7934444261749238,0.8867752922475312
JAX111419124,JAX,CJF,CJF,,T,T-JAX111419124,4,1,0.38110276976493646,0.8920368480575455
JAX111419124,JAX,CJF,CJF,,T,T-JAX111419124,4,2,0.5772704976506065,0.8920368480575455
JAX111419124,JAX,CJF,CJF,,T,T-JAX111419124,4,3,0.6881859960447958,0.8920368480575455
JAX111419124,JAX,CJF,CJF,,T,T-JAX111419124,4,4,0.7896757726309256,0.8920368480575455
JAX111419124,JAX,CJF_2,CJF,2,T,T-JAX111419124,4,1,0.49699144755420327,1.0065654105631032
JAX111419124,JAX,CJF_2,CJF,2,T,T-JAX111419124,4,2,0.6919286116968985,1.0065654105631032
JAX111419124,JAX,CJF_2,CJF,2,T,T-JAX111419124,4,3,0.7899123203862387,1.0065654105631032
JAX111419124,JAX,CJF_2,CJF,2,T,T-JAX111419124,4,4,0.8806573870641892,1.0065654105631032
JAX111419124,JAX,JRS_1,JRS,1,T,T-JAX111419124,4,1,0.4604505883655264,0.955051416728475
JAX111419124,JAX,JRS_1,JRS,1,T,T-JAX111419124,4,2,0.658297076350862,0.955051416728475
JAX111419124,JAX,JRS_1,JRS,1,T,T-JAX111419124,4,3,0.7583910151432658,0.955051416728475
JAX111419124,JAX,JRS_1,JRS,1,T,T-JAX111419124,4,4,0.8573142591359336,0.955051416728475
JAX111419124,JAX,LEL_1,LEL,1,T,T-JAX111419124,4,1,0.574822220743709,1.0995357168837112
JAX111419124,JAX,LEL_1,LEL,1,T,T-JAX111419124,4,2,0.7764193315362183,1.0995357168837112
JAX111419124,JAX,LEL_1,LEL,1,T,T-JAX111419124,4,3,0.890888555824435,1.0995357168837112
JAX111419124,JAX,LEL_1,LEL,1,T,T-JAX111419124,4,4,0.9886043137289937,1.0995357168837112
JAX111419124,JAX,LSR_1,LSR,1,T,T-JAX111419124,4,1,0.5300203932063917,1.0235189982424246
JAX111419124,JAX,LSR_1,LSR,1,T,T-JAX111419124,4,2,0.7182904617169625,1.0235189982424246
JAX111419124,JAX,LSR_1,LSR,1,T,T-JAX111419124,4,3,0.8483031608944509,1.0235189982424246
JAX111419124,JAX,LSR_1,LSR,1,T,T-JAX111419124,4,4,0.9469899994366947,1.0235189982424246
JAX111419124,JAX,MJS_1,MJS,1,T,T-JAX111419124,4,1,0.5114517508867682,0.9972995353950579
JAX111419124,JAX,MJS_1,MJS,1,T,T-JAX111419124,4,2,0.682060680263838,0.9972995353950579
JAX111419124,JAX,MJS_1,MJS,1,T,T-JAX111419124,4,3,0.8030195640898129,0.9972995353950579
JAX111419124,JAX,MJS_1,MJS,1,T,T-JAX111419124,4,4,0.8756699018342862,0.9972995353950579
JAX111419125,JAX,CJF,CJF,,T,T-JAX111419125,4,1,0.4637869735160149,1.0509633697385448
JAX111419125,JAX,CJF,CJF,,T,T-JAX111419125,4,2,0.7268825661914107,1.0509633697385448
JAX111419125,JAX,CJF,CJF,,T,T-JAX111419125,4,3,0.8407600801503651,1.0509633697385448
JAX111419125,JAX,CJF,CJF,,T,T-JAX111419125,4,4,0.9487651927171896,1.0509633697385448
JAX111419125,JAX,CJF_2,CJF,2,T,T-JAX111419125,4,1,0.5005567753624894,1.0497041357454409
JAX111419125,JAX,CJF_2,CJF,2,T,T-JAX111419125,4,2,0.7391460244824426,1.0497041357454409
JAX111419125,JAX,CJF_2,CJF,2,T,T-JAX111419125,4,3,0.8788887411334287,1.0497041357454409
JAX111419125,JAX,CJF_2,CJF,2,T,T-JAX111419125,4,4,0.947295006943136,1.0497041357454409
JAX111419125,JAX,JRS_1,JRS,1,T,T-JAX111419125,4,1,0.5010896232220501,1.0786359725425974
JAX111419125,JAX,JRS_1,JRS,1,T,T-JAX111419125,4,2,0.7809275488816285,1.0786359725425974
JAX111419125,JAX,JRS_1,JRS,1,T,T-JAX111419125,4,3,0.885845795863627,1.0786359725425974
JAX111419125,JAX,JRS_1,JRS,1,T,T-JAX111419125,4,4,0.9823247847644863,1.0786359725425974
JAX111419125,JAX,LEL_1,LEL,1,T,T-JAX111419125,3,1,0.7517428937885307,1.089536023123169
JAX111419125,JAX,LEL_1,LEL,1,T,T-JAX111419125,3,2,0.8818543076958255,1.089536023123169
JAX111419125,JAX,LEL_1,LEL,1,T,T-JAX111419125,3,3,0.9919381044143666,1.089536023123169
JAX111419125,JAX,LSR_1,LSR,1,T,T-JAX111419125,4,1,0.5721869268140417,1.088788103171449
JAX111419125,JAX,LSR_1,LSR,1,T,T-JAX111419125,4,2,0.8011333219597666,1.088788103171449
JAX111419125,JAX,LSR_1,LSR,1,T,T-JAX111419125,4,3,0.9481678555352882,1.088788103171449
JAX111419125,JAX,LSR_1,LSR,1,T,T-JAX111419125,4,4,1.0211443934088686,1.088788103171449
JAX111419125,JAX,MJS_1,MJS,1,T,T-JAX111419125,3,1,0.7735242998256527,1.0706601969937055
JAX111419125,JAX,MJS_1,MJS,1,T,T-JAX111419125,3,2,0.8757770936198002,1.0706601969937055
JAX111419125,JAX,MJS_1,MJS,1,T,T-JAX111419125,3,3,0.9701709946353803,1.0706601969937055
JAX111419126,JAX,CJF,CJF,,T,T-JAX111419126,3,1,0.4577356597892356,0.8756176461834189
JAX111419126,JAX,CJF,CJF,,T,T-JAX111419126,3,2,0.6586212680911127,0.8756176461834189
JAX111419126,JAX,CJF,CJF,,T,T-JAX111419126,3,3,0.7773357861142309,0.8756176461834189
JAX111419126,JAX,CJF_2,CJF,2,T,T-JAX111419126,3,1,0.420547851766922,0.8803946392125848
JAX111419126,JAX,CJF_2,CJF,2,T,T-JAX111419126,3,2,0.5967752152441115,0.8803946392125848
JAX111419126,JAX,CJF_2,CJF,2,T,T-JAX111419126,3,3,0.7246908696522018,0.8803946392125848
JAX111419126,JAX,JRS_1,JRS,1,T,T-JAX111419126,3,1,0.4107676685169929,0.8153623780069337
JAX111419126,JAX,JRS_1,JRS,1,T,T-JAX111419126,3,2,0.590430416426582,0.8153623780069337
JAX111419126,JAX,JRS_1,JRS,1,T,T-JAX111419126,3,3,0.6993598590745332,0.8153623780069337
JAX111419126,JAX,LEL_1,LEL,1,T,T-JAX111419126,3,1,0.4142590034784319,0.8543711678573437
JAX111419126,JAX,LEL_1,LEL,1,T,T-JAX111419126,3,2,0.5944790531983641,0.8543711678573437
JAX111419126,JAX,LEL_1,LEL,1,T,T-JAX111419126,3,3,0.7436538219353361,0.8543711678573437
JAX111419126,JAX,LSR_1,LSR,1,T,T-JAX111419126,3,1,0.40800849540608103,0.7890978600349008
JAX111419126,JAX,LSR_1,LSR,1,T,T-JAX111419126,3,2,0.6114951295366107,0.7890978600349008
JAX111419126,JAX,LSR_1,LSR,1,T,T-JAX111419126,3,3,0.7399584332165047,0.7890978600349008
JAX111419126,JAX,MJS_1,MJS,1,T,T-JAX111419126,3,1,0.39314553437011057,0.757311528506128
JAX111419126,JAX,MJS_1,MJS,1,T,T-JAX111419126,3,2,0.599148900564708,0.757311528506128
JAX111419126,JAX,MJS_1,MJS,1,T,T-JAX111419126,3,3,0.7015130548114843,0.757311528506128
JAX111419127,JAX,CJF,CJF,,T,T-JAX111419127,3,1,0.35768207459785223,0.7297463176399762
JAX111419127,JAX,CJF,CJF,,T,T-JAX111419127,3,2,0.5194898354098398,0.7297463176399762
JAX111419127,JAX,CJF,CJF,,T,T-JAX111419127,3,3,0.6132059485949379,0.7297463176399762
JAX111419127,JAX,CJF_2,CJF,2,T,T-JAX111419127,3,1,0.4007433549066752,0.7760867208240402
JAX111419127,JAX,CJF_2,CJF,2,T,T-JAX111419127,3,2,0.5607013300907554,0.7760867208240402
JAX111419127,JAX,CJF_2,CJF,2,T,T-JAX111419127,3,3,0.6787031238153828,0.7760867208240402
JAX111419127,JAX,JRS_1,JRS,1,T,T-JAX111419127,3,1,0.32748085937719806,0.7117424877892304
JAX111419127,JAX,JRS_1,JRS,1,T,T-JAX111419127,3,2,0.49674481035504936,0.7117424877892304
JAX111419127,JAX,JRS_1,JRS,1,T,T-JAX111419127,3,3,0.6022906555225012,0.7117424877892304
JAX111419127,JAX,LEL_1,LEL,1,T,T-JAX111419127,3,1,0.46397316194563665,0.8355533980987537
JAX111419127,JAX,LEL_1,LEL,1,T,T-JAX111419127,3,2,0.598351961551265,0.8355533980987537
JAX111419127,JAX,LEL_1,LEL,1,T,T-JAX111419127,3,3,0.7203776508531152,0.8355533980987537
JAX111419127,JAX,LSR_1,LSR,1,T,T-JAX111419127,3,1,0.43400218690657605,0.8155720387206365
JAX111419127,JAX,LSR_1,LSR,1,T,T-JAX111419127,3,2,0.6108712063937138,0.8155720387206365
JAX111419127,JAX,LSR_1,LSR,1,T,T-JAX111419127,3,3,0.703345793129927,0.8155720387206365
JAX111419127,JAX,MJS_1,MJS,1,T,T-JAX111419127,3,1,0.3707203319765492,0.7413127171114615
JAX111419127,JAX,MJS_1,MJS,1,T,T-JAX111419127,3,2,0.5364066769502156,0.7413127171114615
JAX111419127,JAX,MJS_1,MJS,1,T,T-JAX111419127,3,3,0.637599188805331,0.7413127171114615
JAX111419128,JAX,CJF,CJF,,T,T-JAX111419128,4,1,0.4045281153340848,0.9050895746401997
JAX111419128,JAX,CJF,CJF,,T,T-JAX111419128,4,2,0.6125197326923965,0.9050895746401997
JAX111419128,JAX,CJF,CJF,,T,T-JAX111419128,4,3,0.7079615216951135,0.9050895746401997
JAX111419128,JAX,CJF,CJF,,T,T-JAX111419128,4,4,0.8205113500507086,0.9050895746401997
JAX111419128,JAX,CJF_2,CJF,2,T,T-JAX111419128,4,1,0.47238154934956267,0.9505720925909513
JAX111419128,JAX,CJF_2,CJF,2,T,T-JAX111419128,4,2,0.6801872129296712,0.9505720925909513
JAX111419128,JAX,CJF_2,CJF,2,T,T-JAX111419128,4,3,0.7538558900216109,0.9505720925909513
JAX111419128,JAX,CJF_2,CJF,2,T,T-JAX111419128,4,4,0.87373385506501,0.9505720925909513
JAX111419128,JAX,JRS_1,JRS,1,T,T-JAX111419128,3,1,0.4961248443704412,0.9573721813166851
JAX111419128,JAX,JRS_1,JRS,1,T,T-JAX111419128,3,2,0.7013081999827979,0.9573721813166851
JAX111419128,JAX,JRS_1,JRS,1,T,T-JAX111419128,3,3,0.7989736739164818,0.9573721813166851
JAX111419128,JAX,LEL_1,LEL,1,T,T-JAX111419128,3,1,0.4770619635356515,0.966623465943444
JAX111419128,JAX,LEL_1,LEL,1,T,T-JAX111419128,3,2,0.681495507328014,0.966623465943444
JAX111419128,JAX,LEL_1,LEL,1,T,T-JAX111419128,3,3,0.7998396228279232,0.966623465943444
JAX111419128,JAX,LSR_1,LSR,1,T,T-JAX111419128,4,1,0.536286489316442,0.9986404706746432
JAX111419128,JAX,LSR_1,LSR,1,T,T-JAX111419128,4,2,0.7087382786447431,0.9986404706746432
JAX111419128,JAX,LSR_1,LSR,1,T,T-JAX111419128,4,3,0.8072575600148033,0.9986404706746432
JAX111419128,JAX,LSR_1,LSR,1,T,T-JAX111419128,4,4,0.9122988767501258,0.9986404706746432
JAX111419128,JAX,MJS_1,MJS,1,T,T-JAX111419128,4,1,0.352911187732216,0.8362224942580369
JAX111419128,JAX,MJS_1,MJS,1,T,T-JAX111419128,4,2,0.5616414345010678,0.8362224942580369
JAX111419128,JAX,MJS_1,MJS,1,T,T-JAX111419128,4,3,0.6620839713175366,0.8362224942580369
JAX111419128,JAX,MJS_1,MJS,1,T,T-JAX111419128,4,4,0.7539697797148329,0.8362224942580369
JAX111419129,JAX,CJF,CJF,,T,T-JAX111419129,3,1,0.3656935520496367,0.7739098530236944
JAX111419129,JAX,CJF,CJF,,T,T-JAX111419129,3,2,0.5528801172501433,0.7739098530236944
JAX111419129,JAX,CJF,CJF,,T,T-JAX111419129,3,3,0.6874461643853258,0.7739098530236944
JAX111419129,JAX,CJF_2,CJF,2,T,T-JAX111419129,3,1,0.3997769729829196,0.7934866863424898
JAX111419129,JAX,CJF_2,CJF,2,T,T-JAX111419129,3,2,0.5997587782558041,0.7934866863424898
JAX111419129,JAX,CJF_2,CJF,2,T,T-JAX111419129,3,3,0.7153514696329106,0.7934866863424898
JAX111419129,JAX,JRS_1,JRS,1,T,T-JAX111419129,3,1,0.4783499337146219,0.8379040774724855
JAX111419129,JAX,JRS_1,JRS,1,T,T-JAX111419129,3,2,0.6486316161439888,0.8379040774724855
JAX111419129,JAX,JRS_1,JRS,1,T,T-JAX111419129,3,3,0.7297635121338876,0.8379040774724855
JAX111419129,JAX,LEL_1,LEL,1,T,T-JAX111419129,3,1,0.42670717130256247,0.8772289985115485
JAX111419129,JAX,LEL_1,LEL,1,T,T-JAX111419129,3,2,0.6034216386589343,0.8772289985115485
JAX111419129,JAX,LEL_1,LEL,1,T,T-JAX111419129,3,3,0.7270720789478008,0.8772289985115485
JAX111419129,JAX,LSR_1,LSR,1,T,T-JAX111419129,4,1,0.5185745750042334,0.9881538237297133
JAX111419129,JAX,LSR_1,LSR,1,T,T-JAX111419129,4,2,0.716560182256746,0.9881538237297133
JAX111419129,JAX,LSR_1,LSR,1,T,T-JAX111419129,4,3,0.806171292468241,0.9881538237297133
JAX111419129,JAX,LSR_1,LSR,1,T,T-JAX111419129,4,4,0.9149073588879911,0.9881538237297133
JAX111419129,JAX,MJS_1,MJS,1,T,T-JAX111419129,3,1,0.39192770295663787,0.8564644174875552
JAX111419129,JAX,MJS_1,MJS,1,T,T-JAX111419129,3,2,0.581032427018009,0.8564644174875552
JAX111419129,JAX,MJS_1,MJS,1,T,T-JAX111419129,3,3,0.6539806169543629,0.8564644174875552
JAX111419130,JAX,CJF,CJF,,T,T-JAX111419130,5,1,0.4134128404558862,1.030899784840726
JAX111419130,JAX,CJF,CJF,,T,T-JAX111419130,5,2,0.6227515769828194,1.030899784840726
JAX111419130,JAX,CJF,CJF,,T,T-JAX111419130,5,3,0.7609754140565547,1.030899784840726
JAX111419130,JAX,CJF,CJF,,T,T-JAX111419130,5,4,0.8491065743750718,1.030899784840726
JAX111419130,JAX,CJF,CJF,,T,T-JAX111419130,5,5,0.9299882750262497,1.030899784840726
JAX111419130,JAX,CJF_2,CJF,2,T,T-JAX111419130,5,1,0.43495918189433097,1.0010499594116382
JAX111419130,JAX,CJF_2,CJF,2,T,T-JAX111419130,5,2,0.6191617879095547,1.0010499594116382
JAX111419130,JAX,CJF_2,CJF,2,T,T-JAX111419130,5,3,0.7472334727501457,1.0010499594116382
JAX111419130,JAX,CJF_2,CJF,2,T,T-JAX111419130,5,4,0.8194079290260358,1.0010499594116382
JAX111419130,JAX,CJF_2,CJF,2,T,T-JAX111419130,5,5,0.9165719601404066,1.0010499594116382
JAX111419130,JAX,JRS_1,JRS,1,T,T-JAX111419130,5,1,0.4213822408479129,0.971226377086195
JAX111419130,JAX,JRS_1,JRS,1,T,T-JAX111419130,5,2,0.6214573548189444,0.971226377086195
JAX111419130,JAX,JRS_1,JRS,1,T,T-JAX111419130,5,3,0.7238032021411887,0.971226377086195
JAX111419130,JAX,JRS_1,JRS,1,T,T-JAX111419130,5,4,0.8031998733405521,0.971226377086195
JAX111419130,JAX,JRS_1,JRS,1,T,T-JAX111419130,5,5,0.8895214155501022,0.971226377086195
JAX111419130,JAX,LEL_1,LEL,1,T,T-JAX111419130,5,1,0.4149657871475446,1.0273593814625663
JAX111419130,JAX,LEL_1,LEL,1,T,T-JAX111419130,5,2,0.6289422283899565,1.0273593814625663
JAX111419130,JAX,LEL_1,LEL,1,T,T-JAX111419130,5,3,0.7761045860429754,1.0273593814625663
JAX111419130,JAX,LEL_1,LEL,1,T,T-JAX111419130,5,4,0.8461396289962847,1.0273593814625663
JAX111419130,JAX,LEL_1,LEL,1,T,T-JAX111419130,5,5,0.9266944188231298,1.0273593814625663
JAX111419130,JAX,LSR_1,LSR,1,T,T-JAX111419130,5,1,0.5431575595324291,1.1561726747213374
JAX111419130,JAX,LSR_1,LSR,1,T,T-JAX111419130,5,2,0.7193414886046787,1.1561726747213374
JAX111419130,JAX,LSR_1,LSR,1,T,T-JAX111419130,5,3,0.8378897533516666,1.1561726747213374
JAX111419130,JAX,LSR_1,LSR,1,T,T-JAX111419130,5,4,0.9495324454382247,1.1561726747213374
JAX111419130,JAX,LSR_1,LSR,1,T,T-JAX111419130,5,5,1.0323573053621522,1.1561726747213374
JAX111419130,JAX,MJS_1,MJS,1,T,T-JAX111419130,5,1,0.3904092621242345,1.000499490514501
JAX111419130,JAX,MJS_1,MJS,1,T,T-JAX111419130,5,2,0.5950898959021695,1.000499490514501
JAX111419130,JAX,MJS_1,MJS,1,T,T-JAX111419130,5,3,0.7009787060916468,1.000499490514501
JAX111419130,JAX,MJS_1,MJS,1,T,T-JAX111419130,5,4,0.7800121649624125,1.000499490514501
JAX111419130,JAX,MJS_1,MJS,1,T,T-JAX111419130,5,5,0.8669489697202555,1.000499490514501
JAX111419131,JAX,CJF,CJF,,T,T-JAX111419131,1,1,0.44054792416739175,0.6227386514730038
JAX111419131,JAX,CJF_2,CJF,2,T,T-JAX111419131,1,1,0.437120110591961,0.6298247447159433
JAX111419131,JAX,JRS_1,JRS,1,T,T-JAX111419131,1,1,0.4360303337754757,0.5812523034848139
JAX111419131,JAX,LEL_1,LEL,1,T,T-JAX111419131,1,1,0.44756248539802784,0.6156008172531787
JAX111419131,JAX,LSR_1,LSR,1,T,T-JAX111419131,1,1,0.4570391719766966,0.6471774230870926
JAX111419131,JAX,MJS_1,MJS,1,T,T-JAX111419131,1,1,0.34923379742161176,0.4928820930417357
JAX111419132,JAX,CJF,CJF,,T,T-JAX111419132,0,NA,NA,0.40619907095583857
JAX111419132,JAX,CJF_2,CJF,2,T,T-JAX111419132,0,NA,NA,0.4533092619584108
JAX111419132,JAX,JRS_1,JRS,1,T,T-JAX111419132,0,NA,NA,0.2692563330340089
JAX111419132,JAX,LEL_1,LEL,1,T,T-JAX111419132,1,1,0.22030299627169708,0.44480471844549435
JAX111419132,JAX,LSR_1,LSR,1,T,T-JAX111419132,1,1,0.4574124932867085,0.516536011745697
JAX111419132,JAX,MJS_1,MJS,1,T,T-JAX111419132,0,NA,NA,0.4649993232190591
JUM092518A001,JUM,JRS_1,JRS,1,T,T-JUM092518A001,4,1,0.609129336714015,1.2696460481916891
JUM092518A001,JUM,JRS_1,JRS,1,T,T-JUM092518A001,4,2,0.8425035964468893,1.2696460481916891
JUM092518A001,JUM,JRS_1,JRS,1,T,T-JUM092518A001,4,3,0.9927127151892681,1.2696460481916891
JUM092518A001,JUM,JRS_1,JRS,1,T,T-JUM092518A001,4,4,1.1272652309434228,1.2696460481916891
JUM092518A001,JUM,LEL_1,LEL,1,T,T-JUM092518A001,4,1,0.45093808580097416,0.9454831241941473
JUM092518A001,JUM,LEL_1,LEL,1,T,T-JUM092518A001,4,2,0.5832150358523867,0.9454831241941473
JUM092518A001,JUM,LEL_1,LEL,1,T,T-JUM092518A001,4,3,0.6839952272063697,0.9454831241941473
JUM092518A001,JUM,LEL_1,LEL,1,T,T-JUM092518A001,4,4,0.8274471883614956,0.9454831241941473
JUM092518A001,JUM,LSR_1,LSR,1,T,T-JUM092518A001,4,1,0.44189759655784483,0.7865915897582506
JUM092518A001,JUM,LSR_1,LSR,1,T,T-JUM092518A001,4,2,0.565522945557107,0.7865915897582506
JUM092518A001,JUM,LSR_1,LSR,1,T,T-JUM092518A001,4,3,0.6329362768155499,0.7865915897582506
JUM092518A001,JUM,LSR_1,LSR,1,T,T-JUM092518A001,4,4,0.7228549601855722,0.7865915897582506
JUM092518A001,JUM,MJS_1,MJS,1,T,T-JUM092518A001,4,1,0.6108094458228499,1.2828710481549763
JUM092518A001,JUM,MJS_1,MJS,1,T,T-JUM092518A001,4,2,0.8507112630661848,1.2828710481549763
JUM092518A001,JUM,MJS_1,MJS,1,T,T-JUM092518A001,4,3,1.0021364298398552,1.2828710481549763
JUM092518A001,JUM,MJS_1,MJS,1,T,T-JUM092518A001,4,4,1.1314439114469077,1.2828710481549763
JUM092518A002,JUM,JRS_1,JRS,1,T,T-JUM092518A002,3,1,0.46212966442028647,0.8483558463964186
JUM092518A002,JUM,JRS_1,JRS,1,T,T-JUM092518A002,3,2,0.6294455503352805,0.8483558463964186
JUM092518A002,JUM,JRS_1,JRS,1,T,T-JUM092518A002,3,3,0.7481432916542552,0.8483558463964186
JUM092518A002,JUM,LEL_1,LEL,1,T,T-JUM092518A002,3,1,0.586140800262353,0.9113854842850317
JUM092518A002,JUM,LEL_1,LEL,1,T,T-JUM092518A002,3,2,0.7446115704733056,0.9113854842850317
JUM092518A002,JUM,LEL_1,LEL,1,T,T-JUM092518A002,3,3,0.8506048474511381,0.9113854842850317
JUM092518A002,JUM,LSR_1,LSR,1,T,T-JUM092518A002,3,1,0.46326521038077545,0.7744003010195731
JUM092518A002,JUM,LSR_1,LSR,1,T,T-JUM092518A002,3,2,0.5946205395263474,0.7744003010195731
JUM092518A002,JUM,LSR_1,LSR,1,T,T-JUM092518A002,3,3,0.689708625036018,0.7744003010195731
JUM092518A002,JUM,MJS_1,MJS,1,T,T-JUM092518A002,3,1,0.4636668942556156,0.8693249762487111
JUM092518A002,JUM,MJS_1,MJS,1,T,T-JUM092518A002,3,2,0.6577392171426827,0.8693249762487111
JUM092518A002,JUM,MJS_1,MJS,1,T,T-JUM092518A002,3,3,0.7683912241936544,0.8693249762487111
JUM092518A004,JUM,JRS_1,JRS,1,T,T-JUM092518A004,4,1,0.4288744357002706,1.0116150019637011
JUM092518A004,JUM,JRS_1,JRS,1,T,T-JUM092518A004,4,2,0.6859372922332199,1.0116150019637011
JUM092518A004,JUM,JRS_1,JRS,1,T,T-JUM092518A004,4,3,0.8392545304493996,1.0116150019637011
JUM092518A004,JUM,JRS_1,JRS,1,T,T-JUM092518A004,4,4,0.9424512564191887,1.0116150019637011
JUM092518A004,JUM,LEL_1,LEL,1,T,T-JUM092518A004,4,1,0.5183499698952406,1.0946106596993588
JUM092518A004,JUM,LEL_1,LEL,1,T,T-JUM092518A004,4,2,0.7175865319062773,1.0946106596993588
JUM092518A004,JUM,LEL_1,LEL,1,T,T-JUM092518A004,4,3,0.8761671623586128,1.0946106596993588
JUM092518A004,JUM,LEL_1,LEL,1,T,T-JUM092518A004,4,4,1.0072912435470096,1.0946106596993588
JUM092518A004,JUM,LSR_1,LSR,1,T,T-JUM092518A004,4,1,0.5281074234782226,1.1168383123635075
JUM092518A004,JUM,LSR_1,LSR,1,T,T-JUM092518A004,4,2,0.762098144257801,1.1168383123635075
JUM092518A004,JUM,LSR_1,LSR,1,T,T-JUM092518A004,4,3,0.8882299802444402,1.1168383123635075
JUM092518A004,JUM,LSR_1,LSR,1,T,T-JUM092518A004,4,4,1.0005515470444408,1.1168383123635075
JUM092518A004,JUM,MJS_1,MJS,1,T,T-JUM092518A004,4,1,0.5321168598741565,1.1105732920914313
JUM092518A004,JUM,MJS_1,MJS,1,T,T-JUM092518A004,4,2,0.7308153170022625,1.1105732920914313
JUM092518A004,JUM,MJS_1,MJS,1,T,T-JUM092518A004,4,3,0.8748507442896604,1.1105732920914313
JUM092518A004,JUM,MJS_1,MJS,1,T,T-JUM092518A004,4,4,0.9955691727040644,1.1105732920914313
JUM092518A005,JUM,LEL_1,LEL,1,T,T-JUM092518A005,2,1,0.4231139324446065,0.6868610966626587
JUM092518A005,JUM,LEL_1,LEL,1,T,T-JUM092518A005,2,2,0.5592169579246753,0.6868610966626587
JUM092518A005,JUM,LSR_1,LSR,1,T,T-JUM092518A005,3,1,0.20628648199600413,0.4427695007326168
JUM092518A005,JUM,LSR_1,LSR,1,T,T-JUM092518A005,3,2,0.30524517940194773,0.4427695007326168
JUM092518A005,JUM,LSR_1,LSR,1,T,T-JUM092518A005,3,3,0.37705169150627427,0.4427695007326168
JUM092518A005,JUM,MJS_1,MJS,1,T,T-JUM092518A005,1,1,0.5925967298389835,0.7353735308763596
JUM092518A006,JUM,JRS_1,JRS,1,T,T-JUM092518A006,2,1,0.4888222150346232,0.7297883837532856
JUM092518A006,JUM,JRS_1,JRS,1,T,T-JUM092518A006,2,2,0.6109839737119976,0.7297883837532856
JUM092518A006,JUM,LEL_1,LEL,1,T,T-JUM092518A006,2,1,0.6049172953220725,0.8263755784395582
JUM092518A006,JUM,LEL_1,LEL,1,T,T-JUM092518A006,2,2,0.7365778154147173,0.8263755784395582
JUM092518A006,JUM,LSR_1,LSR,1,T,T-JUM092518A006,3,1,0.3372690564614353,0.596756230100242
JUM092518A006,JUM,LSR_1,LSR,1,T,T-JUM092518A006,3,2,0.4431727613064375,0.596756230100242
JUM092518A006,JUM,LSR_1,LSR,1,T,T-JUM092518A006,3,3,0.5495665193276615,0.596756230100242
JUM092518A006,JUM,MJS_1,MJS,1,T,T-JUM092518A006,2,1,0.5265755154727076,0.7754834080958433
JUM092518A006,JUM,MJS_1,MJS,1,T,T-JUM092518A006,2,2,0.649636525037246,0.7754834080958433
JUM092518A007,JUM,JRS_1,JRS,1,T,T-JUM092518A007,3,1,0.5486566836485592,1.105041881580639
JUM092518A007,JUM,JRS_1,JRS,1,T,T-JUM092518A007,3,2,0.7493448105923968,1.105041881580639
JUM092518A007,JUM,JRS_1,JRS,1,T,T-JUM092518A007,3,3,0.9132128300960125,1.105041881580639
JUM092518A007,JUM,LEL_1,LEL,1,T,T-JUM092518A007,3,1,0.7378449346061945,1.174301265163559
JUM092518A007,JUM,LEL_1,LEL,1,T,T-JUM092518A007,3,2,0.8811106713644096,1.174301265163559
JUM092518A007,JUM,LEL_1,LEL,1,T,T-JUM092518A007,3,3,1.019155465723894,1.174301265163559
JUM092518A007,JUM,LSR_1,LSR,1,T,T-JUM092518A007,3,1,0.43479164602124876,0.6837323858759768
JUM092518A007,JUM,LSR_1,LSR,1,T,T-JUM092518A007,3,2,0.5448569954858027,0.6837323858759768
JUM092518A007,JUM,LSR_1,LSR,1,T,T-JUM092518A007,3,3,0.6183232701588567,0.6837323858759768
JUM092518A007,JUM,MJS_1,MJS,1,T,T-JUM092518A007,3,1,0.6338476288696431,1.2058112939484449
JUM092518A007,JUM,MJS_1,MJS,1,T,T-JUM092518A007,3,2,0.856465708979883,1.2058112939484449
JUM092518A007,JUM,MJS_1,MJS,1,T,T-JUM092518A007,3,3,1.0419457583087444,1.2058112939484449
JUM092518A008,JUM,JRS_1,JRS,1,T,T-JUM092518A008,1,1,0.4253970317868926,0.5973697376898506
JUM092518A008,JUM,LEL_1,LEL,1,T,T-JUM092518A008,1,1,0.5830958897788003,0.8040508768829134
JUM092518A008,JUM,LSR_1,LSR,1,T,T-JUM092518A008,2,1,0.42253169084888254,0.6747187474022542
JUM092518A008,JUM,LSR_1,LSR,1,T,T-JUM092518A008,2,2,0.549369385895977,0.6747187474022542
JUM092518A008,JUM,MJS_1,MJS,1,T,T-JUM092518A008,2,1,0.6962743051714707,0.9649589014745699
JUM092518A008,JUM,MJS_1,MJS,1,T,T-JUM092518A008,2,2,0.8335051932425027,0.9649589014745699
JUM092518A009,JUM,JRS_1,JRS,1,T,T-JUM092518A009,3,1,0.42293234751831194,0.7885041469013755
JUM092518A009,JUM,JRS_1,JRS,1,T,T-JUM092518A009,3,2,0.5880991803150919,0.7885041469013755
JUM092518A009,JUM,JRS_1,JRS,1,T,T-JUM092518A009,3,3,0.7154849741946531,0.7885041469013755
JUM092518A009,JUM,LEL_1,LEL,1,T,T-JUM092518A009,3,1,0.49613058336120835,0.9213301220303663
JUM092518A009,JUM,LEL_1,LEL,1,T,T-JUM092518A009,3,2,0.6944376007558961,0.9213301220303663
JUM092518A009,JUM,LEL_1,LEL,1,T,T-JUM092518A009,3,3,0.7768157767667435,0.9213301220303663
JUM092518A009,JUM,LSR_1,LSR,1,T,T-JUM092518A009,3,1,0.5636388699229361,1.0166933218541192
JUM092518A009,JUM,LSR_1,LSR,1,T,T-JUM092518A009,3,2,0.7455976474618533,1.0166933218541192
JUM092518A009,JUM,LSR_1,LSR,1,T,T-JUM092518A009,3,3,0.8923695219208909,1.0166933218541192
JUM092518A009,JUM,MJS_1,MJS,1,T,T-JUM092518A009,3,1,0.5341266822540142,0.9519221999237266
JUM092518A009,JUM,MJS_1,MJS,1,T,T-JUM092518A009,3,2,0.7115289292151311,0.9519221999237266
JUM092518A009,JUM,MJS_1,MJS,1,T,T-JUM092518A009,3,3,0.8182092108887777,0.9519221999237266
JUM092518A010,JUM,JRS_1,JRS,1,T,T-JUM092518A010,3,1,0.5255396548078238,1.0317296181473323
JUM092518A010,JUM,JRS_1,JRS,1,T,T-JUM092518A010,3,2,0.740583335047377,1.0317296181473323
JUM092518A010,JUM,JRS_1,JRS,1,T,T-JUM092518A010,3,3,0.8917131921552748,1.0317296181473323
JUM092518A010,JUM,LEL_1,LEL,1,T,T-JUM092518A010,4,1,0.4712783331543586,0.9380437965788991
JUM092518A010,JUM,LEL_1,LEL,1,T,T-JUM092518A010,4,2,0.5589848048112623,0.9380437965788991
JUM092518A010,JUM,LEL_1,LEL,1,T,T-JUM092518A010,4,3,0.6362197888177412,0.9380437965788991
JUM092518A010,JUM,LEL_1,LEL,1,T,T-JUM092518A010,4,4,0.816376921571893,0.9380437965788991
JUM092518A010,JUM,LSR_1,LSR,1,T,T-JUM092518A010,3,1,0.3826307671217096,0.6123493573473833
JUM092518A010,JUM,LSR_1,LSR,1,T,T-JUM092518A010,3,2,0.49249005499568643,0.6123493573473833
JUM092518A010,JUM,LSR_1,LSR,1,T,T-JUM092518A010,3,3,0.5525457489860807,0.6123493573473833
JUM092518A010,JUM,MJS_1,MJS,1,T,T-JUM092518A010,3,1,0.577420439383721,1.1037660874537767
JUM092518A010,JUM,MJS_1,MJS,1,T,T-JUM092518A010,3,2,0.8020235909000575,1.1037660874537767
JUM092518A010,JUM,MJS_1,MJS,1,T,T-JUM092518A010,3,3,0.9580585841185858,1.1037660874537767
JUM092518A011,JUM,JRS_1,JRS,1,T,T-JUM092518A011,4,1,0.5908149342873594,1.1787620750985526
JUM092518A011,JUM,JRS_1,JRS,1,T,T-JUM092518A011,4,2,0.8012566752797304,1.1787620750985526
JUM092518A011,JUM,JRS_1,JRS,1,T,T-JUM092518A011,4,3,0.9500362179535471,1.1787620750985526
JUM092518A011,JUM,JRS_1,JRS,1,T,T-JUM092518A011,4,4,1.0615313530498829,1.1787620750985526
JUM092518A011,JUM,LEL_1,LEL,1,T,T-JUM092518A011,4,1,0.6876190874850103,1.3014427995320021
JUM092518A011,JUM,LEL_1,LEL,1,T,T-JUM092518A011,4,2,0.8663187690852986,1.3014427995320021
JUM092518A011,JUM,LEL_1,LEL,1,T,T-JUM092518A011,4,3,1.045890936855594,1.3014427995320021
JUM092518A011,JUM,LEL_1,LEL,1,T,T-JUM092518A011,4,4,1.194048493337828,1.3014427995320021
JUM092518A011,JUM,LSR_1,LSR,1,T,T-JUM092518A011,4,1,0.5824289060922894,1.1746534305741037
JUM092518A011,JUM,LSR_1,LSR,1,T,T-JUM092518A011,4,2,0.7767540072441631,1.1746534305741037
JUM092518A011,JUM,LSR_1,LSR,1,T,T-JUM092518A011,4,3,0.9103151191101579,1.1746534305741037
JUM092518A011,JUM,LSR_1,LSR,1,T,T-JUM092518A011,4,4,1.0606835554871594,1.1746534305741037
JUM092518A011,JUM,MJS_1,MJS,1,T,T-JUM092518A011,4,1,0.6494744927799424,1.2341240071903157
JUM092518A011,JUM,MJS_1,MJS,1,T,T-JUM092518A011,4,2,0.8389241799222372,1.2341240071903157
JUM092518A011,JUM,MJS_1,MJS,1,T,T-JUM092518A011,4,3,0.9932838892121232,1.2341240071903157
JUM092518A011,JUM,MJS_1,MJS,1,T,T-JUM092518A011,4,4,1.1041914252778888,1.2341240071903157
JUM092518A012,JUM,JRS_1,JRS,1,T,T-JUM092518A012,2,1,0.4351147588055582,0.6341707310620728
JUM092518A012,JUM,JRS_1,JRS,1,T,T-JUM092518A012,2,2,0.5319789685762307,0.6341707310620728
JUM092518A012,JUM,LEL_1,LEL,1,T,T-JUM092518A012,3,1,0.4579307067942864,0.8176757491428372
JUM092518A012,JUM,LEL_1,LEL,1,T,T-JUM092518A012,3,2,0.6355193102781507,0.8176757491428372
JUM092518A012,JUM,LEL_1,LEL,1,T,T-JUM092518A012,3,3,0.7333672419021201,0.8176757491428372
JUM092518A012,JUM,LSR_1,LSR,1,T,T-JUM092518A012,3,1,0.11772641009577876,0.5384345917557547
JUM092518A012,JUM,LSR_1,LSR,1,T,T-JUM092518A012,3,2,0.3094661963593583,0.5384345917557547
JUM092518A012,JUM,LSR_1,LSR,1,T,T-JUM092518A012,3,3,0.43889488225408285,0.5384345917557547
JUM092518A012,JUM,MJS_1,MJS,1,T,T-JUM092518A012,3,1,0.3510382075707132,0.72383541001204
JUM092518A012,JUM,MJS_1,MJS,1,T,T-JUM092518A012,3,2,0.4959612994526939,0.72383541001204
JUM092518A012,JUM,MJS_1,MJS,1,T,T-JUM092518A012,3,3,0.6058324726476605,0.72383541001204
JUM092518A013,JUM,JRS_1,JRS,1,T,T-JUM092518A013,4,1,0.4170155506051654,1.0143640139391752
JUM092518A013,JUM,JRS_1,JRS,1,T,T-JUM092518A013,4,2,0.6163122556785926,1.0143640139391752
JUM092518A013,JUM,JRS_1,JRS,1,T,T-JUM092518A013,4,3,0.7796131323883742,1.0143640139391752
JUM092518A013,JUM,JRS_1,JRS,1,T,T-JUM092518A013,4,4,0.8952806725374771,1.0143640139391752
JUM092518A013,JUM,LEL_1,LEL,1,T,T-JUM092518A013,3,1,0.6392111501775659,1.016699834811266
JUM092518A013,JUM,LEL_1,LEL,1,T,T-JUM092518A013,3,2,0.7784314756861332,1.016699834811266
JUM092518A013,JUM,LEL_1,LEL,1,T,T-JUM092518A013,3,3,0.8924193404556022,1.016699834811266
JUM092518A013,JUM,LSR_1,LSR,1,T,T-JUM092518A013,4,1,0.4643504543483048,1.0935051749759894
JUM092518A013,JUM,LSR_1,LSR,1,T,T-JUM092518A013,4,2,0.6758681297615209,1.0935051749759894
JUM092518A013,JUM,LSR_1,LSR,1,T,T-JUM092518A013,4,3,0.8209986008265955,1.0935051749759894
JUM092518A013,JUM,LSR_1,LSR,1,T,T-JUM092518A013,4,4,0.9572518879012922,1.0935051749759894
JUM092518A013,JUM,MJS_1,MJS,1,T,T-JUM092518A013,4,1,0.3676602461518716,0.9792172399842208
JUM092518A013,JUM,MJS_1,MJS,1,T,T-JUM092518A013,4,2,0.5760795689597381,0.9792172399842208
JUM092518A013,JUM,MJS_1,MJS,1,T,T-JUM092518A013,4,3,0.7144509736763993,0.9792172399842208
JUM092518A013,JUM,MJS_1,MJS,1,T,T-JUM092518A013,4,4,0.8522782194006502,0.9792172399842208
JUM092518A014,JUM,JRS_1,JRS,1,T,T-JUM092518A014,10,1,0.44404447641290845,1.5698984354306857
JUM092518A014,JUM,JRS_1,JRS,1,T,T-JUM092518A014,10,2,0.6392024408139225,1.5698984354306857
JUM092518A014,JUM,JRS_1,JRS,1,T,T-JUM092518A014,10,3,0.7918316543193555,1.5698984354306857
JUM092518A014,JUM,JRS_1,JRS,1,T,T-JUM092518A014,10,4,0.9174791576763,1.5698984354306857
JUM092518A014,JUM,JRS_1,JRS,1,T,T-JUM092518A014,10,5,1.0323183187947755,1.5698984354306857
JUM092518A014,JUM,JRS_1,JRS,1,T,T-JUM092518A014,10,6,1.1314538573754267,1.5698984354306857
JUM092518A014,JUM,JRS_1,JRS,1,T,T-JUM092518A014,10,7,1.241084574613083,1.5698984354306857
JUM092518A014,JUM,JRS_1,JRS,1,T,T-JUM092518A014,10,8,1.3319768474479925,1.5698984354306857
JUM092518A014,JUM,JRS_1,JRS,1,T,T-JUM092518A014,10,9,1.4175040946113504,1.5698984354306857
JUM092518A014,JUM,JRS_1,JRS,1,T,T-JUM092518A014,10,10,1.4923795813269716,1.5698984354306857
JUM092518A014,JUM,LEL_1,LEL,1,T,T-JUM092518A014,10,1,0.7461777701183127,1.8830468981236859
JUM092518A014,JUM,LEL_1,LEL,1,T,T-JUM092518A014,10,2,0.9055521415442029,1.8830468981236859
JUM092518A014,JUM,LEL_1,LEL,1,T,T-JUM092518A014,10,3,1.0701167123030169,1.8830468981236859
JUM092518A014,JUM,LEL_1,LEL,1,T,T-JUM092518A014,10,4,1.2048522908518695,1.8830468981236859
JUM092518A014,JUM,LEL_1,LEL,1,T,T-JUM092518A014,10,5,1.3108038702219778,1.8830468981236859
JUM092518A014,JUM,LEL_1,LEL,1,T,T-JUM092518A014,10,6,1.4167554495920864,1.8830468981236859
JUM092518A014,JUM,LEL_1,LEL,1,T,T-JUM092518A014,10,7,1.5006807186631999,1.8830468981236859
JUM092518A014,JUM,LEL_1,LEL,1,T,T-JUM092518A014,10,8,1.5807975238352916,1.8830468981236859
JUM092518A014,JUM,LEL_1,LEL,1,T,T-JUM092518A014,10,9,1.6891758316705194,1.8830468981236859
JUM092518A014,JUM,LEL_1,LEL,1,T,T-JUM092518A014,10,10,1.752642279989463,1.8830468981236859
JUM092518A014,JUM,LSR_1,LSR,1,T,T-JUM092518A014,11,1,0.3956548399861372,1.5467829250847696
JUM092518A014,JUM,LSR_1,LSR,1,T,T-JUM092518A014,11,2,0.4596106076088873,1.5467829250847696
JUM092518A014,JUM,LSR_1,LSR,1,T,T-JUM092518A014,11,3,0.5966024229467105,1.5467829250847696
JUM092518A014,JUM,LSR_1,LSR,1,T,T-JUM092518A014,11,4,0.778510953236639,1.5467829250847696
JUM092518A014,JUM,LSR_1,LSR,1,T,T-JUM092518A014,11,5,0.8964637159038178,1.5467829250847696
JUM092518A014,JUM,LSR_1,LSR,1,T,T-JUM092518A014,11,6,1.001337543025172,1.5467829250847696
JUM092518A014,JUM,LSR_1,LSR,1,T,T-JUM092518A014,11,7,1.0951317623274521,1.5467829250847696
JUM092518A014,JUM,LSR_1,LSR,1,T,T-JUM092518A014,11,8,1.2076848254901884,1.5467829250847696
JUM092518A014,JUM,LSR_1,LSR,1,T,T-JUM092518A014,11,9,1.288119900436455,1.5467829250847696
JUM092518A014,JUM,LSR_1,LSR,1,T,T-JUM092518A014,11,10,1.372833839646411,1.5467829250847696
JUM092518A014,JUM,LSR_1,LSR,1,T,T-JUM092518A014,11,11,1.4637881047913754,1.5467829250847696
JUM092518A014,JUM,MJS_1,MJS,1,T,T-JUM092518A014,10,1,0.5214854206145283,1.6785890095984923
JUM092518A014,JUM,MJS_1,MJS,1,T,T-JUM092518A014,10,2,0.7150726106161935,1.6785890095984923
JUM092518A014,JUM,MJS_1,MJS,1,T,T-JUM092518A014,10,3,0.8734703470499232,1.6785890095984923
JUM092518A014,JUM,MJS_1,MJS,1,T,T-JUM092518A014,10,4,1.0046588477556277,1.6785890095984923
JUM092518A014,JUM,MJS_1,MJS,1,T,T-JUM092518A014,10,5,1.1244525061103343,1.6785890095984923
JUM092518A014,JUM,MJS_1,MJS,1,T,T-JUM092518A014,10,6,1.2336545547794244,1.6785890095984923
JUM092518A014,JUM,MJS_1,MJS,1,T,T-JUM092518A014,10,7,1.334730343305806,1.6785890095984923
JUM092518A014,JUM,MJS_1,MJS,1,T,T-JUM092518A014,10,8,1.424703374086783,1.6785890095984923
JUM092518A014,JUM,MJS_1,MJS,1,T,T-JUM092518A014,10,9,1.5121380341734534,1.6785890095984923
JUM092518A014,JUM,MJS_1,MJS,1,T,T-JUM092518A014,10,10,1.5830280893691138,1.6785890095984923
JUM092518A015,JUM,JRS_1,JRS,1,T,T-JUM092518A015,4,1,0.34936319367193125,0.7786137370784939
JUM092518A015,JUM,JRS_1,JRS,1,T,T-JUM092518A015,4,2,0.46977006394219767,0.7786137370784939
JUM092518A015,JUM,JRS_1,JRS,1,T,T-JUM092518A015,4,3,0.5854566676084154,0.7786137370784939
JUM092518A015,JUM,JRS_1,JRS,1,T,T-JUM092518A015,4,4,0.6641355753776612,0.7786137370784939
JUM092518A015,JUM,LEL_1,LEL,1,T,T-JUM092518A015,4,1,0.6192887565962678,1.0799821774705325
JUM092518A015,JUM,LEL_1,LEL,1,T,T-JUM092518A015,4,2,0.7643955067939501,1.0799821774705325
JUM092518A015,JUM,LEL_1,LEL,1,T,T-JUM092518A015,4,3,0.8847236376211515,1.0799821774705325
JUM092518A015,JUM,LEL_1,LEL,1,T,T-JUM092518A015,4,4,0.9949502515638597,1.0799821774705325
JUM092518A015,JUM,LSR_1,LSR,1,T,T-JUM092518A015,4,1,0.44547505352986594,0.9315788150466097
JUM092518A015,JUM,LSR_1,LSR,1,T,T-JUM092518A015,4,2,0.6002243274614409,0.9315788150466097
JUM092518A015,JUM,LSR_1,LSR,1,T,T-JUM092518A015,4,3,0.7405230361054858,0.9315788150466097
JUM092518A015,JUM,LSR_1,LSR,1,T,T-JUM092518A015,4,4,0.8414320682828197,0.9315788150466097
JUM092518A015,JUM,MJS_1,MJS,1,T,T-JUM092518A015,4,1,0.3939781281649752,0.7734676495960663
JUM092518A015,JUM,MJS_1,MJS,1,T,T-JUM092518A015,4,2,0.5014122993907841,0.7734676495960663
JUM092518A015,JUM,MJS_1,MJS,1,T,T-JUM092518A015,4,3,0.599946456684785,0.7734676495960663
JUM092518A015,JUM,MJS_1,MJS,1,T,T-JUM092518A015,4,4,0.6974212786481279,0.7734676495960663
JUM092518A017,JUM,JRS_1,JRS,1,T,T-JUM092518A017,3,1,0.5550279553223368,1.0377086901314097
JUM092518A017,JUM,JRS_1,JRS,1,T,T-JUM092518A017,3,2,0.7683945088255674,1.0377086901314097
JUM092518A017,JUM,JRS_1,JRS,1,T,T-JUM092518A017,3,3,0.9229019826394509,1.0377086901314097
JUM092518A017,JUM,LEL_1,LEL,1,T,T-JUM092518A017,3,1,0.5986820212516439,0.9182017861738317
JUM092518A017,JUM,LEL_1,LEL,1,T,T-JUM092518A017,3,2,0.7609027368303024,0.9182017861738317
JUM092518A017,JUM,LEL_1,LEL,1,T,T-JUM092518A017,3,3,0.8423388874426094,0.9182017861738317
JUM092518A017,JUM,LSR_1,LSR,1,T,T-JUM092518A017,4,1,0.4553918896476231,1.2353298452025947
JUM092518A017,JUM,LSR_1,LSR,1,T,T-JUM092518A017,4,2,0.7081999461691945,1.2353298452025947
JUM092518A017,JUM,LSR_1,LSR,1,T,T-JUM092518A017,4,3,0.9444869833671008,1.2353298452025947
JUM092518A017,JUM,LSR_1,LSR,1,T,T-JUM092518A017,4,4,1.1007755015173968,1.2353298452025947
JUM092518A017,JUM,MJS_1,MJS,1,T,T-JUM092518A017,3,1,0.6951729134946498,1.2432590200411295
JUM092518A017,JUM,MJS_1,MJS,1,T,T-JUM092518A017,3,2,0.9178422295605655,1.2432590200411295
JUM092518A017,JUM,MJS_1,MJS,1,T,T-JUM092518A017,3,3,1.0787234162244155,1.2432590200411295
JUM092518A018,JUM,JRS_1,JRS,1,T,T-JUM092518A018,4,1,0.4277533279607603,0.9175757553254601
JUM092518A018,JUM,JRS_1,JRS,1,T,T-JUM092518A018,4,2,0.5925857062989188,0.9175757553254601
JUM092518A018,JUM,JRS_1,JRS,1,T,T-JUM092518A018,4,3,0.7225253871879657,0.9175757553254601
JUM092518A018,JUM,JRS_1,JRS,1,T,T-JUM092518A018,4,4,0.8254295129261089,0.9175757553254601
JUM092518A018,JUM,LEL_1,LEL,1,T,T-JUM092518A018,4,1,0.7315110278598793,1.2281211912001595
JUM092518A018,JUM,LEL_1,LEL,1,T,T-JUM092518A018,4,2,0.885382907772334,1.2281211912001595
JUM092518A018,JUM,LEL_1,LEL,1,T,T-JUM092518A018,4,3,1.0424045079217883,1.2281211912001595
JUM092518A018,JUM,LEL_1,LEL,1,T,T-JUM092518A018,4,4,1.1300606382840845,1.2281211912001595
JUM092518A018,JUM,LSR_1,LSR,1,T,T-JUM092518A018,4,1,0.2691723367743709,0.6276577660527235
JUM092518A018,JUM,LSR_1,LSR,1,T,T-JUM092518A018,4,2,0.4273747401886876,0.6276577660527235
JUM092518A018,JUM,LSR_1,LSR,1,T,T-JUM092518A018,4,3,0.5220790918036253,0.6276577660527235
JUM092518A018,JUM,LSR_1,LSR,1,T,T-JUM092518A018,4,4,0.5821731800040606,0.6276577660527235
JUM092518A018,JUM,MJS_1,MJS,1,T,T-JUM092518A018,4,1,0.5177905784695818,1.0461004105845242
JUM092518A018,JUM,MJS_1,MJS,1,T,T-JUM092518A018,4,2,0.6971451400954893,1.0461004105845242
JUM092518A018,JUM,MJS_1,MJS,1,T,T-JUM092518A018,4,3,0.830978383168347,1.0461004105845242
JUM092518A018,JUM,MJS_1,MJS,1,T,T-JUM092518A018,4,4,0.9410942158614546,1.0461004105845242
JUM092518A019,JUM,JRS_1,JRS,1,T,T-JUM092518A019,0,NA,NA,0.4984849157835872
JUM092518A019,JUM,LEL_1,LEL,1,T,T-JUM092518A019,2,1,0.404105505858723,0.6433059494701932
JUM092518A019,JUM,LEL_1,LEL,1,T,T-JUM092518A019,2,2,0.5615352124613687,0.6433059494701932
JUM092518A019,JUM,LSR_1,LSR,1,T,T-JUM092518A019,2,1,0.27926029547639236,0.533640980312095
JUM092518A019,JUM,LSR_1,LSR,1,T,T-JUM092518A019,2,2,0.4106861327700235,0.533640980312095
JUM092518A019,JUM,MJS_1,MJS,1,T,T-JUM092518A019,1,1,0.3695441524224115,0.4630445025424736
JUM092518A020,JUM,JRS_1,JRS,1,T,T-JUM092518A020,2,1,0.5693289978711117,0.8492460069204413
JUM092518A020,JUM,JRS_1,JRS,1,T,T-JUM092518A020,2,2,0.7404364249969475,0.8492460069204413
JUM092518A020,JUM,LEL_1,LEL,1,T,T-JUM092518A020,1,1,0.6512201777997242,0.8739676850417639
JUM092518A020,JUM,LSR_1,LSR,1,T,T-JUM092518A020,2,1,0.5804130629671638,0.8833427087982545
JUM092518A020,JUM,LSR_1,LSR,1,T,T-JUM092518A020,2,2,0.748243262834052,0.8833427087982545
JUM092518A020,JUM,MJS_1,MJS,1,T,T-JUM092518A020,2,1,0.50770706971631,0.8133876202242255
JUM092518A020,JUM,MJS_1,MJS,1,T,T-JUM092518A020,2,2,0.676693192312003,0.8133876202242255
JUM092518A021,JUM,JRS_1,JRS,1,T,T-JUM092518A021,4,1,0.504723657590091,1.1415961186960655
JUM092518A021,JUM,JRS_1,JRS,1,T,T-JUM092518A021,4,2,0.7068456468109378,1.1415961186960655
JUM092518A021,JUM,JRS_1,JRS,1,T,T-JUM092518A021,4,3,0.8902944581543666,1.1415961186960655
JUM092518A021,JUM,JRS_1,JRS,1,T,T-JUM092518A021,4,4,1.0120465044781954,1.1415961186960655
JUM092518A021,JUM,LEL_1,LEL,1,T,T-JUM092518A021,4,1,0.5335331188124278,1.0491843817497808
JUM092518A021,JUM,LEL_1,LEL,1,T,T-JUM092518A021,4,2,0.6976256428430363,1.0491843817497808
JUM092518A021,JUM,LEL_1,LEL,1,T,T-JUM092518A021,4,3,0.8496538425009772,1.0491843817497808
JUM092518A021,JUM,LEL_1,LEL,1,T,T-JUM092518A021,4,4,0.962969638925631,1.0491843817497808
JUM092518A021,JUM,LSR_1,LSR,1,T,T-JUM092518A021,4,1,0.4543683704987919,0.8073625700555032
JUM092518A021,JUM,LSR_1,LSR,1,T,T-JUM092518A021,4,2,0.6021744859485514,0.8073625700555032
JUM092518A021,JUM,LSR_1,LSR,1,T,T-JUM092518A021,4,3,0.6785877246480576,0.8073625700555032
JUM092518A021,JUM,LSR_1,LSR,1,T,T-JUM092518A021,4,4,0.7470157702981794,0.8073625700555032
JUM092518A021,JUM,MJS_1,MJS,1,T,T-JUM092518A021,4,1,0.5988133749824944,1.2522706805238943
JUM092518A021,JUM,MJS_1,MJS,1,T,T-JUM092518A021,4,2,0.8228949618497859,1.2522706805238943
JUM092518A021,JUM,MJS_1,MJS,1,T,T-JUM092518A021,4,3,0.9856811304448221,1.2522706805238943
JUM092518A021,JUM,MJS_1,MJS,1,T,T-JUM092518A021,4,4,1.1136752346982322,1.2522706805238943
JUM092518A022,JUM,JRS_1,JRS,1,T,T-JUM092518A022,3,1,0.38153935995716065,0.9175757553254599
JUM092518A022,JUM,JRS_1,JRS,1,T,T-JUM092518A022,3,2,0.6142423197804269,0.9175757553254599
JUM092518A022,JUM,JRS_1,JRS,1,T,T-JUM092518A022,3,3,0.7847353333958293,0.9175757553254599
JUM092518A022,JUM,LEL_1,LEL,1,T,T-JUM092518A022,3,1,0.41396580605831323,0.8894414476918401
JUM092518A022,JUM,LEL_1,LEL,1,T,T-JUM092518A022,3,2,0.5534305046226465,0.8894414476918401
JUM092518A022,JUM,LEL_1,LEL,1,T,T-JUM092518A022,3,3,0.743389015301496,0.8894414476918401
JUM092518A022,JUM,LSR_1,LSR,1,T,T-JUM092518A022,3,1,0.5183273791931493,1.0761263712899143
JUM092518A022,JUM,LSR_1,LSR,1,T,T-JUM092518A022,3,2,0.7679926620887721,1.0761263712899143
JUM092518A022,JUM,LSR_1,LSR,1,T,T-JUM092518A022,3,3,0.9498934553130182,1.0761263712899143
JUM092518A022,JUM,MJS_1,MJS,1,T,T-JUM092518A022,3,1,0.5286346303823273,1.0860961830390135
JUM092518A022,JUM,MJS_1,MJS,1,T,T-JUM092518A022,3,2,0.7797035665995681,1.0860961830390135
JUM092518A022,JUM,MJS_1,MJS,1,T,T-JUM092518A022,3,3,0.9528173734803109,1.0860961830390135
JUM092518A023,JUM,JRS_1,JRS,1,T,T-JUM092518A023,2,1,0.4961337367590282,0.8139091924948783
JUM092518A023,JUM,JRS_1,JRS,1,T,T-JUM092518A023,2,2,0.6727076743275361,0.8139091924948783
JUM092518A023,JUM,LEL_1,LEL,1,T,T-JUM092518A023,2,1,0.7117508030055889,1.037202027433919
JUM092518A023,JUM,LEL_1,LEL,1,T,T-JUM092518A023,2,2,0.8999855756243007,1.037202027433919
JUM092518A023,JUM,LSR_1,LSR,1,T,T-JUM092518A023,2,1,0.6078019313121739,0.9346633322896358
JUM092518A023,JUM,LSR_1,LSR,1,T,T-JUM092518A023,2,2,0.8131034261785067,0.9346633322896358
JUM092518A023,JUM,MJS_1,MJS,1,T,T-JUM092518A023,2,1,0.6476220197365659,0.9559368554789838
JUM092518A023,JUM,MJS_1,MJS,1,T,T-JUM092518A023,2,2,0.8138609488570883,0.9559368554789838
JUM092518A024,JUM,JRS_1,JRS,1,T,T-JUM092518A024,0,NA,NA,0.6190445959332033
JUM092518A024,JUM,LEL_1,LEL,1,T,T-JUM092518A024,2,1,0.6136097723962715,0.7817489765623447
JUM092518A024,JUM,LEL_1,LEL,1,T,T-JUM092518A024,2,2,0.6896328265154462,0.7817489765623447
JUM092518A024,JUM,LSR_1,LSR,1,T,T-JUM092518A024,2,1,0.48274162496973705,0.7362480217131303
JUM092518A024,JUM,LSR_1,LSR,1,T,T-JUM092518A024,2,2,0.6059078744984473,0.7362480217131303
JUM092518A024,JUM,MJS_1,MJS,1,T,T-JUM092518A024,2,1,0.491306341236283,0.7496165762732931
JUM092518A024,JUM,MJS_1,MJS,1,T,T-JUM092518A024,2,2,0.638866934461447,0.7496165762732931
JUM092518A025,JUM,JRS_1,JRS,1,T,T-JUM092518A025,0,NA,NA,0.7142646537125353
JUM092518A025,JUM,LEL_1,LEL,1,T,T-JUM092518A025,2,1,0.4371739657528982,0.7071621957328994
JUM092518A025,JUM,LEL_1,LEL,1,T,T-JUM092518A025,2,2,0.6080236944511155,0.7071621957328994
JUM092518A025,JUM,LSR_1,LSR,1,T,T-JUM092518A025,2,1,0.5770718016203142,0.8313653619001841
JUM092518A025,JUM,LSR_1,LSR,1,T,T-JUM092518A025,2,2,0.696788295510024,0.8313653619001841
JUM092518A025,JUM,MJS_1,MJS,1,T,T-JUM092518A025,2,1,0.5075331763251358,0.7828083537294778
JUM092518A025,JUM,MJS_1,MJS,1,T,T-JUM092518A025,2,2,0.6519535918567072,0.7828083537294778
JUM092518A026,JUM,JRS_1,JRS,1,T,T-JUM092518A026,10,1,0.3756998892831565,1.2058444188652069
JUM092518A026,JUM,JRS_1,JRS,1,T,T-JUM092518A026,10,2,0.50974538030256,1.2058444188652069
JUM092518A026,JUM,JRS_1,JRS,1,T,T-JUM092518A026,10,3,0.6549478765185897,1.2058444188652069
JUM092518A026,JUM,JRS_1,JRS,1,T,T-JUM092518A026,10,4,0.7331276272249222,1.2058444188652069
JUM092518A026,JUM,JRS_1,JRS,1,T,T-JUM092518A026,10,5,0.811226663601333,1.2058444188652069
JUM092518A026,JUM,JRS_1,JRS,1,T,T-JUM092518A026,10,6,0.8820491251731667,1.2058444188652069
JUM092518A026,JUM,JRS_1,JRS,1,T,T-JUM092518A026,10,7,0.9675861650140025,1.2058444188652069
JUM092518A026,JUM,JRS_1,JRS,1,T,T-JUM092518A026,10,8,1.0421276283180374,1.2058444188652069
JUM092518A026,JUM,JRS_1,JRS,1,T,T-JUM092518A026,10,9,1.0979126543011912,1.2058444188652069
JUM092518A026,JUM,JRS_1,JRS,1,T,T-JUM092518A026,10,10,1.1759309763476895,1.2058444188652069
JUM092518A026,JUM,LEL_1,LEL,1,T,T-JUM092518A026,9,1,0.5768683334537591,1.7231092055433885
JUM092518A026,JUM,LEL_1,LEL,1,T,T-JUM092518A026,9,2,0.7059889746432194,1.7231092055433885
JUM092518A026,JUM,LEL_1,LEL,1,T,T-JUM092518A026,9,3,0.8012293192498214,1.7231092055433885
JUM092518A026,JUM,LEL_1,LEL,1,T,T-JUM092518A026,9,4,0.9424896998742317,1.7231092055433885
JUM092518A026,JUM,LEL_1,LEL,1,T,T-JUM092518A026,9,5,1.073366941588602,1.7231092055433885
JUM092518A026,JUM,LEL_1,LEL,1,T,T-JUM092518A026,9,6,1.204400647542388,1.7231092055433885
JUM092518A026,JUM,LEL_1,LEL,1,T,T-JUM092518A026,9,7,1.3526874302664378,1.7231092055433885
JUM092518A026,JUM,LEL_1,LEL,1,T,T-JUM092518A026,9,8,1.5003483560328186,1.7231092055433885
JUM092518A026,JUM,LEL_1,LEL,1,T,T-JUM092518A026,9,9,1.631382061986605,1.7231092055433885
JUM092518A026,JUM,LSR_1,LSR,1,T,T-JUM092518A026,10,1,0.31227240691684344,1.2081758096123125
JUM092518A026,JUM,LSR_1,LSR,1,T,T-JUM092518A026,10,2,0.4758251921347064,1.2081758096123125
JUM092518A026,JUM,LSR_1,LSR,1,T,T-JUM092518A026,10,3,0.6022328443037364,1.2081758096123125
JUM092518A026,JUM,LSR_1,LSR,1,T,T-JUM092518A026,10,4,0.6877339989178375,1.2081758096123125
JUM092518A026,JUM,LSR_1,LSR,1,T,T-JUM092518A026,10,5,0.8104095685815638,1.2081758096123125
JUM092518A026,JUM,LSR_1,LSR,1,T,T-JUM092518A026,10,6,0.8847583986807043,1.2081758096123125
JUM092518A026,JUM,LSR_1,LSR,1,T,T-JUM092518A026,10,7,0.970259553294842,1.2081758096123125
JUM092518A026,JUM,LSR_1,LSR,1,T,T-JUM092518A026,10,8,1.0371735003841307,1.2081758096123125
JUM092518A026,JUM,LSR_1,LSR,1,T,T-JUM092518A026,10,9,1.1226819754984023,1.2081758096123125
JUM092518A026,JUM,LSR_1,LSR,1,T,T-JUM092518A026,10,10,1.1710160355630854,1.2081758096123125
JUM092518A026,JUM,MJS_1,MJS,1,T,T-JUM092518A026,10,1,0.27404943224504974,1.1745602570026041
JUM092518A026,JUM,MJS_1,MJS,1,T,T-JUM092518A026,10,2,0.43922802506188197,1.1745602570026041
JUM092518A026,JUM,MJS_1,MJS,1,T,T-JUM092518A026,10,3,0.5551749697278391,1.1745602570026041
JUM092518A026,JUM,MJS_1,MJS,1,T,T-JUM092518A026,10,4,0.6191098009679075,1.1745602570026041
JUM092518A026,JUM,MJS_1,MJS,1,T,T-JUM092518A026,10,5,0.7504486444901954,1.1745602570026041
JUM092518A026,JUM,MJS_1,MJS,1,T,T-JUM092518A026,10,6,0.8591817407649857,1.1745602570026041
JUM092518A026,JUM,MJS_1,MJS,1,T,T-JUM092518A026,10,7,0.96458339915105,1.1745602570026041
JUM092518A026,JUM,MJS_1,MJS,1,T,T-JUM092518A026,10,8,1.020477923079377,1.1745602570026041
JUM092518A026,JUM,MJS_1,MJS,1,T,T-JUM092518A026,10,9,1.095509013213053,1.1745602570026041
JUM092518A026,JUM,MJS_1,MJS,1,T,T-JUM092518A026,10,10,1.1408582508614897,1.1745602570026041
JUM092518A027,JUM,JRS_1,JRS,1,T,T-JUM092518A027,8,1,0.5000592049525151,1.3644678955534626
JUM092518A027,JUM,JRS_1,JRS,1,T,T-JUM092518A027,8,2,0.615398066692607,1.3644678955534626
JUM092518A027,JUM,JRS_1,JRS,1,T,T-JUM092518A027,8,3,0.7635100968013706,1.3644678955534626
JUM092518A027,JUM,JRS_1,JRS,1,T,T-JUM092518A027,8,4,0.885639244396126,1.3644678955534626
JUM092518A027,JUM,JRS_1,JRS,1,T,T-JUM092518A027,8,5,0.9749952236222102,1.3644678955534626
JUM092518A027,JUM,JRS_1,JRS,1,T,T-JUM092518A027,8,6,1.085717039532905,1.3644678955534626
JUM092518A027,JUM,JRS_1,JRS,1,T,T-JUM092518A027,8,7,1.1934059191871456,1.3644678955534626
JUM092518A027,JUM,JRS_1,JRS,1,T,T-JUM092518A027,8,8,1.2788692659255882,1.3644678955534626
JUM092518A027,JUM,LEL_1,LEL,1,T,T-JUM092518A027,8,1,0.3938877527257832,1.263936657723286
JUM092518A027,JUM,LEL_1,LEL,1,T,T-JUM092518A027,8,2,0.5429373468295293,1.263936657723286
JUM092518A027,JUM,LEL_1,LEL,1,T,T-JUM092518A027,8,3,0.6597007203692143,1.263936657723286
JUM092518A027,JUM,LEL_1,LEL,1,T,T-JUM092518A027,8,4,0.7815426261629339,1.263936657723286
JUM092518A027,JUM,LEL_1,LEL,1,T,T-JUM092518A027,8,5,0.8771316547916082,1.263936657723286
JUM092518A027,JUM,LEL_1,LEL,1,T,T-JUM092518A027,8,6,0.9894461399143126,1.263936657723286
JUM092518A027,JUM,LEL_1,LEL,1,T,T-JUM092518A027,8,7,1.0861998609669867,1.263936657723286
JUM092518A027,JUM,LEL_1,LEL,1,T,T-JUM092518A027,8,8,1.1624192263351047,1.263936657723286
JUM092518A027,JUM,LSR_1,LSR,1,T,T-JUM092518A027,7,1,0.9258657164050187,1.6751287673047293
JUM092518A027,JUM,LSR_1,LSR,1,T,T-JUM092518A027,7,2,1.0428164332698024,1.6751287673047293
JUM092518A027,JUM,LSR_1,LSR,1,T,T-JUM092518A027,7,3,1.173567328010849,1.6751287673047293
JUM092518A027,JUM,LSR_1,LSR,1,T,T-JUM092518A027,7,4,1.2859711363537651,1.6751287673047293
JUM092518A027,JUM,LSR_1,LSR,1,T,T-JUM092518A027,7,5,1.3815434944725062,1.6751287673047293
JUM092518A027,JUM,LSR_1,LSR,1,T,T-JUM092518A027,7,6,1.4808889977950712,1.6751287673047293
JUM092518A027,JUM,LSR_1,LSR,1,T,T-JUM092518A027,7,7,1.5795245187238565,1.6751287673047293
JUM092518A027,JUM,MJS_1,MJS,1,T,T-JUM092518A027,8,1,0.6073857225034696,1.5372916424790475
JUM092518A027,JUM,MJS_1,MJS,1,T,T-JUM092518A027,8,2,0.7918922915439683,1.5372916424790475
JUM092518A027,JUM,MJS_1,MJS,1,T,T-JUM092518A027,8,3,0.9137682032152581,1.5372916424790475
JUM092518A027,JUM,MJS_1,MJS,1,T,T-JUM092518A027,8,4,1.0470181205571476,1.5372916424790475
JUM092518A027,JUM,MJS_1,MJS,1,T,T-JUM092518A027,8,5,1.1514516336264353,1.5372916424790475
JUM092518A027,JUM,MJS_1,MJS,1,T,T-JUM092518A027,8,6,1.260033329955055,1.5372916424790475
JUM092518A027,JUM,MJS_1,MJS,1,T,T-JUM092518A027,8,7,1.372074055531712,1.5372916424790475
JUM092518A027,JUM,MJS_1,MJS,1,T,T-JUM092518A027,8,8,1.4521471115029234,1.5372916424790475
JUM092518A028,JUM,JRS_1,JRS,1,T,T-JUM092518A028,10,1,0.3295098638434551,1.251926721989774
JUM092518A028,JUM,JRS_1,JRS,1,T,T-JUM092518A028,10,2,0.4717503139996386,1.251926721989774
JUM092518A028,JUM,JRS_1,JRS,1,T,T-JUM092518A028,10,3,0.5947727314267749,1.251926721989774
JUM092518A028,JUM,JRS_1,JRS,1,T,T-JUM092518A028,10,4,0.7046093527079269,1.251926721989774
JUM092518A028,JUM,JRS_1,JRS,1,T,T-JUM092518A028,10,5,0.8092837878286708,1.251926721989774
JUM092518A028,JUM,JRS_1,JRS,1,T,T-JUM092518A028,10,6,0.8660678355931584,1.251926721989774
JUM092518A028,JUM,JRS_1,JRS,1,T,T-JUM092518A028,10,7,0.9500935260722702,1.251926721989774
JUM092518A028,JUM,JRS_1,JRS,1,T,T-JUM092518A028,10,8,1.0270912932670626,1.251926721989774
JUM092518A028,JUM,JRS_1,JRS,1,T,T-JUM092518A028,10,9,1.1059547975857662,1.251926721989774
JUM092518A028,JUM,JRS_1,JRS,1,T,T-JUM092518A028,10,10,1.1815218528679736,1.251926721989774
JUM092518A028,JUM,LEL_1,LEL,1,T,T-JUM092518A028,11,1,0.7369517159927238,1.6992878452676783
JUM092518A028,JUM,LEL_1,LEL,1,T,T-JUM092518A028,11,2,0.8262965026786522,1.6992878452676783
JUM092518A028,JUM,LEL_1,LEL,1,T,T-JUM092518A028,11,3,0.9127519675623714,1.6992878452676783
JUM092518A028,JUM,LEL_1,LEL,1,T,T-JUM092518A028,11,4,1.0239416953886837,1.6992878452676783
JUM092518A028,JUM,LEL_1,LEL,1,T,T-JUM092518A028,11,5,1.122417777732188,1.6992878452676783
JUM092518A028,JUM,LEL_1,LEL,1,T,T-JUM092518A028,11,6,1.235572527682893,1.6992878452676783
JUM092518A028,JUM,LEL_1,LEL,1,T,T-JUM092518A028,11,7,1.3100073751068266,1.6992878452676783
JUM092518A028,JUM,LEL_1,LEL,1,T,T-JUM092518A028,11,8,1.3747335346775595,1.6992878452676783
JUM092518A028,JUM,LEL_1,LEL,1,T,T-JUM092518A028,11,9,1.4877726488008662,1.6992878452676783
JUM092518A028,JUM,LEL_1,LEL,1,T,T-JUM092518A028,11,10,1.547181921135409,1.6992878452676783
JUM092518A028,JUM,LEL_1,LEL,1,T,T-JUM092518A028,11,11,1.6366423436487343,1.6992878452676783
JUM092518A028,JUM,LSR_1,LSR,1,T,T-JUM092518A028,9,1,0.4660257037382024,1.2915964177924568
JUM092518A028,JUM,LSR_1,LSR,1,T,T-JUM092518A028,9,2,0.6038234902362496,1.2915964177924568
JUM092518A028,JUM,LSR_1,LSR,1,T,T-JUM092518A028,9,3,0.7134759969697749,1.2915964177924568
JUM092518A028,JUM,LSR_1,LSR,1,T,T-JUM092518A028,9,4,0.8062214717463251,1.2915964177924568
JUM092518A028,JUM,LSR_1,LSR,1,T,T-JUM092518A028,9,5,0.8895851866013684,1.2915964177924568
JUM092518A028,JUM,LSR_1,LSR,1,T,T-JUM092518A028,9,6,0.9641528639998168,1.2915964177924568
JUM092518A028,JUM,LSR_1,LSR,1,T,T-JUM092518A028,9,7,1.0431185601265631,1.2915964177924568
JUM092518A028,JUM,LSR_1,LSR,1,T,T-JUM092518A028,9,8,1.11988524688916,1.2915964177924568
JUM092518A028,JUM,LSR_1,LSR,1,T,T-JUM092518A028,9,9,1.1922539149234603,1.2915964177924568
JUM092518A028,JUM,MJS_1,MJS,1,T,T-JUM092518A028,9,1,0.5002136644196834,1.4418056181954655
JUM092518A028,JUM,MJS_1,MJS,1,T,T-JUM092518A028,9,2,0.7315277076885491,1.4418056181954655
JUM092518A028,JUM,MJS_1,MJS,1,T,T-JUM092518A028,9,3,0.8568187178076616,1.4418056181954655
JUM092518A028,JUM,MJS_1,MJS,1,T,T-JUM092518A028,9,4,0.9553663756251445,1.4418056181954655
JUM092518A028,JUM,MJS_1,MJS,1,T,T-JUM092518A028,9,5,1.04548828205359,1.4418056181954655
JUM092518A028,JUM,MJS_1,MJS,1,T,T-JUM092518A028,9,6,1.1263789456959044,1.4418056181954655
JUM092518A028,JUM,MJS_1,MJS,1,T,T-JUM092518A028,9,7,1.2088805921324093,1.4418056181954655
JUM092518A028,JUM,MJS_1,MJS,1,T,T-JUM092518A028,9,8,1.2837619785769727,1.4418056181954655
JUM092518A028,JUM,MJS_1,MJS,1,T,T-JUM092518A028,9,9,1.3631865440847666,1.4418056181954655
JUM092518A029,JUM,JRS_1,JRS,1,T,T-JUM092518A029,9,1,0.6240206684739602,1.5775013871431816
JUM092518A029,JUM,JRS_1,JRS,1,T,T-JUM092518A029,9,2,0.7693694050687807,1.5775013871431816
JUM092518A029,JUM,JRS_1,JRS,1,T,T-JUM092518A029,9,3,0.885168779361381,1.5775013871431816
JUM092518A029,JUM,JRS_1,JRS,1,T,T-JUM092518A029,9,4,1.021792657977061,1.5775013871431816
JUM092518A029,JUM,JRS_1,JRS,1,T,T-JUM092518A029,9,5,1.1177223870425927,1.5775013871431816
JUM092518A029,JUM,JRS_1,JRS,1,T,T-JUM092518A029,9,6,1.2189803313699588,1.5775013871431816
JUM092518A029,JUM,JRS_1,JRS,1,T,T-JUM092518A029,9,7,1.3255664909591598,1.5775013871431816
JUM092518A029,JUM,JRS_1,JRS,1,T,T-JUM092518A029,9,8,1.4108397895010218,1.5775013871431816
JUM092518A029,JUM,JRS_1,JRS,1,T,T-JUM092518A029,9,9,1.5028845191249887,1.5775013871431816
JUM092518A029,JUM,LEL_1,LEL,1,T,T-JUM092518A029,9,1,0.6576356199136112,1.5754160435790638
JUM092518A029,JUM,LEL_1,LEL,1,T,T-JUM092518A029,9,2,0.7720755911966657,1.5754160435790638
JUM092518A029,JUM,LEL_1,LEL,1,T,T-JUM092518A029,9,3,0.8740671845264427,1.5754160435790638
JUM092518A029,JUM,LEL_1,LEL,1,T,T-JUM092518A029,9,4,1.0076114716470286,1.5754160435790638
JUM092518A029,JUM,LEL_1,LEL,1,T,T-JUM092518A029,9,5,1.1194430555006485,1.5754160435790638
JUM092518A029,JUM,LEL_1,LEL,1,T,T-JUM092518A029,9,6,1.2372109957258304,1.5754160435790638
JUM092518A029,JUM,LEL_1,LEL,1,T,T-JUM092518A029,9,7,1.3463921847104166,1.5754160435790638
JUM092518A029,JUM,LEL_1,LEL,1,T,T-JUM092518A029,9,8,1.4219459502453136,1.5754160435790638
JUM092518A029,JUM,LEL_1,LEL,1,T,T-JUM092518A029,9,9,1.5112013330167355,1.5754160435790638
JUM092518A029,JUM,LSR_1,LSR,1,T,T-JUM092518A029,9,1,0.934527981973445,1.904999414695475
JUM092518A029,JUM,LSR_1,LSR,1,T,T-JUM092518A029,9,2,1.043652764093406,1.904999414695475
JUM092518A029,JUM,LSR_1,LSR,1,T,T-JUM092518A029,9,3,1.1752215702402844,1.904999414695475
JUM092518A029,JUM,LSR_1,LSR,1,T,T-JUM092518A029,9,4,1.3208075750585122,1.904999414695475
JUM092518A029,JUM,LSR_1,LSR,1,T,T-JUM092518A029,9,5,1.4138084521682313,1.904999414695475
JUM092518A029,JUM,LSR_1,LSR,1,T,T-JUM092518A029,9,6,1.5121408166188905,1.904999414695475
JUM092518A029,JUM,LSR_1,LSR,1,T,T-JUM092518A029,9,7,1.6107320670443912,1.904999414695475
JUM092518A029,JUM,LSR_1,LSR,1,T,T-JUM092518A029,9,8,1.7359807541745935,1.904999414695475
JUM092518A029,JUM,LSR_1,LSR,1,T,T-JUM092518A029,9,9,1.8281224425959974,1.904999414695475
JUM092518A029,JUM,MJS_1,MJS,1,T,T-JUM092518A029,9,1,0.6698076405503951,1.6503847037067843
JUM092518A029,JUM,MJS_1,MJS,1,T,T-JUM092518A029,9,2,0.7978005635295657,1.6503847037067843
JUM092518A029,JUM,MJS_1,MJS,1,T,T-JUM092518A029,9,3,0.9310826491526233,1.6503847037067843
JUM092518A029,JUM,MJS_1,MJS,1,T,T-JUM092518A029,9,4,1.0571836219230135,1.6503847037067843
JUM092518A029,JUM,MJS_1,MJS,1,T,T-JUM092518A029,9,5,1.1642995378876029,1.6503847037067843
JUM092518A029,JUM,MJS_1,MJS,1,T,T-JUM092518A029,9,6,1.290400510657993,1.6503847037067843
JUM092518A029,JUM,MJS_1,MJS,1,T,T-JUM092518A029,9,7,1.3962908079572238,1.6503847037067843
JUM092518A029,JUM,MJS_1,MJS,1,T,T-JUM092518A029,9,8,1.4741229853892064,1.6503847037067843
JUM092518A029,JUM,MJS_1,MJS,1,T,T-JUM092518A029,9,9,1.5675430071918826,1.6503847037067843
JUM092518A030,JUM,JRS_1,JRS,1,T,T-JUM092518A030,10,1,0.5630271354246698,1.8999440166586274
JUM092518A030,JUM,JRS_1,JRS,1,T,T-JUM092518A030,10,2,0.8370745633054446,1.8999440166586274
JUM092518A030,JUM,JRS_1,JRS,1,T,T-JUM092518A030,10,3,1.0218981413036365,1.8999440166586274
JUM092518A030,JUM,JRS_1,JRS,1,T,T-JUM092518A030,10,4,1.181373826684137,1.8999440166586274
JUM092518A030,JUM,JRS_1,JRS,1,T,T-JUM092518A030,10,5,1.299187060246356,1.8999440166586274
JUM092518A030,JUM,JRS_1,JRS,1,T,T-JUM092518A030,10,6,1.4241744157012002,1.8999440166586274
JUM092518A030,JUM,JRS_1,JRS,1,T,T-JUM092518A030,10,7,1.5328472119554544,1.8999440166586274
JUM092518A030,JUM,JRS_1,JRS,1,T,T-JUM092518A030,10,8,1.637003341501158,1.8999440166586274
JUM092518A030,JUM,JRS_1,JRS,1,T,T-JUM092518A030,10,9,1.7287775426769512,1.8999440166586274
JUM092518A030,JUM,JRS_1,JRS,1,T,T-JUM092518A030,10,10,1.8153439373754594,1.8999440166586274
JUM092518A030,JUM,LEL_1,LEL,1,T,T-JUM092518A030,9,1,0.7897988758325625,1.8206038450498447
JUM092518A030,JUM,LEL_1,LEL,1,T,T-JUM092518A030,9,2,0.989854692888135,1.8206038450498447
JUM092518A030,JUM,LEL_1,LEL,1,T,T-JUM092518A030,9,3,1.1276541662450152,1.8206038450498447
JUM092518A030,JUM,LEL_1,LEL,1,T,T-JUM092518A030,9,4,1.2641937554274607,1.8206038450498447
JUM092518A030,JUM,LEL_1,LEL,1,T,T-JUM092518A030,9,5,1.3783967078043107,1.8206038450498447
JUM092518A030,JUM,LEL_1,LEL,1,T,T-JUM092518A030,9,6,1.4904805191811243,1.8206038450498447
JUM092518A030,JUM,LEL_1,LEL,1,T,T-JUM092518A030,9,7,1.5720951018597764,1.8206038450498447
JUM092518A030,JUM,LEL_1,LEL,1,T,T-JUM092518A030,9,8,1.6590931933437423,1.8206038450498447
JUM092518A030,JUM,LEL_1,LEL,1,T,T-JUM092518A030,9,9,1.759436072915137,1.8206038450498447
JUM092518A030,JUM,LSR_1,LSR,1,T,T-JUM092518A030,9,1,0.7155548164038158,1.7808517476770147
JUM092518A030,JUM,LSR_1,LSR,1,T,T-JUM092518A030,9,2,0.929040731644635,1.7808517476770147
JUM092518A030,JUM,LSR_1,LSR,1,T,T-JUM092518A030,9,3,1.089590728754441,1.7808517476770147
JUM092518A030,JUM,LSR_1,LSR,1,T,T-JUM092518A030,9,4,1.2175261170132823,1.7808517476770147
JUM092518A030,JUM,LSR_1,LSR,1,T,T-JUM092518A030,9,5,1.3386877355121078,1.7808517476770147
JUM092518A030,JUM,LSR_1,LSR,1,T,T-JUM092518A030,9,6,1.4428173290573627,1.7808517476770147
JUM092518A030,JUM,LSR_1,LSR,1,T,T-JUM092518A030,9,7,1.545399880992911,1.7808517476770147
JUM092518A030,JUM,LSR_1,LSR,1,T,T-JUM092518A030,9,8,1.622141593837509,1.7808517476770147
JUM092518A030,JUM,LSR_1,LSR,1,T,T-JUM092518A030,9,9,1.7040124342788845,1.7808517476770147
JUM092518A030,JUM,MJS_1,MJS,1,T,T-JUM092518A030,10,1,0.5898320920600498,1.952136459193429
JUM092518A030,JUM,MJS_1,MJS,1,T,T-JUM092518A030,10,2,0.86778917031053,1.952136459193429
JUM092518A030,JUM,MJS_1,MJS,1,T,T-JUM092518A030,10,3,1.0777336951051388,1.952136459193429
JUM092518A030,JUM,MJS_1,MJS,1,T,T-JUM092518A030,10,4,1.2359346273817406,1.952136459193429
JUM092518A030,JUM,MJS_1,MJS,1,T,T-JUM092518A030,10,5,1.3526489999732751,1.952136459193429
JUM092518A030,JUM,MJS_1,MJS,1,T,T-JUM092518A030,10,6,1.4778870270390052,1.952136459193429
JUM092518A030,JUM,MJS_1,MJS,1,T,T-JUM092518A030,10,7,1.5957331123164482,1.952136459193429
JUM092518A030,JUM,MJS_1,MJS,1,T,T-JUM092518A030,10,8,1.6889632645195223,1.952136459193429
JUM092518A030,JUM,MJS_1,MJS,1,T,T-JUM092518A030,10,9,1.7802833560261622,1.952136459193429
JUM092518A030,JUM,MJS_1,MJS,1,T,T-JUM092518A030,10,10,1.87786367663518,1.952136459193429
JUM092518A031,JUM,JRS_1,JRS,1,T,T-JUM092518A031,8,1,0.4947264551874981,1.404935753545609
JUM092518A031,JUM,JRS_1,JRS,1,T,T-JUM092518A031,8,2,0.7004829789897755,1.404935753545609
JUM092518A031,JUM,JRS_1,JRS,1,T,T-JUM092518A031,8,3,0.8488056713691932,1.404935753545609
JUM092518A031,JUM,JRS_1,JRS,1,T,T-JUM092518A031,8,4,0.9643616382247211,1.404935753545609
JUM092518A031,JUM,JRS_1,JRS,1,T,T-JUM092518A031,8,5,1.0859523126757398,1.404935753545609
JUM092518A031,JUM,JRS_1,JRS,1,T,T-JUM092518A031,8,6,1.1845166270059138,1.404935753545609
JUM092518A031,JUM,JRS_1,JRS,1,T,T-JUM092518A031,8,7,1.260318718973747,1.404935753545609
JUM092518A031,JUM,JRS_1,JRS,1,T,T-JUM092518A031,8,8,1.3284453575679656,1.404935753545609
JUM092518A031,JUM,LEL_1,LEL,1,T,T-JUM092518A031,8,1,0.5473718310445994,1.430385777116842
JUM092518A031,JUM,LEL_1,LEL,1,T,T-JUM092518A031,8,2,0.6943903988820479,1.430385777116842
JUM092518A031,JUM,LEL_1,LEL,1,T,T-JUM092518A031,8,3,0.859813114182455,1.430385777116842
JUM092518A031,JUM,LEL_1,LEL,1,T,T-JUM092518A031,8,4,0.9718284651890903,1.430385777116842
JUM092518A031,JUM,LEL_1,LEL,1,T,T-JUM092518A031,8,5,1.1112480683940311,1.430385777116842
JUM092518A031,JUM,LEL_1,LEL,1,T,T-JUM092518A031,8,6,1.2105584954120887,1.430385777116842
JUM092518A031,JUM,LEL_1,LEL,1,T,T-JUM092518A031,8,7,1.3074705802167323,1.430385777116842
JUM092518A031,JUM,LEL_1,LEL,1,T,T-JUM092518A031,8,8,1.3655799658743093,1.430385777116842
JUM092518A031,JUM,LSR_1,LSR,1,T,T-JUM092518A031,8,1,0.5348776034938436,1.4552485740480767
JUM092518A031,JUM,LSR_1,LSR,1,T,T-JUM092518A031,8,2,0.7416978864662,1.4552485740480767
JUM092518A031,JUM,LSR_1,LSR,1,T,T-JUM092518A031,8,3,0.8822520253314935,1.4552485740480767
JUM092518A031,JUM,LSR_1,LSR,1,T,T-JUM092518A031,8,4,0.9920826782645443,1.4552485740480767
JUM092518A031,JUM,LSR_1,LSR,1,T,T-JUM092518A031,8,5,1.1098240478976755,1.4552485740480767
JUM092518A031,JUM,LSR_1,LSR,1,T,T-JUM092518A031,8,6,1.2018833717433168,1.4552485740480767
JUM092518A031,JUM,LSR_1,LSR,1,T,T-JUM092518A031,8,7,1.3003076400602864,1.4552485740480767
JUM092518A031,JUM,LSR_1,LSR,1,T,T-JUM092518A031,8,8,1.3686348138056845,1.4552485740480767
JUM092518A031,JUM,MJS_1,MJS,1,T,T-JUM092518A031,8,1,0.5481446111737972,1.4680425545029245
JUM092518A031,JUM,MJS_1,MJS,1,T,T-JUM092518A031,8,2,0.7648066228924568,1.4680425545029245
JUM092518A031,JUM,MJS_1,MJS,1,T,T-JUM092518A031,8,3,0.9038053354424301,1.4680425545029245
JUM092518A031,JUM,MJS_1,MJS,1,T,T-JUM092518A031,8,4,1.0214256634437082,1.4680425545029245
JUM092518A031,JUM,MJS_1,MJS,1,T,T-JUM092518A031,8,5,1.1525741369675842,1.4680425545029245
JUM092518A031,JUM,MJS_1,MJS,1,T,T-JUM092518A031,8,6,1.246173192089167,1.4680425545029245
JUM092518A031,JUM,MJS_1,MJS,1,T,T-JUM092518A031,8,7,1.3344080445818507,1.4680425545029245
JUM092518A031,JUM,MJS_1,MJS,1,T,T-JUM092518A031,8,8,1.3985431982279375,1.4680425545029245
JUM092518A032,JUM,JRS_1,JRS,1,T,T-JUM092518A032,7,1,0.4441793890094944,1.388476580569965
JUM092518A032,JUM,JRS_1,JRS,1,T,T-JUM092518A032,7,2,0.6900471703684048,1.388476580569965
JUM092518A032,JUM,JRS_1,JRS,1,T,T-JUM092518A032,7,3,0.8440566918790494,1.388476580569965
JUM092518A032,JUM,JRS_1,JRS,1,T,T-JUM092518A032,7,4,0.939021375787764,1.388476580569965
JUM092518A032,JUM,JRS_1,JRS,1,T,T-JUM092518A032,7,5,1.0814684016508358,1.388476580569965
JUM092518A032,JUM,JRS_1,JRS,1,T,T-JUM092518A032,7,6,1.1732528297451328,1.388476580569965
JUM092518A032,JUM,JRS_1,JRS,1,T,T-JUM092518A032,7,7,1.2755888893848426,1.388476580569965
JUM092518A032,JUM,LEL_1,LEL,1,T,T-JUM092518A032,8,1,0.546089416671288,1.4516949989908279
JUM092518A032,JUM,LEL_1,LEL,1,T,T-JUM092518A032,8,2,0.6963372006419273,1.4516949989908279
JUM092518A032,JUM,LEL_1,LEL,1,T,T-JUM092518A032,8,3,0.8343662239597212,1.4516949989908279
JUM092518A032,JUM,LEL_1,LEL,1,T,T-JUM092518A032,8,4,0.9717611500840404,1.4516949989908279
JUM092518A032,JUM,LEL_1,LEL,1,T,T-JUM092518A032,8,5,1.0736191007549856,1.4516949989908279
JUM092518A032,JUM,LEL_1,LEL,1,T,T-JUM092518A032,8,6,1.1829318233420767,1.4516949989908279
JUM092518A032,JUM,LEL_1,LEL,1,T,T-JUM092518A032,8,7,1.2889141590324862,1.4516949989908279
JUM092518A032,JUM,LEL_1,LEL,1,T,T-JUM092518A032,8,8,1.366814291185667,1.4516949989908279
JUM092518A032,JUM,LSR_1,LSR,1,T,T-JUM092518A032,8,1,0.5298087551571314,1.496053515927827
JUM092518A032,JUM,LSR_1,LSR,1,T,T-JUM092518A032,8,2,0.8047289444704849,1.496053515927827
JUM092518A032,JUM,LSR_1,LSR,1,T,T-JUM092518A032,8,3,0.9380181958102793,1.496053515927827
JUM092518A032,JUM,LSR_1,LSR,1,T,T-JUM092518A032,8,4,1.056416005255139,1.496053515927827
JUM092518A032,JUM,LSR_1,LSR,1,T,T-JUM092518A032,8,5,1.1526967695719823,1.496053515927827
JUM092518A032,JUM,LSR_1,LSR,1,T,T-JUM092518A032,8,6,1.230884586934767,1.496053515927827
JUM092518A032,JUM,LSR_1,LSR,1,T,T-JUM092518A032,8,7,1.3355070378853748,1.496053515927827
JUM092518A032,JUM,LSR_1,LSR,1,T,T-JUM092518A032,8,8,1.4189817819657244,1.496053515927827
JUM092518A032,JUM,MJS_1,MJS,1,T,T-JUM092518A032,8,1,0.4161756703541277,1.4519722935957
JUM092518A032,JUM,MJS_1,MJS,1,T,T-JUM092518A032,8,2,0.7340778973185649,1.4519722935957
JUM092518A032,JUM,MJS_1,MJS,1,T,T-JUM092518A032,8,3,0.9097551082716405,1.4519722935957
JUM092518A032,JUM,MJS_1,MJS,1,T,T-JUM092518A032,8,4,1.0305033122604663,1.4519722935957
JUM092518A032,JUM,MJS_1,MJS,1,T,T-JUM092518A032,8,5,1.1469561538447843,1.4519722935957
JUM092518A032,JUM,MJS_1,MJS,1,T,T-JUM092518A032,8,6,1.229653232389274,1.4519722935957
JUM092518A032,JUM,MJS_1,MJS,1,T,T-JUM092518A032,8,7,1.3343697193857262,1.4519722935957
JUM092518A032,JUM,MJS_1,MJS,1,T,T-JUM092518A032,8,8,1.4127714355257086,1.4519722935957
JUM092518A033,JUM,JRS_1,JRS,1,T,T-JUM092518A033,10,1,0.3286616834733787,1.3792256242697678
JUM092518A033,JUM,JRS_1,JRS,1,T,T-JUM092518A033,10,2,0.46229429257950005,1.3792256242697678
JUM092518A033,JUM,JRS_1,JRS,1,T,T-JUM092518A033,10,3,0.6046263320549534,1.3792256242697678
JUM092518A033,JUM,JRS_1,JRS,1,T,T-JUM092518A033,10,4,0.7254320747383235,1.3792256242697678
JUM092518A033,JUM,JRS_1,JRS,1,T,T-JUM092518A033,10,5,0.8401231935293699,1.3792256242697678
JUM092518A033,JUM,JRS_1,JRS,1,T,T-JUM092518A033,10,6,0.9332880155283324,1.3792256242697678
JUM092518A033,JUM,JRS_1,JRS,1,T,T-JUM092518A033,10,7,1.036097278834933,1.3792256242697678
JUM092518A033,JUM,JRS_1,JRS,1,T,T-JUM092518A033,10,8,1.1318469073109052,1.3792256242697678
JUM092518A033,JUM,JRS_1,JRS,1,T,T-JUM092518A033,10,9,1.2311263532021912,1.3792256242697678
JUM092518A033,JUM,JRS_1,JRS,1,T,T-JUM092518A033,10,10,1.3194689545473353,1.3792256242697678
JUM092518A033,JUM,LEL_1,LEL,1,T,T-JUM092518A033,9,1,0.6685394451171556,1.5344364609672727
JUM092518A033,JUM,LEL_1,LEL,1,T,T-JUM092518A033,9,2,0.7853253512619632,1.5344364609672727
JUM092518A033,JUM,LEL_1,LEL,1,T,T-JUM092518A033,9,3,0.9094503198466696,1.5344364609672727
JUM092518A033,JUM,LEL_1,LEL,1,T,T-JUM092518A033,9,4,1.0004968333682605,1.5344364609672727
JUM092518A033,JUM,LEL_1,LEL,1,T,T-JUM092518A033,9,5,1.108507469035334,1.5344364609672727
JUM092518A033,JUM,LEL_1,LEL,1,T,T-JUM092518A033,9,6,1.2068930449968223,1.5344364609672727
JUM092518A033,JUM,LEL_1,LEL,1,T,T-JUM092518A033,9,7,1.295811583503447,1.5344364609672727
JUM092518A033,JUM,LEL_1,LEL,1,T,T-JUM092518A033,9,8,1.3876025380857426,1.5344364609672727
JUM092518A033,JUM,LEL_1,LEL,1,T,T-JUM092518A033,9,9,1.4499845688248731,1.5344364609672727
JUM092518A033,JUM,LSR_1,LSR,1,T,T-JUM092518A033,11,1,0.41647811057558926,1.5770588176871623
JUM092518A033,JUM,LSR_1,LSR,1,T,T-JUM092518A033,11,2,0.5565154645514374,1.5770588176871623
JUM092518A033,JUM,LSR_1,LSR,1,T,T-JUM092518A033,11,3,0.7230537911738177,1.5770588176871623
JUM092518A033,JUM,LSR_1,LSR,1,T,T-JUM092518A033,11,4,0.8189107304536452,1.5770588176871623
JUM092518A033,JUM,LSR_1,LSR,1,T,T-JUM092518A033,11,5,0.8957628069747279,1.5770588176871623
JUM092518A033,JUM,LSR_1,LSR,1,T,T-JUM092518A033,11,6,1.0207326989513328,1.5770588176871623
JUM092518A033,JUM,LSR_1,LSR,1,T,T-JUM092518A033,11,7,1.1270764198004086,1.5770588176871623
JUM092518A033,JUM,LSR_1,LSR,1,T,T-JUM092518A033,11,8,1.2243340220131629,1.5770588176871623
JUM092518A033,JUM,LSR_1,LSR,1,T,T-JUM092518A033,11,9,1.325150333354202,1.5770588176871623
JUM092518A033,JUM,LSR_1,LSR,1,T,T-JUM092518A033,11,10,1.3853449391275061,1.5770588176871623
JUM092518A033,JUM,LSR_1,LSR,1,T,T-JUM092518A033,11,11,1.4897199595968313,1.5770588176871623
JUM092518A033,JUM,MJS_1,MJS,1,T,T-JUM092518A033,11,1,0.605307929671589,1.8408139730354502
JUM092518A033,JUM,MJS_1,MJS,1,T,T-JUM092518A033,11,2,0.7459924453079452,1.8408139730354502
JUM092518A033,JUM,MJS_1,MJS,1,T,T-JUM092518A033,11,3,0.9066990599998495,1.8408139730354502
JUM092518A033,JUM,MJS_1,MJS,1,T,T-JUM092518A033,11,4,1.0571237329559722,1.8408139730354502
JUM092518A033,JUM,MJS_1,MJS,1,T,T-JUM092518A033,11,5,1.1413551766622805,1.8408139730354502
JUM092518A033,JUM,MJS_1,MJS,1,T,T-JUM092518A033,11,6,1.2845653613137051,1.8408139730354502
JUM092518A033,JUM,MJS_1,MJS,1,T,T-JUM092518A033,11,7,1.3792580124313003,1.8408139730354502
JUM092518A033,JUM,MJS_1,MJS,1,T,T-JUM092518A033,11,8,1.4963151785545084,1.8408139730354502
JUM092518A033,JUM,MJS_1,MJS,1,T,T-JUM092518A033,11,9,1.5864982760579796,1.8408139730354502
JUM092518A033,JUM,MJS_1,MJS,1,T,T-JUM092518A033,11,10,1.6846169119576695,1.8408139730354502
JUM092518A033,JUM,MJS_1,MJS,1,T,T-JUM092518A033,11,11,1.75982924843573,1.8408139730354502
JUM092518A034,JUM,JRS_1,JRS,1,T,T-JUM092518A034,10,1,0.3876594284360445,1.430402828813994
JUM092518A034,JUM,JRS_1,JRS,1,T,T-JUM092518A034,10,2,0.5815207592208049,1.430402828813994
JUM092518A034,JUM,JRS_1,JRS,1,T,T-JUM092518A034,10,3,0.7251230968222697,1.430402828813994
JUM092518A034,JUM,JRS_1,JRS,1,T,T-JUM092518A034,10,4,0.8407224310982836,1.430402828813994
JUM092518A034,JUM,JRS_1,JRS,1,T,T-JUM092518A034,10,5,0.9542818557505717,1.430402828813994
JUM092518A034,JUM,JRS_1,JRS,1,T,T-JUM092518A034,10,6,1.0447833100016757,1.430402828813994
JUM092518A034,JUM,JRS_1,JRS,1,T,T-JUM092518A034,10,7,1.1308954627352303,1.430402828813994
JUM092518A034,JUM,JRS_1,JRS,1,T,T-JUM092518A034,10,8,1.217317097738882,1.430402828813994
JUM092518A034,JUM,JRS_1,JRS,1,T,T-JUM092518A034,10,9,1.2981747352780726,1.430402828813994
JUM092518A034,JUM,JRS_1,JRS,1,T,T-JUM092518A034,10,10,1.3863267976353533,1.430402828813994
JUM092518A034,JUM,LEL_1,LEL,1,T,T-JUM092518A034,9,1,0.9100109491773405,1.6359221393986139
JUM092518A034,JUM,LEL_1,LEL,1,T,T-JUM092518A034,9,2,1.0126080123036763,1.6359221393986139
JUM092518A034,JUM,LEL_1,LEL,1,T,T-JUM092518A034,9,3,1.1224779534419747,1.6359221393986139
JUM092518A034,JUM,LEL_1,LEL,1,T,T-JUM092518A034,9,4,1.212153287307659,1.6359221393986139
JUM092518A034,JUM,LEL_1,LEL,1,T,T-JUM092518A034,9,5,1.2889068919126927,1.6359221393986139
JUM092518A034,JUM,LEL_1,LEL,1,T,T-JUM092518A034,9,6,1.344848068603196,1.6359221393986139
JUM092518A034,JUM,LEL_1,LEL,1,T,T-JUM092518A034,9,7,1.444426513365468,1.6359221393986139
JUM092518A034,JUM,LEL_1,LEL,1,T,T-JUM092518A034,9,8,1.535725873994425,1.6359221393986139
JUM092518A034,JUM,LEL_1,LEL,1,T,T-JUM092518A034,9,9,1.5829995810721735,1.6359221393986139
JUM092518A034,JUM,LSR_1,LSR,1,T,T-JUM092518A034,10,1,0.3536086104681322,1.2140951978001013
JUM092518A034,JUM,LSR_1,LSR,1,T,T-JUM092518A034,10,2,0.47212933187308065,1.2140951978001013
JUM092518A034,JUM,LSR_1,LSR,1,T,T-JUM092518A034,10,3,0.5915422274300719,1.2140951978001013
JUM092518A034,JUM,LSR_1,LSR,1,T,T-JUM092518A034,10,4,0.6891199297314724,1.2140951978001013
JUM092518A034,JUM,LSR_1,LSR,1,T,T-JUM092518A034,10,5,0.7756531313231056,1.2140951978001013
JUM092518A034,JUM,LSR_1,LSR,1,T,T-JUM092518A034,10,6,0.8677085832696232,1.2140951978001013
JUM092518A034,JUM,LSR_1,LSR,1,T,T-JUM092518A034,10,7,0.9388210161125922,1.2140951978001013
JUM092518A034,JUM,LSR_1,LSR,1,T,T-JUM092518A034,10,8,1.0336375932365522,1.2140951978001013
JUM092518A034,JUM,LSR_1,LSR,1,T,T-JUM092518A034,10,9,1.1147331471946151,1.2140951978001013
JUM092518A034,JUM,LSR_1,LSR,1,T,T-JUM092518A034,10,10,1.1593803105791538,1.2140951978001013
JUM092518A034,JUM,MJS_1,MJS,1,T,T-JUM092518A034,10,1,0.2782636318961944,1.2420273483264004
JUM092518A034,JUM,MJS_1,MJS,1,T,T-JUM092518A034,10,2,0.4440596545644421,1.2420273483264004
JUM092518A034,JUM,MJS_1,MJS,1,T,T-JUM092518A034,10,3,0.5779161221250464,1.2420273483264004
JUM092518A034,JUM,MJS_1,MJS,1,T,T-JUM092518A034,10,4,0.6641112262013534,1.2420273483264004
JUM092518A034,JUM,MJS_1,MJS,1,T,T-JUM092518A034,10,5,0.7823896177766461,1.2420273483264004
JUM092518A034,JUM,MJS_1,MJS,1,T,T-JUM092518A034,10,6,0.8477312974801489,1.2420273483264004
JUM092518A034,JUM,MJS_1,MJS,1,T,T-JUM092518A034,10,7,0.9312887273627095,1.2420273483264004
JUM092518A034,JUM,MJS_1,MJS,1,T,T-JUM092518A034,10,8,1.0313513687589446,1.2420273483264004
JUM092518A034,JUM,MJS_1,MJS,1,T,T-JUM092518A034,10,9,1.111343988919396,1.2420273483264004
JUM092518A034,JUM,MJS_1,MJS,1,T,T-JUM092518A034,10,10,1.1731208589007878,1.2420273483264004
JUM092518A035,JUM,JRS_1,JRS,1,T,T-JUM092518A035,10,1,0.3614700246324758,1.400959400893031
JUM092518A035,JUM,JRS_1,JRS,1,T,T-JUM092518A035,10,2,0.5400906025441212,1.400959400893031
JUM092518A035,JUM,JRS_1,JRS,1,T,T-JUM092518A035,10,3,0.6803428142622578,1.400959400893031
JUM092518A035,JUM,JRS_1,JRS,1,T,T-JUM092518A035,10,4,0.7822266597868877,1.400959400893031
JUM092518A035,JUM,JRS_1,JRS,1,T,T-JUM092518A035,10,5,0.8928355662440565,1.400959400893031
JUM092518A035,JUM,JRS_1,JRS,1,T,T-JUM092518A035,10,6,1.0208192279938046,1.400959400893031
JUM092518A035,JUM,JRS_1,JRS,1,T,T-JUM092518A035,10,7,1.0578922012131393,1.400959400893031
JUM092518A035,JUM,JRS_1,JRS,1,T,T-JUM092518A035,10,8,1.1346289336001547,1.400959400893031
JUM092518A035,JUM,JRS_1,JRS,1,T,T-JUM092518A035,10,9,1.2284730979655814,1.400959400893031
JUM092518A035,JUM,JRS_1,JRS,1,T,T-JUM092518A035,10,10,1.3016663413167469,1.400959400893031
JUM092518A035,JUM,LEL_1,LEL,1,T,T-JUM092518A035,10,1,0.6433390916091357,1.5614473737512267
JUM092518A035,JUM,LEL_1,LEL,1,T,T-JUM092518A035,10,2,0.8346351660937258,1.5614473737512267
JUM092518A035,JUM,LEL_1,LEL,1,T,T-JUM092518A035,10,3,0.9570127512126817,1.5614473737512267
JUM092518A035,JUM,LEL_1,LEL,1,T,T-JUM092518A035,10,4,1.0482475621971792,1.5614473737512267
JUM092518A035,JUM,LEL_1,LEL,1,T,T-JUM092518A035,10,5,1.1612983141407858,1.5614473737512267
JUM092518A035,JUM,LEL_1,LEL,1,T,T-JUM092518A035,10,6,1.2245206274692595,1.5614473737512267
JUM092518A035,JUM,LEL_1,LEL,1,T,T-JUM092518A035,10,7,1.3131895388950308,1.5614473737512267
JUM092518A035,JUM,LEL_1,LEL,1,T,T-JUM092518A035,10,8,1.3774766098029663,1.5614473737512267
JUM092518A035,JUM,LEL_1,LEL,1,T,T-JUM092518A035,10,9,1.4573190687131432,1.5614473737512267
JUM092518A035,JUM,LEL_1,LEL,1,T,T-JUM092518A035,10,10,1.5029204751404037,1.5614473737512267
JUM092518A035,JUM,LSR_1,LSR,1,T,T-JUM092518A035,10,1,0.3579326527650764,1.440997223848087
JUM092518A035,JUM,LSR_1,LSR,1,T,T-JUM092518A035,10,2,0.5317400455577772,1.440997223848087
JUM092518A035,JUM,LSR_1,LSR,1,T,T-JUM092518A035,10,3,0.6792141647560643,1.440997223848087
JUM092518A035,JUM,LSR_1,LSR,1,T,T-JUM092518A035,10,4,0.8092322696692417,1.440997223848087
JUM092518A035,JUM,LSR_1,LSR,1,T,T-JUM092518A035,10,5,0.9258436364734841,1.440997223848087
JUM092518A035,JUM,LSR_1,LSR,1,T,T-JUM092518A035,10,6,1.019690803236031,1.440997223848087
JUM092518A035,JUM,LSR_1,LSR,1,T,T-JUM092518A035,10,7,1.088943808608033,1.440997223848087
JUM092518A035,JUM,LSR_1,LSR,1,T,T-JUM092518A035,10,8,1.2091242489649934,1.440997223848087
JUM092518A035,JUM,LSR_1,LSR,1,T,T-JUM092518A035,10,9,1.2712391072315607,1.440997223848087
JUM092518A035,JUM,LSR_1,LSR,1,T,T-JUM092518A035,10,10,1.3440611861562806,1.440997223848087
JUM092518A035,JUM,MJS_1,MJS,1,T,T-JUM092518A035,10,1,0.41364817517485897,1.4801766901811908
JUM092518A035,JUM,MJS_1,MJS,1,T,T-JUM092518A035,10,2,0.5990557329157931,1.4801766901811908
JUM092518A035,JUM,MJS_1,MJS,1,T,T-JUM092518A035,10,3,0.7395743831328822,1.4801766901811908
JUM092518A035,JUM,MJS_1,MJS,1,T,T-JUM092518A035,10,4,0.8457343137322685,1.4801766901811908
JUM092518A035,JUM,MJS_1,MJS,1,T,T-JUM092518A035,10,5,0.9623718295966305,1.4801766901811908
JUM092518A035,JUM,MJS_1,MJS,1,T,T-JUM092518A035,10,6,1.0660145530486183,1.4801766901811908
JUM092518A035,JUM,MJS_1,MJS,1,T,T-JUM092518A035,10,7,1.1432589350004796,1.4801766901811908
JUM092518A035,JUM,MJS_1,MJS,1,T,T-JUM092518A035,10,8,1.2604104128225546,1.4801766901811908
JUM092518A035,JUM,MJS_1,MJS,1,T,T-JUM092518A035,10,9,1.3436119277023055,1.4801766901811908
JUM092518A035,JUM,MJS_1,MJS,1,T,T-JUM092518A035,10,10,1.4009290630396436,1.4801766901811908
JUM092518A036,JUM,JRS_1,JRS,1,T,T-JUM092518A036,10,1,0.421103390239206,1.5328569265955359
JUM092518A036,JUM,JRS_1,JRS,1,T,T-JUM092518A036,10,2,0.5695517013273317,1.5328569265955359
JUM092518A036,JUM,JRS_1,JRS,1,T,T-JUM092518A036,10,3,0.708518942115872,1.5328569265955359
JUM092518A036,JUM,JRS_1,JRS,1,T,T-JUM092518A036,10,4,0.8074844828412893,1.5328569265955359
JUM092518A036,JUM,JRS_1,JRS,1,T,T-JUM092518A036,10,5,0.9201327617398789,1.5328569265955359
JUM092518A036,JUM,JRS_1,JRS,1,T,T-JUM092518A036,10,6,1.0380448330164587,1.5328569265955359
JUM092518A036,JUM,JRS_1,JRS,1,T,T-JUM092518A036,10,7,1.1391190127026738,1.5328569265955359
JUM092518A036,JUM,JRS_1,JRS,1,T,T-JUM092518A036,10,8,1.2475500136796673,1.5328569265955359
JUM092518A036,JUM,JRS_1,JRS,1,T,T-JUM092518A036,10,9,1.3538723756958635,1.5328569265955359
JUM092518A036,JUM,JRS_1,JRS,1,T,T-JUM092518A036,10,10,1.4549465553820786,1.5328569265955359
JUM092518A036,JUM,LEL_1,LEL,1,T,T-JUM092518A036,9,1,0.0679455304290288,1.5342050629210555
JUM092518A036,JUM,LEL_1,LEL,1,T,T-JUM092518A036,9,2,0.18236680650479506,1.5342050629210555
JUM092518A036,JUM,LEL_1,LEL,1,T,T-JUM092518A036,9,3,0.2729280860022881,1.5342050629210555
JUM092518A036,JUM,LEL_1,LEL,1,T,T-JUM092518A036,9,4,0.4028365971401278,1.5342050629210555
JUM092518A036,JUM,LEL_1,LEL,1,T,T-JUM092518A036,9,5,0.5029587238215529,1.5342050629210555
JUM092518A036,JUM,LEL_1,LEL,1,T,T-JUM092518A036,9,6,0.628171054130543,1.5342050629210555
JUM092518A036,JUM,LEL_1,LEL,1,T,T-JUM092518A036,9,7,0.7473867942587957,1.5342050629210555
JUM092518A036,JUM,LEL_1,LEL,1,T,T-JUM092518A036,9,8,0.8713127556764174,1.5342050629210555
JUM092518A036,JUM,LEL_1,LEL,1,T,T-JUM092518A036,9,9,0.9917446623934414,1.5342050629210555
JUM092518A036,JUM,LSR_1,LSR,1,T,T-JUM092518A036,10,1,0.5634504464803328,1.7140113814275184
JUM092518A036,JUM,LSR_1,LSR,1,T,T-JUM092518A036,10,2,0.7489969447752083,1.7140113814275184
JUM092518A036,JUM,LSR_1,LSR,1,T,T-JUM092518A036,10,3,0.8734513827046488,1.7140113814275184
JUM092518A036,JUM,LSR_1,LSR,1,T,T-JUM092518A036,10,4,0.9881678282409504,1.7140113814275184
JUM092518A036,JUM,LSR_1,LSR,1,T,T-JUM092518A036,10,5,1.1102018757708358,1.7140113814275184
JUM092518A036,JUM,LSR_1,LSR,1,T,T-JUM092518A036,10,6,1.2048420437169165,1.7140113814275184
JUM092518A036,JUM,LSR_1,LSR,1,T,T-JUM092518A036,10,7,1.2879805524691696,1.7140113814275184
JUM092518A036,JUM,LSR_1,LSR,1,T,T-JUM092518A036,10,8,1.396542770008632,1.7140113814275184
JUM092518A036,JUM,LSR_1,LSR,1,T,T-JUM092518A036,10,9,1.542386932726024,1.7140113814275184
JUM092518A036,JUM,LSR_1,LSR,1,T,T-JUM092518A036,10,10,1.6193712134814378,1.7140113814275184
JUM092518A036,JUM,MJS_1,MJS,1,T,T-JUM092518A036,10,1,0.5263699660571818,1.659938502674738
JUM092518A036,JUM,MJS_1,MJS,1,T,T-JUM092518A036,10,2,0.6711045406542273,1.659938502674738
JUM092518A036,JUM,MJS_1,MJS,1,T,T-JUM092518A036,10,3,0.7998626227278084,1.659938502674738
JUM092518A036,JUM,MJS_1,MJS,1,T,T-JUM092518A036,10,4,0.9202891371660502,1.659938502674738
JUM092518A036,JUM,MJS_1,MJS,1,T,T-JUM092518A036,10,5,1.0267990873224742,1.659938502674738
JUM092518A036,JUM,MJS_1,MJS,1,T,T-JUM092518A036,10,6,1.1266102544766465,1.659938502674738
JUM092518A036,JUM,MJS_1,MJS,1,T,T-JUM092518A036,10,7,1.2363857738992456,1.659938502674738
JUM092518A036,JUM,MJS_1,MJS,1,T,T-JUM092518A036,10,8,1.3392030111809363,1.659938502674738
JUM092518A036,JUM,MJS_1,MJS,1,T,T-JUM092518A036,10,9,1.4413336057154118,1.659938502674738
JUM092518A036,JUM,MJS_1,MJS,1,T,T-JUM092518A036,10,10,1.5494763405049232,1.659938502674738
JUM092518A037,JUM,JRS_1,JRS,1,T,T-JUM092518A037,10,1,0.508591169189646,1.6607922590577346
JUM092518A037,JUM,JRS_1,JRS,1,T,T-JUM092518A037,10,2,0.6453134244351041,1.6607922590577346
JUM092518A037,JUM,JRS_1,JRS,1,T,T-JUM092518A037,10,3,0.7931452836582402,1.6607922590577346
JUM092518A037,JUM,JRS_1,JRS,1,T,T-JUM092518A037,10,4,0.9360081030222235,1.6607922590577346
JUM092518A037,JUM,JRS_1,JRS,1,T,T-JUM092518A037,10,5,1.0673708103220712,1.6607922590577346
JUM092518A037,JUM,JRS_1,JRS,1,T,T-JUM092518A037,10,6,1.1847488856282076,1.6607922590577346
JUM092518A037,JUM,JRS_1,JRS,1,T,T-JUM092518A037,10,7,1.2967674129887332,1.6607922590577346
JUM092518A037,JUM,JRS_1,JRS,1,T,T-JUM092518A037,10,8,1.4009418724740723,1.6607922590577346
JUM092518A037,JUM,JRS_1,JRS,1,T,T-JUM092518A037,10,9,1.4997567840138015,1.6607922590577346
JUM092518A037,JUM,JRS_1,JRS,1,T,T-JUM092518A037,10,10,1.5845870635598185,1.6607922590577346
JUM092518A037,JUM,LEL_1,LEL,1,T,T-JUM092518A037,10,1,0.6760170974989209,1.6491731124629205
JUM092518A037,JUM,LEL_1,LEL,1,T,T-JUM092518A037,10,2,0.7328607339165439,1.6491731124629205
JUM092518A037,JUM,LEL_1,LEL,1,T,T-JUM092518A037,10,3,0.8202405220973947,1.6491731124629205
JUM092518A037,JUM,LEL_1,LEL,1,T,T-JUM092518A037,10,4,0.9094210893986314,1.6491731124629205
JUM092518A037,JUM,LEL_1,LEL,1,T,T-JUM092518A037,10,5,1.0242049392028685,1.6491731124629205
JUM092518A037,JUM,LEL_1,LEL,1,T,T-JUM092518A037,10,6,1.126852803265333,1.6491731124629205
JUM092518A037,JUM,LEL_1,LEL,1,T,T-JUM092518A037,10,7,1.2385045629297282,1.6491731124629205
JUM092518A037,JUM,LEL_1,LEL,1,T,T-JUM092518A037,10,8,1.351722367664044,1.6491731124629205
JUM092518A037,JUM,LEL_1,LEL,1,T,T-JUM092518A037,10,9,1.4589107261691403,1.6491731124629205
JUM092518A037,JUM,LEL_1,LEL,1,T,T-JUM092518A037,10,10,1.5480912934703768,1.6491731124629205
JUM092518A037,JUM,LSR_1,LSR,1,T,T-JUM092518A037,10,1,0.6037730725429329,1.8650312009308359
JUM092518A037,JUM,LSR_1,LSR,1,T,T-JUM092518A037,10,2,0.7940029447139941,1.8650312009308359
JUM092518A037,JUM,LSR_1,LSR,1,T,T-JUM092518A037,10,3,0.9700402978019318,1.8650312009308359
JUM092518A037,JUM,LSR_1,LSR,1,T,T-JUM092518A037,10,4,1.0887932214438993,1.8650312009308359
JUM092518A037,JUM,LSR_1,LSR,1,T,T-JUM092518A037,10,5,1.2317471185020876,1.8650312009308359
JUM092518A037,JUM,LSR_1,LSR,1,T,T-JUM092518A037,10,6,1.3422291781366167,1.8650312009308359
JUM092518A037,JUM,LSR_1,LSR,1,T,T-JUM092518A037,10,7,1.4662921382481784,1.8650312009308359
JUM092518A037,JUM,LSR_1,LSR,1,T,T-JUM092518A037,10,8,1.567280096663088,1.8650312009308359
JUM092518A037,JUM,LSR_1,LSR,1,T,T-JUM092518A037,10,9,1.6618320468888341,1.8650312009308359
JUM092518A037,JUM,LSR_1,LSR,1,T,T-JUM092518A037,10,10,1.7628200053037437,1.8650312009308359
JUM092518A037,JUM,MJS_1,MJS,1,T,T-JUM092518A037,10,1,0.5422942603801152,1.771933625507392
JUM092518A037,JUM,MJS_1,MJS,1,T,T-JUM092518A037,10,2,0.7891303884186951,1.771933625507392
JUM092518A037,JUM,MJS_1,MJS,1,T,T-JUM092518A037,10,3,0.9395376763931839,1.771933625507392
JUM092518A037,JUM,MJS_1,MJS,1,T,T-JUM092518A037,10,4,1.0709904058236366,1.771933625507392
JUM092518A037,JUM,MJS_1,MJS,1,T,T-JUM092518A037,10,5,1.1975007034826248,1.771933625507392
JUM092518A037,JUM,MJS_1,MJS,1,T,T-JUM092518A037,10,6,1.309584862533064,1.771933625507392
JUM092518A037,JUM,MJS_1,MJS,1,T,T-JUM092518A037,10,7,1.4191978056977712,1.771933625507392
JUM092518A037,JUM,MJS_1,MJS,1,T,T-JUM092518A037,10,8,1.544880079684804,1.771933625507392
JUM092518A037,JUM,MJS_1,MJS,1,T,T-JUM092518A037,10,9,1.6219403493688813,1.771933625507392
JUM092518A037,JUM,MJS_1,MJS,1,T,T-JUM092518A037,10,10,1.7064142667101552,1.771933625507392
JUM092518A038,JUM,JRS_1,JRS,1,T,T-JUM092518A038,0,NA,NA,0.6690318089810672
JUM092518A038,JUM,LEL_1,LEL,1,T,T-JUM092518A038,1,1,0.7596246907230793,0.8836937930112184
JUM092518A038,JUM,LSR_1,LSR,1,T,T-JUM092518A038,3,1,0.34426732108413727,0.5684612913384086
JUM092518A038,JUM,LSR_1,LSR,1,T,T-JUM092518A038,3,2,0.45090304429379785,0.5684612913384086
JUM092518A038,JUM,LSR_1,LSR,1,T,T-JUM092518A038,3,3,0.5058537036222758,0.5684612913384086
JUM092518A038,JUM,MJS_1,MJS,1,T,T-JUM092518A038,2,1,0.5497294114955604,0.8754761806157668
JUM092518A038,JUM,MJS_1,MJS,1,T,T-JUM092518A038,2,2,0.7305473840809957,0.8754761806157668
JUM092518A039,JUM,JRS_1,JRS,1,T,T-JUM092518A039,4,1,0.4041474621381858,0.9509627691435895
JUM092518A039,JUM,JRS_1,JRS,1,T,T-JUM092518A039,4,2,0.5899183433662915,0.9509627691435895
JUM092518A039,JUM,JRS_1,JRS,1,T,T-JUM092518A039,4,3,0.7368810568710866,0.9509627691435895
JUM092518A039,JUM,JRS_1,JRS,1,T,T-JUM092518A039,4,4,0.8491705813467948,0.9509627691435895
JUM092518A039,JUM,LEL_1,LEL,1,T,T-JUM092518A039,4,1,0.4021818712011689,0.944732734151077
JUM092518A039,JUM,LEL_1,LEL,1,T,T-JUM092518A039,4,2,0.5075427242509379,0.944732734151077
JUM092518A039,JUM,LEL_1,LEL,1,T,T-JUM092518A039,4,3,0.6567836406247295,0.944732734151077
JUM092518A039,JUM,LEL_1,LEL,1,T,T-JUM092518A039,4,4,0.8096826231437492,0.944732734151077
JUM092518A039,JUM,LSR_1,LSR,1,T,T-JUM092518A039,4,1,0.6045325093387653,1.1713068018612036
JUM092518A039,JUM,LSR_1,LSR,1,T,T-JUM092518A039,4,2,0.8023845399651927,1.1713068018612036
JUM092518A039,JUM,LSR_1,LSR,1,T,T-JUM092518A039,4,3,0.9291718671631722,1.1713068018612036
JUM092518A039,JUM,LSR_1,LSR,1,T,T-JUM092518A039,4,4,1.0726673746915352,1.1713068018612036
JUM092518A039,JUM,MJS_1,MJS,1,T,T-JUM092518A039,4,1,0.4931199568077326,1.0829296396782686
JUM092518A039,JUM,MJS_1,MJS,1,T,T-JUM092518A039,4,2,0.6770034852502544,1.0829296396782686
JUM092518A039,JUM,MJS_1,MJS,1,T,T-JUM092518A039,4,3,0.8339172489716212,1.0829296396782686
JUM092518A039,JUM,MJS_1,MJS,1,T,T-JUM092518A039,4,4,0.9650655287718951,1.0829296396782686
JUM092518A040,JUM,JRS_1,JRS,1,T,T-JUM092518A040,0,NA,NA,0.5054165603447327
JUM092518A040,JUM,LEL_1,LEL,1,T,T-JUM092518A040,0,NA,NA,0.6164145189237376
JUM092518A040,JUM,LSR_1,LSR,1,T,T-JUM092518A040,2,1,0.27208527016822215,0.47982427709477926
JUM092518A040,JUM,LSR_1,LSR,1,T,T-JUM092518A040,2,2,0.38069624993870227,0.47982427709477926
JUM092518A040,JUM,MJS_1,MJS,1,T,T-JUM092518A040,0,NA,NA,0.5061814820770435
JUM092518A041,JUM,JRS_1,JRS,1,T,T-JUM092518A041,2,1,0.28651601784390673,0.589110495604682
JUM092518A041,JUM,JRS_1,JRS,1,T,T-JUM092518A041,2,2,0.4485322300022061,0.589110495604682
JUM092518A041,JUM,LEL_1,LEL,1,T,T-JUM092518A041,2,1,0.1596320281305638,0.6607351889740548
JUM092518A041,JUM,LEL_1,LEL,1,T,T-JUM092518A041,2,2,0.31081887796834473,0.6607351889740548
JUM092518A041,JUM,LSR_1,LSR,1,T,T-JUM092518A041,2,1,0.5495628779851435,0.8698254936162655
JUM092518A041,JUM,LSR_1,LSR,1,T,T-JUM092518A041,2,2,0.7186583236847779,0.8698254936162655
JUM092518A041,JUM,MJS_1,MJS,1,T,T-JUM092518A041,2,1,0.41475892044100277,0.7341273069230977
JUM092518A041,JUM,MJS_1,MJS,1,T,T-JUM092518A041,2,2,0.5865967917919861,0.7341273069230977
JUM092518A042,JUM,JRS_1,JRS,1,T,T-JUM092518A042,2,1,0.44836161807283964,0.646274006080098
JUM092518A042,JUM,JRS_1,JRS,1,T,T-JUM092518A042,2,2,0.5634333546076339,0.646274006080098
JUM092518A042,JUM,LEL_1,LEL,1,T,T-JUM092518A042,2,1,0.5753321451310834,0.8028734204189294
JUM092518A042,JUM,LEL_1,LEL,1,T,T-JUM092518A042,2,2,0.6912256947006068,0.8028734204189294
JUM092518A042,JUM,LSR_1,LSR,1,T,T-JUM092518A042,2,1,0.48587310437130726,0.6846118821229464
JUM092518A042,JUM,LSR_1,LSR,1,T,T-JUM092518A042,2,2,0.5833917895362424,0.6846118821229464
JUM092518A042,JUM,MJS_1,MJS,1,T,T-JUM092518A042,2,1,0.572428020318622,0.8146287123234456
JUM092518A042,JUM,MJS_1,MJS,1,T,T-JUM092518A042,2,2,0.6890609143108033,0.8146287123234456
JUM092518A043,JUM,JRS_1,JRS,1,T,T-JUM092518A043,3,1,0.43809773543426733,0.9265883211676322
JUM092518A043,JUM,JRS_1,JRS,1,T,T-JUM092518A043,3,2,0.6429654600979153,0.9265883211676322
JUM092518A043,JUM,JRS_1,JRS,1,T,T-JUM092518A043,3,3,0.8237355341011003,0.9265883211676322
JUM092518A043,JUM,LEL_1,LEL,1,T,T-JUM092518A043,3,1,0.39129857873143103,0.8623565576317033
JUM092518A043,JUM,LEL_1,LEL,1,T,T-JUM092518A043,3,2,0.5224493792548719,0.8623565576317033
JUM092518A043,JUM,LEL_1,LEL,1,T,T-JUM092518A043,3,3,0.6842127270385558,0.8623565576317033
JUM092518A043,JUM,LSR_1,LSR,1,T,T-JUM092518A043,3,1,0.6764921213011763,1.1691305796448364
JUM092518A043,JUM,LSR_1,LSR,1,T,T-JUM092518A043,3,2,0.8705712203297739,1.1691305796448364
JUM092518A043,JUM,LSR_1,LSR,1,T,T-JUM092518A043,3,3,1.0509187892061644,1.1691305796448364
JUM092518A043,JUM,MJS_1,MJS,1,T,T-JUM092518A043,3,1,0.5193705240184852,1.0364147716007601
JUM092518A043,JUM,MJS_1,MJS,1,T,T-JUM092518A043,3,2,0.7428977704179993,1.0364147716007601
JUM092518A043,JUM,MJS_1,MJS,1,T,T-JUM092518A043,3,3,0.911011192951533,1.0364147716007601
JUM092518A044,JUM,JRS_1,JRS,1,T,T-JUM092518A044,11,1,0.33614610721124866,2.485543688966317
JUM092518A044,JUM,JRS_1,JRS,1,T,T-JUM092518A044,11,2,1.109021369964429,2.485543688966317
JUM092518A044,JUM,JRS_1,JRS,1,T,T-JUM092518A044,11,3,1.109021369964429,2.485543688966317
JUM092518A044,JUM,JRS_1,JRS,1,T,T-JUM092518A044,11,4,1.109021369964429,2.485543688966317
JUM092518A044,JUM,JRS_1,JRS,1,T,T-JUM092518A044,11,5,1.109021369964429,2.485543688966317
JUM092518A044,JUM,JRS_1,JRS,1,T,T-JUM092518A044,11,6,1.109021369964429,2.485543688966317
JUM092518A044,JUM,JRS_1,JRS,1,T,T-JUM092518A044,11,7,1.109021369964429,2.485543688966317
JUM092518A044,JUM,JRS_1,JRS,1,T,T-JUM092518A044,11,8,1.109021369964429,2.485543688966317
JUM092518A044,JUM,JRS_1,JRS,1,T,T-JUM092518A044,11,9,2.0647487715217947,2.485543688966317
JUM092518A044,JUM,JRS_1,JRS,1,T,T-JUM092518A044,11,10,2.220055590407904,2.485543688966317
JUM092518A044,JUM,JRS_1,JRS,1,T,T-JUM092518A044,11,11,2.3458042388968914,2.485543688966317
JUM092518A044,JUM,LEL_1,LEL,1,T,T-JUM092518A044,4,1,0.34681098828644363,0.8815383515610082
JUM092518A044,JUM,LEL_1,LEL,1,T,T-JUM092518A044,4,2,0.45802481229526076,0.8815383515610082
JUM092518A044,JUM,LEL_1,LEL,1,T,T-JUM092518A044,4,3,0.6145259827438234,0.8815383515610082
JUM092518A044,JUM,LEL_1,LEL,1,T,T-JUM092518A044,4,4,0.7428658096809926,0.8815383515610082
JUM092518A044,JUM,LSR_1,LSR,1,T,T-JUM092518A044,4,1,0.4611210688408552,1.033528205934203
JUM092518A044,JUM,LSR_1,LSR,1,T,T-JUM092518A044,4,2,0.6401704613585043,1.033528205934203
JUM092518A044,JUM,LSR_1,LSR,1,T,T-JUM092518A044,4,3,0.7570758738548815,1.033528205934203
JUM092518A044,JUM,LSR_1,LSR,1,T,T-JUM092518A044,4,4,0.9306160767412409,1.033528205934203
JUM092518A044,JUM,MJS_1,MJS,1,T,T-JUM092518A044,4,1,0.5968688707306619,1.226012557306539
JUM092518A044,JUM,MJS_1,MJS,1,T,T-JUM092518A044,4,2,0.7925759723800647,1.226012557306539
JUM092518A044,JUM,MJS_1,MJS,1,T,T-JUM092518A044,4,3,0.9375963654545817,1.226012557306539
JUM092518A044,JUM,MJS_1,MJS,1,T,T-JUM092518A044,4,4,1.096154868367541,1.226012557306539
JUM092518A045,JUM,JRS_1,JRS,1,T,T-JUM092518A045,5,1,0.45855721572417524,1.1128593446911805
JUM092518A045,JUM,JRS_1,JRS,1,T,T-JUM092518A045,5,2,0.5684979008769788,1.1128593446911805
JUM092518A045,JUM,JRS_1,JRS,1,T,T-JUM092518A045,5,3,0.705259334743186,1.1128593446911805
JUM092518A045,JUM,JRS_1,JRS,1,T,T-JUM092518A045,5,4,0.8768810915989586,1.1128593446911805
JUM092518A045,JUM,JRS_1,JRS,1,T,T-JUM092518A045,5,5,1.002914225979804,1.1128593446911805
JUM092518A045,JUM,LEL_1,LEL,1,T,T-JUM092518A045,4,1,0.5357639601819388,1.1210810220707215
JUM092518A045,JUM,LEL_1,LEL,1,T,T-JUM092518A045,4,2,0.6880640864851439,1.1210810220707215
JUM092518A045,JUM,LEL_1,LEL,1,T,T-JUM092518A045,4,3,0.8523792105915885,1.1210810220707215
JUM092518A045,JUM,LEL_1,LEL,1,T,T-JUM092518A045,4,4,0.9721579228417979,1.1210810220707215
JUM092518A045,JUM,LSR_1,LSR,1,T,T-JUM092518A045,5,1,0.6998002542132128,1.304985220352846
JUM092518A045,JUM,LSR_1,LSR,1,T,T-JUM092518A045,5,2,0.8074279012526228,1.304985220352846
JUM092518A045,JUM,LSR_1,LSR,1,T,T-JUM092518A045,5,3,0.8800986178499292,1.304985220352846
JUM092518A045,JUM,LSR_1,LSR,1,T,T-JUM092518A045,5,4,1.068667548625945,1.304985220352846
JUM092518A045,JUM,LSR_1,LSR,1,T,T-JUM092518A045,5,5,1.1733177914952073,1.304985220352846
JUM092518A045,JUM,MJS_1,MJS,1,T,T-JUM092518A045,4,1,0.5897266643115854,1.2404162072253606
JUM092518A045,JUM,MJS_1,MJS,1,T,T-JUM092518A045,4,2,0.8019113873466555,1.2404162072253606
JUM092518A045,JUM,MJS_1,MJS,1,T,T-JUM092518A045,4,3,0.9901696881792289,1.2404162072253606
JUM092518A045,JUM,MJS_1,MJS,1,T,T-JUM092518A045,4,4,1.1350735859280288,1.2404162072253606
JUM092518A046,JUM,JRS_1,JRS,1,T,T-JUM092518A046,0,NA,NA,0.5918394417674115
JUM092518A046,JUM,LEL_1,LEL,1,T,T-JUM092518A046,1,1,0.7375735830954697,0.8127863539189821
JUM092518A046,JUM,LSR_1,LSR,1,T,T-JUM092518A046,2,1,0.5936286213060505,0.9413246504273071
JUM092518A046,JUM,LSR_1,LSR,1,T,T-JUM092518A046,2,2,0.8808104725467762,0.9413246504273071
JUM092518A046,JUM,MJS_1,MJS,1,T,T-JUM092518A046,1,1,0.6069495311502795,0.8947028169481226
JUM092518A047,JUM,JRS_1,JRS,1,T,T-JUM092518A047,1,1,0.5380136420384183,0.6685844644996388
JUM092518A047,JUM,LEL_1,LEL,1,T,T-JUM092518A047,1,1,0.62336044184425,0.7562969371734113
JUM092518A047,JUM,LSR_1,LSR,1,T,T-JUM092518A047,2,1,0.44322606143137006,0.736736604385213
JUM092518A047,JUM,LSR_1,LSR,1,T,T-JUM092518A047,2,2,0.6015256965034503,0.736736604385213
JUM092518A047,JUM,MJS_1,MJS,1,T,T-JUM092518A047,2,1,0.44544232879425016,0.75684089507899
JUM092518A047,JUM,MJS_1,MJS,1,T,T-JUM092518A047,2,2,0.6092176643380157,0.75684089507899
JUM092518A048,JUM,JRS_1,JRS,1,T,T-JUM092518A048,3,1,0.4865223460931747,1.0081522988893332
JUM092518A048,JUM,JRS_1,JRS,1,T,T-JUM092518A048,3,2,0.6771221090852867,1.0081522988893332
JUM092518A048,JUM,JRS_1,JRS,1,T,T-JUM092518A048,3,3,0.8617573354395476,1.0081522988893332
JUM092518A048,JUM,LEL_1,LEL,1,T,T-JUM092518A048,3,1,0.3994599221507129,0.9269233685404766
JUM092518A048,JUM,LEL_1,LEL,1,T,T-JUM092518A048,3,2,0.592978277547966,0.9269233685404766
JUM092518A048,JUM,LEL_1,LEL,1,T,T-JUM092518A048,3,3,0.7572556155080339,0.9269233685404766
JUM092518A048,JUM,LSR_1,LSR,1,T,T-JUM092518A048,3,1,0.6828667867680847,1.219427378983264
JUM092518A048,JUM,LSR_1,LSR,1,T,T-JUM092518A048,3,2,0.9069822133534494,1.219427378983264
JUM092518A048,JUM,LSR_1,LSR,1,T,T-JUM092518A048,3,3,1.0651308193608282,1.219427378983264
JUM092518A048,JUM,MJS_1,MJS,1,T,T-JUM092518A048,3,1,0.6108046223971068,1.159323924214626
JUM092518A048,JUM,MJS_1,MJS,1,T,T-JUM092518A048,3,2,0.8199944742129903,1.159323924214626
JUM092518A048,JUM,MJS_1,MJS,1,T,T-JUM092518A048,3,3,1.0024315353527136,1.159323924214626
JUM092518A049,JUM,JRS_1,JRS,1,T,T-JUM092518A049,2,1,0.4767365787027218,0.7782696417467997
JUM092518A049,JUM,JRS_1,JRS,1,T,T-JUM092518A049,2,2,0.6408069007563421,0.7782696417467997
JUM092518A049,JUM,LEL_1,LEL,1,T,T-JUM092518A049,1,1,0.42307718436825614,0.6123668088456844
JUM092518A049,JUM,LSR_1,LSR,1,T,T-JUM092518A049,2,1,0.5349686068961047,0.8346290142606809
JUM092518A049,JUM,LSR_1,LSR,1,T,T-JUM092518A049,2,2,0.6820057188363808,0.8346290142606809
JUM092518A049,JUM,MJS_1,MJS,1,T,T-JUM092518A049,2,1,0.5229702715276616,0.8176262002810071
JUM092518A049,JUM,MJS_1,MJS,1,T,T-JUM092518A049,2,2,0.6776206321136401,0.8176262002810071
JUM092518A050,JUM,JRS_1,JRS,1,T,T-JUM092518A050,4,1,0.38923511230577695,0.7575696390903967
JUM092518A050,JUM,JRS_1,JRS,1,T,T-JUM092518A050,4,2,0.5113058961499317,0.7575696390903967
JUM092518A050,JUM,JRS_1,JRS,1,T,T-JUM092518A050,4,3,0.5871088116899028,0.7575696390903967
JUM092518A050,JUM,JRS_1,JRS,1,T,T-JUM092518A050,4,4,0.6791924433860576,0.7575696390903967
JUM092518A050,JUM,LEL_1,LEL,1,T,T-JUM092518A050,4,1,0.4281324657952917,0.7579639464194061
JUM092518A050,JUM,LEL_1,LEL,1,T,T-JUM092518A050,4,2,0.5111025185111774,0.7579639464194061
JUM092518A050,JUM,LEL_1,LEL,1,T,T-JUM092518A050,4,3,0.6024021475655016,0.7579639464194061
JUM092518A050,JUM,LEL_1,LEL,1,T,T-JUM092518A050,4,4,0.6733054184730126,0.7579639464194061
JUM092518A050,JUM,LSR_1,LSR,1,T,T-JUM092518A050,5,1,0.2716859954500998,0.7989230412823232
JUM092518A050,JUM,LSR_1,LSR,1,T,T-JUM092518A050,5,2,0.3981574852884113,0.7989230412823232
JUM092518A050,JUM,LSR_1,LSR,1,T,T-JUM092518A050,5,3,0.5147417019832383,0.7989230412823232
JUM092518A050,JUM,LSR_1,LSR,1,T,T-JUM092518A050,5,4,0.6217922371796699,0.7989230412823232
JUM092518A050,JUM,LSR_1,LSR,1,T,T-JUM092518A050,5,5,0.715993836882028,0.7989230412823232
JUM092518A050,JUM,MJS_1,MJS,1,T,T-JUM092518A050,4,1,0.5434764940910258,0.9813965580840451
JUM092518A050,JUM,MJS_1,MJS,1,T,T-JUM092518A050,4,2,0.6786250135743841,0.9813965580840451
JUM092518A050,JUM,MJS_1,MJS,1,T,T-JUM092518A050,4,3,0.7840099986711861,0.9813965580840451
JUM092518A050,JUM,MJS_1,MJS,1,T,T-JUM092518A050,4,4,0.8813954164108659,0.9813965580840451
JUM092518A051,JUM,LEL_1,LEL,1,T,T-JUM092518A051,3,1,0.4294834405742706,0.7139362106229747
JUM092518A051,JUM,LEL_1,LEL,1,T,T-JUM092518A051,3,2,0.5201105352801697,0.7139362106229747
JUM092518A051,JUM,LEL_1,LEL,1,T,T-JUM092518A051,3,3,0.647710518348352,0.7139362106229747
JUM092518A051,JUM,LSR_1,LSR,1,T,T-JUM092518A051,4,1,0.505196669511872,0.9082159550838521
JUM092518A051,JUM,LSR_1,LSR,1,T,T-JUM092518A051,4,2,0.6501972505777953,0.9082159550838521
JUM092518A051,JUM,LSR_1,LSR,1,T,T-JUM092518A051,4,3,0.7147019267043093,0.9082159550838521
JUM092518A051,JUM,LSR_1,LSR,1,T,T-JUM092518A051,4,4,0.83029529480077,0.9082159550838521
JUM092518A051,JUM,MJS_1,MJS,1,T,T-JUM092518A051,4,1,0.3765239072842475,0.749236489840188
JUM092518A051,JUM,MJS_1,MJS,1,T,T-JUM092518A051,4,2,0.48519599701397753,0.749236489840188
JUM092518A051,JUM,MJS_1,MJS,1,T,T-JUM092518A051,4,3,0.5708976461248629,0.749236489840188
JUM092518A051,JUM,MJS_1,MJS,1,T,T-JUM092518A051,4,4,0.6543671629315654,0.749236489840188
JUM092518A052,JUM,JRS_1,JRS,1,T,T-JUM092518A052,3,1,0.44821699237036283,1.0137963995138408
JUM092518A052,JUM,JRS_1,JRS,1,T,T-JUM092518A052,3,2,0.6789761696229805,1.0137963995138408
JUM092518A052,JUM,JRS_1,JRS,1,T,T-JUM092518A052,3,3,0.8685368834251628,1.0137963995138408
JUM092518A052,JUM,LEL_1,LEL,1,T,T-JUM092518A052,3,1,0.40419240816220653,0.9200252197747755
JUM092518A052,JUM,LEL_1,LEL,1,T,T-JUM092518A052,3,2,0.5480470664982648,0.9200252197747755
JUM092518A052,JUM,LEL_1,LEL,1,T,T-JUM092518A052,3,3,0.7358420197088159,0.9200252197747755
JUM092518A052,JUM,LSR_1,LSR,1,T,T-JUM092518A052,4,1,0.5341437757818508,1.0768757456056834
JUM092518A052,JUM,LSR_1,LSR,1,T,T-JUM092518A052,4,2,0.7542249759471309,1.0768757456056834
JUM092518A052,JUM,LSR_1,LSR,1,T,T-JUM092518A052,4,3,0.9262332362920439,1.0768757456056834
JUM092518A052,JUM,LSR_1,LSR,1,T,T-JUM092518A052,4,4,1.021320138076652,1.0768757456056834
JUM092518A052,JUM,MJS_1,MJS,1,T,T-JUM092518A052,3,1,0.5074829605143795,1.0412103466552718
JUM092518A052,JUM,MJS_1,MJS,1,T,T-JUM092518A052,3,2,0.720384656730027,1.0412103466552718
JUM092518A052,JUM,MJS_1,MJS,1,T,T-JUM092518A052,3,3,0.9052645434775304,1.0412103466552718
JUM092518A053,JUM,JRS_1,JRS,1,T,T-JUM092518A053,2,1,0.5755975651829739,0.8587404977501647
JUM092518A053,JUM,JRS_1,JRS,1,T,T-JUM092518A053,2,2,0.7262705764292005,0.8587404977501647
JUM092518A053,JUM,LEL_1,LEL,1,T,T-JUM092518A053,2,1,0.7264886379153629,0.9744046681986254
JUM092518A053,JUM,LEL_1,LEL,1,T,T-JUM092518A053,2,2,0.8489528896357673,0.9744046681986254
JUM092518A053,JUM,LSR_1,LSR,1,T,T-JUM092518A053,3,1,0.3208034331819459,0.7088584625779273
JUM092518A053,JUM,LSR_1,LSR,1,T,T-JUM092518A053,3,2,0.49308675840928695,0.7088584625779273
JUM092518A053,JUM,LSR_1,LSR,1,T,T-JUM092518A053,3,3,0.6249472442901224,0.7088584625779273
JUM092518A053,JUM,MJS_1,MJS,1,T,T-JUM092518A053,3,1,0.592691780686438,0.9858881503332477
JUM092518A053,JUM,MJS_1,MJS,1,T,T-JUM092518A053,3,2,0.7190673456551321,0.9858881503332477
JUM092518A053,JUM,MJS_1,MJS,1,T,T-JUM092518A053,3,3,0.868873042666618,0.9858881503332477
JUM092518A055,JUM,LEL_1,LEL,1,T,T-JUM092518A055,0,NA,NA,0.7333416261237635
JUM092518A055,JUM,LSR_1,LSR,1,T,T-JUM092518A055,1,1,0.34276160267449984,0.429490113888823
JUM092518A055,JUM,MJS_1,MJS,1,T,T-JUM092518A055,0,NA,NA,0.5782024123871775
JUM092518A057,JUM,JRS_1,JRS,1,T,T-JUM092518A057,2,1,0.4877784978803427,0.8138565590923434
JUM092518A057,JUM,JRS_1,JRS,1,T,T-JUM092518A057,2,2,0.6791013791473306,0.8138565590923434
JUM092518A057,JUM,LEL_1,LEL,1,T,T-JUM092518A057,1,1,0.5503024946422046,0.6963906245654261
JUM092518A057,JUM,LSR_1,LSR,1,T,T-JUM092518A057,2,1,0.37562202277784845,0.6060505762989784
JUM092518A057,JUM,LSR_1,LSR,1,T,T-JUM092518A057,2,2,0.5093570987487894,0.6060505762989784
JUM092518A057,JUM,MJS_1,MJS,1,T,T-JUM092518A057,2,1,0.5481447378389741,0.882571539609218
JUM092518A057,JUM,MJS_1,MJS,1,T,T-JUM092518A057,2,2,0.7389537200611253,0.882571539609218
JUM092518A058,JUM,JRS_1,JRS,1,T,T-JUM092518A058,3,1,0.4953357029654745,1.0131473680893501
JUM092518A058,JUM,JRS_1,JRS,1,T,T-JUM092518A058,3,2,0.708097847920103,1.0131473680893501
JUM092518A058,JUM,JRS_1,JRS,1,T,T-JUM092518A058,3,3,0.876647603177034,1.0131473680893501
JUM092518A058,JUM,LEL_1,LEL,1,T,T-JUM092518A058,3,1,0.3222351366903785,0.7825081187220697
JUM092518A058,JUM,LEL_1,LEL,1,T,T-JUM092518A058,3,2,0.4622562468470787,0.7825081187220697
JUM092518A058,JUM,LEL_1,LEL,1,T,T-JUM092518A058,3,3,0.6341338100375999,0.7825081187220697
JUM092518A058,JUM,LSR_1,LSR,1,T,T-JUM092518A058,3,1,0.5871977703770972,1.1297514427125877
JUM092518A058,JUM,LSR_1,LSR,1,T,T-JUM092518A058,3,2,0.8411298814827812,1.1297514427125877
JUM092518A058,JUM,LSR_1,LSR,1,T,T-JUM092518A058,3,3,1.0075754578474774,1.1297514427125877
JUM092518A058,JUM,MJS_1,MJS,1,T,T-JUM092518A058,3,1,0.6057418545835084,1.1514409818715194
JUM092518A058,JUM,MJS_1,MJS,1,T,T-JUM092518A058,3,2,0.8358849238414924,1.1514409818715194
JUM092518A058,JUM,MJS_1,MJS,1,T,T-JUM092518A058,3,3,1.0083614893314907,1.1514409818715194
JUM092518A059,JUM,JRS_1,JRS,1,T,T-JUM092518A059,5,1,0.4041011705151608,1.1375002136471293
JUM092518A059,JUM,JRS_1,JRS,1,T,T-JUM092518A059,5,2,0.6311101970023626,1.1375002136471293
JUM092518A059,JUM,JRS_1,JRS,1,T,T-JUM092518A059,5,3,0.7961683135126197,1.1375002136471293
JUM092518A059,JUM,JRS_1,JRS,1,T,T-JUM092518A059,5,4,0.9227658176738115,1.1375002136471293
JUM092518A059,JUM,JRS_1,JRS,1,T,T-JUM092518A059,5,5,1.035740849217468,1.1375002136471293
JUM092518A059,JUM,LEL_1,LEL,1,T,T-JUM092518A059,5,1,0.40809602909180775,1.0685314392366152
JUM092518A059,JUM,LEL_1,LEL,1,T,T-JUM092518A059,5,2,0.5571206707952133,1.0685314392366152
JUM092518A059,JUM,LEL_1,LEL,1,T,T-JUM092518A059,5,3,0.7078328710246699,1.0685314392366152
JUM092518A059,JUM,LEL_1,LEL,1,T,T-JUM092518A059,5,4,0.8585541851385277,1.0685314392366152
JUM092518A059,JUM,LEL_1,LEL,1,T,T-JUM092518A059,5,5,0.9652349276558237,1.0685314392366152
JUM092518A059,JUM,LSR_1,LSR,1,T,T-JUM092518A059,5,1,0.42460408542140926,1.1697489533996803
JUM092518A059,JUM,LSR_1,LSR,1,T,T-JUM092518A059,5,2,0.6975719879404423,1.1697489533996803
JUM092518A059,JUM,LSR_1,LSR,1,T,T-JUM092518A059,5,3,0.8337409752110742,1.1697489533996803
JUM092518A059,JUM,LSR_1,LSR,1,T,T-JUM092518A059,5,4,0.9681466968526005,1.1697489533996803
JUM092518A059,JUM,LSR_1,LSR,1,T,T-JUM092518A059,5,5,1.0876771953488922,1.1697489533996803
JUM092518A059,JUM,MJS_1,MJS,1,T,T-JUM092518A059,5,1,0.4834637289576571,1.2458367402227801
JUM092518A059,JUM,MJS_1,MJS,1,T,T-JUM092518A059,5,2,0.7318288002921225,1.2458367402227801
JUM092518A059,JUM,MJS_1,MJS,1,T,T-JUM092518A059,5,3,0.9054406893556957,1.2458367402227801
JUM092518A059,JUM,MJS_1,MJS,1,T,T-JUM092518A059,5,4,1.0223924982468675,1.2458367402227801
JUM092518A059,JUM,MJS_1,MJS,1,T,T-JUM092518A059,5,5,1.143355690688495,1.2458367402227801
JUM092518A060,JUM,JRS_1,JRS,1,T,T-JUM092518A060,3,1,0.4606559086660413,0.9581673683776297
JUM092518A060,JUM,JRS_1,JRS,1,T,T-JUM092518A060,3,2,0.6638583578575673,0.9581673683776297
JUM092518A060,JUM,JRS_1,JRS,1,T,T-JUM092518A060,3,3,0.8174103274129143,0.9581673683776297
JUM092518A060,JUM,LEL_1,LEL,1,T,T-JUM092518A060,3,1,0.4662471741814472,0.8811724495511009
JUM092518A060,JUM,LEL_1,LEL,1,T,T-JUM092518A060,3,2,0.6474914200429441,0.8811724495511009
JUM092518A060,JUM,LEL_1,LEL,1,T,T-JUM092518A060,3,3,0.7739596581238866,0.8811724495511009
JUM092518A060,JUM,LSR_1,LSR,1,T,T-JUM092518A060,3,1,0.6404904914189306,1.107288376397804
JUM092518A060,JUM,LSR_1,LSR,1,T,T-JUM092518A060,3,2,0.8274525566462327,1.107288376397804
JUM092518A060,JUM,LSR_1,LSR,1,T,T-JUM092518A060,3,3,0.9586391571035724,1.107288376397804
JUM092518A060,JUM,MJS_1,MJS,1,T,T-JUM092518A060,3,1,0.6094522601096453,1.1149080122021964
JUM092518A060,JUM,MJS_1,MJS,1,T,T-JUM092518A060,3,2,0.821153769423883,1.1149080122021964
JUM092518A060,JUM,MJS_1,MJS,1,T,T-JUM092518A060,3,3,0.9757179402625253,1.1149080122021964
JUM092518A064,JUM,JRS_1,JRS,1,T,T-JUM092518A064,2,1,0.3517220159402511,0.7136335436356366
JUM092518A064,JUM,JRS_1,JRS,1,T,T-JUM092518A064,2,2,0.5856140978805778,0.7136335436356366
JUM092518A064,JUM,LEL_1,LEL,1,T,T-JUM092518A064,1,1,0.4743100856063317,0.6451009950707138
JUM092518A064,JUM,LSR_1,LSR,1,T,T-JUM092518A064,2,1,0.41269573218250766,0.7445599215543116
JUM092518A064,JUM,LSR_1,LSR,1,T,T-JUM092518A064,2,2,0.6101140989641842,0.7445599215543116
JUM092518A064,JUM,MJS_1,MJS,1,T,T-JUM092518A064,2,1,0.36959739218074655,0.7042722118809872
JUM092518A064,JUM,MJS_1,MJS,1,T,T-JUM092518A064,2,2,0.5864084797306626,0.7042722118809872
JUM092518A067,JUM,JRS_1,JRS,1,T,T-JUM092518A067,2,1,0.5716466137453853,0.8133326150473612
JUM092518A067,JUM,JRS_1,JRS,1,T,T-JUM092518A067,2,2,0.702073817099983,0.8133326150473612
JUM092518A067,JUM,LEL_1,LEL,1,T,T-JUM092518A067,1,1,0.5360016584369522,0.6807786307140719
JUM092518A067,JUM,LSR_1,LSR,1,T,T-JUM092518A067,2,1,0.6709606633928862,0.9263711334119301
JUM092518A067,JUM,LSR_1,LSR,1,T,T-JUM092518A067,2,2,0.8177495467341442,0.9263711334119301
JUM092518A067,JUM,MJS_1,MJS,1,T,T-JUM092518A067,2,1,0.682359675307063,0.918908256253275
JUM092518A067,JUM,MJS_1,MJS,1,T,T-JUM092518A067,2,2,0.8006191095646165,0.918908256253275
JUM092518A068,JUM,JRS_1,JRS,1,T,T-JUM092518A068,3,1,0.26376330581862656,0.6336157741451373
JUM092518A068,JUM,JRS_1,JRS,1,T,T-JUM092518A068,3,2,0.4335182430589781,0.6336157741451373
JUM092518A068,JUM,JRS_1,JRS,1,T,T-JUM092518A068,3,3,0.5243261926915173,0.6336157741451373
JUM092518A068,JUM,LEL_1,LEL,1,T,T-JUM092518A068,2,1,0.5861708964734937,0.802999667832192
JUM092518A068,JUM,LEL_1,LEL,1,T,T-JUM092518A068,2,2,0.6644511177873382,0.802999667832192
JUM092518A068,JUM,LSR_1,LSR,1,T,T-JUM092518A068,4,1,0.3688256280129296,0.8311127159873973
JUM092518A068,JUM,LSR_1,LSR,1,T,T-JUM092518A068,4,2,0.5601306249100722,0.8311127159873973
JUM092518A068,JUM,LSR_1,LSR,1,T,T-JUM092518A068,4,3,0.6459573153801139,0.8311127159873973
JUM092518A068,JUM,LSR_1,LSR,1,T,T-JUM092518A068,4,4,0.7514209332810448,0.8311127159873973
JUM092518A068,JUM,MJS_1,MJS,1,T,T-JUM092518A068,3,1,0.5191335376692856,0.8290190023732541
JUM092518A068,JUM,MJS_1,MJS,1,T,T-JUM092518A068,3,2,0.6361259628332568,0.8290190023732541
JUM092518A068,JUM,MJS_1,MJS,1,T,T-JUM092518A068,3,3,0.7297199029644338,0.8290190023732541
JUM092518A069,JUM,JRS_1,JRS,1,T,T-JUM092518A069,2,1,0.44414523252190247,0.7388678655609315
JUM092518A069,JUM,JRS_1,JRS,1,T,T-JUM092518A069,2,2,0.6283468781712962,0.7388678655609315
JUM092518A069,JUM,LEL_1,LEL,1,T,T-JUM092518A069,2,1,0.6187606241200547,0.8629761954116238
JUM092518A069,JUM,LEL_1,LEL,1,T,T-JUM092518A069,2,2,0.7513322346393592,0.8629761954116238
JUM092518A069,JUM,LSR_1,LSR,1,T,T-JUM092518A069,3,1,0.5185369750992541,0.8678206993544674
JUM092518A069,JUM,LSR_1,LSR,1,T,T-JUM092518A069,3,2,0.5963676226090616,0.8678206993544674
JUM092518A069,JUM,LSR_1,LSR,1,T,T-JUM092518A069,3,3,0.7534018763671775,0.8678206993544674
JUM092518A069,JUM,MJS_1,MJS,1,T,T-JUM092518A069,2,1,0.5363563506844778,0.8269627188545577
JUM092518A069,JUM,MJS_1,MJS,1,T,T-JUM092518A069,2,2,0.7173744627578941,0.8269627188545577
JUM092518A070,JUM,JRS_1,JRS,1,T,T-JUM092518A070,2,1,0.48829544405072245,0.6870126181837516
JUM092518A070,JUM,JRS_1,JRS,1,T,T-JUM092518A070,2,2,0.603376799780281,0.6870126181837516
JUM092518A070,JUM,LEL_1,LEL,1,T,T-JUM092518A070,2,1,0.5853527362376713,0.8043277699821969
JUM092518A070,JUM,LEL_1,LEL,1,T,T-JUM092518A070,2,2,0.6976638309131782,0.8043277699821969
JUM092518A070,JUM,LSR_1,LSR,1,T,T-JUM092518A070,3,1,0.37489901942215936,0.7078259542767944
JUM092518A070,JUM,LSR_1,LSR,1,T,T-JUM092518A070,3,2,0.48693122829477964,0.7078259542767944
JUM092518A070,JUM,LSR_1,LSR,1,T,T-JUM092518A070,3,3,0.5834945464558349,0.7078259542767944
JUM092518A070,JUM,MJS_1,MJS,1,T,T-JUM092518A070,3,1,0.33958206682307174,0.7324085382009825
JUM092518A070,JUM,MJS_1,MJS,1,T,T-JUM092518A070,3,2,0.5346313152106081,0.7324085382009825
JUM092518A070,JUM,MJS_1,MJS,1,T,T-JUM092518A070,3,3,0.636659542489034,0.7324085382009825
JUM092518A071,JUM,LEL_1,LEL,1,T,T-JUM092518A071,0,NA,NA,0.7796135118234145
JUM092518A071,JUM,LSR_1,LSR,1,T,T-JUM092518A071,2,1,0.3414975964950396,0.5362479798979907
JUM092518A071,JUM,LSR_1,LSR,1,T,T-JUM092518A071,2,2,0.46893968188002705,0.5362479798979907
JUM092518A071,JUM,MJS_1,MJS,1,T,T-JUM092518A071,2,1,0.42391842047077183,0.6491745659172031
JUM092518A071,JUM,MJS_1,MJS,1,T,T-JUM092518A071,2,2,0.5339825602779642,0.6491745659172031
JUM092518A072,JUM,JRS_1,JRS,1,T,T-JUM092518A072,0,NA,NA,0.4660591541326121
JUM092518A072,JUM,LEL_1,LEL,1,T,T-JUM092518A072,2,1,0.5868891244509947,0.7718792545273567
JUM092518A072,JUM,LEL_1,LEL,1,T,T-JUM092518A072,2,2,0.6918034554925414,0.7718792545273567
JUM092518A072,JUM,LSR_1,LSR,1,T,T-JUM092518A072,3,1,0.2511498696072333,0.5030399271232552
JUM092518A072,JUM,LSR_1,LSR,1,T,T-JUM092518A072,3,2,0.36668600589789574,0.5030399271232552
JUM092518A072,JUM,LSR_1,LSR,1,T,T-JUM092518A072,3,3,0.4416917139885371,0.5030399271232552
JUM092518A072,JUM,MJS_1,MJS,1,T,T-JUM092518A072,3,1,0.23932801934529538,0.5077182676330083
JUM092518A072,JUM,MJS_1,MJS,1,T,T-JUM092518A072,3,2,0.3454684808147615,0.5077182676330083
JUM092518A072,JUM,MJS_1,MJS,1,T,T-JUM092518A072,3,3,0.4540402179754657,0.5077182676330083
JUM092518A073,JUM,JRS_1,JRS,1,T,T-JUM092518A073,0,NA,NA,0.44923905746803605
JUM092518A073,JUM,LEL_1,LEL,1,T,T-JUM092518A073,0,NA,NA,0.5843170501414829
JUM092518A073,JUM,LSR_1,LSR,1,T,T-JUM092518A073,3,1,0.48223598852906085,0.650043104493344
JUM092518A073,JUM,LSR_1,LSR,1,T,T-JUM092518A073,3,2,0.5463117187544667,0.650043104493344
JUM092518A073,JUM,LSR_1,LSR,1,T,T-JUM092518A073,3,3,0.6150953066162698,0.650043104493344
JUM092518A073,JUM,MJS_1,MJS,1,T,T-JUM092518A073,0,NA,NA,0.41176635784225807
JUM092518A074,JUM,LEL_1,LEL,1,T,T-JUM092518A074,0,NA,NA,0.7923033769033299
JUM092518A074,JUM,LSR_1,LSR,1,T,T-JUM092518A074,1,1,0.5591708263797658,0.6654831654251299
JUM092518A074,JUM,MJS_1,MJS,1,T,T-JUM092518A074,0,NA,NA,0.5586243926862036
JUM092518A075,JUM,JRS_1,JRS,1,T,T-JUM092518A075,4,1,0.42920341568977294,1.120786122820484
JUM092518A075,JUM,JRS_1,JRS,1,T,T-JUM092518A075,4,2,0.6685543790771422,1.120786122820484
JUM092518A075,JUM,JRS_1,JRS,1,T,T-JUM092518A075,4,3,0.8615168950897986,1.120786122820484
JUM092518A075,JUM,JRS_1,JRS,1,T,T-JUM092518A075,4,4,0.9969085909685336,1.120786122820484
JUM092518A075,JUM,LEL_1,LEL,1,T,T-JUM092518A075,4,1,0.46787028310706735,1.05056237306721
JUM092518A075,JUM,LEL_1,LEL,1,T,T-JUM092518A075,4,2,0.6258378008640411,1.05056237306721
JUM092518A075,JUM,LEL_1,LEL,1,T,T-JUM092518A075,4,3,0.7429857188177394,1.05056237306721
JUM092518A075,JUM,LEL_1,LEL,1,T,T-JUM092518A075,4,4,0.8981566545777466,1.05056237306721
JUM092518A075,JUM,LSR_1,LSR,1,T,T-JUM092518A075,4,1,0.4250982396171811,1.1519767227048632
JUM092518A075,JUM,LSR_1,LSR,1,T,T-JUM092518A075,4,2,0.6859577291459155,1.1519767227048632
JUM092518A075,JUM,LSR_1,LSR,1,T,T-JUM092518A075,4,3,0.8754906443372669,1.1519767227048632
JUM092518A075,JUM,LSR_1,LSR,1,T,T-JUM092518A075,4,4,1.0263807660725173,1.1519767227048632
JUM092518A075,JUM,MJS_1,MJS,1,T,T-JUM092518A075,4,1,0.5501786002889315,1.2380531924007407
JUM092518A075,JUM,MJS_1,MJS,1,T,T-JUM092518A075,4,2,0.7929352091229486,1.2380531924007407
JUM092518A075,JUM,MJS_1,MJS,1,T,T-JUM092518A075,4,3,0.9759244978842039,1.2380531924007407
JUM092518A075,JUM,MJS_1,MJS,1,T,T-JUM092518A075,4,4,1.121160184775566,1.2380531924007407
JUM092518A076,JUM,JRS_1,JRS,1,T,T-JUM092518A076,2,1,0.5076043949438135,0.9186070812487369
JUM092518A076,JUM,JRS_1,JRS,1,T,T-JUM092518A076,2,2,0.7213268251479329,0.9186070812487369
JUM092518A076,JUM,LEL_1,LEL,1,T,T-JUM092518A076,2,1,0.48967692907669924,0.8618139948026757
JUM092518A076,JUM,LEL_1,LEL,1,T,T-JUM092518A076,2,2,0.6514309548838876,0.8618139948026757
JUM092518A076,JUM,LSR_1,LSR,1,T,T-JUM092518A076,3,1,0.5928612404246865,1.0077427776647954
JUM092518A076,JUM,LSR_1,LSR,1,T,T-JUM092518A076,3,2,0.8303697297660749,1.0077427776647954
JUM092518A076,JUM,LSR_1,LSR,1,T,T-JUM092518A076,3,3,0.9773717293005335,1.0077427776647954
JUM092518A076,JUM,MJS_1,MJS,1,T,T-JUM092518A076,2,1,0.5507060433501759,0.9637817152836408
JUM092518A076,JUM,MJS_1,MJS,1,T,T-JUM092518A076,2,2,0.7590181226239532,0.9637817152836408
JUM092518A077,JUM,JRS_1,JRS,1,T,T-JUM092518A077,3,1,0.5406724659234827,1.0571258325274395
JUM092518A077,JUM,JRS_1,JRS,1,T,T-JUM092518A077,3,2,0.7585375442124758,1.0571258325274395
JUM092518A077,JUM,JRS_1,JRS,1,T,T-JUM092518A077,3,3,0.9172597217130389,1.0571258325274395
JUM092518A077,JUM,LEL_1,LEL,1,T,T-JUM092518A077,3,1,0.4109626419489821,0.8614452451005438
JUM092518A077,JUM,LEL_1,LEL,1,T,T-JUM092518A077,3,2,0.5447805029380908,0.8614452451005438
JUM092518A077,JUM,LEL_1,LEL,1,T,T-JUM092518A077,3,3,0.691695686272149,0.8614452451005438
JUM092518A077,JUM,LSR_1,LSR,1,T,T-JUM092518A077,3,1,0.6137537334025791,1.161608879828826
JUM092518A077,JUM,LSR_1,LSR,1,T,T-JUM092518A077,3,2,0.8625128283763874,1.161608879828826
JUM092518A077,JUM,LSR_1,LSR,1,T,T-JUM092518A077,3,3,1.0140735252755673,1.161608879828826
JUM092518A077,JUM,MJS_1,MJS,1,T,T-JUM092518A077,3,1,0.5937208015567689,1.1298836845605873
JUM092518A077,JUM,MJS_1,MJS,1,T,T-JUM092518A077,3,2,0.8207689834781361,1.1298836845605873
JUM092518A077,JUM,MJS_1,MJS,1,T,T-JUM092518A077,3,3,0.9949306934149044,1.1298836845605873
JUM092518A079,JUM,JRS_1,JRS,1,T,T-JUM092518A079,3,1,0.36245336232294395,0.8195565661619524
JUM092518A079,JUM,JRS_1,JRS,1,T,T-JUM092518A079,3,2,0.521991132709893,0.8195565661619524
JUM092518A079,JUM,JRS_1,JRS,1,T,T-JUM092518A079,3,3,0.6811712961914735,0.8195565661619524
JUM092518A079,JUM,LEL_1,LEL,1,T,T-JUM092518A079,3,1,0.6018187856013729,1.0582604226729468
JUM092518A079,JUM,LEL_1,LEL,1,T,T-JUM092518A079,3,2,0.771618134257865,1.0582604226729468
JUM092518A079,JUM,LEL_1,LEL,1,T,T-JUM092518A079,3,3,0.9096515175798764,1.0582604226729468
JUM092518A079,JUM,LSR_1,LSR,1,T,T-JUM092518A079,3,1,0.47158128038295055,0.7958301213199416
JUM092518A079,JUM,LSR_1,LSR,1,T,T-JUM092518A079,3,2,0.6514313084590837,0.7958301213199416
JUM092518A079,JUM,LSR_1,LSR,1,T,T-JUM092518A079,3,3,0.7394417196680959,0.7958301213199416
JUM092518A079,JUM,MJS_1,MJS,1,T,T-JUM092518A079,3,1,0.4809145295021039,0.9577245983965346
JUM092518A079,JUM,MJS_1,MJS,1,T,T-JUM092518A079,3,2,0.6307384022447104,0.9577245983965346
JUM092518A079,JUM,MJS_1,MJS,1,T,T-JUM092518A079,3,3,0.8357310037174588,0.9577245983965346
JUM092518A080,JUM,JRS_1,JRS,1,T,T-JUM092518A080,4,1,0.4992464795386478,1.1023658892958241
JUM092518A080,JUM,JRS_1,JRS,1,T,T-JUM092518A080,4,2,0.7283414587836946,1.1023658892958241
JUM092518A080,JUM,JRS_1,JRS,1,T,T-JUM092518A080,4,3,0.8946200288587673,1.1023658892958241
JUM092518A080,JUM,JRS_1,JRS,1,T,T-JUM092518A080,4,4,1.0042410080927222,1.1023658892958241
JUM092518A080,JUM,LEL_1,LEL,1,T,T-JUM092518A080,4,1,0.4457814802215909,1.024322458843447
JUM092518A080,JUM,LEL_1,LEL,1,T,T-JUM092518A080,4,2,0.6206409998004156,1.024322458843447
JUM092518A080,JUM,LEL_1,LEL,1,T,T-JUM092518A080,4,3,0.7745155179889107,1.024322458843447
JUM092518A080,JUM,LEL_1,LEL,1,T,T-JUM092518A080,4,4,0.9046652387637609,1.024322458843447
JUM092518A080,JUM,LSR_1,LSR,1,T,T-JUM092518A080,4,1,0.49334691822909676,1.1333134566195073
JUM092518A080,JUM,LSR_1,LSR,1,T,T-JUM092518A080,4,2,0.7623789160508181,1.1333134566195073
JUM092518A080,JUM,LSR_1,LSR,1,T,T-JUM092518A080,4,3,0.9275817399073488,1.1333134566195073
JUM092518A080,JUM,LSR_1,LSR,1,T,T-JUM092518A080,4,4,1.0384708069252013,1.1333134566195073
JUM092518A080,JUM,MJS_1,MJS,1,T,T-JUM092518A080,4,1,0.5278164632045526,1.151255451207792
JUM092518A080,JUM,MJS_1,MJS,1,T,T-JUM092518A080,4,2,0.7697334877666424,1.151255451207792
JUM092518A080,JUM,MJS_1,MJS,1,T,T-JUM092518A080,4,3,0.9266224923394785,1.151255451207792
JUM092518A080,JUM,MJS_1,MJS,1,T,T-JUM092518A080,4,4,1.046430730079297,1.151255451207792
JUM092518A081,JUM,JRS_1,JRS,1,T,T-JUM092518A081,2,1,0.5082547259212398,0.8372092098042612
JUM092518A081,JUM,JRS_1,JRS,1,T,T-JUM092518A081,2,2,0.7172009681528754,0.8372092098042612
JUM092518A081,JUM,LEL_1,LEL,1,T,T-JUM092518A081,2,1,0.4984864126724719,0.8446135937526705
JUM092518A081,JUM,LEL_1,LEL,1,T,T-JUM092518A081,2,2,0.7035326138981424,0.8446135937526705
JUM092518A081,JUM,LSR_1,LSR,1,T,T-JUM092518A081,3,1,0.4242982369390916,0.882754372158952
JUM092518A081,JUM,LSR_1,LSR,1,T,T-JUM092518A081,3,2,0.5664149823969928,0.882754372158952
JUM092518A081,JUM,LSR_1,LSR,1,T,T-JUM092518A081,3,3,0.7641093433108025,0.882754372158952
JUM092518A081,JUM,MJS_1,MJS,1,T,T-JUM092518A081,3,1,0.42402060275463543,0.888919681199674
JUM092518A081,JUM,MJS_1,MJS,1,T,T-JUM092518A081,3,2,0.5463373028471146,0.888919681199674
JUM092518A081,JUM,MJS_1,MJS,1,T,T-JUM092518A081,3,3,0.7396162697958677,0.888919681199674
JUM092518A082,JUM,JRS_1,JRS,1,T,T-JUM092518A082,0,NA,NA,0.6347457454990203
JUM092518A082,JUM,LEL_1,LEL,1,T,T-JUM092518A082,3,1,0.5350826372036926,0.8343845276583843
JUM092518A082,JUM,LEL_1,LEL,1,T,T-JUM092518A082,3,2,0.6344743056145189,0.8343845276583843
JUM092518A082,JUM,LEL_1,LEL,1,T,T-JUM092518A082,3,3,0.7541778620627384,0.8343845276583843
JUM092518A082,JUM,LSR_1,LSR,1,T,T-JUM092518A082,4,1,0.379130186303727,0.6563347512385705
JUM092518A082,JUM,LSR_1,LSR,1,T,T-JUM092518A082,4,2,0.4518104250997318,0.6563347512385705
JUM092518A082,JUM,LSR_1,LSR,1,T,T-JUM092518A082,4,3,0.5389209153479938,0.6563347512385705
JUM092518A082,JUM,LSR_1,LSR,1,T,T-JUM092518A082,4,4,0.6195377012390275,0.6563347512385705
JUM092518A082,JUM,MJS_1,MJS,1,T,T-JUM092518A082,3,1,0.4014151439427238,0.7294649026220317
JUM092518A082,JUM,MJS_1,MJS,1,T,T-JUM092518A082,3,2,0.5112366440557685,0.7294649026220317
JUM092518A082,JUM,MJS_1,MJS,1,T,T-JUM092518A082,3,3,0.613712542531188,0.7294649026220317
JUM092518A083,JUM,JRS_1,JRS,1,T,T-JUM092518A083,2,1,0.5613834536098091,1.0637197067353075
JUM092518A083,JUM,JRS_1,JRS,1,T,T-JUM092518A083,2,2,0.7884097695256792,1.0637197067353075
JUM092518A083,JUM,LEL_1,LEL,1,T,T-JUM092518A083,3,1,0.5685676594756628,1.0117516484796063
JUM092518A083,JUM,LEL_1,LEL,1,T,T-JUM092518A083,3,2,0.6932505870379401,1.0117516484796063
JUM092518A083,JUM,LEL_1,LEL,1,T,T-JUM092518A083,3,3,0.8931631465005663,1.0117516484796063
JUM092518A083,JUM,LSR_1,LSR,1,T,T-JUM092518A083,3,1,0.6218856655306313,1.2125290701095894
JUM092518A083,JUM,LSR_1,LSR,1,T,T-JUM092518A083,3,2,0.9045306136496538,1.2125290701095894
JUM092518A083,JUM,LSR_1,LSR,1,T,T-JUM092518A083,3,3,1.054932846083874,1.2125290701095894
JUM092518A083,JUM,MJS_1,MJS,1,T,T-JUM092518A083,3,1,0.5417707417764654,1.1075526123077875
JUM092518A083,JUM,MJS_1,MJS,1,T,T-JUM092518A083,3,2,0.8087446863389414,1.1075526123077875
JUM092518A083,JUM,MJS_1,MJS,1,T,T-JUM092518A083,3,3,1.0027263207058539,1.1075526123077875
JUM092518A084,JUM,JRS_1,JRS,1,T,T-JUM092518A084,2,1,0.5731091109751473,0.9692178589784128
JUM092518A084,JUM,JRS_1,JRS,1,T,T-JUM092518A084,2,2,0.7935292714662131,0.9692178589784128
JUM092518A084,JUM,LEL_1,LEL,1,T,T-JUM092518A084,1,1,0.5557627903332989,0.956324585903628
JUM092518A084,JUM,LSR_1,LSR,1,T,T-JUM092518A084,2,1,0.35643812825839155,0.5532715232873734
JUM092518A084,JUM,LSR_1,LSR,1,T,T-JUM092518A084,2,2,0.4892342978965044,0.5532715232873734
JUM092518A084,JUM,MJS_1,MJS,1,T,T-JUM092518A084,2,1,0.644770519159919,1.0550072569294502
JUM092518A084,JUM,MJS_1,MJS,1,T,T-JUM092518A084,2,2,0.8883804305401551,1.0550072569294502
JUM092518A085,JUM,JRS_1,JRS,1,T,T-JUM092518A085,1,1,0.4565549771117257,0.8877450729867662
JUM092518A085,JUM,LEL_1,LEL,1,T,T-JUM092518A085,1,1,0.7660997880888605,0.8745623638589081
JUM092518A085,JUM,LSR_1,LSR,1,T,T-JUM092518A085,2,1,0.8761257600723822,1.0979073170924922
JUM092518A085,JUM,LSR_1,LSR,1,T,T-JUM092518A085,2,2,0.9708585620609835,1.0979073170924922
JUM092518A085,JUM,MJS_1,MJS,1,T,T-JUM092518A085,2,1,0.6304592345525034,1.0208395480409589
JUM092518A085,JUM,MJS_1,MJS,1,T,T-JUM092518A085,2,2,0.9194208807093585,1.0208395480409589
JUM092518A086,JUM,JRS_1,JRS,1,T,T-JUM092518A086,2,1,0.40118094950385386,0.728590255311465
JUM092518A086,JUM,JRS_1,JRS,1,T,T-JUM092518A086,2,2,0.5959052804833584,0.728590255311465
JUM092518A086,JUM,LEL_1,LEL,1,T,T-JUM092518A086,2,1,0.4343727281947708,0.7173123444260732
JUM092518A086,JUM,LEL_1,LEL,1,T,T-JUM092518A086,2,2,0.5756208765992663,0.7173123444260732
JUM092518A086,JUM,LSR_1,LSR,1,T,T-JUM092518A086,3,1,0.6221330873327872,0.9284820398247808
JUM092518A086,JUM,LSR_1,LSR,1,T,T-JUM092518A086,3,2,0.7182397345442585,0.9284820398247808
JUM092518A086,JUM,LSR_1,LSR,1,T,T-JUM092518A086,3,3,0.8064376556595381,0.9284820398247808
JUM092518A086,JUM,MJS_1,MJS,1,T,T-JUM092518A086,2,1,0.5735864441858318,0.9087782695572788
JUM092518A086,JUM,MJS_1,MJS,1,T,T-JUM092518A086,2,2,0.7635824597216856,0.9087782695572788
JUM092518A087,JUM,JRS_1,JRS,1,T,T-JUM092518A087,3,1,0.4391505323643622,0.920360988355133
JUM092518A087,JUM,JRS_1,JRS,1,T,T-JUM092518A087,3,2,0.6525802306993946,0.920360988355133
JUM092518A087,JUM,JRS_1,JRS,1,T,T-JUM092518A087,3,3,0.7939664887034147,0.920360988355133
JUM092518A087,JUM,LEL_1,LEL,1,T,T-JUM092518A087,3,1,0.513837720204119,0.9688306650615897
JUM092518A087,JUM,LEL_1,LEL,1,T,T-JUM092518A087,3,2,0.6881546649362104,0.9688306650615897
JUM092518A087,JUM,LEL_1,LEL,1,T,T-JUM092518A087,3,3,0.8214751379342341,0.9688306650615897
JUM092518A087,JUM,LSR_1,LSR,1,T,T-JUM092518A087,3,1,0.4390345948199948,0.9638223081933307
JUM092518A087,JUM,LSR_1,LSR,1,T,T-JUM092518A087,3,2,0.6962939504800163,0.9638223081933307
JUM092518A087,JUM,LSR_1,LSR,1,T,T-JUM092518A087,3,3,0.7999108254589549,0.9638223081933307
JUM092518A087,JUM,MJS_1,MJS,1,T,T-JUM092518A087,3,1,0.5192764830047237,1.0213158748939306
JUM092518A087,JUM,MJS_1,MJS,1,T,T-JUM092518A087,3,2,0.7425711130931949,1.0213158748939306
JUM092518A087,JUM,MJS_1,MJS,1,T,T-JUM092518A087,3,3,0.8730342283466306,1.0213158748939306
JUM092518A088,JUM,JRS_1,JRS,1,T,T-JUM092518A088,4,1,0.4951635789941997,1.0583639858143608
JUM092518A088,JUM,JRS_1,JRS,1,T,T-JUM092518A088,4,2,0.7309997578489338,1.0583639858143608
JUM092518A088,JUM,JRS_1,JRS,1,T,T-JUM092518A088,4,3,0.8679256844084895,1.0583639858143608
JUM092518A088,JUM,JRS_1,JRS,1,T,T-JUM092518A088,4,4,0.9725977272176605,1.0583639858143608
JUM092518A088,JUM,LEL_1,LEL,1,T,T-JUM092518A088,4,1,0.5858357952169009,1.1400262915292605
JUM092518A088,JUM,LEL_1,LEL,1,T,T-JUM092518A088,4,2,0.772325515329604,1.1400262915292605
JUM092518A088,JUM,LEL_1,LEL,1,T,T-JUM092518A088,4,3,0.910915101096641,1.1400262915292605
JUM092518A088,JUM,LEL_1,LEL,1,T,T-JUM092518A088,4,4,1.0416282657511993,1.1400262915292605
JUM092518A088,JUM,LSR_1,LSR,1,T,T-JUM092518A088,4,1,0.5597395761490268,1.1175853677841854
JUM092518A088,JUM,LSR_1,LSR,1,T,T-JUM092518A088,4,2,0.7520849566075909,1.1175853677841854
JUM092518A088,JUM,LSR_1,LSR,1,T,T-JUM092518A088,4,3,0.9091428189577406,1.1175853677841854
JUM092518A088,JUM,LSR_1,LSR,1,T,T-JUM092518A088,4,4,1.0387408058567995,1.1175853677841854
JUM092518A088,JUM,MJS_1,MJS,1,T,T-JUM092518A088,4,1,0.5382504396676254,1.1178522547829735
JUM092518A088,JUM,MJS_1,MJS,1,T,T-JUM092518A088,4,2,0.7921710478565935,1.1178522547829735
JUM092518A088,JUM,MJS_1,MJS,1,T,T-JUM092518A088,4,3,0.9217461265086866,1.1178522547829735
JUM092518A088,JUM,MJS_1,MJS,1,T,T-JUM092518A088,4,4,1.0238181596224076,1.1178522547829735
JUM092518A089,JUM,JRS_1,JRS,1,T,T-JUM092518A089,2,1,0.4306998082338436,0.8065173141277836
JUM092518A089,JUM,JRS_1,JRS,1,T,T-JUM092518A089,2,2,0.650229017593459,0.8065173141277836
JUM092518A089,JUM,LEL_1,LEL,1,T,T-JUM092518A089,2,1,0.5959457506243455,0.8613604354817107
JUM092518A089,JUM,LEL_1,LEL,1,T,T-JUM092518A089,2,2,0.7148382346856403,0.8613604354817107
JUM092518A089,JUM,LSR_1,LSR,1,T,T-JUM092518A089,2,1,0.5402239366465418,0.9348610899637584
JUM092518A089,JUM,LSR_1,LSR,1,T,T-JUM092518A089,2,2,0.7582961647991031,0.9348610899637584
JUM092518A089,JUM,MJS_1,MJS,1,T,T-JUM092518A089,2,1,0.6126223735229327,1.016088621781925
JUM092518A089,JUM,MJS_1,MJS,1,T,T-JUM092518A089,2,2,0.8362348681353906,1.016088621781925
JUM092518A090,JUM,JRS_1,JRS,1,T,T-JUM092518A090,2,1,0.29454963927884353,0.5080328311406499
JUM092518A090,JUM,JRS_1,JRS,1,T,T-JUM092518A090,2,2,0.41186335518604456,0.5080328311406499
JUM092518A090,JUM,LEL_1,LEL,1,T,T-JUM092518A090,1,1,0.522462327132012,0.5751510084131084
JUM092518A090,JUM,LSR_1,LSR,1,T,T-JUM092518A090,1,1,0.6258039840731191,0.747513431609791
JUM092518A090,JUM,MJS_1,MJS,1,T,T-JUM092518A090,2,1,0.39592338210701444,0.6665325734465035
JUM092518A090,JUM,MJS_1,MJS,1,T,T-JUM092518A090,2,2,0.5628148917189989,0.6665325734465035
JUM092518A091,JUM,JRS_1,JRS,1,T,T-JUM092518A091,3,1,0.49508793091692443,0.9660364863049309
JUM092518A091,JUM,JRS_1,JRS,1,T,T-JUM092518A091,3,2,0.7060869939902534,0.9660364863049309
JUM092518A091,JUM,JRS_1,JRS,1,T,T-JUM092518A091,3,3,0.8740522022239905,0.9660364863049309
JUM092518A091,JUM,LEL_1,LEL,1,T,T-JUM092518A091,3,1,0.5329590803408021,0.8088771698201218
JUM092518A091,JUM,LEL_1,LEL,1,T,T-JUM092518A091,3,2,0.6617756415445581,0.8088771698201218
JUM092518A091,JUM,LEL_1,LEL,1,T,T-JUM092518A091,3,3,0.7334411068713077,0.8088771698201218
JUM092518A091,JUM,LSR_1,LSR,1,T,T-JUM092518A091,4,1,0.5416101563819289,1.0532825591793604
JUM092518A091,JUM,LSR_1,LSR,1,T,T-JUM092518A091,4,2,0.7593438606076275,1.0532825591793604
JUM092518A091,JUM,LSR_1,LSR,1,T,T-JUM092518A091,4,3,0.9335286614286344,1.0532825591793604
JUM092518A091,JUM,LSR_1,LSR,1,T,T-JUM092518A091,4,4,1.0015728768786614,1.0532825591793604
JUM092518A091,JUM,MJS_1,MJS,1,T,T-JUM092518A091,3,1,0.5648755504922268,1.0716913417908651
JUM092518A091,JUM,MJS_1,MJS,1,T,T-JUM092518A091,3,2,0.7699318186107525,1.0716913417908651
JUM092518A091,JUM,MJS_1,MJS,1,T,T-JUM092518A091,3,3,0.9306263800795557,1.0716913417908651
JUM092518A092,JUM,JRS_1,JRS,1,T,T-JUM092518A092,3,1,0.5759709308129689,0.8864565423411215
JUM092518A092,JUM,JRS_1,JRS,1,T,T-JUM092518A092,3,2,0.6988345180237637,0.8864565423411215
JUM092518A092,JUM,JRS_1,JRS,1,T,T-JUM092518A092,3,3,0.8305691545710012,0.8864565423411215
JUM092518A092,JUM,LEL_1,LEL,1,T,T-JUM092518A092,3,1,0.5138705071984284,0.7087570807941845
JUM092518A092,JUM,LEL_1,LEL,1,T,T-JUM092518A092,3,2,0.5876329505683303,0.7087570807941845
JUM092518A092,JUM,LEL_1,LEL,1,T,T-JUM092518A092,3,3,0.6422255488002183,0.7087570807941845
JUM092518A092,JUM,LSR_1,LSR,1,T,T-JUM092518A092,3,1,0.6575644946951127,1.1037518549085783
JUM092518A092,JUM,LSR_1,LSR,1,T,T-JUM092518A092,3,2,0.8501418991510558,1.1037518549085783
JUM092518A092,JUM,LSR_1,LSR,1,T,T-JUM092518A092,3,3,0.9867461697344333,1.1037518549085783
JUM092518A092,JUM,MJS_1,MJS,1,T,T-JUM092518A092,3,1,0.5843436888825129,0.96774886431547
JUM092518A092,JUM,MJS_1,MJS,1,T,T-JUM092518A092,3,2,0.7266226481760036,0.96774886431547
JUM092518A092,JUM,MJS_1,MJS,1,T,T-JUM092518A092,3,3,0.855417453513752,0.96774886431547
JUM092518A093,JUM,JRS_1,JRS,1,T,T-JUM092518A093,2,1,0.2909854940684649,0.5703700553893751
JUM092518A093,JUM,JRS_1,JRS,1,T,T-JUM092518A093,2,2,0.4292297726429025,0.5703700553893751
JUM092518A093,JUM,LEL_1,LEL,1,T,T-JUM092518A093,2,1,0.4261859999655117,0.6773131326213293
JUM092518A093,JUM,LEL_1,LEL,1,T,T-JUM092518A093,2,2,0.570189708950579,0.6773131326213293
JUM092518A093,JUM,LSR_1,LSR,1,T,T-JUM092518A093,3,1,0.5155453956894926,0.87754998850533406
JUM092518A093,JUM,LSR_1,LSR,1,T,T-JUM092518A093,3,2,0.6402729419325072,0.87754998850533406
JUM092518A093,JUM,LSR_1,LSR,1,T,T-JUM092518A093,3,3,0.7460270926427529,0.87754998850533406
JUM092518A093,JUM,MJS_1,MJS,1,T,T-JUM092518A093,2,1,0.5306096219122295,0.8457279069012924
JUM092518A093,JUM,MJS_1,MJS,1,T,T-JUM092518A093,2,2,0.6949017570602843,0.8457279069012924
JUM092518A094,JUM,JRS_1,JRS,1,T,T-JUM092518A094,2,1,0.3561912990799097,0.6686767997646846
JUM092518A094,JUM,JRS_1,JRS,1,T,T-JUM092518A094,2,2,0.531255657199361,0.6686767997646846
JUM092518A094,JUM,LEL_1,LEL,1,T,T-JUM092518A094,2,1,0.4364112651570163,0.8209020772226645
JUM092518A094,JUM,LEL_1,LEL,1,T,T-JUM092518A094,2,2,0.6720919494465667,0.8209020772226645
JUM092518A094,JUM,LSR_1,LSR,1,T,T-JUM092518A094,3,1,0.333520056166789,0.6938936068683161
JUM092518A094,JUM,LSR_1,LSR,1,T,T-JUM092518A094,3,2,0.5316136915659534,0.6938936068683161
JUM092518A094,JUM,LSR_1,LSR,1,T,T-JUM092518A094,3,3,0.6284068617992918,0.6938936068683161
JUM092518A094,JUM,MJS_1,MJS,1,T,T-JUM092518A094,3,1,0.6519702436460318,1.3607084912730696
JUM092518A094,JUM,MJS_1,MJS,1,T,T-JUM092518A094,3,2,0.9532664726995072,1.3607084912730696
JUM092518A094,JUM,MJS_1,MJS,1,T,T-JUM092518A094,3,3,1.17184784612531,1.3607084912730696
JUM092518A095,JUM,JRS_1,JRS,1,T,T-JUM092518A095,4,1,0.45594979536053576,1.0421697572060036
JUM092518A095,JUM,JRS_1,JRS,1,T,T-JUM092518A095,4,2,0.6630472143899591,1.0421697572060036
JUM092518A095,JUM,JRS_1,JRS,1,T,T-JUM092518A095,4,3,0.8083493493288056,1.0421697572060036
JUM092518A095,JUM,JRS_1,JRS,1,T,T-JUM092518A095,4,4,0.9352808655700144,1.0421697572060036
JUM092518A095,JUM,LEL_1,LEL,1,T,T-JUM092518A095,4,1,0.38962951064732154,0.8855200561766793
JUM092518A095,JUM,LEL_1,LEL,1,T,T-JUM092518A095,4,2,0.48408330396132737,0.8855200561766793
JUM092518A095,JUM,LEL_1,LEL,1,T,T-JUM092518A095,4,3,0.6122742695102419,0.8855200561766793
JUM092518A095,JUM,LEL_1,LEL,1,T,T-JUM092518A095,4,4,0.7640773529207946,0.8855200561766793
JUM092518A095,JUM,LSR_1,LSR,1,T,T-JUM092518A095,4,1,0.510240510103686,1.1471484962629575
JUM092518A095,JUM,LSR_1,LSR,1,T,T-JUM092518A095,4,2,0.7671460680962038,1.1471484962629575
JUM092518A095,JUM,LSR_1,LSR,1,T,T-JUM092518A095,4,3,0.9282781505699111,1.1471484962629575
JUM092518A095,JUM,LSR_1,LSR,1,T,T-JUM092518A095,4,4,1.0341584502267327,1.1471484962629575
JUM092518A095,JUM,MJS_1,MJS,1,T,T-JUM092518A095,4,1,0.4724730385633035,1.0964554689340185
JUM092518A095,JUM,MJS_1,MJS,1,T,T-JUM092518A095,4,2,0.6771571727960949,1.0964554689340185
JUM092518A095,JUM,MJS_1,MJS,1,T,T-JUM092518A095,4,3,0.8462573610902948,1.0964554689340185
JUM092518A095,JUM,MJS_1,MJS,1,T,T-JUM092518A095,4,4,0.9656108384013208,1.0964554689340185
JUM092518A096,JUM,JRS_1,JRS,1,T,T-JUM092518A096,2,1,0.3230469281267016,0.6576608374725262
JUM092518A096,JUM,JRS_1,JRS,1,T,T-JUM092518A096,2,2,0.5555924793060514,0.6576608374725262
JUM092518A096,JUM,LEL_1,LEL,1,T,T-JUM092518A096,2,1,0.36290641985331984,0.5817480712670537
JUM092518A096,JUM,LEL_1,LEL,1,T,T-JUM092518A096,2,2,0.44438155891126996,0.5817480712670537
JUM092518A096,JUM,LSR_1,LSR,1,T,T-JUM092518A096,3,1,0.4625559389869853,0.8465477651911238
JUM092518A096,JUM,LSR_1,LSR,1,T,T-JUM092518A096,3,2,0.7159040391032219,0.8465477651911238
JUM092518A096,JUM,LSR_1,LSR,1,T,T-JUM092518A096,3,3,0.8066436529400793,0.8465477651911238
JUM092518A096,JUM,MJS_1,MJS,1,T,T-JUM092518A096,2,1,0.38622709883718054,0.7628170496892954
JUM092518A096,JUM,MJS_1,MJS,1,T,T-JUM092518A096,2,2,0.6336288420329322,0.7628170496892954
JUM092518A097,JUM,JRS_1,JRS,1,T,T-JUM092518A097,2,1,0.34679638527271806,0.7058038661110576
JUM092518A097,JUM,JRS_1,JRS,1,T,T-JUM092518A097,2,2,0.5599330274624583,0.7058038661110576
JUM092518A097,JUM,LEL_1,LEL,1,T,T-JUM092518A097,1,1,0.6368610082771947,0.7760224638769612
JUM092518A097,JUM,LSR_1,LSR,1,T,T-JUM092518A097,2,1,0.6062972900062372,0.939545453432015
JUM092518A097,JUM,LSR_1,LSR,1,T,T-JUM092518A097,2,2,0.7991500303224788,0.939545453432015
JUM092518A097,JUM,MJS_1,MJS,1,T,T-JUM092518A097,2,1,0.6560775038538826,1.018823021841527
JUM092518A097,JUM,MJS_1,MJS,1,T,T-JUM092518A097,2,2,0.8693210662897413,1.018823021841527
JUM092518A098,JUM,JRS_1,JRS,1,T,T-JUM092518A098,2,1,0.6500666579587252,0.9455219043026047
JUM092518A098,JUM,JRS_1,JRS,1,T,T-JUM092518A098,2,2,0.8085406981114387,0.9455219043026047
JUM092518A098,JUM,LEL_1,LEL,1,T,T-JUM092518A098,3,1,0.47726210635737315,0.8849519217754076
JUM092518A098,JUM,LEL_1,LEL,1,T,T-JUM092518A098,3,2,0.6147088590030749,0.8849519217754076
JUM092518A098,JUM,LEL_1,LEL,1,T,T-JUM092518A098,3,3,0.7690438388691853,0.8849519217754076
JUM092518A098,JUM,LSR_1,LSR,1,T,T-JUM092518A098,3,1,0.3299845192738215,0.5606065488585454
JUM092518A098,JUM,LSR_1,LSR,1,T,T-JUM092518A098,3,2,0.4139363492949194,0.5606065488585454
JUM092518A098,JUM,LSR_1,LSR,1,T,T-JUM092518A098,3,3,0.5021442433094657,0.5606065488585454
JUM092518A098,JUM,MJS_1,MJS,1,T,T-JUM092518A098,3,1,0.5587235939490348,1.07369661503474
JUM092518A098,JUM,MJS_1,MJS,1,T,T-JUM092518A098,3,2,0.8050861334529396,1.07369661503474
JUM092518A098,JUM,MJS_1,MJS,1,T,T-JUM092518A098,3,3,0.9545005065992778,1.07369661503474
JUM092518A099,JUM,JRS_1,JRS,1,T,T-JUM092518A099,4,1,0.4807959126142953,1.0574114108010666
JUM092518A099,JUM,JRS_1,JRS,1,T,T-JUM092518A099,4,2,0.7037580378089725,1.0574114108010666
JUM092518A099,JUM,JRS_1,JRS,1,T,T-JUM092518A099,4,3,0.8799161594665125,1.0574114108010666
JUM092518A099,JUM,JRS_1,JRS,1,T,T-JUM092518A099,4,4,0.9766101938601777,1.0574114108010666
JUM092518A099,JUM,LEL_1,LEL,1,T,T-JUM092518A099,4,1,0.4368955933965278,1.0147072554929486
JUM092518A099,JUM,LEL_1,LEL,1,T,T-JUM092518A099,4,2,0.6423447639355796,1.0147072554929486
JUM092518A099,JUM,LEL_1,LEL,1,T,T-JUM092518A099,4,3,0.8406058892142899,1.0147072554929486
JUM092518A099,JUM,LEL_1,LEL,1,T,T-JUM092518A099,4,4,0.9480154268183567,1.0147072554929486
JUM092518A099,JUM,LSR_1,LSR,1,T,T-JUM092518A099,4,1,0.515449070267175,1.122575527739023
JUM092518A099,JUM,LSR_1,LSR,1,T,T-JUM092518A099,4,2,0.792058236571894,1.122575527739023
JUM092518A099,JUM,LSR_1,LSR,1,T,T-JUM092518A099,4,3,0.9114781885531217,1.122575527739023
JUM092518A099,JUM,LSR_1,LSR,1,T,T-JUM092518A099,4,4,1.0370522741620087,1.122575527739023
JUM092518A099,JUM,MJS_1,MJS,1,T,T-JUM092518A099,4,1,0.5363536739564608,1.156986706520326
JUM092518A099,JUM,MJS_1,MJS,1,T,T-JUM092518A099,4,2,0.8054990589927096,1.156986706520326
JUM092518A099,JUM,MJS_1,MJS,1,T,T-JUM092518A099,4,3,0.9614646415097143,1.156986706520326
JUM092518A099,JUM,MJS_1,MJS,1,T,T-JUM092518A099,4,4,1.0764207184517283,1.156986706520326
JUM092518A100,JUM,JRS_1,JRS,1,T,T-JUM092518A100,0,NA,NA,0.896243948997657
JUM092518A100,JUM,LEL_1,LEL,1,T,T-JUM092518A100,1,1,0.6110124663475925,0.8334827207192372
JUM092518A100,JUM,LSR_1,LSR,1,T,T-JUM092518A100,3,1,0.6259266811650839,1.0588706876002303
JUM092518A100,JUM,LSR_1,LSR,1,T,T-JUM092518A100,3,2,0.7946147880392473,1.0588706876002303
JUM092518A100,JUM,LSR_1,LSR,1,T,T-JUM092518A100,3,3,0.9734847841749885,1.0588706876002303
JUM092518A100,JUM,MJS_1,MJS,1,T,T-JUM092518A100,1,1,0.7571481203925843,0.9664947830223771
JUM092518A101,JUM,JRS_1,JRS,1,T,T-JUM092518A101,4,1,0.4504622732450738,1.0913402934640843
JUM092518A101,JUM,JRS_1,JRS,1,T,T-JUM092518A101,4,2,0.6531126989745434,1.0913402934640843
JUM092518A101,JUM,JRS_1,JRS,1,T,T-JUM092518A101,4,3,0.8205378597930953,1.0913402934640843
JUM092518A101,JUM,JRS_1,JRS,1,T,T-JUM092518A101,4,4,0.9568418756761341,1.0913402934640843
JUM092518A101,JUM,LEL_1,LEL,1,T,T-JUM092518A101,4,1,0.5996893937396103,1.027173193084375
JUM092518A101,JUM,LEL_1,LEL,1,T,T-JUM092518A101,4,2,0.7839683910768276,1.027173193084375
JUM092518A101,JUM,LEL_1,LEL,1,T,T-JUM092518A101,4,3,0.9306006732912473,1.027173193084375
JUM092518A101,JUM,LEL_1,LEL,1,T,T-JUM092518A101,4,4,0.9807962934549811,1.027173193084375
JUM092518A101,JUM,LSR_1,LSR,1,T,T-JUM092518A101,4,1,0.5497328865167335,1.1605285512018904
JUM092518A101,JUM,LSR_1,LSR,1,T,T-JUM092518A101,4,2,0.724452456308864,1.1605285512018904
JUM092518A101,JUM,LSR_1,LSR,1,T,T-JUM092518A101,4,3,0.8897845682994794,1.1605285512018904
JUM092518A101,JUM,LSR_1,LSR,1,T,T-JUM092518A101,4,4,1.0193482742604778,1.1605285512018904
JUM092518A101,JUM,MJS_1,MJS,1,T,T-JUM092518A101,4,1,0.5986586054964793,1.2142702038863018
JUM092518A101,JUM,MJS_1,MJS,1,T,T-JUM092518A101,4,2,0.7621920931615005,1.2142702038863018
JUM092518A101,JUM,MJS_1,MJS,1,T,T-JUM092518A101,4,3,0.9584602877986669,1.2142702038863018
JUM092518A101,JUM,MJS_1,MJS,1,T,T-JUM092518A101,4,4,1.0858139808225085,1.2142702038863018
JUM092718A001,JUM,JRS_1,JRS,1,T,T-JUM092718A001,9,1,0.3709989748950601,1.614811113886715
JUM092718A001,JUM,JRS_1,JRS,1,T,T-JUM092718A001,9,2,0.6236352514125129,1.614811113886715
JUM092718A001,JUM,JRS_1,JRS,1,T,T-JUM092718A001,9,3,0.8021790947911511,1.614811113886715
JUM092718A001,JUM,JRS_1,JRS,1,T,T-JUM092718A001,9,4,0.9547442879100808,1.614811113886715
JUM092718A001,JUM,JRS_1,JRS,1,T,T-JUM092718A001,9,5,1.0927835508859405,1.614811113886715
JUM092718A001,JUM,JRS_1,JRS,1,T,T-JUM092718A001,9,6,1.2260573332135585,1.614811113886715
JUM092718A001,JUM,JRS_1,JRS,1,T,T-JUM092718A001,9,7,1.340654346755152,1.614811113886715
JUM092718A001,JUM,JRS_1,JRS,1,T,T-JUM092718A001,9,8,1.4419547141642473,1.614811113886715
JUM092718A001,JUM,JRS_1,JRS,1,T,T-JUM092718A001,9,9,1.527422034615403,1.614811113886715
JUM092718A001,JUM,LEL_1,LEL,1,T,T-JUM092718A001,9,1,0.5617422719257057,1.6926318498742585
JUM092718A001,JUM,LEL_1,LEL,1,T,T-JUM092718A001,9,2,0.7049304494078918,1.6926318498742585
JUM092718A001,JUM,LEL_1,LEL,1,T,T-JUM092718A001,9,3,0.8723789647155418,1.6926318498742585
JUM092718A001,JUM,LEL_1,LEL,1,T,T-JUM092718A001,9,4,1.018284315987818,1.6926318498742585
JUM092718A001,JUM,LEL_1,LEL,1,T,T-JUM092718A001,9,5,1.1719380256767324,1.6926318498742585
JUM092718A001,JUM,LEL_1,LEL,1,T,T-JUM092718A001,9,6,1.2896416660896213,1.6926318498742585
JUM092718A001,JUM,LEL_1,LEL,1,T,T-JUM092718A001,9,7,1.4093159930194719,1.6926318498742585
JUM092718A001,JUM,LEL_1,LEL,1,T,T-JUM092718A001,9,8,1.5414937324986182,1.6926318498742585
JUM092718A001,JUM,LEL_1,LEL,1,T,T-JUM092718A001,9,9,1.6017041396001073,1.6926318498742585
JUM092718A001,JUM,LSR_1,LSR,1,T,T-JUM092718A001,9,1,0.4680326021093929,1.6384572046600163
JUM092718A001,JUM,LSR_1,LSR,1,T,T-JUM092718A001,9,2,0.6804762663300836,1.6384572046600163
JUM092718A001,JUM,LSR_1,LSR,1,T,T-JUM092718A001,9,3,0.87169039099391,1.6384572046600163
JUM092718A001,JUM,LSR_1,LSR,1,T,T-JUM092718A001,9,4,0.9761565052855246,1.6384572046600163
JUM092718A001,JUM,LSR_1,LSR,1,T,T-JUM092718A001,9,5,1.110785345419728,1.6384572046600163
JUM092718A001,JUM,LSR_1,LSR,1,T,T-JUM092718A001,9,6,1.218305432312616,1.6384572046600163
JUM092718A001,JUM,LSR_1,LSR,1,T,T-JUM092718A001,9,7,1.3399517246213968,1.6384572046600163
JUM092718A001,JUM,LSR_1,LSR,1,T,T-JUM092718A001,9,8,1.4425075239022096,1.6384572046600163
JUM092718A001,JUM,LSR_1,LSR,1,T,T-JUM092718A001,9,9,1.532847432777931,1.6384572046600163
JUM092718A001,JUM,MJS_1,MJS,1,T,T-JUM092718A001,9,1,0.4341994521654467,1.6801967324684117
JUM092718A001,JUM,MJS_1,MJS,1,T,T-JUM092718A001,9,2,0.685931702813495,1.6801967324684117
JUM092718A001,JUM,MJS_1,MJS,1,T,T-JUM092718A001,9,3,0.8761414735801659,1.6801967324684117
JUM092718A001,JUM,MJS_1,MJS,1,T,T-JUM092718A001,9,4,1.018453973982122,1.6801967324684117
JUM092718A001,JUM,MJS_1,MJS,1,T,T-JUM092718A001,9,5,1.1656878780720794,1.6801967324684117
JUM092718A001,JUM,MJS_1,MJS,1,T,T-JUM092718A001,9,6,1.2694652971956306,1.6801967324684117
JUM092718A001,JUM,MJS_1,MJS,1,T,T-JUM092718A001,9,7,1.3718634056269894,1.6801967324684117
JUM092718A001,JUM,MJS_1,MJS,1,T,T-JUM092718A001,9,8,1.505952718489979,1.6801967324684117
JUM092718A001,JUM,MJS_1,MJS,1,T,T-JUM092718A001,9,9,1.5836812643044407,1.6801967324684117
JUM092718A002,JUM,JRS_1,JRS,1,T,T-JUM092718A002,2,1,0.5163086018828367,0.7544548973791055
JUM092718A002,JUM,JRS_1,JRS,1,T,T-JUM092718A002,2,2,0.6489294324142691,0.7544548973791055
JUM092718A002,JUM,LEL_1,LEL,1,T,T-JUM092718A002,2,1,0.5751894592047119,0.8456888028336522
JUM092718A002,JUM,LEL_1,LEL,1,T,T-JUM092718A002,2,2,0.6756845904964861,0.8456888028336522
JUM092718A002,JUM,LSR_1,LSR,1,T,T-JUM092718A002,3,1,0.6858995659518712,0.9883598023452037
JUM092718A002,JUM,LSR_1,LSR,1,T,T-JUM092718A002,3,2,0.8340920449822629,0.9883598023452037
JUM092718A002,JUM,LSR_1,LSR,1,T,T-JUM092718A002,3,3,0.9112259236637331,0.9883598023452037
JUM092718A002,JUM,MJS_1,MJS,1,T,T-JUM092718A002,3,1,0.5543132992848169,1.0390185921677613
JUM092718A002,JUM,MJS_1,MJS,1,T,T-JUM092718A002,3,2,0.7427374658118078,1.0390185921677613
JUM092718A002,JUM,MJS_1,MJS,1,T,T-JUM092718A002,3,3,0.9135290268092411,1.0390185921677613
JUM101118A001,JUM,JRS_1,JRS,1,T,T-JUM101118A001,2,1,0.4807311456094127,0.7897470632514497
JUM101118A001,JUM,JRS_1,JRS,1,T,T-JUM101118A001,2,2,0.6546561836580786,0.7897470632514497
JUM101118A001,JUM,LEL_1,LEL,1,T,T-JUM101118A001,2,1,0.5024218239007119,0.8069544761267645
JUM101118A001,JUM,LEL_1,LEL,1,T,T-JUM101118A001,2,2,0.6573681022342625,0.8069544761267645
JUM101118A001,JUM,LSR_1,LSR,1,T,T-JUM101118A001,2,1,0.6718958642735781,0.79724551907293
JUM101118A001,JUM,LSR_1,LSR,1,T,T-JUM101118A001,2,2,0.7731641533317272,0.79724551907293
JUM101118A001,JUM,MJS_1,MJS,1,T,T-JUM101118A001,2,1,0.4692127101332744,0.7573106063500189
JUM101118A001,JUM,MJS_1,MJS,1,T,T-JUM101118A001,2,2,0.6155497984231922,0.7573106063500189
JUM101118A002,JUM,JRS_1,JRS,1,T,T-JUM101118A002,3,1,0.39593409780375766,0.8334773317295583
JUM101118A002,JUM,JRS_1,JRS,1,T,T-JUM101118A002,3,2,0.5857735108745351,0.8334773317295583
JUM101118A002,JUM,JRS_1,JRS,1,T,T-JUM101118A002,3,3,0.7275034955472216,0.8334773317295583
JUM101118A002,JUM,LEL_1,LEL,1,T,T-JUM101118A002,3,1,0.5057436142615344,0.9192969840062936
JUM101118A002,JUM,LEL_1,LEL,1,T,T-JUM101118A002,3,2,0.6933004312192124,0.9192969840062936
JUM101118A002,JUM,LEL_1,LEL,1,T,T-JUM101118A002,3,3,0.854144797517689,0.9192969840062936
JUM101118A002,JUM,LSR_1,LSR,1,T,T-JUM101118A002,3,1,0.5318359682851292,0.9213889199249706
JUM101118A002,JUM,LSR_1,LSR,1,T,T-JUM101118A002,3,2,0.7250337621257492,0.9213889199249706
JUM101118A002,JUM,LSR_1,LSR,1,T,T-JUM101118A002,3,3,0.8450178079917702,0.9213889199249706
JUM101118A002,JUM,MJS_1,MJS,1,T,T-JUM101118A002,3,1,0.46929299094038246,0.9023078018592581
JUM101118A002,JUM,MJS_1,MJS,1,T,T-JUM101118A002,3,2,0.6527808528866599,0.9023078018592581
JUM101118A002,JUM,MJS_1,MJS,1,T,T-JUM101118A002,3,3,0.7838436114197149,0.9023078018592581
JUM101118A003,JUM,JRS_1,JRS,1,T,T-JUM101118A003,2,1,0.30728393835336953,0.5882602957565244
JUM101118A003,JUM,JRS_1,JRS,1,T,T-JUM101118A003,2,2,0.4792441035490709,0.5882602957565244
JUM101118A003,JUM,LEL_1,LEL,1,T,T-JUM101118A003,2,1,0.5539484929147409,0.7730692194980643
JUM101118A003,JUM,LEL_1,LEL,1,T,T-JUM101118A003,2,2,0.6952151687106262,0.7730692194980643
JUM101118A003,JUM,LSR_1,LSR,1,T,T-JUM101118A003,1,1,0.586622066664875,0.6744710835933224
JUM101118A003,JUM,MJS_1,MJS,1,T,T-JUM101118A003,2,1,0.5224580498070643,0.8512281036396251
JUM101118A003,JUM,MJS_1,MJS,1,T,T-JUM101118A003,2,2,0.7317195511520008,0.8512281036396251
JUM101118A004,JUM,JRS_1,JRS,1,T,T-JUM101118A004,2,1,0.3498560782735341,0.6237398767696417
JUM101118A004,JUM,JRS_1,JRS,1,T,T-JUM101118A004,2,2,0.4968792653699942,0.6237398767696417
JUM101118A004,JUM,LEL_1,LEL,1,T,T-JUM101118A004,3,1,0.43202878554740426,0.7736604625618339
JUM101118A004,JUM,LEL_1,LEL,1,T,T-JUM101118A004,3,2,0.5444165472673673,0.7736604625618339
JUM101118A004,JUM,LEL_1,LEL,1,T,T-JUM101118A004,3,3,0.634292858375514,0.7736604625618339
JUM101118A004,JUM,LSR_1,LSR,1,T,T-JUM101118A004,2,1,0.6877090544551216,1.0326876166350165
JUM101118A004,JUM,LSR_1,LSR,1,T,T-JUM101118A004,2,2,0.8807828978793877,1.0326876166350165
JUM101118A004,JUM,MJS_1,MJS,1,T,T-JUM101118A004,2,1,0.5973269025685672,0.977364422338227
JUM101118A004,JUM,MJS_1,MJS,1,T,T-JUM101118A004,2,2,0.8397676948667733,0.977364422338227
JUM101118A005,JUM,JRS_1,JRS,1,T,T-JUM101118A005,4,1,0.4722309774428684,0.9204374768150693
JUM101118A005,JUM,JRS_1,JRS,1,T,T-JUM101118A005,4,2,0.5642195627296129,0.9204374768150693
JUM101118A005,JUM,JRS_1,JRS,1,T,T-JUM101118A005,4,3,0.6766749230387262,0.9204374768150693
JUM101118A005,JUM,JRS_1,JRS,1,T,T-JUM101118A005,4,4,0.7960618147952266,0.9204374768150693
JUM101118A005,JUM,LEL_1,LEL,1,T,T-JUM101118A005,5,1,0.42554931481538694,0.8981654636594589
JUM101118A005,JUM,LEL_1,LEL,1,T,T-JUM101118A005,5,2,0.48942543453080917,0.8981654636594589
JUM101118A005,JUM,LEL_1,LEL,1,T,T-JUM101118A005,5,3,0.56064732886615,0.8981654636594589
JUM101118A005,JUM,LEL_1,LEL,1,T,T-JUM101118A005,5,4,0.6507630938630183,0.8981654636594589
JUM101118A005,JUM,LEL_1,LEL,1,T,T-JUM101118A005,5,5,0.7855585741356459,0.8981654636594589
JUM101118A005,JUM,LSR_1,LSR,1,T,T-JUM101118A005,3,1,0.5797181122577449,0.9532011461905228
JUM101118A005,JUM,LSR_1,LSR,1,T,T-JUM101118A005,3,2,0.7359259351039993,0.9532011461905228
JUM101118A005,JUM,LSR_1,LSR,1,T,T-JUM101118A005,3,3,0.8466633357925856,0.9532011461905228
JUM101118A005,JUM,MJS_1,MJS,1,T,T-JUM101118A005,3,1,0.36124053088685587,0.6976171056041258
JUM101118A005,JUM,MJS_1,MJS,1,T,T-JUM101118A005,3,2,0.5158886052214127,0.6976171056041258
JUM101118A005,JUM,MJS_1,MJS,1,T,T-JUM101118A005,3,3,0.6154102524490598,0.6976171056041258
JUM101118A006,JUM,JRS_1,JRS,1,T,T-JUM101118A006,3,1,0.47962598665662926,1.0830603272631778
JUM101118A006,JUM,JRS_1,JRS,1,T,T-JUM101118A006,3,2,0.7401360617176254,1.0830603272631778
JUM101118A006,JUM,JRS_1,JRS,1,T,T-JUM101118A006,3,3,0.9135520952226174,1.0830603272631778
JUM101118A006,JUM,LEL_1,LEL,1,T,T-JUM101118A006,3,1,0.5234228887047301,1.091676371918563
JUM101118A006,JUM,LEL_1,LEL,1,T,T-JUM101118A006,3,2,0.726137385250404,1.091676371918563
JUM101118A006,JUM,LEL_1,LEL,1,T,T-JUM101118A006,3,3,0.9300840018216032,1.091676371918563
JUM101118A006,JUM,LSR_1,LSR,1,T,T-JUM101118A006,3,1,0.6191328937957807,1.2262868552635828
JUM101118A006,JUM,LSR_1,LSR,1,T,T-JUM101118A006,3,2,0.8736255497278274,1.2262868552635828
JUM101118A006,JUM,LSR_1,LSR,1,T,T-JUM101118A006,3,3,1.0644082090000717,1.2262868552635828
JUM101118A006,JUM,MJS_1,MJS,1,T,T-JUM101118A006,3,1,0.675973702385229,1.3234801948792527
JUM101118A006,JUM,MJS_1,MJS,1,T,T-JUM101118A006,3,2,0.9506140231594402,1.3234801948792527
JUM101118A006,JUM,MJS_1,MJS,1,T,T-JUM101118A006,3,3,1.1523184264738915,1.3234801948792527
JUM101118A007,JUM,JRS_1,JRS,1,T,T-JUM101118A007,2,1,0.4724381362374702,0.7735680467825927
JUM101118A007,JUM,JRS_1,JRS,1,T,T-JUM101118A007,2,2,0.6410717408165771,0.7735680467825927
JUM101118A007,JUM,LEL_1,LEL,1,T,T-JUM101118A007,2,1,0.6972660472876563,0.9590109344166214
JUM101118A007,JUM,LEL_1,LEL,1,T,T-JUM101118A007,2,2,0.8231131614141017,0.9590109344166214
JUM101118A007,JUM,LSR_1,LSR,1,T,T-JUM101118A007,2,1,0.5509407534260937,0.8696759158199413
JUM101118A007,JUM,LSR_1,LSR,1,T,T-JUM101118A007,2,2,0.7495288014574213,0.8696759158199413
JUM101118A007,JUM,MJS_1,MJS,1,T,T-JUM101118A007,2,1,0.5649146899993709,0.8776736700865773
JUM101118A007,JUM,MJS_1,MJS,1,T,T-JUM101118A007,2,2,0.7514884403853426,0.8776736700865773
JUM101118A008,JUM,JRS_1,JRS,1,T,T-JUM101118A008,1,1,0.47489526791683084,0.7009680916897227
JUM101118A008,JUM,LEL_1,LEL,1,T,T-JUM101118A008,1,1,0.41460752536854617,0.6360125811604076
JUM101118A008,JUM,LSR_1,LSR,1,T,T-JUM101118A008,1,1,0.5317429614927232,0.7757858317944144
JUM101118A008,JUM,MJS_1,MJS,1,T,T-JUM101118A008,1,1,0.5780670787191527,0.7919110325799422
JUM101118A009,JUM,JRS_1,JRS,1,T,T-JUM101118A009,9,1,0.4055578843045251,1.0372895002932372
JUM101118A009,JUM,JRS_1,JRS,1,T,T-JUM101118A009,9,2,0.49455340568751194,1.0372895002932372
JUM101118A009,JUM,JRS_1,JRS,1,T,T-JUM101118A009,9,3,0.5838275490413726,1.0372895002932372
JUM101118A009,JUM,JRS_1,JRS,1,T,T-JUM101118A009,9,4,0.6731016923952322,1.0372895002932372
JUM101118A009,JUM,JRS_1,JRS,1,T,T-JUM101118A009,9,5,0.7292114817086272,1.0372895002932372
JUM101118A009,JUM,JRS_1,JRS,1,T,T-JUM101118A009,9,6,0.8145220748648974,1.0372895002932372
JUM101118A009,JUM,JRS_1,JRS,1,T,T-JUM101118A009,9,7,0.8777230986608552,1.0372895002932372
JUM101118A009,JUM,JRS_1,JRS,1,T,T-JUM101118A009,9,8,0.9335542660033763,1.0372895002932372
JUM101118A009,JUM,JRS_1,JRS,1,T,T-JUM101118A009,9,9,0.9893854333458986,1.0372895002932372
JUM101118A009,JUM,LEL_1,LEL,1,T,T-JUM101118A009,8,1,1.012621802516096,1.7560818855764926
JUM101118A009,JUM,LEL_1,LEL,1,T,T-JUM101118A009,8,2,1.1580460236584076,1.7560818855764926
JUM101118A009,JUM,LEL_1,LEL,1,T,T-JUM101118A009,8,3,1.2227118709337224,1.7560818855764926
JUM101118A009,JUM,LEL_1,LEL,1,T,T-JUM101118A009,8,4,1.2981224993206357,1.7560818855764926
JUM101118A009,JUM,LEL_1,LEL,1,T,T-JUM101118A009,8,5,1.4031921786051649,1.7560818855764926
JUM101118A009,JUM,LEL_1,LEL,1,T,T-JUM101118A009,8,6,1.4706304789233853,1.7560818855764926
JUM101118A009,JUM,LEL_1,LEL,1,T,T-JUM101118A009,8,7,1.5674813793820621,1.7560818855764926
JUM101118A009,JUM,LEL_1,LEL,1,T,T-JUM101118A009,8,8,1.6699264760779815,1.7560818855764926
JUM101118A009,JUM,LSR_1,LSR,1,T,T-JUM101118A009,7,1,0.43004229089929225,1.055389100685692
JUM101118A009,JUM,LSR_1,LSR,1,T,T-JUM101118A009,7,2,0.5586545177506387,1.055389100685692
JUM101118A009,JUM,LSR_1,LSR,1,T,T-JUM101118A009,7,3,0.6535682586640092,1.055389100685692
JUM101118A009,JUM,LSR_1,LSR,1,T,T-JUM101118A009,7,4,0.7504356374367956,1.055389100685692
JUM101118A009,JUM,LSR_1,LSR,1,T,T-JUM101118A009,7,5,0.8158789714533313,1.055389100685692
JUM101118A009,JUM,LSR_1,LSR,1,T,T-JUM101118A009,7,6,0.926776873834345,1.055389100685692
JUM101118A009,JUM,LSR_1,LSR,1,T,T-JUM101118A009,7,7,1.006090329797954,1.055389100685692
JUM101118A009,JUM,MJS_1,MJS,1,T,T-JUM101118A009,9,1,0.6465573293190698,2.3526778012076317
JUM101118A009,JUM,MJS_1,MJS,1,T,T-JUM101118A009,9,2,0.9307527753823863,2.3526778012076317
JUM101118A009,JUM,MJS_1,MJS,1,T,T-JUM101118A009,9,3,1.116261185230745,2.3526778012076317
JUM101118A009,JUM,MJS_1,MJS,1,T,T-JUM101118A009,9,4,1.485962869804195,2.3526778012076317
JUM101118A009,JUM,MJS_1,MJS,1,T,T-JUM101118A009,9,5,1.6987806705708652,2.3526778012076317
JUM101118A009,JUM,MJS_1,MJS,1,T,T-JUM101118A009,9,6,1.8247770977041353,2.3526778012076317
JUM101118A009,JUM,MJS_1,MJS,1,T,T-JUM101118A009,9,7,1.967348718490125,2.3526778012076317
JUM101118A009,JUM,MJS_1,MJS,1,T,T-JUM101118A009,9,8,2.0982383465018604,2.3526778012076317
JUM101118A009,JUM,MJS_1,MJS,1,T,T-JUM101118A009,9,9,2.231390905145525,2.3526778012076317
JUM101118A010,JUM,JRS_1,JRS,1,T,T-JUM101118A010,5,1,0.5876698835466966,1.3492608442937004
JUM101118A010,JUM,JRS_1,JRS,1,T,T-JUM101118A010,5,2,0.8131511966182264,1.3492608442937004
JUM101118A010,JUM,JRS_1,JRS,1,T,T-JUM101118A010,5,3,0.9850476035213601,1.3492608442937004
JUM101118A010,JUM,JRS_1,JRS,1,T,T-JUM101118A010,5,4,1.1286734847342543,1.3492608442937004
JUM101118A010,JUM,JRS_1,JRS,1,T,T-JUM101118A010,5,5,1.2490096557661652,1.3492608442937004
JUM101118A010,JUM,LEL_1,LEL,1,T,T-JUM101118A010,5,1,0.4803507752369462,1.0325267862408156
JUM101118A010,JUM,LEL_1,LEL,1,T,T-JUM101118A010,5,2,0.591196044525941,1.0325267862408156
JUM101118A010,JUM,LEL_1,LEL,1,T,T-JUM101118A010,5,3,0.7287513977743478,1.0325267862408156
JUM101118A010,JUM,LEL_1,LEL,1,T,T-JUM101118A010,5,4,0.8547307884300421,1.0325267862408156
JUM101118A010,JUM,LEL_1,LEL,1,T,T-JUM101118A010,5,5,0.9789151434602655,1.0325267862408156
JUM101118A010,JUM,LSR_1,LSR,1,T,T-JUM101118A010,5,1,0.620418049808433,1.4161412265447235
JUM101118A010,JUM,LSR_1,LSR,1,T,T-JUM101118A010,5,2,0.8691894279312884,1.4161412265447235
JUM101118A010,JUM,LSR_1,LSR,1,T,T-JUM101118A010,5,3,1.0564691480342194,1.4161412265447235
JUM101118A010,JUM,LSR_1,LSR,1,T,T-JUM101118A010,5,4,1.1851699786375118,1.4161412265447235
JUM101118A010,JUM,LSR_1,LSR,1,T,T-JUM101118A010,5,5,1.3068586699641842,1.4161412265447235
JUM101118A010,JUM,MJS_1,MJS,1,T,T-JUM101118A010,5,1,0.6790162281047079,1.4732073077233934
JUM101118A010,JUM,MJS_1,MJS,1,T,T-JUM101118A010,5,2,0.9139272661709823,1.4732073077233934
JUM101118A010,JUM,MJS_1,MJS,1,T,T-JUM101118A010,5,3,1.0927647895368895,1.4732073077233934
JUM101118A010,JUM,MJS_1,MJS,1,T,T-JUM101118A010,5,4,1.2360156021379596,1.4732073077233934
JUM101118A010,JUM,MJS_1,MJS,1,T,T-JUM101118A010,5,5,1.3564989432843397,1.4732073077233934
JUM101118A011,JUM,JRS_1,JRS,1,T,T-JUM101118A011,4,1,0.4290879271824042,1.0453998335911876
JUM101118A011,JUM,JRS_1,JRS,1,T,T-JUM101118A011,4,2,0.6415370379144272,1.0453998335911876
JUM101118A011,JUM,JRS_1,JRS,1,T,T-JUM101118A011,4,3,0.8098204442127007,1.0453998335911876
JUM101118A011,JUM,JRS_1,JRS,1,T,T-JUM101118A011,4,4,0.9307741424895851,1.0453998335911876
JUM101118A011,JUM,LEL_1,LEL,1,T,T-JUM101118A011,4,1,0.5466539829304111,1.137145838202785
JUM101118A011,JUM,LEL_1,LEL,1,T,T-JUM101118A011,4,2,0.7151414857665159,1.137145838202785
JUM101118A011,JUM,LEL_1,LEL,1,T,T-JUM101118A011,4,3,0.8911444256330663,1.137145838202785
JUM101118A011,JUM,LEL_1,LEL,1,T,T-JUM101118A011,4,4,1.007179336290573,1.137145838202785
JUM101118A011,JUM,LSR_1,LSR,1,T,T-JUM101118A011,4,1,0.5614975949821344,1.2031565708094814
JUM101118A011,JUM,LSR_1,LSR,1,T,T-JUM101118A011,4,2,0.7984043259538529,1.2031565708094814
JUM101118A011,JUM,LSR_1,LSR,1,T,T-JUM101118A011,4,3,0.9741259669408155,1.2031565708094814
JUM101118A011,JUM,LSR_1,LSR,1,T,T-JUM101118A011,4,4,1.0848021735849511,1.2031565708094814
JUM101118A011,JUM,MJS_1,MJS,1,T,T-JUM101118A011,4,1,0.5195646209945589,1.1326799065828972
JUM101118A011,JUM,MJS_1,MJS,1,T,T-JUM101118A011,4,2,0.7381609230108489,1.1326799065828972
JUM101118A011,JUM,MJS_1,MJS,1,T,T-JUM101118A011,4,3,0.8986972422545118,1.1326799065828972
JUM101118A011,JUM,MJS_1,MJS,1,T,T-JUM101118A011,4,4,1.030819815472465,1.1326799065828972
JUM101118A012,JUM,JRS_1,JRS,1,T,T-JUM101118A012,2,1,0.4305542151671059,0.6678808852390657
JUM101118A012,JUM,JRS_1,JRS,1,T,T-JUM101118A012,2,2,0.582676718646945,0.6678808852390657
JUM101118A012,JUM,LEL_1,LEL,1,T,T-JUM101118A012,2,1,0.5454744826604667,0.7684661704878897
JUM101118A012,JUM,LEL_1,LEL,1,T,T-JUM101118A012,2,2,0.6793731502074312,0.7684661704878897
JUM101118A012,JUM,LSR_1,LSR,1,T,T-JUM101118A012,2,1,0.38441075180074785,0.6567706671815609
JUM101118A012,JUM,LSR_1,LSR,1,T,T-JUM101118A012,2,2,0.5522224476087263,0.6567706671815609
JUM101118A012,JUM,MJS_1,MJS,1,T,T-JUM101118A012,2,1,0.5005871955441719,0.8887955814878093
JUM101118A012,JUM,MJS_1,MJS,1,T,T-JUM101118A012,2,2,0.7308536709100444,0.8887955814878093
JUM101118A013,JUM,JRS_1,JRS,1,T,T-JUM101118A013,2,1,0.40548258251046776,0.7309942466863124
JUM101118A013,JUM,JRS_1,JRS,1,T,T-JUM101118A013,2,2,0.5874692542985523,0.7309942466863124
JUM101118A013,JUM,LEL_1,LEL,1,T,T-JUM101118A013,2,1,0.37195658345712973,0.7070454461852673
JUM101118A013,JUM,LEL_1,LEL,1,T,T-JUM101118A013,2,2,0.568230731608754,0.7070454461852673
JUM101118A013,JUM,LSR_1,LSR,1,T,T-JUM101118A013,2,1,0.4812251405297857,0.7917606539601431
JUM101118A013,JUM,LSR_1,LSR,1,T,T-JUM101118A013,2,2,0.6488540212453976,0.7917606539601431
JUM101118A013,JUM,MJS_1,MJS,1,T,T-JUM101118A013,2,1,0.47016714805421983,0.8088198426086696
JUM101118A013,JUM,MJS_1,MJS,1,T,T-JUM101118A013,2,2,0.6564633914178307,0.8088198426086696
JUM101118A014,JUM,JRS_1,JRS,1,T,T-JUM101118A014,5,1,0.4552760292317766,1.0574562330367312
JUM101118A014,JUM,JRS_1,JRS,1,T,T-JUM101118A014,5,2,0.6426350828538823,1.0574562330367312
JUM101118A014,JUM,JRS_1,JRS,1,T,T-JUM101118A014,5,3,0.7859978588257717,1.0574562330367312
JUM101118A014,JUM,JRS_1,JRS,1,T,T-JUM101118A014,5,4,0.8896094279693116,1.0574562330367312
JUM101118A014,JUM,JRS_1,JRS,1,T,T-JUM101118A014,5,5,0.9708710221774548,1.0574562330367312
JUM101118A014,JUM,LEL_1,LEL,1,T,T-JUM101118A014,5,1,0.5083180598075717,1.0491558181857672
JUM101118A014,JUM,LEL_1,LEL,1,T,T-JUM101118A014,5,2,0.6568512656666134,1.0491558181857672
JUM101118A014,JUM,LEL_1,LEL,1,T,T-JUM101118A014,5,3,0.7696128030979694,1.0491558181857672
JUM101118A014,JUM,LEL_1,LEL,1,T,T-JUM101118A014,5,4,0.8796610428501239,1.0491558181857672
JUM101118A014,JUM,LEL_1,LEL,1,T,T-JUM101118A014,5,5,0.9732632303277147,1.0491558181857672
JUM101118A014,JUM,LSR_1,LSR,1,T,T-JUM101118A014,5,1,0.5125557933850441,1.1144509274523455
JUM101118A014,JUM,LSR_1,LSR,1,T,T-JUM101118A014,5,2,0.6922664236805016,1.1144509274523455
JUM101118A014,JUM,LSR_1,LSR,1,T,T-JUM101118A014,5,3,0.8393375739994313,1.1144509274523455
JUM101118A014,JUM,LSR_1,LSR,1,T,T-JUM101118A014,5,4,0.9457061195599754,1.1144509274523455
JUM101118A014,JUM,LSR_1,LSR,1,T,T-JUM101118A014,5,5,1.0409798491010647,1.1144509274523455
JUM101118A014,JUM,MJS_1,MJS,1,T,T-JUM101118A014,5,1,0.4538232338847038,1.0870530406565333
JUM101118A014,JUM,MJS_1,MJS,1,T,T-JUM101118A014,5,2,0.6584173603829949,1.0870530406565333
JUM101118A014,JUM,MJS_1,MJS,1,T,T-JUM101118A014,5,3,0.7998236164836454,1.0870530406565333
JUM101118A014,JUM,MJS_1,MJS,1,T,T-JUM101118A014,5,4,0.9098549237552015,1.0870530406565333
JUM101118A014,JUM,MJS_1,MJS,1,T,T-JUM101118A014,5,5,0.995583919038762,1.0870530406565333
JUM101118A015,JUM,JRS_1,JRS,1,T,T-JUM101118A015,2,1,0.5487188057172886,0.8766526601969057
JUM101118A015,JUM,JRS_1,JRS,1,T,T-JUM101118A015,2,2,0.7208994947487412,0.8766526601969057
JUM101118A015,JUM,LEL_1,LEL,1,T,T-JUM101118A015,3,1,0.4909883120777163,0.9842500184037202
JUM101118A015,JUM,LEL_1,LEL,1,T,T-JUM101118A015,3,2,0.6041803348363634,0.9842500184037202
JUM101118A015,JUM,LEL_1,LEL,1,T,T-JUM101118A015,3,3,0.7751209890869978,0.9842500184037202
JUM101118A015,JUM,LSR_1,LSR,1,T,T-JUM101118A015,2,1,0.4502134552137386,0.6526194974905369
JUM101118A015,JUM,LSR_1,LSR,1,T,T-JUM101118A015,2,2,0.541310909906944,0.6526194974905369
JUM101118A015,JUM,MJS_1,MJS,1,T,T-JUM101118A015,2,1,0.4465939828667501,0.78825781916704
JUM101118A015,JUM,MJS_1,MJS,1,T,T-JUM101118A015,2,2,0.6377400954151652,0.78825781916704
JUM101118A016,JUM,LEL_1,LEL,1,T,T-JUM101118A016,0,NA,NA,0.4533160870393911
JUM101118A016,JUM,LSR_1,LSR,1,T,T-JUM101118A016,1,1,0.28324176063400597,0.4150183204374166
JUM101118A016,JUM,MJS_1,MJS,1,T,T-JUM101118A016,0,NA,NA,0.4548231492188562
JUM101118A017,JUM,JRS_1,JRS,1,T,T-JUM101118A017,2,1,0.3058126297096288,0.5968624191423154
JUM101118A017,JUM,JRS_1,JRS,1,T,T-JUM101118A017,2,2,0.45266807077030596,0.5968624191423154
JUM101118A017,JUM,LEL_1,LEL,1,T,T-JUM101118A017,0,NA,NA,0.5436317829022711
JUM101118A017,JUM,LSR_1,LSR,1,T,T-JUM101118A017,2,1,0.41332673091208194,0.7202582644979846
JUM101118A017,JUM,LSR_1,LSR,1,T,T-JUM101118A017,2,2,0.5719527372845739,0.7202582644979846
JUM101118A017,JUM,MJS_1,MJS,1,T,T-JUM101118A017,2,1,0.46685395137499053,0.7812826129939814
JUM101118A017,JUM,MJS_1,MJS,1,T,T-JUM101118A017,2,2,0.6341716077805454,0.7812826129939814
JUM101118A018,JUM,JRS_1,JRS,1,T,T-JUM101118A018,11,1,0.5731712105802333,2.0483700699588736
JUM101118A018,JUM,JRS_1,JRS,1,T,T-JUM101118A018,11,2,0.7946370116929613,2.0483700699588736
JUM101118A018,JUM,JRS_1,JRS,1,T,T-JUM101118A018,11,3,0.9833241025249577,2.0483700699588736
JUM101118A018,JUM,JRS_1,JRS,1,T,T-JUM101118A018,11,4,1.1250126069077357,2.0483700699588736
JUM101118A018,JUM,JRS_1,JRS,1,T,T-JUM101118A018,11,5,1.2760473618098145,2.0483700699588736
JUM101118A018,JUM,JRS_1,JRS,1,T,T-JUM101118A018,11,6,1.4071377925294053,2.0483700699588736
JUM101118A018,JUM,JRS_1,JRS,1,T,T-JUM101118A018,11,7,1.5228901908629806,2.0483700699588736
JUM101118A018,JUM,JRS_1,JRS,1,T,T-JUM101118A018,11,8,1.6428234698106206,2.0483700699588736
JUM101118A018,JUM,JRS_1,JRS,1,T,T-JUM101118A018,11,9,1.7603867693968465,2.0483700699588736
JUM101118A018,JUM,JRS_1,JRS,1,T,T-JUM101118A018,11,10,1.8455967698847473,2.0483700699588736
JUM101118A018,JUM,JRS_1,JRS,1,T,T-JUM101118A018,11,11,1.9501920164463715,2.0483700699588736
JUM101118A018,JUM,LEL_1,LEL,1,T,T-JUM101118A018,11,1,0.10497001716963307,1.9656040197257365
JUM101118A018,JUM,LEL_1,LEL,1,T,T-JUM101118A018,11,2,0.20671450965219762,1.9656040197257365
JUM101118A018,JUM,LEL_1,LEL,1,T,T-JUM101118A018,11,3,0.334119524557201,1.9656040197257365
JUM101118A018,JUM,LEL_1,LEL,1,T,T-JUM101118A018,11,4,0.42320730120876304,1.9656040197257365
JUM101118A018,JUM,LEL_1,LEL,1,T,T-JUM101118A018,11,5,0.5487751544684342,1.9656040197257365
JUM101118A018,JUM,LEL_1,LEL,1,T,T-JUM101118A018,11,6,0.677915623175609,1.9656040197257365
JUM101118A018,JUM,LEL_1,LEL,1,T,T-JUM101118A018,11,7,0.7901325790834092,1.9656040197257365
JUM101118A018,JUM,LEL_1,LEL,1,T,T-JUM101118A018,11,8,0.9376866314748552,1.9656040197257365
JUM101118A018,JUM,LEL_1,LEL,1,T,T-JUM101118A018,11,9,1.0358585085099166,1.9656040197257365
JUM101118A018,JUM,LEL_1,LEL,1,T,T-JUM101118A018,11,10,1.1437069596061848,1.9656040197257365
JUM101118A018,JUM,LEL_1,LEL,1,T,T-JUM101118A018,11,11,1.2880354873105617,1.9656040197257365
JUM101118A018,JUM,LSR_1,LSR,1,T,T-JUM101118A018,11,1,0.5781885603916217,2.0645385471969337
JUM101118A018,JUM,LSR_1,LSR,1,T,T-JUM101118A018,11,2,0.8028762862294669,2.0645385471969337
JUM101118A018,JUM,LSR_1,LSR,1,T,T-JUM101118A018,11,3,0.986390897574792,2.0645385471969337
JUM101118A018,JUM,LSR_1,LSR,1,T,T-JUM101118A018,11,4,1.1322612021696332,2.0645385471969337
JUM101118A018,JUM,LSR_1,LSR,1,T,T-JUM101118A018,11,5,1.2881310871593101,2.0645385471969337
JUM101118A018,JUM,LSR_1,LSR,1,T,T-JUM101118A018,11,6,1.4104745304730681,2.0645385471969337
JUM101118A018,JUM,LSR_1,LSR,1,T,T-JUM101118A018,11,7,1.5245822436376968,2.0645385471969337
JUM101118A018,JUM,LSR_1,LSR,1,T,T-JUM101118A018,11,8,1.6645708329122675,2.0645385471969337
JUM101118A018,JUM,LSR_1,LSR,1,T,T-JUM101118A018,11,9,1.7627983576124158,2.0645385471969337
JUM101118A018,JUM,LSR_1,LSR,1,T,T-JUM101118A018,11,10,1.8569080172379984,2.0645385471969337
JUM101118A018,JUM,LSR_1,LSR,1,T,T-JUM101118A018,11,11,1.9851331758720274,2.0645385471969337
JUM101118A018,JUM,MJS_1,MJS,1,T,T-JUM101118A018,11,1,0.5371705839178097,2.0487556668111724
JUM101118A018,JUM,MJS_1,MJS,1,T,T-JUM101118A018,11,2,0.7701725635023982,2.0487556668111724
JUM101118A018,JUM,MJS_1,MJS,1,T,T-JUM101118A018,11,3,0.9423876650043431,2.0487556668111724
JUM101118A018,JUM,MJS_1,MJS,1,T,T-JUM101118A018,11,4,1.0903545848212237,2.0487556668111724
JUM101118A018,JUM,MJS_1,MJS,1,T,T-JUM101118A018,11,5,1.2330206820584553,2.0487556668111724
JUM101118A018,JUM,MJS_1,MJS,1,T,T-JUM101118A018,11,6,1.3703859567160366,2.0487556668111724
JUM101118A018,JUM,MJS_1,MJS,1,T,T-JUM101118A018,11,7,1.4963606260610378,2.0487556668111724
JUM101118A018,JUM,MJS_1,MJS,1,T,T-JUM101118A018,11,8,1.6185014438862941,2.0487556668111724
JUM101118A018,JUM,MJS_1,MJS,1,T,T-JUM101118A018,11,9,1.738386330498366,2.0487556668111724
JUM101118A018,JUM,MJS_1,MJS,1,T,T-JUM101118A018,11,10,1.827144292539163,2.0487556668111724
JUM101118A018,JUM,MJS_1,MJS,1,T,T-JUM101118A018,11,11,1.9470291791512355,2.0487556668111724
JUM101118A019,JUM,JRS_1,JRS,1,T,T-JUM101118A019,5,1,0.4976750933996323,1.2293661735503028
JUM101118A019,JUM,JRS_1,JRS,1,T,T-JUM101118A019,5,2,0.6994431364997237,1.2293661735503028
JUM101118A019,JUM,JRS_1,JRS,1,T,T-JUM101118A019,5,3,0.8715874726161859,1.2293661735503028
JUM101118A019,JUM,JRS_1,JRS,1,T,T-JUM101118A019,5,4,1.006118914263507,1.2293661735503028
JUM101118A019,JUM,JRS_1,JRS,1,T,T-JUM101118A019,5,5,1.1136897114223687,1.2293661735503028
JUM101118A019,JUM,LEL_1,LEL,1,T,T-JUM101118A019,5,1,0.498722643349528,1.1785997479008512
JUM101118A019,JUM,LEL_1,LEL,1,T,T-JUM101118A019,5,2,0.6418873691842784,1.1785997479008512
JUM101118A019,JUM,LEL_1,LEL,1,T,T-JUM101118A019,5,3,0.8556427013607175,1.1785997479008512
JUM101118A019,JUM,LEL_1,LEL,1,T,T-JUM101118A019,5,4,0.9700541873370754,1.1785997479008512
JUM101118A019,JUM,LEL_1,LEL,1,T,T-JUM101118A019,5,5,1.077272388549398,1.1785997479008512
JUM101118A019,JUM,LSR_1,LSR,1,T,T-JUM101118A019,5,1,0.5680088256400517,1.3187279325825274
JUM101118A019,JUM,LSR_1,LSR,1,T,T-JUM101118A019,5,2,0.7993441846245367,1.3187279325825274
JUM101118A019,JUM,LSR_1,LSR,1,T,T-JUM101118A019,5,3,0.9742586051409345,1.3187279325825274
JUM101118A019,JUM,LSR_1,LSR,1,T,T-JUM101118A019,5,4,1.1059074615664728,1.3187279325825274
JUM101118A019,JUM,LSR_1,LSR,1,T,T-JUM101118A019,5,5,1.1815248348851657,1.3187279325825274
JUM101118A019,JUM,MJS_1,MJS,1,T,T-JUM101118A019,5,1,0.5679943640386865,1.3222997791960647
JUM101118A019,JUM,MJS_1,MJS,1,T,T-JUM101118A019,5,2,0.77379651629505,1.3222997791960647
JUM101118A019,JUM,MJS_1,MJS,1,T,T-JUM101118A019,5,3,0.9424614679744048,1.3222997791960647
JUM101118A019,JUM,MJS_1,MJS,1,T,T-JUM101118A019,5,4,1.0940902969467663,1.3222997791960647
JUM101118A019,JUM,MJS_1,MJS,1,T,T-JUM101118A019,5,5,1.1847908440754331,1.3222997791960647
JUM101118A020,JUM,JRS_1,JRS,1,T,T-JUM101118A020,5,1,0.47300061835504903,1.1517747410715267
JUM101118A020,JUM,JRS_1,JRS,1,T,T-JUM101118A020,5,2,0.6760990290528999,1.1517747410715267
JUM101118A020,JUM,JRS_1,JRS,1,T,T-JUM101118A020,5,3,0.8204050099331998,1.1517747410715267
JUM101118A020,JUM,JRS_1,JRS,1,T,T-JUM101118A020,5,4,0.9486783180663813,1.1517747410715267
JUM101118A020,JUM,JRS_1,JRS,1,T,T-JUM101118A020,5,5,1.0368649751000028,1.1517747410715267
JUM101118A020,JUM,LEL_1,LEL,1,T,T-JUM101118A020,5,1,0.42011035606824665,1.1109351217352275
JUM101118A020,JUM,LEL_1,LEL,1,T,T-JUM101118A020,5,2,0.6125276642803048,1.1109351217352275
JUM101118A020,JUM,LEL_1,LEL,1,T,T-JUM101118A020,5,3,0.7426436435440171,1.1109351217352275
JUM101118A020,JUM,LEL_1,LEL,1,T,T-JUM101118A020,5,4,0.8976385864867217,1.1109351217352275
JUM101118A020,JUM,LEL_1,LEL,1,T,T-JUM101118A020,5,5,1.0168104239907196,1.1109351217352275
JUM101118A020,JUM,LSR_1,LSR,1,T,T-JUM101118A020,5,1,0.5609419236188672,1.2721573499245595
JUM101118A020,JUM,LSR_1,LSR,1,T,T-JUM101118A020,5,2,0.7809821944419796,1.2721573499245595
JUM101118A020,JUM,LSR_1,LSR,1,T,T-JUM101118A020,5,3,0.9242197775304897,1.2721573499245595
JUM101118A020,JUM,LSR_1,LSR,1,T,T-JUM101118A020,5,4,1.079939223534567,1.2721573499245595
JUM101118A020,JUM,LSR_1,LSR,1,T,T-JUM101118A020,5,5,1.1558962830552197,1.2721573499245595
JUM101118A020,JUM,MJS_1,MJS,1,T,T-JUM101118A020,5,1,0.5303872350308256,1.2304242530686027
JUM101118A020,JUM,MJS_1,MJS,1,T,T-JUM101118A020,5,2,0.7478254826587296,1.2304242530686027
JUM101118A020,JUM,MJS_1,MJS,1,T,T-JUM101118A020,5,3,0.886488303966708,1.2304242530686027
JUM101118A020,JUM,MJS_1,MJS,1,T,T-JUM101118A020,5,4,1.0084158118195934,1.2304242530686027
JUM101118A020,JUM,MJS_1,MJS,1,T,T-JUM101118A020,5,5,1.1046661873758332,1.2304242530686027
JUM101118A021,JUM,JRS_1,JRS,1,T,T-JUM101118A021,1,1,0.39629207037265624,0.5936144750769534
JUM101118A021,JUM,LEL_1,LEL,1,T,T-JUM101118A021,1,1,0.4888736138756017,0.6389435101194376
JUM101118A021,JUM,LSR_1,LSR,1,T,T-JUM101118A021,2,1,0.604516924910922,0.8025195270944551
JUM101118A021,JUM,LSR_1,LSR,1,T,T-JUM101118A021,2,2,0.7755216893133783,0.8025195270944551
JUM101118A021,JUM,MJS_1,MJS,1,T,T-JUM101118A021,1,1,0.5232887280335066,0.6932867704557308
JUM101118A022,JUM,JRS_1,JRS,1,T,T-JUM101118A022,1,1,0.4185405925348378,0.5720278222829515
JUM101118A022,JUM,LEL_1,LEL,1,T,T-JUM101118A022,1,1,0.42139495976550734,0.5924878357462896
JUM101118A022,JUM,LSR_1,LSR,1,T,T-JUM101118A022,2,1,0.432482681027141,0.6038975502291591
JUM101118A022,JUM,LSR_1,LSR,1,T,T-JUM101118A022,2,2,0.5630625831677193,0.6038975502291591
JUM101118A022,JUM,MJS_1,MJS,1,T,T-JUM101118A022,1,1,0.46701882052072247,0.6523259955168877
JUM101118A023,JUM,JRS_1,JRS,1,T,T-JUM101118A023,1,1,0.5343670454996063,0.7413317758925915
JUM101118A023,JUM,LEL_1,LEL,1,T,T-JUM101118A023,1,1,0.5041433108277439,0.6659082617099307
JUM101118A023,JUM,LSR_1,LSR,1,T,T-JUM101118A023,1,1,0.5117328358107678,0.7213045552793996
JUM101118A023,JUM,MJS_1,MJS,1,T,T-JUM101118A023,1,1,0.5325062916551344,0.7589822786464253
JUM111518A001,JUM,JRS_1,JRS,1,T,T-JUM111518A001,10,1,0.5999859827561342,1.5998142573535032
JUM111518A001,JUM,JRS_1,JRS,1,T,T-JUM111518A001,10,2,0.7483960235516827,1.5998142573535032
JUM111518A001,JUM,JRS_1,JRS,1,T,T-JUM111518A001,10,3,0.8785426046844776,1.5998142573535032
JUM111518A001,JUM,JRS_1,JRS,1,T,T-JUM111518A001,10,4,0.9762057225721851,1.5998142573535032
JUM111518A001,JUM,JRS_1,JRS,1,T,T-JUM111518A001,10,5,1.1013221204130517,1.5998142573535032
JUM111518A001,JUM,JRS_1,JRS,1,T,T-JUM111518A001,10,6,1.1914399633628676,1.5998142573535032
JUM111518A001,JUM,JRS_1,JRS,1,T,T-JUM111518A001,10,7,1.2708396215878213,1.5998142573535032
JUM111518A001,JUM,JRS_1,JRS,1,T,T-JUM111518A001,10,8,1.3530832805292416,1.5998142573535032
JUM111518A001,JUM,JRS_1,JRS,1,T,T-JUM111518A001,10,9,1.4331407568952013,1.5998142573535032
JUM111518A001,JUM,JRS_1,JRS,1,T,T-JUM111518A001,10,10,1.512540415120155,1.5998142573535032
JUM111518A001,JUM,LEL_1,LEL,1,T,T-JUM111518A001,9,1,0.6155406873005944,1.4425465276406806
JUM111518A001,JUM,LEL_1,LEL,1,T,T-JUM111518A001,9,2,0.6965027362546053,1.4425465276406806
JUM111518A001,JUM,LEL_1,LEL,1,T,T-JUM111518A001,9,3,0.8148069735899025,1.4425465276406806
JUM111518A001,JUM,LEL_1,LEL,1,T,T-JUM111518A001,9,4,0.9612042522138922,1.4425465276406806
JUM111518A001,JUM,LEL_1,LEL,1,T,T-JUM111518A001,9,5,1.0510372153842384,1.4425465276406806
JUM111518A001,JUM,LEL_1,LEL,1,T,T-JUM111518A001,9,6,1.143463420579481,1.4425465276406806
JUM111518A001,JUM,LEL_1,LEL,1,T,T-JUM111518A001,9,7,1.2229451708938053,1.4425465276406806
JUM111518A001,JUM,LEL_1,LEL,1,T,T-JUM111518A001,9,8,1.2950363056314815,1.4425465276406806
JUM111518A001,JUM,LEL_1,LEL,1,T,T-JUM111518A001,9,9,1.3619518339411456,1.4425465276406806
JUM111518A001,JUM,LSR_1,LSR,1,T,T-JUM111518A001,10,1,0.6699294400962321,1.698581593054183
JUM111518A001,JUM,LSR_1,LSR,1,T,T-JUM111518A001,10,2,0.8439741228834797,1.698581593054183
JUM111518A001,JUM,LSR_1,LSR,1,T,T-JUM111518A001,10,3,0.9621102131214817,1.698581593054183
JUM111518A001,JUM,LSR_1,LSR,1,T,T-JUM111518A001,10,4,1.0642962824286484,1.698581593054183
JUM111518A001,JUM,LSR_1,LSR,1,T,T-JUM111518A001,10,5,1.1793564393882199,1.698581593054183
JUM111518A001,JUM,LSR_1,LSR,1,T,T-JUM111518A001,10,6,1.2782995368343075,1.698581593054183
JUM111518A001,JUM,LSR_1,LSR,1,T,T-JUM111518A001,10,7,1.3588848344017288,1.698581593054183
JUM111518A001,JUM,LSR_1,LSR,1,T,T-JUM111518A001,10,8,1.4389690162212014,1.698581593054183
JUM111518A001,JUM,LSR_1,LSR,1,T,T-JUM111518A001,10,9,1.5272787663800655,1.698581593054183
JUM111518A001,JUM,LSR_1,LSR,1,T,T-JUM111518A001,10,10,1.6183303726520606,1.698581593054183
JUM111518A001,JUM,MJS_1,MJS,1,T,T-JUM111518A001,10,1,0.6698034909583841,1.793931204974644
JUM111518A001,JUM,MJS_1,MJS,1,T,T-JUM111518A001,10,2,0.8247135331690815,1.793931204974644
JUM111518A001,JUM,MJS_1,MJS,1,T,T-JUM111518A001,10,3,0.9722235339864316,1.793931204974644
JUM111518A001,JUM,MJS_1,MJS,1,T,T-JUM111518A001,10,4,1.0843573471491643,1.793931204974644
JUM111518A001,JUM,MJS_1,MJS,1,T,T-JUM111518A001,10,5,1.206897063886112,1.793931204974644
JUM111518A001,JUM,MJS_1,MJS,1,T,T-JUM111518A001,10,6,1.3294367806230598,1.793931204974644
JUM111518A001,JUM,MJS_1,MJS,1,T,T-JUM111518A001,10,7,1.4270062132796058,1.793931204974644
JUM111518A001,JUM,MJS_1,MJS,1,T,T-JUM111518A001,10,8,1.501917065520812,1.793931204974644
JUM111518A001,JUM,MJS_1,MJS,1,T,T-JUM111518A001,10,9,1.6004098848108117,1.793931204974644
JUM111518A001,JUM,MJS_1,MJS,1,T,T-JUM111518A001,10,10,1.697285158951552,1.793931204974644
JUM111518A002,JUM,JRS_1,JRS,1,T,T-JUM111518A002,11,1,0.456194516904722,1.6398090058511101
JUM111518A002,JUM,JRS_1,JRS,1,T,T-JUM111518A002,11,2,0.6547522344005179,1.6398090058511101
JUM111518A002,JUM,JRS_1,JRS,1,T,T-JUM111518A002,11,3,0.7927308889201796,1.6398090058511101
JUM111518A002,JUM,JRS_1,JRS,1,T,T-JUM111518A002,11,4,0.9214135989735799,1.6398090058511101
JUM111518A002,JUM,JRS_1,JRS,1,T,T-JUM111518A002,11,5,1.0433537891447855,1.6398090058511101
JUM111518A002,JUM,JRS_1,JRS,1,T,T-JUM111518A002,11,6,1.1511625649837245,1.6398090058511101
JUM111518A002,JUM,JRS_1,JRS,1,T,T-JUM111518A002,11,7,1.2415365113748305,1.6398090058511101
JUM111518A002,JUM,JRS_1,JRS,1,T,T-JUM111518A002,11,8,1.3308890879323103,1.6398090058511101
JUM111518A002,JUM,JRS_1,JRS,1,T,T-JUM111518A002,11,9,1.4255878192726084,1.6398090058511101
JUM111518A002,JUM,JRS_1,JRS,1,T,T-JUM111518A002,11,10,1.494066461615626,1.6398090058511101
JUM111518A002,JUM,JRS_1,JRS,1,T,T-JUM111518A002,11,11,1.5684019436582761,1.6398090058511101
JUM111518A002,JUM,LEL_1,LEL,1,T,T-JUM111518A002,11,1,0.4608098660353253,1.5017622060915086
JUM111518A002,JUM,LEL_1,LEL,1,T,T-JUM111518A002,11,2,0.5497045080687917,1.5017622060915086
JUM111518A002,JUM,LEL_1,LEL,1,T,T-JUM111518A002,11,3,0.6665401178713299,1.5017622060915086
JUM111518A002,JUM,LEL_1,LEL,1,T,T-JUM111518A002,11,4,0.7937315404834486,1.5017622060915086
JUM111518A002,JUM,LEL_1,LEL,1,T,T-JUM111518A002,11,5,0.9371145801048905,1.5017622060915086
JUM111518A002,JUM,LEL_1,LEL,1,T,T-JUM111518A002,11,6,1.0308193084655377,1.5017622060915086
JUM111518A002,JUM,LEL_1,LEL,1,T,T-JUM111518A002,11,7,1.132527890311446,1.5017622060915086
JUM111518A002,JUM,LEL_1,LEL,1,T,T-JUM111518A002,11,8,1.2331718831046605,1.5017622060915086
JUM111518A002,JUM,LEL_1,LEL,1,T,T-JUM111518A002,11,9,1.3040746789208948,1.5017622060915086
JUM111518A002,JUM,LEL_1,LEL,1,T,T-JUM111518A002,11,10,1.388856003602264,1.5017622060915086
JUM111518A002,JUM,LEL_1,LEL,1,T,T-JUM111518A002,11,11,1.4447768103205398,1.5017622060915086
JUM111518A002,JUM,LSR_1,LSR,1,T,T-JUM111518A002,10,1,0.6717564405053896,1.6109297680201908
JUM111518A002,JUM,LSR_1,LSR,1,T,T-JUM111518A002,10,2,0.8283226103940744,1.6109297680201908
JUM111518A002,JUM,LSR_1,LSR,1,T,T-JUM111518A002,10,3,0.9734412761059943,1.6109297680201908
JUM111518A002,JUM,LSR_1,LSR,1,T,T-JUM111518A002,10,4,1.0721807406903083,1.6109297680201908
JUM111518A002,JUM,LSR_1,LSR,1,T,T-JUM111518A002,10,5,1.1619113298114163,1.6109297680201908
JUM111518A002,JUM,LSR_1,LSR,1,T,T-JUM111518A002,10,6,1.2500161664568181,1.6109297680201908
JUM111518A002,JUM,LSR_1,LSR,1,T,T-JUM111518A002,10,7,1.3335420014315138,1.6109297680201908
JUM111518A002,JUM,LSR_1,LSR,1,T,T-JUM111518A002,10,8,1.4020033346747973,1.6109297680201908
JUM111518A002,JUM,LSR_1,LSR,1,T,T-JUM111518A002,10,9,1.4901081713201987,1.6109297680201908
JUM111518A002,JUM,LSR_1,LSR,1,T,T-JUM111518A002,10,10,1.553177626654923,1.6109297680201908
JUM111518A002,JUM,MJS_1,MJS,1,T,T-JUM111518A002,11,1,0.5056324861631697,1.8031761802292836
JUM111518A002,JUM,MJS_1,MJS,1,T,T-JUM111518A002,11,2,0.7030190794896203,1.8031761802292836
JUM111518A002,JUM,MJS_1,MJS,1,T,T-JUM111518A002,11,3,0.8728832550829038,1.8031761802292836
JUM111518A002,JUM,MJS_1,MJS,1,T,T-JUM111518A002,11,4,1.0095837974518562,1.8031761802292836
JUM111518A002,JUM,MJS_1,MJS,1,T,T-JUM111518A002,11,5,1.1192176952360817,1.8031761802292836
JUM111518A002,JUM,MJS_1,MJS,1,T,T-JUM111518A002,11,6,1.2344928085114728,1.8031761802292836
JUM111518A002,JUM,MJS_1,MJS,1,T,T-JUM111518A002,11,7,1.3243824520766208,1.8031761802292836
JUM111518A002,JUM,MJS_1,MJS,1,T,T-JUM111518A002,11,8,1.4173205899615708,1.8031761802292836
JUM111518A002,JUM,MJS_1,MJS,1,T,T-JUM111518A002,11,9,1.5293193223429393,1.8031761802292836
JUM111518A002,JUM,MJS_1,MJS,1,T,T-JUM111518A002,11,10,1.6140235235653613,1.8031761802292836
JUM111518A002,JUM,MJS_1,MJS,1,T,T-JUM111518A002,11,11,1.707417434598751,1.8031761802292836
JUM111518A003,JUM,LEL_1,LEL,1,T,T-JUM111518A003,9,1,0.4895211045346149,1.5150469892243827
JUM111518A003,JUM,LEL_1,LEL,1,T,T-JUM111518A003,9,2,0.6816666915664626,1.5150469892243827
JUM111518A003,JUM,LEL_1,LEL,1,T,T-JUM111518A003,9,3,0.8080218040292302,1.5150469892243827
JUM111518A003,JUM,LEL_1,LEL,1,T,T-JUM111518A003,9,4,0.9298729162082793,1.5150469892243827
JUM111518A003,JUM,LEL_1,LEL,1,T,T-JUM111518A003,9,5,1.0578797446805517,1.5150469892243827
JUM111518A003,JUM,LEL_1,LEL,1,T,T-JUM111518A003,9,6,1.1415959908355484,1.5150469892243827
JUM111518A003,JUM,LEL_1,LEL,1,T,T-JUM111518A003,9,7,1.2567362173634984,1.5150469892243827
JUM111518A003,JUM,LEL_1,LEL,1,T,T-JUM111518A003,9,8,1.3749091872635808,1.5150469892243827
JUM111518A003,JUM,LEL_1,LEL,1,T,T-JUM111518A003,9,9,1.4464944599300478,1.5150469892243827
JUM111518A003,JUM,LSR_1,LSR,1,T,T-JUM111518A003,9,1,0.5510484475827506,1.652020371436412
JUM111518A003,JUM,LSR_1,LSR,1,T,T-JUM111518A003,9,2,0.7699491153448672,1.652020371436412
JUM111518A003,JUM,LSR_1,LSR,1,T,T-JUM111518A003,9,3,0.9077581010452151,1.652020371436412
JUM111518A003,JUM,LSR_1,LSR,1,T,T-JUM111518A003,9,4,1.0679727653730338,1.652020371436412
JUM111518A003,JUM,LSR_1,LSR,1,T,T-JUM111518A003,9,5,1.15740798466428,1.652020371436412
JUM111518A003,JUM,LSR_1,LSR,1,T,T-JUM111518A003,9,6,1.2368122097582896,1.652020371436412
JUM111518A003,JUM,LSR_1,LSR,1,T,T-JUM111518A003,9,7,1.3703088054299188,1.652020371436412
JUM111518A003,JUM,LSR_1,LSR,1,T,T-JUM111518A003,9,8,1.4858058601121151,1.652020371436412
JUM111518A003,JUM,LSR_1,LSR,1,T,T-JUM111518A003,9,9,1.5816159168371187,1.652020371436412
JUM111518A003,JUM,MJS_1,MJS,1,T,T-JUM111518A003,8,1,0.7077677161305536,1.9804166852343317
JUM111518A003,JUM,MJS_1,MJS,1,T,T-JUM111518A003,8,2,0.9800937422744863,1.9804166852343317
JUM111518A003,JUM,MJS_1,MJS,1,T,T-JUM111518A003,8,3,1.1695651655299435,1.9804166852343317
JUM111518A003,JUM,MJS_1,MJS,1,T,T-JUM111518A003,8,4,1.3484375384059613,1.9804166852343317
JUM111518A003,JUM,MJS_1,MJS,1,T,T-JUM111518A003,8,5,1.4402665498131315,1.9804166852343317
JUM111518A003,JUM,MJS_1,MJS,1,T,T-JUM111518A003,8,6,1.6001917803636039,1.9804166852343317
JUM111518A003,JUM,MJS_1,MJS,1,T,T-JUM111518A003,8,7,1.7222227262629846,1.9804166852343317
JUM111518A003,JUM,MJS_1,MJS,1,T,T-JUM111518A003,8,8,1.833654621782926,1.9804166852343317
JUM111518A004,JUM,JRS_1,JRS,1,T,T-JUM111518A004,5,1,0.39136761553895055,1.1050042722275417
JUM111518A004,JUM,JRS_1,JRS,1,T,T-JUM111518A004,5,2,0.5826029302475249,1.1050042722275417
JUM111518A004,JUM,JRS_1,JRS,1,T,T-JUM111518A004,5,3,0.7425626443661335,1.1050042722275417
JUM111518A004,JUM,JRS_1,JRS,1,T,T-JUM111518A004,5,4,0.8729803216790223,1.1050042722275417
JUM111518A004,JUM,JRS_1,JRS,1,T,T-JUM111518A004,5,5,0.991649934429794,1.1050042722275417
JUM111518A004,JUM,LEL_1,LEL,1,T,T-JUM111518A004,5,1,0.461214326062759,1.1735362558373583
JUM111518A004,JUM,LEL_1,LEL,1,T,T-JUM111518A004,5,2,0.6662184623947148,1.1735362558373583
JUM111518A004,JUM,LEL_1,LEL,1,T,T-JUM111518A004,5,3,0.8226914591482593,1.1735362558373583
JUM111518A004,JUM,LEL_1,LEL,1,T,T-JUM111518A004,5,4,0.9631372773713074,1.1735362558373583
JUM111518A004,JUM,LEL_1,LEL,1,T,T-JUM111518A004,5,5,1.0737316087384283,1.1735362558373583
JUM111518A004,JUM,LSR_1,LSR,1,T,T-JUM111518A004,5,1,0.5041739268128008,1.185748347405248
JUM111518A004,JUM,LSR_1,LSR,1,T,T-JUM111518A004,5,2,0.6609218590652335,1.185748347405248
JUM111518A004,JUM,LSR_1,LSR,1,T,T-JUM111518A004,5,3,0.8199317999880331,1.185748347405248
JUM111518A004,JUM,LSR_1,LSR,1,T,T-JUM111518A004,5,4,0.9477822195042251,1.185748347405248
JUM111518A004,JUM,LSR_1,LSR,1,T,T-JUM111518A004,5,5,1.0473909680096622,1.185748347405248
JUM111518A004,JUM,MJS_1,MJS,1,T,T-JUM111518A004,5,1,0.5472801352725671,1.2872076363369858
JUM111518A004,JUM,MJS_1,MJS,1,T,T-JUM111518A004,5,2,0.7647396486082896,1.2872076363369858
JUM111518A004,JUM,MJS_1,MJS,1,T,T-JUM111518A004,5,3,0.9165374411510734,1.2872076363369858
JUM111518A004,JUM,MJS_1,MJS,1,T,T-JUM111518A004,5,4,1.0288985497521956,1.2872076363369858
JUM111518A004,JUM,MJS_1,MJS,1,T,T-JUM111518A004,5,5,1.1738385157544289,1.2872076363369858
JUM111518A005,JUM,JRS_1,JRS,1,T,T-JUM111518A005,4,1,0.4295625038724075,1.0442894558434934
JUM111518A005,JUM,JRS_1,JRS,1,T,T-JUM111518A005,4,2,0.6357250342258817,1.0442894558434934
JUM111518A005,JUM,JRS_1,JRS,1,T,T-JUM111518A005,4,3,0.7961499786821432,1.0442894558434934
JUM111518A005,JUM,JRS_1,JRS,1,T,T-JUM111518A005,4,4,0.9265858989322893,1.0442894558434934
JUM111518A005,JUM,LEL_1,LEL,1,T,T-JUM111518A005,4,1,0.3781023118431698,0.9428426416170266
JUM111518A005,JUM,LEL_1,LEL,1,T,T-JUM111518A005,4,2,0.4713603560946429,0.9428426416170266
JUM111518A005,JUM,LEL_1,LEL,1,T,T-JUM111518A005,4,3,0.6064404422628252,0.9428426416170266
JUM111518A005,JUM,LEL_1,LEL,1,T,T-JUM111518A005,4,4,0.770686529027294,0.9428426416170266
JUM111518A005,JUM,LSR_1,LSR,1,T,T-JUM111518A005,4,1,0.49993653679638284,1.1811038532854579
JUM111518A005,JUM,LSR_1,LSR,1,T,T-JUM111518A005,4,2,0.6780988588434846,1.1811038532854579
JUM111518A005,JUM,LSR_1,LSR,1,T,T-JUM111518A005,4,3,0.8501242655994051,1.1811038532854579
JUM111518A005,JUM,LSR_1,LSR,1,T,T-JUM111518A005,4,4,1.0121469041751279,1.1811038532854579
JUM111518A005,JUM,MJS_1,MJS,1,T,T-JUM111518A005,4,1,0.4946438695407492,1.1514433548144545
JUM111518A005,JUM,MJS_1,MJS,1,T,T-JUM111518A005,4,2,0.6978234231895964,1.1514433548144545
JUM111518A005,JUM,MJS_1,MJS,1,T,T-JUM111518A005,4,3,0.8470699354396742,1.1514433548144545
JUM111518A005,JUM,MJS_1,MJS,1,T,T-JUM111518A005,4,4,0.9976430071917043,1.1514433548144545
JUM111518A006,JUM,JRS_1,JRS,1,T,T-JUM111518A006,2,1,0.7814544687436444,1.0741728427703967
JUM111518A006,JUM,JRS_1,JRS,1,T,T-JUM111518A006,2,2,0.9252396056434774,1.0741728427703967
JUM111518A006,JUM,LEL_1,LEL,1,T,T-JUM111518A006,2,1,0.7412369152882811,1.0687196935412155
JUM111518A006,JUM,LEL_1,LEL,1,T,T-JUM111518A006,2,2,0.9310805265216705,1.0687196935412155
JUM111518A006,JUM,LSR_1,LSR,1,T,T-JUM111518A006,2,1,1.103567389861175,1.4327046348527133
JUM111518A006,JUM,LSR_1,LSR,1,T,T-JUM111518A006,2,2,1.2819044475407495,1.4327046348527133
JUM111518A006,JUM,MJS_1,MJS,1,T,T-JUM111518A006,2,1,1.0899438246202515,1.386142058561873
JUM111518A006,JUM,MJS_1,MJS,1,T,T-JUM111518A006,2,2,1.2458985080508962,1.386142058561873
JUM111518A007,JUM,JRS_1,JRS,1,T,T-JUM111518A007,4,1,0.5779930413888549,1.2315626563567128
JUM111518A007,JUM,JRS_1,JRS,1,T,T-JUM111518A007,4,2,0.795106668573863,1.2315626563567128
JUM111518A007,JUM,JRS_1,JRS,1,T,T-JUM111518A007,4,3,0.9669444676015361,1.2315626563567128
JUM111518A007,JUM,JRS_1,JRS,1,T,T-JUM111518A007,4,4,1.1056267366405412,1.2315626563567128
JUM111518A007,JUM,LEL_1,LEL,1,T,T-JUM111518A007,4,1,0.4496777732956046,0.9769613486323866
JUM111518A007,JUM,LEL_1,LEL,1,T,T-JUM111518A007,4,2,0.5736558711179145,0.9769613486323866
JUM111518A007,JUM,LEL_1,LEL,1,T,T-JUM111518A007,4,3,0.7229544642355005,0.9769613486323866
JUM111518A007,JUM,LEL_1,LEL,1,T,T-JUM111518A007,4,4,0.8594065196577458,0.9769613486323866
JUM111518A007,JUM,LSR_1,LSR,1,T,T-JUM111518A007,4,1,0.6520918365152659,1.3084672155680097
JUM111518A007,JUM,LSR_1,LSR,1,T,T-JUM111518A007,4,2,0.8991240240402333,1.3084672155680097
JUM111518A007,JUM,LSR_1,LSR,1,T,T-JUM111518A007,4,3,1.0650281719556327,1.3084672155680097
JUM111518A007,JUM,LSR_1,LSR,1,T,T-JUM111518A007,4,4,1.1894150893044264,1.3084672155680097
JUM111518A007,JUM,MJS_1,MJS,1,T,T-JUM111518A007,4,1,0.6274494290587049,1.3091109841462243
JUM111518A007,JUM,MJS_1,MJS,1,T,T-JUM111518A007,4,2,0.8670851761936444,1.3091109841462243
JUM111518A007,JUM,MJS_1,MJS,1,T,T-JUM111518A007,4,3,1.0458831835112359,1.3091109841462243
JUM111518A007,JUM,MJS_1,MJS,1,T,T-JUM111518A007,4,4,1.1826674967902218,1.3091109841462243
JUM111518A008,JUM,JRS_1,JRS,1,T,T-JUM111518A008,5,1,0.5110409738661192,1.3444647841734876
JUM111518A008,JUM,JRS_1,JRS,1,T,T-JUM111518A008,5,2,0.7423823223805229,1.3444647841734876
JUM111518A008,JUM,JRS_1,JRS,1,T,T-JUM111518A008,5,3,0.9453653695785311,1.3444647841734876
JUM111518A008,JUM,JRS_1,JRS,1,T,T-JUM111518A008,5,4,1.0949151380737145,1.3444647841734876
JUM111518A008,JUM,JRS_1,JRS,1,T,T-JUM111518A008,5,5,1.233123288784591,1.3444647841734876
JUM111518A008,JUM,LEL_1,LEL,1,T,T-JUM111518A008,5,1,0.5624849327422854,1.2308318659700104
JUM111518A008,JUM,LEL_1,LEL,1,T,T-JUM111518A008,5,2,0.6833038673750896,1.2308318659700104
JUM111518A008,JUM,LEL_1,LEL,1,T,T-JUM111518A008,5,3,0.8449304851031473,1.2308318659700104
JUM111518A008,JUM,LEL_1,LEL,1,T,T-JUM111518A008,5,4,1.0081876338413858,1.2308318659700104
JUM111518A008,JUM,LEL_1,LEL,1,T,T-JUM111518A008,5,5,1.146396090958214,1.2308318659700104
JUM111518A008,JUM,LSR_1,LSR,1,T,T-JUM111518A008,5,1,0.6403884780109852,1.465248667733669
JUM111518A008,JUM,LSR_1,LSR,1,T,T-JUM111518A008,5,2,0.8778222107936111,1.465248667733669
JUM111518A008,JUM,LSR_1,LSR,1,T,T-JUM111518A008,5,3,1.0911309109248202,1.465248667733669
JUM111518A008,JUM,LSR_1,LSR,1,T,T-JUM111518A008,5,4,1.248152767069084,1.465248667733669
JUM111518A008,JUM,LSR_1,LSR,1,T,T-JUM111518A008,5,5,1.363082432927021,1.465248667733669
JUM111518A008,JUM,MJS_1,MJS,1,T,T-JUM111518A008,5,1,0.6084969207585051,1.4589112595096774
JUM111518A008,JUM,MJS_1,MJS,1,T,T-JUM111518A008,5,2,0.8351772833712188,1.4589112595096774
JUM111518A008,JUM,MJS_1,MJS,1,T,T-JUM111518A008,5,3,1.041322617824068,1.4589112595096774
JUM111518A008,JUM,MJS_1,MJS,1,T,T-JUM111518A008,5,4,1.199881318050458,1.4589112595096774
JUM111518A008,JUM,MJS_1,MJS,1,T,T-JUM111518A008,5,5,1.3339207432566207,1.4589112595096774
JUM111518A009,JUM,JRS_1,JRS,1,T,T-JUM111518A009,1,1,0.46095678142748764,0.6554223595049703
JUM111518A009,JUM,LEL_1,LEL,1,T,T-JUM111518A009,1,1,0.6414840646428815,0.8099690637986449
JUM111518A009,JUM,LSR_1,LSR,1,T,T-JUM111518A009,1,1,0.4945843457736415,0.6946098568431015
JUM111518A009,JUM,MJS_1,MJS,1,T,T-JUM111518A009,1,1,0.4558794223987483,0.6540829792500461
JUM111518A010,JUM,JRS_1,JRS,1,T,T-JUM111518A010,1,1,0.3407642655436394,0.5240454920239435
JUM111518A010,JUM,LEL_1,LEL,1,T,T-JUM111518A010,1,1,0.3896780201952624,0.5861687840418389
JUM111518A010,JUM,LSR_1,LSR,1,T,T-JUM111518A010,3,1,0.4521922363128327,0.6491137227950942
JUM111518A010,JUM,LSR_1,LSR,1,T,T-JUM111518A010,3,2,0.5136193933696438,0.6491137227950942
JUM111518A010,JUM,LSR_1,LSR,1,T,T-JUM111518A010,3,3,0.5691697726461227,0.6491137227950942
JUM111518A010,JUM,MJS_1,MJS,1,T,T-JUM111518A010,1,1,0.5184027623993331,0.7026902933815019
JUM111518A011,JUM,JRS_1,JRS,1,T,T-JUM111518A011,1,1,0.5454869720752153,0.7371043751105965
JUM111518A011,JUM,LEL_1,LEL,1,T,T-JUM111518A011,1,1,0.6678356576849616,0.8589256067089667
JUM111518A011,JUM,LSR_1,LSR,1,T,T-JUM111518A011,2,1,0.5010829940666564,0.7894941578923224
JUM111518A011,JUM,LSR_1,LSR,1,T,T-JUM111518A011,2,2,0.584686751274123,0.7894941578923224
JUM111518A011,JUM,MJS_1,MJS,1,T,T-JUM111518A011,1,1,0.5913341985545959,0.787602090790957
JUM111518A012,JUM,JRS_1,JRS,1,T,T-JUM111518A012,4,1,0.6104025917085973,1.246406681983672
JUM111518A012,JUM,JRS_1,JRS,1,T,T-JUM111518A012,4,2,0.8257092594020936,1.246406681983672
JUM111518A012,JUM,JRS_1,JRS,1,T,T-JUM111518A012,4,3,0.982825682177568,1.246406681983672
JUM111518A012,JUM,JRS_1,JRS,1,T,T-JUM111518A012,4,4,1.1053817032457343,1.246406681983672
JUM111518A012,JUM,LEL_1,LEL,1,T,T-JUM111518A012,4,1,0.6580706477653591,1.2270627689021805
JUM111518A012,JUM,LEL_1,LEL,1,T,T-JUM111518A012,4,2,0.8341860037663775,1.2270627689021805
JUM111518A012,JUM,LEL_1,LEL,1,T,T-JUM111518A012,4,3,0.9865151120411786,1.2270627689021805
JUM111518A012,JUM,LEL_1,LEL,1,T,T-JUM111518A012,4,4,1.1213935553015695,1.2270627689021805
JUM111518A012,JUM,LSR_1,LSR,1,T,T-JUM111518A012,4,1,0.6371217384099905,1.3044561234460639
JUM111518A012,JUM,LSR_1,LSR,1,T,T-JUM111518A012,4,2,0.8712866420030514,1.3044561234460639
JUM111518A012,JUM,LSR_1,LSR,1,T,T-JUM111518A012,4,3,1.0185229088279693,1.3044561234460639
JUM111518A012,JUM,LSR_1,LSR,1,T,T-JUM111518A012,4,4,1.1656415124574977,1.3044561234460639
JUM111518A012,JUM,MJS_1,MJS,1,T,T-JUM111518A012,4,1,0.5984864571489932,1.2518476276606458
JUM111518A012,JUM,MJS_1,MJS,1,T,T-JUM111518A012,4,2,0.8345650851070974,1.2518476276606458
JUM111518A012,JUM,MJS_1,MJS,1,T,T-JUM111518A012,4,3,0.9853210223194641,1.2518476276606458
JUM111518A012,JUM,MJS_1,MJS,1,T,T-JUM111518A012,4,4,1.121594945691804,1.2518476276606458
JUM111518A013,JUM,JRS_1,JRS,1,T,T-JUM111518A013,1,1,0.507124878923168,0.6916807617138963
JUM111518A013,JUM,LEL_1,LEL,1,T,T-JUM111518A013,1,1,0.46386516102386477,0.6786900570521421
JUM111518A013,JUM,LSR_1,LSR,1,T,T-JUM111518A013,2,1,0.5620951265249803,0.7658592916715667
JUM111518A013,JUM,LSR_1,LSR,1,T,T-JUM111518A013,2,2,0.7341759773901484,0.7658592916715667
JUM111518A013,JUM,MJS_1,MJS,1,T,T-JUM111518A013,1,1,0.5424338861992872,0.7133629382975241
JUM111518A014,JUM,LEL_1,LEL,1,T,T-JUM111518A014,0,NA,NA,0.6841935781051801
JUM111518A014,JUM,LSR_1,LSR,1,T,T-JUM111518A014,1,1,0.6843141639224428,0.7362772219283705
JUM111518A014,JUM,MJS_1,MJS,1,T,T-JUM111518A014,1,1,0.3938436964937909,0.5379270363165742
JUM111518A015,JUM,JRS_1,JRS,1,T,T-JUM111518A015,1,1,0.49152257430812907,0.6845579035618803
JUM111518A015,JUM,LEL_1,LEL,1,T,T-JUM111518A015,1,1,0.4682130084579208,0.6528410912042313
JUM111518A015,JUM,LSR_1,LSR,1,T,T-JUM111518A015,1,1,0.563415740338554,0.7675422535831294
JUM111518A015,JUM,MJS_1,MJS,1,T,T-JUM111518A015,1,1,0.5277106864898938,0.7431184007998342
JUM111518A016,JUM,JRS_1,JRS,1,T,T-JUM111518A016,1,1,0.4278461965703397,0.6023885558187348
JUM111518A016,JUM,LEL_1,LEL,1,T,T-JUM111518A016,1,1,0.42952290740406784,0.5851993278960004
JUM111518A016,JUM,LSR_1,LSR,1,T,T-JUM111518A016,1,1,0.5337764866930963,0.7261811328678283
JUM111518A016,JUM,MJS_1,MJS,1,T,T-JUM111518A016,1,1,0.5083386339678846,0.6886156742359413
JUM111518A017,JUM,JRS_1,JRS,1,T,T-JUM111518A017,2,1,0.4511758912288452,0.6988254591942814
JUM111518A017,JUM,JRS_1,JRS,1,T,T-JUM111518A017,2,2,0.5963155559716755,0.6988254591942814
JUM111518A017,JUM,LEL_1,LEL,1,T,T-JUM111518A017,2,1,0.4158721032349508,0.7193755056299849
JUM111518A017,JUM,LEL_1,LEL,1,T,T-JUM111518A017,2,2,0.5798674931431047,0.7193755056299849
JUM111518A017,JUM,LSR_1,LSR,1,T,T-JUM111518A017,2,1,0.47812870003946845,0.7492804598790472
JUM111518A017,JUM,LSR_1,LSR,1,T,T-JUM111518A017,2,2,0.6373961317702929,0.7492804598790472
JUM111518A017,JUM,MJS_1,MJS,1,T,T-JUM111518A017,2,1,0.3646128683949319,0.6578126167719449
JUM111518A017,JUM,MJS_1,MJS,1,T,T-JUM111518A017,2,2,0.5624120226350364,0.6578126167719449
JUM111518A018,JUM,JRS_1,JRS,1,T,T-JUM111518A018,1,1,0.3591544072556652,0.5593290977821896
JUM111518A018,JUM,LEL_1,LEL,1,T,T-JUM111518A018,1,1,0.40934833415041877,0.6217900168103527
JUM111518A018,JUM,LSR_1,LSR,1,T,T-JUM111518A018,2,1,0.5236127361024804,0.7600960972356127
JUM111518A018,JUM,LSR_1,LSR,1,T,T-JUM111518A018,2,2,0.6182151003266749,0.7600960972356127
JUM111518A018,JUM,MJS_1,MJS,1,T,T-JUM111518A018,1,1,0.3258189735740431,0.4359781535535766
JUM111518A019,JUM,JRS_1,JRS,1,T,T-JUM111518A019,0,NA,NA,0.4634957837524307
JUM111518A019,JUM,LEL_1,LEL,1,T,T-JUM111518A019,0,NA,NA,0.515823315742647
JUM111518A019,JUM,LSR_1,LSR,1,T,T-JUM111518A019,1,1,0.4915322108517185,0.5217948652728958
JUM111518A019,JUM,MJS_1,MJS,1,T,T-JUM111518A019,1,1,0.3948453732824645,0.5389033989505457
JUM111518A020,JUM,JRS_1,JRS,1,T,T-JUM111518A020,0,NA,NA,0.5253986131113759
JUM111518A020,JUM,LEL_1,LEL,1,T,T-JUM111518A020,0,NA,NA,0.6133663415935918
JUM111518A020,JUM,LSR_1,LSR,1,T,T-JUM111518A020,1,1,0.7284532228148128,0.7554696710967909
JUM111518A020,JUM,MJS_1,MJS,1,T,T-JUM111518A020,1,1,0.3338728773694729,0.4577359552898305
JUM111518A021,JUM,JRS_1,JRS,1,T,T-JUM111518A021,1,1,0.4744400007421692,0.6899318955606722
JUM111518A021,JUM,LEL_1,LEL,1,T,T-JUM111518A021,1,1,0.5047569433889144,0.6163583578408078
JUM111518A021,JUM,LSR_1,LSR,1,T,T-JUM111518A021,1,1,0.5211434678275804,0.7329260262382894
JUM111518A021,JUM,MJS_1,MJS,1,T,T-JUM111518A021,1,1,0.5235417505517488,0.7456762646476781
JUM111518A025,JUM,JRS_1,JRS,1,T,T-JUM111518A025,5,1,0.3653787684108784,0.7939076396261834
JUM111518A025,JUM,JRS_1,JRS,1,T,T-JUM111518A025,5,2,0.4927005015770939,0.7939076396261834
JUM111518A025,JUM,JRS_1,JRS,1,T,T-JUM111518A025,5,3,0.5743490517094838,0.7939076396261834
JUM111518A025,JUM,JRS_1,JRS,1,T,T-JUM111518A025,5,4,0.6485982229106848,0.7939076396261834
JUM111518A025,JUM,JRS_1,JRS,1,T,T-JUM111518A025,5,5,0.7495113660390668,0.7939076396261834
JUM111518A025,JUM,LEL_1,LEL,1,T,T-JUM111518A025,5,1,0.6147292401095473,1.0504615145417846
JUM111518A025,JUM,LEL_1,LEL,1,T,T-JUM111518A025,5,2,0.7298576252549642,1.0504615145417846
JUM111518A025,JUM,LEL_1,LEL,1,T,T-JUM111518A025,5,3,0.834074506796678,1.0504615145417846
JUM111518A025,JUM,LEL_1,LEL,1,T,T-JUM111518A025,5,4,0.9195115036887687,1.0504615145417846
JUM111518A025,JUM,LEL_1,LEL,1,T,T-JUM111518A025,5,5,0.9977590284607951,1.0504615145417846
JUM111518A025,JUM,LSR_1,LSR,1,T,T-JUM111518A025,5,1,0.5781069799291163,1.3601347672144553
JUM111518A025,JUM,LSR_1,LSR,1,T,T-JUM111518A025,5,2,0.7947254518308748,1.3601347672144553
JUM111518A025,JUM,LSR_1,LSR,1,T,T-JUM111518A025,5,3,0.95229315250201,1.3601347672144553
JUM111518A025,JUM,LSR_1,LSR,1,T,T-JUM111518A025,5,4,1.0963228588545604,1.3601347672144553
JUM111518A025,JUM,LSR_1,LSR,1,T,T-JUM111518A025,5,5,1.2276549006615745,1.3601347672144553
JUM111518A025,JUM,MJS_1,MJS,1,T,T-JUM111518A025,5,1,0.5904503452640562,1.3920098050469787
JUM111518A025,JUM,MJS_1,MJS,1,T,T-JUM111518A025,5,2,0.8071509273855475,1.3920098050469787
JUM111518A025,JUM,MJS_1,MJS,1,T,T-JUM111518A025,5,3,1.000550322827278,1.3920098050469787
JUM111518A025,JUM,MJS_1,MJS,1,T,T-JUM111518A025,5,4,1.1538718587799346,1.3920098050469787
JUM111518A025,JUM,MJS_1,MJS,1,T,T-JUM111518A025,5,5,1.265717100842501,1.3920098050469787
JUM111518A026,JUM,JRS_1,JRS,1,T,T-JUM111518A026,6,1,0.3613850366618805,1.0292282259610481
JUM111518A026,JUM,JRS_1,JRS,1,T,T-JUM111518A026,6,2,0.5737281792929116,1.0292282259610481
JUM111518A026,JUM,JRS_1,JRS,1,T,T-JUM111518A026,6,3,0.6974839087447625,1.0292282259610481
JUM111518A026,JUM,JRS_1,JRS,1,T,T-JUM111518A026,6,4,0.7986314348784682,1.0292282259610481
JUM111518A026,JUM,JRS_1,JRS,1,T,T-JUM111518A026,6,5,0.8805210770878047,1.0292282259610481
JUM111518A026,JUM,JRS_1,JRS,1,T,T-JUM111518A026,6,6,0.9634149547699615,1.0292282259610481
JUM111518A026,JUM,LEL_1,LEL,1,T,T-JUM111518A026,6,1,0.47897891721206526,1.0723938699435678
JUM111518A026,JUM,LEL_1,LEL,1,T,T-JUM111518A026,6,2,0.5877121495528962,1.0723938699435678
JUM111518A026,JUM,LEL_1,LEL,1,T,T-JUM111518A026,6,3,0.697111127736666,1.0723938699435678
JUM111518A026,JUM,LEL_1,LEL,1,T,T-JUM111518A026,6,4,0.81180780882561,1.0723938699435678
JUM111518A026,JUM,LEL_1,LEL,1,T,T-JUM111518A026,6,5,0.911537772611478,1.0723938699435678
JUM111518A026,JUM,LEL_1,LEL,1,T,T-JUM111518A026,6,6,0.9925954534444807,1.0723938699435678
JUM111518A026,JUM,LSR_1,LSR,1,T,T-JUM111518A026,7,1,0.49998448225744313,1.1706958725144159
JUM111518A026,JUM,LSR_1,LSR,1,T,T-JUM111518A026,7,2,0.6105748320810716,1.1706958725144159
JUM111518A026,JUM,LSR_1,LSR,1,T,T-JUM111518A026,7,3,0.7297371050088108,1.1706958725144159
JUM111518A026,JUM,LSR_1,LSR,1,T,T-JUM111518A026,7,4,0.8272840030144184,1.1706958725144159
JUM111518A026,JUM,LSR_1,LSR,1,T,T-JUM111518A026,7,5,0.9462875840244346,1.1706958725144159
JUM111518A026,JUM,LSR_1,LSR,1,T,T-JUM111518A026,7,6,1.0110543628319681,1.1706958725144159
JUM111518A026,JUM,LSR_1,LSR,1,T,T-JUM111518A026,7,7,1.1001880296511877,1.1706958725144159
JUM111518A026,JUM,MJS_1,MJS,1,T,T-JUM111518A026,7,1,0.519298769112174,1.2353583765537692
JUM111518A026,JUM,MJS_1,MJS,1,T,T-JUM111518A026,7,2,0.6579435106583111,1.2353583765537692
JUM111518A026,JUM,MJS_1,MJS,1,T,T-JUM111518A026,7,3,0.7635493099300328,1.2353583765537692
JUM111518A026,JUM,MJS_1,MJS,1,T,T-JUM111518A026,7,4,0.8977115418802553,1.2353583765537692
JUM111518A026,JUM,MJS_1,MJS,1,T,T-JUM111518A026,7,5,1.0025649175822657,1.2353583765537692
JUM111518A026,JUM,MJS_1,MJS,1,T,T-JUM111518A026,7,6,1.0729687837634136,1.2353583765537692
JUM111518A026,JUM,MJS_1,MJS,1,T,T-JUM111518A026,7,7,1.1741703374210193,1.2353583765537692
JUM111518A027,JUM,JRS_1,JRS,1,T,T-JUM111518A027,4,1,0.5696784468061497,1.1949049050531295
JUM111518A027,JUM,JRS_1,JRS,1,T,T-JUM111518A027,4,2,0.7948337227012282,1.1949049050531295
JUM111518A027,JUM,JRS_1,JRS,1,T,T-JUM111518A027,4,3,0.9555706600175777,1.1949049050531295
JUM111518A027,JUM,JRS_1,JRS,1,T,T-JUM111518A027,4,4,1.0749385550335713,1.1949049050531295
JUM111518A027,JUM,LEL_1,LEL,1,T,T-JUM111518A027,4,1,0.522097698736954,1.1149676035097196
JUM111518A027,JUM,LEL_1,LEL,1,T,T-JUM111518A027,4,2,0.6828053224224803,1.1149676035097196
JUM111518A027,JUM,LEL_1,LEL,1,T,T-JUM111518A027,4,3,0.8701607126599555,1.1149676035097196
JUM111518A027,JUM,LEL_1,LEL,1,T,T-JUM111518A027,4,4,0.9915925256214086,1.1149676035097196
JUM111518A027,JUM,LSR_1,LSR,1,T,T-JUM111518A027,4,1,0.6048738848073266,1.2246253565637952
JUM111518A027,JUM,LSR_1,LSR,1,T,T-JUM111518A027,4,2,0.8016482080522161,1.2246253565637952
JUM111518A027,JUM,LSR_1,LSR,1,T,T-JUM111518A027,4,3,0.9825672171379631,1.2246253565637952
JUM111518A027,JUM,LSR_1,LSR,1,T,T-JUM111518A027,4,4,1.1195056649195274,1.2246253565637952
JUM111518A027,JUM,MJS_1,MJS,1,T,T-JUM111518A027,4,1,0.6592222296008836,1.288917774183897
JUM111518A027,JUM,MJS_1,MJS,1,T,T-JUM111518A027,4,2,0.8772673729273162,1.288917774183897
JUM111518A027,JUM,MJS_1,MJS,1,T,T-JUM111518A027,4,3,1.0414370803748383,1.288917774183897
JUM111518A027,JUM,MJS_1,MJS,1,T,T-JUM111518A027,4,4,1.1759889682692473,1.288917774183897
NAR031620001,NAR,CJF_1,CJF,1,T,T-NAR031620001,3,1,0.5327312562010009,0.8201337054046888
NAR031620001,NAR,CJF_1,CJF,1,T,T-NAR031620001,3,2,0.6985975855618383,0.8201337054046888
NAR031620001,NAR,CJF_1,CJF,1,T,T-NAR031620001,3,3,0.8201337054046888,0.8201337054046888
NAR031620001,NAR,JRS_1,JRS,1,T,T-NAR031620001,2,1,0.6189124137000158,0.9235663174195425
NAR031620001,NAR,JRS_1,JRS,1,T,T-NAR031620001,2,2,0.7855232183298816,0.9235663174195425
NAR031620001,NAR,LEL_1,LEL,1,T,T-NAR031620001,2,1,0.5306903593533367,0.7726856044968028
NAR031620001,NAR,LEL_1,LEL,1,T,T-NAR031620001,2,2,0.6668603186973476,0.7726856044968028
NAR031620002,NAR,CJF_1,CJF,1,T,T-NAR031620002,4,1,0.25540996691828793,0.8502683623249503
NAR031620002,NAR,CJF_1,CJF,1,T,T-NAR031620002,4,2,0.5394491694661234,0.8502683623249503
NAR031620002,NAR,CJF_1,CJF,1,T,T-NAR031620002,4,3,0.6994818791919302,0.8502683623249503
NAR031620002,NAR,CJF_1,CJF,1,T,T-NAR031620002,4,4,0.8502683623249503,0.8502683623249503
NAR031620002,NAR,JRS_1,JRS,1,T,T-NAR031620002,3,1,0.1968661080018605,0.8220857615419236
NAR031620002,NAR,JRS_1,JRS,1,T,T-NAR031620002,3,2,0.5426723509129019,0.8220857615419236
NAR031620002,NAR,JRS_1,JRS,1,T,T-NAR031620002,3,3,0.6900328833087732,0.8220857615419236
NAR031620002,NAR,LEL_1,LEL,1,T,T-NAR031620002,2,1,0.45700189458051443,0.7267930879917535
NAR031620002,NAR,LEL_1,LEL,1,T,T-NAR031620002,2,2,0.593753788666388,0.7267930879917535
NAR031620003,NAR,CJF_1,CJF,1,T,T-NAR031620003,4,1,0.3949371598634707,0.827482952146295
NAR031620003,NAR,CJF_1,CJF,1,T,T-NAR031620003,4,2,0.6170581747666459,0.827482952146295
NAR031620003,NAR,CJF_1,CJF,1,T,T-NAR031620003,4,3,0.7313931321093142,0.827482952146295
NAR031620003,NAR,CJF_1,CJF,1,T,T-NAR031620003,4,4,0.827482952146295,0.827482952146295
NAR031620003,NAR,JRS_1,JRS,1,T,T-NAR031620003,2,1,0.5119916619532029,0.9470580154281047
NAR031620003,NAR,JRS_1,JRS,1,T,T-NAR031620003,2,2,0.6923490227261901,0.9470580154281047
NAR031620003,NAR,LEL_1,LEL,1,T,T-NAR031620003,0,NA,NA,0.8409404600520303
NAR031620004,NAR,CJF_1,CJF,1,T,T-NAR031620004,5,1,0.42049833937718556,1.1098409160319278
NAR031620004,NAR,CJF_1,CJF,1,T,T-NAR031620004,5,2,0.7185948251840052,1.1098409160319278
NAR031620004,NAR,CJF_1,CJF,1,T,T-NAR031620004,5,3,0.891273297606299,1.1098409160319278
NAR031620004,NAR,CJF_1,CJF,1,T,T-NAR031620004,5,4,1.0010598001214739,1.1098409160319278
NAR031620004,NAR,CJF_1,CJF,1,T,T-NAR031620004,5,5,1.1098409160319278,1.1098409160319278
NAR031620004,NAR,JRS_1,JRS,1,T,T-NAR031620004,4,1,0.42696531592474185,0.9805287069837619
NAR031620004,NAR,JRS_1,JRS,1,T,T-NAR031620004,4,2,0.6194762370345525,0.9805287069837619
NAR031620004,NAR,JRS_1,JRS,1,T,T-NAR031620004,4,3,0.7838380346350055,0.9805287069837619
NAR031620004,NAR,JRS_1,JRS,1,T,T-NAR031620004,4,4,0.8867469490577901,0.9805287069837619
NAR031620004,NAR,LEL_1,LEL,1,T,T-NAR031620004,4,1,0.5496804175033678,1.1383224996472587
NAR031620004,NAR,LEL_1,LEL,1,T,T-NAR031620004,4,2,0.7848944590097564,1.1383224996472587
NAR031620004,NAR,LEL_1,LEL,1,T,T-NAR031620004,4,3,0.9462666048234658,1.1383224996472587
NAR031620004,NAR,LEL_1,LEL,1,T,T-NAR031620004,4,4,1.0644806039545789,1.1383224996472587
NAR031620005,NAR,CJF_1,CJF,1,T,T-NAR031620005,7,1,0.46298353472501164,1.1387711162869183
NAR031620005,NAR,CJF_1,CJF,1,T,T-NAR031620005,7,2,0.6208692799321167,1.1387711162869183
NAR031620005,NAR,CJF_1,CJF,1,T,T-NAR031620005,7,3,0.7700133986412508,1.1387711162869183
NAR031620005,NAR,CJF_1,CJF,1,T,T-NAR031620005,7,4,0.8798500019008304,1.1387711162869183
NAR031620005,NAR,CJF_1,CJF,1,T,T-NAR031620005,7,5,0.9851667729548595,1.1387711162869183
NAR031620005,NAR,CJF_1,CJF,1,T,T-NAR031620005,7,6,1.050877990646204,1.1387711162869183
NAR031620005,NAR,CJF_1,CJF,1,T,T-NAR031620005,7,7,1.1387711162869183,1.1387711162869183
NAR031620005,NAR,JRS_1,JRS,1,T,T-NAR031620005,6,1,0.5051416159456427,1.1732541402562084
NAR031620005,NAR,JRS_1,JRS,1,T,T-NAR031620005,6,2,0.677361911481292,1.1732541402562084
NAR031620005,NAR,JRS_1,JRS,1,T,T-NAR031620005,6,3,0.8403894375823519,1.1732541402562084
NAR031620005,NAR,JRS_1,JRS,1,T,T-NAR031620005,6,4,0.9293652485814685,1.1732541402562084
NAR031620005,NAR,JRS_1,JRS,1,T,T-NAR031620005,6,5,1.0264555050060213,1.1732541402562084
NAR031620005,NAR,JRS_1,JRS,1,T,T-NAR031620005,6,6,1.0957975999183966,1.1732541402562084
NAR031620005,NAR,LEL_1,LEL,1,T,T-NAR031620005,5,1,0.4195195237135906,0.8960520377599948
NAR031620005,NAR,LEL_1,LEL,1,T,T-NAR031620005,5,2,0.5906134741014523,0.8960520377599948
NAR031620005,NAR,LEL_1,LEL,1,T,T-NAR031620005,5,3,0.6743939805665957,0.8960520377599948
NAR031620005,NAR,LEL_1,LEL,1,T,T-NAR031620005,5,4,0.7467346930120417,0.8960520377599948
NAR031620005,NAR,LEL_1,LEL,1,T,T-NAR031620005,5,5,0.8005697365226359,0.8960520377599948
NAR031620006,NAR,CJF_1,CJF,1,T,T-NAR031620006,6,1,0.46403646028525414,1.1777928178029031
NAR031620006,NAR,CJF_1,CJF,1,T,T-NAR031620006,6,2,0.7113128070728895,1.1777928178029031
NAR031620006,NAR,CJF_1,CJF,1,T,T-NAR031620006,6,3,0.8903241755322432,1.1777928178029031
NAR031620006,NAR,CJF_1,CJF,1,T,T-NAR031620006,6,4,1.0085556511225895,1.1777928178029031
NAR031620006,NAR,CJF_1,CJF,1,T,T-NAR031620006,6,5,1.105834366538,1.1777928178029031
NAR031620006,NAR,CJF_1,CJF,1,T,T-NAR031620006,6,6,1.1777928178029031,1.1777928178029031
NAR031620006,NAR,JRS_1,JRS,1,T,T-NAR031620006,5,1,0.4855535697187143,1.206701108564771
NAR031620006,NAR,JRS_1,JRS,1,T,T-NAR031620006,5,2,0.7480155771431529,1.206701108564771
NAR031620006,NAR,JRS_1,JRS,1,T,T-NAR031620006,5,3,0.9063638117809298,1.206701108564771
NAR031620006,NAR,JRS_1,JRS,1,T,T-NAR031620006,5,4,1.0249516471816742,1.206701108564771
NAR031620006,NAR,JRS_1,JRS,1,T,T-NAR031620006,5,5,1.1278736724010598,1.206701108564771
NAR031620006,NAR,LEL_1,LEL,1,T,T-NAR031620006,4,1,0.6292682546458613,1.09486755088687
NAR031620006,NAR,LEL_1,LEL,1,T,T-NAR031620006,4,2,0.8052709263066842,1.09486755088687
NAR031620006,NAR,LEL_1,LEL,1,T,T-NAR031620006,4,3,0.9296774561248229,1.09486755088687
NAR031620006,NAR,LEL_1,LEL,1,T,T-NAR031620006,4,4,1.0174937538398332,1.09486755088687
NAR031620007,NAR,CJF_1,CJF,1,T,T-NAR031620007,10,1,0.6931029440229157,1.7462020276769865
NAR031620007,NAR,CJF_1,CJF,1,T,T-NAR031620007,10,2,0.9047657816656918,1.7462020276769865
NAR031620007,NAR,CJF_1,CJF,1,T,T-NAR031620007,10,3,1.0810183335046952,1.7462020276769865
NAR031620007,NAR,CJF_1,CJF,1,T,T-NAR031620007,10,4,1.1860031741339032,1.7462020276769865
NAR031620007,NAR,CJF_1,CJF,1,T,T-NAR031620007,10,5,1.2865717873831581,1.7462020276769865
NAR031620007,NAR,CJF_1,CJF,1,T,T-NAR031620007,10,6,1.4081916229209446,1.7462020276769865
NAR031620007,NAR,CJF_1,CJF,1,T,T-NAR031620007,10,7,1.5058612963858067,1.7462020276769865
NAR031620007,NAR,CJF_1,CJF,1,T,T-NAR031620007,10,8,1.5844441747599487,1.7462020276769865
NAR031620007,NAR,CJF_1,CJF,1,T,T-NAR031620007,10,9,1.6546417379764384,1.7462020276769865
NAR031620007,NAR,CJF_1,CJF,1,T,T-NAR031620007,10,10,1.7462020276769865,1.7462020276769865
NAR031620007,NAR,JRS_1,JRS,1,T,T-NAR031620007,8,1,0.5017580016951881,1.3581167533558132
NAR031620007,NAR,JRS_1,JRS,1,T,T-NAR031620007,8,2,0.7006683373932819,1.3581167533558132
NAR031620007,NAR,JRS_1,JRS,1,T,T-NAR031620007,8,3,0.8182062630330645,1.3581167533558132
NAR031620007,NAR,JRS_1,JRS,1,T,T-NAR031620007,8,4,0.897006429692051,1.3581167533558132
NAR031620007,NAR,JRS_1,JRS,1,T,T-NAR031620007,8,5,0.9957992731924012,1.3581167533558132
NAR031620007,NAR,JRS_1,JRS,1,T,T-NAR031620007,8,6,1.0797439266500375,1.3581167533558132
NAR031620007,NAR,JRS_1,JRS,1,T,T-NAR031620007,8,7,1.1694953912550197,1.3581167533558132
NAR031620007,NAR,JRS_1,JRS,1,T,T-NAR031620007,8,8,1.2489578822627025,1.3581167533558132
NAR031620007,NAR,LEL_1,LEL,1,T,T-NAR031620007,7,1,0.11907643258758224,1.278800869938461
NAR031620007,NAR,LEL_1,LEL,1,T,T-NAR031620007,7,2,0.18927392376644175,1.278800869938461
NAR031620007,NAR,LEL_1,LEL,1,T,T-NAR031620007,7,3,0.26022176384951234,1.278800869938461
NAR031620007,NAR,LEL_1,LEL,1,T,T-NAR031620007,7,4,0.35722929776274615,1.278800869938461
NAR031620007,NAR,LEL_1,LEL,1,T,T-NAR031620007,7,5,0.42580656581580495,1.278800869938461
NAR031620007,NAR,LEL_1,LEL,1,T,T-NAR031620007,7,6,0.5352811849659598,1.278800869938461
NAR031620007,NAR,LEL_1,LEL,1,T,T-NAR031620007,7,7,0.6723161957547007,1.278800869938461
NAR031620008,NAR,CJF_1,CJF,1,T,T-NAR031620008,7,1,0.8248550648414082,2.241490615818702
NAR031620008,NAR,CJF_1,CJF,1,T,T-NAR031620008,7,2,1.2641945204463636,2.241490615818702
NAR031620008,NAR,CJF_1,CJF,1,T,T-NAR031620008,7,3,1.4918338524611388,2.241490615818702
NAR031620008,NAR,CJF_1,CJF,1,T,T-NAR031620008,7,4,1.7596066927393863,2.241490615818702
NAR031620008,NAR,CJF_1,CJF,1,T,T-NAR031620008,7,5,1.9475214020033371,2.241490615818702
NAR031620008,NAR,CJF_1,CJF,1,T,T-NAR031620008,7,6,2.077361320880981,2.241490615818702
NAR031620008,NAR,CJF_1,CJF,1,T,T-NAR031620008,7,7,2.241490615818702,2.241490615818702
NAR031620008,NAR,LEL_1,LEL,1,T,T-NAR031620008,6,1,0.4869359556186489,0.9799417913629278
NAR031620008,NAR,LEL_1,LEL,1,T,T-NAR031620008,6,2,0.5647701054938256,0.9799417913629278
NAR031620008,NAR,LEL_1,LEL,1,T,T-NAR031620008,6,3,0.633863335757644,0.9799417913629278
NAR031620008,NAR,LEL_1,LEL,1,T,T-NAR031620008,6,4,0.7023442617352502,0.9799417913629278
NAR031620008,NAR,LEL_1,LEL,1,T,T-NAR031620008,6,5,0.8107716302502039,0.9799417913629278
NAR031620008,NAR,LEL_1,LEL,1,T,T-NAR031620008,6,6,0.8705116366164418,0.9799417913629278
NAR031620009,NAR,CJF_1,CJF,1,T,T-NAR031620009,3,1,0.5264620889254218,0.8195920040274032
NAR031620009,NAR,CJF_1,CJF,1,T,T-NAR031620009,3,2,0.6628668150215269,0.8195920040274032
NAR031620009,NAR,CJF_1,CJF,1,T,T-NAR031620009,3,3,0.8195920040274032,0.8195920040274032
NAR031620009,NAR,JRS_1,JRS,1,T,T-NAR031620009,3,1,0.3114585251442649,0.7451259025057752
NAR031620009,NAR,JRS_1,JRS,1,T,T-NAR031620009,3,2,0.4861636268353048,0.7451259025057752
NAR031620009,NAR,JRS_1,JRS,1,T,T-NAR031620009,3,3,0.6110863172220984,0.7451259025057752
NAR031620009,NAR,LEL_1,LEL,1,T,T-NAR031620009,4,1,0.08727991074878327,0.8953968508235735
NAR031620009,NAR,LEL_1,LEL,1,T,T-NAR031620009,4,2,0.1733378624667667,0.8953968508235735
NAR031620009,NAR,LEL_1,LEL,1,T,T-NAR031620009,4,3,0.2425419618611161,0.8953968508235735
NAR031620009,NAR,LEL_1,LEL,1,T,T-NAR031620009,4,4,0.344509214121051,0.8953968508235735
NAR031620010,NAR,CJF_1,CJF,1,T,T-NAR031620010,7,1,0.40344836296966186,1.29617496836239
NAR031620010,NAR,CJF_1,CJF,1,T,T-NAR031620010,7,2,0.6502719609406005,1.29617496836239
NAR031620010,NAR,CJF_1,CJF,1,T,T-NAR031620010,7,3,0.7891534230907766,1.29617496836239
NAR031620010,NAR,CJF_1,CJF,1,T,T-NAR031620010,7,4,0.9126209489040179,1.29617496836239
NAR031620010,NAR,CJF_1,CJF,1,T,T-NAR031620010,7,5,1.0294570268801622,1.29617496836239
NAR031620010,NAR,CJF_1,CJF,1,T,T-NAR031620010,7,6,1.1352704127692914,1.29617496836239
NAR031620010,NAR,CJF_1,CJF,1,T,T-NAR031620010,7,7,1.29617496836239,1.29617496836239
NAR031620010,NAR,JRS_1,JRS,1,T,T-NAR031620010,6,1,0.47264302773988254,1.3370084260917205
NAR031620010,NAR,JRS_1,JRS,1,T,T-NAR031620010,6,2,0.6907217484411182,1.3370084260917205
NAR031620010,NAR,JRS_1,JRS,1,T,T-NAR031620010,6,3,0.8413148626151674,1.3370084260917205
NAR031620010,NAR,JRS_1,JRS,1,T,T-NAR031620010,6,4,0.9652816576373152,1.3370084260917205
NAR031620010,NAR,JRS_1,JRS,1,T,T-NAR031620010,6,5,1.083485818725295,1.3370084260917205
NAR031620010,NAR,JRS_1,JRS,1,T,T-NAR031620010,6,6,1.189643862108829,1.3370084260917205
NAR031620010,NAR,LEL_1,LEL,1,T,T-NAR031620010,8,1,0.0793931444043504,1.1823336794763744
NAR031620010,NAR,LEL_1,LEL,1,T,T-NAR031620010,8,2,0.20567327340982489,1.1823336794763744
NAR031620010,NAR,LEL_1,LEL,1,T,T-NAR031620010,8,3,0.3051181814980994,1.1823336794763744
NAR031620010,NAR,LEL_1,LEL,1,T,T-NAR031620010,8,4,0.43314028768594937,1.1823336794763744
NAR031620010,NAR,LEL_1,LEL,1,T,T-NAR031620010,8,5,0.5445945845546242,1.1823336794763744
NAR031620010,NAR,LEL_1,LEL,1,T,T-NAR031620010,8,6,0.655603874084399,1.1823336794763744
NAR031620010,NAR,LEL_1,LEL,1,T,T-NAR031620010,8,7,0.7463388962607993,1.1823336794763744
NAR031620010,NAR,LEL_1,LEL,1,T,T-NAR031620010,8,8,0.8368514147677493,1.1823336794763744
NAR031620011,NAR,CJF_1,CJF,1,T,T-NAR031620011,15,1,0.33037669788509544,1.761728854569315
NAR031620011,NAR,CJF_1,CJF,1,T,T-NAR031620011,15,2,0.5514317853486601,1.761728854569315
NAR031620011,NAR,CJF_1,CJF,1,T,T-NAR031620011,15,3,0.7211819901710605,1.761728854569315
NAR031620011,NAR,CJF_1,CJF,1,T,T-NAR031620011,15,4,0.8510939217354946,1.761728854569315
NAR031620011,NAR,CJF_1,CJF,1,T,T-NAR031620011,15,5,0.9507460775269643,1.761728854569315
NAR031620011,NAR,CJF_1,CJF,1,T,T-NAR031620011,15,6,1.0306954954780747,1.761728854569315
NAR031620011,NAR,CJF_1,CJF,1,T,T-NAR031620011,15,7,1.1273900417786853,1.761728854569315
NAR031620011,NAR,CJF_1,CJF,1,T,T-NAR031620011,15,8,1.1992852455627527,1.761728854569315
NAR031620011,NAR,CJF_1,CJF,1,T,T-NAR031620011,15,9,1.2684047541460808,1.761728854569315
NAR031620011,NAR,CJF_1,CJF,1,T,T-NAR031620011,15,10,1.3513117815880498,1.761728854569315
NAR031620011,NAR,CJF_1,CJF,1,T,T-NAR031620011,15,11,1.418997963998477,1.761728854569315
NAR031620011,NAR,CJF_1,CJF,1,T,T-NAR031620011,15,12,1.507456381841927,1.761728854569315
NAR031620011,NAR,CJF_1,CJF,1,T,T-NAR031620011,15,13,1.572457826196674,1.761728854569315
NAR031620011,NAR,CJF_1,CJF,1,T,T-NAR031620011,15,14,1.6539315274657427,1.761728854569315
NAR031620011,NAR,CJF_1,CJF,1,T,T-NAR031620011,15,15,1.761728854569315,1.761728854569315
NAR031620011,NAR,JRS_1,JRS,1,T,T-NAR031620011,13,1,0.5256353439067604,1.7597773214557646
NAR031620011,NAR,JRS_1,JRS,1,T,T-NAR031620011,13,2,0.7046998922471608,1.7597773214557646
NAR031620011,NAR,JRS_1,JRS,1,T,T-NAR031620011,13,3,0.8351743024912293,1.7597773214557646
NAR031620011,NAR,JRS_1,JRS,1,T,T-NAR031620011,13,4,0.9339127570584552,1.7597773214557646
NAR031620011,NAR,JRS_1,JRS,1,T,T-NAR031620011,13,5,1.0234105119963577,1.7597773214557646
NAR031620011,NAR,JRS_1,JRS,1,T,T-NAR031620011,13,6,1.1016951581427987,1.7597773214557646
NAR031620011,NAR,JRS_1,JRS,1,T,T-NAR031620011,13,7,1.1892895423831589,1.7597773214557646
NAR031620011,NAR,JRS_1,JRS,1,T,T-NAR031620011,13,8,1.2657398562966549,1.7597773214557646
NAR031620011,NAR,JRS_1,JRS,1,T,T-NAR031620011,13,9,1.3383834288150673,1.7597773214557646
NAR031620011,NAR,JRS_1,JRS,1,T,T-NAR031620011,13,10,1.4074273753321842,1.7597773214557646
NAR031620011,NAR,JRS_1,JRS,1,T,T-NAR031620011,13,11,1.4950217595725455,1.7597773214557646
NAR031620011,NAR,JRS_1,JRS,1,T,T-NAR031620011,13,12,1.5751407379519318,1.7597773214557646
NAR031620011,NAR,JRS_1,JRS,1,T,T-NAR031620011,13,13,1.6553977932605104,1.7597773214557646
NAR031620011,NAR,LEL_1,LEL,1,T,T-NAR031620011,13,1,0.1323374294156512,1.6856075708883238
NAR031620011,NAR,LEL_1,LEL,1,T,T-NAR031620011,13,2,0.20169669716267566,1.6856075708883238
NAR031620011,NAR,LEL_1,LEL,1,T,T-NAR031620011,13,3,0.2893739596260111,1.6856075708883238
NAR031620011,NAR,LEL_1,LEL,1,T,T-NAR031620011,13,4,0.36470167169199286,1.6856075708883238
NAR031620011,NAR,LEL_1,LEL,1,T,T-NAR031620011,13,5,0.4459978280769306,1.6856075708883238
NAR031620011,NAR,LEL_1,LEL,1,T,T-NAR031620011,13,6,0.5149444340645138,1.6856075708883238
NAR031620011,NAR,LEL_1,LEL,1,T,T-NAR031620011,13,7,0.5869784276514354,1.6856075708883238
NAR031620011,NAR,LEL_1,LEL,1,T,T-NAR031620011,13,8,0.6686872457958145,1.6856075708883238
NAR031620011,NAR,LEL_1,LEL,1,T,T-NAR031620011,13,9,0.7524517971409289,1.6856075708883238
NAR031620011,NAR,LEL_1,LEL,1,T,T-NAR031620011,13,10,0.8456848421637797,1.6856075708883238
NAR031620011,NAR,LEL_1,LEL,1,T,T-NAR031620011,13,11,0.90598827799250925,1.6856075708883238
NAR031620011,NAR,LEL_1,LEL,1,T,T-NAR031620011,13,12,1.0082771549336556,1.6856075708883238
NAR031620011,NAR,LEL_1,LEL,1,T,T-NAR031620011,13,13,1.0928670297976528,1.6856075708883238
NAR031620013,NAR,CJF_1,CJF,1,T,T-NAR031620013,4,1,0.34202453488835083,0.8024414327475203
NAR031620013,NAR,CJF_1,CJF,1,T,T-NAR031620013,4,2,0.5770488353051384,0.8024414327475203
NAR031620013,NAR,CJF_1,CJF,1,T,T-NAR031620013,4,3,0.7136724792255402,0.8024414327475203
NAR031620013,NAR,CJF_1,CJF,1,T,T-NAR031620013,4,4,0.8024414327475203,0.8024414327475203
NAR031620013,NAR,JRS_1,JRS,1,T,T-NAR031620013,2,1,0.5524168920556504,0.7794335636479306
NAR031620013,NAR,JRS_1,JRS,1,T,T-NAR031620013,2,2,0.6819251562785026,0.7794335636479306
NAR031620013,NAR,LEL_1,LEL,1,T,T-NAR031620013,3,1,0.3751295408270209,0.8219251993196627
NAR031620013,NAR,LEL_1,LEL,1,T,T-NAR031620013,3,2,0.5949668078256166,0.8219251993196627
NAR031620013,NAR,LEL_1,LEL,1,T,T-NAR031620013,3,3,0.7243312871802546,0.8219251993196627
NAR031620015,NAR,CJF_1,CJF,1,T,T-NAR031620015,5,1,0.2806148378548398,0.8151149840161231
NAR031620015,NAR,CJF_1,CJF,1,T,T-NAR031620015,5,2,0.5205117212651975,0.8151149840161231
NAR031620015,NAR,CJF_1,CJF,1,T,T-NAR031620015,5,3,0.659138413205656,0.8151149840161231
NAR031620015,NAR,CJF_1,CJF,1,T,T-NAR031620015,5,4,0.7446507240885474,0.8151149840161231
NAR031620015,NAR,CJF_1,CJF,1,T,T-NAR031620015,5,5,0.8151149840161231,0.8151149840161231
NAR031620015,NAR,JRS_1,JRS,1,T,T-NAR031620015,4,1,0.429816461628229,0.9512488933819047
NAR031620015,NAR,JRS_1,JRS,1,T,T-NAR031620015,4,2,0.6600229273252286,0.9512488933819047
NAR031620015,NAR,JRS_1,JRS,1,T,T-NAR031620015,4,3,0.7977059977645201,0.9512488933819047
NAR031620015,NAR,JRS_1,JRS,1,T,T-NAR031620015,4,4,0.8821048831181724,0.9512488933819047
NAR031620015,NAR,LEL_1,LEL,1,T,T-NAR031620015,3,1,0.5267336240830173,0.8177774527171884
NAR031620015,NAR,LEL_1,LEL,1,T,T-NAR031620015,3,2,0.6460852759684663,0.8177774527171884
NAR031620015,NAR,LEL_1,LEL,1,T,T-NAR031620015,3,3,0.7358473692093302,0.8177774527171884
NAR031620016,NAR,CJF_1,CJF,1,T,T-NAR031620016,6,1,0.40265966840577655,1.0564237375338994
NAR031620016,NAR,CJF_1,CJF,1,T,T-NAR031620016,6,2,0.581818865713866,1.0564237375338994
NAR031620016,NAR,CJF_1,CJF,1,T,T-NAR031620016,6,3,0.7383438837844309,1.0564237375338994
NAR031620016,NAR,CJF_1,CJF,1,T,T-NAR031620016,6,4,0.8564114249543019,1.0564237375338994
NAR031620016,NAR,CJF_1,CJF,1,T,T-NAR031620016,6,5,0.952338362839976,1.0564237375338994
NAR031620016,NAR,CJF_1,CJF,1,T,T-NAR031620016,6,6,1.0564237375338994,1.0564237375338994
NAR031620016,NAR,LEL_1,LEL,1,T,T-NAR031620016,4,1,0.1285886224413087,1.0717318111985918
NAR031620016,NAR,LEL_1,LEL,1,T,T-NAR031620016,4,2,0.20750109897786345,1.0717318111985918
NAR031620016,NAR,LEL_1,LEL,1,T,T-NAR031620016,4,3,0.33054836367172097,1.0717318111985918
NAR031620016,NAR,LEL_1,LEL,1,T,T-NAR031620016,4,4,0.5760915209894624,1.0717318111985918
NAR031620018,NAR,CJF_1,CJF,1,T,T-NAR031620018,5,1,0.3231407162989591,0.9912123935906618
NAR031620018,NAR,CJF_1,CJF,1,T,T-NAR031620018,5,2,0.5507159683232261,0.9912123935906618
NAR031620018,NAR,CJF_1,CJF,1,T,T-NAR031620018,5,3,0.7223225181692221,0.9912123935906618
NAR031620018,NAR,CJF_1,CJF,1,T,T-NAR031620018,5,4,0.8545477951405975,0.9912123935906618
NAR031620018,NAR,CJF_1,CJF,1,T,T-NAR031620018,5,5,0.9912123935906618,0.9912123935906618
NAR031620018,NAR,JRS_1,JRS,1,T,T-NAR031620018,3,1,0.6045025813416125,1.0264883646942433
NAR031620018,NAR,JRS_1,JRS,1,T,T-NAR031620018,3,2,0.7681410565947927,1.0264883646942433
NAR031620018,NAR,JRS_1,JRS,1,T,T-NAR031620018,3,3,0.9069819070592785,1.0264883646942433
NAR031620018,NAR,LEL_1,LEL,1,T,T-NAR031620018,3,1,0.1438689493877092,0.9676929150186635
NAR031620018,NAR,LEL_1,LEL,1,T,T-NAR031620018,3,2,0.26523948236313427,0.9676929150186635
NAR031620018,NAR,LEL_1,LEL,1,T,T-NAR031620018,3,3,0.3624059166386899,0.9676929150186635
NAR031620020,NAR,CJF_1,CJF,1,T,T-NAR031620020,5,1,0.2577756216654848,0.7809118956268093
NAR031620020,NAR,CJF_1,CJF,1,T,T-NAR031620020,5,2,0.4674880733058159,0.7809118956268093
NAR031620020,NAR,CJF_1,CJF,1,T,T-NAR031620020,5,3,0.6094352100685994,0.7809118956268093
NAR031620020,NAR,CJF_1,CJF,1,T,T-NAR031620020,5,4,0.6999082798708853,0.7809118956268093
NAR031620020,NAR,CJF_1,CJF,1,T,T-NAR031620020,5,5,0.7809118956268093,0.7809118956268093
NAR031620020,NAR,JRS_1,JRS,1,T,T-NAR031620020,3,1,0.39135858921693756,0.8910238097999247
NAR031620020,NAR,JRS_1,JRS,1,T,T-NAR031620020,3,2,0.6048861473598508,0.8910238097999247
NAR031620020,NAR,JRS_1,JRS,1,T,T-NAR031620020,3,3,0.7267239277815346,0.8910238097999247
NAR031620020,NAR,LEL_1,LEL,1,T,T-NAR031620020,4,1,0.05736954528748545,0.6952668216583916
NAR031620020,NAR,LEL_1,LEL,1,T,T-NAR031620020,4,2,0.15288875961542972,0.6952668216583916
NAR031620020,NAR,LEL_1,LEL,1,T,T-NAR031620020,4,3,0.27886969248502175,0.6952668216583916
NAR031620020,NAR,LEL_1,LEL,1,T,T-NAR031620020,4,4,0.4740567579144474,0.6952668216583916
NAR031620021,NAR,CJF_1,CJF,1,T,T-NAR031620021,8,1,0.3489246195628771,1.2892433682977686
NAR031620021,NAR,CJF_1,CJF,1,T,T-NAR031620021,8,2,0.5072566457231381,1.2892433682977686
NAR031620021,NAR,CJF_1,CJF,1,T,T-NAR031620021,8,3,0.6768792751749693,1.2892433682977686
NAR031620021,NAR,CJF_1,CJF,1,T,T-NAR031620021,8,4,0.8467714371376168,1.2892433682977686
NAR031620021,NAR,CJF_1,CJF,1,T,T-NAR031620021,8,5,0.9717707184447985,1.2892433682977686
NAR031620021,NAR,CJF_1,CJF,1,T,T-NAR031620021,8,6,1.0834638550618305,1.2892433682977686
NAR031620021,NAR,CJF_1,CJF,1,T,T-NAR031620021,8,7,1.188571302461491,1.2892433682977686
NAR031620021,NAR,CJF_1,CJF,1,T,T-NAR031620021,8,8,1.2892433682977686,1.2892433682977686
NAR031620021,NAR,JRS_1,JRS,1,T,T-NAR031620021,6,1,0.4847908891031629,1.2801307437031715
NAR031620021,NAR,JRS_1,JRS,1,T,T-NAR031620021,6,2,0.6918631612341737,1.2801307437031715
NAR031620021,NAR,JRS_1,JRS,1,T,T-NAR031620021,6,3,0.8396870088996518,1.2801307437031715
NAR031620021,NAR,JRS_1,JRS,1,T,T-NAR031620021,6,4,0.9756373945921554,1.2801307437031715
NAR031620021,NAR,JRS_1,JRS,1,T,T-NAR031620021,6,5,1.108797742890426,1.2801307437031715
NAR031620021,NAR,JRS_1,JRS,1,T,T-NAR031620021,6,6,1.2031910116775182,1.2801307437031715
NAR031620021,NAR,LEL_1,LEL,1,T,T-NAR031620021,5,1,0.08796018726226046,0.837732042504689
NAR031620021,NAR,LEL_1,LEL,1,T,T-NAR031620021,5,2,0.1579846051339049,0.837732042504689
NAR031620021,NAR,LEL_1,LEL,1,T,T-NAR031620021,5,3,0.22319590787569737,0.837732042504689
NAR031620021,NAR,LEL_1,LEL,1,T,T-NAR031620021,5,4,0.3210852722909254,0.837732042504689
NAR031620021,NAR,LEL_1,LEL,1,T,T-NAR031620021,5,5,0.44165111092408177,0.837732042504689
NAR031620022,NAR,CJF_1,CJF,1,T,T-NAR031620022,8,1,0.49078183645479906,1.3951141812600145
NAR031620022,NAR,CJF_1,CJF,1,T,T-NAR031620022,8,2,0.7223269459319182,1.3951141812600145
NAR031620022,NAR,CJF_1,CJF,1,T,T-NAR031620022,8,3,0.8998706070735227,1.3951141812600145
NAR031620022,NAR,CJF_1,CJF,1,T,T-NAR031620022,8,4,1.0438744693015638,1.3951141812600145
NAR031620022,NAR,CJF_1,CJF,1,T,T-NAR031620022,8,5,1.1406462557174957,1.3951141812600145
NAR031620022,NAR,CJF_1,CJF,1,T,T-NAR031620022,8,6,1.2534179538236863,1.3951141812600145
NAR031620022,NAR,CJF_1,CJF,1,T,T-NAR031620022,8,7,1.3100341006543825,1.3951141812600145
NAR031620022,NAR,CJF_1,CJF,1,T,T-NAR031620022,8,8,1.3951141812600145,1.3951141812600145
NAR031620022,NAR,LEL_1,LEL,1,T,T-NAR031620022,7,1,0.4307309075344084,1.1104079970991054
NAR031620022,NAR,LEL_1,LEL,1,T,T-NAR031620022,7,2,0.5587425048623886,1.1104079970991054
NAR031620022,NAR,LEL_1,LEL,1,T,T-NAR031620022,7,3,0.663912182570126,1.1104079970991054
NAR031620022,NAR,LEL_1,LEL,1,T,T-NAR031620022,7,4,0.7744952678523578,1.1104079970991054
NAR031620022,NAR,LEL_1,LEL,1,T,T-NAR031620022,7,5,0.8700880645855478,1.1104079970991054
NAR031620022,NAR,LEL_1,LEL,1,T,T-NAR031620022,7,6,0.9715695846221392,1.1104079970991054
NAR031620022,NAR,LEL_1,LEL,1,T,T-NAR031620022,7,7,1.0226668314371166,1.1104079970991054
NAR031620023,NAR,CJF_1,CJF,1,T,T-NAR031620023,4,1,0.41839995647399353,0.8828650138988703
NAR031620023,NAR,CJF_1,CJF,1,T,T-NAR031620023,4,2,0.6080326536966746,0.8828650138988703
NAR031620023,NAR,CJF_1,CJF,1,T,T-NAR031620023,4,3,0.7367646314858787,0.8828650138988703
NAR031620023,NAR,CJF_1,CJF,1,T,T-NAR031620023,4,4,0.8828650138988703,0.8828650138988703
NAR031620023,NAR,JRS_1,JRS,1,T,T-NAR031620023,3,1,0.5612522411318422,0.9885592681925943
NAR031620023,NAR,JRS_1,JRS,1,T,T-NAR031620023,3,2,0.7364536098649084,0.9885592681925943
NAR031620023,NAR,JRS_1,JRS,1,T,T-NAR031620023,3,3,0.8610456100800463,0.9885592681925943
NAR031620023,NAR,LEL_1,LEL,1,T,T-NAR031620023,3,1,0.09200500218019021,0.8703267772518227
NAR031620023,NAR,LEL_1,LEL,1,T,T-NAR031620023,3,2,0.19496084822700496,0.8703267772518227
NAR031620023,NAR,LEL_1,LEL,1,T,T-NAR031620023,3,3,0.3066607091409226,0.8703267772518227
NAR031620024,NAR,CJF_1,CJF,1,T,T-NAR031620024,7,1,0.5061491898602506,1.2046066097732888
NAR031620024,NAR,CJF_1,CJF,1,T,T-NAR031620024,7,2,0.7014196622182799,1.2046066097732888
NAR031620024,NAR,CJF_1,CJF,1,T,T-NAR031620024,7,3,0.8396783595966657,1.2046066097732888
NAR031620024,NAR,CJF_1,CJF,1,T,T-NAR031620024,7,4,0.94024131340349415,1.2046066097732888
NAR031620024,NAR,CJF_1,CJF,1,T,T-NAR031620024,7,5,1.0475690899639802,1.2046066097732888
NAR031620024,NAR,CJF_1,CJF,1,T,T-NAR031620024,7,6,1.1342992690974847,1.2046066097732888
NAR031620024,NAR,CJF_1,CJF,1,T,T-NAR031620024,7,7,1.2046066097732888,1.2046066097732888
NAR031620024,NAR,JRS_1,JRS,1,T,T-NAR031620024,6,1,0.4973039823209666,1.1704776245104336
NAR031620024,NAR,JRS_1,JRS,1,T,T-NAR031620024,6,2,0.6644062371727282,1.1704776245104336
NAR031620024,NAR,JRS_1,JRS,1,T,T-NAR031620024,6,3,0.8054465579886452,1.1704776245104336
NAR031620024,NAR,JRS_1,JRS,1,T,T-NAR031620024,6,4,0.9187429776681234,1.1704776245104336
NAR031620024,NAR,JRS_1,JRS,1,T,T-NAR031620024,6,5,1.0157059923859777,1.1704776245104336
NAR031620024,NAR,JRS_1,JRS,1,T,T-NAR031620024,6,6,1.0932119489553906,1.1704776245104336
NAR031620024,NAR,LEL_1,LEL,1,T,T-NAR031620024,5,1,0.4556375290285663,1.095039323260317
NAR031620024,NAR,LEL_1,LEL,1,T,T-NAR031620024,5,2,0.6141283405565657,1.095039323260317
NAR031620024,NAR,LEL_1,LEL,1,T,T-NAR031620024,5,3,0.7414930526779655,1.095039323260317
NAR031620024,NAR,LEL_1,LEL,1,T,T-NAR031620024,5,4,0.8414201751110882,1.095039323260317
NAR031620024,NAR,LEL_1,LEL,1,T,T-NAR031620024,5,5,0.9354382356387473,1.095039323260317
NAR031720001,NAR,CJF_1,CJF,1,T,T-NAR031720001,4,1,0.49394960891897555,0.8449651538536543
NAR031720001,NAR,CJF_1,CJF,1,T,T-NAR031720001,4,2,0.6454315172846143,0.8449651538536543
NAR031720001,NAR,CJF_1,CJF,1,T,T-NAR031720001,4,3,0.7131355708725845,0.8449651538536543
NAR031720001,NAR,CJF_1,CJF,1,T,T-NAR031720001,4,4,0.8449651538536543,0.8449651538536543
NAR031720001,NAR,LEL_1,LEL,1,T,T-NAR031720001,4,1,0.33789587351799655,0.7734208971464543
NAR031720001,NAR,LEL_1,LEL,1,T,T-NAR031720001,4,2,0.45323579441346024,0.7734208971464543
NAR031720001,NAR,LEL_1,LEL,1,T,T-NAR031720001,4,3,0.5745634507326496,0.7734208971464543
NAR031720001,NAR,LEL_1,LEL,1,T,T-NAR031720001,4,4,0.6438852064968098,0.7734208971464543
NAR031720002,NAR,CJF_1,CJF,1,T,T-NAR031720002,3,1,0.481702029190814,0.7915400785863018
NAR031720002,NAR,CJF_1,CJF,1,T,T-NAR031720002,3,2,0.6401066220608547,0.7915400785863018
NAR031720002,NAR,CJF_1,CJF,1,T,T-NAR031720002,3,3,0.7915400785863018,0.7915400785863018
NAR031720002,NAR,JRS_1,JRS,1,T,T-NAR031720002,2,1,0.5198425318576201,0.790294695858647
NAR031720002,NAR,JRS_1,JRS,1,T,T-NAR031720002,2,2,0.6701850268464952,0.790294695858647
NAR031720002,NAR,LEL_1,LEL,1,T,T-NAR031720002,3,1,0.3649036717416422,0.827455584406639
NAR031720002,NAR,LEL_1,LEL,1,T,T-NAR031720002,3,2,0.5510562817596377,0.827455584406639
NAR031720002,NAR,LEL_1,LEL,1,T,T-NAR031720002,3,3,0.700142128446219,0.827455584406639
NAR031720003,NAR,CJF_1,CJF,1,T,T-NAR031720003,4,1,0.43911213307224806,0.8696514916956553
NAR031720003,NAR,CJF_1,CJF,1,T,T-NAR031720003,4,2,0.6433484079049162,0.8696514916956553
NAR031720003,NAR,CJF_1,CJF,1,T,T-NAR031720003,4,3,0.7619531647562068,0.8696514916956553
NAR031720003,NAR,CJF_1,CJF,1,T,T-NAR031720003,4,4,0.8696514916956553,0.8696514916956553
NAR031720003,NAR,JRS_1,JRS,1,T,T-NAR031720003,3,1,0.47382002222417713,0.8914103093133443
NAR031720003,NAR,JRS_1,JRS,1,T,T-NAR031720003,3,2,0.6662630236494699,0.8914103093133443
NAR031720003,NAR,JRS_1,JRS,1,T,T-NAR031720003,3,3,0.7846894860650346,0.8914103093133443
NAR031720003,NAR,LEL_1,LEL,1,T,T-NAR031720003,3,1,0.1169927806528286,0.7644471037443749
NAR031720003,NAR,LEL_1,LEL,1,T,T-NAR031720003,3,2,0.2786665759639666,0.7644471037443749
NAR031720003,NAR,LEL_1,LEL,1,T,T-NAR031720003,3,3,0.3790283282713957,0.7644471037443749
NAR031720004,NAR,CJF_1,CJF,1,T,T-NAR031720004,4,1,0.47980210194238704,0.8700633743008581
NAR031720004,NAR,CJF_1,CJF,1,T,T-NAR031720004,4,2,0.6609636789441087,0.8700633743008581
NAR031720004,NAR,CJF_1,CJF,1,T,T-NAR031720004,4,3,0.7673238781609335,0.8700633743008581
NAR031720004,NAR,CJF_1,CJF,1,T,T-NAR031720004,4,4,0.8700633743008581,0.8700633743008581
NAR031720004,NAR,JRS_1,JRS,1,T,T-NAR031720004,3,1,0.5965047859666734,0.9278180856193632
NAR031720004,NAR,JRS_1,JRS,1,T,T-NAR031720004,3,2,0.7521559140895506,0.9278180856193632
NAR031720004,NAR,JRS_1,JRS,1,T,T-NAR031720004,3,3,0.8494877293555427,0.9278180856193632
NAR031720004,NAR,LEL_1,LEL,1,T,T-NAR031720004,3,1,0.6031376582026697,0.9557955879762923
NAR031720004,NAR,LEL_1,LEL,1,T,T-NAR031720004,3,2,0.7968009762762456,0.9557955879762923
NAR031720004,NAR,LEL_1,LEL,1,T,T-NAR031720004,3,3,0.8852700872683513,0.9557955879762923
NAR031720005,NAR,CJF_1,CJF,1,T,T-NAR031720005,6,1,0.3848206703763055,1.218097303226338
NAR031720005,NAR,CJF_1,CJF,1,T,T-NAR031720005,6,2,0.7247997050656714,1.218097303226338
NAR031720005,NAR,CJF_1,CJF,1,T,T-NAR031720005,6,3,0.9158015061631462,1.218097303226338
NAR031720005,NAR,CJF_1,CJF,1,T,T-NAR031720005,6,4,1.0535104670296143,1.218097303226338
NAR031720005,NAR,CJF_1,CJF,1,T,T-NAR031720005,6,5,1.140145215007386,1.218097303226338
NAR031720005,NAR,CJF_1,CJF,1,T,T-NAR031720005,6,6,1.218097303226338,1.218097303226338
NAR031720005,NAR,JRS_1,JRS,1,T,T-NAR031720005,5,1,0.06576985826690883,1.1636102079145725
NAR031720005,NAR,JRS_1,JRS,1,T,T-NAR031720005,5,2,0.18354683893565546,1.1636102079145725
NAR031720005,NAR,JRS_1,JRS,1,T,T-NAR031720005,5,3,0.3071244366994847,1.1636102079145725
NAR031720005,NAR,JRS_1,JRS,1,T,T-NAR031720005,5,4,0.46618962496344407,1.1636102079145725
NAR031720005,NAR,JRS_1,JRS,1,T,T-NAR031720005,5,5,0.7526699578653226,1.1636102079145725
NAR031720005,NAR,LEL_1,LEL,1,T,T-NAR031720005,5,1,0.06792101243515325,1.0949156488209204
NAR031720005,NAR,LEL_1,LEL,1,T,T-NAR031720005,5,2,0.1676320586686803,1.0949156488209204
NAR031720005,NAR,LEL_1,LEL,1,T,T-NAR031720005,5,3,0.304294707077264,1.0949156488209204
NAR031720005,NAR,LEL_1,LEL,1,T,T-NAR031720005,5,4,0.4313091431729449,1.0949156488209204
NAR031720005,NAR,LEL_1,LEL,1,T,T-NAR031720005,5,5,0.5439241103481797,1.0949156488209204
NAR031720007,NAR,CJF_1,CJF,1,T,T-NAR031720007,9,1,0.46706320171514054,1.1942896942923502
NAR031720007,NAR,CJF_1,CJF,1,T,T-NAR031720007,9,2,0.6272933082296106,1.1942896942923502
NAR031720007,NAR,CJF_1,CJF,1,T,T-NAR031720007,9,3,0.7382896065792615,1.1942896942923502
NAR031720007,NAR,CJF_1,CJF,1,T,T-NAR031720007,9,4,0.8209322465238303,1.1942896942923502
NAR031720007,NAR,CJF_1,CJF,1,T,T-NAR031720007,9,5,0.9272395167682332,1.1942896942923502
NAR031720007,NAR,CJF_1,CJF,1,T,T-NAR031720007,9,6,1.0150839855832934,1.1942896942923502
NAR031720007,NAR,CJF_1,CJF,1,T,T-NAR031720007,9,7,1.0834400514385238,1.1942896942923502
NAR031720007,NAR,CJF_1,CJF,1,T,T-NAR031720007,9,8,1.1437369736053948,1.1942896942923502
NAR031720007,NAR,CJF_1,CJF,1,T,T-NAR031720007,9,9,1.1942896942923502,1.1942896942923502
NAR031720007,NAR,JRS_1,JRS,1,T,T-NAR031720007,8,1,0.46218498527166807,1.2162942847746672
NAR031720007,NAR,JRS_1,JRS,1,T,T-NAR031720007,8,2,0.6382962199749525,1.2162942847746672
NAR031720007,NAR,JRS_1,JRS,1,T,T-NAR031720007,8,3,0.7520550591764478,1.2162942847746672
NAR031720007,NAR,JRS_1,JRS,1,T,T-NAR031720007,8,4,0.8430359583595644,1.2162942847746672
NAR031720007,NAR,JRS_1,JRS,1,T,T-NAR031720007,8,5,0.9412973468987664,1.2162942847746672
NAR031720007,NAR,JRS_1,JRS,1,T,T-NAR031720007,8,6,1.028481922745486,1.2162942847746672
NAR031720007,NAR,JRS_1,JRS,1,T,T-NAR031720007,8,7,1.1011055198800348,1.2162942847746672
NAR031720007,NAR,JRS_1,JRS,1,T,T-NAR031720007,8,8,1.1585438236689976,1.2162942847746672
NAR031720007,NAR,LEL_1,LEL,1,T,T-NAR031720007,8,1,0.4384677667446914,1.1779094823347303
NAR031720007,NAR,LEL_1,LEL,1,T,T-NAR031720007,8,2,0.5907396294380343,1.1779094823347303
NAR031720007,NAR,LEL_1,LEL,1,T,T-NAR031720007,8,3,0.711981361661467,1.1779094823347303
NAR031720007,NAR,LEL_1,LEL,1,T,T-NAR031720007,8,4,0.8125567995964375,1.1779094823347303
NAR031720007,NAR,LEL_1,LEL,1,T,T-NAR031720007,8,5,0.9052096304519526,1.1779094823347303
NAR031720007,NAR,LEL_1,LEL,1,T,T-NAR031720007,8,6,0.9795453290093463,1.1779094823347303
NAR031720007,NAR,LEL_1,LEL,1,T,T-NAR031720007,8,7,1.0510943050221833,1.1779094823347303
NAR031720007,NAR,LEL_1,LEL,1,T,T-NAR031720007,8,8,1.1155037279523459,1.1779094823347303
NAR031720008,NAR,CJF_1,CJF,1,T,T-NAR031720008,3,1,0.5303409258144229,0.791215878269352
NAR031720008,NAR,CJF_1,CJF,1,T,T-NAR031720008,3,2,0.6495169719029658,0.791215878269352
NAR031720008,NAR,CJF_1,CJF,1,T,T-NAR031720008,3,3,0.791215878269352,0.791215878269352
NAR031720008,NAR,JRS_1,JRS,1,T,T-NAR031720008,3,1,0.3007921798277755,0.7639632849062297
NAR031720008,NAR,JRS_1,JRS,1,T,T-NAR031720008,3,2,0.5057216769612234,0.7639632849062297
NAR031720008,NAR,JRS_1,JRS,1,T,T-NAR031720008,3,3,0.6441349315383199,0.7639632849062297
NAR031720008,NAR,LEL_1,LEL,1,T,T-NAR031720008,2,1,0.5261245651317101,0.7553486167969008
NAR031720008,NAR,LEL_1,LEL,1,T,T-NAR031720008,2,2,0.6318994700588014,0.7553486167969008
NAR031720009,NAR,CJF_1,CJF,1,T,T-NAR031720009,5,1,0.400863644711103,0.9057686716387383
NAR031720009,NAR,CJF_1,CJF,1,T,T-NAR031720009,5,2,0.6075030782019536,0.9057686716387383
NAR031720009,NAR,CJF_1,CJF,1,T,T-NAR031720009,5,3,0.7389262923886669,0.9057686716387383
NAR031720009,NAR,CJF_1,CJF,1,T,T-NAR031720009,5,4,0.8126991807505893,0.9057686716387383
NAR031720009,NAR,CJF_1,CJF,1,T,T-NAR031720009,5,5,0.9057686716387383,0.9057686716387383
NAR031720009,NAR,JRS_1,JRS,1,T,T-NAR031720009,3,1,0.4794157122964719,0.9632754183006542
NAR031720009,NAR,JRS_1,JRS,1,T,T-NAR031720009,3,2,0.6735825469369243,0.9632754183006542
NAR031720009,NAR,JRS_1,JRS,1,T,T-NAR031720009,3,3,0.8047438613581404,0.9632754183006542
NAR031720009,NAR,LEL_1,LEL,1,T,T-NAR031720009,3,1,0.1045612445604795,0.7812673687719172
NAR031720009,NAR,LEL_1,LEL,1,T,T-NAR031720009,3,2,0.18133125844873654,0.7812673687719172
NAR031720009,NAR,LEL_1,LEL,1,T,T-NAR031720009,3,3,0.2939356756677147,0.7812673687719172
NAR031720010,NAR,CJF_1,CJF,1,T,T-NAR031720010,4,1,0.5005492762248823,0.9373186898765856
NAR031720010,NAR,CJF_1,CJF,1,T,T-NAR031720010,4,2,0.6627684017436805,0.9373186898765856
NAR031720010,NAR,CJF_1,CJF,1,T,T-NAR031720010,4,3,0.8166861548847991,0.9373186898765856
NAR031720010,NAR,CJF_1,CJF,1,T,T-NAR031720010,4,4,0.9373186898765856,0.9373186898765856
NAR031720010,NAR,JRS_1,JRS,1,T,T-NAR031720010,3,1,0.49173644329106764,0.8981316762950441
NAR031720010,NAR,JRS_1,JRS,1,T,T-NAR031720010,3,2,0.6460016975680309,0.8981316762950441
NAR031720010,NAR,JRS_1,JRS,1,T,T-NAR031720010,3,3,0.7701198608644076,0.8981316762950441
NAR031720010,NAR,LEL_1,LEL,1,T,T-NAR031720010,3,1,0.5063704227491649,0.920426684749869
NAR031720010,NAR,LEL_1,LEL,1,T,T-NAR031720010,3,2,0.664642707526668,0.920426684749869
NAR031720010,NAR,LEL_1,LEL,1,T,T-NAR031720010,3,3,0.8167788428063281,0.920426684749869
NAR031720011,NAR,CJF_1,CJF,1,T,T-NAR031720011,4,1,0.5038703434664573,1.0669673216165665
NAR031720011,NAR,CJF_1,CJF,1,T,T-NAR031720011,4,2,0.7826180293976839,1.0669673216165665
NAR031720011,NAR,CJF_1,CJF,1,T,T-NAR031720011,4,3,0.9680854942639,1.0669673216165665
NAR031720011,NAR,CJF_1,CJF,1,T,T-NAR031720011,4,4,1.0669673216165665,1.0669673216165665
NAR031720011,NAR,JRS_1,JRS,1,T,T-NAR031720011,1,1,0.38725978713144565,0.5971737207807315
NAR031720011,NAR,LEL_1,LEL,1,T,T-NAR031720011,2,1,0.3888590569598363,0.6552550475018402
NAR031720011,NAR,LEL_1,LEL,1,T,T-NAR031720011,2,2,0.524322290649283,0.6552550475018402
NAR031720012,NAR,JRS_1,JRS,1,T,T-NAR031720012,0,NA,NA,0.5204486301327728
NAR031720012,NAR,LEL_1,LEL,1,T,T-NAR031720012,0,NA,NA,0.7491021238033206
NAR031720013,NAR,CJF_1,CJF,1,T,T-NAR031720013,3,1,0.573177468955946,0.809074390394692
NAR031720013,NAR,CJF_1,CJF,1,T,T-NAR031720013,3,2,0.6933665668145655,0.809074390394692
NAR031720013,NAR,CJF_1,CJF,1,T,T-NAR031720013,3,3,0.809074390394692,0.809074390394692
NAR031720013,NAR,JRS_1,JRS,1,T,T-NAR031720013,0,NA,NA,0.5703236180769516
NAR031720013,NAR,LEL_1,LEL,1,T,T-NAR031720013,1,1,0.84184541713926,1.0405361708271954
NAR031720014,NAR,CJF_1,CJF,1,T,T-NAR031720014,8,1,0.4680503279550914,1.3728314008130156
NAR031720014,NAR,CJF_1,CJF,1,T,T-NAR031720014,8,2,0.6448227949542507,1.3728314008130156
NAR031720014,NAR,CJF_1,CJF,1,T,T-NAR031720014,8,3,0.8063804336551958,1.3728314008130156
NAR031720014,NAR,CJF_1,CJF,1,T,T-NAR031720014,8,4,0.9547217074669492,1.3728314008130156
NAR031720014,NAR,CJF_1,CJF,1,T,T-NAR031720014,8,5,1.0874031897525742,1.3728314008130156
NAR031720014,NAR,CJF_1,CJF,1,T,T-NAR031720014,8,6,1.1980573972228785,1.3728314008130156
NAR031720014,NAR,CJF_1,CJF,1,T,T-NAR031720014,8,7,1.294496008099479,1.3728314008130156
NAR031720014,NAR,CJF_1,CJF,1,T,T-NAR031720014,8,8,1.3728314008130156,1.3728314008130156
NAR031720014,NAR,JRS_1,JRS,1,T,T-NAR031720014,7,1,0.5144929730088245,1.421470145362969
NAR031720014,NAR,JRS_1,JRS,1,T,T-NAR031720014,7,2,0.6973717299644404,1.421470145362969
NAR031720014,NAR,JRS_1,JRS,1,T,T-NAR031720014,7,3,0.8650161906545727,1.421470145362969
NAR031720014,NAR,JRS_1,JRS,1,T,T-NAR031720014,7,4,0.9910335392929293,1.421470145362969
NAR031720014,NAR,JRS_1,JRS,1,T,T-NAR031720014,7,5,1.1289443485175072,1.421470145362969
NAR031720014,NAR,JRS_1,JRS,1,T,T-NAR031720014,7,6,1.249749907928164,1.421470145362969
NAR031720014,NAR,JRS_1,JRS,1,T,T-NAR031720014,7,7,1.324852578542372,1.421470145362969
NAR031720014,NAR,LEL_1,LEL,1,T,T-NAR031720014,7,1,0.3478038159557825,1.1991644294069126
NAR031720014,NAR,LEL_1,LEL,1,T,T-NAR031720014,7,2,0.48548675816505216,1.1991644294069126
NAR031720014,NAR,LEL_1,LEL,1,T,T-NAR031720014,7,3,0.631046818459154,1.1991644294069126
NAR031720014,NAR,LEL_1,LEL,1,T,T-NAR031720014,7,4,0.7752384843140203,1.1991644294069126
NAR031720014,NAR,LEL_1,LEL,1,T,T-NAR031720014,7,5,0.9122372293036729,1.1991644294069126
NAR031720014,NAR,LEL_1,LEL,1,T,T-NAR031720014,7,6,1.023376554045458,1.1991644294069126
NAR031720014,NAR,LEL_1,LEL,1,T,T-NAR031720014,7,7,1.1130248533588594,1.1991644294069126
NAR031720015,NAR,CJF_1,CJF,1,T,T-NAR031720015,7,1,0.5043352676256307,1.2378348876563903
NAR031720015,NAR,CJF_1,CJF,1,T,T-NAR031720015,7,2,0.7951309858981405,1.2378348876563903
NAR031720015,NAR,CJF_1,CJF,1,T,T-NAR031720015,7,3,0.8749911861043494,1.2378348876563903
NAR031720015,NAR,CJF_1,CJF,1,T,T-NAR031720015,7,4,0.9843651766670564,1.2378348876563903
NAR031720015,NAR,CJF_1,CJF,1,T,T-NAR031720015,7,5,1.0633574074663974,1.2378348876563903
NAR031720015,NAR,CJF_1,CJF,1,T,T-NAR031720015,7,6,1.1492941319179837,1.2378348876563903
NAR031720015,NAR,CJF_1,CJF,1,T,T-NAR031720015,7,7,1.2378348876563903,1.2378348876563903
NAR031720015,NAR,JRS_1,JRS,1,T,T-NAR031720015,7,1,0.36772464590565795,1.1160379109461531
NAR031720015,NAR,JRS_1,JRS,1,T,T-NAR031720015,7,2,0.5417509866127499,1.1160379109461531
NAR031720015,NAR,JRS_1,JRS,1,T,T-NAR031720015,7,3,0.7031684580339795,1.1160379109461531
NAR031720015,NAR,JRS_1,JRS,1,T,T-NAR031720015,7,4,0.8015282804913462,1.1160379109461531
NAR031720015,NAR,JRS_1,JRS,1,T,T-NAR031720015,7,5,0.9178009449060599,1.1160379109461531
NAR031720015,NAR,JRS_1,JRS,1,T,T-NAR031720015,7,6,1.0116221065218984,1.1160379109461531
NAR031720015,NAR,JRS_1,JRS,1,T,T-NAR031720015,7,7,1.0660993391547897,1.1160379109461531
NAR031720015,NAR,LEL_1,LEL,1,T,T-NAR031720015,0,NA,NA,0.9497608015810519
NAR031720016,NAR,CJF_1,CJF,1,T,T-NAR031720016,5,1,0.4014168682655896,0.9488997593018339
NAR031720016,NAR,CJF_1,CJF,1,T,T-NAR031720016,5,2,0.631545342323446,0.9488997593018339
NAR031720016,NAR,CJF_1,CJF,1,T,T-NAR031720016,5,3,0.7751900855798394,0.9488997593018339
NAR031720016,NAR,CJF_1,CJF,1,T,T-NAR031720016,5,4,0.8461729235104392,0.9488997593018339
NAR031720016,NAR,CJF_1,CJF,1,T,T-NAR031720016,5,5,0.9488997593018339,0.9488997593018339
NAR031720016,NAR,JRS_1,JRS,1,T,T-NAR031720016,4,1,0.38268134181087765,0.8757065874158054
NAR031720016,NAR,JRS_1,JRS,1,T,T-NAR031720016,4,2,0.5845280548754768,0.8757065874158054
NAR031720016,NAR,JRS_1,JRS,1,T,T-NAR031720016,4,3,0.7101907317247301,0.8757065874158054
NAR031720016,NAR,JRS_1,JRS,1,T,T-NAR031720016,4,4,0.7929486595702678,0.8757065874158054
NAR031720016,NAR,LEL_1,LEL,1,T,T-NAR031720016,4,1,0.3785490720821304,0.8949615294318822
NAR031720016,NAR,LEL_1,LEL,1,T,T-NAR031720016,4,2,0.5619992882228617,0.8949615294318822
NAR031720016,NAR,LEL_1,LEL,1,T,T-NAR031720016,4,3,0.7474332395831403,0.8949615294318822
NAR031720016,NAR,LEL_1,LEL,1,T,T-NAR031720016,4,4,0.8226455341227005,0.8949615294318822
NAR031820001,NAR,CJF_1,CJF,1,T,T-NAR031820001,14,1,0.4568251294233694,1.728636173536481
NAR031820001,NAR,CJF_1,CJF,1,T,T-NAR031820001,14,2,0.6788767424228241,1.728636173536481
NAR031820001,NAR,CJF_1,CJF,1,T,T-NAR031820001,14,3,0.8021464521319666,1.728636173536481
NAR031820001,NAR,CJF_1,CJF,1,T,T-NAR031820001,14,4,0.91711381948537,1.728636173536481
NAR031820001,NAR,CJF_1,CJF,1,T,T-NAR031820001,14,5,1.0153589429939787,1.728636173536481
NAR031820001,NAR,CJF_1,CJF,1,T,T-NAR031820001,14,6,1.097896602654542,1.728636173536481
NAR031820001,NAR,CJF_1,CJF,1,T,T-NAR031820001,14,7,1.193214945306224,1.728636173536481
NAR031820001,NAR,CJF_1,CJF,1,T,T-NAR031820001,14,8,1.2678694832594355,1.728636173536481
NAR031820001,NAR,CJF_1,CJF,1,T,T-NAR031820001,14,9,1.3484363624931612,1.728636173536481
NAR031820001,NAR,CJF_1,CJF,1,T,T-NAR031820001,14,10,1.4324080227988605,1.728636173536481
NAR031820001,NAR,CJF_1,CJF,1,T,T-NAR031820001,14,11,1.5213360239549816,1.728636173536481
NAR031820001,NAR,CJF_1,CJF,1,T,T-NAR031820001,14,12,1.600410122976915,1.728636173536481
NAR031820001,NAR,CJF_1,CJF,1,T,T-NAR031820001,14,13,1.6721378800731992,1.728636173536481
NAR031820001,NAR,CJF_1,CJF,1,T,T-NAR031820001,14,14,1.728636173536481,1.728636173536481
NAR031820001,NAR,JRS_1,JRS,1,T,T-NAR031820001,13,1,0.6337522111907017,1.8675631644803175
NAR031820001,NAR,JRS_1,JRS,1,T,T-NAR031820001,13,2,0.8211085802644403,1.8675631644803175
NAR031820001,NAR,JRS_1,JRS,1,T,T-NAR031820001,13,3,0.9350774848975348,1.8675631644803175
NAR031820001,NAR,JRS_1,JRS,1,T,T-NAR031820001,13,4,1.0509221672143976,1.8675631644803175
NAR031820001,NAR,JRS_1,JRS,1,T,T-NAR031820001,13,5,1.159707461217986,1.8675631644803175
NAR031820001,NAR,JRS_1,JRS,1,T,T-NAR031820001,13,6,1.2375625086571513,1.8675631644803175
NAR031820001,NAR,JRS_1,JRS,1,T,T-NAR031820001,13,7,1.3338324985087735,1.8675631644803175
NAR031820001,NAR,JRS_1,JRS,1,T,T-NAR031820001,13,8,1.4039121300036785,1.8675631644803175
NAR031820001,NAR,JRS_1,JRS,1,T,T-NAR031820001,13,9,1.4935664539638256,1.8675631644803175
NAR031820001,NAR,JRS_1,JRS,1,T,T-NAR031820001,13,10,1.5728535566649595,1.8675631644803175
NAR031820001,NAR,JRS_1,JRS,1,T,T-NAR031820001,13,11,1.6540164370498622,1.8675631644803175
NAR031820001,NAR,JRS_1,JRS,1,T,T-NAR031820001,13,12,1.7274039014905058,1.8675631644803175
NAR031820001,NAR,JRS_1,JRS,1,T,T-NAR031820001,13,13,1.8000753383001644,1.8675631644803175
NAR031820001,NAR,LEL_1,LEL,1,T,T-NAR031820001,12,1,0.6620872321439166,1.5618147258371775
NAR031820001,NAR,LEL_1,LEL,1,T,T-NAR031820001,12,2,0.7695068511933993,1.5618147258371775
NAR031820001,NAR,LEL_1,LEL,1,T,T-NAR031820001,12,3,0.8345356506591145,1.5618147258371775
NAR031820001,NAR,LEL_1,LEL,1,T,T-NAR031820001,12,4,0.9474313406646009,1.5618147258371775
NAR031820001,NAR,LEL_1,LEL,1,T,T-NAR031820001,12,5,1.0309582753363056,1.5618147258371775
NAR031820001,NAR,LEL_1,LEL,1,T,T-NAR031820001,12,6,1.0866972463069198,1.5618147258371775
NAR031820001,NAR,LEL_1,LEL,1,T,T-NAR031820001,12,7,1.155295237959089,1.5618147258371775
NAR031820001,NAR,LEL_1,LEL,1,T,T-NAR031820001,12,8,1.2367522502928139,1.5618147258371775
NAR031820001,NAR,LEL_1,LEL,1,T,T-NAR031820001,12,9,1.3051056765923377,1.5618147258371775
NAR031820001,NAR,LEL_1,LEL,1,T,T-NAR031820001,12,10,1.3942717257884756,1.5618147258371775
NAR031820001,NAR,LEL_1,LEL,1,T,T-NAR031820001,12,11,1.4278618475824314,1.5618147258371775
NAR031820001,NAR,LEL_1,LEL,1,T,T-NAR031820001,12,12,1.4726486766410387,1.5618147258371775
NAR031820002,NAR,CJF_1,CJF,1,T,T-NAR031820002,11,1,0.42740324172692135,1.4997263174070885
NAR031820002,NAR,CJF_1,CJF,1,T,T-NAR031820002,11,2,0.6365959321383632,1.4997263174070885
NAR031820002,NAR,CJF_1,CJF,1,T,T-NAR031820002,11,3,0.815811915097848,1.4997263174070885
NAR031820002,NAR,CJF_1,CJF,1,T,T-NAR031820002,11,4,0.9093591212827129,1.4997263174070885
NAR031820002,NAR,CJF_1,CJF,1,T,T-NAR031820002,11,5,1.0064737139596704,1.4997263174070885
NAR031820002,NAR,CJF_1,CJF,1,T,T-NAR031820002,11,6,1.0951898588163897,1.4997263174070885
NAR031820002,NAR,CJF_1,CJF,1,T,T-NAR031820002,11,7,1.206078827720176,1.4997263174070885
NAR031820002,NAR,CJF_1,CJF,1,T,T-NAR031820002,11,8,1.3145646902941155,1.4997263174070885
NAR031820002,NAR,CJF_1,CJF,1,T,T-NAR031820002,11,9,1.3888870458402056,1.4997263174070885
NAR031820002,NAR,CJF_1,CJF,1,T,T-NAR031820002,11,10,1.4511938697370617,1.4997263174070885
NAR031820002,NAR,CJF_1,CJF,1,T,T-NAR031820002,11,11,1.4997263174070885,1.4997263174070885
NAR031820002,NAR,JRS_1,JRS,1,T,T-NAR031820002,10,1,0.46129740839101346,1.453294415123207
NAR031820002,NAR,JRS_1,JRS,1,T,T-NAR031820002,10,2,0.6158272884270145,1.453294415123207
NAR031820002,NAR,JRS_1,JRS,1,T,T-NAR031820002,10,3,0.7724752432733218,1.453294415123207
NAR031820002,NAR,JRS_1,JRS,1,T,T-NAR031820002,10,4,0.8876230891368829,1.453294415123207
NAR031820002,NAR,JRS_1,JRS,1,T,T-NAR031820002,10,5,0.9905849568586561,1.453294415123207
NAR031820002,NAR,JRS_1,JRS,1,T,T-NAR031820002,10,6,1.0718248111372444,1.453294415123207
NAR031820002,NAR,JRS_1,JRS,1,T,T-NAR031820002,10,7,1.1633067256539977,1.453294415123207
NAR031820002,NAR,JRS_1,JRS,1,T,T-NAR031820002,10,8,1.2622066006618413,1.453294415123207
NAR031820002,NAR,JRS_1,JRS,1,T,T-NAR031820002,10,9,1.3536885151785947,1.453294415123207
NAR031820002,NAR,JRS_1,JRS,1,T,T-NAR031820002,10,10,1.4105564131736066,1.453294415123207
NAR031820002,NAR,LEL_1,LEL,1,T,T-NAR031820002,9,1,0.6351757188516196,1.4416887380821053
NAR031820002,NAR,LEL_1,LEL,1,T,T-NAR031820002,9,2,0.7610462919991179,1.4416887380821053
NAR031820002,NAR,LEL_1,LEL,1,T,T-NAR031820002,9,3,0.8880935540047363,1.4416887380821053
NAR031820002,NAR,LEL_1,LEL,1,T,T-NAR031820002,9,4,0.9673510066509827,1.4416887380821053
NAR031820002,NAR,LEL_1,LEL,1,T,T-NAR031820002,9,5,1.0547543945393596,1.4416887380821053
NAR031820002,NAR,LEL_1,LEL,1,T,T-NAR031820002,9,6,1.1561568663722306,1.4416887380821053
NAR031820002,NAR,LEL_1,LEL,1,T,T-NAR031820002,9,7,1.213239004243616,1.4416887380821053
NAR031820002,NAR,LEL_1,LEL,1,T,T-NAR031820002,9,8,1.3287011511974542,1.4416887380821053
NAR031820002,NAR,LEL_1,LEL,1,T,T-NAR031820002,9,9,1.3589921056262086,1.4416887380821053
NAR031820003,NAR,CJF_1,CJF,1,T,T-NAR031820003,4,1,0.25875986800679135,0.757412551196074
NAR031820003,NAR,CJF_1,CJF,1,T,T-NAR031820003,4,2,0.521930570894219,0.757412551196074
NAR031820003,NAR,CJF_1,CJF,1,T,T-NAR031820003,4,3,0.6531080179040142,0.757412551196074
NAR031820003,NAR,CJF_1,CJF,1,T,T-NAR031820003,4,4,0.757412551196074,0.757412551196074
NAR031820003,NAR,JRS_1,JRS,1,T,T-NAR031820003,3,1,0.3768812634720195,0.8636522777415171
NAR031820003,NAR,JRS_1,JRS,1,T,T-NAR031820003,3,2,0.6207984043614367,0.8636522777415171
NAR031820003,NAR,JRS_1,JRS,1,T,T-NAR031820003,3,3,0.7451735015786157,0.8636522777415171
NAR031820003,NAR,LEL_1,LEL,1,T,T-NAR031820003,2,1,0.5084121248655589,0.7478904695301307
NAR031820003,NAR,LEL_1,LEL,1,T,T-NAR031820003,2,2,0.6474078580763328,0.7478904695301307
NAR031820004,NAR,JRS_1,JRS,1,T,T-NAR031820004,0,NA,NA,0.6183777256309545
NAR031820004,NAR,LEL_1,LEL,1,T,T-NAR031820004,0,NA,NA,1.014318917835276
NAR031820005,NAR,CJF_1,CJF,1,T,T-NAR031820005,6,1,0.3157726086132346,1.0394096893358404
NAR031820005,NAR,CJF_1,CJF,1,T,T-NAR031820005,6,2,0.5515491054790935,1.0394096893358404
NAR031820005,NAR,CJF_1,CJF,1,T,T-NAR031820005,6,3,0.7167552428478385,1.0394096893358404
NAR031820005,NAR,CJF_1,CJF,1,T,T-NAR031820005,6,4,0.8415463433427017,1.0394096893358404
NAR031820005,NAR,CJF_1,CJF,1,T,T-NAR031820005,6,5,0.9404359879649373,1.0394096893358404
NAR031820005,NAR,CJF_1,CJF,1,T,T-NAR031820005,6,6,1.0394096893358404,1.0394096893358404
NAR031820005,NAR,JRS_1,JRS,1,T,T-NAR031820005,4,1,0.38734127699220705,0.9655988794005457
NAR031820005,NAR,JRS_1,JRS,1,T,T-NAR031820005,4,2,0.6579148204821792,0.9655988794005457
NAR031820005,NAR,JRS_1,JRS,1,T,T-NAR031820005,4,3,0.78388774389862,0.9655988794005457
NAR031820005,NAR,JRS_1,JRS,1,T,T-NAR031820005,4,4,0.8858692223838118,0.9655988794005457
NAR031820005,NAR,LEL_1,LEL,1,T,T-NAR031820005,3,1,0.5955011661413022,0.9031222538635714
NAR031820005,NAR,LEL_1,LEL,1,T,T-NAR031820005,3,2,0.7213292828480682,0.9031222538635714
NAR031820005,NAR,LEL_1,LEL,1,T,T-NAR031820005,3,3,0.7994031456516646,0.9031222538635714
NAR031820006,NAR,CJF_1,CJF,1,T,T-NAR031820006,4,1,0.3265615057215005,0.7963163082506147
NAR031820006,NAR,CJF_1,CJF,1,T,T-NAR031820006,4,2,0.538999437448088,0.7963163082506147
NAR031820006,NAR,CJF_1,CJF,1,T,T-NAR031820006,4,3,0.6762143524291448,0.7963163082506147
NAR031820006,NAR,CJF_1,CJF,1,T,T-NAR031820006,4,4,0.7963163082506147,0.7963163082506147
NAR031820006,NAR,JRS_1,JRS,1,T,T-NAR031820006,3,1,0.4549847595455629,0.8822944031317945
NAR031820006,NAR,JRS_1,JRS,1,T,T-NAR031820006,3,2,0.6428891972191562,0.8822944031317945
NAR031820006,NAR,JRS_1,JRS,1,T,T-NAR031820006,3,3,0.7672043195020308,0.8822944031317945
NAR031820006,NAR,LEL_1,LEL,1,T,T-NAR031820006,3,1,0.12869039741056484,0.872559375552661
NAR031820006,NAR,LEL_1,LEL,1,T,T-NAR031820006,3,2,0.2722199307005789,0.872559375552661
NAR031820006,NAR,LEL_1,LEL,1,T,T-NAR031820006,3,3,0.3952394661170927,0.872559375552661
NAR031820007,NAR,CJF_1,CJF,1,T,T-NAR031820007,4,1,0.3021659073425877,0.8197564973733856
NAR031820007,NAR,CJF_1,CJF,1,T,T-NAR031820007,4,2,0.5373399493756651,0.8197564973733856
NAR031820007,NAR,CJF_1,CJF,1,T,T-NAR031820007,4,3,0.6923361210049886,0.8197564973733856
NAR031820007,NAR,CJF_1,CJF,1,T,T-NAR031820007,4,4,0.8197564973733856,0.8197564973733856
NAR031820007,NAR,JRS_1,JRS,1,T,T-NAR031820007,3,1,0.3915001926209797,0.78106177975844715
NAR031820007,NAR,JRS_1,JRS,1,T,T-NAR031820007,3,2,0.5703099029626699,0.78106177975844715
NAR031820007,NAR,JRS_1,JRS,1,T,T-NAR031820007,3,3,0.687586743059608,0.78106177975844715
NAR031820007,NAR,LEL_1,LEL,1,T,T-NAR031820007,3,1,0.33890940934019576,0.7268119751411625
NAR031820007,NAR,LEL_1,LEL,1,T,T-NAR031820007,3,2,0.530373677708825,0.7268119751411625
NAR031820007,NAR,LEL_1,LEL,1,T,T-NAR031820007,3,3,0.6255851254073062,0.7268119751411625
NAR031820008,NAR,CJF_1,CJF,1,T,T-NAR031820008,7,1,0.3793089960800427,1.2943649790598972
NAR031820008,NAR,CJF_1,CJF,1,T,T-NAR031820008,7,2,0.5903278996170089,1.2943649790598972
NAR031820008,NAR,CJF_1,CJF,1,T,T-NAR031820008,7,3,0.7683569366304265,1.2943649790598972
NAR031820008,NAR,CJF_1,CJF,1,T,T-NAR031820008,7,4,0.9263645782143269,1.2943649790598972
NAR031820008,NAR,CJF_1,CJF,1,T,T-NAR031820008,7,5,1.0694920498482987,1.2943649790598972
NAR031820008,NAR,CJF_1,CJF,1,T,T-NAR031820008,7,6,1.1730195079135368,1.2943649790598972
NAR031820008,NAR,CJF_1,CJF,1,T,T-NAR031820008,7,7,1.2943649790598972,1.2943649790598972
NAR031820008,NAR,JRS_1,JRS,1,T,T-NAR031820008,5,1,0.2764607247259545,1.1719612581714038
NAR031820008,NAR,JRS_1,JRS,1,T,T-NAR031820008,5,2,0.501054892863011,1.1719612581714038
NAR031820008,NAR,JRS_1,JRS,1,T,T-NAR031820008,5,3,0.6830010636599989,1.1719612581714038
NAR031820008,NAR,JRS_1,JRS,1,T,T-NAR031820008,5,4,0.8286846215413681,1.1719612581714038
NAR031820008,NAR,JRS_1,JRS,1,T,T-NAR031820008,5,5,0.9644305853982146,1.1719612581714038
NAR031820008,NAR,LEL_1,LEL,1,T,T-NAR031820008,5,1,0.2601913982298561,1.0654361577504083
NAR031820008,NAR,LEL_1,LEL,1,T,T-NAR031820008,5,2,0.3978621726075765,1.0654361577504083
NAR031820008,NAR,LEL_1,LEL,1,T,T-NAR031820008,5,3,0.564304009145248,1.0654361577504083
NAR031820008,NAR,LEL_1,LEL,1,T,T-NAR031820008,5,4,0.7137890561651927,1.0654361577504083
NAR031820008,NAR,LEL_1,LEL,1,T,T-NAR031820008,5,5,0.850972611198232,1.0654361577504083
NAR031820009,NAR,CJF_1,CJF,1,T,T-NAR031820009,10,1,0.39093859209392295,1.4210791546319583
NAR031820009,NAR,CJF_1,CJF,1,T,T-NAR031820009,10,2,0.6397157817248112,1.4210791546319583
NAR031820009,NAR,CJF_1,CJF,1,T,T-NAR031820009,10,3,0.7965344858176862,1.4210791546319583
NAR031820009,NAR,CJF_1,CJF,1,T,T-NAR031820009,10,4,0.8979468835114381,1.4210791546319583
NAR031820009,NAR,CJF_1,CJF,1,T,T-NAR031820009,10,5,0.9716935058900935,1.4210791546319583
NAR031820009,NAR,CJF_1,CJF,1,T,T-NAR031820009,10,6,1.0540696264521947,1.4210791546319583
NAR031820009,NAR,CJF_1,CJF,1,T,T-NAR031820009,10,7,1.1320667715124855,1.4210791546319583
NAR031820009,NAR,CJF_1,CJF,1,T,T-NAR031820009,10,8,1.2117127445173614,1.4210791546319583
NAR031820009,NAR,CJF_1,CJF,1,T,T-NAR031820009,10,9,1.3194098512978572,1.4210791546319583
NAR031820009,NAR,CJF_1,CJF,1,T,T-NAR031820009,10,10,1.4210791546319583,1.4210791546319583
NAR031820009,NAR,JRS_1,JRS,1,T,T-NAR031820009,8,1,0.3213238647474065,1.261776271256686
NAR031820009,NAR,JRS_1,JRS,1,T,T-NAR031820009,8,2,0.5306331264218729,1.261776271256686
NAR031820009,NAR,JRS_1,JRS,1,T,T-NAR031820009,8,3,0.6519539992827135,1.261776271256686
NAR031820009,NAR,JRS_1,JRS,1,T,T-NAR031820009,8,4,0.7758140485770653,1.261776271256686
NAR031820009,NAR,JRS_1,JRS,1,T,T-NAR031820009,8,5,0.9209934747889743,1.261776271256686
NAR031820009,NAR,JRS_1,JRS,1,T,T-NAR031820009,8,6,1.010842308799853,1.261776271256686
NAR031820009,NAR,JRS_1,JRS,1,T,T-NAR031820009,8,7,1.1028909536261127,1.261776271256686
NAR031820009,NAR,JRS_1,JRS,1,T,T-NAR031820009,8,8,1.1795409227447007,1.261776271256686
NAR031820009,NAR,LEL_1,LEL,1,T,T-NAR031820009,7,1,0.46307703332134875,1.1389117474657207
NAR031820009,NAR,LEL_1,LEL,1,T,T-NAR031820009,7,2,0.5700707851336112,1.1389117474657207
NAR031820009,NAR,LEL_1,LEL,1,T,T-NAR031820009,7,3,0.6627123547003883,1.1389117474657207
NAR031820009,NAR,LEL_1,LEL,1,T,T-NAR031820009,7,4,0.78926537189172,1.1389117474657207
NAR031820009,NAR,LEL_1,LEL,1,T,T-NAR031820009,7,5,0.8688369078195256,1.1389117474657207
NAR031820009,NAR,LEL_1,LEL,1,T,T-NAR031820009,7,6,0.9679807905776544,1.1389117474657207
NAR031820009,NAR,LEL_1,LEL,1,T,T-NAR031820009,7,7,1.047565407956713,1.1389117474657207
NAR031820010,NAR,CJF_1,CJF,1,T,T-NAR031820010,14,1,0.37435506071630475,1.114917722985916
NAR031820010,NAR,CJF_1,CJF,1,T,T-NAR031820010,14,2,0.49041575638497503,1.114917722985916
NAR031820010,NAR,CJF_1,CJF,1,T,T-NAR031820010,14,3,0.564940649283976,1.114917722985916
NAR031820010,NAR,CJF_1,CJF,1,T,T-NAR031820010,14,4,0.6153161497051602,1.114917722985916
NAR031820010,NAR,CJF_1,CJF,1,T,T-NAR031820010,14,5,0.6714694088126102,1.114917722985916
NAR031820010,NAR,CJF_1,CJF,1,T,T-NAR031820010,14,6,0.7378468425486046,1.114917722985916
NAR031820010,NAR,CJF_1,CJF,1,T,T-NAR031820010,14,7,0.7895536857137606,1.114917722985916
NAR031820010,NAR,CJF_1,CJF,1,T,T-NAR031820010,14,8,0.8280275495181654,1.114917722985916
NAR031820010,NAR,CJF_1,CJF,1,T,T-NAR031820010,14,9,0.8651169363455382,1.114917722985916
NAR031820010,NAR,CJF_1,CJF,1,T,T-NAR031820010,14,10,0.9280863118720204,1.114917722985916
NAR031820010,NAR,CJF_1,CJF,1,T,T-NAR031820010,14,11,0.9777695738046885,1.114917722985916
NAR031820010,NAR,CJF_1,CJF,1,T,T-NAR031820010,14,12,1.044147007540688,1.114917722985916
NAR031820010,NAR,CJF_1,CJF,1,T,T-NAR031820010,14,13,1.0686425192627629,1.114917722985916
NAR031820010,NAR,CJF_1,CJF,1,T,T-NAR031820010,14,14,1.114917722985916,1.114917722985916
NAR031820010,NAR,JRS_1,JRS,1,T,T-NAR031820010,12,1,0.38708662219188966,1.1616331889362652
NAR031820010,NAR,JRS_1,JRS,1,T,T-NAR031820010,12,2,0.5023667798105387,1.1616331889362652
NAR031820010,NAR,JRS_1,JRS,1,T,T-NAR031820010,12,3,0.5727316264396252,1.1616331889362652
NAR031820010,NAR,JRS_1,JRS,1,T,T-NAR031820010,12,4,0.6386060022217046,1.1616331889362652
NAR031820010,NAR,JRS_1,JRS,1,T,T-NAR031820010,12,5,0.708597526490179,1.1616331889362652
NAR031820010,NAR,JRS_1,JRS,1,T,T-NAR031820010,12,6,0.7581526372709935,1.1616331889362652
NAR031820010,NAR,JRS_1,JRS,1,T,T-NAR031820010,12,7,0.8076330835796653,1.1616331889362652
NAR031820010,NAR,JRS_1,JRS,1,T,T-NAR031820010,12,8,0.8651238334447401,1.1616331889362652
NAR031820010,NAR,JRS_1,JRS,1,T,T-NAR031820010,12,9,0.9309982092268396,1.1616331889362652
NAR031820010,NAR,JRS_1,JRS,1,T,T-NAR031820010,12,10,0.9969472494810515,1.1616331889362652
NAR031820010,NAR,JRS_1,JRS,1,T,T-NAR031820010,12,11,1.0340015858584761,1.1616331889362652
NAR031820010,NAR,JRS_1,JRS,1,T,T-NAR031820010,12,12,1.1039931101269407,1.1616331889362652
NAR031820010,NAR,LEL_1,LEL,1,T,T-NAR031820010,12,1,0.608395318489264,1.2490137021652825
NAR031820010,NAR,LEL_1,LEL,1,T,T-NAR031820010,12,2,0.6534217087677603,1.2490137021652825
NAR031820010,NAR,LEL_1,LEL,1,T,T-NAR031820010,12,3,0.7167449604904107,1.2490137021652825
NAR031820010,NAR,LEL_1,LEL,1,T,T-NAR031820010,12,4,0.7792987607668163,1.2490137021652825
NAR031820010,NAR,LEL_1,LEL,1,T,T-NAR031820010,12,5,0.8422372867663416,1.2490137021652825
NAR031820010,NAR,LEL_1,LEL,1,T,T-NAR031820010,12,6,0.8675665874554017,1.2490137021652825
NAR031820010,NAR,LEL_1,LEL,1,T,T-NAR031820010,12,7,0.9207795941481665,1.2490137021652825
NAR031820010,NAR,LEL_1,LEL,1,T,T-NAR031820010,12,8,0.9698992926337995,1.2490137021652825
NAR031820010,NAR,LEL_1,LEL,1,T,T-NAR031820010,12,9,1.011217100428279,1.2490137021652825
NAR031820010,NAR,LEL_1,LEL,1,T,T-NAR031820010,12,10,1.0916830364257162,1.2490137021652825
NAR031820010,NAR,LEL_1,LEL,1,T,T-NAR031820010,12,11,1.1367094267042124,1.2490137021652825
NAR031820010,NAR,LEL_1,LEL,1,T,T-NAR031820010,12,12,1.1906918848432246,1.2490137021652825
NAR031820011,NAR,CJF_1,CJF,1,T,T-NAR031820011,5,1,0.6553159843121688,1.186347897729628
NAR031820011,NAR,CJF_1,CJF,1,T,T-NAR031820011,5,2,0.8709611783435564,1.186347897729628
NAR031820011,NAR,CJF_1,CJF,1,T,T-NAR031820011,5,3,1.0091813704445103,1.186347897729628
NAR031820011,NAR,CJF_1,CJF,1,T,T-NAR031820011,5,4,1.1146282800659306,1.186347897729628
NAR031820011,NAR,CJF_1,CJF,1,T,T-NAR031820011,5,5,1.186347897729628,1.186347897729628
NAR031820011,NAR,JRS_1,JRS,1,T,T-NAR031820011,4,1,0.6363218924094016,1.1728429038444175
NAR031820011,NAR,JRS_1,JRS,1,T,T-NAR031820011,4,2,0.8379174286399548,1.1728429038444175
NAR031820011,NAR,JRS_1,JRS,1,T,T-NAR031820011,4,3,0.9928868008808487,1.1728429038444175
NAR031820011,NAR,JRS_1,JRS,1,T,T-NAR031820011,4,4,1.1005897580242088,1.1728429038444175
NAR031820011,NAR,LEL_1,LEL,1,T,T-NAR031820011,4,1,0.7416488520099053,1.251403328574691
NAR031820011,NAR,LEL_1,LEL,1,T,T-NAR031820011,4,2,0.9451970157200487,1.251403328574691
NAR031820011,NAR,LEL_1,LEL,1,T,T-NAR031820011,4,3,1.0779960420072756,1.251403328574691
NAR031820011,NAR,LEL_1,LEL,1,T,T-NAR031820011,4,4,1.1822926684016557,1.251403328574691
NAR031920001,NAR,CJF_1,CJF,1,T,T-NAR031920001,22,1,0.3878759266985713,2.2149822386161206
NAR031920001,NAR,CJF_1,CJF,1,T,T-NAR031920001,22,2,0.5766553134760807,2.2149822386161206
NAR031920001,NAR,CJF_1,CJF,1,T,T-NAR031920001,22,3,0.720179714700045,2.2149822386161206
NAR031920001,NAR,CJF_1,CJF,1,T,T-NAR031920001,22,4,0.8445560199177922,2.2149822386161206
NAR031920001,NAR,CJF_1,CJF,1,T,T-NAR031920001,22,5,0.9580794228423196,2.2149822386161206
NAR031920001,NAR,CJF_1,CJF,1,T,T-NAR031920001,22,6,1.0379438476469667,2.2149822386161206
NAR031920001,NAR,CJF_1,CJF,1,T,T-NAR031920001,22,7,1.111356455119282,2.2149822386161206
NAR031920001,NAR,CJF_1,CJF,1,T,T-NAR031920001,22,8,1.1915780460237064,2.2149822386161206
NAR031920001,NAR,CJF_1,CJF,1,T,T-NAR031920001,22,9,1.2570813988236902,2.2149822386161206
NAR031920001,NAR,CJF_1,CJF,1,T,T-NAR031920001,22,10,1.3402466373490032,2.2149822386161206
NAR031920001,NAR,CJF_1,CJF,1,T,T-NAR031920001,22,11,1.4134806617714295,2.2149822386161206
NAR031920001,NAR,CJF_1,CJF,1,T,T-NAR031920001,22,12,1.4889152286743002,2.2149822386161206
NAR031920001,NAR,CJF_1,CJF,1,T,T-NAR031920001,22,13,1.5632495243369484,2.2149822386161206
NAR031920001,NAR,CJF_1,CJF,1,T,T-NAR031920001,22,14,1.622686998845267,2.2149822386161206
NAR031920001,NAR,CJF_1,CJF,1,T,T-NAR031920001,22,15,1.6968427114580262,2.2149822386161206
NAR031920001,NAR,CJF_1,CJF,1,T,T-NAR031920001,22,16,1.7525934332050126,2.2149822386161206
NAR031920001,NAR,CJF_1,CJF,1,T,T-NAR031920001,22,17,1.8122094907632202,2.2149822386161206
NAR031920001,NAR,CJF_1,CJF,1,T,T-NAR031920001,22,18,1.876791155372871,2.2149822386161206
NAR031920001,NAR,CJF_1,CJF,1,T,T-NAR031920001,22,19,1.9531474104660742,2.2149822386161206
NAR031920001,NAR,CJF_1,CJF,1,T,T-NAR031920001,22,20,2.021594410886946,2.2149822386161206
NAR031920001,NAR,CJF_1,CJF,1,T,T-NAR031920001,22,21,2.1055027545527034,2.2149822386161206
NAR031920001,NAR,CJF_1,CJF,1,T,T-NAR031920001,22,22,2.2149822386161206,2.2149822386161206
NAR031920001,NAR,JRS_1,JRS,1,T,T-NAR031920001,21,1,0.3732298618781539,2.163807427852793
NAR031920001,NAR,JRS_1,JRS,1,T,T-NAR031920001,21,2,0.56244099851781,2.163807427852793
NAR031920001,NAR,JRS_1,JRS,1,T,T-NAR031920001,21,3,0.6917703371845448,2.163807427852793
NAR031920001,NAR,JRS_1,JRS,1,T,T-NAR031920001,21,4,0.8274493010530614,2.163807427852793
NAR031920001,NAR,JRS_1,JRS,1,T,T-NAR031920001,21,5,0.9422459080772114,2.163807427852793
NAR031920001,NAR,JRS_1,JRS,1,T,T-NAR031920001,21,6,1.023235485373965,2.163807427852793
NAR031920001,NAR,JRS_1,JRS,1,T,T-NAR031920001,21,7,1.0910749673082236,2.163807427852793
NAR031920001,NAR,JRS_1,JRS,1,T,T-NAR031920001,21,8,1.1719518333652443,2.163807427852793
NAR031920001,NAR,JRS_1,JRS,1,T,T-NAR031920001,21,9,1.2347116151380773,2.163807427852793
NAR031920001,NAR,JRS_1,JRS,1,T,T-NAR031920001,21,10,1.3168584062354545,2.163807427852793
NAR031920001,NAR,JRS_1,JRS,1,T,T-NAR031920001,21,11,1.4003878336129212,2.163807427852793
NAR031920001,NAR,JRS_1,JRS,1,T,T-NAR031920001,21,12,1.470879876867625,2.163807427852793
NAR031920001,NAR,JRS_1,JRS,1,T,T-NAR031920001,21,13,1.523029413358675,2.163807427852793
NAR031920001,NAR,JRS_1,JRS,1,T,T-NAR031920001,21,14,1.5726390997690125,2.163807427852793
NAR031920001,NAR,JRS_1,JRS,1,T,T-NAR031920001,21,15,1.6366688065822017,2.163807427852793
NAR031920001,NAR,JRS_1,JRS,1,T,T-NAR031920001,21,16,1.7357754681631434,2.163807427852793
NAR031920001,NAR,JRS_1,JRS,1,T,T-NAR031920001,21,17,1.7945000523354413,2.163807427852793
NAR031920001,NAR,JRS_1,JRS,1,T,T-NAR031920001,21,18,1.855877197828185,2.163807427852793
NAR031920001,NAR,JRS_1,JRS,1,T,T-NAR031920001,21,19,1.9262565298431558,2.163807427852793
NAR031920001,NAR,JRS_1,JRS,1,T,T-NAR031920001,21,20,1.9967485730978598,2.163807427852793
NAR031920001,NAR,JRS_1,JRS,1,T,T-NAR031920001,21,21,2.0948107321179115,2.163807427852793
NAR031920001,NAR,LEL_1,LEL,1,T,T-NAR031920001,21,1,0.3863354974132968,2.1561184599877636
NAR031920001,NAR,LEL_1,LEL,1,T,T-NAR031920001,21,2,0.5675766551876137,2.1561184599877636
NAR031920001,NAR,LEL_1,LEL,1,T,T-NAR031920001,21,3,0.6743045918936614,2.1561184599877636
NAR031920001,NAR,LEL_1,LEL,1,T,T-NAR031920001,21,4,0.7823443114677436,2.1561184599877636
NAR031920001,NAR,LEL_1,LEL,1,T,T-NAR031920001,21,5,0.9111228106055094,2.1561184599877636
NAR031920001,NAR,LEL_1,LEL,1,T,T-NAR031920001,21,6,0.9821111562212378,2.1561184599877636
NAR031920001,NAR,LEL_1,LEL,1,T,T-NAR031920001,21,7,1.0584269967224516,2.1561184599877636
NAR031920001,NAR,LEL_1,LEL,1,T,T-NAR031920001,21,8,1.1316284349226864,2.1561184599877636
NAR031920001,NAR,LEL_1,LEL,1,T,T-NAR031920001,21,9,1.2092560582919347,2.1561184599877636
NAR031920001,NAR,LEL_1,LEL,1,T,T-NAR031920001,21,10,1.3111473366774078,2.1561184599877636
NAR031920001,NAR,LEL_1,LEL,1,T,T-NAR031920001,21,11,1.3830369920096082,2.1561184599877636
NAR031920001,NAR,LEL_1,LEL,1,T,T-NAR031920001,21,12,1.4469755867202547,2.1561184599877636
NAR031920001,NAR,LEL_1,LEL,1,T,T-NAR031920001,21,13,1.5087010888463948,2.1561184599877636
NAR031920001,NAR,LEL_1,LEL,1,T,T-NAR031920001,21,14,1.5646886229354873,2.1561184599877636
NAR031920001,NAR,LEL_1,LEL,1,T,T-NAR031920001,21,15,1.6308403102306404,2.1561184599877636
NAR031920001,NAR,LEL_1,LEL,1,T,T-NAR031920001,21,16,1.6793676202630894,2.1561184599877636
NAR031920001,NAR,LEL_1,LEL,1,T,T-NAR031920001,21,17,1.7521585853117625,2.1561184599877636
NAR031920001,NAR,LEL_1,LEL,1,T,T-NAR031920001,21,18,1.8310979915490448,2.1561184599877636
NAR031920001,NAR,LEL_1,LEL,1,T,T-NAR031920001,21,19,1.9065125223337867,2.1561184599877636
NAR031920001,NAR,LEL_1,LEL,1,T,T-NAR031920001,21,20,1.992501679476151,2.1561184599877636
NAR031920001,NAR,LEL_1,LEL,1,T,T-NAR031920001,21,21,2.0714410857134333,2.1561184599877636
NAR031920002,NAR,CJF_1,CJF,1,T,T-NAR031920002,6,1,0.41314570404640183,1.1336155178360452
NAR031920002,NAR,CJF_1,CJF,1,T,T-NAR031920002,6,2,0.6560598159644703,1.1336155178360452
NAR031920002,NAR,CJF_1,CJF,1,T,T-NAR031920002,6,3,0.8380180043347087,1.1336155178360452
NAR031920002,NAR,CJF_1,CJF,1,T,T-NAR031920002,6,4,0.9555661948797745,1.1336155178360452
NAR031920002,NAR,CJF_1,CJF,1,T,T-NAR031920002,6,5,1.048567355852119,1.1336155178360452
NAR031920002,NAR,CJF_1,CJF,1,T,T-NAR031920002,6,6,1.1336155178360452,1.1336155178360452
NAR031920002,NAR,JRS_1,JRS,1,T,T-NAR031920002,5,1,0.38459166810376694,1.0754788950615128
NAR031920002,NAR,JRS_1,JRS,1,T,T-NAR031920002,5,2,0.6360622564803033,1.0754788950615128
NAR031920002,NAR,JRS_1,JRS,1,T,T-NAR031920002,5,3,0.8004201907130514,1.0754788950615128
NAR031920002,NAR,JRS_1,JRS,1,T,T-NAR031920002,5,4,0.9080264705372227,1.0754788950615128
NAR031920002,NAR,JRS_1,JRS,1,T,T-NAR031920002,5,5,0.9886581925078262,1.0754788950615128
NAR031920002,NAR,LEL_1,LEL,1,T,T-NAR031920002,3,1,0.1281293066511653,0.963100641956602
NAR031920002,NAR,LEL_1,LEL,1,T,T-NAR031920002,3,2,0.21450204841700327,0.963100641956602
NAR031920002,NAR,LEL_1,LEL,1,T,T-NAR031920002,3,3,0.30588975775736005,0.963100641956602
NAR031920003,NAR,JRS_1,JRS,1,T,T-NAR031920003,1,1,0.5219211278717308,0.7782269241039033
NAR031920003,NAR,LEL_1,LEL,1,T,T-NAR031920003,1,1,0.6562414726016198,0.777293983739468
NAR031920004,NAR,CJF_1,CJF,1,T,T-NAR031920004,10,1,0.46778200882972015,1.4852586608476135
NAR031920004,NAR,CJF_1,CJF,1,T,T-NAR031920004,10,2,0.7271932630348286,1.4852586608476135
NAR031920004,NAR,CJF_1,CJF,1,T,T-NAR031920004,10,3,0.8693849194907753,1.4852586608476135
NAR031920004,NAR,CJF_1,CJF,1,T,T-NAR031920004,10,4,1.0120338274207563,1.4852586608476135
NAR031920004,NAR,CJF_1,CJF,1,T,T-NAR031920004,10,5,1.0981994111731035,1.4852586608476135
NAR031920004,NAR,CJF_1,CJF,1,T,T-NAR031920004,10,6,1.1814837999536587,1.4852586608476135
NAR031920004,NAR,CJF_1,CJF,1,T,T-NAR031920004,10,7,1.2612920561608005,1.4852586608476135
NAR031920004,NAR,CJF_1,CJF,1,T,T-NAR031920004,10,8,1.3373046144480834,1.4852586608476135
NAR031920004,NAR,CJF_1,CJF,1,T,T-NAR031920004,10,9,1.408788851086297,1.4852586608476135
NAR031920004,NAR,CJF_1,CJF,1,T,T-NAR031920004,10,10,1.4852586608476135,1.4852586608476135
NAR031920004,NAR,JRS_1,JRS,1,T,T-NAR031920004,7,1,0.5348246178223044,1.391511405304571
NAR031920004,NAR,JRS_1,JRS,1,T,T-NAR031920004,7,2,0.7234353370829417,1.391511405304571
NAR031920004,NAR,JRS_1,JRS,1,T,T-NAR031920004,7,3,0.9043656574455801,1.391511405304571
NAR031920004,NAR,JRS_1,JRS,1,T,T-NAR031920004,7,4,1.0063236235176862,1.391511405304571
NAR031920004,NAR,JRS_1,JRS,1,T,T-NAR031920004,7,5,1.1138572278951688,1.391511405304571
NAR031920004,NAR,JRS_1,JRS,1,T,T-NAR031920004,7,6,1.204663917356522,1.391511405304571
NAR031920004,NAR,JRS_1,JRS,1,T,T-NAR031920004,7,7,1.3347860193231247,1.391511405304571
NAR031920004,NAR,LEL_1,LEL,1,T,T-NAR031920004,7,1,0.08800568628564377,1.0104219367570715
NAR031920004,NAR,LEL_1,LEL,1,T,T-NAR031920004,7,2,0.17014954732279422,1.0104219367570715
NAR031920004,NAR,LEL_1,LEL,1,T,T-NAR031920004,7,3,0.19696799015731326,1.0104219367570715
NAR031920004,NAR,LEL_1,LEL,1,T,T-NAR031920004,7,4,0.3213929312512068,1.0104219367570715
NAR031920004,NAR,LEL_1,LEL,1,T,T-NAR031920004,7,5,0.40155872242832324,1.0104219367570715
NAR031920004,NAR,LEL_1,LEL,1,T,T-NAR031920004,7,6,0.45988743758681155,1.0104219367570715
NAR031920004,NAR,LEL_1,LEL,1,T,T-NAR031920004,7,7,0.6164076488841952,1.0104219367570715
NAR031920005,NAR,CJF_1,CJF,1,T,T-NAR031920005,5,1,0.36187184848883797,1.016246107105697
NAR031920005,NAR,CJF_1,CJF,1,T,T-NAR031920005,5,2,0.6300365338395857,1.016246107105697
NAR031920005,NAR,CJF_1,CJF,1,T,T-NAR031920005,5,3,0.8192112319423317,1.016246107105697
NAR031920005,NAR,CJF_1,CJF,1,T,T-NAR031920005,5,4,0.938136305770978,1.016246107105697
NAR031920005,NAR,CJF_1,CJF,1,T,T-NAR031920005,5,5,1.016246107105697,1.016246107105697
NAR031920005,NAR,JRS_1,JRS,1,T,T-NAR031920005,4,1,0.34819778290595027,0.9886936793385014
NAR031920005,NAR,JRS_1,JRS,1,T,T-NAR031920005,4,2,0.6043922865553764,0.9886936793385014
NAR031920005,NAR,JRS_1,JRS,1,T,T-NAR031920005,4,3,0.8023657313224408,0.9886936793385014
NAR031920005,NAR,JRS_1,JRS,1,T,T-NAR031920005,4,4,0.8966968249546342,0.9886936793385014
NAR031920005,NAR,LEL_1,LEL,1,T,T-NAR031920005,4,1,0.3573914026566882,1.0027027118578524
NAR031920005,NAR,LEL_1,LEL,1,T,T-NAR031920005,4,2,0.62360365810075,1.0027027118578524
NAR031920005,NAR,LEL_1,LEL,1,T,T-NAR031920005,4,3,0.7972253105896299,1.0027027118578524
NAR031920005,NAR,LEL_1,LEL,1,T,T-NAR031920005,4,4,0.9155646436607285,1.0027027118578524
NAR031920006,NAR,CJF_1,CJF,1,T,T-NAR031920006,8,1,0.47950824317848456,1.590604516069063
NAR031920006,NAR,CJF_1,CJF,1,T,T-NAR031920006,8,2,0.7929455616062441,1.590604516069063
NAR031920006,NAR,CJF_1,CJF,1,T,T-NAR031920006,8,3,0.971327318003097,1.590604516069063
NAR031920006,NAR,CJF_1,CJF,1,T,T-NAR031920006,8,4,1.0864746095983233,1.590604516069063
NAR031920006,NAR,CJF_1,CJF,1,T,T-NAR031920006,8,5,1.2189261767914172,1.590604516069063
NAR031920006,NAR,CJF_1,CJF,1,T,T-NAR031920006,8,6,1.3049529579617007,1.590604516069063
NAR031920006,NAR,CJF_1,CJF,1,T,T-NAR031920006,8,7,1.435575178231198,1.590604516069063
NAR031920006,NAR,CJF_1,CJF,1,T,T-NAR031920006,8,8,1.590604516069063,1.590604516069063
NAR031920006,NAR,JRS_1,JRS,1,T,T-NAR031920006,6,1,0.7193029330069445,1.4059794308602147
NAR031920006,NAR,JRS_1,JRS,1,T,T-NAR031920006,6,2,0.8603099526623701,1.4059794308602147
NAR031920006,NAR,JRS_1,JRS,1,T,T-NAR031920006,6,3,0.9821851226763891,1.4059794308602147
NAR031920006,NAR,JRS_1,JRS,1,T,T-NAR031920006,6,4,1.1114685748609425,1.4059794308602147
NAR031920006,NAR,JRS_1,JRS,1,T,T-NAR031920006,6,5,1.2165316428862007,1.4059794308602147
NAR031920006,NAR,JRS_1,JRS,1,T,T-NAR031920006,6,6,1.2991453447935606,1.4059794308602147
NAR031920006,NAR,LEL_1,LEL,1,T,T-NAR031920006,6,1,0.13651755920922526,1.079125910954678
NAR031920006,NAR,LEL_1,LEL,1,T,T-NAR031920006,6,2,0.27033337357883724,1.079125910954678
NAR031920006,NAR,LEL_1,LEL,1,T,T-NAR031920006,6,3,0.36955295310156155,1.079125910954678
NAR031920006,NAR,LEL_1,LEL,1,T,T-NAR031920006,6,4,0.45895387622371614,1.079125910954678
NAR031920006,NAR,LEL_1,LEL,1,T,T-NAR031920006,6,5,0.5220177573144235,1.079125910954678
NAR031920006,NAR,LEL_1,LEL,1,T,T-NAR031920006,6,6,0.5966137166874266,1.079125910954678
NAR031920007,NAR,CJF_1,CJF,1,T,T-NAR031920007,4,1,0.3471113106415625,0.7525900259722349
NAR031920007,NAR,CJF_1,CJF,1,T,T-NAR031920007,4,2,0.5385174302933174,0.7525900259722349
NAR031920007,NAR,CJF_1,CJF,1,T,T-NAR031920007,4,3,0.6582567063027901,0.7525900259722349
NAR031920007,NAR,CJF_1,CJF,1,T,T-NAR031920007,4,4,0.7525900259722349,0.7525900259722349
NAR031920007,NAR,JRS_1,JRS,1,T,T-NAR031920007,3,1,0.43259010863989356,0.7997252361563162
NAR031920007,NAR,JRS_1,JRS,1,T,T-NAR031920007,3,2,0.5999976735824606,0.7997252361563162
NAR031920007,NAR,JRS_1,JRS,1,T,T-NAR031920007,3,3,0.7092962152781473,0.7997252361563162
NAR031920007,NAR,LEL_1,LEL,1,T,T-NAR031920007,3,1,0.6208830235113881,0.8337905665159941
NAR031920007,NAR,LEL_1,LEL,1,T,T-NAR031920007,3,2,0.6947470109881029,0.8337905665159941
NAR031920007,NAR,LEL_1,LEL,1,T,T-NAR031920007,3,3,0.7521967790255444,0.8337905665159941
NAR031920008,NAR,CJF_1,CJF,1,T,T-NAR031920008,4,1,0.4242793866905619,0.8900212118244486
NAR031920008,NAR,CJF_1,CJF,1,T,T-NAR031920008,4,2,0.6104312908436076,0.8900212118244486
NAR031920008,NAR,CJF_1,CJF,1,T,T-NAR031920008,4,3,0.7551207565533287,0.8900212118244486
NAR031920008,NAR,CJF_1,CJF,1,T,T-NAR031920008,4,4,0.8900212118244486,0.8900212118244486
NAR031920008,NAR,JRS_1,JRS,1,T,T-NAR031920008,5,1,0.5427177343549688,1.0208196092275303
NAR031920008,NAR,JRS_1,JRS,1,T,T-NAR031920008,5,2,0.6623106594282184,1.0208196092275303
NAR031920008,NAR,JRS_1,JRS,1,T,T-NAR031920008,5,3,0.7457019164749684,1.0208196092275303
NAR031920008,NAR,JRS_1,JRS,1,T,T-NAR031920008,5,4,0.7906167197325462,1.0208196092275303
NAR031920008,NAR,JRS_1,JRS,1,T,T-NAR031920008,5,5,0.8624804049446706,1.0208196092275303
NAR031920008,NAR,LEL_1,LEL,1,T,T-NAR031920008,3,1,0.15099503421965502,0.8999282956296495
NAR031920008,NAR,LEL_1,LEL,1,T,T-NAR031920008,3,2,0.2761742011418248,0.8999282956296495
NAR031920008,NAR,LEL_1,LEL,1,T,T-NAR031920008,3,3,0.4053813078561783,0.8999282956296495
NAR031920009,NAR,CJF_1,CJF,1,T,T-NAR031920009,5,1,0.5211585730073404,1.1115980271989592
NAR031920009,NAR,CJF_1,CJF,1,T,T-NAR031920009,5,2,0.7495608831809599,1.1115980271989592
NAR031920009,NAR,CJF_1,CJF,1,T,T-NAR031920009,5,3,0.9041158139139589,1.1115980271989592
NAR031920009,NAR,CJF_1,CJF,1,T,T-NAR031920009,5,4,1.0308904759065793,1.1115980271989592
NAR031920009,NAR,CJF_1,CJF,1,T,T-NAR031920009,5,5,1.1115980271989592,1.1115980271989592
NAR031920009,NAR,JRS_1,JRS,1,T,T-NAR031920009,4,1,0.4814651129557672,1.0220511336380205
NAR031920009,NAR,JRS_1,JRS,1,T,T-NAR031920009,4,2,0.6781157145593057,1.0220511336380205
NAR031920009,NAR,JRS_1,JRS,1,T,T-NAR031920009,4,3,0.829891998194499,1.0220511336380205
NAR031920009,NAR,JRS_1,JRS,1,T,T-NAR031920009,4,4,0.9463267186873041,1.0220511336380205
NAR031920009,NAR,LEL_1,LEL,1,T,T-NAR031920009,4,1,0.4292208547072067,0.957351740013567
NAR031920009,NAR,LEL_1,LEL,1,T,T-NAR031920009,4,2,0.6183183177565534,0.957351740013567
NAR031920009,NAR,LEL_1,LEL,1,T,T-NAR031920009,4,3,0.7346374695221705,0.957351740013567
NAR031920009,NAR,LEL_1,LEL,1,T,T-NAR031920009,4,4,0.8470518849726005,0.957351740013567
NAR031920010,NAR,CJF_1,CJF,1,T,T-NAR031920010,6,1,0.541920286921719,1.015319236462017
NAR031920010,NAR,CJF_1,CJF,1,T,T-NAR031920010,6,2,0.6827703776145039,1.015319236462017
NAR031920010,NAR,CJF_1,CJF,1,T,T-NAR031920010,6,3,0.8113852383795079,1.015319236462017
NAR031920010,NAR,CJF_1,CJF,1,T,T-NAR031920010,6,4,0.8915984676681251,1.015319236462017
NAR031920010,NAR,CJF_1,CJF,1,T,T-NAR031920010,6,5,0.9549560689610657,1.015319236462017
NAR031920010,NAR,CJF_1,CJF,1,T,T-NAR031920010,6,6,1.015319236462017,1.015319236462017
NAR031920010,NAR,JRS_1,JRS,1,T,T-NAR031920010,5,1,0.32913995098311394,0.7722140718866175
NAR031920010,NAR,JRS_1,JRS,1,T,T-NAR031920010,5,2,0.4535935613812815,0.7722140718866175
NAR031920010,NAR,JRS_1,JRS,1,T,T-NAR031920010,5,3,0.544827429196556,0.7722140718866175
NAR031920010,NAR,JRS_1,JRS,1,T,T-NAR031920010,5,4,0.6491565151847015,0.7722140718866175
NAR031920010,NAR,JRS_1,JRS,1,T,T-NAR031920010,5,5,0.705292889570117,0.7722140718866175
NAR031920010,NAR,LEL_1,LEL,1,T,T-NAR031920010,4,1,0.5511401820517651,0.8574872834055278
NAR031920010,NAR,LEL_1,LEL,1,T,T-NAR031920010,4,2,0.6291834004467954,0.8574872834055278
NAR031920010,NAR,LEL_1,LEL,1,T,T-NAR031920010,4,3,0.7269014677823501,0.8574872834055278
NAR031920010,NAR,LEL_1,LEL,1,T,T-NAR031920010,4,4,0.8179162911426512,0.8574872834055278
NAR031920011,NAR,CJF_1,CJF,1,T,T-NAR031920011,8,1,0.4592016182984165,1.2104102068674432
NAR031920011,NAR,CJF_1,CJF,1,T,T-NAR031920011,8,2,0.6647958384061433,1.2104102068674432
NAR031920011,NAR,CJF_1,CJF,1,T,T-NAR031920011,8,3,0.7796557566439724,1.2104102068674432
NAR031920011,NAR,CJF_1,CJF,1,T,T-NAR031920011,8,4,0.8899560685218871,1.2104102068674432
NAR031920011,NAR,CJF_1,CJF,1,T,T-NAR031920011,8,5,0.9851309494252497,1.2104102068674432
NAR031920011,NAR,CJF_1,CJF,1,T,T-NAR031920011,8,6,1.0643472080689131,1.2104102068674432
NAR031920011,NAR,CJF_1,CJF,1,T,T-NAR031920011,8,7,1.1438015213654764,1.2104102068674432
NAR031920011,NAR,CJF_1,CJF,1,T,T-NAR031920011,8,8,1.2104102068674432,1.2104102068674432
NAR031920011,NAR,JRS_1,JRS,1,T,T-NAR031920011,7,1,0.4577084490174786,1.1684767139128738
NAR031920011,NAR,JRS_1,JRS,1,T,T-NAR031920011,7,2,0.6331651775703753,1.1684767139128738
NAR031920011,NAR,JRS_1,JRS,1,T,T-NAR031920011,7,3,0.7613802280709786,1.1684767139128738
NAR031920011,NAR,JRS_1,JRS,1,T,T-NAR031920011,7,4,0.8474234497857818,1.1684767139128738
NAR031920011,NAR,JRS_1,JRS,1,T,T-NAR031920011,7,5,0.9336337435985934,1.1684767139128738
NAR031920011,NAR,JRS_1,JRS,1,T,T-NAR031920011,7,6,1.0348576699497603,1.1684767139128738
NAR031920011,NAR,JRS_1,JRS,1,T,T-NAR031920011,7,7,1.10909047215149,1.1684767139128738
NAR031920011,NAR,LEL_1,LEL,1,T,T-NAR031920011,6,1,0.5456265370840324,1.0969039785915768
NAR031920011,NAR,LEL_1,LEL,1,T,T-NAR031920011,6,2,0.6679340098718797,1.0969039785915768
NAR031920011,NAR,LEL_1,LEL,1,T,T-NAR031920011,6,3,0.7657799881021585,1.0969039785915768
NAR031920011,NAR,LEL_1,LEL,1,T,T-NAR031920011,6,4,0.8654908680898591,1.0969039785915768
NAR031920011,NAR,LEL_1,LEL,1,T,T-NAR031920011,6,5,0.9708456276071668,1.0969039785915768
NAR031920011,NAR,LEL_1,LEL,1,T,T-NAR031920011,6,6,1.0310493508876153,1.0969039785915768
NAR031920015,NAR,CJF_1,CJF,1,T,T-NAR031920015,11,1,0.4697814784590761,1.497847072868576
NAR031920015,NAR,CJF_1,CJF,1,T,T-NAR031920015,11,2,0.6541386196392337,1.497847072868576
NAR031920015,NAR,CJF_1,CJF,1,T,T-NAR031920015,11,3,0.8053509166898338,1.497847072868576
NAR031920015,NAR,CJF_1,CJF,1,T,T-NAR031920015,11,4,0.9062435330698043,1.497847072868576
NAR031920015,NAR,CJF_1,CJF,1,T,T-NAR031920015,11,5,0.9992777731748879,1.497847072868576
NAR031920015,NAR,CJF_1,CJF,1,T,T-NAR031920015,11,6,1.067278800464013,1.497847072868576
NAR031920015,NAR,CJF_1,CJF,1,T,T-NAR031920015,11,7,1.1413481896780935,1.497847072868576
NAR031920015,NAR,CJF_1,CJF,1,T,T-NAR031920015,11,8,1.2383116179206206,1.497847072868576
NAR031920015,NAR,CJF_1,CJF,1,T,T-NAR031920015,11,9,1.316991285068359,1.497847072868576
NAR031920015,NAR,CJF_1,CJF,1,T,T-NAR031920015,11,10,1.394134192904879,1.497847072868576
NAR031920015,NAR,CJF_1,CJF,1,T,T-NAR031920015,11,11,1.497847072868576,1.497847072868576
NAR031920015,NAR,JRS_1,JRS,1,T,T-NAR031920015,10,1,0.5576405155921464,1.5552282940026294
NAR031920015,NAR,JRS_1,JRS,1,T,T-NAR031920015,10,2,0.730368553681777,1.5552282940026294
NAR031920015,NAR,JRS_1,JRS,1,T,T-NAR031920015,10,3,0.8733927915612654,1.5552282940026294
NAR031920015,NAR,JRS_1,JRS,1,T,T-NAR031920015,10,4,0.9608212700915535,1.5552282940026294
NAR031920015,NAR,JRS_1,JRS,1,T,T-NAR031920015,10,5,1.046120829650896,1.5552282940026294
NAR031920015,NAR,JRS_1,JRS,1,T,T-NAR031920015,10,6,1.1406120162899713,1.5552282940026294
NAR031920015,NAR,JRS_1,JRS,1,T,T-NAR031920015,10,7,1.2232216828449898,1.5552282940026294
NAR031920015,NAR,JRS_1,JRS,1,T,T-NAR031920015,10,8,1.286887121207164,1.5552282940026294
NAR031920015,NAR,JRS_1,JRS,1,T,T-NAR031920015,10,9,1.3873190678882676,1.5552282940026294
NAR031920015,NAR,JRS_1,JRS,1,T,T-NAR031920015,10,10,1.463427000367878,1.5552282940026294
NAR031920015,NAR,LEL_1,LEL,1,T,T-NAR031920015,9,1,0.5245813889624977,1.4410797493990188
NAR031920015,NAR,LEL_1,LEL,1,T,T-NAR031920015,9,2,0.6695846800599781,1.4410797493990188
NAR031920015,NAR,LEL_1,LEL,1,T,T-NAR031920015,9,3,0.7547637704210476,1.4410797493990188
NAR031920015,NAR,LEL_1,LEL,1,T,T-NAR031920015,9,4,0.8574695096347629,1.4410797493990188
NAR031920015,NAR,LEL_1,LEL,1,T,T-NAR031920015,9,5,0.9571371083527784,1.4410797493990188
NAR031920015,NAR,LEL_1,LEL,1,T,T-NAR031920015,9,6,1.0165636341218642,1.4410797493990188
NAR031920015,NAR,LEL_1,LEL,1,T,T-NAR031920015,9,7,1.0810847793214824,1.4410797493990188
NAR031920015,NAR,LEL_1,LEL,1,T,T-NAR031920015,9,8,1.181734039600363,1.4410797493990188
NAR031920015,NAR,LEL_1,LEL,1,T,T-NAR031920015,9,9,1.2539902697588876,1.4410797493990188
NAR031920016,NAR,CJF_1,CJF,1,T,T-NAR031920016,15,1,0.36934825583477066,1.625498252976342
NAR031920016,NAR,CJF_1,CJF,1,T,T-NAR031920016,15,2,0.5638965937304564,1.625498252976342
NAR031920016,NAR,CJF_1,CJF,1,T,T-NAR031920016,15,3,0.701926960455522,1.625498252976342
NAR031920016,NAR,CJF_1,CJF,1,T,T-NAR031920016,15,4,0.813904197866629,1.625498252976342
NAR031920016,NAR,CJF_1,CJF,1,T,T-NAR031920016,15,5,0.9122291517073648,1.625498252976342
NAR031920016,NAR,CJF_1,CJF,1,T,T-NAR031920016,15,6,0.9973189679199912,1.625498252976342
NAR031920016,NAR,CJF_1,CJF,1,T,T-NAR031920016,15,7,1.0740025049894717,1.625498252976342
NAR031920016,NAR,CJF_1,CJF,1,T,T-NAR031920016,15,8,1.1504774690878217,1.625498252976342
NAR031920016,NAR,CJF_1,CJF,1,T,T-NAR031920016,15,9,1.2097227289576205,1.625498252976342
NAR031920016,NAR,CJF_1,CJF,1,T,T-NAR031920016,15,10,1.2882992628417569,1.625498252976342
NAR031920016,NAR,CJF_1,CJF,1,T,T-NAR031920016,15,11,1.358469517582748,1.625498252976342
NAR031920016,NAR,CJF_1,CJF,1,T,T-NAR031920016,15,12,1.4284311993526084,1.625498252976342
NAR031920016,NAR,CJF_1,CJF,1,T,T-NAR031920016,15,13,1.4920881717651104,1.625498252976342
NAR031920016,NAR,CJF_1,CJF,1,T,T-NAR031920016,15,14,1.5708732786203776,1.625498252976342
NAR031920016,NAR,CJF_1,CJF,1,T,T-NAR031920016,15,15,1.625498252976342,1.625498252976342
NAR031920016,NAR,JRS_1,JRS,1,T,T-NAR031920016,13,1,0.4158922205967001,1.4683986482066946
NAR031920016,NAR,JRS_1,JRS,1,T,T-NAR031920016,13,2,0.5460391514313023,1.4683986482066946
NAR031920016,NAR,JRS_1,JRS,1,T,T-NAR031920016,13,3,0.6572342312815447,1.4683986482066946
NAR031920016,NAR,JRS_1,JRS,1,T,T-NAR031920016,13,4,0.7498512244616427,1.4683986482066946
NAR031920016,NAR,JRS_1,JRS,1,T,T-NAR031920016,13,5,0.8459048883531161,1.4683986482066946
NAR031920016,NAR,JRS_1,JRS,1,T,T-NAR031920016,13,6,0.9302538069971953,1.4683986482066946
NAR031920016,NAR,JRS_1,JRS,1,T,T-NAR031920016,13,7,0.9994613096825058,1.4683986482066946
NAR031920016,NAR,JRS_1,JRS,1,T,T-NAR031920016,13,8,1.0617954709450665,1.4683986482066946
NAR031920016,NAR,JRS_1,JRS,1,T,T-NAR031920016,13,9,1.128587271718055,1.4683986482066946
NAR031920016,NAR,JRS_1,JRS,1,T,T-NAR031920016,13,10,1.2032733827128463,1.4683986482066946
NAR031920016,NAR,JRS_1,JRS,1,T,T-NAR031920016,13,11,1.2821436930474452,1.4683986482066946
NAR031920016,NAR,JRS_1,JRS,1,T,T-NAR031920016,13,12,1.3533931333308615,1.4683986482066946
NAR031920016,NAR,JRS_1,JRS,1,T,T-NAR031920016,13,13,1.422600636016172,1.4683986482066946
NAR031920016,NAR,LEL_1,LEL,1,T,T-NAR031920016,13,1,0.4813893630616295,1.4439693229360824
NAR031920016,NAR,LEL_1,LEL,1,T,T-NAR031920016,13,2,0.5802806458348606,1.4439693229360824
NAR031920016,NAR,LEL_1,LEL,1,T,T-NAR031920016,13,3,0.662352504597624,1.4439693229360824
NAR031920016,NAR,LEL_1,LEL,1,T,T-NAR031920016,13,4,0.7257950081632177,1.4439693229360824
NAR031920016,NAR,LEL_1,LEL,1,T,T-NAR031920016,13,5,0.820950481584575,1.4439693229360824
NAR031920016,NAR,LEL_1,LEL,1,T,T-NAR031920016,13,6,0.889971853396879,1.4439693229360824
NAR031920016,NAR,LEL_1,LEL,1,T,T-NAR031920016,13,7,0.970200653264806,1.4439693229360824
NAR031920016,NAR,LEL_1,LEL,1,T,T-NAR031920016,13,8,1.0448008933238209,1.4439693229360824
NAR031920016,NAR,LEL_1,LEL,1,T,T-NAR031920016,13,9,1.1063837741405111,1.4439693229360824
NAR031920016,NAR,LEL_1,LEL,1,T,T-NAR031920016,13,10,1.1716859004550084,1.4439693229360824
NAR031920016,NAR,LEL_1,LEL,1,T,T-NAR031920016,13,11,1.2574770047155788,1.4439693229360824
NAR031920016,NAR,LEL_1,LEL,1,T,T-NAR031920016,13,12,1.3414250500813127,1.4439693229360824
NAR031920016,NAR,LEL_1,LEL,1,T,T-NAR031920016,13,13,1.3861553791794008,1.4439693229360824
NAR031920017,NAR,CJF_1,CJF,1,T,T-NAR031920017,4,1,0.3937145518835767,0.8649590732129822
NAR031920017,NAR,CJF_1,CJF,1,T,T-NAR031920017,4,2,0.5591353977452456,0.8649590732129822
NAR031920017,NAR,CJF_1,CJF,1,T,T-NAR031920017,4,3,0.7070953941210647,0.8649590732129822
NAR031920017,NAR,CJF_1,CJF,1,T,T-NAR031920017,4,4,0.8649590732129822,0.8649590732129822
NAR031920017,NAR,JRS_1,JRS,1,T,T-NAR031920017,3,1,0.338009720529666,0.8043689110752386
NAR031920017,NAR,JRS_1,JRS,1,T,T-NAR031920017,3,2,0.5133978800636239,0.8043689110752386
NAR031920017,NAR,JRS_1,JRS,1,T,T-NAR031920017,3,3,0.6441838050950401,0.8043689110752386
NAR031920017,NAR,LEL_1,LEL,1,T,T-NAR031920017,3,1,0.3594759327594813,0.8029785604297843
NAR031920017,NAR,LEL_1,LEL,1,T,T-NAR031920017,3,2,0.524134166053948,0.8029785604297843
NAR031920017,NAR,LEL_1,LEL,1,T,T-NAR031920017,3,3,0.6375014597297757,0.8029785604297843
NAR031920018,NAR,CJF_1,CJF,1,T,T-NAR031920018,9,1,0.5173382651757719,1.1667593732356623
NAR031920018,NAR,CJF_1,CJF,1,T,T-NAR031920018,9,2,0.6429191522423209,1.1667593732356623
NAR031920018,NAR,CJF_1,CJF,1,T,T-NAR031920018,9,3,0.7282820132916384,1.1667593732356623
NAR031920018,NAR,CJF_1,CJF,1,T,T-NAR031920018,9,4,0.7999371328465531,1.1667593732356623
NAR031920018,NAR,CJF_1,CJF,1,T,T-NAR031920018,9,5,0.8889866302763798,1.1667593732356623
NAR031920018,NAR,CJF_1,CJF,1,T,T-NAR031920018,9,6,0.9685513653673933,1.1667593732356623
NAR031920018,NAR,CJF_1,CJF,1,T,T-NAR031920018,9,7,1.0379275082603285,1.1667593732356623
NAR031920018,NAR,CJF_1,CJF,1,T,T-NAR031920018,9,8,1.1054603329630097,1.1667593732356623
NAR031920018,NAR,CJF_1,CJF,1,T,T-NAR031920018,9,9,1.1667593732356623,1.1667593732356623
NAR031920018,NAR,JRS_1,JRS,1,T,T-NAR031920018,8,1,0.4186589052903684,1.0445527211188967
NAR031920018,NAR,JRS_1,JRS,1,T,T-NAR031920018,8,2,0.5361399881163298,1.0445527211188967
NAR031920018,NAR,JRS_1,JRS,1,T,T-NAR031920018,8,3,0.6189357805910113,1.0445527211188967
NAR031920018,NAR,JRS_1,JRS,1,T,T-NAR031920018,8,4,0.6787367037870428,1.0445527211188967
NAR031920018,NAR,JRS_1,JRS,1,T,T-NAR031920018,8,5,0.7865956861883235,1.0445527211188967
NAR031920018,NAR,JRS_1,JRS,1,T,T-NAR031920018,8,6,0.8661841118547783,1.0445527211188967
NAR031920018,NAR,JRS_1,JRS,1,T,T-NAR031920018,8,7,0.9270716382929356,1.0445527211188967
NAR031920018,NAR,JRS_1,JRS,1,T,T-NAR031920018,8,8,0.9745863958771223,1.0445527211188967
NAR031920018,NAR,LEL_1,LEL,1,T,T-NAR031920018,8,1,0.4704808759833913,0.9932356089224488
NAR031920018,NAR,LEL_1,LEL,1,T,T-NAR031920018,8,2,0.534254887316067,0.9932356089224488
NAR031920018,NAR,LEL_1,LEL,1,T,T-NAR031920018,8,3,0.6035646721821137,0.9932356089224488
NAR031920018,NAR,LEL_1,LEL,1,T,T-NAR031920018,8,4,0.6802282451464843,0.9932356089224488
NAR031920018,NAR,LEL_1,LEL,1,T,T-NAR031920018,8,5,0.7569735479493669,0.9932356089224488
NAR031920018,NAR,LEL_1,LEL,1,T,T-NAR031920018,8,6,0.8132303115066961,0.9932356089224488
NAR031920018,NAR,LEL_1,LEL,1,T,T-NAR031920018,8,7,0.8901390739866002,0.9932356089224488
NAR031920018,NAR,LEL_1,LEL,1,T,T-NAR031920018,8,8,0.940696604333537,0.9932356089224488
NAR031920019,NAR,CJF_1,CJF,1,T,T-NAR031920019,11,1,0.33770262839121734,1.3525069430868026
NAR031920019,NAR,CJF_1,CJF,1,T,T-NAR031920019,11,2,0.4870123211366179,1.3525069430868026
NAR031920019,NAR,CJF_1,CJF,1,T,T-NAR031920019,11,3,0.6705782459947108,1.3525069430868026
NAR031920019,NAR,CJF_1,CJF,1,T,T-NAR031920019,11,4,0.779722902779416,1.3525069430868026
NAR031920019,NAR,CJF_1,CJF,1,T,T-NAR031920019,11,5,0.8869662512216374,1.3525069430868026
NAR031920019,NAR,CJF_1,CJF,1,T,T-NAR031920019,11,6,0.996520665647445,1.3525069430868026
NAR031920019,NAR,CJF_1,CJF,1,T,T-NAR031920019,11,7,1.0772604952099387,1.3525069430868026
NAR031920019,NAR,CJF_1,CJF,1,T,T-NAR031920019,11,8,1.1580003247724315,1.3525069430868026
NAR031920019,NAR,CJF_1,CJF,1,T,T-NAR031920019,11,9,1.2156294944990609,1.3525069430868026
NAR031920019,NAR,CJF_1,CJF,1,T,T-NAR031920019,11,10,1.2784954326545173,1.3525069430868026
NAR031920019,NAR,CJF_1,CJF,1,T,T-NAR031920019,11,11,1.3525069430868026,1.3525069430868026
NAR031920019,NAR,JRS_1,JRS,1,T,T-NAR031920019,8,1,0.5366141228268733,1.3919162499200244
NAR031920019,NAR,JRS_1,JRS,1,T,T-NAR031920019,8,2,0.7230272141800186,1.3919162499200244
NAR031920019,NAR,JRS_1,JRS,1,T,T-NAR031920019,8,3,0.8370674977924388,1.3919162499200244
NAR031920019,NAR,JRS_1,JRS,1,T,T-NAR031920019,8,4,0.9478486783972494,1.3919162499200244
NAR031920019,NAR,JRS_1,JRS,1,T,T-NAR031920019,8,5,1.0730396758330396,1.3919162499200244
NAR031920019,NAR,JRS_1,JRS,1,T,T-NAR031920019,8,6,1.1429076598489831,1.3919162499200244
NAR031920019,NAR,JRS_1,JRS,1,T,T-NAR031920019,8,7,1.2268083210544933,1.3919162499200244
NAR031920019,NAR,JRS_1,JRS,1,T,T-NAR031920019,8,8,1.2899695292345095,1.3919162499200244
NAR031920019,NAR,LEL_1,LEL,1,T,T-NAR031920019,7,1,0.3883406333619336,0.9910501870599376
NAR031920019,NAR,LEL_1,LEL,1,T,T-NAR031920019,7,2,0.4863085488956744,0.9910501870599376
NAR031920019,NAR,LEL_1,LEL,1,T,T-NAR031920019,7,3,0.5718219650960932,0.9910501870599376
NAR031920019,NAR,LEL_1,LEL,1,T,T-NAR031920019,7,4,0.629177516423431,0.9910501870599376
NAR031920019,NAR,LEL_1,LEL,1,T,T-NAR031920019,7,5,0.7189796204114588,0.9910501870599376
NAR031920019,NAR,LEL_1,LEL,1,T,T-NAR031920019,7,6,0.8251133474909139,0.9910501870599376
NAR031920019,NAR,LEL_1,LEL,1,T,T-NAR031920019,7,7,0.9245108256205247,0.9910501870599376
NAR031920020,NAR,CJF_1,CJF,1,T,T-NAR031920020,14,1,0.5026943315076057,1.7182830656078296
NAR031920020,NAR,CJF_1,CJF,1,T,T-NAR031920020,14,2,0.710900514786406,1.7182830656078296
NAR031920020,NAR,CJF_1,CJF,1,T,T-NAR031920020,14,3,0.8278400135996706,1.7182830656078296
NAR031920020,NAR,CJF_1,CJF,1,T,T-NAR031920020,14,4,0.9355779222893738,1.7182830656078296
NAR031920020,NAR,CJF_1,CJF,1,T,T-NAR031920020,14,5,1.0258476628518034,1.7182830656078296
NAR031920020,NAR,CJF_1,CJF,1,T,T-NAR031920020,14,6,1.100934149872035,1.7182830656078296
NAR031920020,NAR,CJF_1,CJF,1,T,T-NAR031920020,14,7,1.2040402976083293,1.7182830656078296
NAR031920020,NAR,CJF_1,CJF,1,T,T-NAR031920020,14,8,1.2824705749000007,1.7182830656078296
NAR031920020,NAR,CJF_1,CJF,1,T,T-NAR031920020,14,9,1.34800251323455,1.7182830656078296
NAR031920020,NAR,CJF_1,CJF,1,T,T-NAR031920020,14,10,1.4435480000913739,1.7182830656078296
NAR031920020,NAR,CJF_1,CJF,1,T,T-NAR031920020,14,11,1.5084359530849385,1.7182830656078296
NAR031920020,NAR,CJF_1,CJF,1,T,T-NAR031920020,14,12,1.5881542010585796,1.7182830656078296
NAR031920020,NAR,CJF_1,CJF,1,T,T-NAR031920020,14,13,1.670863280741539,1.7182830656078296
NAR031920020,NAR,CJF_1,CJF,1,T,T-NAR031920020,14,14,1.7182830656078296,1.7182830656078296
NAR031920020,NAR,JRS_1,JRS,1,T,T-NAR031920020,13,1,0.5214165323707447,1.5925101960062513
NAR031920020,NAR,JRS_1,JRS,1,T,T-NAR031920020,13,2,0.6857584550612236,1.5925101960062513
NAR031920020,NAR,JRS_1,JRS,1,T,T-NAR031920020,13,3,0.7909032619242105,1.5925101960062513
NAR031920020,NAR,JRS_1,JRS,1,T,T-NAR031920020,13,4,0.8747058071741828,1.5925101960062513
NAR031920020,NAR,JRS_1,JRS,1,T,T-NAR031920020,13,5,0.9531565163452398,1.5925101960062513
NAR031920020,NAR,JRS_1,JRS,1,T,T-NAR031920020,13,6,1.0342831435557545,1.5925101960062513
NAR031920020,NAR,JRS_1,JRS,1,T,T-NAR031920020,13,7,1.111624435889441,1.5925101960062513
NAR031920020,NAR,JRS_1,JRS,1,T,T-NAR031920020,13,8,1.1895529779931358,1.5925101960062513
NAR031920020,NAR,JRS_1,JRS,1,T,T-NAR031920020,13,9,1.2530575957648178,1.5925101960062513
NAR031920020,NAR,JRS_1,JRS,1,T,T-NAR031920020,13,10,1.3331398888406079,1.5925101960062513
NAR031920020,NAR,JRS_1,JRS,1,T,T-NAR031920020,13,11,1.4174646011579424,1.5925101960062513
NAR031920020,NAR,JRS_1,JRS,1,T,T-NAR031920020,13,12,1.496959644463724,1.5925101960062513
NAR031920020,NAR,JRS_1,JRS,1,T,T-NAR031920020,13,13,1.533247997476114,1.5925101960062513
NAR031920020,NAR,LEL_1,LEL,1,T,T-NAR031920020,12,1,0.5311686842446691,1.4070649091074796
NAR031920020,NAR,LEL_1,LEL,1,T,T-NAR031920020,12,2,0.6213085992310847,1.4070649091074796
NAR031920020,NAR,LEL_1,LEL,1,T,T-NAR031920020,12,3,0.7057354823225924,1.4070649091074796
NAR031920020,NAR,LEL_1,LEL,1,T,T-NAR031920020,12,4,0.8136495588186821,1.4070649091074796
NAR031920020,NAR,LEL_1,LEL,1,T,T-NAR031920020,12,5,0.8946037945973657,1.4070649091074796
NAR031920020,NAR,LEL_1,LEL,1,T,T-NAR031920020,12,6,0.9685006653107043,1.4070649091074796
NAR031920020,NAR,LEL_1,LEL,1,T,T-NAR031920020,12,7,1.0271626136023124,1.4070649091074796
NAR031920020,NAR,LEL_1,LEL,1,T,T-NAR031920020,12,8,1.1174519558416574,1.4070649091074796
NAR031920020,NAR,LEL_1,LEL,1,T,T-NAR031920020,12,9,1.1702514449854278,1.4070649091074796
NAR031920020,NAR,LEL_1,LEL,1,T,T-NAR031920020,12,10,1.225366032337747,1.4070649091074796
NAR031920020,NAR,LEL_1,LEL,1,T,T-NAR031920020,12,11,1.2863430788379042,1.4070649091074796
NAR031920020,NAR,LEL_1,LEL,1,T,T-NAR031920020,12,12,1.3367153993334286,1.4070649091074796
NAR031920021,NAR,CJF_1,CJF,1,T,T-NAR031920021,12,1,0.34175055292421636,1.4348622608234385
NAR031920021,NAR,CJF_1,CJF,1,T,T-NAR031920021,12,2,0.5689712271623448,1.4348622608234385
NAR031920021,NAR,CJF_1,CJF,1,T,T-NAR031920021,12,3,0.7154764282490275,1.4348622608234385
NAR031920021,NAR,CJF_1,CJF,1,T,T-NAR031920021,12,4,0.8286596421168974,1.4348622608234385
NAR031920021,NAR,CJF_1,CJF,1,T,T-NAR031920021,12,5,0.9354477915046487,1.4348622608234385
NAR031920021,NAR,CJF_1,CJF,1,T,T-NAR031920021,12,6,1.0068554167700456,1.4348622608234385
NAR031920021,NAR,CJF_1,CJF,1,T,T-NAR031920021,12,7,1.0800368301048549,1.4348622608234385
NAR031920021,NAR,CJF_1,CJF,1,T,T-NAR031920021,12,8,1.1472503022107394,1.4348622608234385
NAR031920021,NAR,CJF_1,CJF,1,T,T-NAR031920021,12,9,1.2330794700887213,1.4348622608234385
NAR031920021,NAR,CJF_1,CJF,1,T,T-NAR031920021,12,10,1.3093160412465246,1.4348622608234385
NAR031920021,NAR,CJF_1,CJF,1,T,T-NAR031920021,12,11,1.3734743555294144,1.4348622608234385
NAR031920021,NAR,CJF_1,CJF,1,T,T-NAR031920021,12,12,1.4348622608234385,1.4348622608234385
NAR031920021,NAR,JRS_1,JRS,1,T,T-NAR031920021,11,1,0.528794790902667,1.6029297164206342
NAR031920021,NAR,JRS_1,JRS,1,T,T-NAR031920021,11,2,0.7419180873393078,1.6029297164206342
NAR031920021,NAR,JRS_1,JRS,1,T,T-NAR031920021,11,3,0.8852561778672301,1.6029297164206342
NAR031920021,NAR,JRS_1,JRS,1,T,T-NAR031920021,11,4,1.000254345594165,1.6029297164206342
NAR031920021,NAR,JRS_1,JRS,1,T,T-NAR031920021,11,5,1.0944479479410854,1.6029297164206342
NAR031920021,NAR,JRS_1,JRS,1,T,T-NAR031920021,11,6,1.1766831235473527,1.6029297164206342
NAR031920021,NAR,JRS_1,JRS,1,T,T-NAR031920021,11,7,1.2420452601363907,1.6029297164206342
NAR031920021,NAR,JRS_1,JRS,1,T,T-NAR031920021,11,8,1.319857366422977,1.6029297164206342
NAR031920021,NAR,JRS_1,JRS,1,T,T-NAR031920021,11,9,1.3935740986944796,1.6029297164206342
NAR031920021,NAR,JRS_1,JRS,1,T,T-NAR031920021,11,10,1.4799046483158305,1.6029297164206342
NAR031920021,NAR,JRS_1,JRS,1,T,T-NAR031920021,11,11,1.5454306325571665,1.6029297164206342
NAR031920021,NAR,LEL_1,LEL,1,T,T-NAR031920021,10,1,0.03925214254599029,1.3727170735267913
NAR031920021,NAR,LEL_1,LEL,1,T,T-NAR031920021,10,2,0.1148193497477788,1.3727170735267913
NAR031920021,NAR,LEL_1,LEL,1,T,T-NAR031920021,10,3,0.1890288095627597,1.3727170735267913
NAR031920021,NAR,LEL_1,LEL,1,T,T-NAR031920021,10,4,0.2742275486046814,1.3727170735267913
NAR031920021,NAR,LEL_1,LEL,1,T,T-NAR031920021,10,5,0.35472131328482404,1.3727170735267913
NAR031920021,NAR,LEL_1,LEL,1,T,T-NAR031920021,10,6,0.4079940959320519,1.3727170735267913
NAR031920021,NAR,LEL_1,LEL,1,T,T-NAR031920021,10,7,0.49916127373846003,1.3727170735267913
NAR031920021,NAR,LEL_1,LEL,1,T,T-NAR031920021,10,8,0.5820546670915445,1.3727170735267913
NAR031920021,NAR,LEL_1,LEL,1,T,T-NAR031920021,10,9,0.7065055486794573,1.3727170735267913
NAR031920021,NAR,LEL_1,LEL,1,T,T-NAR031920021,10,10,0.810335619200294,1.3727170735267913
NAR031920022,NAR,CJF_1,CJF,1,T,T-NAR031920022,6,1,0.2863539756821563,0.8795326078862644
NAR031920022,NAR,CJF_1,CJF,1,T,T-NAR031920022,6,2,0.47538648853387744,0.8795326078862644
NAR031920022,NAR,CJF_1,CJF,1,T,T-NAR031920022,6,3,0.6280700441349871,0.8795326078862644
NAR031920022,NAR,CJF_1,CJF,1,T,T-NAR031920022,6,4,0.7404961728450181,0.8795326078862644
NAR031920022,NAR,CJF_1,CJF,1,T,T-NAR031920022,6,5,0.8219393592646375,0.8795326078862644
NAR031920022,NAR,CJF_1,CJF,1,T,T-NAR031920022,6,6,0.8795326078862644,0.8795326078862644
NAR031920022,NAR,JRS_1,JRS,1,T,T-NAR031920022,4,1,0.4955490308003146,0.9089838587786264
NAR031920022,NAR,JRS_1,JRS,1,T,T-NAR031920022,4,2,0.6321565490717796,0.9089838587786264
NAR031920022,NAR,JRS_1,JRS,1,T,T-NAR031920022,4,3,0.749997583332771,0.9089838587786264
NAR031920022,NAR,JRS_1,JRS,1,T,T-NAR031920022,4,4,0.8359003388664142,0.9089838587786264
NAR031920022,NAR,LEL_1,LEL,1,T,T-NAR031920022,4,1,0.5491080083228411,0.9283631474580911
NAR031920022,NAR,LEL_1,LEL,1,T,T-NAR031920022,4,2,0.6664429578011252,0.9283631474580911
NAR031920022,NAR,LEL_1,LEL,1,T,T-NAR031920022,4,3,0.7737596841115012,0.9283631474580911
NAR031920022,NAR,LEL_1,LEL,1,T,T-NAR031920022,4,4,0.8432907958863047,0.9283631474580911
NAR031920023,NAR,CJF_1,CJF,1,T,T-NAR031920023,5,1,0.37113947169258,0.9737182031132909
NAR031920023,NAR,CJF_1,CJF,1,T,T-NAR031920023,5,2,0.6331478689520545,0.9737182031132909
NAR031920023,NAR,CJF_1,CJF,1,T,T-NAR031920023,5,3,0.7762389946642975,0.9737182031132909
NAR031920023,NAR,CJF_1,CJF,1,T,T-NAR031920023,5,4,0.8789431505614207,0.9737182031132909
NAR031920023,NAR,CJF_1,CJF,1,T,T-NAR031920023,5,5,0.9737182031132909,0.9737182031132909
NAR031920023,NAR,JRS_1,JRS,1,T,T-NAR031920023,4,1,0.4615103642490565,0.968116436916566
NAR031920023,NAR,JRS_1,JRS,1,T,T-NAR031920023,4,2,0.6542774439651747,0.968116436916566
NAR031920023,NAR,JRS_1,JRS,1,T,T-NAR031920023,4,3,0.8084572563012343,0.968116436916566
NAR031920023,NAR,JRS_1,JRS,1,T,T-NAR031920023,4,4,0.8767846124926504,0.968116436916566
NAR031920023,NAR,LEL_1,LEL,1,T,T-NAR031920023,4,1,0.5310578133500697,1.0340771908737556
NAR031920023,NAR,LEL_1,LEL,1,T,T-NAR031920023,4,2,0.7198408954053797,1.0340771908737556
NAR031920023,NAR,LEL_1,LEL,1,T,T-NAR031920023,4,3,0.867828314580867,1.0340771908737556
NAR031920023,NAR,LEL_1,LEL,1,T,T-NAR031920023,4,4,0.9515775087703071,1.0340771908737556
NAR031920024,NAR,CJF_1,CJF,1,T,T-NAR031920024,3,1,0.43658884815765553,0.9034075940490879
NAR031920024,NAR,CJF_1,CJF,1,T,T-NAR031920024,3,2,0.6634640847888928,0.9034075940490879
NAR031920024,NAR,CJF_1,CJF,1,T,T-NAR031920024,3,3,0.9034075940490879,0.9034075940490879
NAR031920024,NAR,JRS_1,JRS,1,T,T-NAR031920024,2,1,0.4040300806768779,0.7629525185420828
NAR031920024,NAR,JRS_1,JRS,1,T,T-NAR031920024,2,2,0.6093629267460237,0.7629525185420828
NAR031920024,NAR,LEL_1,LEL,1,T,T-NAR031920024,2,1,0.5391385251631566,0.8019085807679797
NAR031920024,NAR,LEL_1,LEL,1,T,T-NAR031920024,2,2,0.6753386333090663,0.8019085807679797
NAR031920025,NAR,CJF_1,CJF,1,T,T-NAR031920025,6,1,0.5297299607252529,1.0943407132669782
NAR031920025,NAR,CJF_1,CJF,1,T,T-NAR031920025,6,2,0.6961915895057137,1.0943407132669782
NAR031920025,NAR,CJF_1,CJF,1,T,T-NAR031920025,6,3,0.8289079640928017,1.0943407132669782
NAR031920025,NAR,CJF_1,CJF,1,T,T-NAR031920025,6,4,0.9265741811789233,1.0943407132669782
NAR031920025,NAR,CJF_1,CJF,1,T,T-NAR031920025,6,5,0.9950873167324371,1.0943407132669782
NAR031920025,NAR,CJF_1,CJF,1,T,T-NAR031920025,6,6,1.0943407132669782,1.0943407132669782
NAR031920025,NAR,JRS_1,JRS,1,T,T-NAR031920025,5,1,0.5354763131545177,1.0719722606114959
NAR031920025,NAR,JRS_1,JRS,1,T,T-NAR031920025,5,2,0.7078820964477748,1.0719722606114959
NAR031920025,NAR,JRS_1,JRS,1,T,T-NAR031920025,5,3,0.8396094553825587,1.0719722606114959
NAR031920025,NAR,JRS_1,JRS,1,T,T-NAR031920025,5,4,0.9281620912734821,1.0719722606114959
NAR031920025,NAR,JRS_1,JRS,1,T,T-NAR031920025,5,5,0.9982682291489944,1.0719722606114959
NAR031920025,NAR,LEL_1,LEL,1,T,T-NAR031920025,5,1,0.42602270905996814,0.8306422573041856
NAR031920025,NAR,LEL_1,LEL,1,T,T-NAR031920025,5,2,0.5259203351309509,0.8306422573041856
NAR031920025,NAR,LEL_1,LEL,1,T,T-NAR031920025,5,3,0.5922675784181198,0.8306422573041856
NAR031920025,NAR,LEL_1,LEL,1,T,T-NAR031920025,5,4,0.6853962801732669,0.8306422573041856
NAR031920025,NAR,LEL_1,LEL,1,T,T-NAR031920025,5,5,0.7663777599603516,0.8306422573041856
NAR032020001,NAR,CJF_1,CJF,1,T,T-NAR032020001,4,1,0.4684238940282447,0.85091654574016
NAR032020001,NAR,CJF_1,CJF,1,T,T-NAR032020001,4,2,0.655925396158847,0.85091654574016
NAR032020001,NAR,CJF_1,CJF,1,T,T-NAR032020001,4,3,0.7685509319738523,0.85091654574016
NAR032020001,NAR,CJF_1,CJF,1,T,T-NAR032020001,4,4,0.85091654574016,0.85091654574016
NAR032020001,NAR,JRS_1,JRS,1,T,T-NAR032020001,3,1,0.5112919535177549,0.8978896520545909
NAR032020001,NAR,JRS_1,JRS,1,T,T-NAR032020001,3,2,0.7104553631329444,0.8978896520545909
NAR032020001,NAR,JRS_1,JRS,1,T,T-NAR032020001,3,3,0.8191689043672027,0.8978896520545909
NAR032020001,NAR,LEL_1,LEL,1,T,T-NAR032020001,3,1,0.42726548272103215,0.7181418669089606
NAR032020001,NAR,LEL_1,LEL,1,T,T-NAR032020001,3,2,0.5475617589734271,0.7181418669089606
NAR032020001,NAR,LEL_1,LEL,1,T,T-NAR032020001,3,3,0.6252003680285769,0.7181418669089606
NAR032020002,NAR,CJF_1,CJF,1,T,T-NAR032020002,6,1,0.60179184152664,1.280131587025359
NAR032020002,NAR,CJF_1,CJF,1,T,T-NAR032020002,6,2,0.8070413243122354,1.280131587025359
NAR032020002,NAR,CJF_1,CJF,1,T,T-NAR032020002,6,3,0.9513821182459762,1.280131587025359
NAR032020002,NAR,CJF_1,CJF,1,T,T-NAR032020002,6,4,1.0913109685134734,1.280131587025359
NAR032020002,NAR,CJF_1,CJF,1,T,T-NAR032020002,6,5,1.1935408853295284,1.280131587025359
NAR032020002,NAR,CJF_1,CJF,1,T,T-NAR032020002,6,6,1.280131587025359,1.280131587025359
NAR032020002,NAR,JRS_1,JRS,1,T,T-NAR032020002,6,1,0.31173225366870466,1.2144592668384966
NAR032020002,NAR,JRS_1,JRS,1,T,T-NAR032020002,6,2,0.5760124259802243,1.2144592668384966
NAR032020002,NAR,JRS_1,JRS,1,T,T-NAR032020002,6,3,0.763103343369489,1.2144592668384966
NAR032020002,NAR,JRS_1,JRS,1,T,T-NAR032020002,6,4,0.9264378876166071,1.2144592668384966
NAR032020002,NAR,JRS_1,JRS,1,T,T-NAR032020002,6,5,1.0452045870955629,1.2144592668384966
NAR032020002,NAR,JRS_1,JRS,1,T,T-NAR032020002,6,6,1.1283594762089644,1.2144592668384966
NAR032020002,NAR,LEL_1,LEL,1,T,T-NAR032020002,5,1,0.5459821274724186,1.0783243989655729
NAR032020002,NAR,LEL_1,LEL,1,T,T-NAR032020002,5,2,0.6796035356152836,1.0783243989655729
NAR032020002,NAR,LEL_1,LEL,1,T,T-NAR032020002,5,3,0.773546289408193,1.0783243989655729
NAR032020002,NAR,LEL_1,LEL,1,T,T-NAR032020002,5,4,0.9339497106966956,1.0783243989655729
NAR032020002,NAR,LEL_1,LEL,1,T,T-NAR032020002,5,5,1.0020991820809708,1.0783243989655729
NAR032020003,NAR,CJF_1,CJF,1,T,T-NAR032020003,6,1,0.42696608299931693,1.2426589093568907
NAR032020003,NAR,CJF_1,CJF,1,T,T-NAR032020003,6,2,0.7263508604535156,1.2426589093568907
NAR032020003,NAR,CJF_1,CJF,1,T,T-NAR032020003,6,3,0.86790111136352,1.2426589093568907
NAR032020003,NAR,CJF_1,CJF,1,T,T-NAR032020003,6,4,0.9970041267852154,1.2426589093568907
NAR032020003,NAR,CJF_1,CJF,1,T,T-NAR032020003,6,5,1.1245854323303344,1.2426589093568907
NAR032020003,NAR,CJF_1,CJF,1,T,T-NAR032020003,6,6,1.2426589093568907,1.2426589093568907
NAR032020003,NAR,JRS_1,JRS,1,T,T-NAR032020003,6,1,0.39677526726044415,1.3220603638155732
NAR032020003,NAR,JRS_1,JRS,1,T,T-NAR032020003,6,2,0.5748246280659894,1.3220603638155732
NAR032020003,NAR,JRS_1,JRS,1,T,T-NAR032020003,6,3,0.8029586172199581,1.3220603638155732
NAR032020003,NAR,JRS_1,JRS,1,T,T-NAR032020003,6,4,0.9326928257595412,1.3220603638155732
NAR032020003,NAR,JRS_1,JRS,1,T,T-NAR032020003,6,5,1.0902884750343116,1.3220603638155732
NAR032020003,NAR,JRS_1,JRS,1,T,T-NAR032020003,6,6,1.199667919505489,1.3220603638155732
NAR032020003,NAR,LEL_1,LEL,1,T,T-NAR032020003,3,1,0.5932345953495676,0.9642078692962999
NAR032020003,NAR,LEL_1,LEL,1,T,T-NAR032020003,3,2,0.7398493120185567,0.9642078692962999
NAR032020003,NAR,LEL_1,LEL,1,T,T-NAR032020003,3,3,0.8419326641109793,0.9642078692962999
NAR032020004,NAR,CJF_1,CJF,1,T,T-NAR032020004,5,1,0.2233741077532011,0.6743392765966328
NAR032020004,NAR,CJF_1,CJF,1,T,T-NAR032020004,5,2,0.4136038681425219,0.6743392765966328
NAR032020004,NAR,CJF_1,CJF,1,T,T-NAR032020004,5,3,0.5143988590408561,0.6743392765966328
NAR032020004,NAR,CJF_1,CJF,1,T,T-NAR032020004,5,4,0.5985031974638599,0.6743392765966328
NAR032020004,NAR,CJF_1,CJF,1,T,T-NAR032020004,5,5,0.6743392765966328,0.6743392765966328
NAR032020004,NAR,JRS_1,JRS,1,T,T-NAR032020004,3,1,0.29789569312377856,0.7214923963847995
NAR032020004,NAR,JRS_1,JRS,1,T,T-NAR032020004,3,2,0.4866484911467339,0.7214923963847995
NAR032020004,NAR,JRS_1,JRS,1,T,T-NAR032020004,3,3,0.6003920906989877,0.7214923963847995
NAR032020004,NAR,LEL_1,LEL,1,T,T-NAR032020004,2,1,0.7986407724704535,1.068215289696955
NAR032020004,NAR,LEL_1,LEL,1,T,T-NAR032020004,2,2,0.9218278501330863,1.068215289696955
NAR032020005,NAR,CJF_1,CJF,1,T,T-NAR032020005,3,1,0.48118760586680276,0.8019793431113382
NAR032020005,NAR,CJF_1,CJF,1,T,T-NAR032020005,3,2,0.6323065914942592,0.8019793431113382
NAR032020005,NAR,CJF_1,CJF,1,T,T-NAR032020005,3,3,0.8019793431113382,0.8019793431113382
NAR032020005,NAR,JRS_1,JRS,1,T,T-NAR032020005,2,1,0.5478153351411761,0.8385768934423379
NAR032020005,NAR,JRS_1,JRS,1,T,T-NAR032020005,2,2,0.6954343982393447,0.8385768934423379
NAR032020005,NAR,LEL_1,LEL,1,T,T-NAR032020005,2,1,0.5279550841057686,0.7878631394905466
NAR032020005,NAR,LEL_1,LEL,1,T,T-NAR032020005,2,2,0.6483802097229167,0.7878631394905466
NAR032020006,NAR,CJF_1,CJF,1,T,T-NAR032020006,13,1,0.45750467854185317,1.2447367819732236
NAR032020006,NAR,CJF_1,CJF,1,T,T-NAR032020006,13,2,0.5701893035778097,1.2447367819732236
NAR032020006,NAR,CJF_1,CJF,1,T,T-NAR032020006,13,3,0.6685614359075508,1.2447367819732236
NAR032020006,NAR,CJF_1,CJF,1,T,T-NAR032020006,13,4,0.7301096550032293,1.2447367819732236
NAR032020006,NAR,CJF_1,CJF,1,T,T-NAR032020006,13,5,0.802324732047749,1.2447367819732236
NAR032020006,NAR,CJF_1,CJF,1,T,T-NAR032020006,13,6,0.8466949595900011,1.2447367819732236
NAR032020006,NAR,CJF_1,CJF,1,T,T-NAR032020006,13,7,0.8932780724660218,1.2447367819732236
NAR032020006,NAR,CJF_1,CJF,1,T,T-NAR032020006,13,8,0.949492862587279,1.2447367819732236
NAR032020006,NAR,CJF_1,CJF,1,T,T-NAR032020006,13,9,1.0171546465675414,1.2447367819732236
NAR032020006,NAR,CJF_1,CJF,1,T,T-NAR032020006,13,10,1.0854690440612462,1.2447367819732236
NAR032020006,NAR,CJF_1,CJF,1,T,T-NAR032020006,13,11,1.1463646496434823,1.2447367819732236
NAR032020006,NAR,CJF_1,CJF,1,T,T-NAR032020006,13,12,1.2041397115850663,1.2447367819732236
NAR032020006,NAR,CJF_1,CJF,1,T,T-NAR032020006,13,13,1.2447367819732236,1.2447367819732236
NAR032020006,NAR,JRS_1,JRS,1,T,T-NAR032020006,12,1,0.31141585708057506,1.2150004681834365
NAR032020006,NAR,JRS_1,JRS,1,T,T-NAR032020006,12,2,0.4549414589186917,1.2150004681834365
NAR032020006,NAR,JRS_1,JRS,1,T,T-NAR032020006,12,3,0.5404974372297782,1.2150004681834365
NAR032020006,NAR,JRS_1,JRS,1,T,T-NAR032020006,12,4,0.6257737241449746,1.2150004681834365
NAR032020006,NAR,JRS_1,JRS,1,T,T-NAR032020006,12,5,0.7040472255089579,1.2150004681834365
NAR032020006,NAR,JRS_1,JRS,1,T,T-NAR032020006,12,6,0.7736397929463721,1.2150004681834365
NAR032020006,NAR,JRS_1,JRS,1,T,T-NAR032020006,12,7,0.8223690997550575,1.2150004681834365
NAR032020006,NAR,JRS_1,JRS,1,T,T-NAR032020006,12,8,0.8838401160576953,1.2150004681834365
NAR032020006,NAR,JRS_1,JRS,1,T,T-NAR032020006,12,9,0.937469272621442,1.2150004681834365
NAR032020006,NAR,JRS_1,JRS,1,T,T-NAR032020006,12,10,1.0149036997977472,1.2150004681834365
NAR032020006,NAR,JRS_1,JRS,1,T,T-NAR032020006,12,11,1.0804354916677756,1.2150004681834365
NAR032020006,NAR,JRS_1,JRS,1,T,T-NAR032020006,12,12,1.149748367709302,1.2150004681834365
NAR032020006,NAR,LEL_1,LEL,1,T,T-NAR032020006,12,1,0.1265244738691207,1.759903480877608
NAR032020006,NAR,LEL_1,LEL,1,T,T-NAR032020006,12,2,0.2132430862449523,1.759903480877608
NAR032020006,NAR,LEL_1,LEL,1,T,T-NAR032020006,12,3,0.30231037863260074,1.759903480877608
NAR032020006,NAR,LEL_1,LEL,1,T,T-NAR032020006,12,4,0.38744968225526394,1.759903480877608
NAR032020006,NAR,LEL_1,LEL,1,T,T-NAR032020006,12,5,0.46712225459564416,1.759903480877608
NAR032020006,NAR,LEL_1,LEL,1,T,T-NAR032020006,12,6,0.534302338736222,1.759903480877608
NAR032020006,NAR,LEL_1,LEL,1,T,T-NAR032020006,12,7,0.6210209511120536,1.759903480877608
NAR032020006,NAR,LEL_1,LEL,1,T,T-NAR032020006,12,8,0.719442397311103,1.759903480877608
NAR032020006,NAR,LEL_1,LEL,1,T,T-NAR032020006,12,9,0.804581700933767,1.759903480877608
NAR032020006,NAR,LEL_1,LEL,1,T,T-NAR032020006,12,10,0.8741104650861622,1.759903480877608
NAR032020006,NAR,LEL_1,LEL,1,T,T-NAR032020006,12,11,0.9522240117913081,1.759903480877608
NAR032020006,NAR,LEL_1,LEL,1,T,T-NAR032020006,12,12,1.067835306213794,1.759903480877608
NAR032020007,NAR,CJF_1,CJF,1,T,T-NAR032020007,11,1,0.5268176699969682,1.539810556066372
NAR032020007,NAR,CJF_1,CJF,1,T,T-NAR032020007,11,2,0.7984423444001554,1.539810556066372
NAR032020007,NAR,CJF_1,CJF,1,T,T-NAR032020007,11,3,0.9106522512215918,1.539810556066372
NAR032020007,NAR,CJF_1,CJF,1,T,T-NAR032020007,11,4,1.0120680764315357,1.539810556066372
NAR032020007,NAR,CJF_1,CJF,1,T,T-NAR032020007,11,5,1.0847378177077196,1.539810556066372
NAR032020007,NAR,CJF_1,CJF,1,T,T-NAR032020007,11,6,1.1520105181781575,1.539810556066372
NAR032020007,NAR,CJF_1,CJF,1,T,T-NAR032020007,11,7,1.221310316665744,1.539810556066372
NAR032020007,NAR,CJF_1,CJF,1,T,T-NAR032020007,11,8,1.331075090336451,1.539810556066372
NAR032020007,NAR,CJF_1,CJF,1,T,T-NAR032020007,11,9,1.4056831902590772,1.539810556066372
NAR032020007,NAR,CJF_1,CJF,1,T,T-NAR032020007,11,10,1.4832431978367202,1.539810556066372
NAR032020007,NAR,CJF_1,CJF,1,T,T-NAR032020007,11,11,1.539810556066372,1.539810556066372
NAR032020007,NAR,JRS_1,JRS,1,T,T-NAR032020007,9,1,0.6478193289664518,1.5156543175730826
NAR032020007,NAR,JRS_1,JRS,1,T,T-NAR032020007,9,2,0.824430674666321,1.5156543175730826
NAR032020007,NAR,JRS_1,JRS,1,T,T-NAR032020007,9,3,0.9463021481398378,1.5156543175730826
NAR032020007,NAR,JRS_1,JRS,1,T,T-NAR032020007,9,4,1.0338387886217744,1.5156543175730826
NAR032020007,NAR,JRS_1,JRS,1,T,T-NAR032020007,9,5,1.0914138433195062,1.5156543175730826
NAR032020007,NAR,JRS_1,JRS,1,T,T-NAR032020007,9,6,1.1671278599146968,1.5156543175730826
NAR032020007,NAR,JRS_1,JRS,1,T,T-NAR032020007,9,7,1.260170786272666,1.5156543175730826
NAR032020007,NAR,JRS_1,JRS,1,T,T-NAR032020007,9,8,1.3618781675120246,1.5156543175730826
NAR032020007,NAR,JRS_1,JRS,1,T,T-NAR032020007,9,9,1.4430984699832483,1.5156543175730826
NAR032020007,NAR,LEL_1,LEL,1,T,T-NAR032020007,9,1,0.5133916133722688,1.0601624693736433
NAR032020007,NAR,LEL_1,LEL,1,T,T-NAR032020007,9,2,0.6033199015771937,1.0601624693736433
NAR032020007,NAR,LEL_1,LEL,1,T,T-NAR032020007,9,3,0.6567028876463491,1.0601624693736433
NAR032020007,NAR,LEL_1,LEL,1,T,T-NAR032020007,9,4,0.7098423306765357,1.0601624693736433
NAR032020007,NAR,LEL_1,LEL,1,T,T-NAR032020007,9,5,0.7507188253151361,1.0601624693736433
NAR032020007,NAR,LEL_1,LEL,1,T,T-NAR032020007,9,6,0.8119117957535524,1.0601624693736433
NAR032020007,NAR,LEL_1,LEL,1,T,T-NAR032020007,9,7,0.8691388882476011,1.0601624693736433
NAR032020007,NAR,LEL_1,LEL,1,T,T-NAR032020007,9,8,0.9465606850219712,1.0601624693736433
NAR032020007,NAR,LEL_1,LEL,1,T,T-NAR032020007,9,9,0.9833495301967097,1.0601624693736433
NAR032020008,NAR,CJF_1,CJF,1,T,T-NAR032020008,15,1,0.39095529428062664,1.7391406224739145
NAR032020008,NAR,CJF_1,CJF,1,T,T-NAR032020008,15,2,0.6192541130984034,1.7391406224739145
NAR032020008,NAR,CJF_1,CJF,1,T,T-NAR032020008,15,3,0.784990291598078,1.7391406224739145
NAR032020008,NAR,CJF_1,CJF,1,T,T-NAR032020008,15,4,0.895224435344792,1.7391406224739145
NAR032020008,NAR,CJF_1,CJF,1,T,T-NAR032020008,15,5,1.0161996873544688,1.7391406224739145
NAR032020008,NAR,CJF_1,CJF,1,T,T-NAR032020008,15,6,1.1083754753533426,1.7391406224739145
NAR032020008,NAR,CJF_1,CJF,1,T,T-NAR032020008,15,7,1.1992242958427775,1.7391406224739145
NAR032020008,NAR,CJF_1,CJF,1,T,T-NAR032020008,15,8,1.2701745092354615,1.7391406224739145
NAR032020008,NAR,CJF_1,CJF,1,T,T-NAR032020008,15,9,1.3382579036002942,1.7391406224739145
NAR032020008,NAR,CJF_1,CJF,1,T,T-NAR032020008,15,10,1.413145261610534,1.7391406224739145
NAR032020008,NAR,CJF_1,CJF,1,T,T-NAR032020008,15,11,1.4833255492440118,1.7391406224739145
NAR032020008,NAR,CJF_1,CJF,1,T,T-NAR032020008,15,12,1.5469585151518184,1.7391406224739145
NAR032020008,NAR,CJF_1,CJF,1,T,T-NAR032020008,15,13,1.6221025150817934,1.7391406224739145
NAR032020008,NAR,CJF_1,CJF,1,T,T-NAR032020008,15,14,1.6820549782917797,1.7391406224739145
NAR032020008,NAR,CJF_1,CJF,1,T,T-NAR032020008,15,15,1.7391406224739145,1.7391406224739145
NAR032020008,NAR,JRS_1,JRS,1,T,T-NAR032020008,13,1,0.40881282462683044,1.6587456130659053
NAR032020008,NAR,JRS_1,JRS,1,T,T-NAR032020008,13,2,0.5590335802908136,1.6587456130659053
NAR032020008,NAR,JRS_1,JRS,1,T,T-NAR032020008,13,3,0.7087905094994711,1.6587456130659053
NAR032020008,NAR,JRS_1,JRS,1,T,T-NAR032020008,13,4,0.8296047197606158,1.6587456130659053
NAR032020008,NAR,JRS_1,JRS,1,T,T-NAR032020008,13,5,0.9352518308650151,1.6587456130659053
NAR032020008,NAR,JRS_1,JRS,1,T,T-NAR032020008,13,6,1.0322625089306934,1.6587456130659053
NAR032020008,NAR,JRS_1,JRS,1,T,T-NAR032020008,13,7,1.1238247826074415,1.6587456130659053
NAR032020008,NAR,JRS_1,JRS,1,T,T-NAR032020008,13,8,1.1943077262831885,1.6587456130659053
NAR032020008,NAR,JRS_1,JRS,1,T,T-NAR032020008,13,9,1.2676694809718425,1.6587456130659053
NAR032020008,NAR,JRS_1,JRS,1,T,T-NAR032020008,13,10,1.3381524246475898,1.6587456130659053
NAR032020008,NAR,JRS_1,JRS,1,T,T-NAR032020008,13,11,1.3856048802200804,1.6587456130659053
NAR032020008,NAR,JRS_1,JRS,1,T,T-NAR032020008,13,12,1.4735152987917117,1.6587456130659053
NAR032020008,NAR,JRS_1,JRS,1,T,T-NAR032020008,13,13,1.5411194314545518,1.6587456130659053
NAR032020008,NAR,LEL_1,LEL,1,T,T-NAR032020008,12,1,0.11768457261216655,1.5779561794966892
NAR032020008,NAR,LEL_1,LEL,1,T,T-NAR032020008,12,2,0.18400251351015745,1.5779561794966892
NAR032020008,NAR,LEL_1,LEL,1,T,T-NAR032020008,12,3,0.24344160797393732,1.5779561794966892
NAR032020008,NAR,LEL_1,LEL,1,T,T-NAR032020008,12,4,0.30733662017828495,1.5779561794966892
NAR032020008,NAR,LEL_1,LEL,1,T,T-NAR032020008,12,5,0.40924240956272356,1.5779561794966892
NAR032020008,NAR,LEL_1,LEL,1,T,T-NAR032020008,12,6,0.4881006296385053,1.5779561794966892
NAR032020008,NAR,LEL_1,LEL,1,T,T-NAR032020008,12,7,0.5487571377929161,1.5779561794966892
NAR032020008,NAR,LEL_1,LEL,1,T,T-NAR032020008,12,8,0.619932834765812,1.5779561794966892
NAR032020008,NAR,LEL_1,LEL,1,T,T-NAR032020008,12,9,0.7214367858159138,1.5779561794966892
NAR032020008,NAR,LEL_1,LEL,1,T,T-NAR032020008,12,10,0.8047390249446447,1.5779561794966892
NAR032020008,NAR,LEL_1,LEL,1,T,T-NAR032020008,12,11,0.8621570290491184,1.5779561794966892
NAR032020008,NAR,LEL_1,LEL,1,T,T-NAR032020008,12,12,0.9652802321241879,1.5779561794966892
NAR032020009,NAR,CJF_1,CJF,1,T,T-NAR032020009,9,1,0.5262830699806771,1.2520438508637832
NAR032020009,NAR,CJF_1,CJF,1,T,T-NAR032020009,9,2,0.6704266847347478,1.2520438508637832
NAR032020009,NAR,CJF_1,CJF,1,T,T-NAR032020009,9,3,0.7993639228009977,1.2520438508637832
NAR032020009,NAR,CJF_1,CJF,1,T,T-NAR032020009,9,4,0.8714357301780337,1.2520438508637832
NAR032020009,NAR,CJF_1,CJF,1,T,T-NAR032020009,9,5,0.9642053248458242,1.2520438508637832
NAR032020009,NAR,CJF_1,CJF,1,T,T-NAR032020009,9,6,1.0554435849727593,1.2520438508637832
NAR032020009,NAR,CJF_1,CJF,1,T,T-NAR032020009,9,7,1.1241892438482057,1.2520438508637832
NAR032020009,NAR,CJF_1,CJF,1,T,T-NAR032020009,9,8,1.190769640622309,1.2520438508637832
NAR032020009,NAR,CJF_1,CJF,1,T,T-NAR032020009,9,9,1.2520438508637832,1.2520438508637832
NAR032020009,NAR,JRS_1,JRS,1,T,T-NAR032020009,8,1,0.42758694614405185,1.1395410539325737
NAR032020009,NAR,JRS_1,JRS,1,T,T-NAR032020009,8,2,0.5898397440954011,1.1395410539325737
NAR032020009,NAR,JRS_1,JRS,1,T,T-NAR032020009,8,3,0.6833097508474409,1.1395410539325737
NAR032020009,NAR,JRS_1,JRS,1,T,T-NAR032020009,8,4,0.7626462525528899,1.1395410539325737
NAR032020009,NAR,JRS_1,JRS,1,T,T-NAR032020009,8,5,0.8625231548958657,1.1395410539325737
NAR032020009,NAR,JRS_1,JRS,1,T,T-NAR032020009,8,6,0.9452517778207297,1.1395410539325737
NAR032020009,NAR,JRS_1,JRS,1,T,T-NAR032020009,8,7,1.0276030538976975,1.1395410539325737
NAR032020009,NAR,JRS_1,JRS,1,T,T-NAR032020009,8,8,1.0909213165228986,1.1395410539325737
NAR032020009,NAR,LEL_1,LEL,1,T,T-NAR032020009,7,1,0.5920949376621737,1.1167009894892392
NAR032020009,NAR,LEL_1,LEL,1,T,T-NAR032020009,7,2,0.654280797870162,1.1167009894892392
NAR032020009,NAR,LEL_1,LEL,1,T,T-NAR032020009,7,3,0.7312027436993663,1.1167009894892392
NAR032020009,NAR,LEL_1,LEL,1,T,T-NAR032020009,7,4,0.8042931668958755,1.1167009894892392
NAR032020009,NAR,LEL_1,LEL,1,T,T-NAR032020009,7,5,0.8955104493038681,1.1167009894892392
NAR032020009,NAR,LEL_1,LEL,1,T,T-NAR032020009,7,6,0.9892299886582773,1.1167009894892392
NAR032020009,NAR,LEL_1,LEL,1,T,T-NAR032020009,7,7,1.0483235870102803,1.1167009894892392
NAR032020010,NAR,CJF_1,CJF,1,T,T-NAR032020010,20,1,0.5011412562461377,1.9456671804493064
NAR032020010,NAR,CJF_1,CJF,1,T,T-NAR032020010,20,2,0.6644891139406174,1.9456671804493064
NAR032020010,NAR,CJF_1,CJF,1,T,T-NAR032020010,20,3,0.8272603714991702,1.9456671804493064
NAR032020010,NAR,CJF_1,CJF,1,T,T-NAR032020010,20,4,0.9125987073878798,1.9456671804493064
NAR032020010,NAR,CJF_1,CJF,1,T,T-NAR032020010,20,5,1.0194554652784404,1.9456671804493064
NAR032020010,NAR,CJF_1,CJF,1,T,T-NAR032020010,20,6,1.1081448220937522,1.9456671804493064
NAR032020010,NAR,CJF_1,CJF,1,T,T-NAR032020010,20,7,1.1812322745479091,1.9456671804493064
NAR032020010,NAR,CJF_1,CJF,1,T,T-NAR032020010,20,8,1.2645817138584503,1.9456671804493064
NAR032020010,NAR,CJF_1,CJF,1,T,T-NAR032020010,20,9,1.3333236970969211,1.9456671804493064
NAR032020010,NAR,CJF_1,CJF,1,T,T-NAR032020010,20,10,1.3985057353322112,1.9456671804493064
NAR032020010,NAR,CJF_1,CJF,1,T,T-NAR032020010,20,11,1.4455203724922532,1.9456671804493064
NAR032020010,NAR,CJF_1,CJF,1,T,T-NAR032020010,20,12,1.4968804788679795,1.9456671804493064
NAR032020010,NAR,CJF_1,CJF,1,T,T-NAR032020010,20,13,1.5585025721000902,1.9456671804493064
NAR032020010,NAR,CJF_1,CJF,1,T,T-NAR032020010,20,14,1.6144170717680821,1.9456671804493064
NAR032020010,NAR,CJF_1,CJF,1,T,T-NAR032020010,20,15,1.6760391650001922,1.9456671804493064
NAR032020010,NAR,CJF_1,CJF,1,T,T-NAR032020010,20,16,1.7534720866700348,1.9456671804493064
NAR032020010,NAR,CJF_1,CJF,1,T,T-NAR032020010,20,17,1.8109576347630387,1.9456671804493064
NAR032020010,NAR,CJF_1,CJF,1,T,T-NAR032020010,20,18,1.8674487345669575,1.9456671804493064
NAR032020010,NAR,CJF_1,CJF,1,T,T-NAR032020010,20,19,1.9039924607940357,1.9456671804493064
NAR032020010,NAR,CJF_1,CJF,1,T,T-NAR032020010,20,20,1.9456671804493064,1.9456671804493064
NAR032020010,NAR,JRS_1,JRS,1,T,T-NAR032020010,19,1,0.42099288889071346,1.912835303521042
NAR032020010,NAR,JRS_1,JRS,1,T,T-NAR032020010,19,2,0.6138882909549386,1.912835303521042
NAR032020010,NAR,JRS_1,JRS,1,T,T-NAR032020010,19,3,0.7400830775514339,1.912835303521042
NAR032020010,NAR,JRS_1,JRS,1,T,T-NAR032020010,19,4,0.8372514230174422,1.912835303521042
NAR032020010,NAR,JRS_1,JRS,1,T,T-NAR032020010,19,5,0.9084218536736706,1.912835303521042
NAR032020010,NAR,JRS_1,JRS,1,T,T-NAR032020010,19,6,1.0080896463094144,1.912835303521042
NAR032020010,NAR,JRS_1,JRS,1,T,T-NAR032020010,19,7,1.052997622580376,1.912835303521042
NAR032020010,NAR,JRS_1,JRS,1,T,T-NAR032020010,19,8,1.1357257217737022,1.912835303521042
NAR032020010,NAR,JRS_1,JRS,1,T,T-NAR032020010,19,9,1.1882506305442346,1.912835303521042
NAR032020010,NAR,JRS_1,JRS,1,T,T-NAR032020010,19,10,1.267037993700032,1.912835303521042
NAR032020010,NAR,JRS_1,JRS,1,T,T-NAR032020010,19,11,1.3139163379897585,1.912835303521042
NAR032020010,NAR,JRS_1,JRS,1,T,T-NAR032020010,19,12,1.3684116147790544,1.912835303521042
NAR032020010,NAR,JRS_1,JRS,1,T,T-NAR032020010,19,13,1.4268476276058775,1.912835303521042
NAR032020010,NAR,JRS_1,JRS,1,T,T-NAR032020010,19,14,1.4739905114710896,1.912835303521042
NAR032020010,NAR,JRS_1,JRS,1,T,T-NAR032020010,19,15,1.53583818118447,1.912835303521042
NAR032020010,NAR,JRS_1,JRS,1,T,T-NAR032020010,19,16,1.5790403290121533,1.912835303521042
NAR032020010,NAR,JRS_1,JRS,1,T,T-NAR032020010,19,17,1.6442996556120903,1.912835303521042
NAR032020010,NAR,JRS_1,JRS,1,T,T-NAR032020010,19,18,1.7159991654192897,1.912835303521042
NAR032020010,NAR,JRS_1,JRS,1,T,T-NAR032020010,19,19,1.7947865285750872,1.912835303521042
NAR032020010,NAR,LEL_1,LEL,1,T,T-NAR032020010,21,1,0.42802081367866307,1.8710835354551174
NAR032020010,NAR,LEL_1,LEL,1,T,T-NAR032020010,21,2,0.49697923577364744,1.8710835354551174
NAR032020010,NAR,LEL_1,LEL,1,T,T-NAR032020010,21,3,0.6280829245218783,1.8710835354551174
NAR032020010,NAR,LEL_1,LEL,1,T,T-NAR032020010,21,4,0.7517016700710284,1.8710835354551174
NAR032020010,NAR,LEL_1,LEL,1,T,T-NAR032020010,21,5,0.8724663593984271,1.8710835354551174
NAR032020010,NAR,LEL_1,LEL,1,T,T-NAR032020010,21,6,0.9517359633821791,1.8710835354551174
NAR032020010,NAR,LEL_1,LEL,1,T,T-NAR032020010,21,7,1.0135870624548506,1.8710835354551174
NAR032020010,NAR,LEL_1,LEL,1,T,T-NAR032020010,21,8,1.0886312171701038,1.8710835354551174
NAR032020010,NAR,LEL_1,LEL,1,T,T-NAR032020010,21,9,1.1815271320373346,1.8710835354551174
NAR032020010,NAR,LEL_1,LEL,1,T,T-NAR032020010,21,10,1.2465542724443952,1.8710835354551174
NAR032020010,NAR,LEL_1,LEL,1,T,T-NAR032020010,21,11,1.3076501311635322,1.8710835354551174
NAR032020010,NAR,LEL_1,LEL,1,T,T-NAR032020010,21,12,1.3648147081947462,1.8710835354551174
NAR032020010,NAR,LEL_1,LEL,1,T,T-NAR032020010,21,13,1.4219792852259594,1.8710835354551174
NAR032020010,NAR,LEL_1,LEL,1,T,T-NAR032020010,21,14,1.4712812988813253,1.8710835354551174
NAR032020010,NAR,LEL_1,LEL,1,T,T-NAR032020010,21,15,1.5030813550294184,1.8710835354551174
NAR032020010,NAR,LEL_1,LEL,1,T,T-NAR032020010,21,16,1.5706127490135275,1.8710835354551174
NAR032020010,NAR,LEL_1,LEL,1,T,T-NAR032020010,21,17,1.626700100578569,1.8710835354551174
NAR032020010,NAR,LEL_1,LEL,1,T,T-NAR032020010,21,18,1.677079339700107,1.8710835354551174
NAR032020010,NAR,LEL_1,LEL,1,T,T-NAR032020010,21,19,1.7463875644397948,1.8710835354551174
NAR032020010,NAR,LEL_1,LEL,1,T,T-NAR032020010,21,20,1.778187620587887,1.8710835354551174
NAR032020010,NAR,LEL_1,LEL,1,T,T-NAR032020010,21,21,1.8274896342432536,1.8710835354551174
NAR032020011,NAR,CJF_1,CJF,1,T,T-NAR032020011,14,1,0.40675148120928417,1.6632087919508671
NAR032020011,NAR,CJF_1,CJF,1,T,T-NAR032020011,14,2,0.6867502346902455,1.6632087919508671
NAR032020011,NAR,CJF_1,CJF,1,T,T-NAR032020011,14,3,0.8272421386252298,1.6632087919508671
NAR032020011,NAR,CJF_1,CJF,1,T,T-NAR032020011,14,4,0.9412705410563046,1.6632087919508671
NAR032020011,NAR,CJF_1,CJF,1,T,T-NAR032020011,14,5,1.0462844713842825,1.6632087919508671
NAR032020011,NAR,CJF_1,CJF,1,T,T-NAR032020011,14,6,1.1288347108051915,1.6632087919508671
NAR032020011,NAR,CJF_1,CJF,1,T,T-NAR032020011,14,7,1.2050952769281489,1.6632087919508671
NAR032020011,NAR,CJF_1,CJF,1,T,T-NAR032020011,14,8,1.2608920574424587,1.6632087919508671
NAR032020011,NAR,CJF_1,CJF,1,T,T-NAR032020011,14,9,1.3078193445550164,1.6632087919508671
NAR032020011,NAR,CJF_1,CJF,1,T,T-NAR032020011,14,10,1.38622479467774,1.6632087919508671
NAR032020011,NAR,CJF_1,CJF,1,T,T-NAR032020011,14,11,1.4487461845940355,1.6632087919508671
NAR032020011,NAR,CJF_1,CJF,1,T,T-NAR032020011,14,12,1.5159922786138966,1.6632087919508671
NAR032020011,NAR,CJF_1,CJF,1,T,T-NAR032020011,14,13,1.5895280459317094,1.6632087919508671
NAR032020011,NAR,CJF_1,CJF,1,T,T-NAR032020011,14,14,1.6632087919508671,1.6632087919508671
NAR032020011,NAR,JRS_1,JRS,1,T,T-NAR032020011,13,1,0.3461184951480128,1.5632192275409442
NAR032020011,NAR,JRS_1,JRS,1,T,T-NAR032020011,13,2,0.5908012136914933,1.5632192275409442
NAR032020011,NAR,JRS_1,JRS,1,T,T-NAR032020011,13,3,0.7458059149645759,1.5632192275409442
NAR032020011,NAR,JRS_1,JRS,1,T,T-NAR032020011,13,4,0.8323917955034645,1.5632192275409442
NAR032020011,NAR,JRS_1,JRS,1,T,T-NAR032020011,13,5,0.9517374581897861,1.5632192275409442
NAR032020011,NAR,JRS_1,JRS,1,T,T-NAR032020011,13,6,1.0352954954278923,1.5632192275409442
NAR032020011,NAR,JRS_1,JRS,1,T,T-NAR032020011,13,7,1.1157292492191262,1.5632192275409442
NAR032020011,NAR,JRS_1,JRS,1,T,T-NAR032020011,13,8,1.1754503006353318,1.5632192275409442
NAR032020011,NAR,JRS_1,JRS,1,T,T-NAR032020011,13,9,1.229115665449972,1.5632192275409442
NAR032020011,NAR,JRS_1,JRS,1,T,T-NAR032020011,13,10,1.2977273664763453,1.5632192275409442
NAR032020011,NAR,JRS_1,JRS,1,T,T-NAR032020011,13,11,1.384248953584508,1.5632192275409442
NAR032020011,NAR,JRS_1,JRS,1,T,T-NAR032020011,13,12,1.4558242044809369,1.5632192275409442
NAR032020011,NAR,JRS_1,JRS,1,T,T-NAR032020011,13,13,1.5154809624664158,1.5632192275409442
NAR032020011,NAR,LEL_1,LEL,1,T,T-NAR032020011,12,1,0.3416284064242917,1.4162220236676775
NAR032020011,NAR,LEL_1,LEL,1,T,T-NAR032020011,12,2,0.5167614284367528,1.4162220236676775
NAR032020011,NAR,LEL_1,LEL,1,T,T-NAR032020011,12,3,0.6731540148622092,1.4162220236676775
NAR032020011,NAR,LEL_1,LEL,1,T,T-NAR032020011,12,4,0.784146070352197,1.4162220236676775
NAR032020011,NAR,LEL_1,LEL,1,T,T-NAR032020011,12,5,0.890815656453444,1.4162220236676775
NAR032020011,NAR,LEL_1,LEL,1,T,T-NAR032020011,12,6,0.9693745891741836,1.4162220236676775
NAR032020011,NAR,LEL_1,LEL,1,T,T-NAR032020011,12,7,1.0601902533988181,1.4162220236676775
NAR032020011,NAR,LEL_1,LEL,1,T,T-NAR032020011,12,8,1.0955025887016103,1.4162220236676775
NAR032020011,NAR,LEL_1,LEL,1,T,T-NAR032020011,12,9,1.1127997674334194,1.4162220236676775
NAR032020011,NAR,LEL_1,LEL,1,T,T-NAR032020011,12,10,1.1740615214223495,1.4162220236676775
NAR032020011,NAR,LEL_1,LEL,1,T,T-NAR032020011,12,11,1.2382097891216721,1.4162220236676775
NAR032020011,NAR,LEL_1,LEL,1,T,T-NAR032020011,12,12,1.3009147999657984,1.4162220236676775
NAR032020012,NAR,CJF_1,CJF,1,T,T-NAR032020012,9,1,0.4907086000365266,1.351353936241479
NAR032020012,NAR,CJF_1,CJF,1,T,T-NAR032020012,9,2,0.6706414599804501,1.351353936241479
NAR032020012,NAR,CJF_1,CJF,1,T,T-NAR032020012,9,3,0.7852423718243454,1.351353936241479
NAR032020012,NAR,CJF_1,CJF,1,T,T-NAR032020012,9,4,0.9093712411193055,1.351353936241479
NAR032020012,NAR,CJF_1,CJF,1,T,T-NAR032020012,9,5,1.0172581421094815,1.351353936241479
NAR032020012,NAR,CJF_1,CJF,1,T,T-NAR032020012,9,6,1.116888294239887,1.351353936241479
NAR032020012,NAR,CJF_1,CJF,1,T,T-NAR032020012,9,7,1.2005480074802648,1.351353936241479
NAR032020012,NAR,CJF_1,CJF,1,T,T-NAR032020012,9,8,1.2868396298775435,1.351353936241479
NAR032020012,NAR,CJF_1,CJF,1,T,T-NAR032020012,9,9,1.351353936241479,1.351353936241479
NAR032020012,NAR,JRS_1,JRS,1,T,T-NAR032020012,8,1,0.585759867931375,1.4577784669476022
NAR032020012,NAR,JRS_1,JRS,1,T,T-NAR032020012,8,2,0.792631049785567,1.4577784669476022
NAR032020012,NAR,JRS_1,JRS,1,T,T-NAR032020012,8,3,0.9065611660171675,1.4577784669476022
NAR032020012,NAR,JRS_1,JRS,1,T,T-NAR032020012,8,4,1.0263774874963811,1.4577784669476022
NAR032020012,NAR,JRS_1,JRS,1,T,T-NAR032020012,8,5,1.1218743235004114,1.4577784669476022
NAR032020012,NAR,JRS_1,JRS,1,T,T-NAR032020012,8,6,1.229143569999666,1.4577784669476022
NAR032020012,NAR,JRS_1,JRS,1,T,T-NAR032020012,8,7,1.3246404060036956,1.4577784669476022
NAR032020012,NAR,JRS_1,JRS,1,T,T-NAR032020012,8,8,1.3924873216663687,1.4577784669476022
NAR032020012,NAR,LEL_1,LEL,1,T,T-NAR032020012,8,1,0.5465614263204772,1.3393124878906801
NAR032020012,NAR,LEL_1,LEL,1,T,T-NAR032020012,8,2,0.7007365062832132,1.3393124878906801
NAR032020012,NAR,LEL_1,LEL,1,T,T-NAR032020012,8,3,0.813351364269394,1.3393124878906801
NAR032020012,NAR,LEL_1,LEL,1,T,T-NAR032020012,8,4,0.901147799509234,1.3393124878906801
NAR032020012,NAR,LEL_1,LEL,1,T,T-NAR032020012,8,5,0.9911677625825432,1.3393124878906801
NAR032020012,NAR,LEL_1,LEL,1,T,T-NAR032020012,8,6,1.0912589413856582,1.3393124878906801
NAR032020012,NAR,LEL_1,LEL,1,T,T-NAR032020012,8,7,1.2055087750073459,1.3393124878906801
NAR032020012,NAR,LEL_1,LEL,1,T,T-NAR032020012,8,8,1.2704813797145251,1.3393124878906801
NAR032020013,NAR,CJF_1,CJF,1,T,T-NAR032020013,3,1,0.5705182824645306,0.8234076797008765
NAR032020013,NAR,CJF_1,CJF,1,T,T-NAR032020013,3,2,0.6958508349805209,0.8234076797008765
NAR032020013,NAR,CJF_1,CJF,1,T,T-NAR032020013,3,3,0.8234076797008765,0.8234076797008765
NAR032020013,NAR,JRS_1,JRS,1,T,T-NAR032020013,2,1,0.5929764224026798,0.8231789401789185
NAR032020013,NAR,JRS_1,JRS,1,T,T-NAR032020013,2,2,0.7199553591591936,0.8231789401789185
NAR032020013,NAR,LEL_1,LEL,1,T,T-NAR032020013,2,1,0.5417248494382579,0.7761127996676043
NAR032020013,NAR,LEL_1,LEL,1,T,T-NAR032020013,2,2,0.667554958945041,0.7761127996676043
NAR061119001,NAR,CJF_1,CJF,1,T,T-NAR061119001,4,1,0.2723255065165208,1.0874841820794343
NAR061119001,NAR,CJF_1,CJF,1,T,T-NAR061119001,4,2,0.6874526066740434,1.0874841820794343
NAR061119001,NAR,CJF_1,CJF,1,T,T-NAR061119001,4,3,0.8336241255879291,1.0874841820794343
NAR061119001,NAR,CJF_1,CJF,1,T,T-NAR061119001,4,4,0.9753839158854005,1.0874841820794343
NAR061119001,NAR,JRS_1,JRS,1,T,T-NAR061119001,4,1,0.2557198348466216,0.8196161131534371
NAR061119001,NAR,JRS_1,JRS,1,T,T-NAR061119001,4,2,0.432980421792714,0.8196161131534371
NAR061119001,NAR,JRS_1,JRS,1,T,T-NAR061119001,4,3,0.5885232018626121,0.8196161131534371
NAR061119001,NAR,JRS_1,JRS,1,T,T-NAR061119001,4,4,0.7131694949778499,0.8196161131534371
NAR061119001,NAR,LSR_1,LSR,1,T,T-NAR061119001,5,1,0.4818148807298889,1.1841663358668646
NAR061119001,NAR,LSR_1,LSR,1,T,T-NAR061119001,5,2,0.7012241525049134,1.1841663358668646
NAR061119001,NAR,LSR_1,LSR,1,T,T-NAR061119001,5,3,0.8022423811248212,1.1841663358668646
NAR061119001,NAR,LSR_1,LSR,1,T,T-NAR061119001,5,4,0.9512073717902201,1.1841663358668646
NAR061119001,NAR,LSR_1,LSR,1,T,T-NAR061119001,5,5,1.069772694608611,1.1841663358668646
NAR061119001,NAR,MJS_1,MJS,1,T,T-NAR061119001,4,1,0.5329151462514684,1.0595234773103575
NAR061119001,NAR,MJS_1,MJS,1,T,T-NAR061119001,4,2,0.6439891465334752,1.0595234773103575
NAR061119001,NAR,MJS_1,MJS,1,T,T-NAR061119001,4,3,0.8031453545813088,1.0595234773103575
NAR061119001,NAR,MJS_1,MJS,1,T,T-NAR061119001,4,4,0.9533462933548448,1.0595234773103575
NAR061119002,NAR,CJF_1,CJF,1,T,T-NAR061119002,2,1,0.383167898793758,0.8059327473716431
NAR061119002,NAR,CJF_1,CJF,1,T,T-NAR061119002,2,2,0.6226663028110873,0.8059327473716431
NAR061119002,NAR,JRS_1,JRS,1,T,T-NAR061119002,0,NA,NA,0.49909400043625946
NAR061119002,NAR,LSR_1,LSR,1,T,T-NAR061119002,2,1,0.4027876769377756,0.6019222896546084
NAR061119002,NAR,LSR_1,LSR,1,T,T-NAR061119002,2,2,0.5527034429134133,0.6019222896546084
NAR061119002,NAR,MJS_1,MJS,1,T,T-NAR061119002,2,1,0.32749451033087784,0.701931660463241
NAR061119002,NAR,MJS_1,MJS,1,T,T-NAR061119002,2,2,0.5363059691229725,0.701931660463241
NAR061119003,NAR,CJF_1,CJF,1,T,T-NAR061119003,2,1,0.581727230062493,0.9355122112887962
NAR061119003,NAR,CJF_1,CJF,1,T,T-NAR061119003,2,2,0.8013310816598882,0.9355122112887962
NAR061119003,NAR,JRS_1,JRS,1,T,T-NAR061119003,2,1,0.5458661494483394,0.8705859298533035
NAR061119003,NAR,JRS_1,JRS,1,T,T-NAR061119003,2,2,0.7549406107040175,0.8705859298533035
NAR061119003,NAR,LSR_1,LSR,1,T,T-NAR061119003,4,1,0.42707422385952903,0.9244565578425078
NAR061119003,NAR,LSR_1,LSR,1,T,T-NAR061119003,4,2,0.5049044447797058,0.9244565578425078
NAR061119003,NAR,LSR_1,LSR,1,T,T-NAR061119003,4,3,0.6156273917062505,0.9244565578425078
NAR061119003,NAR,LSR_1,LSR,1,T,T-NAR061119003,4,4,0.786113406191811,0.9244565578425078
NAR061119003,NAR,MJS_1,MJS,1,T,T-NAR061119003,2,1,0.5780466554280178,0.9070504207735159
NAR061119003,NAR,MJS_1,MJS,1,T,T-NAR061119003,2,2,0.7931946799296725,0.9070504207735159
NAR061119004,NAR,CJF_1,CJF,1,T,T-NAR061119004,1,1,0.5655569503818371,0.7315585564449161
NAR061119004,NAR,JRS_1,JRS,1,T,T-NAR061119004,0,NA,NA,0.6026054733162611
NAR061119004,NAR,LSR_1,LSR,1,T,T-NAR061119004,5,1,0.26995392951497993,0.7213595792679668
NAR061119004,NAR,LSR_1,LSR,1,T,T-NAR061119004,5,2,0.38891698515347584,0.7213595792679668
NAR061119004,NAR,LSR_1,LSR,1,T,T-NAR061119004,5,3,0.48433017444051063,0.7213595792679668
NAR061119004,NAR,LSR_1,LSR,1,T,T-NAR061119004,5,4,0.5620175604776193,0.7213595792679668
NAR061119004,NAR,LSR_1,LSR,1,T,T-NAR061119004,5,5,0.6288901232748645,0.7213595792679668
NAR061119004,NAR,MJS_1,MJS,1,T,T-NAR061119004,1,1,0.4319640397589921,0.5593404112266229
NAR061119005,NAR,CJF_1,CJF,1,T,T-NAR061119005,2,1,0.5488448698878982,0.9103053959796665
NAR061119005,NAR,CJF_1,CJF,1,T,T-NAR061119005,2,2,0.75894085748316,0.9103053959796665
NAR061119005,NAR,JRS_1,JRS,1,T,T-NAR061119005,1,1,0.4875051964661543,0.6333233327307912
NAR061119005,NAR,LSR_1,LSR,1,T,T-NAR061119005,2,1,0.49256423431491947,0.8591295888992593
NAR061119005,NAR,LSR_1,LSR,1,T,T-NAR061119005,2,2,0.7211945582637905,0.8591295888992593
NAR061119005,NAR,MJS_1,MJS,1,T,T-NAR061119005,2,1,0.5761221415728607,0.9757811329367512
NAR061119005,NAR,MJS_1,MJS,1,T,T-NAR061119005,2,2,0.8266175679025093,0.9757811329367512
NAR061119006,NAR,CJF_1,CJF,1,T,T-NAR061119006,4,1,0.6026016620632373,1.1246305360227151
NAR061119006,NAR,CJF_1,CJF,1,T,T-NAR061119006,4,2,0.808004668230001,1.1246305360227151
NAR061119006,NAR,CJF_1,CJF,1,T,T-NAR061119006,4,3,0.9285156279990157,1.1246305360227151
NAR061119006,NAR,CJF_1,CJF,1,T,T-NAR061119006,4,4,1.0402496493586297,1.1246305360227151
NAR061119006,NAR,JRS_1,JRS,1,T,T-NAR061119006,4,1,0.4767489237973295,0.9808645560782178
NAR061119006,NAR,JRS_1,JRS,1,T,T-NAR061119006,4,2,0.6544069026310817,0.9808645560782178
NAR061119006,NAR,JRS_1,JRS,1,T,T-NAR061119006,4,3,0.7795166223132245,0.9808645560782178
NAR061119006,NAR,JRS_1,JRS,1,T,T-NAR061119006,4,4,0.8896770183261585,0.9808645560782178
NAR061119006,NAR,LSR_1,LSR,1,T,T-NAR061119006,4,1,0.6209416676647337,1.113674653767206
NAR061119006,NAR,LSR_1,LSR,1,T,T-NAR061119006,4,2,0.7955125395701942,1.113674653767206
NAR061119006,NAR,LSR_1,LSR,1,T,T-NAR061119006,4,3,0.9337617534633177,1.113674653767206
NAR061119006,NAR,LSR_1,LSR,1,T,T-NAR061119006,4,4,1.0288457238583584,1.113674653767206
NAR061119006,NAR,MJS_1,MJS,1,T,T-NAR061119006,4,1,0.5800462063918758,1.0905623586565156
NAR061119006,NAR,MJS_1,MJS,1,T,T-NAR061119006,4,2,0.7660683014494286,1.0905623586565156
NAR061119006,NAR,MJS_1,MJS,1,T,T-NAR061119006,4,3,0.8794353703351809,1.0905623586565156
NAR061119006,NAR,MJS_1,MJS,1,T,T-NAR061119006,4,4,1.0019754030620969,1.0905623586565156
NAR061119007,NAR,CJF_1,CJF,1,T,T-NAR061119007,12,1,0.5983806553104979,1.6986806765842282
NAR061119007,NAR,CJF_1,CJF,1,T,T-NAR061119007,12,2,0.8005295850409819,1.6986806765842282
NAR061119007,NAR,CJF_1,CJF,1,T,T-NAR061119007,12,3,0.9234266310350602,1.6986806765842282
NAR061119007,NAR,CJF_1,CJF,1,T,T-NAR061119007,12,4,1.0158686999928568,1.6986806765842282
NAR061119007,NAR,CJF_1,CJF,1,T,T-NAR061119007,12,5,1.1203961232210768,1.6986806765842282
NAR061119007,NAR,CJF_1,CJF,1,T,T-NAR061119007,12,6,1.1973275726474868,1.6986806765842282
NAR061119007,NAR,CJF_1,CJF,1,T,T-NAR061119007,12,7,1.2553508303835637,1.6986806765842282
NAR061119007,NAR,CJF_1,CJF,1,T,T-NAR061119007,12,8,1.3271305353675218,1.6986806765842282
NAR061119007,NAR,CJF_1,CJF,1,T,T-NAR061119007,12,9,1.3891453203910522,1.6986806765842282
NAR061119007,NAR,CJF_1,CJF,1,T,T-NAR061119007,12,10,1.4706899453354383,1.6986806765842282
NAR061119007,NAR,CJF_1,CJF,1,T,T-NAR061119007,12,11,1.5482153498903555,1.6986806765842282
NAR061119007,NAR,CJF_1,CJF,1,T,T-NAR061119007,12,12,1.6096638728873944,1.6986806765842282
NAR061119007,NAR,JRS_1,JRS,1,T,T-NAR061119007,12,1,0.6388081722480484,1.696531819146894
NAR061119007,NAR,JRS_1,JRS,1,T,T-NAR061119007,12,2,0.8255967407932996,1.696531819146894
NAR061119007,NAR,JRS_1,JRS,1,T,T-NAR061119007,12,3,0.9485253290906909,1.696531819146894
NAR061119007,NAR,JRS_1,JRS,1,T,T-NAR061119007,12,4,1.0465500240352075,1.696531819146894
NAR061119007,NAR,JRS_1,JRS,1,T,T-NAR061119007,12,5,1.1339313889384142,1.696531819146894
NAR061119007,NAR,JRS_1,JRS,1,T,T-NAR061119007,12,6,1.2067302674771834,1.696531819146894
NAR061119007,NAR,JRS_1,JRS,1,T,T-NAR061119007,12,7,1.2812335777663528,1.696531819146894
NAR061119007,NAR,JRS_1,JRS,1,T,T-NAR061119007,12,8,1.3366849525456297,1.696531819146894
NAR061119007,NAR,JRS_1,JRS,1,T,T-NAR061119007,12,9,1.4050143819389445,1.696531819146894
NAR061119007,NAR,JRS_1,JRS,1,T,T-NAR061119007,12,10,1.4809002009256411,1.696531819146894
NAR061119007,NAR,JRS_1,JRS,1,T,T-NAR061119007,12,11,1.562107684932993,1.696531819146894
NAR061119007,NAR,JRS_1,JRS,1,T,T-NAR061119007,12,12,1.6282023897535796,1.696531819146894
NAR061119007,NAR,LSR_1,LSR,1,T,T-NAR061119007,12,1,0.5804525631381063,1.683170264873008
NAR061119007,NAR,LSR_1,LSR,1,T,T-NAR061119007,12,2,0.776746265822844,1.683170264873008
NAR061119007,NAR,LSR_1,LSR,1,T,T-NAR061119007,12,3,0.9005341724822826,1.683170264873008
NAR061119007,NAR,LSR_1,LSR,1,T,T-NAR061119007,12,4,1.0037076861541365,1.683170264873008
NAR061119007,NAR,LSR_1,LSR,1,T,T-NAR061119007,12,5,1.0813924676098134,1.683170264873008
NAR061119007,NAR,LSR_1,LSR,1,T,T-NAR061119007,12,6,1.162123711083361,1.683170264873008
NAR061119007,NAR,LSR_1,LSR,1,T,T-NAR061119007,12,7,1.2199049406889564,1.683170264873008
NAR061119007,NAR,LSR_1,LSR,1,T,T-NAR061119007,12,8,1.299925343025,1.683170264873008
NAR061119007,NAR,LSR_1,LSR,1,T,T-NAR061119007,12,9,1.3560817928877316,1.683170264873008
NAR061119007,NAR,LSR_1,LSR,1,T,T-NAR061119007,12,10,1.441484278122012,1.683170264873008
NAR061119007,NAR,LSR_1,LSR,1,T,T-NAR061119007,12,11,1.5292223842366597,1.683170264873008
NAR061119007,NAR,LSR_1,LSR,1,T,T-NAR061119007,12,12,1.607110263160195,1.683170264873008
NAR061119007,NAR,MJS_1,MJS,1,T,T-NAR061119007,12,1,0.5929821212360975,1.6810086077026274
NAR061119007,NAR,MJS_1,MJS,1,T,T-NAR061119007,12,2,0.7903783935585,1.6810086077026274
NAR061119007,NAR,MJS_1,MJS,1,T,T-NAR061119007,12,3,0.8952089571340212,1.6810086077026274
NAR061119007,NAR,MJS_1,MJS,1,T,T-NAR061119007,12,4,1.0069158662227198,1.6810086077026274
NAR061119007,NAR,MJS_1,MJS,1,T,T-NAR061119007,12,5,1.0910844691453512,1.6810086077026274
NAR061119007,NAR,MJS_1,MJS,1,T,T-NAR061119007,12,6,1.1630046792960202,1.6810086077026274
NAR061119007,NAR,MJS_1,MJS,1,T,T-NAR061119007,12,7,1.236462111814438,1.6810086077026274
NAR061119007,NAR,MJS_1,MJS,1,T,T-NAR061119007,12,8,1.3030267367630002,1.6810086077026274
NAR061119007,NAR,MJS_1,MJS,1,T,T-NAR061119007,12,9,1.3726658064470618,1.6810086077026274
NAR061119007,NAR,MJS_1,MJS,1,T,T-NAR061119007,12,10,1.4583551696807648,1.6810086077026274
NAR061119007,NAR,MJS_1,MJS,1,T,T-NAR061119007,12,11,1.5386889477123618,1.6810086077026274
NAR061119007,NAR,MJS_1,MJS,1,T,T-NAR061119007,12,12,1.6014352098265667,1.6810086077026274
NAR061119008,NAR,CJF_1,CJF,1,T,T-NAR061119008,13,1,0.636200775483795,1.6326778106486792
NAR061119008,NAR,CJF_1,CJF,1,T,T-NAR061119008,13,2,0.7855533771282305,1.6326778106486792
NAR061119008,NAR,CJF_1,CJF,1,T,T-NAR061119008,13,3,0.8898663600382021,1.6326778106486792
NAR061119008,NAR,CJF_1,CJF,1,T,T-NAR061119008,13,4,0.9791797001015587,1.6326778106486792
NAR061119008,NAR,CJF_1,CJF,1,T,T-NAR061119008,13,5,1.0471220769060392,1.6326778106486792
NAR061119008,NAR,CJF_1,CJF,1,T,T-NAR061119008,13,6,1.1190160113222192,1.6326778106486792
NAR061119008,NAR,CJF_1,CJF,1,T,T-NAR061119008,13,7,1.1909506359330169,1.6326778106486792
NAR061119008,NAR,CJF_1,CJF,1,T,T-NAR061119008,13,8,1.2509898975140958,1.6326778106486792
NAR061119008,NAR,CJF_1,CJF,1,T,T-NAR061119008,13,9,1.3102632616896046,1.6326778106486792
NAR061119008,NAR,CJF_1,CJF,1,T,T-NAR061119008,13,10,1.3592544380357687,1.6326778106486792
NAR061119008,NAR,CJF_1,CJF,1,T,T-NAR061119008,13,11,1.4327615476523226,1.6326778106486792
NAR061119008,NAR,CJF_1,CJF,1,T,T-NAR061119008,13,12,1.5117926998863347,1.6326778106486792
NAR061119008,NAR,CJF_1,CJF,1,T,T-NAR061119008,13,13,1.5568323186207975,1.6326778106486792
NAR061119008,NAR,JRS_1,JRS,1,T,T-NAR061119008,13,1,0.37079433213088,1.457013780801182
NAR061119008,NAR,JRS_1,JRS,1,T,T-NAR061119008,13,2,0.5073756075913332,1.457013780801182
NAR061119008,NAR,JRS_1,JRS,1,T,T-NAR061119008,13,3,0.6526326020058122,1.457013780801182
NAR061119008,NAR,JRS_1,JRS,1,T,T-NAR061119008,13,4,0.7552998745382351,1.457013780801182
NAR061119008,NAR,JRS_1,JRS,1,T,T-NAR061119008,13,5,0.8422690184372553,1.457013780801182
NAR061119008,NAR,JRS_1,JRS,1,T,T-NAR061119008,13,6,0.9135400337028734,1.457013780801182
NAR061119008,NAR,JRS_1,JRS,1,T,T-NAR061119008,13,7,0.9900437585129587,1.457013780801182
NAR061119008,NAR,JRS_1,JRS,1,T,T-NAR061119008,13,8,1.047603563502102,1.457013780801182
NAR061119008,NAR,JRS_1,JRS,1,T,T-NAR061119008,13,9,1.1260942066691149,1.457013780801182
NAR061119008,NAR,JRS_1,JRS,1,T,T-NAR061119008,13,10,1.1796801749444028,1.457013780801182
NAR061119008,NAR,JRS_1,JRS,1,T,T-NAR061119008,13,11,1.2287614792015378,1.457013780801182
NAR061119008,NAR,JRS_1,JRS,1,T,T-NAR061119008,13,12,1.2928128665657612,1.457013780801182
NAR061119008,NAR,JRS_1,JRS,1,T,T-NAR061119008,13,13,1.3817689288217092,1.457013780801182
NAR061119008,NAR,LSR_1,LSR,1,T,T-NAR061119008,14,1,0.46780346559261915,1.5491546930067313
NAR061119008,NAR,LSR_1,LSR,1,T,T-NAR061119008,14,2,0.5997908285370704,1.5491546930067313
NAR061119008,NAR,LSR_1,LSR,1,T,T-NAR061119008,14,3,0.7028019668991059,1.5491546930067313
NAR061119008,NAR,LSR_1,LSR,1,T,T-NAR061119008,14,4,0.8313331630418903,1.5491546930067313
NAR061119008,NAR,LSR_1,LSR,1,T,T-NAR061119008,14,5,0.921849997900815,1.5491546930067313
NAR061119008,NAR,LSR_1,LSR,1,T,T-NAR061119008,14,6,0.9710960329064721,1.5491546930067313
NAR061119008,NAR,LSR_1,LSR,1,T,T-NAR061119008,14,7,1.0373554397659617,1.5491546930067313
NAR061119008,NAR,LSR_1,LSR,1,T,T-NAR061119008,14,8,1.1141153413404643,1.5491546930067313
NAR061119008,NAR,LSR_1,LSR,1,T,T-NAR061119008,14,9,1.1948628604911606,1.5491546930067313
NAR061119008,NAR,LSR_1,LSR,1,T,T-NAR061119008,14,10,1.2421150867087205,1.5491546930067313
NAR061119008,NAR,LSR_1,LSR,1,T,T-NAR061119008,14,11,1.296611369071885,1.5491546930067313
NAR061119008,NAR,LSR_1,LSR,1,T,T-NAR061119008,14,12,1.366127214500783,1.5491546930067313
NAR061119008,NAR,LSR_1,LSR,1,T,T-NAR061119008,14,13,1.4351116091551546,1.5491546930067313
NAR061119008,NAR,LSR_1,LSR,1,T,T-NAR061119008,14,14,1.4771135880152075,1.5491546930067313
NAR061119008,NAR,MJS_1,MJS,1,T,T-NAR061119008,13,1,0.640536740463672,1.614003807523207
NAR061119008,NAR,MJS_1,MJS,1,T,T-NAR061119008,13,2,0.7590767744046981,1.614003807523207
NAR061119008,NAR,MJS_1,MJS,1,T,T-NAR061119008,13,3,0.878612932310485,1.614003807523207
NAR061119008,NAR,MJS_1,MJS,1,T,T-NAR061119008,13,4,0.9671360888775219,1.614003807523207
NAR061119008,NAR,MJS_1,MJS,1,T,T-NAR061119008,13,5,1.0471589021363,1.614003807523207
NAR061119008,NAR,MJS_1,MJS,1,T,T-NAR061119008,13,6,1.1145197590310518,1.614003807523207
NAR061119008,NAR,MJS_1,MJS,1,T,T-NAR061119008,13,7,1.1826996226938422,1.614003807523207
NAR061119008,NAR,MJS_1,MJS,1,T,T-NAR061119008,13,8,1.2488872384271104,1.614003807523207
NAR061119008,NAR,MJS_1,MJS,1,T,T-NAR061119008,13,9,1.3044051457258747,1.614003807523207
NAR061119008,NAR,MJS_1,MJS,1,T,T-NAR061119008,13,10,1.3514227097163802,1.614003807523207
NAR061119008,NAR,MJS_1,MJS,1,T,T-NAR061119008,13,11,1.4217719385054162,1.614003807523207
NAR061119008,NAR,MJS_1,MJS,1,T,T-NAR061119008,13,12,1.4988063798699107,1.614003807523207
NAR061119008,NAR,MJS_1,MJS,1,T,T-NAR061119008,13,13,1.559482024189204,1.614003807523207
NAR061119009,NAR,LSR_1,LSR,1,T,T-NAR061119009,3,1,0.6775874746757165,1.0319974099094191
NAR061119009,NAR,LSR_1,LSR,1,T,T-NAR061119009,3,2,0.8279799837763783,1.0319974099094191
NAR061119009,NAR,LSR_1,LSR,1,T,T-NAR061119009,3,3,0.9416348016573385,1.0319974099094191
NAR061119026,NAR,JRS_1,JRS,1,T,T-NAR061119026,2,1,0.3757149398276968,0.6320119553986765
NAR061119026,NAR,JRS_1,JRS,1,T,T-NAR061119026,2,2,0.5192499033090895,0.6320119553986765
NAR061119026,NAR,LSR_1,LSR,1,T,T-NAR061119026,4,1,0.4120836916075934,0.9347555241662641
NAR061119026,NAR,LSR_1,LSR,1,T,T-NAR061119026,4,2,0.5617952918502789,0.9347555241662641
NAR061119026,NAR,LSR_1,LSR,1,T,T-NAR061119026,4,3,0.7310372224937507,0.9347555241662641
NAR061119026,NAR,LSR_1,LSR,1,T,T-NAR061119026,4,4,0.869947482450471,0.9347555241662641
NAR061119026,NAR,MJS_1,MJS,1,T,T-NAR061119026,2,1,0.3521895260738717,0.5550285562244286
NAR061119026,NAR,MJS_1,MJS,1,T,T-NAR061119026,2,2,0.45546155894221985,0.5550285562244286
NAR061119027,NAR,LSR_1,LSR,1,T,T-NAR061119027,3,1,0.422220451410087,0.8474794094359288
NAR061119027,NAR,LSR_1,LSR,1,T,T-NAR061119027,3,2,0.6694146636212676,0.8474794094359288
NAR061119027,NAR,LSR_1,LSR,1,T,T-NAR061119027,3,3,0.7690546873891381,0.8474794094359288
NAR061119029,NAR,CJF_1,CJF,1,T,T-NAR061119029,2,1,0.5136474245891427,0.927241135481191
NAR061119029,NAR,CJF_1,CJF,1,T,T-NAR061119029,2,2,0.7740936134186932,0.927241135481191
NAR061119029,NAR,JRS_1,JRS,1,T,T-NAR061119029,2,1,0.37478175366616173,0.7579270621782854
NAR061119029,NAR,JRS_1,JRS,1,T,T-NAR061119029,2,2,0.5972683332533367,0.7579270621782854
NAR061119029,NAR,LSR_1,LSR,1,T,T-NAR061119029,3,1,0.43558140100632775,0.997845506100703
NAR061119029,NAR,LSR_1,LSR,1,T,T-NAR061119029,3,2,0.5639969095125111,0.997845506100703
NAR061119029,NAR,LSR_1,LSR,1,T,T-NAR061119029,3,3,0.8452486597223335,0.997845506100703
NAR061119029,NAR,MJS_1,MJS,1,T,T-NAR061119029,2,1,0.5663621064046971,0.9506012650924123
NAR061119029,NAR,MJS_1,MJS,1,T,T-NAR061119029,2,2,0.8013820624793314,0.9506012650924123
NAR061119030,NAR,CJF_1,CJF,1,T,T-NAR061119030,2,1,0.43292042747593196,0.7729706846518138
NAR061119030,NAR,CJF_1,CJF,1,T,T-NAR061119030,2,2,0.6274464540423201,0.7729706846518138
NAR061119030,NAR,JRS_1,JRS,1,T,T-NAR061119030,2,1,0.2591027734851402,0.5971667289765555
NAR061119030,NAR,JRS_1,JRS,1,T,T-NAR061119030,2,2,0.4548916255693596,0.5971667289765555
NAR061119030,NAR,LSR_1,LSR,1,T,T-NAR061119030,2,1,0.439588027545155,0.7420272939961202
NAR061119030,NAR,LSR_1,LSR,1,T,T-NAR061119030,2,2,0.603618659706747,0.7420272939961202
NAR061119030,NAR,MJS_1,MJS,1,T,T-NAR061119030,2,1,0.5557157792232864,0.8895275792322437
NAR061119030,NAR,MJS_1,MJS,1,T,T-NAR061119030,2,2,0.7454550766360837,0.8895275792322437
NAR061119031,NAR,CJF_1,CJF,1,T,T-NAR061119031,2,1,0.3555013823624147,0.6695064045739413
NAR061119031,NAR,CJF_1,CJF,1,T,T-NAR061119031,2,2,0.541880558799339,0.6695064045739413
NAR061119031,NAR,JRS_1,JRS,1,T,T-NAR061119031,2,1,0.47013092171580795,0.7921188823114063
NAR061119031,NAR,JRS_1,JRS,1,T,T-NAR061119031,2,2,0.6624295909298312,0.7921188823114063
NAR061119031,NAR,LSR_1,LSR,1,T,T-NAR061119031,2,1,0.5481174568527816,0.8281143344212173
NAR061119031,NAR,LSR_1,LSR,1,T,T-NAR061119031,2,2,0.7132061622905375,0.8281143344212173
NAR061119031,NAR,MJS_1,MJS,1,T,T-NAR061119031,2,1,0.5182085752876177,0.8199155818230073
NAR061119031,NAR,MJS_1,MJS,1,T,T-NAR061119031,2,2,0.7026442697865253,0.8199155818230073
NAR061119032,NAR,CJF_1,CJF,1,T,T-NAR061119032,8,1,0.44586854789743546,1.1820493527383487
NAR061119032,NAR,CJF_1,CJF,1,T,T-NAR061119032,8,2,0.6193902369346088,1.1820493527383487
NAR061119032,NAR,CJF_1,CJF,1,T,T-NAR061119032,8,3,0.7269264755554266,1.1820493527383487
NAR061119032,NAR,CJF_1,CJF,1,T,T-NAR061119032,8,4,0.8144428985844328,1.1820493527383487
NAR061119032,NAR,CJF_1,CJF,1,T,T-NAR061119032,8,5,0.8755493248545718,1.1820493527383487
NAR061119032,NAR,CJF_1,CJF,1,T,T-NAR061119032,8,6,0.9430063908109543,1.1820493527383487
NAR061119032,NAR,CJF_1,CJF,1,T,T-NAR061119032,8,7,1.0197573275336351,1.1820493527383487
NAR061119032,NAR,CJF_1,CJF,1,T,T-NAR061119032,8,8,1.1155601833150468,1.1820493527383487
NAR061119032,NAR,JRS_1,JRS,1,T,T-NAR061119032,8,1,0.4090109079483482,1.134625879615257
NAR061119032,NAR,JRS_1,JRS,1,T,T-NAR061119032,8,2,0.5835270968648038,1.134625879615257
NAR061119032,NAR,JRS_1,JRS,1,T,T-NAR061119032,8,3,0.6844249734944261,1.134625879615257
NAR061119032,NAR,JRS_1,JRS,1,T,T-NAR061119032,8,4,0.7734895350959398,1.134625879615257
NAR061119032,NAR,JRS_1,JRS,1,T,T-NAR061119032,8,5,0.8419590976112125,1.134625879615257
NAR061119032,NAR,JRS_1,JRS,1,T,T-NAR061119032,8,6,0.9258749094411655,1.134625879615257
NAR061119032,NAR,JRS_1,JRS,1,T,T-NAR061119032,8,7,0.997686754584712,1.134625879615257
NAR061119032,NAR,JRS_1,JRS,1,T,T-NAR061119032,8,8,1.069498599728259,1.134625879615257
NAR061119032,NAR,LSR_1,LSR,1,T,T-NAR061119032,9,1,0.38430101882743434,1.2770802801161647
NAR061119032,NAR,LSR_1,LSR,1,T,T-NAR061119032,9,2,0.5233118620543262,1.2770802801161647
NAR061119032,NAR,LSR_1,LSR,1,T,T-NAR061119032,9,3,0.687685119910616,1.2770802801161647
NAR061119032,NAR,LSR_1,LSR,1,T,T-NAR061119032,9,4,0.782444275237929,1.2770802801161647
NAR061119032,NAR,LSR_1,LSR,1,T,T-NAR061119032,9,5,0.8990350408168845,1.2770802801161647
NAR061119032,NAR,LSR_1,LSR,1,T,T-NAR061119032,9,6,0.9555809259417093,1.2770802801161647
NAR061119032,NAR,LSR_1,LSR,1,T,T-NAR061119032,9,7,1.0242036464607167,1.2770802801161647
NAR061119032,NAR,LSR_1,LSR,1,T,T-NAR061119032,9,8,1.1150608918450449,1.2770802801161647
NAR061119032,NAR,LSR_1,LSR,1,T,T-NAR061119032,9,9,1.1948008747967123,1.2770802801161647
NAR061119032,NAR,MJS_1,MJS,1,T,T-NAR061119032,8,1,0.5365560643479348,1.2732871629890525
NAR061119032,NAR,MJS_1,MJS,1,T,T-NAR061119032,8,2,0.7209835066112765,1.2732871629890525
NAR061119032,NAR,MJS_1,MJS,1,T,T-NAR061119032,8,3,0.8065017601590121,1.2732871629890525
NAR061119032,NAR,MJS_1,MJS,1,T,T-NAR061119032,8,4,0.8901226856613513,1.2732871629890525
NAR061119032,NAR,MJS_1,MJS,1,T,T-NAR061119032,8,5,0.978916253704208,1.2732871629890525
NAR061119032,NAR,MJS_1,MJS,1,T,T-NAR061119032,8,6,1.0479979219972406,1.2732871629890525
NAR061119032,NAR,MJS_1,MJS,1,T,T-NAR061119032,8,7,1.123630219280515,1.2732871629890525
NAR061119032,NAR,MJS_1,MJS,1,T,T-NAR061119032,8,8,1.2037461658794457,1.2732871629890525
NAR061119033,NAR,CJF_1,CJF,1,T,T-NAR061119033,6,1,0.46980850169994165,1.4376044332022175
NAR061119033,NAR,CJF_1,CJF,1,T,T-NAR061119033,6,2,0.6296736780252722,1.4376044332022175
NAR061119033,NAR,CJF_1,CJF,1,T,T-NAR061119033,6,3,0.8441608055943065,1.4376044332022175
NAR061119033,NAR,CJF_1,CJF,1,T,T-NAR061119033,6,4,1.0254432745520188,1.4376044332022175
NAR061119033,NAR,CJF_1,CJF,1,T,T-NAR061119033,6,5,1.1865979377223081,1.4376044332022175
NAR061119033,NAR,CJF_1,CJF,1,T,T-NAR061119033,6,6,1.327914112598688,1.4376044332022175
NAR061119033,NAR,JRS_1,JRS,1,T,T-NAR061119033,3,1,0.7233759066216962,1.2911176554454933
NAR061119033,NAR,JRS_1,JRS,1,T,T-NAR061119033,3,2,1.0575195759105567,1.2911176554454933
NAR061119033,NAR,JRS_1,JRS,1,T,T-NAR061119033,3,3,1.1853946307929648,1.2911176554454933
NAR061119033,NAR,LSR_1,LSR,1,T,T-NAR061119033,7,1,0.40747878141992716,1.3762732477251454
NAR061119033,NAR,LSR_1,LSR,1,T,T-NAR061119033,7,2,0.5182753352406777,1.3762732477251454
NAR061119033,NAR,LSR_1,LSR,1,T,T-NAR061119033,7,3,0.594424485540922,1.3762732477251454
NAR061119033,NAR,LSR_1,LSR,1,T,T-NAR061119033,7,4,0.8140518604442173,1.3762732477251454
NAR061119033,NAR,LSR_1,LSR,1,T,T-NAR061119033,7,5,1.0067918774818743,1.3762732477251454
NAR061119033,NAR,LSR_1,LSR,1,T,T-NAR061119033,7,6,1.1488343845180045,1.3762732477251454
NAR061119033,NAR,LSR_1,LSR,1,T,T-NAR061119033,7,7,1.2810996705120847,1.3762732477251454
NAR061119033,NAR,MJS_1,MJS,1,T,T-NAR061119033,5,1,0.6785678328360368,1.4700059523195685
NAR061119033,NAR,MJS_1,MJS,1,T,T-NAR061119033,5,2,0.893795534221929,1.4700059523195685
NAR061119033,NAR,MJS_1,MJS,1,T,T-NAR061119033,5,3,1.0767597898299535,1.4700059523195685
NAR061119033,NAR,MJS_1,MJS,1,T,T-NAR061119033,5,4,1.2277712411103576,1.4700059523195685
NAR061119033,NAR,MJS_1,MJS,1,T,T-NAR061119033,5,5,1.354300353394635,1.4700059523195685
NAR061119034,NAR,CJF_1,CJF,1,T,T-NAR061119034,14,1,0.4601312180103851,1.8183345506206625
NAR061119034,NAR,CJF_1,CJF,1,T,T-NAR061119034,14,2,0.6688686823337127,1.8183345506206625
NAR061119034,NAR,CJF_1,CJF,1,T,T-NAR061119034,14,3,0.8035335622643279,1.8183345506206625
NAR061119034,NAR,CJF_1,CJF,1,T,T-NAR061119034,14,4,0.9262411047454943,1.8183345506206625
NAR061119034,NAR,CJF_1,CJF,1,T,T-NAR061119034,14,5,1.0261541195877917,1.8183345506206625
NAR061119034,NAR,CJF_1,CJF,1,T,T-NAR061119034,14,6,1.1187669163726701,1.8183345506206625
NAR061119034,NAR,CJF_1,CJF,1,T,T-NAR061119034,14,7,1.211782517302877,1.8183345506206625
NAR061119034,NAR,CJF_1,CJF,1,T,T-NAR061119034,14,8,1.281802188521551,1.8183345506206625
NAR061119034,NAR,CJF_1,CJF,1,T,T-NAR061119034,14,9,1.37076487627772,1.8183345506206625
NAR061119034,NAR,CJF_1,CJF,1,T,T-NAR061119034,14,10,1.4384559878003786,1.8183345506206625
NAR061119034,NAR,CJF_1,CJF,1,T,T-NAR061119034,14,11,1.511005620787732,1.8183345506206625
NAR061119034,NAR,CJF_1,CJF,1,T,T-NAR061119034,14,12,1.5891311183544816,1.8183345506206625
NAR061119034,NAR,CJF_1,CJF,1,T,T-NAR061119034,14,13,1.6691823714719183,1.8183345506206625
NAR061119034,NAR,CJF_1,CJF,1,T,T-NAR061119034,14,14,1.7479120752566604,1.8183345506206625
NAR061119034,NAR,JRS_1,JRS,1,T,T-NAR061119034,14,1,0.41198818821485983,1.6828495537790262
NAR061119034,NAR,JRS_1,JRS,1,T,T-NAR061119034,14,2,0.5473771202406501,1.6828495537790262
NAR061119034,NAR,JRS_1,JRS,1,T,T-NAR061119034,14,3,0.6827660522664405,1.6828495537790262
NAR061119034,NAR,JRS_1,JRS,1,T,T-NAR061119034,14,4,0.7839177471172224,1.6828495537790262
NAR061119034,NAR,JRS_1,JRS,1,T,T-NAR061119034,14,5,0.8817085194344266,1.6828495537790262
NAR061119034,NAR,JRS_1,JRS,1,T,T-NAR061119034,14,6,0.9662964908024098,1.6828495537790262
NAR061119034,NAR,JRS_1,JRS,1,T,T-NAR061119034,14,7,1.056705854307881,1.6828495537790262
NAR061119034,NAR,JRS_1,JRS,1,T,T-NAR061119034,14,8,1.133912416864131,1.6828495537790262
NAR061119034,NAR,JRS_1,JRS,1,T,T-NAR061119034,14,9,1.2185003882321142,1.6828495537790262
NAR061119034,NAR,JRS_1,JRS,1,T,T-NAR061119034,14,10,1.2927962547196201,1.6828495537790262
NAR061119034,NAR,JRS_1,JRS,1,T,T-NAR061119034,14,11,1.362171181999304,1.6828495537790262
NAR061119034,NAR,JRS_1,JRS,1,T,T-NAR061119034,14,12,1.4389275180907208,1.6828495537790262
NAR061119034,NAR,JRS_1,JRS,1,T,T-NAR061119034,14,13,1.5293368815961923,1.6828495537790262
NAR061119034,NAR,JRS_1,JRS,1,T,T-NAR061119034,14,14,1.6271276539133965,1.6828495537790262
NAR061119034,NAR,LSR_1,LSR,1,T,T-NAR061119034,15,1,0.46305905204353565,1.8548859897708136
NAR061119034,NAR,LSR_1,LSR,1,T,T-NAR061119034,15,2,0.527662865335947,1.8548859897708136
NAR061119034,NAR,LSR_1,LSR,1,T,T-NAR061119034,15,3,0.7036465875881512,1.8548859897708136
NAR061119034,NAR,LSR_1,LSR,1,T,T-NAR061119034,15,4,0.8527000417426558,1.8548859897708136
NAR061119034,NAR,LSR_1,LSR,1,T,T-NAR061119034,15,5,0.972029295492459,1.8548859897708136
NAR061119034,NAR,LSR_1,LSR,1,T,T-NAR061119034,15,6,1.0559023335132236,1.8548859897708136
NAR061119034,NAR,LSR_1,LSR,1,T,T-NAR061119034,15,7,1.1397753715339878,1.8548859897708136
NAR061119034,NAR,LSR_1,LSR,1,T,T-NAR061119034,15,8,1.2345358373620976,1.8548859897708136
NAR061119034,NAR,LSR_1,LSR,1,T,T-NAR061119034,15,9,1.3101712291721868,1.8548859897708136
NAR061119034,NAR,LSR_1,LSR,1,T,T-NAR061119034,15,10,1.4134576426316363,1.8548859897708136
NAR061119034,NAR,LSR_1,LSR,1,T,T-NAR061119034,15,11,1.4759882771687067,1.8548859897708136
NAR061119034,NAR,LSR_1,LSR,1,T,T-NAR061119034,15,12,1.5569232321721362,1.8548859897708136
NAR061119034,NAR,LSR_1,LSR,1,T,T-NAR061119034,15,13,1.629908842385555,1.8548859897708136
NAR061119034,NAR,LSR_1,LSR,1,T,T-NAR061119034,15,14,1.7112762495199816,1.8548859897708136
NAR061119034,NAR,LSR_1,LSR,1,T,T-NAR061119034,15,15,1.7761683642330575,1.8548859897708136
NAR061119034,NAR,MJS_1,MJS,1,T,T-NAR061119034,14,1,0.48716984644023176,1.772416320074904
NAR061119034,NAR,MJS_1,MJS,1,T,T-NAR061119034,14,2,0.6207423960125684,1.772416320074904
NAR061119034,NAR,MJS_1,MJS,1,T,T-NAR061119034,14,3,0.763953249053898,1.772416320074904
NAR061119034,NAR,MJS_1,MJS,1,T,T-NAR061119034,14,4,0.871921167208158,1.772416320074904
NAR061119034,NAR,MJS_1,MJS,1,T,T-NAR061119034,14,5,0.9643120734124027,1.772416320074904
NAR061119034,NAR,MJS_1,MJS,1,T,T-NAR061119034,14,6,1.0663412830856402,1.772416320074904
NAR061119034,NAR,MJS_1,MJS,1,T,T-NAR061119034,14,7,1.1462949939545757,1.772416320074904
NAR061119034,NAR,MJS_1,MJS,1,T,T-NAR061119034,14,8,1.2273682615700379,1.772416320074904
NAR061119034,NAR,MJS_1,MJS,1,T,T-NAR061119034,14,9,1.2971238905967177,1.772416320074904
NAR061119034,NAR,MJS_1,MJS,1,T,T-NAR061119034,14,10,1.3722584497311574,1.772416320074904
NAR061119034,NAR,MJS_1,MJS,1,T,T-NAR061119034,14,11,1.452771938973356,1.772416320074904
NAR061119034,NAR,MJS_1,MJS,1,T,T-NAR061119034,14,12,1.5446030668043378,1.772416320074904
NAR061119034,NAR,MJS_1,MJS,1,T,T-NAR061119034,14,13,1.628085910287048,1.772416320074904
NAR061119034,NAR,MJS_1,MJS,1,T,T-NAR061119034,14,14,1.7169476838775182,1.772416320074904
NAR061119035,NAR,CJF_1,CJF,1,T,T-NAR061119035,12,1,0.5505913075463752,1.6026924120799908
NAR061119035,NAR,CJF_1,CJF,1,T,T-NAR061119035,12,2,0.7260189022972285,1.6026924120799908
NAR061119035,NAR,CJF_1,CJF,1,T,T-NAR061119035,12,3,0.8402239605093398,1.6026924120799908
NAR061119035,NAR,CJF_1,CJF,1,T,T-NAR061119035,12,4,0.9471311674663861,1.6026924120799908
NAR061119035,NAR,CJF_1,CJF,1,T,T-NAR061119035,12,5,1.0312026570479307,1.6026924120799908
NAR061119035,NAR,CJF_1,CJF,1,T,T-NAR061119035,12,6,1.1089581659866192,1.6026924120799908
NAR061119035,NAR,CJF_1,CJF,1,T,T-NAR061119035,12,7,1.1784471887253347,1.6026924120799908
NAR061119035,NAR,CJF_1,CJF,1,T,T-NAR061119035,12,8,1.2586309028599447,1.6026924120799908
NAR061119035,NAR,CJF_1,CJF,1,T,T-NAR061119035,12,9,1.3179161695088693,1.6026924120799908
NAR061119035,NAR,CJF_1,CJF,1,T,T-NAR061119035,12,10,1.3854679223577673,1.6026924120799908
NAR061119035,NAR,CJF_1,CJF,1,T,T-NAR061119035,12,11,1.4714634461618297,1.6026924120799908
NAR061119035,NAR,CJF_1,CJF,1,T,T-NAR061119035,12,12,1.5312528837841586,1.6026924120799908
NAR061119035,NAR,JRS_1,JRS,1,T,T-NAR061119035,13,1,0.6147683998108948,1.5498701162768058
NAR061119035,NAR,JRS_1,JRS,1,T,T-NAR061119035,13,2,0.688591039594777,1.5498701162768058
NAR061119035,NAR,JRS_1,JRS,1,T,T-NAR061119035,13,3,0.8149954792534015,1.5498701162768058
NAR061119035,NAR,JRS_1,JRS,1,T,T-NAR061119035,13,4,0.9123701199656273,1.5498701162768058
NAR061119035,NAR,JRS_1,JRS,1,T,T-NAR061119035,13,5,0.9928261382771668,1.5498701162768058
NAR061119035,NAR,JRS_1,JRS,1,T,T-NAR061119035,13,6,1.0817414677890491,1.5498701162768058
NAR061119035,NAR,JRS_1,JRS,1,T,T-NAR061119035,13,7,1.1515770661460194,1.5498701162768058
NAR061119035,NAR,JRS_1,JRS,1,T,T-NAR061119035,13,8,1.218431151320702,1.5498701162768058
NAR061119035,NAR,JRS_1,JRS,1,T,T-NAR061119035,13,9,1.2864408170049864,1.5498701162768058
NAR061119035,NAR,JRS_1,JRS,1,T,T-NAR061119035,13,10,1.3481522802431554,1.5498701162768058
NAR061119035,NAR,JRS_1,JRS,1,T,T-NAR061119035,13,11,1.4128452566636112,1.5498701162768058
NAR061119035,NAR,JRS_1,JRS,1,T,T-NAR061119035,13,12,1.440384299018867,1.5498701162768058
NAR061119035,NAR,JRS_1,JRS,1,T,T-NAR061119035,13,13,1.4936364510566935,1.5498701162768058
NAR061119035,NAR,LSR_1,LSR,1,T,T-NAR061119035,13,1,0.5874498395480666,1.6135952166347471
NAR061119035,NAR,LSR_1,LSR,1,T,T-NAR061119035,13,2,0.7274895686871483,1.6135952166347471
NAR061119035,NAR,LSR_1,LSR,1,T,T-NAR061119035,13,3,0.8521409217562865,1.6135952166347471
NAR061119035,NAR,LSR_1,LSR,1,T,T-NAR061119035,13,4,0.9511449813755196,1.6135952166347471
NAR061119035,NAR,LSR_1,LSR,1,T,T-NAR061119035,13,5,1.0570214142588084,1.6135952166347471
NAR061119035,NAR,LSR_1,LSR,1,T,T-NAR061119035,13,6,1.1184756335063404,1.6135952166347471
NAR061119035,NAR,LSR_1,LSR,1,T,T-NAR061119035,13,7,1.1901887701338345,1.6135952166347471
NAR061119035,NAR,LSR_1,LSR,1,T,T-NAR061119035,13,8,1.244869901149553,1.6135952166347471
NAR061119035,NAR,LSR_1,LSR,1,T,T-NAR061119035,13,9,1.3029375762811777,1.6135952166347471
NAR061119035,NAR,LSR_1,LSR,1,T,T-NAR061119035,13,10,1.3523899635746737,1.6135952166347471
NAR061119035,NAR,LSR_1,LSR,1,T,T-NAR061119035,13,11,1.3900390889786156,1.6135952166347471
NAR061119035,NAR,LSR_1,LSR,1,T,T-NAR061119035,13,12,1.4701689433797573,1.6135952166347471
NAR061119035,NAR,LSR_1,LSR,1,T,T-NAR061119035,13,13,1.5317224476595312,1.6135952166347471
NAR061119035,NAR,MJS_1,MJS,1,T,T-NAR061119035,13,1,0.5500991337346641,1.6357455690560248
NAR061119035,NAR,MJS_1,MJS,1,T,T-NAR061119035,13,2,0.7247088557462197,1.6357455690560248
NAR061119035,NAR,MJS_1,MJS,1,T,T-NAR061119035,13,3,0.8453617940598113,1.6357455690560248
NAR061119035,NAR,MJS_1,MJS,1,T,T-NAR061119035,13,4,0.9460377802985828,1.6357455690560248
NAR061119035,NAR,MJS_1,MJS,1,T,T-NAR061119035,13,5,1.0277580498281684,1.6357455690560248
NAR061119035,NAR,MJS_1,MJS,1,T,T-NAR061119035,13,6,1.109478319357754,1.6357455690560248
NAR061119035,NAR,MJS_1,MJS,1,T,T-NAR061119035,13,7,1.1950535208489124,1.6357455690560248
NAR061119035,NAR,MJS_1,MJS,1,T,T-NAR061119035,13,8,1.2714253402853004,1.6357455690560248
NAR061119035,NAR,MJS_1,MJS,1,T,T-NAR061119035,13,9,1.3371002595352934,1.6357455690560248
NAR061119035,NAR,MJS_1,MJS,1,T,T-NAR061119035,13,10,1.4008093778876731,1.6357455690560248
NAR061119035,NAR,MJS_1,MJS,1,T,T-NAR061119035,13,11,1.4640462134740624,1.6357455690560248
NAR061119035,NAR,MJS_1,MJS,1,T,T-NAR061119035,13,12,1.5194965153036506,1.6357455690560248
NAR061119035,NAR,MJS_1,MJS,1,T,T-NAR061119035,13,13,1.5749468171332388,1.6357455690560248
NAR061219001,NAR,CJF_1,CJF,1,T,T-NAR061219001,5,1,0.4735441399841447,1.26957979234997
NAR061219001,NAR,CJF_1,CJF,1,T,T-NAR061219001,5,2,0.6851710920594699,1.26957979234997
NAR061219001,NAR,CJF_1,CJF,1,T,T-NAR061219001,5,3,0.8540205707743921,1.26957979234997
NAR061219001,NAR,CJF_1,CJF,1,T,T-NAR061219001,5,4,1.006276941358012,1.26957979234997
NAR061219001,NAR,CJF_1,CJF,1,T,T-NAR061219001,5,5,1.1510205494685413,1.26957979234997
NAR061219001,NAR,JRS_1,JRS,1,T,T-NAR061219001,4,1,0.2980930938924518,0.7124871028114036
NAR061219001,NAR,JRS_1,JRS,1,T,T-NAR061219001,4,2,0.4212471464335092,0.7124871028114036
NAR061219001,NAR,JRS_1,JRS,1,T,T-NAR061219001,4,3,0.5071395622380106,0.7124871028114036
NAR061219001,NAR,JRS_1,JRS,1,T,T-NAR061219001,4,4,0.603856402344127,0.7124871028114036
NAR061219001,NAR,LSR_1,LSR,1,T,T-NAR061219001,6,1,0.5358117971988414,1.3384500516932638
NAR061219001,NAR,LSR_1,LSR,1,T,T-NAR061219001,6,2,0.6430725217574237,1.3384500516932638
NAR061219001,NAR,LSR_1,LSR,1,T,T-NAR061219001,6,3,0.756977784341841,1.3384500516932638
NAR061219001,NAR,LSR_1,LSR,1,T,T-NAR061219001,6,4,0.9387920589525118,1.3384500516932638
NAR061219001,NAR,LSR_1,LSR,1,T,T-NAR061219001,6,5,1.0716235943976837,1.3384500516932638
NAR061219001,NAR,LSR_1,LSR,1,T,T-NAR061219001,6,6,1.21309066027358,1.3384500516932638
NAR061219001,NAR,MJS_1,MJS,1,T,T-NAR061219001,5,1,0.5868316936769132,1.3871161406567925
NAR061219001,NAR,MJS_1,MJS,1,T,T-NAR061219001,5,2,0.8285970605165957,1.3871161406567925
NAR061219001,NAR,MJS_1,MJS,1,T,T-NAR061219001,5,3,0.9923292660919489,1.3871161406567925
NAR061219001,NAR,MJS_1,MJS,1,T,T-NAR061219001,5,4,1.139995424892014,1.3871161406567925
NAR061219001,NAR,MJS_1,MJS,1,T,T-NAR061219001,5,5,1.2593489701553628,1.3871161406567925
NAR061219002,NAR,CJF_1,CJF,1,T,T-NAR061219002,1,1,0.507675027957236,0.7265601263416119
NAR061219002,NAR,JRS_1,JRS,1,T,T-NAR061219002,0,NA,NA,0.4758204902363725
NAR061219002,NAR,LSR_1,LSR,1,T,T-NAR061219002,3,1,0.31826184757883,0.47981722709850194
NAR061219002,NAR,LSR_1,LSR,1,T,T-NAR061219002,3,2,0.3672384784174305,0.47981722709850194
NAR061219002,NAR,LSR_1,LSR,1,T,T-NAR061219002,3,3,0.42922429243972937,0.47981722709850194
NAR061219002,NAR,MJS_1,MJS,1,T,T-NAR061219002,1,1,0.3136834591595191,0.44744760468522016
NAR061219003,NAR,CJF_1,CJF,1,T,T-NAR061219003,2,1,0.3722932441122033,0.7414937044444503
NAR061219003,NAR,CJF_1,CJF,1,T,T-NAR061219003,2,2,0.5883242959985641,0.7414937044444503
NAR061219003,NAR,JRS_1,JRS,1,T,T-NAR061219003,1,1,0.5262634653148855,0.6527404991674917
NAR061219003,NAR,LSR_1,LSR,1,T,T-NAR061219003,3,1,0.2988991517742863,0.5334669636305726
NAR061219003,NAR,LSR_1,LSR,1,T,T-NAR061219003,3,2,0.3766895134433416,0.5334669636305726
NAR061219003,NAR,LSR_1,LSR,1,T,T-NAR061219003,3,3,0.4509655288184934,0.5334669636305726
NAR061219003,NAR,MJS_1,MJS,1,T,T-NAR061219003,1,1,0.6926786347903822,0.8294548175138486
NAR061219004,NAR,CJF_1,CJF,1,T,T-NAR061219004,19,1,0.43962093136862734,2.4533611071029533
NAR061219004,NAR,CJF_1,CJF,1,T,T-NAR061219004,19,2,0.6152265711657804,2.4533611071029533
NAR061219004,NAR,CJF_1,CJF,1,T,T-NAR061219004,19,3,0.7719352460753648,2.4533611071029533
NAR061219004,NAR,CJF_1,CJF,1,T,T-NAR061219004,19,4,0.8993298107182149,2.4533611071029533
NAR061219004,NAR,CJF_1,CJF,1,T,T-NAR061219004,19,5,1.0208148212103056,2.4533611071029533
NAR061219004,NAR,CJF_1,CJF,1,T,T-NAR061219004,19,6,1.12031991916687,2.4533611071029533
NAR061219004,NAR,CJF_1,CJF,1,T,T-NAR061219004,19,7,1.2278601963158189,2.4533611071029533
NAR061219004,NAR,CJF_1,CJF,1,T,T-NAR061219004,19,8,1.3356341339518254,2.4533611071029533
NAR061219004,NAR,CJF_1,CJF,1,T,T-NAR061219004,19,9,1.4422397691525406,2.4533611071029533
NAR061219004,NAR,CJF_1,CJF,1,T,T-NAR061219004,19,10,1.5344106693778963,2.4533611071029533
NAR061219004,NAR,CJF_1,CJF,1,T,T-NAR061219004,19,11,1.6213956775717684,2.4533611071029533
NAR061219004,NAR,CJF_1,CJF,1,T,T-NAR061219004,19,12,1.7133329173100655,2.4533611071029533
NAR061219004,NAR,CJF_1,CJF,1,T,T-NAR061219004,19,13,1.7970013173689208,2.4533611071029533
NAR061219004,NAR,CJF_1,CJF,1,T,T-NAR061219004,19,14,1.8924888257292936,2.4533611071029533
NAR061219004,NAR,CJF_1,CJF,1,T,T-NAR061219004,19,15,1.9797074944102242,2.4533611071029533
NAR061219004,NAR,CJF_1,CJF,1,T,T-NAR061219004,19,16,2.0572326798312623,2.4533611071029533
NAR061219004,NAR,CJF_1,CJF,1,T,T-NAR061219004,19,17,2.1631146529127023,2.4533611071029533
NAR061219004,NAR,CJF_1,CJF,1,T,T-NAR061219004,19,18,2.2881499320268683,2.4533611071029533
NAR061219004,NAR,CJF_1,CJF,1,T,T-NAR061219004,19,19,2.3914389590925667,2.4533611071029533
NAR061219004,NAR,JRS_1,JRS,1,T,T-NAR061219004,19,1,0.5864720547303872,2.5912728873483326
NAR061219004,NAR,JRS_1,JRS,1,T,T-NAR061219004,19,2,0.7806842145279268,2.5912728873483326
NAR061219004,NAR,JRS_1,JRS,1,T,T-NAR061219004,19,3,0.9404227784207337,2.5912728873483326
NAR061219004,NAR,JRS_1,JRS,1,T,T-NAR061219004,19,4,1.0466968723140053,2.5912728873483326
NAR061219004,NAR,JRS_1,JRS,1,T,T-NAR061219004,19,5,1.169435957175906,2.5912728873483326
NAR061219004,NAR,JRS_1,JRS,1,T,T-NAR061219004,19,6,1.2652790955115898,2.5912728873483326
NAR061219004,NAR,JRS_1,JRS,1,T,T-NAR061219004,19,7,1.369027306278689,2.5912728873483326
NAR061219004,NAR,JRS_1,JRS,1,T,T-NAR061219004,19,8,1.47562882322486,2.5912728873483326
NAR061219004,NAR,JRS_1,JRS,1,T,T-NAR061219004,19,9,1.5714719615605435,2.5912728873483326
NAR061219004,NAR,JRS_1,JRS,1,T,T-NAR061219004,19,10,1.6644617937171566,2.5912728873483326
NAR061219004,NAR,JRS_1,JRS,1,T,T-NAR061219004,19,11,1.7577790489266678,2.5912728873483326
NAR061219004,NAR,JRS_1,JRS,1,T,T-NAR061219004,19,12,1.8507688810832807,2.5912728873483326
NAR061219004,NAR,JRS_1,JRS,1,T,T-NAR061219004,19,13,1.9336551807352043,2.5912728873483326
NAR061219004,NAR,JRS_1,JRS,1,T,T-NAR061219004,19,14,2.0374033915023038,2.5912728873483326
NAR061219004,NAR,JRS_1,JRS,1,T,T-NAR061219004,19,15,2.138625719143231,2.5912728873483326
NAR061219004,NAR,JRS_1,JRS,1,T,T-NAR061219004,19,16,2.2053744508794244,2.5912728873483326
NAR061219004,NAR,JRS_1,JRS,1,T,T-NAR061219004,19,17,2.31384700484597,2.5912728873483326
NAR061219004,NAR,JRS_1,JRS,1,T,T-NAR061219004,19,18,2.42362925102411,2.5912728873483326
NAR061219004,NAR,JRS_1,JRS,1,T,T-NAR061219004,19,19,2.540661723527869,2.5912728873483326
NAR061219004,NAR,LSR_1,LSR,1,T,T-NAR061219004,19,1,0.45229561916116384,2.456449197760804
NAR061219004,NAR,LSR_1,LSR,1,T,T-NAR061219004,19,2,0.6283063356776776,2.456449197760804
NAR061219004,NAR,LSR_1,LSR,1,T,T-NAR061219004,19,3,0.79002383855596,2.456449197760804
NAR061219004,NAR,LSR_1,LSR,1,T,T-NAR061219004,19,4,0.8978238392119808,2.456449197760804
NAR061219004,NAR,LSR_1,LSR,1,T,T-NAR061219004,19,5,1.017420116593106,2.456449197760804
NAR061219004,NAR,LSR_1,LSR,1,T,T-NAR061219004,19,6,1.112735432683487,2.456449197760804
NAR061219004,NAR,LSR_1,LSR,1,T,T-NAR061219004,19,7,1.2187619080554175,2.456449197760804
NAR061219004,NAR,LSR_1,LSR,1,T,T-NAR061219004,19,8,1.311580287232671,2.456449197760804
NAR061219004,NAR,LSR_1,LSR,1,T,T-NAR061219004,19,9,1.4204654053322472,2.456449197760804
NAR061219004,NAR,LSR_1,LSR,1,T,T-NAR061219004,19,10,1.5125603728804637,2.456449197760804
NAR061219004,NAR,LSR_1,LSR,1,T,T-NAR061219004,19,11,1.6000231724169434,2.456449197760804
NAR061219004,NAR,LSR_1,LSR,1,T,T-NAR061219004,19,12,1.7089082905165196,2.456449197760804
NAR061219004,NAR,LSR_1,LSR,1,T,T-NAR061219004,19,13,1.7753104773044202,2.456449197760804
NAR061219004,NAR,LSR_1,LSR,1,T,T-NAR061219004,19,14,1.88133695267635,2.456449197760804
NAR061219004,NAR,LSR_1,LSR,1,T,T-NAR061219004,19,15,1.9894986591468895,2.456449197760804
NAR061219004,NAR,LSR_1,LSR,1,T,T-NAR061219004,19,16,2.053042203207144,2.456449197760804
NAR061219004,NAR,LSR_1,LSR,1,T,T-NAR061219004,19,17,2.177994060229043,2.456449197760804
NAR061219004,NAR,LSR_1,LSR,1,T,T-NAR061219004,19,18,2.275444607418034,2.456449197760804
NAR061219004,NAR,LSR_1,LSR,1,T,T-NAR061219004,19,19,2.400758170254452,2.456449197760804
NAR061219004,NAR,MJS_1,MJS,1,T,T-NAR061219004,19,1,0.5281538474281472,2.540472295768995
NAR061219004,NAR,MJS_1,MJS,1,T,T-NAR061219004,19,2,0.6995837689174538,2.540472295768995
NAR061219004,NAR,MJS_1,MJS,1,T,T-NAR061219004,19,3,0.8684323131925431,2.540472295768995
NAR061219004,NAR,MJS_1,MJS,1,T,T-NAR061219004,19,4,0.9703534348893551,2.540472295768995
NAR061219004,NAR,MJS_1,MJS,1,T,T-NAR061219004,19,5,1.1093710344743442,2.540472295768995
NAR061219004,NAR,MJS_1,MJS,1,T,T-NAR061219004,19,6,1.2171728082664481,2.540472295768995
NAR061219004,NAR,MJS_1,MJS,1,T,T-NAR061219004,19,7,1.3348214924708453,2.540472295768995
NAR061219004,NAR,MJS_1,MJS,1,T,T-NAR061219004,19,8,1.4228785312074288,2.540472295768995
NAR061219004,NAR,MJS_1,MJS,1,T,T-NAR061219004,19,9,1.53020170655496,2.540472295768995
NAR061219004,NAR,MJS_1,MJS,1,T,T-NAR061219004,19,10,1.6187373437361159,2.540472295768995
NAR061219004,NAR,MJS_1,MJS,1,T,T-NAR061219004,19,11,1.715256411782208,2.540472295768995
NAR061219004,NAR,MJS_1,MJS,1,T,T-NAR061219004,19,12,1.8195196114709498,2.540472295768995
NAR061219004,NAR,MJS_1,MJS,1,T,T-NAR061219004,19,13,1.913218003080539,2.540472295768995
NAR061219004,NAR,MJS_1,MJS,1,T,T-NAR061219004,19,14,2.0125577475631347,2.540472295768995
NAR061219004,NAR,MJS_1,MJS,1,T,T-NAR061219004,19,15,2.1116581928234432,2.540472295768995
NAR061219004,NAR,MJS_1,MJS,1,T,T-NAR061219004,19,16,2.181166992615937,2.540472295768995
NAR061219004,NAR,MJS_1,MJS,1,T,T-NAR061219004,19,17,2.301875652479125,2.540472295768995
NAR061219004,NAR,MJS_1,MJS,1,T,T-NAR061219004,19,18,2.393231966096784,2.540472295768995
NAR061219004,NAR,MJS_1,MJS,1,T,T-NAR061219004,19,19,2.4845882797144427,2.540472295768995
NAR061219005,NAR,CJF_1,CJF,1,T,T-NAR061219005,13,1,0.5166807352608581,1.5101681937022464
NAR061219005,NAR,CJF_1,CJF,1,T,T-NAR061219005,13,2,0.6989910559901553,1.5101681937022464
NAR061219005,NAR,CJF_1,CJF,1,T,T-NAR061219005,13,3,0.8145031742036261,1.5101681937022464
NAR061219005,NAR,CJF_1,CJF,1,T,T-NAR061219005,13,4,0.9005238693949219,1.5101681937022464
NAR061219005,NAR,CJF_1,CJF,1,T,T-NAR061219005,13,5,0.9891117971728943,1.5101681937022464
NAR061219005,NAR,CJF_1,CJF,1,T,T-NAR061219005,13,6,1.0646613222257095,1.5101681937022464
NAR061219005,NAR,CJF_1,CJF,1,T,T-NAR061219005,13,7,1.1270838634730411,1.5101681937022464
NAR061219005,NAR,CJF_1,CJF,1,T,T-NAR061219005,13,8,1.1906446105776605,1.5101681937022464
NAR061219005,NAR,CJF_1,CJF,1,T,T-NAR061219005,13,9,1.2186184257901185,1.5101681937022464
NAR061219005,NAR,CJF_1,CJF,1,T,T-NAR061219005,13,10,1.2566840091886284,1.5101681937022464
NAR061219005,NAR,CJF_1,CJF,1,T,T-NAR061219005,13,11,1.3006428616653491,1.5101681937022464
NAR061219005,NAR,CJF_1,CJF,1,T,T-NAR061219005,13,12,1.3594485455490446,1.5101681937022464
NAR061219005,NAR,CJF_1,CJF,1,T,T-NAR061219005,13,13,1.4284345786991184,1.5101681937022464
NAR061219005,NAR,JRS_1,JRS,1,T,T-NAR061219005,13,1,0.5841036879995561,1.5538609689608456
NAR061219005,NAR,JRS_1,JRS,1,T,T-NAR061219005,13,2,0.765139569771571,1.5538609689608456
NAR061219005,NAR,JRS_1,JRS,1,T,T-NAR061219005,13,3,0.8601924561512453,1.5538609689608456
NAR061219005,NAR,JRS_1,JRS,1,T,T-NAR061219005,13,4,0.9758038749528458,1.5538609689608456
NAR061219005,NAR,JRS_1,JRS,1,T,T-NAR061219005,13,5,1.0541681167755717,1.5538609689608456
NAR061219005,NAR,JRS_1,JRS,1,T,T-NAR061219005,13,6,1.1172948514590682,1.5538609689608456
NAR061219005,NAR,JRS_1,JRS,1,T,T-NAR061219005,13,7,1.1804215861425642,1.5538609689608456
NAR061219005,NAR,JRS_1,JRS,1,T,T-NAR061219005,13,8,1.2488693461087566,1.5538609689608456
NAR061219005,NAR,JRS_1,JRS,1,T,T-NAR061219005,13,9,1.2830932260918535,1.5538609689608456
NAR061219005,NAR,JRS_1,JRS,1,T,T-NAR061219005,13,10,1.3340057506318972,1.5538609689608456
NAR061219005,NAR,JRS_1,JRS,1,T,T-NAR061219005,13,11,1.3598853083365199,1.5538609689608456
NAR061219005,NAR,JRS_1,JRS,1,T,T-NAR061219005,13,12,1.4283330683027124,1.5538609689608456
NAR061219005,NAR,JRS_1,JRS,1,T,T-NAR061219005,13,13,1.4937575312731273,1.5538609689608456
NAR061219005,NAR,LSR_1,LSR,1,T,T-NAR061219005,15,1,0.5213053191277799,1.6219603287504833
NAR061219005,NAR,LSR_1,LSR,1,T,T-NAR061219005,15,2,0.5826645152093939,1.6219603287504833
NAR061219005,NAR,LSR_1,LSR,1,T,T-NAR061219005,15,3,0.6614865922143379,1.6219603287504833
NAR061219005,NAR,LSR_1,LSR,1,T,T-NAR061219005,15,4,0.8103479893061778,1.6219603287504833
NAR061219005,NAR,LSR_1,LSR,1,T,T-NAR061219005,15,5,0.9209687998368868,1.6219603287504833
NAR061219005,NAR,LSR_1,LSR,1,T,T-NAR061219005,15,6,1.0131528086124773,1.6219603287504833
NAR061219005,NAR,LSR_1,LSR,1,T,T-NAR061219005,15,7,1.0976306142145733,1.6219603287504833
NAR061219005,NAR,LSR_1,LSR,1,T,T-NAR061219005,15,8,1.1643551095869988,1.6219603287504833
NAR061219005,NAR,LSR_1,LSR,1,T,T-NAR061219005,15,9,1.2334205088421075,1.6219603287504833
NAR061219005,NAR,LSR_1,LSR,1,T,T-NAR061219005,15,10,1.2826821232912027,1.6219603287504833
NAR061219005,NAR,LSR_1,LSR,1,T,T-NAR061219005,15,11,1.3188722352759914,1.6219603287504833
NAR061219005,NAR,LSR_1,LSR,1,T,T-NAR061219005,15,12,1.354088426428993,1.6219603287504833
NAR061219005,NAR,LSR_1,LSR,1,T,T-NAR061219005,15,13,1.420812921801418,1.6219603287504833
NAR061219005,NAR,LSR_1,LSR,1,T,T-NAR061219005,15,14,1.476123327066773,1.6219603287504833
NAR061219005,NAR,LSR_1,LSR,1,T,T-NAR061219005,15,15,1.5451887263218809,1.6219603287504833
NAR061219005,NAR,MJS_1,MJS,1,T,T-NAR061219005,13,1,0.6073639144055616,1.6098584008235137
NAR061219005,NAR,MJS_1,MJS,1,T,T-NAR061219005,13,2,0.803094885064868,1.6098584008235137
NAR061219005,NAR,MJS_1,MJS,1,T,T-NAR061219005,13,3,0.9087807134019662,1.6098584008235137
NAR061219005,NAR,MJS_1,MJS,1,T,T-NAR061219005,13,4,1.010367068185799,1.6098584008235137
NAR061219005,NAR,MJS_1,MJS,1,T,T-NAR061219005,13,5,1.0845625694515113,1.6098584008235137
NAR061219005,NAR,MJS_1,MJS,1,T,T-NAR061219005,13,6,1.1571391768000783,1.6098584008235137
NAR061219005,NAR,MJS_1,MJS,1,T,T-NAR061219005,13,7,1.2230312534384566,1.6098584008235137
NAR061219005,NAR,MJS_1,MJS,1,T,T-NAR061219005,13,8,1.2794318543918433,1.6098584008235137
NAR061219005,NAR,MJS_1,MJS,1,T,T-NAR061219005,13,9,1.316745026454443,1.6098584008235137
NAR061219005,NAR,MJS_1,MJS,1,T,T-NAR061219005,13,10,1.3511467760214357,1.6098584008235137
NAR061219005,NAR,MJS_1,MJS,1,T,T-NAR061219005,13,11,1.3963325298518814,1.6098584008235137
NAR061219005,NAR,MJS_1,MJS,1,T,T-NAR061219005,13,12,1.463517135068722,1.6098584008235137
NAR061219005,NAR,MJS_1,MJS,1,T,T-NAR061219005,13,13,1.5294092117071008,1.6098584008235137
NAR061219006,NAR,CJF_1,CJF,1,T,T-NAR061219006,5,1,0.4729430122369828,1.1415189737209777
NAR061219006,NAR,CJF_1,CJF,1,T,T-NAR061219006,5,2,0.7205164296124376,1.1415189737209777
NAR061219006,NAR,CJF_1,CJF,1,T,T-NAR061219006,5,3,0.8484599915520478,1.1415189737209777
NAR061219006,NAR,CJF_1,CJF,1,T,T-NAR061219006,5,4,0.9459836348993628,1.1415189737209777
NAR061219006,NAR,CJF_1,CJF,1,T,T-NAR061219006,5,5,1.0354864030191027,1.1415189737209777
NAR061219006,NAR,LSR_1,LSR,1,T,T-NAR061219006,7,1,0.6145798046136138,1.352575504087248
NAR061219006,NAR,LSR_1,LSR,1,T,T-NAR061219006,7,2,0.7571033440262843,1.352575504087248
NAR061219006,NAR,LSR_1,LSR,1,T,T-NAR061219006,7,3,0.8420921133668956,1.352575504087248
NAR061219006,NAR,LSR_1,LSR,1,T,T-NAR061219006,7,4,0.9641946224594393,1.352575504087248
NAR061219006,NAR,LSR_1,LSR,1,T,T-NAR061219006,7,5,1.055114811395108,1.352575504087248
NAR061219006,NAR,LSR_1,LSR,1,T,T-NAR061219006,7,6,1.1532798056933122,1.352575504087248
NAR061219006,NAR,LSR_1,LSR,1,T,T-NAR061219006,7,7,1.2611045404748955,1.352575504087248
NAR061219006,NAR,MJS_1,MJS,1,T,T-NAR061219006,6,1,0.6487766504840942,1.3134776998690805
NAR061219006,NAR,MJS_1,MJS,1,T,T-NAR061219006,6,2,0.8025794974929115,1.3134776998690805
NAR061219006,NAR,MJS_1,MJS,1,T,T-NAR061219006,6,3,0.8808526538392443,1.3134776998690805
NAR061219006,NAR,MJS_1,MJS,1,T,T-NAR061219006,6,4,1.0159876362633207,1.3134776998690805
NAR061219006,NAR,MJS_1,MJS,1,T,T-NAR061219006,6,5,1.113357773356155,1.3134776998690805
NAR061219006,NAR,MJS_1,MJS,1,T,T-NAR061219006,6,6,1.2160002837358064,1.3134776998690805
NAR061219007,NAR,CJF_1,CJF,1,T,T-NAR061219007,4,1,0.3384732918922359,1.0375307123468303
NAR061219007,NAR,CJF_1,CJF,1,T,T-NAR061219007,4,2,0.6144805922761636,1.0375307123468303
NAR061219007,NAR,CJF_1,CJF,1,T,T-NAR061219007,4,3,0.7917897780915415,1.0375307123468303
NAR061219007,NAR,CJF_1,CJF,1,T,T-NAR061219007,4,4,0.9267652827690185,1.0375307123468303
NAR061219007,NAR,JRS_1,JRS,1,T,T-NAR061219007,3,1,0.44367046523375525,0.8372917213324139
NAR061219007,NAR,JRS_1,JRS,1,T,T-NAR061219007,3,2,0.6025878775044258,0.8372917213324139
NAR061219007,NAR,JRS_1,JRS,1,T,T-NAR061219007,3,3,0.7420411423641747,0.8372917213324139
NAR061219007,NAR,LSR_1,LSR,1,T,T-NAR061219007,5,1,0.3723444789922963,1.0928139209320549
NAR061219007,NAR,LSR_1,LSR,1,T,T-NAR061219007,5,2,0.4763044950071037,1.0928139209320549
NAR061219007,NAR,LSR_1,LSR,1,T,T-NAR061219007,5,3,0.6736796315104059,1.0928139209320549
NAR061219007,NAR,LSR_1,LSR,1,T,T-NAR061219007,5,4,0.8731974907846549,1.0928139209320549
NAR061219007,NAR,LSR_1,LSR,1,T,T-NAR061219007,5,5,0.9855596795548276,1.0928139209320549
NAR061219007,NAR,MJS_1,MJS,1,T,T-NAR061219007,4,1,0.4298131708575132,1.1665735460802553
NAR061219007,NAR,MJS_1,MJS,1,T,T-NAR061219007,4,2,0.733729699893688,1.1665735460802553
NAR061219007,NAR,MJS_1,MJS,1,T,T-NAR061219007,4,3,0.9138875636444814,1.1665735460802553
NAR061219007,NAR,MJS_1,MJS,1,T,T-NAR061219007,4,4,1.050038664414641,1.1665735460802553
NAR061219008,NAR,CJF_1,CJF,1,T,T-NAR061219008,2,1,0.5627234820260166,0.9133252932559504
NAR061219008,NAR,CJF_1,CJF,1,T,T-NAR061219008,2,2,0.7540021342305425,0.9133252932559504
NAR061219008,NAR,JRS_1,JRS,1,T,T-NAR061219008,2,1,0.43228818714409034,0.7470561770294981
NAR061219008,NAR,JRS_1,JRS,1,T,T-NAR061219008,2,2,0.6249213519273127,0.7470561770294981
NAR061219008,NAR,LSR_1,LSR,1,T,T-NAR061219008,3,1,0.5027268001315335,0.9299248682676458
NAR061219008,NAR,LSR_1,LSR,1,T,T-NAR061219008,3,2,0.5799550313138356,0.9299248682676458
NAR061219008,NAR,LSR_1,LSR,1,T,T-NAR061219008,3,3,0.7815903381388606,0.9299248682676458
NAR061219008,NAR,MJS_1,MJS,1,T,T-NAR061219008,2,1,0.5556689097625711,0.8947539573859162
NAR061219008,NAR,MJS_1,MJS,1,T,T-NAR061219008,2,2,0.7674188760696423,0.8947539573859162
NAR061219009,NAR,CJF_1,CJF,1,T,T-NAR061219009,3,1,0.4687098327793533,0.9699664798240699
NAR061219009,NAR,CJF_1,CJF,1,T,T-NAR061219009,3,2,0.6753810434998339,0.9699664798240699
NAR061219009,NAR,CJF_1,CJF,1,T,T-NAR061219009,3,3,0.8437952973346388,0.9699664798240699
NAR061219009,NAR,JRS_1,JRS,1,T,T-NAR061219009,3,1,0.38556420714060124,0.8493378671008436
NAR061219009,NAR,JRS_1,JRS,1,T,T-NAR061219009,3,2,0.5799095669606024,0.8493378671008436
NAR061219009,NAR,JRS_1,JRS,1,T,T-NAR061219009,3,3,0.7457080100980882,0.8493378671008436
NAR061219009,NAR,LSR_1,LSR,1,T,T-NAR061219009,4,1,0.33942530535615334,0.9519723392465588
NAR061219009,NAR,LSR_1,LSR,1,T,T-NAR061219009,4,2,0.46038930737348366,0.9519723392465588
NAR061219009,NAR,LSR_1,LSR,1,T,T-NAR061219009,4,3,0.6896594241654184,0.9519723392465588
NAR061219009,NAR,LSR_1,LSR,1,T,T-NAR061219009,4,4,0.839314136162252,0.9519723392465588
NAR061219009,NAR,MJS_1,MJS,1,T,T-NAR061219009,3,1,0.5195251642637381,0.9905599818662381
NAR061219009,NAR,MJS_1,MJS,1,T,T-NAR061219009,3,2,0.7223340883948249,0.9905599818662381
NAR061219009,NAR,MJS_1,MJS,1,T,T-NAR061219009,3,3,0.8729157535344143,0.9905599818662381
NAR061219010,NAR,CJF_1,CJF,1,T,T-NAR061219010,2,1,0.5568295987757739,0.9463767033394648
NAR061219010,NAR,CJF_1,CJF,1,T,T-NAR061219010,2,2,0.7852950470333064,0.9463767033394648
NAR061219010,NAR,JRS_1,JRS,1,T,T-NAR061219010,2,1,0.439470654123428,0.813014025116847
NAR061219010,NAR,JRS_1,JRS,1,T,T-NAR061219010,2,2,0.6500220018812833,0.813014025116847
NAR061219010,NAR,LSR_1,LSR,1,T,T-NAR061219010,2,1,0.5233411102312566,0.9459188591872848
NAR061219010,NAR,LSR_1,LSR,1,T,T-NAR061219010,2,2,0.7742845190908585,0.9459188591872848
NAR061219010,NAR,MJS_1,MJS,1,T,T-NAR061219010,2,1,0.6978654977161041,1.1145384616312102
NAR061219010,NAR,MJS_1,MJS,1,T,T-NAR061219010,2,2,0.9374580625892627,1.1145384616312102
NAR061219012,NAR,CJF_1,CJF,1,T,T-NAR061219012,6,1,0.5353418064505356,1.3398706879110258
NAR061219012,NAR,CJF_1,CJF,1,T,T-NAR061219012,6,2,0.758911669439902,1.3398706879110258
NAR061219012,NAR,CJF_1,CJF,1,T,T-NAR061219012,6,3,0.9061516730701129,1.3398706879110258
NAR061219012,NAR,CJF_1,CJF,1,T,T-NAR061219012,6,4,1.0305184342090632,1.3398706879110258
NAR061219012,NAR,CJF_1,CJF,1,T,T-NAR061219012,6,5,1.157240248626253,1.3398706879110258
NAR061219012,NAR,CJF_1,CJF,1,T,T-NAR061219012,6,6,1.2635408285518712,1.3398706879110258
NAR061219012,NAR,JRS_1,JRS,1,T,T-NAR061219012,7,1,0.3900058956862145,1.3128272444690385
NAR061219012,NAR,JRS_1,JRS,1,T,T-NAR061219012,7,2,0.5530488672787222,1.3128272444690385
NAR061219012,NAR,JRS_1,JRS,1,T,T-NAR061219012,7,3,0.7571932570725656,1.3128272444690385
NAR061219012,NAR,JRS_1,JRS,1,T,T-NAR061219012,7,4,0.9065357559312959,1.3128272444690385
NAR061219012,NAR,JRS_1,JRS,1,T,T-NAR061219012,7,5,1.019359247756385,1.3128272444690385
NAR061219012,NAR,JRS_1,JRS,1,T,T-NAR061219012,7,6,1.1334986800250015,1.3128272444690385
NAR061219012,NAR,JRS_1,JRS,1,T,T-NAR061219012,7,7,1.2384732899582296,1.3128272444690385
NAR061219012,NAR,LSR_1,LSR,1,T,T-NAR061219012,6,1,0.3347888486508754,0.8309631433490974
NAR061219012,NAR,LSR_1,LSR,1,T,T-NAR061219012,6,2,0.4513684024295055,0.8309631433490974
NAR061219012,NAR,LSR_1,LSR,1,T,T-NAR061219012,6,3,0.5415898279720769,0.8309631433490974
NAR061219012,NAR,LSR_1,LSR,1,T,T-NAR061219012,6,4,0.6130586689794028,0.8309631433490974
NAR061219012,NAR,LSR_1,LSR,1,T,T-NAR061219012,6,5,0.6881125529066348,0.8309631433490974
NAR061219012,NAR,LSR_1,LSR,1,T,T-NAR061219012,6,6,0.7632970741921357,0.8309631433490974
NAR061219012,NAR,MJS_1,MJS,1,T,T-NAR061219012,6,1,0.3309358052945311,0.8340216932632757
NAR061219012,NAR,MJS_1,MJS,1,T,T-NAR061219012,6,2,0.47524213664856385,0.8340216932632757
NAR061219012,NAR,MJS_1,MJS,1,T,T-NAR061219012,6,3,0.5780965659741033,0.8340216932632757
NAR061219012,NAR,MJS_1,MJS,1,T,T-NAR061219012,6,4,0.6511209722090958,0.8340216932632757
NAR061219012,NAR,MJS_1,MJS,1,T,T-NAR061219012,6,5,0.71625225239246,0.8340216932632757
NAR061219012,NAR,MJS_1,MJS,1,T,T-NAR061219012,6,6,0.777219159410521,0.8340216932632757
NAR061219013,NAR,CJF_1,CJF,1,T,T-NAR061219013,5,1,0.7857301501128797,1.2952709368315143
NAR061219013,NAR,CJF_1,CJF,1,T,T-NAR061219013,5,2,0.9072696286523436,1.2952709368315143
NAR061219013,NAR,CJF_1,CJF,1,T,T-NAR061219013,5,3,1.0396379177801205,1.2952709368315143
NAR061219013,NAR,CJF_1,CJF,1,T,T-NAR061219013,5,4,1.1109611484297217,1.2952709368315143
NAR061219013,NAR,CJF_1,CJF,1,T,T-NAR061219013,5,5,1.2068418646073675,1.2952709368315143
NAR061219013,NAR,JRS_1,JRS,1,T,T-NAR061219013,5,1,0.5629177561820404,1.0342524406479372
NAR061219013,NAR,JRS_1,JRS,1,T,T-NAR061219013,5,2,0.7036471952275507,1.0342524406479372
NAR061219013,NAR,JRS_1,JRS,1,T,T-NAR061219013,5,3,0.8014962220249439,1.0342524406479372
NAR061219013,NAR,JRS_1,JRS,1,T,T-NAR061219013,5,4,0.898753638340551,1.0342524406479372
NAR061219013,NAR,JRS_1,JRS,1,T,T-NAR061219013,5,5,0.9692662604837528,1.0342524406479372
NAR061219013,NAR,LSR_1,LSR,1,T,T-NAR061219013,5,1,0.8867977917430241,1.3666053093649728
NAR061219013,NAR,LSR_1,LSR,1,T,T-NAR061219013,5,2,0.9913059200914599,1.3666053093649728
NAR061219013,NAR,LSR_1,LSR,1,T,T-NAR061219013,5,3,1.1131636968327094,1.3666053093649728
NAR061219013,NAR,LSR_1,LSR,1,T,T-NAR061219013,5,4,1.2008178810281263,1.3666053093649728
NAR061219013,NAR,LSR_1,LSR,1,T,T-NAR061219013,5,5,1.2824552413474144,1.3666053093649728
NAR061219013,NAR,MJS_1,MJS,1,T,T-NAR061219013,5,1,0.8796198499384238,1.3735284348969725
NAR061219013,NAR,MJS_1,MJS,1,T,T-NAR061219013,5,2,1.0210768632830574,1.3735284348969725
NAR061219013,NAR,MJS_1,MJS,1,T,T-NAR061219013,5,3,1.1043946702531566,1.3735284348969725
NAR061219013,NAR,MJS_1,MJS,1,T,T-NAR061219013,5,4,1.2241752377987036,1.3735284348969725
NAR061219013,NAR,MJS_1,MJS,1,T,T-NAR061219013,5,5,1.291216680657783,1.3735284348969725
NAR061219014,NAR,CJF_1,CJF,1,T,T-NAR061219014,5,1,0.4952347248029231,1.2775921964951276
NAR061219014,NAR,CJF_1,CJF,1,T,T-NAR061219014,5,2,0.6692685863779131,1.2775921964951276
NAR061219014,NAR,CJF_1,CJF,1,T,T-NAR061219014,5,3,0.8295483484185575,1.2775921964951276
NAR061219014,NAR,CJF_1,CJF,1,T,T-NAR061219014,5,4,0.9580082182099164,1.2775921964951276
NAR061219014,NAR,CJF_1,CJF,1,T,T-NAR061219014,5,5,1.1007611491831952,1.2775921964951276
NAR061219014,NAR,JRS_1,JRS,1,T,T-NAR061219014,5,1,0.3143182906952093,0.7740678264534715
NAR061219014,NAR,JRS_1,JRS,1,T,T-NAR061219014,5,2,0.4264835054417303,0.7740678264534715
NAR061219014,NAR,JRS_1,JRS,1,T,T-NAR061219014,5,3,0.541705722266605,0.7740678264534715
NAR061219014,NAR,JRS_1,JRS,1,T,T-NAR061219014,5,4,0.6474373211002334,0.7740678264534715
NAR061219014,NAR,JRS_1,JRS,1,T,T-NAR061219014,5,5,0.7146086052456717,0.7740678264534715
NAR061219014,NAR,LSR_1,LSR,1,T,T-NAR061219014,5,1,0.3000022404339147,0.7666545799997322
NAR061219014,NAR,LSR_1,LSR,1,T,T-NAR061219014,5,2,0.3962841296312879,0.7666545799997322
NAR061219014,NAR,LSR_1,LSR,1,T,T-NAR061219014,5,3,0.5185025995176098,0.7666545799997322
NAR061219014,NAR,LSR_1,LSR,1,T,T-NAR061219014,5,4,0.6074116608609601,0.7666545799997322
NAR061219014,NAR,LSR_1,LSR,1,T,T-NAR061219014,5,5,0.6925942307816836,0.7666545799997322
NAR061219014,NAR,MJS_1,MJS,1,T,T-NAR061219014,5,1,0.32459740741027165,0.7631541958653495
NAR061219014,NAR,MJS_1,MJS,1,T,T-NAR061219014,5,2,0.4328057308572929,0.7631541958653495
NAR061219014,NAR,MJS_1,MJS,1,T,T-NAR061219014,5,3,0.5332287353721736,0.7631541958653495
NAR061219014,NAR,MJS_1,MJS,1,T,T-NAR061219014,5,4,0.6287143868230141,0.7631541958653495
NAR061219014,NAR,MJS_1,MJS,1,T,T-NAR061219014,5,5,0.6955274390773105,0.7631541958653495
NAR061219015,NAR,CJF_1,CJF,1,T,T-NAR061219015,14,1,0.4764725935894096,1.7474922388723138
NAR061219015,NAR,CJF_1,CJF,1,T,T-NAR061219015,14,2,0.6994835902053452,1.7474922388723138
NAR061219015,NAR,CJF_1,CJF,1,T,T-NAR061219015,14,3,0.8432680122655554,1.7474922388723138
NAR061219015,NAR,CJF_1,CJF,1,T,T-NAR061219015,14,4,0.9629670221703693,1.7474922388723138
NAR061219015,NAR,CJF_1,CJF,1,T,T-NAR061219015,14,5,1.043966906494672,1.7474922388723138
NAR061219015,NAR,CJF_1,CJF,1,T,T-NAR061219015,14,6,1.1271802095965673,1.7474922388723138
NAR061219015,NAR,CJF_1,CJF,1,T,T-NAR061219015,14,7,1.1961098810301085,1.7474922388723138
NAR061219015,NAR,CJF_1,CJF,1,T,T-NAR061219015,14,8,1.2608877830391,1.7474922388723138
NAR061219015,NAR,CJF_1,CJF,1,T,T-NAR061219015,14,9,1.3419976946156569,1.7474922388723138
NAR061219015,NAR,CJF_1,CJF,1,T,T-NAR061219015,14,10,1.4108723524230715,1.7474922388723138
NAR061219015,NAR,CJF_1,CJF,1,T,T-NAR061219015,14,11,1.4859471575542478,1.7474922388723138
NAR061219015,NAR,CJF_1,CJF,1,T,T-NAR061219015,14,12,1.558918571160085,1.7474922388723138
NAR061219015,NAR,CJF_1,CJF,1,T,T-NAR061219015,14,13,1.6217031088959921,1.7474922388723138
NAR061219015,NAR,CJF_1,CJF,1,T,T-NAR061219015,14,14,1.6886394160564488,1.7474922388723138
NAR061219015,NAR,JRS_1,JRS,1,T,T-NAR061219015,14,1,0.5022109375945909,1.6706788975430553
NAR061219015,NAR,JRS_1,JRS,1,T,T-NAR061219015,14,2,0.6668905818218531,1.6706788975430553
NAR061219015,NAR,JRS_1,JRS,1,T,T-NAR061219015,14,3,0.7934648168346013,1.6706788975430553
NAR061219015,NAR,JRS_1,JRS,1,T,T-NAR061219015,14,4,0.8969003447836903,1.6706788975430553
NAR061219015,NAR,JRS_1,JRS,1,T,T-NAR061219015,14,5,0.9759300467331609,1.6706788975430553
NAR061219015,NAR,JRS_1,JRS,1,T,T-NAR061219015,14,6,1.065665991467355,1.6706788975430553
NAR061219015,NAR,JRS_1,JRS,1,T,T-NAR061219015,14,7,1.1483225933149759,1.6706788975430553
NAR061219015,NAR,JRS_1,JRS,1,T,T-NAR061219015,14,8,1.2035800287328071,1.6706788975430553
NAR061219015,NAR,JRS_1,JRS,1,T,T-NAR061219015,14,9,1.2826097306822772,1.6706788975430553
NAR061219015,NAR,JRS_1,JRS,1,T,T-NAR061219015,14,10,1.3509331898470238,1.6706788975430553
NAR061219015,NAR,JRS_1,JRS,1,T,T-NAR061219015,14,11,1.4252433298721117,1.6706788975430553
NAR061219015,NAR,JRS_1,JRS,1,T,T-NAR061219015,14,12,1.5019132508593909,1.6706788975430553
NAR061219015,NAR,JRS_1,JRS,1,T,T-NAR061219015,14,13,1.5631573671375638,1.6706788975430553
NAR061219015,NAR,JRS_1,JRS,1,T,T-NAR061219015,14,14,1.629121045340119,1.6706788975430553
NAR061219015,NAR,LSR_1,LSR,1,T,T-NAR061219015,15,1,0.5490349021344402,1.781263295058758
NAR061219015,NAR,LSR_1,LSR,1,T,T-NAR061219015,15,2,0.659939159153603,1.781263295058758
NAR061219015,NAR,LSR_1,LSR,1,T,T-NAR061219015,15,3,0.7752854033414908,1.781263295058758
NAR061219015,NAR,LSR_1,LSR,1,T,T-NAR061219015,15,4,0.9044996372317394,1.781263295058758
NAR061219015,NAR,LSR_1,LSR,1,T,T-NAR061219015,15,5,1.0198458814196276,1.781263295058758
NAR061219015,NAR,LSR_1,LSR,1,T,T-NAR061219015,15,6,1.092120714310766,1.781263295058758
NAR061219015,NAR,LSR_1,LSR,1,T,T-NAR061219015,15,7,1.197075881371814,1.781263295058758
NAR061219015,NAR,LSR_1,LSR,1,T,T-NAR061219015,15,8,1.27580217181753,1.781263295058758
NAR061219015,NAR,LSR_1,LSR,1,T,T-NAR061219015,15,9,1.320843392900411,1.781263295058758
NAR061219015,NAR,LSR_1,LSR,1,T,T-NAR061219015,15,10,1.3916507836018812,1.781263295058758
NAR061219015,NAR,LSR_1,LSR,1,T,T-NAR061219015,15,11,1.4683676036617452,1.781263295058758
NAR061219015,NAR,LSR_1,LSR,1,T,T-NAR061219015,15,12,1.5356980817876953,1.781263295058758
NAR061219015,NAR,LSR_1,LSR,1,T,T-NAR061219015,15,13,1.6055007372962398,1.781263295058758
NAR061219015,NAR,LSR_1,LSR,1,T,T-NAR061219015,15,14,1.6772732025909154,1.781263295058758
NAR061219015,NAR,LSR_1,LSR,1,T,T-NAR061219015,15,15,1.716404994315402,1.781263295058758
NAR061219015,NAR,MJS_1,MJS,1,T,T-NAR061219015,14,1,0.591696234865706,1.814990829124534
NAR061219015,NAR,MJS_1,MJS,1,T,T-NAR061219015,14,2,0.7766188736808544,1.814990829124534
NAR061219015,NAR,MJS_1,MJS,1,T,T-NAR061219015,14,3,0.9265930341821631,1.814990829124534
NAR061219015,NAR,MJS_1,MJS,1,T,T-NAR061219015,14,4,1.0325383802939154,1.814990829124534
NAR061219015,NAR,MJS_1,MJS,1,T,T-NAR061219015,14,5,1.1169092836789827,1.814990829124534
NAR061219015,NAR,MJS_1,MJS,1,T,T-NAR061219015,14,6,1.1907129479347547,1.814990829124534
NAR061219015,NAR,MJS_1,MJS,1,T,T-NAR061219015,14,7,1.2671034264143386,1.814990829124534
NAR061219015,NAR,MJS_1,MJS,1,T,T-NAR061219015,14,8,1.33270668353058,1.814990829124534
NAR061219015,NAR,MJS_1,MJS,1,T,T-NAR061219015,14,9,1.4222512153632723,1.814990829124534
NAR061219015,NAR,MJS_1,MJS,1,T,T-NAR061219015,14,10,1.477067251116171,1.814990829124534
NAR061219015,NAR,MJS_1,MJS,1,T,T-NAR061219015,14,11,1.5586313580433797,1.814990829124534
NAR061219015,NAR,MJS_1,MJS,1,T,T-NAR061219015,14,12,1.6296282258412922,1.814990829124534
NAR061219015,NAR,MJS_1,MJS,1,T,T-NAR061219015,14,13,1.697818297181346,1.814990829124534
NAR061219015,NAR,MJS_1,MJS,1,T,T-NAR061219015,14,14,1.77420877566093,1.814990829124534
NAR061219020,NAR,CJF_1,CJF,1,T,T-NAR061219020,19,1,0.3820248708808677,1.725730288674944
NAR061219020,NAR,CJF_1,CJF,1,T,T-NAR061219020,19,2,0.613095005998312,1.725730288674944
NAR061219020,NAR,CJF_1,CJF,1,T,T-NAR061219020,19,3,0.7271111772795031,1.725730288674944
NAR061219020,NAR,CJF_1,CJF,1,T,T-NAR061219020,19,4,0.8035380429607217,1.725730288674944
NAR061219020,NAR,CJF_1,CJF,1,T,T-NAR061219020,19,5,0.877876613886386,1.725730288674944
NAR061219020,NAR,CJF_1,CJF,1,T,T-NAR061219020,19,6,0.9525405553709212,1.725730288674944
NAR061219020,NAR,CJF_1,CJF,1,T,T-NAR061219020,19,7,1.0158135252781793,1.725730288674944
NAR061219020,NAR,CJF_1,CJF,1,T,T-NAR061219020,19,8,1.0904774667627137,1.725730288674944
NAR061219020,NAR,CJF_1,CJF,1,T,T-NAR061219020,19,9,1.1518248271938538,1.725730288674944
NAR061219020,NAR,CJF_1,CJF,1,T,T-NAR061219020,19,10,1.212846817066122,1.725730288674944
NAR061219020,NAR,CJF_1,CJF,1,T,T-NAR061219020,19,11,1.2672785521128584,1.725730288674944
NAR061219020,NAR,CJF_1,CJF,1,T,T-NAR061219020,19,12,1.3360029798896011,1.725730288674944
NAR061219020,NAR,CJF_1,CJF,1,T,T-NAR061219020,19,13,1.3886717907396537,1.725730288674944
NAR061219020,NAR,CJF_1,CJF,1,T,T-NAR061219020,19,14,1.4312244983708065,1.725730288674944
NAR061219020,NAR,CJF_1,CJF,1,T,T-NAR061219020,19,15,1.4760281860369489,1.725730288674944
NAR061219020,NAR,CJF_1,CJF,1,T,T-NAR061219020,19,16,1.516817969471418,1.725730288674944
NAR061219020,NAR,CJF_1,CJF,1,T,T-NAR061219020,19,17,1.5637099518931143,1.725730288674944
NAR061219020,NAR,CJF_1,CJF,1,T,T-NAR061219020,19,18,1.6123648585114938,1.725730288674944
NAR061219020,NAR,CJF_1,CJF,1,T,T-NAR061219020,19,19,1.662945374605992,1.725730288674944
NAR061219020,NAR,JRS_1,JRS,1,T,T-NAR061219020,17,1,0.6770491233983243,1.716025052884929
NAR061219020,NAR,JRS_1,JRS,1,T,T-NAR061219020,17,2,0.7913819628138996,1.716025052884929
NAR061219020,NAR,JRS_1,JRS,1,T,T-NAR061219020,17,3,0.8727212285252046,1.716025052884929
NAR061219020,NAR,JRS_1,JRS,1,T,T-NAR061219020,17,4,0.9243887192822803,1.716025052884929
NAR061219020,NAR,JRS_1,JRS,1,T,T-NAR061219020,17,5,0.9901214959020723,1.716025052884929
NAR061219020,NAR,JRS_1,JRS,1,T,T-NAR061219020,17,6,1.0579042173281596,1.716025052884929
NAR061219020,NAR,JRS_1,JRS,1,T,T-NAR061219020,17,7,1.12849999592679,1.716025052884929
NAR061219020,NAR,JRS_1,JRS,1,T,T-NAR061219020,17,8,1.1909109737965407,1.716025052884929
NAR061219020,NAR,JRS_1,JRS,1,T,T-NAR061219020,17,9,1.2510176360712464,1.716025052884929
NAR061219020,NAR,JRS_1,JRS,1,T,T-NAR061219020,17,10,1.3026851268283215,1.716025052884929
NAR061219020,NAR,JRS_1,JRS,1,T,T-NAR061219020,17,11,1.3625374183142782,1.716025052884929
NAR061219020,NAR,JRS_1,JRS,1,T,T-NAR061219020,17,12,1.411391851898811,1.716025052884929
NAR061219020,NAR,JRS_1,JRS,1,T,T-NAR061219020,17,13,1.4709897725960175,1.716025052884929
NAR061219020,NAR,JRS_1,JRS,1,T,T-NAR061219020,17,14,1.503983346300288,1.716025052884929
NAR061219020,NAR,JRS_1,JRS,1,T,T-NAR061219020,17,15,1.5392812355996033,1.716025052884929
NAR061219020,NAR,JRS_1,JRS,1,T,T-NAR061219020,17,16,1.5988791562968105,1.716025052884929
NAR061219020,NAR,JRS_1,JRS,1,T,T-NAR061219020,17,17,1.6451749034975498,1.716025052884929
NAR061219020,NAR,LSR_1,LSR,1,T,T-NAR061219020,18,1,0.6032555336457927,1.747429175618046
NAR061219020,NAR,LSR_1,LSR,1,T,T-NAR061219020,18,2,0.6518133576219574,1.747429175618046
NAR061219020,NAR,LSR_1,LSR,1,T,T-NAR061219020,18,3,0.7539601732177371,1.747429175618046
NAR061219020,NAR,LSR_1,LSR,1,T,T-NAR061219020,18,4,0.8240628376812515,1.747429175618046
NAR061219020,NAR,LSR_1,LSR,1,T,T-NAR061219020,18,5,0.8994151574672236,1.747429175618046
NAR061219020,NAR,LSR_1,LSR,1,T,T-NAR061219020,18,6,0.9775015487539283,1.747429175618046
NAR061219020,NAR,LSR_1,LSR,1,T,T-NAR061219020,18,7,1.0529631123794048,1.747429175618046
NAR061219020,NAR,LSR_1,LSR,1,T,T-NAR061219020,18,8,1.1284246760048806,1.747429175618046
NAR061219020,NAR,LSR_1,LSR,1,T,T-NAR061219020,18,9,1.195465537449151,1.747429175618046
NAR061219020,NAR,LSR_1,LSR,1,T,T-NAR061219020,18,10,1.2494915044267811,1.747429175618046
NAR061219020,NAR,LSR_1,LSR,1,T,T-NAR061219020,18,11,1.3058145675471284,1.747429175618046
NAR061219020,NAR,LSR_1,LSR,1,T,T-NAR061219020,18,12,1.357106463024026,1.747429175618046
NAR061219020,NAR,LSR_1,LSR,1,T,T-NAR061219020,18,13,1.4052273116421754,1.747429175618046
NAR061219020,NAR,LSR_1,LSR,1,T,T-NAR061219020,18,14,1.4567376947980806,1.747429175618046
NAR061219020,NAR,LSR_1,LSR,1,T,T-NAR061219020,18,15,1.5347148422452817,1.747429175618046
NAR061219020,NAR,LSR_1,LSR,1,T,T-NAR061219020,18,16,1.5993493637073306,1.747429175618046
NAR061219020,NAR,LSR_1,LSR,1,T,T-NAR061219020,18,17,1.6452823600222668,1.747429175618046
NAR061219020,NAR,LSR_1,LSR,1,T,T-NAR061219020,18,18,1.7045579823223542,1.747429175618046
NAR061219020,NAR,MJS_1,MJS,1,T,T-NAR061219020,18,1,0.5636738609003632,1.7748592663268268
NAR061219020,NAR,MJS_1,MJS,1,T,T-NAR061219020,18,2,0.6899242465830677,1.7748592663268268
NAR061219020,NAR,MJS_1,MJS,1,T,T-NAR061219020,18,3,0.7847134223711575,1.7748592663268268
NAR061219020,NAR,MJS_1,MJS,1,T,T-NAR061219020,18,4,0.8696974424672903,1.7748592663268268
NAR061219020,NAR,MJS_1,MJS,1,T,T-NAR061219020,18,5,0.9303713463856528,1.7748592663268268
NAR061219020,NAR,MJS_1,MJS,1,T,T-NAR061219020,18,6,1.0120046712104493,1.7748592663268268
NAR061219020,NAR,MJS_1,MJS,1,T,T-NAR061219020,18,7,1.0833831371691163,1.7748592663268268
NAR061219020,NAR,MJS_1,MJS,1,T,T-NAR061219020,18,8,1.1547616031277825,1.7748592663268268
NAR061219020,NAR,MJS_1,MJS,1,T,T-NAR061219020,18,9,1.2125345149489828,1.7748592663268268
NAR061219020,NAR,MJS_1,MJS,1,T,T-NAR061219020,18,10,1.2674064346730203,1.7748592663268268
NAR061219020,NAR,MJS_1,MJS,1,T,T-NAR061219020,18,11,1.329632221166026,1.7748592663268268
NAR061219020,NAR,MJS_1,MJS,1,T,T-NAR061219020,18,12,1.3932071171815517,1.7748592663268268
NAR061219020,NAR,MJS_1,MJS,1,T,T-NAR061219020,18,13,1.4456277479825999,1.7748592663268268
NAR061219020,NAR,MJS_1,MJS,1,T,T-NAR061219020,18,14,1.4839931214720088,1.7748592663268268
NAR061219020,NAR,MJS_1,MJS,1,T,T-NAR061219020,18,15,1.5277107759815698,1.7748592663268268
NAR061219020,NAR,MJS_1,MJS,1,T,T-NAR061219020,18,16,1.5801314067826182,1.7748592663268268
NAR061219020,NAR,MJS_1,MJS,1,T,T-NAR061219020,18,17,1.6131444992518758,1.7748592663268268
NAR061219020,NAR,MJS_1,MJS,1,T,T-NAR061219020,18,18,1.6762696920932276,1.7748592663268268
NAR061319035,NAR,CJF_1,CJF,1,T,T-NAR061319035,12,1,0.508484971637992,1.444737511700112
NAR061319035,NAR,CJF_1,CJF,1,T,T-NAR061319035,12,2,0.6600701012700609,1.444737511700112
NAR061319035,NAR,CJF_1,CJF,1,T,T-NAR061319035,12,3,0.7938669056753869,1.444737511700112
NAR061319035,NAR,CJF_1,CJF,1,T,T-NAR061319035,12,4,0.8980509250221377,1.444737511700112
NAR061319035,NAR,CJF_1,CJF,1,T,T-NAR061319035,12,5,0.9709329507629086,1.444737511700112
NAR061319035,NAR,CJF_1,CJF,1,T,T-NAR061319035,12,6,1.0438149765036795,1.444737511700112
NAR061319035,NAR,CJF_1,CJF,1,T,T-NAR061319035,12,7,1.1150077936970457,1.444737511700112
NAR061319035,NAR,CJF_1,CJF,1,T,T-NAR061319035,12,8,1.1725441552667917,1.444737511700112
NAR061319035,NAR,CJF_1,CJF,1,T,T-NAR061319035,12,9,1.2198024783077261,1.444737511700112
NAR061319035,NAR,CJF_1,CJF,1,T,T-NAR061319035,12,10,1.2750389660661379,1.444737511700112
NAR061319035,NAR,CJF_1,CJF,1,T,T-NAR061319035,12,11,1.3376429532780976,1.444737511700112
NAR061319035,NAR,CJF_1,CJF,1,T,T-NAR061319035,12,12,1.394568649583914,1.444737511700112
NAR061319035,NAR,JRS_1,JRS,1,T,T-NAR061319035,12,1,0.388401463737892,1.2964526671049252
NAR061319035,NAR,JRS_1,JRS,1,T,T-NAR061319035,12,2,0.5376801197916273,1.2964526671049252
NAR061319035,NAR,JRS_1,JRS,1,T,T-NAR061319035,12,3,0.6482263335524625,1.2964526671049252
NAR061319035,NAR,JRS_1,JRS,1,T,T-NAR061319035,12,4,0.7291741944979563,1.2964526671049252
NAR061319035,NAR,JRS_1,JRS,1,T,T-NAR061319035,12,5,0.8285580828018189,1.2964526671049252
NAR061319035,NAR,JRS_1,JRS,1,T,T-NAR061319035,12,6,0.8939793971495018,1.2964526671049252
NAR061319035,NAR,JRS_1,JRS,1,T,T-NAR061319035,12,7,0.9575403239210231,1.2964526671049252
NAR061319035,NAR,JRS_1,JRS,1,T,T-NAR061319035,12,8,1.0074350916708958,1.2964526671049252
NAR061319035,NAR,JRS_1,JRS,1,T,T-NAR061319035,12,9,1.06064498737721,1.2964526671049252
NAR061319035,NAR,JRS_1,JRS,1,T,T-NAR061319035,12,10,1.1246115613446137,1.2964526671049252
NAR061319035,NAR,JRS_1,JRS,1,T,T-NAR061319035,12,11,1.1896272284964142,1.2964526671049252
NAR061319035,NAR,JRS_1,JRS,1,T,T-NAR061319035,12,12,1.242837124202728,1.2964526671049252
NAR061319035,NAR,LSR_1,LSR,1,T,T-NAR061319035,12,1,0.42400621778566994,1.356536901878837
NAR061319035,NAR,LSR_1,LSR,1,T,T-NAR061319035,12,2,0.607538705216339,1.356536901878837
NAR061319035,NAR,LSR_1,LSR,1,T,T-NAR061319035,12,3,0.7436615187159328,1.356536901878837
NAR061319035,NAR,LSR_1,LSR,1,T,T-NAR061319035,12,4,0.8290733831024301,1.356536901878837
NAR061319035,NAR,LSR_1,LSR,1,T,T-NAR061319035,12,5,0.8902715598322538,1.356536901878837
NAR061319035,NAR,LSR_1,LSR,1,T,T-NAR061319035,12,6,0.9598595186554583,1.356536901878837
NAR061319035,NAR,LSR_1,LSR,1,T,T-NAR061319035,12,7,1.026332330573046,1.356536901878837
NAR061319035,NAR,LSR_1,LSR,1,T,T-NAR061319035,12,8,1.0727863458806506,1.356536901878837
NAR061319035,NAR,LSR_1,LSR,1,T,T-NAR061319035,12,9,1.143454048844929,1.356536901878837
NAR061319035,NAR,LSR_1,LSR,1,T,T-NAR061319035,12,10,1.2088471166214432,1.356536901878837
NAR061319035,NAR,LSR_1,LSR,1,T,T-NAR061319035,12,11,1.2710629947335386,1.356536901878837
NAR061319035,NAR,LSR_1,LSR,1,T,T-NAR061319035,12,12,1.3111626307123059,1.356536901878837
NAR061319035,NAR,MJS_1,MJS,1,T,T-NAR061319035,12,1,0.5257158991843747,1.487818215600353
NAR061319035,NAR,MJS_1,MJS,1,T,T-NAR061319035,12,2,0.7100575416216298,1.487818215600353
NAR061319035,NAR,MJS_1,MJS,1,T,T-NAR061319035,12,3,0.8374056923248347,1.487818215600353
NAR061319035,NAR,MJS_1,MJS,1,T,T-NAR061319035,12,4,0.9322452958513229,1.487818215600353
NAR061319035,NAR,MJS_1,MJS,1,T,T-NAR061319035,12,5,1.0271194107694104,1.487818215600353
NAR061319035,NAR,MJS_1,MJS,1,T,T-NAR061319035,12,6,1.0948743102139018,1.487818215600353
NAR061319035,NAR,MJS_1,MJS,1,T,T-NAR061319035,12,7,1.1545020728642141,1.487818215600353
NAR061319035,NAR,MJS_1,MJS,1,T,T-NAR061319035,12,8,1.2060026987203476,1.487818215600353
NAR061319035,NAR,MJS_1,MJS,1,T,T-NAR061319035,12,9,1.249358932086502,1.487818215600353
NAR061319035,NAR,MJS_1,MJS,1,T,T-NAR061319035,12,10,1.317096575835194,1.487818215600353
NAR061319035,NAR,MJS_1,MJS,1,T,T-NAR061319035,12,11,1.3767243384855063,1.487818215600353
NAR061319035,NAR,MJS_1,MJS,1,T,T-NAR061319035,12,12,1.436334845440019,1.487818215600353
NAR061319036,NAR,CJF_1,CJF,1,T,T-NAR061319036,5,1,0.309633876919889,1.0384731848132702
NAR061319036,NAR,CJF_1,CJF,1,T,T-NAR061319036,5,2,0.570225333630579,1.0384731848132702
NAR061319036,NAR,CJF_1,CJF,1,T,T-NAR061319036,5,3,0.7116545339111338,1.0384731848132702
NAR061319036,NAR,CJF_1,CJF,1,T,T-NAR061319036,5,4,0.8363981179021447,1.0384731848132702
NAR061319036,NAR,CJF_1,CJF,1,T,T-NAR061319036,5,5,0.9469679873411575,1.0384731848132702
NAR061319036,NAR,JRS_1,JRS,1,T,T-NAR061319036,4,1,0.4662288259338113,0.8949569170799953
NAR061319036,NAR,JRS_1,JRS,1,T,T-NAR061319036,4,2,0.6109685389660227,0.8949569170799953
NAR061319036,NAR,JRS_1,JRS,1,T,T-NAR061319036,4,3,0.7288352235948232,0.8949569170799953
NAR061319036,NAR,JRS_1,JRS,1,T,T-NAR061319036,4,4,0.8199301339678352,0.8949569170799953
NAR061319036,NAR,LSR_1,LSR,1,T,T-NAR061319036,5,1,0.28834916056365817,0.879512564533472
NAR061319036,NAR,LSR_1,LSR,1,T,T-NAR061319036,5,2,0.43495562060432136,0.879512564533472
NAR061319036,NAR,LSR_1,LSR,1,T,T-NAR061319036,5,3,0.5575776614997682,0.879512564533472
NAR061319036,NAR,LSR_1,LSR,1,T,T-NAR061319036,5,4,0.6634068311601924,0.879512564533472
NAR061319036,NAR,LSR_1,LSR,1,T,T-NAR061319036,5,5,0.7930122372332145,0.879512564533472
NAR061319036,NAR,MJS_1,MJS,1,T,T-NAR061319036,4,1,0.7934108701345237,1.2826932773525355
NAR061319036,NAR,MJS_1,MJS,1,T,T-NAR061319036,4,2,0.9571488903010434,1.2826932773525355
NAR061319036,NAR,MJS_1,MJS,1,T,T-NAR061319036,4,3,1.0702064577710821,1.2826932773525355
NAR061319036,NAR,MJS_1,MJS,1,T,T-NAR061319036,4,4,1.1787263364257594,1.2826932773525355
NAR061319037,NAR,CJF_1,CJF,1,T,T-NAR061319037,3,1,0.39150860138990323,0.9489512543904652
NAR061319037,NAR,CJF_1,CJF,1,T,T-NAR061319037,3,2,0.6612126774706295,0.9489512543904652
NAR061319037,NAR,CJF_1,CJF,1,T,T-NAR061319037,3,3,0.8365106279177041,0.9489512543904652
NAR061319037,NAR,JRS_1,JRS,1,T,T-NAR061319037,2,1,0.730589441408722,1.0018885102613448
NAR061319037,NAR,JRS_1,JRS,1,T,T-NAR061319037,2,2,0.9088168291022706,1.0018885102613448
NAR061319037,NAR,LSR_1,LSR,1,T,T-NAR061319037,3,1,0.46593005077336763,1.00534419026646
NAR061319037,NAR,LSR_1,LSR,1,T,T-NAR061319037,3,2,0.6967559745388304,1.00534419026646
NAR061319037,NAR,LSR_1,LSR,1,T,T-NAR061319037,3,3,0.8915010706175213,1.00534419026646
NAR061319037,NAR,MJS_1,MJS,1,T,T-NAR061319037,2,1,0.7397899720052689,1.0266214892291197
NAR061319037,NAR,MJS_1,MJS,1,T,T-NAR061319037,2,2,0.9174907969482311,1.0266214892291197
NAR061319038,NAR,CJF_1,CJF,1,T,T-NAR061319038,6,1,0.3594929930336806,1.104326057701951
NAR061319038,NAR,CJF_1,CJF,1,T,T-NAR061319038,6,2,0.5624282803805785,1.104326057701951
NAR061319038,NAR,CJF_1,CJF,1,T,T-NAR061319038,6,3,0.6904012646674829,1.104326057701951
NAR061319038,NAR,CJF_1,CJF,1,T,T-NAR061319038,6,4,0.8121361065951205,1.104326057701951
NAR061319038,NAR,CJF_1,CJF,1,T,T-NAR061319038,6,5,0.9015224227575618,1.104326057701951
NAR061319038,NAR,CJF_1,CJF,1,T,T-NAR061319038,6,6,1.002858414028502,1.104326057701951
NAR061319038,NAR,JRS_1,JRS,1,T,T-NAR061319038,5,1,0.6261773083892385,1.1233816196200643
NAR061319038,NAR,JRS_1,JRS,1,T,T-NAR061319038,5,2,0.7471335539974773,1.1233816196200643
NAR061319038,NAR,JRS_1,JRS,1,T,T-NAR061319038,5,3,0.8706897452654532,1.1233816196200643
NAR061319038,NAR,JRS_1,JRS,1,T,T-NAR061319038,5,4,0.9566536671568153,1.1233816196200643
NAR061319038,NAR,JRS_1,JRS,1,T,T-NAR061319038,5,5,1.0401261006739209,1.1233816196200643
NAR061319038,NAR,LSR_1,LSR,1,T,T-NAR061319038,6,1,0.3699002376731415,1.109525819290028
NAR061319038,NAR,LSR_1,LSR,1,T,T-NAR061319038,6,2,0.5439413601386189,1.109525819290028
NAR061319038,NAR,LSR_1,LSR,1,T,T-NAR061319038,6,3,0.6825446406851741,1.109525819290028
NAR061319038,NAR,LSR_1,LSR,1,T,T-NAR061319038,6,4,0.8077029657843904,1.109525819290028
NAR061319038,NAR,LSR_1,LSR,1,T,T-NAR061319038,6,5,0.8919580199210506,1.109525819290028
NAR061319038,NAR,LSR_1,LSR,1,T,T-NAR061319038,6,6,0.9898766466667949,1.109525819290028
NAR061319038,NAR,MJS_1,MJS,1,T,T-NAR061319038,5,1,0.680237863883224,1.2082849356650174
NAR061319038,NAR,MJS_1,MJS,1,T,T-NAR061319038,5,2,0.8050094114146682,1.2082849356650174
NAR061319038,NAR,MJS_1,MJS,1,T,T-NAR061319038,5,3,0.9337875310958405,1.2082849356650174
NAR061319038,NAR,MJS_1,MJS,1,T,T-NAR061319038,5,4,1.0306781850684634,1.2082849356650174
NAR061319038,NAR,MJS_1,MJS,1,T,T-NAR061319038,5,5,1.1109326327035602,1.2082849356650174
NAR061319039,NAR,CJF_1,CJF,1,T,T-NAR061319039,2,1,0.41454658243495046,0.7348801261029572
NAR061319039,NAR,CJF_1,CJF,1,T,T-NAR061319039,2,2,0.6060755163660031,0.7348801261029572
NAR061319039,NAR,JRS_1,JRS,1,T,T-NAR061319039,2,1,0.40220165469939895,0.6949907838175359
NAR061319039,NAR,JRS_1,JRS,1,T,T-NAR061319039,2,2,0.5821465871678185,0.6949907838175359
NAR061319039,NAR,LSR_1,LSR,1,T,T-NAR061319039,3,1,0.2880143587584851,0.7554376682996888
NAR061319039,NAR,LSR_1,LSR,1,T,T-NAR061319039,3,2,0.4530072123616756,0.7554376682996888
NAR061319039,NAR,LSR_1,LSR,1,T,T-NAR061319039,3,3,0.6151137396114654,0.7554376682996888
NAR061319039,NAR,MJS_1,MJS,1,T,T-NAR061319039,2,1,0.4621075999972206,0.7630808793282983
NAR061319039,NAR,MJS_1,MJS,1,T,T-NAR061319039,2,2,0.6636457640211776,0.7630808793282983
NAR061319040,NAR,CJF_1,CJF,1,T,T-NAR061319040,2,1,0.4829687770402342,0.8095872444295711
NAR061319040,NAR,CJF_1,CJF,1,T,T-NAR061319040,2,2,0.6689755255540328,0.8095872444295711
NAR061319040,NAR,JRS_1,JRS,1,T,T-NAR061319040,2,1,0.34522350133537627,0.6304428047526665
NAR061319040,NAR,JRS_1,JRS,1,T,T-NAR061319040,2,2,0.5052945372459952,0.6304428047526665
NAR061319040,NAR,LSR_1,LSR,1,T,T-NAR061319040,2,1,0.5738894559561502,0.8945863842362035
NAR061319040,NAR,LSR_1,LSR,1,T,T-NAR061319040,2,2,0.7720544053300087,0.8945863842362035
NAR061319040,NAR,MJS_1,MJS,1,T,T-NAR061319040,2,1,0.5820403082651402,0.8791725874562344
NAR061319040,NAR,MJS_1,MJS,1,T,T-NAR061319040,2,2,0.7631641379370403,0.8791725874562344
NAR061319041,NAR,CJF_1,CJF,1,T,T-NAR061319041,4,1,0.5483689729612489,1.173009688791213
NAR061319041,NAR,CJF_1,CJF,1,T,T-NAR061319041,4,2,0.7351889404999763,1.173009688791213
NAR061319041,NAR,CJF_1,CJF,1,T,T-NAR061319041,4,3,0.8810391684828014,1.173009688791213
NAR061319041,NAR,CJF_1,CJF,1,T,T-NAR061319041,4,4,1.057819249389624,1.173009688791213
NAR061319041,NAR,JRS_1,JRS,1,T,T-NAR061319041,3,1,0.7230010226908645,1.1411428001998687
NAR061319041,NAR,JRS_1,JRS,1,T,T-NAR061319041,3,2,0.9074647550219936,1.1411428001998687
NAR061319041,NAR,JRS_1,JRS,1,T,T-NAR061319041,3,3,1.037587820278399,1.1411428001998687
NAR061319041,NAR,LSR_1,LSR,1,T,T-NAR061319041,5,1,0.6103434639960331,1.2998275207328644
NAR061319041,NAR,LSR_1,LSR,1,T,T-NAR061319041,5,2,0.7512637934971169,1.2998275207328644
NAR061319041,NAR,LSR_1,LSR,1,T,T-NAR061319041,5,3,0.9122594971039182,1.2998275207328644
NAR061319041,NAR,LSR_1,LSR,1,T,T-NAR061319041,5,4,1.04728815174188,1.2998275207328644
NAR061319041,NAR,LSR_1,LSR,1,T,T-NAR061319041,5,5,1.2011527346512771,1.2998275207328644
NAR061319041,NAR,MJS_1,MJS,1,T,T-NAR061319041,6,1,0.4926150752542918,1.2905465039321509
NAR061319041,NAR,MJS_1,MJS,1,T,T-NAR061319041,6,2,0.5891749556484349,1.2905465039321509
NAR061319041,NAR,MJS_1,MJS,1,T,T-NAR061319041,6,3,0.6990380871680701,1.2905465039321509
NAR061319041,NAR,MJS_1,MJS,1,T,T-NAR061319041,6,4,0.8494832599694561,1.2905465039321509
NAR061319041,NAR,MJS_1,MJS,1,T,T-NAR061319041,6,5,0.9922305338555218,1.2905465039321509
NAR061319041,NAR,MJS_1,MJS,1,T,T-NAR061319041,6,6,1.1631950278767258,1.2905465039321509
NAR061319042,NAR,CJF_1,CJF,1,T,T-NAR061319042,2,1,0.4909133720525597,0.8155990120204102
NAR061319042,NAR,CJF_1,CJF,1,T,T-NAR061319042,2,2,0.6896395356838267,0.8155990120204102
NAR061319042,NAR,JRS_1,JRS,1,T,T-NAR061319042,2,1,0.38266212590593107,0.6734108111230628
NAR061319042,NAR,JRS_1,JRS,1,T,T-NAR061319042,2,2,0.5578059792767522,0.6734108111230628
NAR061319042,NAR,LSR_1,LSR,1,T,T-NAR061319042,3,1,0.445807415001288,0.9632427049111996
NAR061319042,NAR,LSR_1,LSR,1,T,T-NAR061319042,3,2,0.6328971850476199,0.9632427049111996
NAR061319042,NAR,LSR_1,LSR,1,T,T-NAR061319042,3,3,0.8408259598157347,0.9632427049111996
NAR061319042,NAR,MJS_1,MJS,1,T,T-NAR061319042,2,1,0.5873553869133389,0.9160816782967054
NAR061319042,NAR,MJS_1,MJS,1,T,T-NAR061319042,2,2,0.7867671305317194,0.9160816782967054
NAR061419001,NAR,CJF_1,CJF,1,T,T-NAR061419001,19,1,0.5105445067119757,1.8687706417627172
NAR061419001,NAR,CJF_1,CJF,1,T,T-NAR061419001,19,2,0.629239978032713,1.8687706417627172
NAR061419001,NAR,CJF_1,CJF,1,T,T-NAR061419001,19,3,0.743491639122738,1.8687706417627172
NAR061419001,NAR,CJF_1,CJF,1,T,T-NAR061419001,19,4,0.852856936400471,1.8687706417627172
NAR061419001,NAR,CJF_1,CJF,1,T,T-NAR061419001,19,5,0.9314227807275505,1.8687706417627172
NAR061419001,NAR,CJF_1,CJF,1,T,T-NAR061419001,19,6,1.0211658180900345,1.8687706417627172
NAR061419001,NAR,CJF_1,CJF,1,T,T-NAR061419001,19,7,1.0932872238618356,1.8687706417627172
NAR061419001,NAR,CJF_1,CJF,1,T,T-NAR061419001,19,8,1.1560784555906334,1.8687706417627172
NAR061419001,NAR,CJF_1,CJF,1,T,T-NAR061419001,19,9,1.2188696873194307,1.8687706417627172
NAR061419001,NAR,CJF_1,CJF,1,T,T-NAR061419001,19,10,1.2678869347745125,1.8687706417627172
NAR061419001,NAR,CJF_1,CJF,1,T,T-NAR061419001,19,11,1.325272444443356,1.8687706417627172
NAR061419001,NAR,CJF_1,CJF,1,T,T-NAR061419001,19,12,1.3841392241891033,1.8687706417627172
NAR061419001,NAR,CJF_1,CJF,1,T,T-NAR061419001,19,13,1.4297513779087974,1.8687706417627172
NAR061419001,NAR,CJF_1,CJF,1,T,T-NAR061419001,19,14,1.4910613395606909,1.8687706417627172
NAR061419001,NAR,CJF_1,CJF,1,T,T-NAR061419001,19,15,1.5587389351017797,1.8687706417627172
NAR061419001,NAR,CJF_1,CJF,1,T,T-NAR061419001,19,16,1.6033891769922322,1.8687706417627172
NAR061419001,NAR,CJF_1,CJF,1,T,T-NAR061419001,19,17,1.6715861307809834,1.8687706417627172
NAR061419001,NAR,CJF_1,CJF,1,T,T-NAR061419001,19,18,1.7505177240235597,1.8687706417627172
NAR061419001,NAR,CJF_1,CJF,1,T,T-NAR061419001,19,19,1.7942060540847704,1.8687706417627172
NAR061419001,NAR,JRS_1,JRS,1,T,T-NAR061419001,19,1,0.42423890382583557,1.8131361531515369
NAR061419001,NAR,JRS_1,JRS,1,T,T-NAR061419001,19,2,0.5383841996663512,1.8131361531515369
NAR061419001,NAR,JRS_1,JRS,1,T,T-NAR061419001,19,3,0.652670102587081,1.8131361531515369
NAR061419001,NAR,JRS_1,JRS,1,T,T-NAR061419001,19,4,0.7634479498133127,1.8131361531515369
NAR061419001,NAR,JRS_1,JRS,1,T,T-NAR061419001,19,5,0.8537398911934182,1.8131361531515369
NAR061419001,NAR,JRS_1,JRS,1,T,T-NAR061419001,19,6,0.9321754588834263,1.8131361531515369
NAR061419001,NAR,JRS_1,JRS,1,T,T-NAR061419001,19,7,1.0071029708789372,1.8131361531515369
NAR061419001,NAR,JRS_1,JRS,1,T,T-NAR061419001,19,8,1.0836439036414829,1.8131361531515369
NAR061419001,NAR,JRS_1,JRS,1,T,T-NAR061419001,19,9,1.1126187345634233,1.8131361531515369
NAR061419001,NAR,JRS_1,JRS,1,T,T-NAR061419001,19,10,1.175689872868837,1.8131361531515369
NAR061419001,NAR,JRS_1,JRS,1,T,T-NAR061419001,19,11,1.2557388613258798,1.8131361531515369
NAR061419001,NAR,JRS_1,JRS,1,T,T-NAR061419001,19,12,1.3103210745554783,1.8131361531515369
NAR061419001,NAR,JRS_1,JRS,1,T,T-NAR061419001,19,13,1.364903287785077,1.8131361531515369
NAR061419001,NAR,JRS_1,JRS,1,T,T-NAR061419001,19,14,1.4278338190102764,1.8131361531515369
NAR061419001,NAR,JRS_1,JRS,1,T,T-NAR061419001,19,15,1.4824160322398752,1.8131361531515369
NAR061419001,NAR,JRS_1,JRS,1,T,T-NAR061419001,19,16,1.525141871779376,1.8131361531515369
NAR061419001,NAR,JRS_1,JRS,1,T,T-NAR061419001,19,17,1.5896858237716098,1.8131361531515369
NAR061419001,NAR,JRS_1,JRS,1,T,T-NAR061419001,19,18,1.654510989924272,1.8131361531515369
NAR061419001,NAR,JRS_1,JRS,1,T,T-NAR061419001,19,19,1.7175821282296855,1.8131361531515369
NAR061419001,NAR,LSR_1,LSR,1,T,T-NAR061419001,17,1,0.37521221758060996,1.8018134539920376
NAR061419001,NAR,LSR_1,LSR,1,T,T-NAR061419001,17,2,0.5184636741758605,1.8018134539920376
NAR061419001,NAR,LSR_1,LSR,1,T,T-NAR061419001,17,3,0.6472590770563956,1.8018134539920376
NAR061419001,NAR,LSR_1,LSR,1,T,T-NAR061419001,17,4,0.7602818566511409,1.8018134539920376
NAR061419001,NAR,LSR_1,LSR,1,T,T-NAR061419001,17,5,0.8673931789596036,1.8018134539920376
NAR061419001,NAR,LSR_1,LSR,1,T,T-NAR061419001,17,6,0.9455905215838424,1.8018134539920376
NAR061419001,NAR,LSR_1,LSR,1,T,T-NAR061419001,17,7,1.024444276738825,1.8018134539920376
NAR061419001,NAR,LSR_1,LSR,1,T,T-NAR061419001,17,8,1.1046127292100891,1.8018134539920376
NAR061419001,NAR,LSR_1,LSR,1,T,T-NAR061419001,17,9,1.1729526503444074,1.8018134539920376
NAR061419001,NAR,LSR_1,LSR,1,T,T-NAR061419001,17,10,1.246549488489058,1.8018134539920376
NAR061419001,NAR,LSR_1,LSR,1,T,T-NAR061419001,17,11,1.3155476944089142,1.8018134539920376
NAR061419001,NAR,LSR_1,LSR,1,T,T-NAR061419001,17,12,1.4095157880641496,1.8018134539920376
NAR061419001,NAR,LSR_1,LSR,1,T,T-NAR061419001,17,13,1.4679982877085473,1.8018134539920376
NAR061419001,NAR,LSR_1,LSR,1,T,T-NAR061419001,17,14,1.5304230070469957,1.8018134539920376
NAR061419001,NAR,LSR_1,LSR,1,T,T-NAR061419001,17,15,1.5915349013239566,1.8018134539920376
NAR061419001,NAR,LSR_1,LSR,1,T,T-NAR061419001,17,16,1.648046291121329,1.8018134539920376
NAR061419001,NAR,LSR_1,LSR,1,T,T-NAR061419001,17,17,1.7091600576530837,1.8018134539920376
NAR061419001,NAR,MJS_1,MJS,1,T,T-NAR061419001,18,1,0.4054774831640123,1.7640599946038766
NAR061419001,NAR,MJS_1,MJS,1,T,T-NAR061419001,18,2,0.5290274762996632,1.7640599946038766
NAR061419001,NAR,MJS_1,MJS,1,T,T-NAR061419001,18,3,0.6557223600926698,1.7640599946038766
NAR061419001,NAR,MJS_1,MJS,1,T,T-NAR061419001,18,4,0.7473560336024686,1.7640599946038766
NAR061419001,NAR,MJS_1,MJS,1,T,T-NAR061419001,18,5,0.8431049924800254,1.7640599946038766
NAR061419001,NAR,MJS_1,MJS,1,T,T-NAR061419001,18,6,0.9410284473045352,1.7640599946038766
NAR061419001,NAR,MJS_1,MJS,1,T,T-NAR061419001,18,7,0.9951927080580247,1.7640599946038766
NAR061419001,NAR,MJS_1,MJS,1,T,T-NAR061419001,18,8,1.0880304828043743,1.7640599946038766
NAR061419001,NAR,MJS_1,MJS,1,T,T-NAR061419001,18,9,1.1508927273456764,1.7640599946038766
NAR061419001,NAR,MJS_1,MJS,1,T,T-NAR061419001,18,10,1.2072314840461187,1.7640599946038766
NAR061419001,NAR,MJS_1,MJS,1,T,T-NAR061419001,18,11,1.2754131151917296,1.7640599946038766
NAR061419001,NAR,MJS_1,MJS,1,T,T-NAR061419001,18,12,1.3307814771817699,1.7640599946038766
NAR061419001,NAR,MJS_1,MJS,1,T,T-NAR061419001,18,13,1.3977590070908301,1.7640599946038766
NAR061419001,NAR,MJS_1,MJS,1,T,T-NAR061419001,18,14,1.454331470317421,1.7640599946038766
NAR061419001,NAR,MJS_1,MJS,1,T,T-NAR061419001,18,15,1.50341005099275,1.7640599946038766
NAR061419001,NAR,MJS_1,MJS,1,T,T-NAR061419001,18,16,1.5597488076931927,1.7640599946038766
NAR061419001,NAR,MJS_1,MJS,1,T,T-NAR061419001,18,17,1.6216406575240925,1.7640599946038766
NAR061419001,NAR,MJS_1,MJS,1,T,T-NAR061419001,18,18,1.6917630780905077,1.7640599946038766
NAR061419002,NAR,CJF_1,CJF,1,T,T-NAR061419002,1,1,0.5161422026103926,0.7681666447642697
NAR061419002,NAR,JRS_1,JRS,1,T,T-NAR061419002,0,NA,NA,0.6859673919155482
NAR061419002,NAR,LSR_1,LSR,1,T,T-NAR061419002,1,1,0.7173834580614168,0.7994223382228144
NAR061419002,NAR,MJS_1,MJS,1,T,T-NAR061419002,2,1,0.27940356029206365,0.46261580601792923
NAR061419002,NAR,MJS_1,MJS,1,T,T-NAR061419002,2,2,0.3902419984298309,0.46261580601792923
NAR061419003,NAR,CJF_1,CJF,1,T,T-NAR061419003,2,1,0.4559766144795437,0.8405016727852395
NAR061419003,NAR,CJF_1,CJF,1,T,T-NAR061419003,2,2,0.6719018687992571,0.8405016727852395
NAR061419003,NAR,JRS_1,JRS,1,T,T-NAR061419003,2,1,0.38013694105264667,0.70337673864313
NAR061419003,NAR,JRS_1,JRS,1,T,T-NAR061419003,2,2,0.5790537395698674,0.70337673864313
NAR061419003,NAR,LSR_1,LSR,1,T,T-NAR061419003,2,1,0.5659718830102798,0.9565322684467774
NAR061419003,NAR,LSR_1,LSR,1,T,T-NAR061419003,2,2,0.7891330646590341,0.9565322684467774
NAR061419003,NAR,MJS_1,MJS,1,T,T-NAR061419003,2,1,0.5420912470253967,0.9330345836476018
NAR061419003,NAR,MJS_1,MJS,1,T,T-NAR061419003,2,2,0.8004761407625128,0.9330345836476018
NAR061419004,NAR,CJF_1,CJF,1,T,T-NAR061419004,2,1,0.4494388809389133,0.8145688561614679
NAR061419004,NAR,CJF_1,CJF,1,T,T-NAR061419004,2,2,0.6517824417025645,0.8145688561614679
NAR061419004,NAR,JRS_1,JRS,1,T,T-NAR061419004,2,1,0.3936733550051719,0.6870772059658966
NAR061419004,NAR,JRS_1,JRS,1,T,T-NAR061419004,2,2,0.5693636856155347,0.6870772059658966
NAR061419004,NAR,LSR_1,LSR,1,T,T-NAR061419004,2,1,0.580625203704323,0.9123574012703597
NAR061419004,NAR,LSR_1,LSR,1,T,T-NAR061419004,2,2,0.7844495996352966,0.9123574012703597
NAR061419004,NAR,MJS_1,MJS,1,T,T-NAR061419004,2,1,0.590645837460656,0.9288140403727857
NAR061419004,NAR,MJS_1,MJS,1,T,T-NAR061419004,2,2,0.790389659218936,0.9288140403727857
NAR061419005,NAR,CJF_1,CJF,1,T,T-NAR061419005,2,1,0.561943858446572,0.947743432693247
NAR061419005,NAR,CJF_1,CJF,1,T,T-NAR061419005,2,2,0.7910014472522209,0.947743432693247
NAR061419005,NAR,JRS_1,JRS,1,T,T-NAR061419005,1,1,0.6986694533483154,0.8476182636560325
NAR061419005,NAR,LSR_1,LSR,1,T,T-NAR061419005,2,1,0.6446203169614566,1.0367557634527804
NAR061419005,NAR,LSR_1,LSR,1,T,T-NAR061419005,2,2,0.9067552294649812,1.0367557634527804
NAR061419005,NAR,MJS_1,MJS,1,T,T-NAR061419005,2,1,0.29240158709044245,0.49913372879598367
NAR061419005,NAR,MJS_1,MJS,1,T,T-NAR061419005,2,2,0.38548080822709574,0.49913372879598367
NAR061419006,NAR,CJF_1,CJF,1,T,T-NAR061419006,1,1,0.3830888014655638,0.5562025420513537
NAR061419006,NAR,JRS_1,JRS,1,T,T-NAR061419006,1,1,0.4244269660329285,0.5488237939058409
NAR061419006,NAR,LSR_1,LSR,1,T,T-NAR061419006,1,1,0.5989514618850561,0.7471801046705565
NAR061419006,NAR,MJS_1,MJS,1,T,T-NAR061419006,1,1,0.5109182328294863,0.6641804048357742
NAR061419007,NAR,CJF_1,CJF,1,T,T-NAR061419007,1,1,0.4862763747356561,0.6518513760130755
NAR061419007,NAR,JRS_1,JRS,1,T,T-NAR061419007,1,1,0.45948042328138683,0.6303915883704702
NAR061419007,NAR,LSR_1,LSR,1,T,T-NAR061419007,1,1,0.5745647091222995,0.7576424843574807
NAR061419007,NAR,MJS_1,MJS,1,T,T-NAR061419007,1,1,0.32547472032519653,0.46127706345076613
NAR061419008,NAR,CJF_1,CJF,1,T,T-NAR061419008,1,1,0.49047406760649814,0.6732676495850453
NAR061419008,NAR,JRS_1,JRS,1,T,T-NAR061419008,2,1,0.525080481202056,0.6869983609500413
NAR061419008,NAR,JRS_1,JRS,1,T,T-NAR061419008,2,2,0.6097476324114434,0.6869983609500413
NAR061419008,NAR,LSR_1,LSR,1,T,T-NAR061419008,2,1,0.623277253058027,0.7849447780799801
NAR061419008,NAR,LSR_1,LSR,1,T,T-NAR061419008,2,2,0.712212631856772,0.7849447780799801
NAR061419008,NAR,MJS_1,MJS,1,T,T-NAR061419008,1,1,0.6004263983431192,0.7549121649589594
NAR061419009,NAR,CJF_1,CJF,1,T,T-NAR061419009,4,1,0.29913996299988677,0.9822667435630283
NAR061419009,NAR,CJF_1,CJF,1,T,T-NAR061419009,4,2,0.5588591123535249,0.9822667435630283
NAR061419009,NAR,CJF_1,CJF,1,T,T-NAR061419009,4,3,0.7297593925072137,0.9822667435630283
NAR061419009,NAR,CJF_1,CJF,1,T,T-NAR061419009,4,4,0.8748220000710173,0.9822667435630283
NAR061419009,NAR,JRS_1,JRS,1,T,T-NAR061419009,4,1,0.37788040731720834,0.9952765875827376
NAR061419009,NAR,JRS_1,JRS,1,T,T-NAR061419009,4,2,0.6066754420396383,0.9952765875827376
NAR061419009,NAR,JRS_1,JRS,1,T,T-NAR061419009,4,3,0.7783361825090214,0.9952765875827376
NAR061419009,NAR,JRS_1,JRS,1,T,T-NAR061419009,4,4,0.8975271232717712,0.9952765875827376
NAR061419009,NAR,LSR_1,LSR,1,T,T-NAR061419009,4,1,0.3599719649653625,1.0104031259514
NAR061419009,NAR,LSR_1,LSR,1,T,T-NAR061419009,4,2,0.5962039223852083,1.0104031259514
NAR061419009,NAR,LSR_1,LSR,1,T,T-NAR061419009,4,3,0.7798577497606677,1.0104031259514
NAR061419009,NAR,LSR_1,LSR,1,T,T-NAR061419009,4,4,0.9067708696320297,1.0104031259514
NAR061419009,NAR,MJS_1,MJS,1,T,T-NAR061419009,4,1,0.3447919129335821,0.9614541123925725
NAR061419009,NAR,MJS_1,MJS,1,T,T-NAR061419009,4,2,0.5839936010294118,0.9614541123925725
NAR061419009,NAR,MJS_1,MJS,1,T,T-NAR061419009,4,3,0.7523519869076404,0.9614541123925725
NAR061419009,NAR,MJS_1,MJS,1,T,T-NAR061419009,4,4,0.8772749194534584,0.9614541123925725
NAR061419010,NAR,CJF_1,CJF,1,T,T-NAR061419010,2,1,0.550011510107322,0.8922752448474149
NAR061419010,NAR,CJF_1,CJF,1,T,T-NAR061419010,2,2,0.7479931151961945,0.8922752448474149
NAR061419010,NAR,JRS_1,JRS,1,T,T-NAR061419010,1,1,0.8097804487285509,0.9493163135785945
NAR061419010,NAR,LSR_1,LSR,1,T,T-NAR061419010,2,1,0.704012508034472,1.0188431698005296
NAR061419010,NAR,LSR_1,LSR,1,T,T-NAR061419010,2,2,0.8969488397745025,1.0188431698005296
NAR061419010,NAR,MJS_1,MJS,1,T,T-NAR061419010,2,1,0.6335112314234989,0.9821430894429803
NAR061419010,NAR,MJS_1,MJS,1,T,T-NAR061419010,2,2,0.8386999990581885,0.9821430894429803
NAR061419011,NAR,CJF_1,CJF,1,T,T-NAR061419011,2,1,0.5046692588344176,0.847791888273141
NAR061419011,NAR,CJF_1,CJF,1,T,T-NAR061419011,2,2,0.703698637808778,0.847791888273141
NAR061419011,NAR,JRS_1,JRS,1,T,T-NAR061419011,2,1,0.48918731335473215,0.7934087278568341
NAR061419011,NAR,JRS_1,JRS,1,T,T-NAR061419011,2,2,0.6697268630048856,0.7934087278568341
NAR061419011,NAR,LSR_1,LSR,1,T,T-NAR061419011,2,1,0.5857670577303028,0.921665587738471
NAR061419011,NAR,LSR_1,LSR,1,T,T-NAR061419011,2,2,0.7926866745774357,0.921665587738471
NAR061419011,NAR,MJS_1,MJS,1,T,T-NAR061419011,2,1,0.5242157591686664,0.8370117918246338
NAR061419011,NAR,MJS_1,MJS,1,T,T-NAR061419011,2,2,0.7150032395777512,0.8370117918246338
NAR061419012,NAR,CJF_1,CJF,1,T,T-NAR061419012,10,1,0.5055659049630364,1.3706295749686712
NAR061419012,NAR,CJF_1,CJF,1,T,T-NAR061419012,10,2,0.6237607512953525,1.3706295749686712
NAR061419012,NAR,CJF_1,CJF,1,T,T-NAR061419012,10,3,0.7329321768792585,1.3706295749686712
NAR061419012,NAR,CJF_1,CJF,1,T,T-NAR061419012,10,4,0.8227173496977631,1.3706295749686712
NAR061419012,NAR,CJF_1,CJF,1,T,T-NAR061419012,10,5,0.8958855146394047,1.3706295749686712
NAR061419012,NAR,CJF_1,CJF,1,T,T-NAR061419012,10,6,0.9624424299525937,1.3706295749686712
NAR061419012,NAR,CJF_1,CJF,1,T,T-NAR061419012,10,7,1.046777996799759,1.3706295749686712
NAR061419012,NAR,CJF_1,CJF,1,T,T-NAR061419012,10,8,1.1293266562583886,1.3706295749686712
NAR061419012,NAR,CJF_1,CJF,1,T,T-NAR061419012,10,9,1.2000826500800716,1.3706295749686712
NAR061419012,NAR,CJF_1,CJF,1,T,T-NAR061419012,10,10,1.2856687443900832,1.3706295749686712
NAR061419012,NAR,JRS_1,JRS,1,T,T-NAR061419012,10,1,0.46476855974287457,1.2885867534322468
NAR061419012,NAR,JRS_1,JRS,1,T,T-NAR061419012,10,2,0.5727930893894821,1.2885867534322468
NAR061419012,NAR,JRS_1,JRS,1,T,T-NAR061419012,10,3,0.6848229015070003,1.2885867534322468
NAR061419012,NAR,JRS_1,JRS,1,T,T-NAR061419012,10,4,0.7686531269409529,1.2885867534322468
NAR061419012,NAR,JRS_1,JRS,1,T,T-NAR061419012,10,5,0.8484780699039952,1.2885867534322468
NAR061419012,NAR,JRS_1,JRS,1,T,T-NAR061419012,10,6,0.9145874868336268,1.2885867534322468
NAR061419012,NAR,JRS_1,JRS,1,T,T-NAR061419012,10,7,0.9867048274696233,1.2885867534322468
NAR061419012,NAR,JRS_1,JRS,1,T,T-NAR061419012,10,8,1.0750059073764546,1.2885867534322468
NAR061419012,NAR,JRS_1,JRS,1,T,T-NAR061419012,10,9,1.1451206067769963,1.2885867534322468
NAR061419012,NAR,JRS_1,JRS,1,T,T-NAR061419012,10,10,1.2237114431213274,1.2885867534322468
NAR061419012,NAR,LSR_1,LSR,1,T,T-NAR061419012,10,1,0.5202612407024257,1.2620532500172201
NAR061419012,NAR,LSR_1,LSR,1,T,T-NAR061419012,10,2,0.64985537791281,1.2620532500172201
NAR061419012,NAR,LSR_1,LSR,1,T,T-NAR061419012,10,3,0.7216553256733991,1.2620532500172201
NAR061419012,NAR,LSR_1,LSR,1,T,T-NAR061419012,10,4,0.8127200032505869,1.2620532500172201
NAR061419012,NAR,LSR_1,LSR,1,T,T-NAR061419012,10,5,0.8713861465251787,1.2620532500172201
NAR061419012,NAR,LSR_1,LSR,1,T,T-NAR061419012,10,6,0.9347208759033684,1.2620532500172201
NAR061419012,NAR,LSR_1,LSR,1,T,T-NAR061419012,10,7,1.0250543838670547,1.2620532500172201
NAR061419012,NAR,LSR_1,LSR,1,T,T-NAR061419012,10,8,1.094520038575845,1.2620532500172201
NAR061419012,NAR,LSR_1,LSR,1,T,T-NAR061419012,10,9,1.177119497770633,1.2620532500172201
NAR061419012,NAR,LSR_1,LSR,1,T,T-NAR061419012,10,10,1.224986129611026,1.2620532500172201
NAR061419012,NAR,MJS_1,MJS,1,T,T-NAR061419012,9,1,0.5637327569483276,1.2848360464627342
NAR061419012,NAR,MJS_1,MJS,1,T,T-NAR061419012,9,2,0.6839029772299057,1.2848360464627342
NAR061419012,NAR,MJS_1,MJS,1,T,T-NAR061419012,9,3,0.7477217799033012,1.2848360464627342
NAR061419012,NAR,MJS_1,MJS,1,T,T-NAR061419012,9,4,0.8242988785897132,1.2848360464627342
NAR061419012,NAR,MJS_1,MJS,1,T,T-NAR061419012,9,5,0.8934359148192254,1.2848360464627342
NAR061419012,NAR,MJS_1,MJS,1,T,T-NAR061419012,9,6,0.9816967337641055,1.2848360464627342
NAR061419012,NAR,MJS_1,MJS,1,T,T-NAR061419012,9,7,1.0551047504034976,1.2848360464627342
NAR061419012,NAR,MJS_1,MJS,1,T,T-NAR061419012,9,8,1.1220926351239133,1.2848360464627342
NAR061419012,NAR,MJS_1,MJS,1,T,T-NAR061419012,9,9,1.2071843720217739,1.2848360464627342
NAR061419013,NAR,CJF_1,CJF,1,T,T-NAR061419013,2,1,0.4746138616903523,0.7987895545395576
NAR061419013,NAR,CJF_1,CJF,1,T,T-NAR061419013,2,2,0.6735095411415538,0.7987895545395576
NAR061419013,NAR,JRS_1,JRS,1,T,T-NAR061419013,1,1,0.6590145251095635,0.7818173950435335
NAR061419013,NAR,LSR_1,LSR,1,T,T-NAR061419013,2,1,0.5994153019874993,0.8802083884843158
NAR061419013,NAR,LSR_1,LSR,1,T,T-NAR061419013,2,2,0.7865661534014339,0.8802083884843158
NAR061419013,NAR,MJS_1,MJS,1,T,T-NAR061419013,2,1,0.6018847711305246,0.9154318423893133
NAR061419013,NAR,MJS_1,MJS,1,T,T-NAR061419013,2,2,0.8108906541763863,0.9154318423893133
NAR061419014,NAR,CJF_1,CJF,1,T,T-NAR061419014,3,1,0.36981043220058757,0.8569303742196972
NAR061419014,NAR,CJF_1,CJF,1,T,T-NAR061419014,3,2,0.5995142143829382,0.8569303742196972
NAR061419014,NAR,CJF_1,CJF,1,T,T-NAR061419014,3,3,0.7257646755739711,0.8569303742196972
NAR061419014,NAR,JRS_1,JRS,1,T,T-NAR061419014,3,1,0.3893315615882745,0.8623296837312125
NAR061419014,NAR,JRS_1,JRS,1,T,T-NAR061419014,3,2,0.6105996269832352,0.8623296837312125
NAR061419014,NAR,JRS_1,JRS,1,T,T-NAR061419014,3,3,0.7368298428992167,0.8623296837312125
NAR061419014,NAR,LSR_1,LSR,1,T,T-NAR061419014,3,1,0.5118044153777804,0.9850993364208205
NAR061419014,NAR,LSR_1,LSR,1,T,T-NAR061419014,3,2,0.7401890367711753,0.9850993364208205
NAR061419014,NAR,LSR_1,LSR,1,T,T-NAR061419014,3,3,0.8777769682486514,0.9850993364208205
NAR061419014,NAR,MJS_1,MJS,1,T,T-NAR061419014,3,1,0.4812283351172261,0.9596464319896482
NAR061419014,NAR,MJS_1,MJS,1,T,T-NAR061419014,3,2,0.7149413980962377,0.9596464319896482
NAR061419014,NAR,MJS_1,MJS,1,T,T-NAR061419014,3,3,0.8236161969161483,0.9596464319896482
NAR061419015,NAR,CJF_1,CJF,1,T,T-NAR061419015,3,1,0.5305703524103463,0.9227411043476392
NAR061419015,NAR,CJF_1,CJF,1,T,T-NAR061419015,3,2,0.688303041654696,0.9227411043476392
NAR061419015,NAR,CJF_1,CJF,1,T,T-NAR061419015,3,3,0.8069076832676308,0.9227411043476392
NAR061419015,NAR,JRS_1,JRS,1,T,T-NAR061419015,3,1,0.5632744387146074,0.9427691642519653
NAR061419015,NAR,JRS_1,JRS,1,T,T-NAR061419015,3,2,0.7180294297803542,0.9427691642519653
NAR061419015,NAR,JRS_1,JRS,1,T,T-NAR061419015,3,3,0.8484863091723445,0.9427691642519653
NAR061419015,NAR,LSR_1,LSR,1,T,T-NAR061419015,3,1,0.7214357821632654,1.099518284608256
NAR061419015,NAR,LSR_1,LSR,1,T,T-NAR061419015,3,2,0.8898944267976894,1.099518284608256
NAR061419015,NAR,LSR_1,LSR,1,T,T-NAR061419015,3,3,1.000597838352012,1.099518284608256
NAR061419015,NAR,MJS_1,MJS,1,T,T-NAR061419015,3,1,0.6922987200316602,1.0892778570446018
NAR061419015,NAR,MJS_1,MJS,1,T,T-NAR061419015,3,2,0.8468059477278655,1.0892778570446018
NAR061419015,NAR,MJS_1,MJS,1,T,T-NAR061419015,3,3,0.9842653514729703,1.0892778570446018
NAR061419016,NAR,CJF_1,CJF,1,T,T-NAR061419016,3,1,0.436424834226801,0.9335032715924857
NAR061419016,NAR,CJF_1,CJF,1,T,T-NAR061419016,3,2,0.6203006092329466,0.9335032715924857
NAR061419016,NAR,CJF_1,CJF,1,T,T-NAR061419016,3,3,0.7961117258237612,0.9335032715924857
NAR061419016,NAR,JRS_1,JRS,1,T,T-NAR061419016,2,1,0.49635098090385577,0.7402621350225964
NAR061419016,NAR,JRS_1,JRS,1,T,T-NAR061419016,2,2,0.6079147059441751,0.7402621350225964
NAR061419016,NAR,LSR_1,LSR,1,T,T-NAR061419016,3,1,0.5215235443966965,0.9687642289447895
NAR061419016,NAR,LSR_1,LSR,1,T,T-NAR061419016,3,2,0.7356161829431787,0.9687642289447895
NAR061419016,NAR,LSR_1,LSR,1,T,T-NAR061419016,3,3,0.853517781272058,0.9687642289447895
NAR061419016,NAR,MJS_1,MJS,1,T,T-NAR061419016,3,1,0.4320938152845697,0.8778652752471942
NAR061419016,NAR,MJS_1,MJS,1,T,T-NAR061419016,3,2,0.615712876862345,0.8778652752471942
NAR061419016,NAR,MJS_1,MJS,1,T,T-NAR061419016,3,3,0.7619483426757203,0.8778652752471942
NAR061419017,NAR,CJF_1,CJF,1,T,T-NAR061419017,8,1,0.35199424515184763,1.3230222404283452
NAR061419017,NAR,CJF_1,CJF,1,T,T-NAR061419017,8,2,0.5775011082763974,1.3230222404283452
NAR061419017,NAR,CJF_1,CJF,1,T,T-NAR061419017,8,3,0.7086522342798987,1.3230222404283452
NAR061419017,NAR,CJF_1,CJF,1,T,T-NAR061419017,8,4,0.8250334761241045,1.3230222404283452
NAR061419017,NAR,CJF_1,CJF,1,T,T-NAR061419017,8,5,0.9206851515389822,1.3230222404283452
NAR061419017,NAR,CJF_1,CJF,1,T,T-NAR061419017,8,6,1.0228519113498187,1.3230222404283452
NAR061419017,NAR,CJF_1,CJF,1,T,T-NAR061419017,8,7,1.1067693562666063,1.3230222404283452
NAR061419017,NAR,CJF_1,CJF,1,T,T-NAR061419017,8,8,1.1926116505927462,1.3230222404283452
NAR061419017,NAR,JRS_1,JRS,1,T,T-NAR061419017,7,1,0.12129608230780888,1.3881092658955378
NAR061419017,NAR,JRS_1,JRS,1,T,T-NAR061419017,7,2,0.19148373059590282,1.3881092658955378
NAR061419017,NAR,JRS_1,JRS,1,T,T-NAR061419017,7,3,0.29382886979644585,1.3881092658955378
NAR061419017,NAR,JRS_1,JRS,1,T,T-NAR061419017,7,4,0.4041492461445443,1.3881092658955378
NAR061419017,NAR,JRS_1,JRS,1,T,T-NAR061419017,7,5,0.49864741935864565,1.3881092658955378
NAR061419017,NAR,JRS_1,JRS,1,T,T-NAR061419017,7,6,0.5983769032303746,1.3881092658955378
NAR061419017,NAR,JRS_1,JRS,1,T,T-NAR061419017,7,7,0.7279047650079656,1.3881092658955378
NAR061419017,NAR,LSR_1,LSR,1,T,T-NAR061419017,7,1,0.6416362790517153,1.3574982712402373
NAR061419017,NAR,LSR_1,LSR,1,T,T-NAR061419017,7,2,0.7927501493834959,1.3574982712402373
NAR061419017,NAR,LSR_1,LSR,1,T,T-NAR061419017,7,3,0.8882117201517191,1.3574982712402373
NAR061419017,NAR,LSR_1,LSR,1,T,T-NAR061419017,7,4,0.9810066005395124,1.3574982712402373
NAR061419017,NAR,LSR_1,LSR,1,T,T-NAR061419017,7,5,1.076446939696427,1.3574982712402373
NAR061419017,NAR,LSR_1,LSR,1,T,T-NAR061419017,7,6,1.1825115771524422,1.3574982712402373
NAR061419017,NAR,LSR_1,LSR,1,T,T-NAR061419017,7,7,1.2461427162459802,1.3574982712402373
NAR061419017,NAR,MJS_1,MJS,1,T,T-NAR061419017,7,1,0.7496928747819047,1.4767198006070792
NAR061419017,NAR,MJS_1,MJS,1,T,T-NAR061419017,7,2,0.8817679202222778,1.4767198006070792
NAR061419017,NAR,MJS_1,MJS,1,T,T-NAR061419017,7,3,0.996359721332581,1.4767198006070792
NAR061419017,NAR,MJS_1,MJS,1,T,T-NAR061419017,7,4,1.078357645474992,1.4767198006070792
NAR061419017,NAR,MJS_1,MJS,1,T,T-NAR061419017,7,5,1.1793027586349998,1.4767198006070792
NAR061419017,NAR,MJS_1,MJS,1,T,T-NAR061419017,7,6,1.289267132801443,1.4767198006070792
NAR061419017,NAR,MJS_1,MJS,1,T,T-NAR061419017,7,7,1.384911744894149,1.4767198006070792
NAR061419018,NAR,CJF_1,CJF,1,T,T-NAR061419018,6,1,0.505341532323521,1.2672405675408478
NAR061419018,NAR,CJF_1,CJF,1,T,T-NAR061419018,6,2,0.709414003601353,1.2672405675408478
NAR061419018,NAR,CJF_1,CJF,1,T,T-NAR061419018,6,3,0.8670756417346919,1.2672405675408478
NAR061419018,NAR,CJF_1,CJF,1,T,T-NAR061419018,6,4,0.9926904768726525,1.2672405675408478
NAR061419018,NAR,CJF_1,CJF,1,T,T-NAR061419018,6,5,1.1182020403679052,1.2672405675408478
NAR061419018,NAR,CJF_1,CJF,1,T,T-NAR061419018,6,6,1.1850511021329933,1.2672405675408478
NAR061419018,NAR,JRS_1,JRS,1,T,T-NAR061419018,5,1,0.8108323997977964,1.3522180241011221
NAR061419018,NAR,JRS_1,JRS,1,T,T-NAR061419018,5,2,0.9501335538983502,1.3522180241011221
NAR061419018,NAR,JRS_1,JRS,1,T,T-NAR061419018,5,3,1.097759549600745,1.3522180241011221
NAR061419018,NAR,JRS_1,JRS,1,T,T-NAR061419018,5,4,1.2181898673668645,1.3522180241011221
NAR061419018,NAR,JRS_1,JRS,1,T,T-NAR061419018,5,5,1.293113441783438,1.3522180241011221
NAR061419018,NAR,LSR_1,LSR,1,T,T-NAR061419018,7,1,0.46241380042359387,1.369348306387273
NAR061419018,NAR,LSR_1,LSR,1,T,T-NAR061419018,7,2,0.5631964786622662,1.369348306387273
NAR061419018,NAR,LSR_1,LSR,1,T,T-NAR061419018,7,3,0.7840558807277153,1.369348306387273
NAR061419018,NAR,LSR_1,LSR,1,T,T-NAR061419018,7,4,0.9387322748472091,1.369348306387273
NAR061419018,NAR,LSR_1,LSR,1,T,T-NAR061419018,7,5,1.1073133429667248,1.369348306387273
NAR061419018,NAR,LSR_1,LSR,1,T,T-NAR061419018,7,6,1.2103594619696225,1.369348306387273
NAR061419018,NAR,LSR_1,LSR,1,T,T-NAR061419018,7,7,1.2748174897963138,1.369348306387273
NAR061419018,NAR,MJS_1,MJS,1,T,T-NAR061419018,5,1,0.7336202337756538,1.314826303022061
NAR061419018,NAR,MJS_1,MJS,1,T,T-NAR061419018,5,2,0.915364602679031,1.314826303022061
NAR061419018,NAR,MJS_1,MJS,1,T,T-NAR061419018,5,3,1.0575013705947272,1.314826303022061
NAR061419018,NAR,MJS_1,MJS,1,T,T-NAR061419018,5,4,1.1703079341362923,1.314826303022061
NAR061419018,NAR,MJS_1,MJS,1,T,T-NAR061419018,5,5,1.248896617370988,1.314826303022061
NAR061419019,NAR,CJF_1,CJF,1,T,T-NAR061419019,14,1,0.40968508657407277,1.5734086982445075
NAR061419019,NAR,CJF_1,CJF,1,T,T-NAR061419019,14,2,0.5159937861123562,1.5734086982445075
NAR061419019,NAR,CJF_1,CJF,1,T,T-NAR061419019,14,3,0.634114563377116,1.5734086982445075
NAR061419019,NAR,CJF_1,CJF,1,T,T-NAR061419019,14,4,0.7356185416689786,1.5734086982445075
NAR061419019,NAR,CJF_1,CJF,1,T,T-NAR061419019,14,5,0.8191704477585722,1.5734086982445075
NAR061419019,NAR,CJF_1,CJF,1,T,T-NAR061419019,14,6,0.9040576270775388,1.5734086982445075
NAR061419019,NAR,CJF_1,CJF,1,T,T-NAR061419019,14,7,0.9781998160638657,1.5734086982445075
NAR061419019,NAR,CJF_1,CJF,1,T,T-NAR061419019,14,8,1.0411975639384041,1.5734086982445075
NAR061419019,NAR,CJF_1,CJF,1,T,T-NAR061419019,14,9,1.117342662768792,1.5734086982445075
NAR061419019,NAR,CJF_1,CJF,1,T,T-NAR061419019,14,10,1.1960898476119646,1.5734086982445075
NAR061419019,NAR,CJF_1,CJF,1,T,T-NAR061419019,14,11,1.2520802390064476,1.5734086982445075
NAR061419019,NAR,CJF_1,CJF,1,T,T-NAR061419019,14,12,1.3347647830917788,1.5734086982445075
NAR061419019,NAR,CJF_1,CJF,1,T,T-NAR061419019,14,13,1.4150469665539,1.5734086982445075
NAR061419019,NAR,CJF_1,CJF,1,T,T-NAR061419019,14,14,1.4813144370559104,1.5734086982445075
NAR061419019,NAR,JRS_1,JRS,1,T,T-NAR061419019,13,1,0.54307908486956,1.5967430176270918
NAR061419019,NAR,JRS_1,JRS,1,T,T-NAR061419019,13,2,0.6497164970937364,1.5967430176270918
NAR061419019,NAR,JRS_1,JRS,1,T,T-NAR061419019,13,3,0.7437649594992285,1.5967430176270918
NAR061419019,NAR,JRS_1,JRS,1,T,T-NAR061419019,13,4,0.8342579336998979,1.5967430176270918
NAR061419019,NAR,JRS_1,JRS,1,T,T-NAR061419019,13,5,0.904845620737661,1.5967430176270918
NAR061419019,NAR,JRS_1,JRS,1,T,T-NAR061419019,13,6,0.9851199705895282,1.5967430176270918
NAR061419019,NAR,JRS_1,JRS,1,T,T-NAR061419019,13,7,1.0483913202830695,1.5967430176270918
NAR061419019,NAR,JRS_1,JRS,1,T,T-NAR061419019,13,8,1.1295242322697563,1.5967430176270918
NAR061419019,NAR,JRS_1,JRS,1,T,T-NAR061419019,13,9,1.1992533571726998,1.5967430176270918
NAR061419019,NAR,JRS_1,JRS,1,T,T-NAR061419019,13,10,1.2572520943917789,1.5967430176270918
NAR061419019,NAR,JRS_1,JRS,1,T,T-NAR061419019,13,11,1.3416138939831668,1.5967430176270918
NAR061419019,NAR,JRS_1,JRS,1,T,T-NAR061419019,13,12,1.4207030811000934,1.5967430176270918
NAR061419019,NAR,JRS_1,JRS,1,T,T-NAR061419019,13,13,1.5094789310311236,1.5967430176270918
NAR061419019,NAR,LSR_1,LSR,1,T,T-NAR061419019,13,1,0.6376041923563719,1.7063683570293005
NAR061419019,NAR,LSR_1,LSR,1,T,T-NAR061419019,13,2,0.7655454194773355,1.7063683570293005
NAR061419019,NAR,LSR_1,LSR,1,T,T-NAR061419019,13,3,0.8397230215117576,1.7063683570293005
NAR061419019,NAR,LSR_1,LSR,1,T,T-NAR061419019,13,4,0.9236023769392654,1.7063683570293005
NAR061419019,NAR,LSR_1,LSR,1,T,T-NAR061419019,13,5,0.996729007349465,1.7063683570293005
NAR061419019,NAR,LSR_1,LSR,1,T,T-NAR061419019,13,6,1.075191498805804,1.7063683570293005
NAR061419019,NAR,LSR_1,LSR,1,T,T-NAR061419019,13,7,1.1504605739269624,1.7063683570293005
NAR061419019,NAR,LSR_1,LSR,1,T,T-NAR061419019,13,8,1.238624818776388,1.7063683570293005
NAR061419019,NAR,LSR_1,LSR,1,T,T-NAR061419019,13,9,1.3063750866779333,1.7063683570293005
NAR061419019,NAR,LSR_1,LSR,1,T,T-NAR061419019,13,10,1.381684663261606,1.7063683570293005
NAR061419019,NAR,LSR_1,LSR,1,T,T-NAR061419019,13,11,1.4569537383827644,1.7063683570293005
NAR061419019,NAR,LSR_1,LSR,1,T,T-NAR061419019,13,12,1.5601555976714157,1.7063683570293005
NAR061419019,NAR,LSR_1,LSR,1,T,T-NAR061419019,13,13,1.6279058655729608,1.7063683570293005
NAR061419019,NAR,MJS_1,MJS,1,T,T-NAR061419019,14,1,0.5511057064438045,1.632573199383079
NAR061419019,NAR,MJS_1,MJS,1,T,T-NAR061419019,14,2,0.6543798853674141,1.632573199383079
NAR061419019,NAR,MJS_1,MJS,1,T,T-NAR061419019,14,3,0.7685920611808951,1.632573199383079
NAR061419019,NAR,MJS_1,MJS,1,T,T-NAR061419019,14,4,0.869237872803731,1.632573199383079
NAR061419019,NAR,MJS_1,MJS,1,T,T-NAR061419019,14,5,0.931529940697555,1.632573199383079
NAR061419019,NAR,MJS_1,MJS,1,T,T-NAR061419019,14,6,1.0156980023711215,1.632573199383079
NAR061419019,NAR,MJS_1,MJS,1,T,T-NAR061419019,14,7,1.0972376967439144,1.632573199383079
NAR061419019,NAR,MJS_1,MJS,1,T,T-NAR061419019,14,8,1.146246418904946,1.632573199383079
NAR061419019,NAR,MJS_1,MJS,1,T,T-NAR061419019,14,9,1.2304144805785122,1.632573199383079
NAR061419019,NAR,MJS_1,MJS,1,T,T-NAR061419019,14,10,1.2873083046418636,1.632573199383079
NAR061419019,NAR,MJS_1,MJS,1,T,T-NAR061419019,14,11,1.344768165620919,1.632573199383079
NAR061419019,NAR,MJS_1,MJS,1,T,T-NAR061419019,14,12,1.4233964742350869,1.632573199383079
NAR061419019,NAR,MJS_1,MJS,1,T,T-NAR061419019,14,13,1.4938566624890826,1.632573199383079
NAR061419019,NAR,MJS_1,MJS,1,T,T-NAR061419019,14,14,1.559201625370458,1.632573199383079
NAR061419020,NAR,CJF_1,CJF,1,T,T-NAR061419020,12,1,0.4478290380512913,1.4860454667609275
NAR061419020,NAR,CJF_1,CJF,1,T,T-NAR061419020,12,2,0.612587402353561,1.4860454667609275
NAR061419020,NAR,CJF_1,CJF,1,T,T-NAR061419020,12,3,0.7269725981735982,1.4860454667609275
NAR061419020,NAR,CJF_1,CJF,1,T,T-NAR061419020,12,4,0.8253430050660806,1.4860454667609275
NAR061419020,NAR,CJF_1,CJF,1,T,T-NAR061419020,12,5,0.9237369761447698,1.4860454667609275
NAR061419020,NAR,CJF_1,CJF,1,T,T-NAR061419020,12,6,1.0020947879243605,1.4860454667609275
NAR061419020,NAR,CJF_1,CJF,1,T,T-NAR061419020,12,7,1.062297522566486,1.4860454667609275
NAR061419020,NAR,CJF_1,CJF,1,T,T-NAR061419020,12,8,1.1286147874176513,1.4860454667609275
NAR061419020,NAR,CJF_1,CJF,1,T,T-NAR061419020,12,9,1.1888410862459835,1.4860454667609275
NAR061419020,NAR,CJF_1,CJF,1,T,T-NAR061419020,12,10,1.2752180745824555,1.4860454667609275
NAR061419020,NAR,CJF_1,CJF,1,T,T-NAR061419020,12,11,1.3434871141538745,1.4860454667609275
NAR061419020,NAR,CJF_1,CJF,1,T,T-NAR061419020,12,12,1.4057358802610822,1.4860454667609275
NAR061419020,NAR,JRS_1,JRS,1,T,T-NAR061419020,12,1,0.5311903753959818,1.4968374825024486
NAR061419020,NAR,JRS_1,JRS,1,T,T-NAR061419020,12,2,0.6656665707356334,1.4968374825024486
NAR061419020,NAR,JRS_1,JRS,1,T,T-NAR061419020,12,3,0.7680719899234951,1.4968374825024486
NAR061419020,NAR,JRS_1,JRS,1,T,T-NAR061419020,12,4,0.8661749102129848,1.4968374825024486
NAR061419020,NAR,JRS_1,JRS,1,T,T-NAR061419020,12,5,0.96616842233659606,1.4968374825024486
NAR061419020,NAR,JRS_1,JRS,1,T,T-NAR061419020,12,6,1.0239222148212843,1.4968374825024486
NAR061419020,NAR,JRS_1,JRS,1,T,T-NAR061419020,12,7,1.1089229693292597,1.4968374825024486
NAR061419020,NAR,JRS_1,JRS,1,T,T-NAR061419020,12,8,1.1559865030966845,1.4968374825024486
NAR061419020,NAR,JRS_1,JRS,1,T,T-NAR061419020,12,9,1.2118497037472513,1.4968374825024486
NAR061419020,NAR,JRS_1,JRS,1,T,T-NAR061419020,12,10,1.2696034962319391,1.4968374825024486
NAR061419020,NAR,JRS_1,JRS,1,T,T-NAR061419020,12,11,1.3521923436756635,1.4968374825024486
NAR061419020,NAR,JRS_1,JRS,1,T,T-NAR061419020,12,12,1.4177031725832339,1.4968374825024486
NAR061419020,NAR,LSR_1,LSR,1,T,T-NAR061419020,12,1,0.6388898576482226,1.6396852812579166
NAR061419020,NAR,LSR_1,LSR,1,T,T-NAR061419020,12,2,0.7999675254894083,1.6396852812579166
NAR061419020,NAR,LSR_1,LSR,1,T,T-NAR061419020,12,3,0.8970265911686253,1.6396852812579166
NAR061419020,NAR,LSR_1,LSR,1,T,T-NAR061419020,12,4,1.0049272842808818,1.6396852812579166
NAR061419020,NAR,LSR_1,LSR,1,T,T-NAR061419020,12,5,1.0963077456345136,1.6396852812579166
NAR061419020,NAR,LSR_1,LSR,1,T,T-NAR061419020,12,6,1.16884425428486,1.6396852812579166
NAR061419020,NAR,LSR_1,LSR,1,T,T-NAR061419020,12,7,1.2496408788145188,1.6396852812579166
NAR061419020,NAR,LSR_1,LSR,1,T,T-NAR061419020,12,8,1.295331109491335,1.6396852812579166
NAR061419020,NAR,LSR_1,LSR,1,T,T-NAR061419020,12,9,1.330179712735112,1.6396852812579166
NAR061419020,NAR,LSR_1,LSR,1,T,T-NAR061419020,12,10,1.4055555235482515,1.6396852812579166
NAR061419020,NAR,LSR_1,LSR,1,T,T-NAR061419020,12,11,1.4943544733481566,1.6396852812579166
NAR061419020,NAR,LSR_1,LSR,1,T,T-NAR061419020,12,12,1.5640516798357105,1.6396852812579166
NAR061419020,NAR,MJS_1,MJS,1,T,T-NAR061419020,12,1,0.6369904803412537,1.6589196675895814
NAR061419020,NAR,MJS_1,MJS,1,T,T-NAR061419020,12,2,0.7833345768356111,1.6589196675895814
NAR061419020,NAR,MJS_1,MJS,1,T,T-NAR061419020,12,3,0.8918749826411372,1.6589196675895814
NAR061419020,NAR,MJS_1,MJS,1,T,T-NAR061419020,12,4,0.9975826595809594,1.6589196675895814
NAR061419020,NAR,MJS_1,MJS,1,T,T-NAR061419020,12,5,1.0842560259312917,1.6589196675895814
NAR061419020,NAR,MJS_1,MJS,1,T,T-NAR061419020,12,6,1.171017702445007,1.6589196675895814
NAR061419020,NAR,MJS_1,MJS,1,T,T-NAR061419020,12,7,1.2360006496669114,1.6589196675895814
NAR061419020,NAR,MJS_1,MJS,1,T,T-NAR061419020,12,8,1.2903591627330566,1.6589196675895814
NAR061419020,NAR,MJS_1,MJS,1,T,T-NAR061419020,12,9,1.3527743115794033,1.6589196675895814
NAR061419020,NAR,MJS_1,MJS,1,T,T-NAR061419020,12,10,1.4313027319861527,1.6589196675895814
NAR061419020,NAR,MJS_1,MJS,1,T,T-NAR061419020,12,11,1.5015978962859358,1.6589196675895814
NAR061419020,NAR,MJS_1,MJS,1,T,T-NAR061419020,12,12,1.5667574638346045,1.6589196675895814
NAR061419021,NAR,CJF_1,CJF,1,T,T-NAR061419021,9,1,0.4184621559183305,1.2785188919734174
NAR061419021,NAR,CJF_1,CJF,1,T,T-NAR061419021,9,2,0.6006029401596867,1.2785188919734174
NAR061419021,NAR,CJF_1,CJF,1,T,T-NAR061419021,9,3,0.7281913307521345,1.2785188919734174
NAR061419021,NAR,CJF_1,CJF,1,T,T-NAR061419021,9,4,0.8307280034036701,1.2785188919734174
NAR061419021,NAR,CJF_1,CJF,1,T,T-NAR061419021,9,5,0.9088620293884987,1.2785188919734174
NAR061419021,NAR,CJF_1,CJF,1,T,T-NAR061419021,9,6,0.9910345059750156,1.2785188919734174
NAR061419021,NAR,CJF_1,CJF,1,T,T-NAR061419021,9,7,1.0592776590383202,1.2785188919734174
NAR061419021,NAR,CJF_1,CJF,1,T,T-NAR061419021,9,8,1.1450780790611328,1.2785188919734174
NAR061419021,NAR,CJF_1,CJF,1,T,T-NAR061419021,9,9,1.2110967532408974,1.2785188919734174
NAR061419021,NAR,JRS_1,JRS,1,T,T-NAR061419021,8,1,0.4948084966155808,1.17271828551483
NAR061419021,NAR,JRS_1,JRS,1,T,T-NAR061419021,8,2,0.6117506544073186,1.17271828551483
NAR061419021,NAR,JRS_1,JRS,1,T,T-NAR061419021,8,3,0.7138291409026752,1.17271828551483
NAR061419021,NAR,JRS_1,JRS,1,T,T-NAR061419021,8,4,0.7843241063374635,1.17271828551483
NAR061419021,NAR,JRS_1,JRS,1,T,T-NAR061419021,8,5,0.8749466632453935,1.17271828551483
NAR061419021,NAR,JRS_1,JRS,1,T,T-NAR061419021,8,6,0.951633638090847,1.17271828551483
NAR061419021,NAR,JRS_1,JRS,1,T,T-NAR061419021,8,7,1.0148006802119849,1.17271828551483
NAR061419021,NAR,JRS_1,JRS,1,T,T-NAR061419021,8,8,1.0864315595497573,1.17271828551483
NAR061419021,NAR,LSR_1,LSR,1,T,T-NAR061419021,8,1,0.6312267340001388,1.3169162550922926
NAR061419021,NAR,LSR_1,LSR,1,T,T-NAR061419021,8,2,0.7573355240161428,1.3169162550922926
NAR061419021,NAR,LSR_1,LSR,1,T,T-NAR061419021,8,3,0.8299222394862268,1.3169162550922926
NAR061419021,NAR,LSR_1,LSR,1,T,T-NAR061419021,8,4,0.9138809688435426,1.3169162550922926
NAR061419021,NAR,LSR_1,LSR,1,T,T-NAR061419021,8,5,0.9880077174457585,1.3169162550922926
NAR061419021,NAR,LSR_1,LSR,1,T,T-NAR061419021,8,6,1.0605944329158428,1.3169162550922926
NAR061419021,NAR,LSR_1,LSR,1,T,T-NAR061419021,8,7,1.1372853905303693,1.3169162550922926
NAR061419021,NAR,LSR_1,LSR,1,T,T-NAR061419021,8,8,1.2015801583774848,1.3169162550922926
NAR061419021,NAR,MJS_1,MJS,1,T,T-NAR061419021,8,1,0.5960090482006726,1.267147916623146
NAR061419021,NAR,MJS_1,MJS,1,T,T-NAR061419021,8,2,0.7106405940011351,1.267147916623146
NAR061419021,NAR,MJS_1,MJS,1,T,T-NAR061419021,8,3,0.808675297679676,1.267147916623146
NAR061419021,NAR,MJS_1,MJS,1,T,T-NAR061419021,8,4,0.8798779227075745,1.267147916623146
NAR061419021,NAR,MJS_1,MJS,1,T,T-NAR061419021,8,5,0.9652429794580971,1.267147916623146
NAR061419021,NAR,MJS_1,MJS,1,T,T-NAR061419021,8,6,1.0447440255469556,1.267147916623146
NAR061419021,NAR,MJS_1,MJS,1,T,T-NAR061419021,8,7,1.1213130663049826,1.267147916623146
NAR061419021,NAR,MJS_1,MJS,1,T,T-NAR061419021,8,8,1.193013286264416,1.267147916623146
NAR061419022,NAR,CJF_1,CJF,1,T,T-NAR061419022,8,1,0.4497088528717473,1.2997929201149294
NAR061419022,NAR,CJF_1,CJF,1,T,T-NAR061419022,8,2,0.6371447305102123,1.2997929201149294
NAR061419022,NAR,CJF_1,CJF,1,T,T-NAR061419022,8,3,0.7587350461875898,1.2997929201149294
NAR061419022,NAR,CJF_1,CJF,1,T,T-NAR061419022,8,4,0.8493179282835371,1.2997929201149294
NAR061419022,NAR,CJF_1,CJF,1,T,T-NAR061419022,8,5,0.9541848178460277,1.2997929201149294
NAR061419022,NAR,CJF_1,CJF,1,T,T-NAR061419022,8,6,1.0487393965096095,1.2997929201149294
NAR061419022,NAR,CJF_1,CJF,1,T,T-NAR061419022,8,7,1.1146554593554006,1.2997929201149294
NAR061419022,NAR,CJF_1,CJF,1,T,T-NAR061419022,8,8,1.1933232517484444,1.2997929201149294
NAR061419022,NAR,JRS_1,JRS,1,T,T-NAR061419022,8,1,0.47405866678442715,1.2889073064468397
NAR061419022,NAR,JRS_1,JRS,1,T,T-NAR061419022,8,2,0.6613429671217127,1.2889073064468397
NAR061419022,NAR,JRS_1,JRS,1,T,T-NAR061419022,8,3,0.769277690180715,1.2889073064468397
NAR061419022,NAR,JRS_1,JRS,1,T,T-NAR061419022,8,4,0.8613424977840605,1.2889073064468397
NAR061419022,NAR,JRS_1,JRS,1,T,T-NAR061419022,8,5,0.9576778787633226,1.2889073064468397
NAR061419022,NAR,JRS_1,JRS,1,T,T-NAR061419022,8,6,1.0581873433158144,1.2889073064468397
NAR061419022,NAR,JRS_1,JRS,1,T,T-NAR061419022,8,7,1.128072865202315,1.2889073064468397
NAR061419022,NAR,JRS_1,JRS,1,T,T-NAR061419022,8,8,1.2115965260538286,1.2889073064468397
NAR061419022,NAR,LSR_1,LSR,1,T,T-NAR061419022,8,1,0.5414543985434955,1.38227650961901
NAR061419022,NAR,LSR_1,LSR,1,T,T-NAR061419022,8,2,0.7359415859367457,1.38227650961901
NAR061419022,NAR,LSR_1,LSR,1,T,T-NAR061419022,8,3,0.8471740984972334,1.38227650961901
NAR061419022,NAR,LSR_1,LSR,1,T,T-NAR061419022,8,4,0.9243030653584143,1.38227650961901
NAR061419022,NAR,LSR_1,LSR,1,T,T-NAR061419022,8,5,1.0398833759251171,1.38227650961901
NAR061419022,NAR,LSR_1,LSR,1,T,T-NAR061419022,8,6,1.1404161030576705,1.38227650961901
NAR061419022,NAR,LSR_1,LSR,1,T,T-NAR061419022,8,7,1.2109668030469947,1.38227650961901
NAR061419022,NAR,LSR_1,LSR,1,T,T-NAR061419022,8,8,1.2816306427613877,1.38227650961901
NAR061419022,NAR,MJS_1,MJS,1,T,T-NAR061419022,7,1,0.7486348269987716,1.3280713212705821
NAR061419022,NAR,MJS_1,MJS,1,T,T-NAR061419022,7,2,0.853224484078087,1.3280713212705821
NAR061419022,NAR,MJS_1,MJS,1,T,T-NAR061419022,7,3,0.941839501511317,1.3280713212705821
NAR061419022,NAR,MJS_1,MJS,1,T,T-NAR061419022,7,4,1.0276293438431925,1.3280713212705821
NAR061419022,NAR,MJS_1,MJS,1,T,T-NAR061419022,7,5,1.1269237092514506,1.3280713212705821
NAR061419022,NAR,MJS_1,MJS,1,T,T-NAR061419022,7,6,1.191266091000357,1.3280713212705821
NAR061419022,NAR,MJS_1,MJS,1,T,T-NAR061419022,7,7,1.2610812936861469,1.3280713212705821
NAR061419023,NAR,CJF_1,CJF,1,T,T-NAR061419023,5,1,0.4625068067536307,1.1169412559103247
NAR061419023,NAR,CJF_1,CJF,1,T,T-NAR061419023,5,2,0.6726700259988702,1.1169412559103247
NAR061419023,NAR,CJF_1,CJF,1,T,T-NAR061419023,5,3,0.8167080855599824,1.1169412559103247
NAR061419023,NAR,CJF_1,CJF,1,T,T-NAR061419023,5,4,0.9107996111548532,1.1169412559103247
NAR061419023,NAR,CJF_1,CJF,1,T,T-NAR061419023,5,5,1.0170481879778404,1.1169412559103247
NAR061419023,NAR,JRS_1,JRS,1,T,T-NAR061419023,5,1,0.5096448584633146,1.0582931320234767
NAR061419023,NAR,JRS_1,JRS,1,T,T-NAR061419023,5,2,0.6345329370147148,1.0582931320234767
NAR061419023,NAR,JRS_1,JRS,1,T,T-NAR061419023,5,3,0.7689515657206324,1.0582931320234767
NAR061419023,NAR,JRS_1,JRS,1,T,T-NAR061419023,5,4,0.8720517369868397,1.0582931320234767
NAR061419023,NAR,JRS_1,JRS,1,T,T-NAR061419023,5,5,0.969841271780557,1.0582931320234767
NAR061419023,NAR,LSR_1,LSR,1,T,T-NAR061419023,5,1,0.6186440267497442,1.252104997167293
NAR061419023,NAR,LSR_1,LSR,1,T,T-NAR061419023,5,2,0.7677002615695647,1.252104997167293
NAR061419023,NAR,LSR_1,LSR,1,T,T-NAR061419023,5,3,0.9337201440538988,1.252104997167293
NAR061419023,NAR,LSR_1,LSR,1,T,T-NAR061419023,5,4,1.0554991798439741,1.252104997167293
NAR061419023,NAR,LSR_1,LSR,1,T,T-NAR061419023,5,5,1.1433835449858245,1.252104997167293
NAR061419023,NAR,MJS_1,MJS,1,T,T-NAR061419023,5,1,0.5872839145187021,1.2285328452663726
NAR061419023,NAR,MJS_1,MJS,1,T,T-NAR061419023,5,2,0.7894402793825492,1.2285328452663726
NAR061419023,NAR,MJS_1,MJS,1,T,T-NAR061419023,5,3,0.929486661075223,1.2285328452663726
NAR061419023,NAR,MJS_1,MJS,1,T,T-NAR061419023,5,4,1.0318579604233373,1.2285328452663726
NAR061419023,NAR,MJS_1,MJS,1,T,T-NAR061419023,5,5,1.1314885197610447,1.2285328452663726
NAR061419024,NAR,CJF_1,CJF,1,T,T-NAR061419024,9,1,0.5873435573939803,1.532544226711538
NAR061419024,NAR,CJF_1,CJF,1,T,T-NAR061419024,9,2,0.7596693791546886,1.532544226711538
NAR061419024,NAR,CJF_1,CJF,1,T,T-NAR061419024,9,3,0.8980653133239846,1.532544226711538
NAR061419024,NAR,CJF_1,CJF,1,T,T-NAR061419024,9,4,1.0137279445159284,1.532544226711538
NAR061419024,NAR,CJF_1,CJF,1,T,T-NAR061419024,9,5,1.0991383219434279,1.532544226711538
NAR061419024,NAR,CJF_1,CJF,1,T,T-NAR061419024,9,6,1.1903989001191513,1.532544226711538
NAR061419024,NAR,CJF_1,CJF,1,T,T-NAR061419024,9,7,1.28600461213739,1.532544226711538
NAR061419024,NAR,CJF_1,CJF,1,T,T-NAR061419024,9,8,1.3682411726203116,1.532544226711538
NAR061419024,NAR,CJF_1,CJF,1,T,T-NAR061419024,9,9,1.4536515500478104,1.532544226711538
NAR061419024,NAR,JRS_1,JRS,1,T,T-NAR061419024,9,1,0.4103680714119913,1.2910334076391068
NAR061419024,NAR,JRS_1,JRS,1,T,T-NAR061419024,9,2,0.5599748527287846,1.2910334076391068
NAR061419024,NAR,JRS_1,JRS,1,T,T-NAR061419024,9,3,0.6818900126108519,1.2910334076391068
NAR061419024,NAR,JRS_1,JRS,1,T,T-NAR061419024,9,4,0.7914645340381133,1.2910334076391068
NAR061419024,NAR,JRS_1,JRS,1,T,T-NAR061419024,9,5,0.8712906609548473,1.2910334076391068
NAR061419024,NAR,JRS_1,JRS,1,T,T-NAR061419024,9,6,0.9554687268855123,1.2910334076391068
NAR061419024,NAR,JRS_1,JRS,1,T,T-NAR061419024,9,7,1.0481122779817096,1.2910334076391068
NAR061419024,NAR,JRS_1,JRS,1,T,T-NAR061419024,9,8,1.136403890063976,1.2910334076391068
NAR061419024,NAR,JRS_1,JRS,1,T,T-NAR061419024,9,9,1.2153208268739746,1.2910334076391068
NAR061419024,NAR,LSR_1,LSR,1,T,T-NAR061419024,10,1,0.6524971284259078,1.7032364459649478
NAR061419024,NAR,LSR_1,LSR,1,T,T-NAR061419024,10,2,0.8173765351654922,1.7032364459649478
NAR061419024,NAR,LSR_1,LSR,1,T,T-NAR061419024,10,3,0.997492893242554,1.7032364459649478
NAR061419024,NAR,LSR_1,LSR,1,T,T-NAR061419024,10,4,1.0902904778642173,1.7032364459649478
NAR061419024,NAR,LSR_1,LSR,1,T,T-NAR061419024,10,5,1.1714460297436553,1.7032364459649478
NAR061419024,NAR,LSR_1,LSR,1,T,T-NAR061419024,10,6,1.2799956374544197,1.7032364459649478
NAR061419024,NAR,LSR_1,LSR,1,T,T-NAR061419024,10,7,1.3669722057049707,1.7032364459649478
NAR061419024,NAR,LSR_1,LSR,1,T,T-NAR061419024,10,8,1.4452172493988522,1.7032364459649478
NAR061419024,NAR,LSR_1,LSR,1,T,T-NAR061419024,10,9,1.5376726288156681,1.7032364459649478
NAR061419024,NAR,LSR_1,LSR,1,T,T-NAR061419024,10,10,1.5910919196589326,1.7032364459649478
NAR061419024,NAR,MJS_1,MJS,1,T,T-NAR061419024,10,1,0.4824941445273496,1.5792226613825573
NAR061419024,NAR,MJS_1,MJS,1,T,T-NAR061419024,10,2,0.6574884623095781,1.5792226613825573
NAR061419024,NAR,MJS_1,MJS,1,T,T-NAR061419024,10,3,0.8490697610585946,1.5792226613825573
NAR061419024,NAR,MJS_1,MJS,1,T,T-NAR061419024,10,4,0.9596293578796334,1.5792226613825573
NAR061419024,NAR,MJS_1,MJS,1,T,T-NAR061419024,10,5,1.0750376984341488,1.5792226613825573
NAR061419024,NAR,MJS_1,MJS,1,T,T-NAR061419024,10,6,1.1722637407477214,1.5792226613825573
NAR061419024,NAR,MJS_1,MJS,1,T,T-NAR061419024,10,7,1.2583892801299699,1.5792226613825573
NAR061419024,NAR,MJS_1,MJS,1,T,T-NAR061419024,10,8,1.3502563912684769,1.5792226613825573
NAR061419024,NAR,MJS_1,MJS,1,T,T-NAR061419024,10,9,1.4307679057548641,1.5792226613825573
NAR061419024,NAR,MJS_1,MJS,1,T,T-NAR061419024,10,10,1.5011992921931068,1.5792226613825573
NAR061419025,NAR,CJF_1,CJF,1,T,T-NAR061419025,2,1,0.444599157044013,0.917012753975845
NAR061419025,NAR,CJF_1,CJF,1,T,T-NAR061419025,2,2,0.7051090208396263,0.917012753975845
NAR061419025,NAR,JRS_1,JRS,1,T,T-NAR061419025,2,1,0.4674793280902765,0.7739618867344062
NAR061419025,NAR,JRS_1,JRS,1,T,T-NAR061419025,2,2,0.6506202943797074,0.7739618867344062
NAR061419025,NAR,LSR_1,LSR,1,T,T-NAR061419025,1,1,0.7583278558175098,0.8977330446243079
NAR061419025,NAR,MJS_1,MJS,1,T,T-NAR061419025,1,1,0.7178329009982266,0.8615171246355173
NAR061419026,NAR,CJF_1,CJF,1,T,T-NAR061419026,4,1,0.6811281213059825,1.2374630507241702
NAR061419026,NAR,CJF_1,CJF,1,T,T-NAR061419026,4,2,0.879890781413899,1.2374630507241702
NAR061419026,NAR,CJF_1,CJF,1,T,T-NAR061419026,4,3,1.0264516298020303,1.2374630507241702
NAR061419026,NAR,CJF_1,CJF,1,T,T-NAR061419026,4,4,1.1550523799642705,1.2374630507241702
NAR061419026,NAR,LSR_1,LSR,1,T,T-NAR061419026,4,1,0.7685880241501076,1.3564869921131424
NAR061419026,NAR,LSR_1,LSR,1,T,T-NAR061419026,4,2,0.958207926448627,1.3564869921131424
NAR061419026,NAR,LSR_1,LSR,1,T,T-NAR061419026,4,3,1.1231945462438828,1.3564869921131424
NAR061419026,NAR,LSR_1,LSR,1,T,T-NAR061419026,4,4,1.2516850732170963,1.3564869921131424
NAR061419026,NAR,MJS_1,MJS,1,T,T-NAR061419026,5,1,0.35460194262355543,0.7282910604416654
NAR061419026,NAR,MJS_1,MJS,1,T,T-NAR061419026,5,2,0.4596907395903753,0.7282910604416654
NAR061419026,NAR,MJS_1,MJS,1,T,T-NAR061419026,5,3,0.5194844258396014,0.7282910604416654
NAR061419026,NAR,MJS_1,MJS,1,T,T-NAR061419026,5,4,0.597765492575819,0.7282910604416654
NAR061419026,NAR,MJS_1,MJS,1,T,T-NAR061419026,5,5,0.6538274287443573,0.7282910604416654
NAR061419027,NAR,CJF_1,CJF,1,T,T-NAR061419027,9,1,0.31089467530402337,1.2909820834603285
NAR061419027,NAR,CJF_1,CJF,1,T,T-NAR061419027,9,2,0.5346119927209805,1.2909820834603285
NAR061419027,NAR,CJF_1,CJF,1,T,T-NAR061419027,9,3,0.6772658510816358,1.2909820834603285
NAR061419027,NAR,CJF_1,CJF,1,T,T-NAR061419027,9,4,0.7625358573183537,1.2909820834603285
NAR061419027,NAR,CJF_1,CJF,1,T,T-NAR061419027,9,5,0.8417880008520515,1.2909820834603285
NAR061419027,NAR,CJF_1,CJF,1,T,T-NAR061419027,9,6,0.9460873552127578,1.2909820834603285
NAR061419027,NAR,CJF_1,CJF,1,T,T-NAR061419027,9,7,1.049115141806565,1.2909820834603285
NAR061419027,NAR,CJF_1,CJF,1,T,T-NAR061419027,9,8,1.105619270043321,1.2909820834603285
NAR061419027,NAR,CJF_1,CJF,1,T,T-NAR061419027,9,9,1.2040486655769933,1.2909820834603285
NAR061419027,NAR,JRS_1,JRS,1,T,T-NAR061419027,8,1,0.3883639269415662,1.1193388257819092
NAR061419027,NAR,JRS_1,JRS,1,T,T-NAR061419027,8,2,0.5379423925330338,1.1193388257819092
NAR061419027,NAR,JRS_1,JRS,1,T,T-NAR061419027,8,3,0.647146717524434,1.1193388257819092
NAR061419027,NAR,JRS_1,JRS,1,T,T-NAR061419027,8,4,0.7313543809748729,1.1193388257819092
NAR061419027,NAR,JRS_1,JRS,1,T,T-NAR061419027,8,5,0.8271006590995845,1.1193388257819092
NAR061419027,NAR,JRS_1,JRS,1,T,T-NAR061419027,8,6,0.9059295081073012,1.1193388257819092
NAR061419027,NAR,JRS_1,JRS,1,T,T-NAR061419027,8,7,0.9697603601904415,1.1193388257819092
NAR061419027,NAR,JRS_1,JRS,1,T,T-NAR061419027,8,8,1.0370505945238875,1.1193388257819092
NAR061419027,NAR,LSR_1,LSR,1,T,T-NAR061419027,8,1,0.6791679207405779,1.4166612691570288
NAR061419027,NAR,LSR_1,LSR,1,T,T-NAR061419027,8,2,0.8183148030196372,1.4166612691570288
NAR061419027,NAR,LSR_1,LSR,1,T,T-NAR061419027,8,3,0.8970088667463983,1.4166612691570288
NAR061419027,NAR,LSR_1,LSR,1,T,T-NAR061419027,8,4,0.9999577729578814,1.4166612691570288
NAR061419027,NAR,LSR_1,LSR,1,T,T-NAR061419027,8,5,1.0822923262391344,1.4166612691570288
NAR061419027,NAR,LSR_1,LSR,1,T,T-NAR061419027,8,6,1.159596149727501,1.4166612691570288
NAR061419027,NAR,LSR_1,LSR,1,T,T-NAR061419027,8,7,1.2350182992187855,1.4166612691570288
NAR061419027,NAR,LSR_1,LSR,1,T,T-NAR061419027,8,8,1.3121992642674798,1.4166612691570288
NAR061419027,NAR,MJS_1,MJS,1,T,T-NAR061419027,8,1,0.6358608389444171,1.4028333857670847
NAR061419027,NAR,MJS_1,MJS,1,T,T-NAR061419027,8,2,0.7842436217791178,1.4028333857670847
NAR061419027,NAR,MJS_1,MJS,1,T,T-NAR061419027,8,3,0.8877431512124294,1.4028333857670847
NAR061419027,NAR,MJS_1,MJS,1,T,T-NAR061419027,8,4,0.9721295129343956,1.4028333857670847
NAR061419027,NAR,MJS_1,MJS,1,T,T-NAR061419027,8,5,1.0917694776101423,1.4028333857670847
NAR061419027,NAR,MJS_1,MJS,1,T,T-NAR061419027,8,6,1.1791285718010183,1.4028333857670847
NAR061419027,NAR,MJS_1,MJS,1,T,T-NAR061419027,8,7,1.244967085668647,1.4028333857670847
NAR061419027,NAR,MJS_1,MJS,1,T,T-NAR061419027,8,8,1.3345874592875537,1.4028333857670847
NAR061419028,NAR,CJF_1,CJF,1,T,T-NAR061419028,14,1,0.49725809165321355,1.9244223897607613
NAR061419028,NAR,CJF_1,CJF,1,T,T-NAR061419028,14,2,0.6863720966526985,1.9244223897607613
NAR061419028,NAR,CJF_1,CJF,1,T,T-NAR061419028,14,3,0.8319957026134543,1.9244223897607613
NAR061419028,NAR,CJF_1,CJF,1,T,T-NAR061419028,14,4,0.9720281188697756,1.9244223897607613
NAR061419028,NAR,CJF_1,CJF,1,T,T-NAR061419028,14,5,1.0706845188317538,1.9244223897607613
NAR061419028,NAR,CJF_1,CJF,1,T,T-NAR061419028,14,6,1.1724478088970427,1.9244223897607613
NAR061419028,NAR,CJF_1,CJF,1,T,T-NAR061419028,14,7,1.2522162570013304,1.9244223897607613
NAR061419028,NAR,CJF_1,CJF,1,T,T-NAR061419028,14,8,1.321424916198935,1.9244223897607613
NAR061419028,NAR,CJF_1,CJF,1,T,T-NAR061419028,14,9,1.4144901264564786,1.9244223897607613
NAR061419028,NAR,CJF_1,CJF,1,T,T-NAR061419028,14,10,1.4751240114652502,1.9244223897607613
NAR061419028,NAR,CJF_1,CJF,1,T,T-NAR061419028,14,11,1.572787904068303,1.9244223897607613
NAR061419028,NAR,CJF_1,CJF,1,T,T-NAR061419028,14,12,1.6665990104469457,1.9244223897607613
NAR061419028,NAR,CJF_1,CJF,1,T,T-NAR061419028,14,13,1.7668705082700358,1.9244223897607613
NAR061419028,NAR,CJF_1,CJF,1,T,T-NAR061419028,14,14,1.8400552593109634,1.9244223897607613
NAR061419028,NAR,JRS_1,JRS,1,T,T-NAR061419028,14,1,0.4825676319412799,1.8913082054624883
NAR061419028,NAR,JRS_1,JRS,1,T,T-NAR061419028,14,2,0.6762881392719424,1.8913082054624883
NAR061419028,NAR,JRS_1,JRS,1,T,T-NAR061419028,14,3,0.815981522377496,1.8913082054624883
NAR061419028,NAR,JRS_1,JRS,1,T,T-NAR061419028,14,4,0.9556749054830503,1.8913082054624883
NAR061419028,NAR,JRS_1,JRS,1,T,T-NAR061419028,14,5,1.0604710944764588,1.8913082054624883
NAR061419028,NAR,JRS_1,JRS,1,T,T-NAR061419028,14,6,1.1335235421575582,1.8913082054624883
NAR061419028,NAR,JRS_1,JRS,1,T,T-NAR061419028,14,7,1.2203106897425973,1.8913082054624883
NAR061419028,NAR,JRS_1,JRS,1,T,T-NAR061419028,14,8,1.3028234958232063,1.8913082054624883
NAR061419028,NAR,JRS_1,JRS,1,T,T-NAR061419028,14,9,1.3864571906084089,1.8913082054624883
NAR061419028,NAR,JRS_1,JRS,1,T,T-NAR061419028,14,10,1.4583887495849148,1.8913082054624883
NAR061419028,NAR,JRS_1,JRS,1,T,T-NAR061419028,14,11,1.5388689915702811,1.8913082054624883
NAR061419028,NAR,JRS_1,JRS,1,T,T-NAR061419028,14,12,1.6362373862594226,1.8913082054624883
NAR061419028,NAR,JRS_1,JRS,1,T,T-NAR061419028,14,13,1.7230245338444619,1.8913082054624883
NAR061419028,NAR,JRS_1,JRS,1,T,T-NAR061419028,14,14,1.7970932635731827,1.8913082054624883
NAR061419028,NAR,LSR_1,LSR,1,T,T-NAR061419028,14,1,0.5780498867386626,1.9749479536296122
NAR061419028,NAR,LSR_1,LSR,1,T,T-NAR061419028,14,2,0.7229686873469943,1.9749479536296122
NAR061419028,NAR,LSR_1,LSR,1,T,T-NAR061419028,14,3,0.8785537988663159,1.9749479536296122
NAR061419028,NAR,LSR_1,LSR,1,T,T-NAR061419028,14,4,1.0196905605190614,1.9749479536296122
NAR061419028,NAR,LSR_1,LSR,1,T,T-NAR061419028,14,5,1.140397810548863,1.9749479536296122
NAR061419028,NAR,LSR_1,LSR,1,T,T-NAR061419028,14,6,1.1887997119359932,1.9749479536296122
NAR061419028,NAR,LSR_1,LSR,1,T,T-NAR061419028,14,7,1.2670650225651021,1.9749479536296122
NAR061419028,NAR,LSR_1,LSR,1,T,T-NAR061419028,14,8,1.3736320260513164,1.9749479536296122
NAR061419028,NAR,LSR_1,LSR,1,T,T-NAR061419028,14,9,1.445608071601069,1.9749479536296122
NAR061419028,NAR,LSR_1,LSR,1,T,T-NAR061419028,14,10,1.5248188919690748,1.9749479536296122
NAR061419028,NAR,LSR_1,LSR,1,T,T-NAR061419028,14,11,1.6112644871553337,1.9749479536296122
NAR061419028,NAR,LSR_1,LSR,1,T,T-NAR061419028,14,12,1.7118503288851796,1.9749479536296122
NAR061419028,NAR,LSR_1,LSR,1,T,T-NAR061419028,14,13,1.815888906477693,1.9749479536296122
NAR061419028,NAR,LSR_1,LSR,1,T,T-NAR061419028,14,14,1.883158603102893,1.9749479536296122
NAR061419028,NAR,MJS_1,MJS,1,T,T-NAR061419028,14,1,0.5652857261699095,1.9308384468744528
NAR061419028,NAR,MJS_1,MJS,1,T,T-NAR061419028,14,2,0.7574615342633311,1.9308384468744528
NAR061419028,NAR,MJS_1,MJS,1,T,T-NAR061419028,14,3,0.8972798765716168,1.9308384468744528
NAR061419028,NAR,MJS_1,MJS,1,T,T-NAR061419028,14,4,1.041874221636819,1.9308384468744528
NAR061419028,NAR,MJS_1,MJS,1,T,T-NAR061419028,14,5,1.1404256834647675,1.9308384468744528
NAR061419028,NAR,MJS_1,MJS,1,T,T-NAR061419028,14,6,1.2149551692810376,1.9308384468744528
NAR061419028,NAR,MJS_1,MJS,1,T,T-NAR061419028,14,7,1.2973378174361552,1.9308384468744528
NAR061419028,NAR,MJS_1,MJS,1,T,T-NAR061419028,14,8,1.385110070148883,1.9308384468744528
NAR061419028,NAR,MJS_1,MJS,1,T,T-NAR061419028,14,9,1.4513239046311697,1.9308384468744528
NAR061419028,NAR,MJS_1,MJS,1,T,T-NAR061419028,14,10,1.5233898326662032,1.9308384468744528
NAR061419028,NAR,MJS_1,MJS,1,T,T-NAR061419028,14,11,1.611624574374067,1.9308384468744528
NAR061419028,NAR,MJS_1,MJS,1,T,T-NAR061419028,14,12,1.6944697115243206,1.9308384468744528
NAR061419028,NAR,MJS_1,MJS,1,T,T-NAR061419028,14,13,1.7817794752419123,1.9308384468744528
NAR061419028,NAR,MJS_1,MJS,1,T,T-NAR061419028,14,14,1.8513818454957085,1.9308384468744528
NAR061419029,NAR,CJF_1,CJF,1,T,T-NAR061419029,9,1,0.5920097213501774,1.3634936528352577
NAR061419029,NAR,CJF_1,CJF,1,T,T-NAR061419029,9,2,0.7654082997474874,1.3634936528352577
NAR061419029,NAR,CJF_1,CJF,1,T,T-NAR061419029,9,3,0.8530189354678834,1.3634936528352577
NAR061419029,NAR,CJF_1,CJF,1,T,T-NAR061419029,9,4,0.9411156132739975,1.3634936528352577
NAR061419029,NAR,CJF_1,CJF,1,T,T-NAR061419029,9,5,1.0146307819542966,1.3634936528352577
NAR061419029,NAR,CJF_1,CJF,1,T,T-NAR061419029,9,6,1.0744150151587877,1.3634936528352577
NAR061419029,NAR,CJF_1,CJF,1,T,T-NAR061419029,9,7,1.1420975731443532,1.3634936528352577
NAR061419029,NAR,CJF_1,CJF,1,T,T-NAR061419029,9,8,1.206256255564385,1.3634936528352577
NAR061419029,NAR,CJF_1,CJF,1,T,T-NAR061419029,9,9,1.2801359558089733,1.3634936528352577
NAR061419029,NAR,JRS_1,JRS,1,T,T-NAR061419029,12,1,0.6130570420420198,1.3987477851209291
NAR061419029,NAR,JRS_1,JRS,1,T,T-NAR061419029,12,2,0.6604028513734523,1.3987477851209291
NAR061419029,NAR,JRS_1,JRS,1,T,T-NAR061419029,12,3,0.7054408712459261,1.3987477851209291
NAR061419029,NAR,JRS_1,JRS,1,T,T-NAR061419029,12,4,0.737488544056062,1.3987477851209291
NAR061419029,NAR,JRS_1,JRS,1,T,T-NAR061419029,12,5,0.806199468594252,1.3987477851209291
NAR061419029,NAR,JRS_1,JRS,1,T,T-NAR061419029,12,6,0.9062323660588063,1.3987477851209291
NAR061419029,NAR,JRS_1,JRS,1,T,T-NAR061419029,12,7,0.9978904953789405,1.3987477851209291
NAR061419029,NAR,JRS_1,JRS,1,T,T-NAR061419029,12,8,1.0589523516564818,1.3987477851209291
NAR061419029,NAR,JRS_1,JRS,1,T,T-NAR061419029,12,9,1.1246297868519415,1.3987477851209291
NAR061419029,NAR,JRS_1,JRS,1,T,T-NAR061419029,12,10,1.206331058452469,1.3987477851209291
NAR061419029,NAR,JRS_1,JRS,1,T,T-NAR061419029,12,11,1.2689750043051975,1.3987477851209291
NAR061419029,NAR,JRS_1,JRS,1,T,T-NAR061419029,12,12,1.3384116287271592,1.3987477851209291
NAR061419029,NAR,LSR_1,LSR,1,T,T-NAR061419029,9,1,0.7206393476793181,1.4012603549483054
NAR061419029,NAR,LSR_1,LSR,1,T,T-NAR061419029,9,2,0.8050574571080299,1.4012603549483054
NAR061419029,NAR,LSR_1,LSR,1,T,T-NAR061419029,9,3,0.9084785591102356,1.4012603549483054
NAR061419029,NAR,LSR_1,LSR,1,T,T-NAR061419029,9,4,0.9939251410507035,1.4012603549483054
NAR061419029,NAR,LSR_1,LSR,1,T,T-NAR061419029,9,5,1.0498610564992592,1.4012603549483054
NAR061419029,NAR,LSR_1,LSR,1,T,T-NAR061419029,9,6,1.1321330413841166,1.4012603549483054
NAR061419029,NAR,LSR_1,LSR,1,T,T-NAR061419029,9,7,1.210246546461777,1.4012603549483054
NAR061419029,NAR,LSR_1,LSR,1,T,T-NAR061419029,9,8,1.260906330071038,1.4012603549483054
NAR061419029,NAR,LSR_1,LSR,1,T,T-NAR061419029,9,9,1.3442513772278228,1.4012603549483054
NAR061419029,NAR,MJS_1,MJS,1,T,T-NAR061419029,9,1,0.6618535331950492,1.3941653990952325
NAR061419029,NAR,MJS_1,MJS,1,T,T-NAR061419029,9,2,0.8011372437814894,1.3941653990952325
NAR061419029,NAR,MJS_1,MJS,1,T,T-NAR061419029,9,3,0.8961422943751176,1.3941653990952325
NAR061419029,NAR,MJS_1,MJS,1,T,T-NAR061419029,9,4,0.9678765247800146,1.3941653990952325
NAR061419029,NAR,MJS_1,MJS,1,T,T-NAR061419029,9,5,1.0474867142891773,1.3941653990952325
NAR061419029,NAR,MJS_1,MJS,1,T,T-NAR061419029,9,6,1.1138285388801463,1.3941653990952325
NAR061419029,NAR,MJS_1,MJS,1,T,T-NAR061419029,9,7,1.1859880685182977,1.3941653990952325
NAR061419029,NAR,MJS_1,MJS,1,T,T-NAR061419029,9,8,1.252755192342521,1.3941653990952325
NAR061419029,NAR,MJS_1,MJS,1,T,T-NAR061419029,9,9,1.329881828561347,1.3941653990952325
NAR061419030,NAR,CJF_1,CJF,1,T,T-NAR061419030,8,1,0.5738632851034577,1.4194084986974094
NAR061419030,NAR,CJF_1,CJF,1,T,T-NAR061419030,8,2,0.7229343920516603,1.4194084986974094
NAR061419030,NAR,CJF_1,CJF,1,T,T-NAR061419030,8,3,0.8696710305341895,1.4194084986974094
NAR061419030,NAR,CJF_1,CJF,1,T,T-NAR061419030,8,4,0.9574829038096153,1.4194084986974094
NAR061419030,NAR,CJF_1,CJF,1,T,T-NAR061419030,8,5,1.0503164456409613,1.4194084986974094
NAR061419030,NAR,CJF_1,CJF,1,T,T-NAR061419030,8,6,1.1634213700894624,1.4194084986974094
NAR061419030,NAR,CJF_1,CJF,1,T,T-NAR061419030,8,7,1.2517706833829374,1.4194084986974094
NAR061419030,NAR,CJF_1,CJF,1,T,T-NAR061419030,8,8,1.3260375168480143,1.4194084986974094
NAR061419030,NAR,JRS_1,JRS,1,T,T-NAR061419030,8,1,0.6234949872379777,1.4449410226099078
NAR061419030,NAR,JRS_1,JRS,1,T,T-NAR061419030,8,2,0.7562539424496026,1.4449410226099078
NAR061419030,NAR,JRS_1,JRS,1,T,T-NAR061419030,8,3,0.9115339969173546,1.4449410226099078
NAR061419030,NAR,JRS_1,JRS,1,T,T-NAR061419030,8,4,1.0158456230181794,1.4449410226099078
NAR061419030,NAR,JRS_1,JRS,1,T,T-NAR061419030,8,5,1.1017830849527817,1.4449410226099078
NAR061419030,NAR,JRS_1,JRS,1,T,T-NAR061419030,8,6,1.1960179815881105,1.4449410226099078
NAR061419030,NAR,JRS_1,JRS,1,T,T-NAR061419030,8,7,1.2813635334414295,1.4449410226099078
NAR061419030,NAR,JRS_1,JRS,1,T,T-NAR061419030,8,8,1.3590035606753048,1.4449410226099078
NAR061419030,NAR,LSR_1,LSR,1,T,T-NAR061419030,8,1,0.5934173751195593,1.4365071569857664
NAR061419030,NAR,LSR_1,LSR,1,T,T-NAR061419030,8,2,0.7410686579699565,1.4365071569857664
NAR061419030,NAR,LSR_1,LSR,1,T,T-NAR061419030,8,3,0.8806211727399295,1.4365071569857664
NAR061419030,NAR,LSR_1,LSR,1,T,T-NAR061419030,8,4,0.971994145006049,1.4365071569857664
NAR061419030,NAR,LSR_1,LSR,1,T,T-NAR061419030,8,5,1.0659916037270925,1.4365071569857664
NAR061419030,NAR,LSR_1,LSR,1,T,T-NAR061419030,8,6,1.1706372140782677,1.4365071569857664
NAR061419030,NAR,LSR_1,LSR,1,T,T-NAR061419030,8,7,1.2592354940790287,1.4365071569857664
NAR061419030,NAR,LSR_1,LSR,1,T,T-NAR061419030,8,8,1.331861546634591,1.4365071569857664
NAR061419030,NAR,MJS_1,MJS,1,T,T-NAR061419030,8,1,0.6519108762461535,1.4668073700197222
NAR061419030,NAR,MJS_1,MJS,1,T,T-NAR061419030,8,2,0.7825249332188108,1.4668073700197222
NAR061419030,NAR,MJS_1,MJS,1,T,T-NAR061419030,8,3,0.9298254901186443,1.4668073700197222
NAR061419030,NAR,MJS_1,MJS,1,T,T-NAR061419030,8,4,1.0165466524248796,1.4668073700197222
NAR061419030,NAR,MJS_1,MJS,1,T,T-NAR061419030,8,5,1.109497607573236,1.4668073700197222
NAR061419030,NAR,MJS_1,MJS,1,T,T-NAR061419030,8,6,1.2150345238598677,1.4668073700197222
NAR061419030,NAR,MJS_1,MJS,1,T,T-NAR061419030,8,7,1.3017556861661026,1.4668073700197222
NAR061419030,NAR,MJS_1,MJS,1,T,T-NAR061419030,8,8,1.3790531745503853,1.4668073700197222
NAR061419031,NAR,CJF_1,CJF,1,T,T-NAR061419031,8,1,0.4187232519173325,1.2761952684093298
NAR061419031,NAR,CJF_1,CJF,1,T,T-NAR061419031,8,2,0.601308343660209,1.2761952684093298
NAR061419031,NAR,CJF_1,CJF,1,T,T-NAR061419031,8,3,0.7114486632755384,1.2761952684093298
NAR061419031,NAR,CJF_1,CJF,1,T,T-NAR061419031,8,4,0.8076797168187809,1.2761952684093298
NAR061419031,NAR,CJF_1,CJF,1,T,T-NAR061419031,8,5,0.8997427786484878,1.2761952684093298
NAR061419031,NAR,CJF_1,CJF,1,T,T-NAR061419031,8,6,0.9918058404781948,1.2761952684093298
NAR061419031,NAR,CJF_1,CJF,1,T,T-NAR061419031,8,7,1.0778883967077137,1.2761952684093298
NAR061419031,NAR,CJF_1,CJF,1,T,T-NAR061419031,8,8,1.1778802190093192,1.2761952684093298
NAR061419031,NAR,JRS_1,JRS,1,T,T-NAR061419031,8,1,0.4944224546435009,1.312535692819386
NAR061419031,NAR,JRS_1,JRS,1,T,T-NAR061419031,8,2,0.6324972423398303,1.312535692819386
NAR061419031,NAR,JRS_1,JRS,1,T,T-NAR061419031,8,3,0.75734321639445,1.312535692819386
NAR061419031,NAR,JRS_1,JRS,1,T,T-NAR061419031,8,4,0.844983470311433,1.312535692819386
NAR061419031,NAR,JRS_1,JRS,1,T,T-NAR061419031,8,5,0.9433718170826353,1.312535692819386
NAR061419031,NAR,JRS_1,JRS,1,T,T-NAR061419031,8,6,1.0442408846413274,1.312535692819386
NAR061419031,NAR,JRS_1,JRS,1,T,T-NAR061419031,8,7,1.1376677898375505,1.312535692819386
NAR061419031,NAR,JRS_1,JRS,1,T,T-NAR061419031,8,8,1.2331628109691326,1.312535692819386
NAR061419031,NAR,LSR_1,LSR,1,T,T-NAR061419031,8,1,0.5407837995457052,1.3415954894285802
NAR061419031,NAR,LSR_1,LSR,1,T,T-NAR061419031,8,2,0.6879951344432316,1.3415954894285802
NAR061419031,NAR,LSR_1,LSR,1,T,T-NAR061419031,8,3,0.8267682576191245,1.3415954894285802
NAR061419031,NAR,LSR_1,LSR,1,T,T-NAR061419031,8,4,0.8915232730143684,1.3415954894285802
NAR061419031,NAR,LSR_1,LSR,1,T,T-NAR061419031,8,5,0.9828767887172123,1.3415954894285802
NAR061419031,NAR,LSR_1,LSR,1,T,T-NAR061419031,8,6,1.0778989517557336,1.3415954894285802
NAR061419031,NAR,LSR_1,LSR,1,T,T-NAR061419031,8,7,1.1716372496515548,1.3415954894285802
NAR061419031,NAR,LSR_1,LSR,1,T,T-NAR061419031,8,8,1.2532686884900646,1.3415954894285802
NAR061419031,NAR,MJS_1,MJS,1,T,T-NAR061419031,8,1,0.5028218516875865,1.3230228473091565
NAR061419031,NAR,MJS_1,MJS,1,T,T-NAR061419031,8,2,0.6474597309412427,1.3230228473091565
NAR061419031,NAR,MJS_1,MJS,1,T,T-NAR061419031,8,3,0.7719883692036846,1.3230228473091565
NAR061419031,NAR,MJS_1,MJS,1,T,T-NAR061419031,8,4,0.8659443560668093,1.3230228473091565
NAR061419031,NAR,MJS_1,MJS,1,T,T-NAR061419031,8,5,0.9515510852844316,1.3230228473091565
NAR061419031,NAR,MJS_1,MJS,1,T,T-NAR061419031,8,6,1.0578534020107875,1.3230228473091565
NAR061419031,NAR,MJS_1,MJS,1,T,T-NAR061419031,8,7,1.1464001270648376,1.3230228473091565
NAR061419031,NAR,MJS_1,MJS,1,T,T-NAR061419031,8,8,1.2344761222551062,1.3230228473091565
NAR061419032,NAR,CJF_1,CJF,1,T,T-NAR061419032,2,1,0.4592280579429166,0.8135143321601569
NAR061419032,NAR,CJF_1,CJF,1,T,T-NAR061419032,2,2,0.6681397905400323,0.8135143321601569
NAR061419032,NAR,JRS_1,JRS,1,T,T-NAR061419032,2,1,0.4199152578085356,0.7496974184731378
NAR061419032,NAR,JRS_1,JRS,1,T,T-NAR061419032,2,2,0.6235103731012155,0.7496974184731378
NAR061419032,NAR,LSR_1,LSR,1,T,T-NAR061419032,2,1,0.6369010531366713,0.979461567709601
NAR061419032,NAR,LSR_1,LSR,1,T,T-NAR061419032,2,2,0.8372118314167694,0.979461567709601
NAR061419032,NAR,MJS_1,MJS,1,T,T-NAR061419032,2,1,0.5644082489426674,0.8853844790851143
NAR061419032,NAR,MJS_1,MJS,1,T,T-NAR061419032,2,2,0.7566934557217534,0.8853844790851143
NAR061419033,NAR,CJF_1,CJF,1,T,T-NAR061419033,2,1,0.5171841369201992,0.921249300578327
NAR061419033,NAR,CJF_1,CJF,1,T,T-NAR061419033,2,2,0.7708315982197014,0.921249300578327
NAR061419033,NAR,JRS_1,JRS,1,T,T-NAR061419033,1,1,0.806640799191497,0.963305344241709
NAR061419033,NAR,LSR_1,LSR,1,T,T-NAR061419033,2,1,0.6275098215077582,0.986612590911355
NAR061419033,NAR,LSR_1,LSR,1,T,T-NAR061419033,2,2,0.8248042257506161,0.986612590911355
NAR061419033,NAR,MJS_1,MJS,1,T,T-NAR061419033,2,1,0.5763007063435238,0.9514732416704723
NAR061419033,NAR,MJS_1,MJS,1,T,T-NAR061419033,2,2,0.8117285627691008,0.9514732416704723
NAR061419034,NAR,CJF_1,CJF,1,T,T-NAR061419034,9,1,0.5075238445995846,1.2952522430809044
NAR061419034,NAR,CJF_1,CJF,1,T,T-NAR061419034,9,2,0.6606290851142588,1.2952522430809044
NAR061419034,NAR,CJF_1,CJF,1,T,T-NAR061419034,9,3,0.7609898907409594,1.2952522430809044
NAR061419034,NAR,CJF_1,CJF,1,T,T-NAR061419034,9,4,0.8390076721837948,1.2952522430809044
NAR061419034,NAR,CJF_1,CJF,1,T,T-NAR061419034,9,5,0.9180396907712081,1.2952522430809044
NAR061419034,NAR,CJF_1,CJF,1,T,T-NAR061419034,9,6,1.0008754405982823,1.2952522430809044
NAR061419034,NAR,CJF_1,CJF,1,T,T-NAR061419034,9,7,1.0695389418244687,1.2952522430809044
NAR061419034,NAR,CJF_1,CJF,1,T,T-NAR061419034,9,8,1.130313324019506,1.2952522430809044
NAR061419034,NAR,CJF_1,CJF,1,T,T-NAR061419034,9,9,1.202921384761268,1.2952522430809044
NAR061419034,NAR,JRS_1,JRS,1,T,T-NAR061419034,9,1,0.60118022658585,1.3231592369319882
NAR061419034,NAR,JRS_1,JRS,1,T,T-NAR061419034,9,2,0.7240055670284941,1.3231592369319882
NAR061419034,NAR,JRS_1,JRS,1,T,T-NAR061419034,9,3,0.8192487433340006,1.3231592369319882
NAR061419034,NAR,JRS_1,JRS,1,T,T-NAR061419034,9,4,0.8954657739650691,1.3231592369319882
NAR061419034,NAR,JRS_1,JRS,1,T,T-NAR061419034,9,5,0.9738218092118125,1.3231592369319882
NAR061419034,NAR,JRS_1,JRS,1,T,T-NAR061419034,9,6,1.0415952693135002,1.3231592369319882
NAR061419034,NAR,JRS_1,JRS,1,T,T-NAR061419034,9,7,1.1262558704739505,1.3231592369319882
NAR061419034,NAR,JRS_1,JRS,1,T,T-NAR061419034,9,8,1.1918903259599636,1.3231592369319882
NAR061419034,NAR,JRS_1,JRS,1,T,T-NAR061419034,9,9,1.2585380597871534,1.3231592369319882
NAR061419034,NAR,LSR_1,LSR,1,T,T-NAR061419034,9,1,0.6359821517036257,1.3776261599006816
NAR061419034,NAR,LSR_1,LSR,1,T,T-NAR061419034,9,2,0.7809087681255606,1.3776261599006816
NAR061419034,NAR,LSR_1,LSR,1,T,T-NAR061419034,9,3,0.8608873631483278,1.3776261599006816
NAR061419034,NAR,LSR_1,LSR,1,T,T-NAR061419034,9,4,0.9429297468046725,1.3776261599006816
NAR061419034,NAR,LSR_1,LSR,1,T,T-NAR061419034,9,5,1.0377720431114512,1.3776261599006816
NAR061419034,NAR,LSR_1,LSR,1,T,T-NAR061419034,9,6,1.087856363226607,1.3776261599006816
NAR061419034,NAR,LSR_1,LSR,1,T,T-NAR061419034,9,7,1.1677515220795802,1.3776261599006816
NAR061419034,NAR,LSR_1,LSR,1,T,T-NAR061419034,9,8,1.23381487396533,1.3776261599006816
NAR061419034,NAR,LSR_1,LSR,1,T,T-NAR061419034,9,9,1.3083836888947715,1.3776261599006816
NAR061419034,NAR,MJS_1,MJS,1,T,T-NAR061419034,9,1,0.6016123632657634,1.3267568602963369
NAR061419034,NAR,MJS_1,MJS,1,T,T-NAR061419034,9,2,0.7258958886980164,1.3267568602963369
NAR061419034,NAR,MJS_1,MJS,1,T,T-NAR061419034,9,3,0.8128230613415925,1.3267568602963369
NAR061419034,NAR,MJS_1,MJS,1,T,T-NAR061419034,9,4,0.8921209970784585,1.3267568602963369
NAR061419034,NAR,MJS_1,MJS,1,T,T-NAR061419034,9,5,0.9630383042411719,1.3267568602963369
NAR061419034,NAR,MJS_1,MJS,1,T,T-NAR061419034,9,6,1.0339556114038861,1.3267568602963369
NAR061419034,NAR,MJS_1,MJS,1,T,T-NAR061419034,9,7,1.121634175714905,1.3267568602963369
NAR061419034,NAR,MJS_1,MJS,1,T,T-NAR061419034,9,8,1.1872148610506643,1.3267568602963369
NAR061419034,NAR,MJS_1,MJS,1,T,T-NAR061419034,9,9,1.2497515396392251,1.3267568602963369
NAR061419035,NAR,CJF_1,CJF,1,T,T-NAR061419035,2,1,0.42158246711234076,0.8156455620220686
NAR061419035,NAR,CJF_1,CJF,1,T,T-NAR061419035,2,2,0.6793821494203786,0.8156455620220686
NAR061419035,NAR,JRS_1,JRS,1,T,T-NAR061419035,2,1,0.41771288694747877,0.7651987663251416
NAR061419035,NAR,JRS_1,JRS,1,T,T-NAR061419035,2,2,0.6203124870647523,0.7651987663251416
NAR061419035,NAR,LSR_1,LSR,1,T,T-NAR061419035,2,1,0.6345272788062555,1.028468572662385
NAR061419035,NAR,LSR_1,LSR,1,T,T-NAR061419035,2,2,0.8725977261841689,1.028468572662385
NAR061419035,NAR,MJS_1,MJS,1,T,T-NAR061419035,2,1,0.5793947897936994,0.9152858926512304
NAR061419035,NAR,MJS_1,MJS,1,T,T-NAR061419035,2,2,0.7799991236701622,0.9152858926512304
NAR061419036,NAR,CJF_1,CJF,1,T,T-NAR061419036,4,1,0.5854887816681942,1.1922913375030078
NAR061419036,NAR,CJF_1,CJF,1,T,T-NAR061419036,4,2,0.7902853903714214,1.1922913375030078
NAR061419036,NAR,CJF_1,CJF,1,T,T-NAR061419036,4,3,0.9413996297102625,1.1922913375030078
NAR061419036,NAR,CJF_1,CJF,1,T,T-NAR061419036,4,4,1.0650608612656014,1.1922913375030078
NAR061419036,NAR,JRS_1,JRS,1,T,T-NAR061419036,4,1,0.6840068507318278,1.2149748662570485
NAR061419036,NAR,JRS_1,JRS,1,T,T-NAR061419036,4,2,0.8674763545758162,1.2149748662570485
NAR061419036,NAR,JRS_1,JRS,1,T,T-NAR061419036,4,3,1.0084609879300985,1.2149748662570485
NAR061419036,NAR,JRS_1,JRS,1,T,T-NAR061419036,4,4,1.1147314775566548,1.2149748662570485
NAR061419036,NAR,LSR_1,LSR,1,T,T-NAR061419036,4,1,0.7818567374338808,1.3438711321635466
NAR061419036,NAR,LSR_1,LSR,1,T,T-NAR061419036,4,2,0.9470842264733726,1.3438711321635466
NAR061419036,NAR,LSR_1,LSR,1,T,T-NAR061419036,4,3,1.0980124556067785,1.3438711321635466
NAR061419036,NAR,LSR_1,LSR,1,T,T-NAR061419036,4,4,1.2160151127237155,1.3438711321635466
NAR061419036,NAR,MJS_1,MJS,1,T,T-NAR061419036,4,1,0.659833791198202,1.231167455269752
NAR061419036,NAR,MJS_1,MJS,1,T,T-NAR061419036,4,2,0.8583707323464844,1.231167455269752
NAR061419036,NAR,MJS_1,MJS,1,T,T-NAR061419036,4,3,0.9898474600301979,1.231167455269752
NAR061419036,NAR,MJS_1,MJS,1,T,T-NAR061419036,4,4,1.1372831564193553,1.231167455269752
NAR061419037,NAR,CJF_1,CJF,1,T,T-NAR061419037,1,1,0.4705316282717923,0.6951959924973244
NAR061419037,NAR,JRS_1,JRS,1,T,T-NAR061419037,1,1,0.34989789203210114,0.5486500959734613
NAR061419037,NAR,MJS_1,MJS,1,T,T-NAR061419037,1,1,0.4989189936159616,0.6796789947596783
NAR061419038,NAR,CJF_1,CJF,1,T,T-NAR061419038,9,1,0.5955072577253698,1.4728197811301982
NAR061419038,NAR,CJF_1,CJF,1,T,T-NAR061419038,9,2,0.7395224154906316,1.4728197811301982
NAR061419038,NAR,CJF_1,CJF,1,T,T-NAR061419038,9,3,0.8832353914990961,1.4728197811301982
NAR061419038,NAR,CJF_1,CJF,1,T,T-NAR061419038,9,4,0.9943299537889292,1.4728197811301982
NAR061419038,NAR,CJF_1,CJF,1,T,T-NAR061419038,9,5,1.0738797612280562,1.4728197811301982
NAR061419038,NAR,CJF_1,CJF,1,T,T-NAR061419038,9,6,1.1730610532497212,1.4728197811301982
NAR061419038,NAR,CJF_1,CJF,1,T,T-NAR061419038,9,7,1.2647587786341814,1.4728197811301982
NAR061419038,NAR,CJF_1,CJF,1,T,T-NAR061419038,9,8,1.348318784108892,1.4728197811301982
NAR061419038,NAR,CJF_1,CJF,1,T,T-NAR061419038,9,9,1.40350522157772,1.4728197811301982
NAR061419038,NAR,JRS_1,JRS,1,T,T-NAR061419038,10,1,0.5634401481864275,1.4074667790117386
NAR061419038,NAR,JRS_1,JRS,1,T,T-NAR061419038,10,2,0.7134787851879845,1.4074667790117386
NAR061419038,NAR,JRS_1,JRS,1,T,T-NAR061419038,10,3,0.852220683783449,1.4074667790117386
NAR061419038,NAR,JRS_1,JRS,1,T,T-NAR061419038,10,4,0.947168132986705,1.4074667790117386
NAR061419038,NAR,JRS_1,JRS,1,T,T-NAR061419038,10,5,1.0265629788129842,1.4074667790117386
NAR061419038,NAR,JRS_1,JRS,1,T,T-NAR061419038,10,6,1.0915584007852157,1.4074667790117386
NAR061419038,NAR,JRS_1,JRS,1,T,T-NAR061419038,10,7,1.1460925868906513,1.4074667790117386
NAR061419038,NAR,JRS_1,JRS,1,T,T-NAR061419038,10,8,1.2085423251077918,1.4074667790117386
NAR061419038,NAR,JRS_1,JRS,1,T,T-NAR061419038,10,9,1.2633550120596606,1.4074667790117386
NAR061419038,NAR,JRS_1,JRS,1,T,T-NAR061419038,10,10,1.353211093752735,1.4074667790117386
NAR061419038,NAR,LSR_1,LSR,1,T,T-NAR061419038,9,1,0.638129463007777,1.4935557589206303
NAR061419038,NAR,LSR_1,LSR,1,T,T-NAR061419038,9,2,0.768067374164665,1.4935557589206303
NAR061419038,NAR,LSR_1,LSR,1,T,T-NAR061419038,9,3,0.8943644731837076,1.4935557589206303
NAR061419038,NAR,LSR_1,LSR,1,T,T-NAR061419038,9,4,1.03067894797185,1.4935557589206303
NAR061419038,NAR,LSR_1,LSR,1,T,T-NAR061419038,9,5,1.1288574583330695,1.4935557589206303
NAR061419038,NAR,LSR_1,LSR,1,T,T-NAR061419038,9,6,1.2061990043121575,1.4935557589206303
NAR061419038,NAR,LSR_1,LSR,1,T,T-NAR061419038,9,7,1.2838079545725558,1.4935557589206303
NAR061419038,NAR,LSR_1,LSR,1,T,T-NAR061419038,9,8,1.3461542912381455,1.4935557589206303
NAR061419038,NAR,LSR_1,LSR,1,T,T-NAR061419038,9,9,1.4224262200919904,1.4935557589206303
NAR061419038,NAR,MJS_1,MJS,1,T,T-NAR061419038,10,1,0.5129167535805527,1.5481707837362568
NAR061419038,NAR,MJS_1,MJS,1,T,T-NAR061419038,10,2,0.6796253709694011,1.5481707837362568
NAR061419038,NAR,MJS_1,MJS,1,T,T-NAR061419038,10,3,0.8309784228323964,1.5481707837362568
NAR061419038,NAR,MJS_1,MJS,1,T,T-NAR061419038,10,4,0.9800461884011407,1.5481707837362568
NAR061419038,NAR,MJS_1,MJS,1,T,T-NAR061419038,10,5,1.0852666153723591,1.5481707837362568
NAR061419038,NAR,MJS_1,MJS,1,T,T-NAR061419038,10,6,1.16970601619194,1.5481707837362568
NAR061419038,NAR,MJS_1,MJS,1,T,T-NAR061419038,10,7,1.2896573247396046,1.5481707837362568
NAR061419038,NAR,MJS_1,MJS,1,T,T-NAR061419038,10,8,1.3480053408257013,1.5481707837362568
NAR061419038,NAR,MJS_1,MJS,1,T,T-NAR061419038,10,9,1.427134383063436,1.5481707837362568
NAR061419038,NAR,MJS_1,MJS,1,T,T-NAR061419038,10,10,1.5085487115954213,1.5481707837362568
NAR061419039,NAR,CJF_1,CJF,1,T,T-NAR061419039,4,1,0.44096130117319515,0.9844442056111413
NAR061419039,NAR,CJF_1,CJF,1,T,T-NAR061419039,4,2,0.5673866020677633,0.9844442056111413
NAR061419039,NAR,CJF_1,CJF,1,T,T-NAR061419039,4,3,0.7197545899571602,0.9844442056111413
NAR061419039,NAR,CJF_1,CJF,1,T,T-NAR061419039,4,4,0.8642487077616714,0.9844442056111413
NAR061419039,NAR,JRS_1,JRS,1,T,T-NAR061419039,4,1,0.4509075597198057,0.9738049026717387
NAR061419039,NAR,JRS_1,JRS,1,T,T-NAR061419039,4,2,0.5897708894530228,0.9738049026717387
NAR061419039,NAR,JRS_1,JRS,1,T,T-NAR061419039,4,3,0.7552774346098359,0.9738049026717387
NAR061419039,NAR,JRS_1,JRS,1,T,T-NAR061419039,4,4,0.8805536486891542,0.9738049026717387
NAR061419039,NAR,LSR_1,LSR,1,T,T-NAR061419039,4,1,0.5475924563774146,1.0468818026826965
NAR061419039,NAR,LSR_1,LSR,1,T,T-NAR061419039,4,2,0.6965953164388793,1.0468818026826965
NAR061419039,NAR,LSR_1,LSR,1,T,T-NAR061419039,4,3,0.8348469855515268,1.0468818026826965
NAR061419039,NAR,LSR_1,LSR,1,T,T-NAR061419039,4,4,0.9631429949251107,1.0468818026826965
NAR061419039,NAR,MJS_1,MJS,1,T,T-NAR061419039,3,1,0.689952721374758,1.0850121968817308
NAR061419039,NAR,MJS_1,MJS,1,T,T-NAR061419039,3,2,0.8603896431434841,1.0850121968817308
NAR061419039,NAR,MJS_1,MJS,1,T,T-NAR061419039,3,3,0.9902889060724727,1.0850121968817308
NAR061419040,NAR,CJF_1,CJF,1,T,T-NAR061419040,2,1,0.43400220014367547,0.7710973234962557
NAR061419040,NAR,CJF_1,CJF,1,T,T-NAR061419040,2,2,0.6197535530423472,0.7710973234962557
NAR061419040,NAR,JRS_1,JRS,1,T,T-NAR061419040,2,1,0.4030624628728613,0.6987594165955022
NAR061419040,NAR,JRS_1,JRS,1,T,T-NAR061419040,2,2,0.6020715512190327,0.6987594165955022
NAR061419040,NAR,LSR_1,LSR,1,T,T-NAR061419040,2,1,0.7508659896824148,1.092435146473992
NAR061419040,NAR,LSR_1,LSR,1,T,T-NAR061419040,2,2,0.9351961032980552,1.092435146473992
NAR061419040,NAR,MJS_1,MJS,1,T,T-NAR061419040,2,1,0.61774416215002,0.9465132240283106
NAR061419040,NAR,MJS_1,MJS,1,T,T-NAR061419040,2,2,0.8414202124528126,0.9465132240283106
NST110719001,NST,CJF_1,CJF,1,T,T-NST110719001,3,1,0.5753947370023839,0.9400837895057672
NST110719001,NST,CJF_1,CJF,1,T,T-NST110719001,3,2,0.7140332398256377,0.9400837895057672
NST110719001,NST,CJF_1,CJF,1,T,T-NST110719001,3,3,0.8517618728956355,0.9400837895057672
NST110719001,NST,JRS_1,JRS,1,T,T-NST110719001,4,1,0.3247242387036087,0.9317075537971313
NST110719001,NST,JRS_1,JRS,1,T,T-NST110719001,4,2,0.5469295858375696,0.9317075537971313
NST110719001,NST,JRS_1,JRS,1,T,T-NST110719001,4,3,0.7080614410719814,0.9317075537971313
NST110719001,NST,JRS_1,JRS,1,T,T-NST110719001,4,4,0.8348301014926476,0.9317075537971313
NST110719001,NST,LEL_1,LEL,1,T,T-NST110719001,3,1,0.5090869288209545,0.8877747817733692
NST110719001,NST,LEL_1,LEL,1,T,T-NST110719001,3,2,0.6646211868028231,0.8877747817733692
NST110719001,NST,LEL_1,LEL,1,T,T-NST110719001,3,3,0.7937232331272898,0.8877747817733692
NST110719001,NST,LSR_1,LSR,1,T,T-NST110719001,3,1,0.6260830060463208,0.9914280933430732
NST110719001,NST,LSR_1,LSR,1,T,T-NST110719001,3,2,0.7689496421571741,0.9914280933430732
NST110719001,NST,LSR_1,LSR,1,T,T-NST110719001,3,3,0.8936130519442121,0.9914280933430732
NST110719001,NST,MJS_1,MJS,1,T,T-NST110719001,3,1,0.5564196775671382,0.9399122447727476
NST110719001,NST,MJS_1,MJS,1,T,T-NST110719001,3,2,0.7109738682249356,0.9399122447727476
NST110719001,NST,MJS_1,MJS,1,T,T-NST110719001,3,3,0.8430004242354583,0.9399122447727476
NST110719002,NST,CJF_1,CJF,1,T,T-NST110719002,3,1,0.5349271615764687,0.9483795460410996
NST110719002,NST,CJF_1,CJF,1,T,T-NST110719002,3,2,0.7230411967044904,0.9483795460410996
NST110719002,NST,CJF_1,CJF,1,T,T-NST110719002,3,3,0.8572640228578485,0.9483795460410996
NST110719002,NST,JRS_1,JRS,1,T,T-NST110719002,3,1,0.4857487989494692,0.7879207573733829
NST110719002,NST,JRS_1,JRS,1,T,T-NST110719002,3,2,0.6282332759870122,0.7879207573733829
NST110719002,NST,JRS_1,JRS,1,T,T-NST110719002,3,3,0.7038434736385761,0.7879207573733829
NST110719002,NST,LEL_1,LEL,1,T,T-NST110719002,3,1,0.46505715038804923,0.8599090464212311
NST110719002,NST,LEL_1,LEL,1,T,T-NST110719002,3,2,0.629098335683427,0.8599090464212311
NST110719002,NST,LEL_1,LEL,1,T,T-NST110719002,3,3,0.750001598073084,0.8599090464212311
NST110719002,NST,LSR_1,LSR,1,T,T-NST110719002,3,1,0.4590145903785101,0.8095994779276654
NST110719002,NST,LSR_1,LSR,1,T,T-NST110719002,3,2,0.5990106159319906,0.8095994779276654
NST110719002,NST,LSR_1,LSR,1,T,T-NST110719002,3,3,0.7065935027059916,0.8095994779276654
NST110719002,NST,MJS_1,MJS,1,T,T-NST110719002,3,1,0.5230557651407985,0.8957644832960141
NST110719002,NST,MJS_1,MJS,1,T,T-NST110719002,3,2,0.6771924417124042,0.8957644832960141
NST110719002,NST,MJS_1,MJS,1,T,T-NST110719002,3,3,0.8085878421529874,0.8957644832960141
NST110719003,NST,CJF_1,CJF,1,T,T-NST110719003,2,1,0.4785857045022501,0.7978810106878829
NST110719003,NST,CJF_1,CJF,1,T,T-NST110719003,2,2,0.6742969596663713,0.7978810106878829
NST110719003,NST,JRS_1,JRS,1,T,T-NST110719003,2,1,0.5290639363326268,0.8428135978351734
NST110719003,NST,JRS_1,JRS,1,T,T-NST110719003,2,2,0.7158755167087488,0.8428135978351734
NST110719003,NST,LEL_1,LEL,1,T,T-NST110719003,2,1,0.542783685334036,0.8846599889498554
NST110719003,NST,LEL_1,LEL,1,T,T-NST110719003,2,2,0.7543609010722083,0.8846599889498554
NST110719003,NST,LSR_1,LSR,1,T,T-NST110719003,2,1,0.5363327371967019,0.8609101223883218
NST110719003,NST,LSR_1,LSR,1,T,T-NST110719003,2,2,0.7066097073296627,0.8609101223883218
NST110719003,NST,MJS_1,MJS,1,T,T-NST110719003,2,1,0.46480730050980806,0.7766583010462939
NST110719003,NST,MJS_1,MJS,1,T,T-NST110719003,2,2,0.6485138404795171,0.7766583010462939
NST110719004,NST,CJF_1,CJF,1,T,T-NST110719004,1,1,0.40999096727964857,0.6055030484677968
NST110719004,NST,JRS_1,JRS,1,T,T-NST110719004,1,1,0.4926298342876222,0.6678943439559037
NST110719004,NST,LEL_1,LEL,1,T,T-NST110719004,1,1,0.4367581802245561,0.6307385671183642
NST110719004,NST,LSR_1,LSR,1,T,T-NST110719004,1,1,0.43601009347237624,0.6396708925518125
NST110719004,NST,MJS_1,MJS,1,T,T-NST110719004,1,1,0.3954599878810837,0.5697457154122347
NST110719005,NST,CJF_1,CJF,1,T,T-NST110719005,4,1,0.5384395150399869,0.9292097605929407
NST110719005,NST,CJF_1,CJF,1,T,T-NST110719005,4,2,0.7144639307253129,0.9292097605929407
NST110719005,NST,CJF_1,CJF,1,T,T-NST110719005,4,3,0.7882985654688293,0.9292097605929407
NST110719005,NST,CJF_1,CJF,1,T,T-NST110719005,4,4,0.8803366575130224,0.9292097605929407
NST110719005,NST,JRS_1,JRS,1,T,T-NST110719005,4,1,0.48892097835544623,0.906927469249901
NST110719005,NST,JRS_1,JRS,1,T,T-NST110719005,4,2,0.6376498329814051,0.906927469249901
NST110719005,NST,JRS_1,JRS,1,T,T-NST110719005,4,3,0.7275250636833547,0.906927469249901
NST110719005,NST,JRS_1,JRS,1,T,T-NST110719005,4,4,0.8488855145077833,0.906927469249901
NST110719005,NST,LEL_1,LEL,1,T,T-NST110719005,4,1,0.6138026943019386,1.02446786638716
NST110719005,NST,LEL_1,LEL,1,T,T-NST110719005,4,2,0.7769067207619009,1.02446786638716
NST110719005,NST,LEL_1,LEL,1,T,T-NST110719005,4,3,0.8583937964942547,1.02446786638716
NST110719005,NST,LEL_1,LEL,1,T,T-NST110719005,4,4,0.965644317932816,1.02446786638716
NST110719005,NST,LSR_1,LSR,1,T,T-NST110719005,4,1,0.6103768898513033,1.0089152356554163
NST110719005,NST,LSR_1,LSR,1,T,T-NST110719005,4,2,0.7710796608599537,1.0089152356554163
NST110719005,NST,LSR_1,LSR,1,T,T-NST110719005,4,3,0.8569127767521508,1.0089152356554163
NST110719005,NST,LSR_1,LSR,1,T,T-NST110719005,4,4,0.934149486106847,1.0089152356554163
NST110719005,NST,MJS_1,MJS,1,T,T-NST110719005,3,1,0.5436967987724096,0.9530829134339402
NST110719005,NST,MJS_1,MJS,1,T,T-NST110719005,3,2,0.721455009782638,0.9530829134339402
NST110719005,NST,MJS_1,MJS,1,T,T-NST110719005,3,3,0.8211198285212825,0.9530829134339402
NST110719006,NST,CJF_1,CJF,1,T,T-NST110719006,4,1,0.5601831254907923,1.14003647487848
NST110719006,NST,CJF_1,CJF,1,T,T-NST110719006,4,2,0.7473891311179046,1.14003647487848
NST110719006,NST,CJF_1,CJF,1,T,T-NST110719006,4,3,0.884786087718082,1.14003647487848
NST110719006,NST,CJF_1,CJF,1,T,T-NST110719006,4,4,1.0003177418891835,1.14003647487848
NST110719006,NST,JRS_1,JRS,1,T,T-NST110719006,4,1,0.4575349744951251,1.026485736164812
NST110719006,NST,JRS_1,JRS,1,T,T-NST110719006,4,2,0.6388129490300896,1.026485736164812
NST110719006,NST,JRS_1,JRS,1,T,T-NST110719006,4,3,0.7836084927980653,1.026485736164812
NST110719006,NST,JRS_1,JRS,1,T,T-NST110719006,4,4,0.9014077789355273,1.026485736164812
NST110719006,NST,LEL_1,LEL,1,T,T-NST110719006,4,1,0.5133820880934266,1.0975457998853912
NST110719006,NST,LEL_1,LEL,1,T,T-NST110719006,4,2,0.6999115138643168,1.0975457998853912
NST110719006,NST,LEL_1,LEL,1,T,T-NST110719006,4,3,0.8562277201139703,1.0975457998853912
NST110719006,NST,LEL_1,LEL,1,T,T-NST110719006,4,4,0.9492793493876763,1.0975457998853912
NST110719006,NST,LSR_1,LSR,1,T,T-NST110719006,4,1,0.6843541270547613,1.2569920026962826
NST110719006,NST,LSR_1,LSR,1,T,T-NST110719006,4,2,0.8667896736278018,1.2569920026962826
NST110719006,NST,LSR_1,LSR,1,T,T-NST110719006,4,3,1.0028108739249693,1.2569920026962826
NST110719006,NST,LSR_1,LSR,1,T,T-NST110719006,4,4,1.1395651363924728,1.2569920026962826
NST110719006,NST,MJS_1,MJS,1,T,T-NST110719006,4,1,0.49905753531650193,1.0769955228074553
NST110719006,NST,MJS_1,MJS,1,T,T-NST110719006,4,2,0.6847918358905499,1.0769955228074553
NST110719006,NST,MJS_1,MJS,1,T,T-NST110719006,4,3,0.8325716414924487,1.0769955228074553
NST110719006,NST,MJS_1,MJS,1,T,T-NST110719006,4,4,0.9472514479118711,1.0769955228074553
NST110719007,NST,CJF_1,CJF,1,T,T-NST110719007,4,1,0.5475750182824856,1.0173202400985204
NST110719007,NST,CJF_1,CJF,1,T,T-NST110719007,4,2,0.7288722211820897,1.0173202400985204
NST110719007,NST,CJF_1,CJF,1,T,T-NST110719007,4,3,0.847081603165624,1.0173202400985204
NST110719007,NST,CJF_1,CJF,1,T,T-NST110719007,4,4,0.9479621725632099,1.0173202400985204
NST110719007,NST,JRS_1,JRS,1,T,T-NST110719007,5,1,0.31107438122076553,0.9098370711342151
NST110719007,NST,JRS_1,JRS,1,T,T-NST110719007,5,2,0.4906217920119439,0.9098370711342151
NST110719007,NST,JRS_1,JRS,1,T,T-NST110719007,5,3,0.6378933728067258,0.9098370711342151
NST110719007,NST,JRS_1,JRS,1,T,T-NST110719007,5,4,0.7395681636839262,0.9098370711342151
NST110719007,NST,JRS_1,JRS,1,T,T-NST110719007,5,5,0.8412429545611267,0.9098370711342151
NST110719007,NST,LEL_1,LEL,1,T,T-NST110719007,4,1,0.5199051362014323,0.9721445091578161
NST110719007,NST,LEL_1,LEL,1,T,T-NST110719007,4,2,0.6917950277712547,0.9721445091578161
NST110719007,NST,LEL_1,LEL,1,T,T-NST110719007,4,3,0.7981252838753854,0.9721445091578161
NST110719007,NST,LEL_1,LEL,1,T,T-NST110719007,4,4,0.8994638887168462,0.9721445091578161
NST110719007,NST,LSR_1,LSR,1,T,T-NST110719007,4,1,0.5071238981529833,0.9527039576763001
NST110719007,NST,LSR_1,LSR,1,T,T-NST110719007,4,2,0.661978934219478,0.9527039576763001
NST110719007,NST,LSR_1,LSR,1,T,T-NST110719007,4,3,0.7761726847583925,0.9527039576763001
NST110719007,NST,LSR_1,LSR,1,T,T-NST110719007,4,4,0.8582489218948507,0.9527039576763001
NST110719007,NST,MJS_1,MJS,1,T,T-NST110719007,4,1,0.4017314060463897,0.8186657274373581
NST110719007,NST,MJS_1,MJS,1,T,T-NST110719007,4,2,0.5638239989213423,0.8186657274373581
NST110719007,NST,MJS_1,MJS,1,T,T-NST110719007,4,3,0.6752033278823407,0.8186657274373581
NST110719007,NST,MJS_1,MJS,1,T,T-NST110719007,4,4,0.7660568291216362,0.8186657274373581
NST110719008,NST,CJF_1,CJF,1,T,T-NST110719008,2,1,0.5475547460262731,0.863306478241711
NST110719008,NST,CJF_1,CJF,1,T,T-NST110719008,2,2,0.7201139167646546,0.863306478241711
NST110719008,NST,JRS_1,JRS,1,T,T-NST110719008,0,NA,NA,0.7626015495167777
NST110719008,NST,LEL_1,LEL,1,T,T-NST110719008,0,NA,NA,0.7774221758161168
NST110719008,NST,LSR_1,LSR,1,T,T-NST110719008,1,1,0.697274238715233,0.7870252709497968
NST110719008,NST,MJS_1,MJS,1,T,T-NST110719008,1,1,0.629592959291415,0.7265600003434837
NST110719009,NST,CJF_1,CJF,1,T,T-NST110719009,3,1,0.6613153971176485,1.0097139219726061
NST110719009,NST,CJF_1,CJF,1,T,T-NST110719009,3,2,0.8008903386313242,1.0097139219726061
NST110719009,NST,CJF_1,CJF,1,T,T-NST110719009,3,3,0.9101995367481128,1.0097139219726061
NST110719009,NST,JRS_1,JRS,1,T,T-NST110719009,3,1,0.5418773891040075,0.8684841318991872
NST110719009,NST,JRS_1,JRS,1,T,T-NST110719009,3,2,0.6744291257202025,0.8684841318991872
NST110719009,NST,JRS_1,JRS,1,T,T-NST110719009,3,3,0.7815331375874648,0.8684841318991872
NST110719009,NST,LEL_1,LEL,1,T,T-NST110719009,4,1,0.645925310517394,1.1783857264455915
NST110719009,NST,LEL_1,LEL,1,T,T-NST110719009,4,2,0.8580845288295964,1.1783857264455915
NST110719009,NST,LEL_1,LEL,1,T,T-NST110719009,4,3,0.9885312879519739,1.1783857264455915
NST110719009,NST,LEL_1,LEL,1,T,T-NST110719009,4,4,1.0871555417709158,1.1783857264455915
NST110719009,NST,LSR_1,LSR,1,T,T-NST110719009,3,1,0.5843823972755126,0.9141744672621729
NST110719009,NST,LSR_1,LSR,1,T,T-NST110719009,3,2,0.7215039529784633,0.9141744672621729
NST110719009,NST,LSR_1,LSR,1,T,T-NST110719009,3,3,0.8280790211857723,0.9141744672621729
NST110719009,NST,MJS_1,MJS,1,T,T-NST110719009,3,1,0.5299805565658618,0.8496636176997441
NST110719009,NST,MJS_1,MJS,1,T,T-NST110719009,3,2,0.6454997480609465,0.8496636176997441
NST110719009,NST,MJS_1,MJS,1,T,T-NST110719009,3,3,0.7578421006925002,0.8496636176997441
NST110719010,NST,CJF_1,CJF,1,T,T-NST110719010,2,1,0.5343426657917726,0.8808376338765762
NST110719010,NST,CJF_1,CJF,1,T,T-NST110719010,2,2,0.7232441246430885,0.8808376338765762
NST110719010,NST,JRS_1,JRS,1,T,T-NST110719010,2,1,0.5052587761986194,0.866464974105772
NST110719010,NST,JRS_1,JRS,1,T,T-NST110719010,2,2,0.7100283878081995,0.866464974105772
NST110719010,NST,LEL_1,LEL,1,T,T-NST110719010,2,1,0.5836098624800177,0.9411977127234225
NST110719010,NST,LEL_1,LEL,1,T,T-NST110719010,2,2,0.8100787129909153,0.9411977127234225
NST110719010,NST,LSR_1,LSR,1,T,T-NST110719010,2,1,0.5971971968626862,0.9269112509011671
NST110719010,NST,LSR_1,LSR,1,T,T-NST110719010,2,2,0.7764380529295098,0.9269112509011671
NST110719010,NST,MJS_1,MJS,1,T,T-NST110719010,2,1,0.5340708369083219,0.8735497463658929
NST110719010,NST,MJS_1,MJS,1,T,T-NST110719010,2,2,0.7253568593502056,0.8735497463658929
NST110719011,NST,CJF_1,CJF,1,T,T-NST110719011,3,1,0.40070831272646545,0.7412189688459738
NST110719011,NST,CJF_1,CJF,1,T,T-NST110719011,3,2,0.5493397255286872,0.7412189688459738
NST110719011,NST,CJF_1,CJF,1,T,T-NST110719011,3,3,0.6645645165414373,0.7412189688459738
NST110719011,NST,JRS_1,JRS,1,T,T-NST110719011,3,1,0.37798066122415813,0.7546618922128956
NST110719011,NST,JRS_1,JRS,1,T,T-NST110719011,3,2,0.5195609804037895,0.7546618922128956
NST110719011,NST,JRS_1,JRS,1,T,T-NST110719011,3,3,0.62984905710491,0.7546618922128956
NST110719011,NST,LEL_1,LEL,1,T,T-NST110719011,4,1,0.3444030454382931,0.8438370233412869
NST110719011,NST,LEL_1,LEL,1,T,T-NST110719011,4,2,0.49738824697266043,0.8438370233412869
NST110719011,NST,LEL_1,LEL,1,T,T-NST110719011,4,3,0.6380000011107453,0.8438370233412869
NST110719011,NST,LEL_1,LEL,1,T,T-NST110719011,4,4,0.7582893193424927,0.8438370233412869
NST110719011,NST,LSR_1,LSR,1,T,T-NST110719011,3,1,0.3859050014304313,0.7753630526996463
NST110719011,NST,LSR_1,LSR,1,T,T-NST110719011,3,2,0.5533838633123024,0.7753630526996463
NST110719011,NST,LSR_1,LSR,1,T,T-NST110719011,3,3,0.6733471175015056,0.7753630526996463
NST110719011,NST,MJS_1,MJS,1,T,T-NST110719011,3,1,0.42627312356116576,0.771558153555808
NST110719011,NST,MJS_1,MJS,1,T,T-NST110719011,3,2,0.5697598874887354,0.771558153555808
NST110719011,NST,MJS_1,MJS,1,T,T-NST110719011,3,3,0.6775331254957087,0.771558153555808
NST110719012,NST,CJF_1,CJF,1,T,T-NST110719012,3,1,0.49091220255827345,0.9928842135040573
NST110719012,NST,CJF_1,CJF,1,T,T-NST110719012,3,2,0.6970857649422129,0.9928842135040573
NST110719012,NST,CJF_1,CJF,1,T,T-NST110719012,3,3,0.8594159470164663,0.9928842135040573
NST110719012,NST,JRS_1,JRS,1,T,T-NST110719012,3,1,0.5275352697510278,0.9738293956479196
NST110719012,NST,JRS_1,JRS,1,T,T-NST110719012,3,2,0.7137135953205519,0.9738293956479196
NST110719012,NST,JRS_1,JRS,1,T,T-NST110719012,3,3,0.8759011341030079,0.9738293956479196
NST110719012,NST,LEL_1,LEL,1,T,T-NST110719012,4,1,0.3374361312698282,1.0159181858031223
NST110719012,NST,LEL_1,LEL,1,T,T-NST110719012,4,2,0.5475090499961119,1.0159181858031223
NST110719012,NST,LEL_1,LEL,1,T,T-NST110719012,4,3,0.6915823061062073,1.0159181858031223
NST110719012,NST,LEL_1,LEL,1,T,T-NST110719012,4,4,0.8964587710436491,1.0159181858031223
NST110719012,NST,LSR_1,LSR,1,T,T-NST110719012,4,1,0.4738395272135134,0.9473624281691292
NST110719012,NST,LSR_1,LSR,1,T,T-NST110719012,4,2,0.6651151160633656,0.9473624281691292
NST110719012,NST,LSR_1,LSR,1,T,T-NST110719012,4,3,0.815729227583227,0.9473624281691292
NST110719012,NST,LSR_1,LSR,1,T,T-NST110719012,4,4,0.9149998917040295,0.9473624281691292
NST110719012,NST,MJS_1,MJS,1,T,T-NST110719012,3,1,0.460256695366757,0.9241488950938108
NST110719012,NST,MJS_1,MJS,1,T,T-NST110719012,3,2,0.6698028942799286,0.9241488950938108
NST110719012,NST,MJS_1,MJS,1,T,T-NST110719012,3,3,0.8166714690797039,0.9241488950938108
NST110719013,NST,CJF_1,CJF,1,T,T-NST110719013,6,1,0.6959954996944641,1.269305093795593
NST110719013,NST,CJF_1,CJF,1,T,T-NST110719013,6,2,0.8114468488120786,1.269305093795593
NST110719013,NST,CJF_1,CJF,1,T,T-NST110719013,6,3,0.9268981979296934,1.269305093795593
NST110719013,NST,CJF_1,CJF,1,T,T-NST110719013,6,4,1.0137355306424785,1.269305093795593
NST110719013,NST,CJF_1,CJF,1,T,T-NST110719013,6,5,1.087411915898088,1.269305093795593
NST110719013,NST,CJF_1,CJF,1,T,T-NST110719013,6,6,1.1633917501462552,1.269305093795593
NST110719013,NST,JRS_1,JRS,1,T,T-NST110719013,7,1,0.44464579218274763,1.192081739763319
NST110719013,NST,JRS_1,JRS,1,T,T-NST110719013,7,2,0.640146268505305,1.192081739763319
NST110719013,NST,JRS_1,JRS,1,T,T-NST110719013,7,3,0.7663029476499936,1.192081739763319
NST110719013,NST,JRS_1,JRS,1,T,T-NST110719013,7,4,0.871433513603901,1.192081739763319
NST110719013,NST,JRS_1,JRS,1,T,T-NST110719013,7,5,0.9607944946647223,1.192081739763319
NST110719013,NST,JRS_1,JRS,1,T,T-NST110719013,7,6,1.0396424191301532,1.192081739763319
NST110719013,NST,JRS_1,JRS,1,T,T-NST110719013,7,7,1.1153223011663962,1.192081739763319
NST110719013,NST,LEL_1,LEL,1,T,T-NST110719013,7,1,0.5757649750602983,1.3713651092762085
NST110719013,NST,LEL_1,LEL,1,T,T-NST110719013,7,2,0.7801801827871793,1.3713651092762085
NST110719013,NST,LEL_1,LEL,1,T,T-NST110719013,7,3,0.9203285592924544,1.3713651092762085
NST110719013,NST,LEL_1,LEL,1,T,T-NST110719013,7,4,1.0027760890717197,1.3713651092762085
NST110719013,NST,LEL_1,LEL,1,T,T-NST110719013,7,5,1.137676734048478,1.3713651092762085
NST110719013,NST,LEL_1,LEL,1,T,T-NST110719013,7,6,1.203585061393984,1.3713651092762085
NST110719013,NST,LEL_1,LEL,1,T,T-NST110719013,7,7,1.28439109504935,1.3713651092762085
NST110719013,NST,LSR_1,LSR,1,T,T-NST110719013,6,1,0.5800393306928024,1.1124361396921512
NST110719013,NST,LSR_1,LSR,1,T,T-NST110719013,6,2,0.711169870760465,1.1124361396921512
NST110719013,NST,LSR_1,LSR,1,T,T-NST110719013,6,3,0.8031663364702386,1.1124361396921512
NST110719013,NST,LSR_1,LSR,1,T,T-NST110719013,6,4,0.8906066272891479,1.1124361396921512
NST110719013,NST,LSR_1,LSR,1,T,T-NST110719013,6,5,0.9721633536820579,1.1124361396921512
NST110719013,NST,LSR_1,LSR,1,T,T-NST110719013,6,6,1.0517588919329681,1.1124361396921512
NST110719013,NST,MJS_1,MJS,1,T,T-NST110719013,7,1,0.34972205438614967,1.0719538823405272
NST110719013,NST,MJS_1,MJS,1,T,T-NST110719013,7,2,0.525480068742062,1.0719538823405272
NST110719013,NST,MJS_1,MJS,1,T,T-NST110719013,7,3,0.6651578851538551,1.0719538823405272
NST110719013,NST,MJS_1,MJS,1,T,T-NST110719013,7,4,0.746021179144621,1.0719538823405272
NST110719013,NST,MJS_1,MJS,1,T,T-NST110719013,7,5,0.843342032037441,1.0719538823405272
NST110719013,NST,MJS_1,MJS,1,T,T-NST110719013,7,6,0.9161612834802639,1.0719538823405272
NST110719013,NST,MJS_1,MJS,1,T,T-NST110719013,7,7,0.9854726783294917,1.0719538823405272
NST110719014,NST,CJF_1,CJF,1,T,T-NST110719014,3,1,0.4968317383818887,0.831793363759746
NST110719014,NST,CJF_1,CJF,1,T,T-NST110719014,3,2,0.6212405115265467,0.831793363759746
NST110719014,NST,CJF_1,CJF,1,T,T-NST110719014,3,3,0.7478382026120276,0.831793363759746
NST110719014,NST,JRS_1,JRS,1,T,T-NST110719014,3,1,0.48490199224101904,0.8251842117208338
NST110719014,NST,JRS_1,JRS,1,T,T-NST110719014,3,2,0.6364414438413838,0.8251842117208338
NST110719014,NST,JRS_1,JRS,1,T,T-NST110719014,3,3,0.7392066332000357,0.8251842117208338
NST110719014,NST,LEL_1,LEL,1,T,T-NST110719014,3,1,0.5227267752352589,0.872300667782863
NST110719014,NST,LEL_1,LEL,1,T,T-NST110719014,3,2,0.6554263777953873,0.872300667782863
NST110719014,NST,LEL_1,LEL,1,T,T-NST110719014,3,3,0.7746586175131673,0.872300667782863
NST110719014,NST,LSR_1,LSR,1,T,T-NST110719014,3,1,0.5320627073562227,0.8526922923649509
NST110719014,NST,LSR_1,LSR,1,T,T-NST110719014,3,2,0.673195998259954,0.8526922923649509
NST110719014,NST,LSR_1,LSR,1,T,T-NST110719014,3,3,0.7771337993796886,0.8526922923649509
NST110719014,NST,MJS_1,MJS,1,T,T-NST110719014,3,1,0.5102879707107538,0.8266304117207902
NST110719014,NST,MJS_1,MJS,1,T,T-NST110719014,3,2,0.6312896029589397,0.8266304117207902
NST110719014,NST,MJS_1,MJS,1,T,T-NST110719014,3,3,0.7326902356100248,0.8266304117207902
NST110719015,NST,CJF_1,CJF,1,T,T-NST110719015,2,1,0.4278727348873963,0.689452948667506
NST110719015,NST,CJF_1,CJF,1,T,T-NST110719015,2,2,0.5827014183546011,0.689452948667506
NST110719015,NST,JRS_1,JRS,1,T,T-NST110719015,2,1,0.3751100849517046,0.667522415000701
NST110719015,NST,JRS_1,JRS,1,T,T-NST110719015,2,2,0.5632591650054601,0.667522415000701
NST110719015,NST,LEL_1,LEL,1,T,T-NST110719015,2,1,0.4920078347797283,0.8070589697667293
NST110719015,NST,LEL_1,LEL,1,T,T-NST110719015,2,2,0.671825114951066,0.8070589697667293
NST110719015,NST,LSR_1,LSR,1,T,T-NST110719015,2,1,0.4550115955304175,0.6863306636297193
NST110719015,NST,LSR_1,LSR,1,T,T-NST110719015,2,2,0.5890560222934889,0.6863306636297193
NST110719015,NST,MJS_1,MJS,1,T,T-NST110719015,2,1,0.40426116362602554,0.6744924885754123
NST110719015,NST,MJS_1,MJS,1,T,T-NST110719015,2,2,0.5681682477414929,0.6744924885754123
NST110719016,NST,CJF_1,CJF,1,T,T-NST110719016,4,1,0.47702165671116814,1.0209319190751083
NST110719016,NST,CJF_1,CJF,1,T,T-NST110719016,4,2,0.6658818278166383,1.0209319190751083
NST110719016,NST,CJF_1,CJF,1,T,T-NST110719016,4,3,0.8116102829303047,1.0209319190751083
NST110719016,NST,CJF_1,CJF,1,T,T-NST110719016,4,4,0.9129392768922526,1.0209319190751083
NST110719016,NST,JRS_1,JRS,1,T,T-NST110719016,4,1,0.5292985403930238,1.0718812753267948
NST110719016,NST,JRS_1,JRS,1,T,T-NST110719016,4,2,0.7339241027931354,1.0718812753267948
NST110719016,NST,JRS_1,JRS,1,T,T-NST110719016,4,3,0.8590893303118039,1.0718812753267948
NST110719016,NST,JRS_1,JRS,1,T,T-NST110719016,4,4,0.9924209404453519,1.0718812753267948
NST110719016,NST,LEL_1,LEL,1,T,T-NST110719016,4,1,0.51026063345906425,1.111128080425008
NST110719016,NST,LEL_1,LEL,1,T,T-NST110719016,4,2,0.7113846980286092,1.111128080425008
NST110719016,NST,LEL_1,LEL,1,T,T-NST110719016,4,3,0.862004033449244,1.111128080425008
NST110719016,NST,LEL_1,LEL,1,T,T-NST110719016,4,4,0.9584127438938228,1.111128080425008
NST110719016,NST,LSR_1,LSR,1,T,T-NST110719016,5,1,0.5922456448620602,1.1685778120684505
NST110719016,NST,LSR_1,LSR,1,T,T-NST110719016,5,2,0.7913385674588331,1.1685778120684505
NST110719016,NST,LSR_1,LSR,1,T,T-NST110719016,5,3,0.8923759120238253,1.1685778120684505
NST110719016,NST,LSR_1,LSR,1,T,T-NST110719016,5,4,1.0250657599992503,1.1685778120684505
NST110719016,NST,LSR_1,LSR,1,T,T-NST110719016,5,5,1.1234702418328424,1.1685778120684505
NST110719016,NST,MJS_1,MJS,1,T,T-NST110719016,4,1,0.4565463632147278,0.9636219822538062
NST110719016,NST,MJS_1,MJS,1,T,T-NST110719016,4,2,0.6412246181175074,0.9636219822538062
NST110719016,NST,MJS_1,MJS,1,T,T-NST110719016,4,3,0.7697445951367492,0.9636219822538062
NST110719016,NST,MJS_1,MJS,1,T,T-NST110719016,4,4,0.890574643910729,0.9636219822538062
NST110719017,NST,CJF_1,CJF,1,T,T-NST110719017,3,1,0.4844538066851859,0.8260038927106778
NST110719017,NST,CJF_1,CJF,1,T,T-NST110719017,3,2,0.5895596490181019,0.8260038927106778
NST110719017,NST,CJF_1,CJF,1,T,T-NST110719017,3,3,0.7265051038018441,0.8260038927106778
NST110719017,NST,JRS_1,JRS,1,T,T-NST110719017,3,1,0.5042921043370984,0.8069113017713646
NST110719017,NST,JRS_1,JRS,1,T,T-NST110719017,3,2,0.6276611604905887,0.8069113017713646
NST110719017,NST,JRS_1,JRS,1,T,T-NST110719017,3,3,0.7305575071914839,0.8069113017713646
NST110719017,NST,LEL_1,LEL,1,T,T-NST110719017,3,1,0.4574739316066185,0.764826419893331
NST110719017,NST,LEL_1,LEL,1,T,T-NST110719017,3,2,0.5877242539804706,0.764826419893331
NST110719017,NST,LEL_1,LEL,1,T,T-NST110719017,3,3,0.703955098472789,0.764826419893331
NST110719017,NST,LSR_1,LSR,1,T,T-NST110719017,3,1,0.509347018054986,0.8189291815079374
NST110719017,NST,LSR_1,LSR,1,T,T-NST110719017,3,2,0.6345226447706455,0.8189291815079374
NST110719017,NST,LSR_1,LSR,1,T,T-NST110719017,3,3,0.746949800434966,0.8189291815079374
NST110719017,NST,MJS_1,MJS,1,T,T-NST110719017,3,1,0.5158867985350688,0.8230741378139101
NST110719017,NST,MJS_1,MJS,1,T,T-NST110719017,3,2,0.6445167105710543,0.8230741378139101
NST110719017,NST,MJS_1,MJS,1,T,T-NST110719017,3,3,0.7328053409901996,0.8230741378139101
NST110719018,NST,CJF_1,CJF,1,T,T-NST110719018,2,1,0.4852936172884336,0.748347258488707
NST110719018,NST,CJF_1,CJF,1,T,T-NST110719018,2,2,0.650695964658146,0.748347258488707
NST110719018,NST,JRS_1,JRS,1,T,T-NST110719018,2,1,0.5054719196410028,0.7737227667493561
NST110719018,NST,JRS_1,JRS,1,T,T-NST110719018,2,2,0.650866869239764,0.7737227667493561
NST110719018,NST,LEL_1,LEL,1,T,T-NST110719018,2,1,0.4773240915902862,0.7841741525589597
NST110719018,NST,LEL_1,LEL,1,T,T-NST110719018,2,2,0.6600374858631411,0.7841741525589597
NST110719018,NST,LSR_1,LSR,1,T,T-NST110719018,2,1,0.5488491651278338,0.8434643741976079
NST110719018,NST,LSR_1,LSR,1,T,T-NST110719018,2,2,0.7339351853835376,0.8434643741976079
NST110719018,NST,MJS_1,MJS,1,T,T-NST110719018,2,1,0.4889122223612205,0.7775387676163372
NST110719018,NST,MJS_1,MJS,1,T,T-NST110719018,2,2,0.6615917474818835,0.7775387676163372
NST110719019,NST,CJF_1,CJF,1,T,T-NST110719019,1,1,0.3985338717979659,0.5999919127240463
NST110719019,NST,JRS_1,JRS,1,T,T-NST110719019,1,1,0.42182333971719477,0.5898801235544735
NST110719019,NST,LEL_1,LEL,1,T,T-NST110719019,1,1,0.5442869221693677,0.7798837220776695
NST110719019,NST,LSR_1,LSR,1,T,T-NST110719019,1,1,0.5708322545409062,0.7787418501347638
NST110719019,NST,MJS_1,MJS,1,T,T-NST110719019,1,1,0.4315571080933684,0.6106913664893758
NST110719020,NST,CJF_1,CJF,1,T,T-NST110719020,2,1,0.47265469981854547,0.8144806182614868
NST110719020,NST,CJF_1,CJF,1,T,T-NST110719020,2,2,0.6649029336276883,0.8144806182614868
NST110719020,NST,JRS_1,JRS,1,T,T-NST110719020,2,1,0.4684489071132016,0.7680242631415775
NST110719020,NST,JRS_1,JRS,1,T,T-NST110719020,2,2,0.6565091040008092,0.7680242631415775
NST110719020,NST,LEL_1,LEL,1,T,T-NST110719020,2,1,0.46687667578971365,0.8296800139916706
NST110719020,NST,LEL_1,LEL,1,T,T-NST110719020,2,2,0.7038685737344657,0.8296800139916706
NST110719020,NST,LSR_1,LSR,1,T,T-NST110719020,3,1,0.4016635772564516,0.770480605265053
NST110719020,NST,LSR_1,LSR,1,T,T-NST110719020,3,2,0.5778604539487903,0.770480605265053
NST110719020,NST,LSR_1,LSR,1,T,T-NST110719020,3,3,0.7243075180386963,0.770480605265053
NST110719020,NST,MJS_1,MJS,1,T,T-NST110719020,2,1,0.29458417235271045,0.6521723310532338
NST110719020,NST,MJS_1,MJS,1,T,T-NST110719020,2,2,0.5148135479404696,0.6521723310532338
NST110719021,NST,CJF_1,CJF,1,T,T-NST110719021,2,1,0.50257559724481,0.8443994664893968
NST110719021,NST,CJF_1,CJF,1,T,T-NST110719021,2,2,0.701356517025813,0.8443994664893968
NST110719021,NST,JRS_1,JRS,1,T,T-NST110719021,2,1,0.3788505198077142,0.7087059844410841
NST110719021,NST,JRS_1,JRS,1,T,T-NST110719021,2,2,0.570408625190493,0.7087059844410841
NST110719021,NST,LEL_1,LEL,1,T,T-NST110719021,2,1,0.3995087483071452,0.7624224817517339
NST110719021,NST,LEL_1,LEL,1,T,T-NST110719021,2,2,0.6258210843101611,0.7624224817517339
NST110719021,NST,LSR_1,LSR,1,T,T-NST110719021,2,1,0.5846998263421873,0.9283339972486284
NST110719021,NST,LSR_1,LSR,1,T,T-NST110719021,2,2,0.7783547171123862,0.9283339972486284
NST110719021,NST,MJS_1,MJS,1,T,T-NST110719021,2,1,0.4348799029764841,0.7918028348904893
NST110719021,NST,MJS_1,MJS,1,T,T-NST110719021,2,2,0.6555594051688378,0.7918028348904893
NST110719022,NST,CJF_1,CJF,1,T,T-NST110719022,2,1,0.5175879399175439,0.8774443737544326
NST110719022,NST,CJF_1,CJF,1,T,T-NST110719022,2,2,0.7307060691371003,0.8774443737544326
NST110719022,NST,JRS_1,JRS,1,T,T-NST110719022,2,1,0.5280815910749668,0.889948499775545
NST110719022,NST,JRS_1,JRS,1,T,T-NST110719022,2,2,0.7505387736011998,0.889948499775545
NST110719022,NST,LEL_1,LEL,1,T,T-NST110719022,2,1,0.5038840224521066,0.8569908181062948
NST110719022,NST,LEL_1,LEL,1,T,T-NST110719022,2,2,0.72945505649462,0.8569908181062948
NST110719022,NST,LSR_1,LSR,1,T,T-NST110719022,3,1,0.5040461042674574,0.8567128211185148
NST110719022,NST,LSR_1,LSR,1,T,T-NST110719022,3,2,0.7179028413215262,0.8567128211185148
NST110719022,NST,LSR_1,LSR,1,T,T-NST110719022,3,3,0.8190367450828339,0.8567128211185148
NST110719022,NST,MJS_1,MJS,1,T,T-NST110719022,2,1,0.5171189685928151,0.8627567596828396
NST110719022,NST,MJS_1,MJS,1,T,T-NST110719022,2,2,0.7295303706077929,0.8627567596828396
NST110719023,NST,CJF_1,CJF,1,T,T-NST110719023,2,1,0.475807965441399,0.8105446978152315
NST110719023,NST,CJF_1,CJF,1,T,T-NST110719023,2,2,0.671738901855882,0.8105446978152315
NST110719023,NST,JRS_1,JRS,1,T,T-NST110719023,2,1,0.3948045987654674,0.7062606195982508
NST110719023,NST,JRS_1,JRS,1,T,T-NST110719023,2,2,0.5888963355520749,0.7062606195982508
NST110719023,NST,LEL_1,LEL,1,T,T-NST110719023,3,1,0.3307434752978426,0.6213642793462643
NST110719023,NST,LEL_1,LEL,1,T,T-NST110719023,3,2,0.40014983365553103,0.6213642793462643
NST110719023,NST,LEL_1,LEL,1,T,T-NST110719023,3,3,0.5462088714507887,0.6213642793462643
NST110719023,NST,LSR_1,LSR,1,T,T-NST110719023,3,1,0.5346221878929723,0.8684707492060507
NST110719023,NST,LSR_1,LSR,1,T,T-NST110719023,3,2,0.7243537517517713,0.8684707492060507
NST110719023,NST,LSR_1,LSR,1,T,T-NST110719023,3,3,0.8361511600828482,0.8684707492060507
NST110719023,NST,MJS_1,MJS,1,T,T-NST110719023,2,1,0.38507788826566564,0.7095549076416057
NST110719023,NST,MJS_1,MJS,1,T,T-NST110719023,2,2,0.5764055292378062,0.7095549076416057
NST110719024,NST,CJF_1,CJF,1,T,T-NST110719024,1,1,0.4913635994796489,0.7012359279551541
NST110719024,NST,JRS_1,JRS,1,T,T-NST110719024,1,1,0.5784127880154311,0.7783888534642707
NST110719024,NST,LEL_1,LEL,1,T,T-NST110719024,1,1,0.6109719282040063,0.8423136481227969
NST110719024,NST,LSR_1,LSR,1,T,T-NST110719024,2,1,0.4724245583932607,0.6942181687466551
NST110719024,NST,LSR_1,LSR,1,T,T-NST110719024,2,2,0.6294194204629882,0.6942181687466551
NST110719024,NST,MJS_1,MJS,1,T,T-NST110719024,1,1,0.49182748668733406,0.6972080894922191
NST110719025,NST,CJF_1,CJF,1,T,T-NST110719025,1,1,0.44161759677782736,0.6001037348552444
NST110719025,NST,JRS_1,JRS,1,T,T-NST110719025,1,1,0.47490291660417056,0.6399454497700816
NST110719025,NST,LEL_1,LEL,1,T,T-NST110719025,1,1,0.4911547359264641,0.6609391770570816
NST110719025,NST,LSR_1,LSR,1,T,T-NST110719025,2,1,0.4191653555591081,0.5666199143985047
NST110719025,NST,LSR_1,LSR,1,T,T-NST110719025,2,2,0.554747886906087,0.5666199143985047
NST110719025,NST,MJS_1,MJS,1,T,T-NST110719025,1,1,0.4543405695599983,0.6249618876906454
NST110719026,NST,CJF_1,CJF,1,T,T-NST110719026,3,1,0.36194873806792355,0.7109019988838768
NST110719026,NST,CJF_1,CJF,1,T,T-NST110719026,3,2,0.5267978306613816,0.7109019988838768
NST110719026,NST,CJF_1,CJF,1,T,T-NST110719026,3,3,0.6268639497933022,0.7109019988838768
NST110719026,NST,JRS_1,JRS,1,T,T-NST110719026,4,1,0.34249666896519076,0.9528002835646766
NST110719026,NST,JRS_1,JRS,1,T,T-NST110719026,4,2,0.513410480054967,0.9528002835646766
NST110719026,NST,JRS_1,JRS,1,T,T-NST110719026,4,3,0.6865860728134866,0.9528002835646766
NST110719026,NST,JRS_1,JRS,1,T,T-NST110719026,4,4,0.8332893323327245,0.9528002835646766
NST110719026,NST,LEL_1,LEL,1,T,T-NST110719026,4,1,0.33683270987034364,0.9476274833822215
NST110719026,NST,LEL_1,LEL,1,T,T-NST110719026,4,2,0.5139163016202295,0.9476274833822215
NST110719026,NST,LEL_1,LEL,1,T,T-NST110719026,4,3,0.7128663891087943,0.9476274833822215
NST110719026,NST,LEL_1,LEL,1,T,T-NST110719026,4,4,0.8358788405791818,0.9476274833822215
NST110719026,NST,LSR_1,LSR,1,T,T-NST110719026,4,1,0.4913151032322996,0.9434480634154695
NST110719026,NST,LSR_1,LSR,1,T,T-NST110719026,4,2,0.6576566485019757,0.9434480634154695
NST110719026,NST,LSR_1,LSR,1,T,T-NST110719026,4,3,0.800235115875985,0.9434480634154695
NST110719026,NST,LSR_1,LSR,1,T,T-NST110719026,4,4,0.8922945964894294,0.9434480634154695
NST110719026,NST,MJS_1,MJS,1,T,T-NST110719026,3,1,0.5057140485066993,0.8822755393669208
NST110719026,NST,MJS_1,MJS,1,T,T-NST110719026,3,2,0.6649009179857811,0.8822755393669208
NST110719026,NST,MJS_1,MJS,1,T,T-NST110719026,3,3,0.8050743708465531,0.8822755393669208
NST110719027,NST,CJF_1,CJF,1,T,T-NST110719027,3,1,0.596960727858107,1.0049777504872415
NST110719027,NST,CJF_1,CJF,1,T,T-NST110719027,3,2,0.7533884724490177,1.0049777504872415
NST110719027,NST,CJF_1,CJF,1,T,T-NST110719027,3,3,0.9092524095572512,1.0049777504872415
NST110719027,NST,JRS_1,JRS,1,T,T-NST110719027,2,1,0.45490828844650105,0.7675482522821652
NST110719027,NST,JRS_1,JRS,1,T,T-NST110719027,2,2,0.572148274884875,0.7675482522821652
NST110719027,NST,LEL_1,LEL,1,T,T-NST110719027,3,1,0.5971761727469903,1.0109236289511627
NST110719027,NST,LEL_1,LEL,1,T,T-NST110719027,3,2,0.74991401676131,1.0109236289511627
NST110719027,NST,LEL_1,LEL,1,T,T-NST110719027,3,3,0.8985204848442946,1.0109236289511627
NST110719027,NST,LSR_1,LSR,1,T,T-NST110719027,4,1,0.5048974167093208,0.9796894405965285
NST110719027,NST,LSR_1,LSR,1,T,T-NST110719027,4,2,0.659136620454388,0.9796894405965285
NST110719027,NST,LSR_1,LSR,1,T,T-NST110719027,4,3,0.8075883840926135,0.9796894405965285
NST110719027,NST,LSR_1,LSR,1,T,T-NST110719027,4,4,0.8992418822581182,0.9796894405965285
NST110719027,NST,MJS_1,MJS,1,T,T-NST110719027,3,1,0.49135114134915514,0.894684304601187
NST110719027,NST,MJS_1,MJS,1,T,T-NST110719027,3,2,0.658827638967571,0.894684304601187
NST110719027,NST,MJS_1,MJS,1,T,T-NST110719027,3,3,0.7916604129815866,0.894684304601187
NST110719028,NST,CJF_1,CJF,1,T,T-NST110719028,2,1,0.4534467416907637,0.7954220494342289
NST110719028,NST,CJF_1,CJF,1,T,T-NST110719028,2,2,0.6329488307924476,0.7954220494342289
NST110719028,NST,JRS_1,JRS,1,T,T-NST110719028,2,1,0.41384367688902335,0.7380824903550854
NST110719028,NST,JRS_1,JRS,1,T,T-NST110719028,2,2,0.6131807738558913,0.7380824903550854
NST110719028,NST,LEL_1,LEL,1,T,T-NST110719028,2,1,0.5715827321609631,0.9082874259922413
NST110719028,NST,LEL_1,LEL,1,T,T-NST110719028,2,2,0.7644923480149906,0.9082874259922413
NST110719028,NST,LSR_1,LSR,1,T,T-NST110719028,2,1,0.5225711462495104,0.813846297947651
NST110719028,NST,LSR_1,LSR,1,T,T-NST110719028,2,2,0.6849751247358327,0.813846297947651
NST110719028,NST,MJS_1,MJS,1,T,T-NST110719028,2,1,0.43998676992116775,0.7554562026263757
NST110719028,NST,MJS_1,MJS,1,T,T-NST110719028,2,2,0.6108461832649551,0.7554562026263757
NST110719029,NST,CJF_1,CJF,1,T,T-NST110719029,2,1,0.486647861201114,0.7631389674814676
NST110719029,NST,CJF_1,CJF,1,T,T-NST110719029,2,2,0.6439962311325371,0.7631389674814676
NST110719029,NST,JRS_1,JRS,1,T,T-NST110719029,2,1,0.4528977616240974,0.7049941281385115
NST110719029,NST,JRS_1,JRS,1,T,T-NST110719029,2,2,0.6084445393539673,0.7049941281385115
NST110719029,NST,LEL_1,LEL,1,T,T-NST110719029,2,1,0.42660587468517563,0.680076387138087
NST110719029,NST,LEL_1,LEL,1,T,T-NST110719029,2,2,0.5710325258803711,0.680076387138087
NST110719029,NST,LSR_1,LSR,1,T,T-NST110719029,3,1,0.42113849926138874,0.6714300654826779
NST110719029,NST,LSR_1,LSR,1,T,T-NST110719029,3,2,0.5721875019391331,0.6714300654826779
NST110719029,NST,LSR_1,LSR,1,T,T-NST110719029,3,3,0.6547176582478218,0.6714300654826779
NST110719029,NST,MJS_1,MJS,1,T,T-NST110719029,2,1,0.39985404009755526,0.6620316708550837
NST110719029,NST,MJS_1,MJS,1,T,T-NST110719029,2,2,0.5604912800262302,0.6620316708550837
NST110719030,NST,CJF_1,CJF,1,T,T-NST110719030,5,1,0.4386748712526403,1.056604389563627
NST110719030,NST,CJF_1,CJF,1,T,T-NST110719030,5,2,0.6248708371201519,1.056604389563627
NST110719030,NST,CJF_1,CJF,1,T,T-NST110719030,5,3,0.763314332867181,1.056604389563627
NST110719030,NST,CJF_1,CJF,1,T,T-NST110719030,5,4,0.8607298797022138,1.056604389563627
NST110719030,NST,CJF_1,CJF,1,T,T-NST110719030,5,5,0.9825433696931607,1.056604389563627
NST110719030,NST,JRS_1,JRS,1,T,T-NST110719030,5,1,0.47434865980084623,1.0824973964500515
NST110719030,NST,JRS_1,JRS,1,T,T-NST110719030,5,2,0.669169598039782,1.0824973964500515
NST110719030,NST,JRS_1,JRS,1,T,T-NST110719030,5,3,0.8112851296341784,1.0824973964500515
NST110719030,NST,JRS_1,JRS,1,T,T-NST110719030,5,4,0.9036771465503352,1.0824973964500515
NST110719030,NST,JRS_1,JRS,1,T,T-NST110719030,5,5,1.0137913014662936,1.0824973964500515
NST110719030,NST,LEL_1,LEL,1,T,T-NST110719030,5,1,0.5193539077667262,1.1286517784277579
NST110719030,NST,LEL_1,LEL,1,T,T-NST110719030,5,2,0.7145195198927567,1.1286517784277579
NST110719030,NST,LEL_1,LEL,1,T,T-NST110719030,5,3,0.831536433548618,1.1286517784277579
NST110719030,NST,LEL_1,LEL,1,T,T-NST110719030,5,4,0.9762403287289344,1.1286517784277579
NST110719030,NST,LEL_1,LEL,1,T,T-NST110719030,5,5,1.0297721994891462,1.1286517784277579
NST110719030,NST,LSR_1,LSR,1,T,T-NST110719030,5,1,0.49007550602957717,1.0978779881287162
NST110719030,NST,LSR_1,LSR,1,T,T-NST110719030,5,2,0.6741234050696285,1.0978779881287162
NST110719030,NST,LSR_1,LSR,1,T,T-NST110719030,5,3,0.7711609841089979,1.0978779881287162
NST110719030,NST,LSR_1,LSR,1,T,T-NST110719030,5,4,0.9138300890886654,1.0978779881287162
NST110719030,NST,LSR_1,LSR,1,T,T-NST110719030,5,5,1.0238779011410069,1.0978779881287162
NST110719030,NST,MJS_1,MJS,1,T,T-NST110719030,5,1,0.39345351730206,1.013478453660982
NST110719030,NST,MJS_1,MJS,1,T,T-NST110719030,5,2,0.5770769682348051,1.013478453660982
NST110719030,NST,MJS_1,MJS,1,T,T-NST110719030,5,3,0.7169046315220986,1.013478453660982
NST110719030,NST,MJS_1,MJS,1,T,T-NST110719030,5,4,0.8219082361451319,1.013478453660982
NST110719030,NST,MJS_1,MJS,1,T,T-NST110719030,5,5,0.93561785543423,1.013478453660982
NST110719031,NST,CJF_1,CJF,1,T,T-NST110719031,4,1,0.5586058426865547,1.0760738948705504
NST110719031,NST,CJF_1,CJF,1,T,T-NST110719031,4,2,0.74326618922402,1.0760738948705504
NST110719031,NST,CJF_1,CJF,1,T,T-NST110719031,4,3,0.8901755626309752,1.0760738948705504
NST110719031,NST,CJF_1,CJF,1,T,T-NST110719031,4,4,0.9887223755474963,1.0760738948705504
NST110719031,NST,JRS_1,JRS,1,T,T-NST110719031,4,1,0.5496399720696157,1.077806752824746
NST110719031,NST,JRS_1,JRS,1,T,T-NST110719031,4,2,0.7465369451325826,1.077806752824746
NST110719031,NST,JRS_1,JRS,1,T,T-NST110719031,4,3,0.8830893254008332,1.077806752824746
NST110719031,NST,JRS_1,JRS,1,T,T-NST110719031,4,4,0.9932030478710553,1.077806752824746
NST110719031,NST,LEL_1,LEL,1,T,T-NST110719031,4,1,0.5189909719799061,1.0259656598112021
NST110719031,NST,LEL_1,LEL,1,T,T-NST110719031,4,2,0.6841297191165511,1.0259656598112021
NST110719031,NST,LEL_1,LEL,1,T,T-NST110719031,4,3,0.8453316877801909,1.0259656598112021
NST110719031,NST,LEL_1,LEL,1,T,T-NST110719031,4,4,0.9662961365273338,1.0259656598112021
NST110719031,NST,LSR_1,LSR,1,T,T-NST110719031,4,1,0.5679517980895704,1.1013013886187946
NST110719031,NST,LSR_1,LSR,1,T,T-NST110719031,4,2,0.7418903052037182,1.1013013886187946
NST110719031,NST,LSR_1,LSR,1,T,T-NST110719031,4,3,0.8854473503497279,1.1013013886187946
NST110719031,NST,LSR_1,LSR,1,T,T-NST110719031,4,4,1.0101387574164342,1.1013013886187946
NST110719031,NST,MJS_1,MJS,1,T,T-NST110719031,4,1,0.5161770149750983,1.0164247525988488
NST110719031,NST,MJS_1,MJS,1,T,T-NST110719031,4,2,0.7070385197594442,1.0164247525988488
NST110719031,NST,MJS_1,MJS,1,T,T-NST110719031,4,3,0.8368102580093968,1.0164247525988488
NST110719031,NST,MJS_1,MJS,1,T,T-NST110719031,4,4,0.9265037444148259,1.0164247525988488
NST110719032,NST,CJF_1,CJF,1,T,T-NST110719032,4,1,0.5703028388763662,1.0822839674237927
NST110719032,NST,CJF_1,CJF,1,T,T-NST110719032,4,2,0.7513351461099882,1.0822839674237927
NST110719032,NST,CJF_1,CJF,1,T,T-NST110719032,4,3,0.8763330286034383,1.0822839674237927
NST110719032,NST,CJF_1,CJF,1,T,T-NST110719032,4,4,0.988535555553705,1.0822839674237927
NST110719032,NST,JRS_1,JRS,1,T,T-NST110719032,4,1,0.5179177408405709,1.0254086033401335
NST110719032,NST,JRS_1,JRS,1,T,T-NST110719032,4,2,0.7026818837147732,1.0254086033401335
NST110719032,NST,JRS_1,JRS,1,T,T-NST110719032,4,3,0.8258977744347392,1.0254086033401335
NST110719032,NST,JRS_1,JRS,1,T,T-NST110719032,4,4,0.9197396795038175,1.0254086033401335
NST110719032,NST,LEL_1,LEL,1,T,T-NST110719032,4,1,0.6023585252835099,1.1411008707489176
NST110719032,NST,LEL_1,LEL,1,T,T-NST110719032,4,2,0.8010303068025235,1.1411008707489176
NST110719032,NST,LEL_1,LEL,1,T,T-NST110719032,4,3,0.9046416952594653,1.1411008707489176
NST110719032,NST,LEL_1,LEL,1,T,T-NST110719032,4,4,1.038641334988829,1.1411008707489176
NST110719032,NST,LSR_1,LSR,1,T,T-NST110719032,4,1,0.6754092553528734,1.2006070840973775
NST110719032,NST,LSR_1,LSR,1,T,T-NST110719032,4,2,0.8459677924020358,1.2006070840973775
NST110719032,NST,LSR_1,LSR,1,T,T-NST110719032,4,3,0.9804245598289746,1.2006070840973775
NST110719032,NST,LSR_1,LSR,1,T,T-NST110719032,4,4,1.1042293916959995,1.2006070840973775
NST110719032,NST,MJS_1,MJS,1,T,T-NST110719032,4,1,0.5303353363661363,1.0312515446847765
NST110719032,NST,MJS_1,MJS,1,T,T-NST110719032,4,2,0.7095434753547845,1.0312515446847765
NST110719032,NST,MJS_1,MJS,1,T,T-NST110719032,4,3,0.8244315265265323,1.0312515446847765
NST110719032,NST,MJS_1,MJS,1,T,T-NST110719032,4,4,0.936854007416514,1.0312515446847765
NST110719033,NST,CJF_1,CJF,1,T,T-NST110719033,3,1,0.4112044867584725,0.8083683265617306
NST110719033,NST,CJF_1,CJF,1,T,T-NST110719033,3,2,0.5754512965601393,0.8083683265617306
NST110719033,NST,CJF_1,CJF,1,T,T-NST110719033,3,3,0.7136085714010652,0.8083683265617306
NST110719033,NST,JRS_1,JRS,1,T,T-NST110719033,3,1,0.4059975640039329,0.7548497242759918
NST110719033,NST,JRS_1,JRS,1,T,T-NST110719033,3,2,0.532852895011955,0.7548497242759918
NST110719033,NST,JRS_1,JRS,1,T,T-NST110719033,3,3,0.6533827465490797,0.7548497242759918
NST110719033,NST,LEL_1,LEL,1,T,T-NST110719033,3,1,0.37206509813652106,0.7347416411690646
NST110719033,NST,LEL_1,LEL,1,T,T-NST110719033,3,2,0.5040169146254754,0.7347416411690646
NST110719033,NST,LEL_1,LEL,1,T,T-NST110719033,3,3,0.643583004378653,0.7347416411690646
NST110719033,NST,LSR_1,LSR,1,T,T-NST110719033,3,1,0.4409029582811104,0.8209582979767864
NST110719033,NST,LSR_1,LSR,1,T,T-NST110719033,3,2,0.5641561357172281,0.8209582979767864
NST110719033,NST,LSR_1,LSR,1,T,T-NST110719033,3,3,0.6849115831151903,0.8209582979767864
NST110719033,NST,MJS_1,MJS,1,T,T-NST110719033,2,1,0.4952885683694405,0.7125221972652526
NST110719033,NST,MJS_1,MJS,1,T,T-NST110719033,2,2,0.6094999959885968,0.7125221972652526
NST110719034,NST,CJF_1,CJF,1,T,T-NST110719034,4,1,0.5464587160832095,1.1812855146804493
NST110719034,NST,CJF_1,CJF,1,T,T-NST110719034,4,2,0.8032128139827078,1.1812855146804493
NST110719034,NST,CJF_1,CJF,1,T,T-NST110719034,4,3,0.9304981795947632,1.1812855146804493
NST110719034,NST,CJF_1,CJF,1,T,T-NST110719034,4,4,1.055833513416371,1.1812855146804493
NST110719034,NST,JRS_1,JRS,1,T,T-NST110719034,3,1,0.6847716643102831,1.0847734689182638
NST110719034,NST,JRS_1,JRS,1,T,T-NST110719034,3,2,0.8267305003111929,1.0847734689182638
NST110719034,NST,JRS_1,JRS,1,T,T-NST110719034,3,3,0.9598437683430605,1.0847734689182638
NST110719034,NST,LEL_1,LEL,1,T,T-NST110719034,3,1,0.819095668626807,1.2082392010495893
NST110719034,NST,LEL_1,LEL,1,T,T-NST110719034,3,2,0.9379198568940077,1.2082392010495893
NST110719034,NST,LEL_1,LEL,1,T,T-NST110719034,3,3,1.0612237252469283,1.2082392010495893
NST110719034,NST,LSR_1,LSR,1,T,T-NST110719034,4,1,0.6243910655172776,1.220705476310793
NST110719034,NST,LSR_1,LSR,1,T,T-NST110719034,4,2,0.84658671269665,1.220705476310793
NST110719034,NST,LSR_1,LSR,1,T,T-NST110719034,4,3,0.9441989328846943,1.220705476310793
NST110719034,NST,LSR_1,LSR,1,T,T-NST110719034,4,4,1.097861115135378,1.220705476310793
NST110719034,NST,MJS_1,MJS,1,T,T-NST110719034,4,1,0.5207212404799404,1.1153751467366493
NST110719034,NST,MJS_1,MJS,1,T,T-NST110719034,4,2,0.7590392512930917,1.1153751467366493
NST110719034,NST,MJS_1,MJS,1,T,T-NST110719034,4,3,0.8731547171753411,1.1153751467366493
NST110719034,NST,MJS_1,MJS,1,T,T-NST110719034,4,4,0.9893869085207994,1.1153751467366493
NST110719035,NST,CJF_1,CJF,1,T,T-NST110719035,3,1,0.4783999431834157,0.8320932052145591
NST110719035,NST,CJF_1,CJF,1,T,T-NST110719035,3,2,0.6130033152998288,0.8320932052145591
NST110719035,NST,CJF_1,CJF,1,T,T-NST110719035,3,3,0.7536030451312261,0.8320932052145591
NST110719035,NST,JRS_1,JRS,1,T,T-NST110719035,3,1,0.48847871463822923,0.8491572916931063
NST110719035,NST,JRS_1,JRS,1,T,T-NST110719035,3,2,0.6656167816431569,0.8491572916931063
NST110719035,NST,JRS_1,JRS,1,T,T-NST110719035,3,3,0.7796076163031482,0.8491572916931063
NST110719035,NST,LEL_1,LEL,1,T,T-NST110719035,3,1,0.575461436102424,0.9745412169519712
NST110719035,NST,LEL_1,LEL,1,T,T-NST110719035,3,2,0.7498130428243894,0.9745412169519712
NST110719035,NST,LEL_1,LEL,1,T,T-NST110719035,3,3,0.8805156837535366,0.9745412169519712
NST110719035,NST,LSR_1,LSR,1,T,T-NST110719035,3,1,0.5871493392283696,0.9334066549461377
NST110719035,NST,LSR_1,LSR,1,T,T-NST110719035,3,2,0.728277242858458,0.9334066549461377
NST110719035,NST,LSR_1,LSR,1,T,T-NST110719035,3,3,0.8633129352803597,0.9334066549461377
NST110719035,NST,MJS_1,MJS,1,T,T-NST110719035,3,1,0.46089625257535566,0.8028591512014033
NST110719035,NST,MJS_1,MJS,1,T,T-NST110719035,3,2,0.6206442253003909,0.8028591512014033
NST110719035,NST,MJS_1,MJS,1,T,T-NST110719035,3,3,0.7307136590114741,0.8028591512014033
NST110719036,NST,CJF_1,CJF,1,T,T-NST110719036,4,1,0.4663036736846722,1.0179435867998141
NST110719036,NST,CJF_1,CJF,1,T,T-NST110719036,4,2,0.6504441432066776,1.0179435867998141
NST110719036,NST,CJF_1,CJF,1,T,T-NST110719036,4,3,0.7814108736435953,1.0179435867998141
NST110719036,NST,CJF_1,CJF,1,T,T-NST110719036,4,4,0.9064251042008538,1.0179435867998141
NST110719036,NST,JRS_1,JRS,1,T,T-NST110719036,4,1,0.36438200675818905,0.9126713331742842
NST110719036,NST,JRS_1,JRS,1,T,T-NST110719036,4,2,0.5517219589737167,0.9126713331742842
NST110719036,NST,JRS_1,JRS,1,T,T-NST110719036,4,3,0.6866215576884294,0.9126713331742842
NST110719036,NST,JRS_1,JRS,1,T,T-NST110719036,4,4,0.8148745916142766,0.9126713331742842
NST110719036,NST,LEL_1,LEL,1,T,T-NST110719036,4,1,0.5373036797063186,1.1058680855396243
NST110719036,NST,LEL_1,LEL,1,T,T-NST110719036,4,2,0.7398718314227835,1.1058680855396243
NST110719036,NST,LEL_1,LEL,1,T,T-NST110719036,4,3,0.8816032021961691,1.1058680855396243
NST110719036,NST,LEL_1,LEL,1,T,T-NST110719036,4,4,0.9877975586191126,1.1058680855396243
NST110719036,NST,LSR_1,LSR,1,T,T-NST110719036,4,1,0.5286409999902303,1.0612957949402297
NST110719036,NST,LSR_1,LSR,1,T,T-NST110719036,4,2,0.7117830011696232,1.0612957949402297
NST110719036,NST,LSR_1,LSR,1,T,T-NST110719036,4,3,0.8767822457343832,1.0612957949402297
NST110719036,NST,LSR_1,LSR,1,T,T-NST110719036,4,4,0.9814636318710626,1.0612957949402297
NST110719036,NST,MJS_1,MJS,1,T,T-NST110719036,4,1,0.4402641412761005,0.9552569479801827
NST110719036,NST,MJS_1,MJS,1,T,T-NST110719036,4,2,0.6138202863044824,0.9552569479801827
NST110719036,NST,MJS_1,MJS,1,T,T-NST110719036,4,3,0.7576245952264882,0.9552569479801827
NST110719036,NST,MJS_1,MJS,1,T,T-NST110719036,4,4,0.8649429109513792,0.9552569479801827
NST110719037,NST,CJF_1,CJF,1,T,T-NST110719037,2,1,0.3643522280120775,0.7085321595243239
NST110719037,NST,CJF_1,CJF,1,T,T-NST110719037,2,2,0.5749847481502712,0.7085321595243239
NST110719037,NST,JRS_1,JRS,1,T,T-NST110719037,2,1,0.3544248477556073,0.6694691568717023
NST110719037,NST,JRS_1,JRS,1,T,T-NST110719037,2,2,0.5384760325742393,0.6694691568717023
NST110719037,NST,LEL_1,LEL,1,T,T-NST110719037,2,1,0.4296743039422133,0.6519716285312491
NST110719037,NST,LEL_1,LEL,1,T,T-NST110719037,2,2,0.5514022638773237,0.6519716285312491
NST110719037,NST,LSR_1,LSR,1,T,T-NST110719037,2,1,0.439443927563443,0.7385630874946546
NST110719037,NST,LSR_1,LSR,1,T,T-NST110719037,2,2,0.5927883275639358,0.7385630874946546
NST110719037,NST,MJS_1,MJS,1,T,T-NST110719037,2,1,0.3340382501603614,0.6322571875658943
NST110719037,NST,MJS_1,MJS,1,T,T-NST110719037,2,2,0.5109346488117843,0.6322571875658943
NST110719038,NST,CJF_1,CJF,1,T,T-NST110719038,2,1,0.3896672407073956,0.7325367203056459
NST110719038,NST,CJF_1,CJF,1,T,T-NST110719038,2,2,0.6040147410799339,0.7325367203056459
NST110719038,NST,JRS_1,JRS,1,T,T-NST110719038,2,1,0.42116564735173867,0.7030607313567988
NST110719038,NST,JRS_1,JRS,1,T,T-NST110719038,2,2,0.5842069641414804,0.7030607313567988
NST110719038,NST,LEL_1,LEL,1,T,T-NST110719038,2,1,0.5265584127004307,0.9058558689098981
NST110719038,NST,LEL_1,LEL,1,T,T-NST110719038,2,2,0.7449261543805263,0.9058558689098981
NST110719038,NST,LSR_1,LSR,1,T,T-NST110719038,2,1,0.48444757408850214,0.7661160023885998
NST110719038,NST,LSR_1,LSR,1,T,T-NST110719038,2,2,0.6502422047952259,0.7661160023885998
NST110719038,NST,MJS_1,MJS,1,T,T-NST110719038,2,1,0.43825347207055493,0.7740994375520971
NST110719038,NST,MJS_1,MJS,1,T,T-NST110719038,2,2,0.6571082861343291,0.7740994375520971
NST110719039,NST,CJF_1,CJF,1,T,T-NST110719039,4,1,0.4697919764467018,0.9185993014845932
NST110719039,NST,CJF_1,CJF,1,T,T-NST110719039,4,2,0.6311590289467095,0.9185993014845932
NST110719039,NST,CJF_1,CJF,1,T,T-NST110719039,4,3,0.7524074181051409,0.9185993014845932
NST110719039,NST,CJF_1,CJF,1,T,T-NST110719039,4,4,0.836709567514728,0.9185993014845932
NST110719039,NST,JRS_1,JRS,1,T,T-NST110719039,4,1,0.453508801272584,0.8961297672324015
NST110719039,NST,JRS_1,JRS,1,T,T-NST110719039,4,2,0.6158821033019872,0.8961297672324015
NST110719039,NST,JRS_1,JRS,1,T,T-NST110719039,4,3,0.7266556541843066,0.8961297672324015
NST110719039,NST,JRS_1,JRS,1,T,T-NST110719039,4,4,0.8237008205986998,0.8961297672324015
NST110719039,NST,LEL_1,LEL,1,T,T-NST110719039,4,1,0.5336006832414243,1.018930980243878
NST110719039,NST,LEL_1,LEL,1,T,T-NST110719039,4,2,0.7113726328399698,1.018930980243878
NST110719039,NST,LEL_1,LEL,1,T,T-NST110719039,4,3,0.8279925600031157,1.018930980243878
NST110719039,NST,LEL_1,LEL,1,T,T-NST110719039,4,4,0.9360662922573048,1.018930980243878
NST110719039,NST,LSR_1,LSR,1,T,T-NST110719039,4,1,0.5064207930547469,0.915357135073557
NST110719039,NST,LSR_1,LSR,1,T,T-NST110719039,4,2,0.6346898075757177,0.915357135073557
NST110719039,NST,LSR_1,LSR,1,T,T-NST110719039,4,3,0.7589031048560055,0.915357135073557
NST110719039,NST,LSR_1,LSR,1,T,T-NST110719039,4,4,0.8439076130538872,0.915357135073557
NST110719039,NST,MJS_1,MJS,1,T,T-NST110719039,4,1,0.48931827984224036,0.9238108533265793
NST110719039,NST,MJS_1,MJS,1,T,T-NST110719039,4,2,0.6401953576861685,0.9238108533265793
NST110719039,NST,MJS_1,MJS,1,T,T-NST110719039,4,3,0.7714918261165609,0.9238108533265793
NST110719039,NST,MJS_1,MJS,1,T,T-NST110719039,4,4,0.8551723350195025,0.9238108533265793
NST110719040,NST,CJF_1,CJF,1,T,T-NST110719040,2,1,0.4903417325061928,0.7922676441131553
NST110719040,NST,CJF_1,CJF,1,T,T-NST110719040,2,2,0.6589064948404548,0.7922676441131553
NST110719040,NST,JRS_1,JRS,1,T,T-NST110719040,2,1,0.4601390175043142,0.7603162709863706
NST110719040,NST,JRS_1,JRS,1,T,T-NST110719040,2,2,0.6344773893159736,0.7603162709863706
NST110719040,NST,LEL_1,LEL,1,T,T-NST110719040,2,1,0.5207920679933177,0.8292752359438935
NST110719040,NST,LEL_1,LEL,1,T,T-NST110719040,2,2,0.7028503799243981,0.8292752359438935
NST110719040,NST,LSR_1,LSR,1,T,T-NST110719040,2,1,0.5420795358681848,0.8043617706483595
NST110719040,NST,LSR_1,LSR,1,T,T-NST110719040,2,2,0.6874176062367731,0.8043617706483595
NST110719040,NST,MJS_1,MJS,1,T,T-NST110719040,2,1,0.4422510077962486,0.7288272593479562
NST110719040,NST,MJS_1,MJS,1,T,T-NST110719040,2,2,0.6231566645647818,0.7288272593479562
NST110719041,NST,CJF_1,CJF,1,T,T-NST110719041,2,1,0.4769079436069975,0.7792979769833197
NST110719041,NST,CJF_1,CJF,1,T,T-NST110719041,2,2,0.643256429042775,0.7792979769833197
NST110719041,NST,JRS_1,JRS,1,T,T-NST110719041,2,1,0.43540812050793265,0.7219294356937411
NST110719041,NST,JRS_1,JRS,1,T,T-NST110719041,2,2,0.59051410135132,0.7219294356937411
NST110719041,NST,LEL_1,LEL,1,T,T-NST110719041,2,1,0.47337998509235235,0.7648239054681248
NST110719041,NST,LEL_1,LEL,1,T,T-NST110719041,2,2,0.6057715732949647,0.7648239054681248
NST110719041,NST,LSR_1,LSR,1,T,T-NST110719041,2,1,0.43690970009672386,0.7392021057102178
NST110719041,NST,LSR_1,LSR,1,T,T-NST110719041,2,2,0.6093701967819426,0.7392021057102178
NST110719041,NST,MJS_1,MJS,1,T,T-NST110719041,2,1,0.47870891049220593,0.7633632692979893
NST110719041,NST,MJS_1,MJS,1,T,T-NST110719041,2,2,0.6514307973810622,0.7633632692979893
NST110719042,NST,CJF_1,CJF,1,T,T-NST110719042,2,1,0.41168892165255644,0.76803352726996
NST110719042,NST,CJF_1,CJF,1,T,T-NST110719042,2,2,0.6033308389786831,0.76803352726996
NST110719042,NST,JRS_1,JRS,1,T,T-NST110719042,2,1,0.4109042640447563,0.7220341453209985
NST110719042,NST,JRS_1,JRS,1,T,T-NST110719042,2,2,0.5912123567414919,0.7220341453209985
NST110719042,NST,LEL_1,LEL,1,T,T-NST110719042,2,1,0.4010356728959155,0.746466918690341
NST110719042,NST,LEL_1,LEL,1,T,T-NST110719042,2,2,0.6045514619432031,0.746466918690341
NST110719042,NST,LSR_1,LSR,1,T,T-NST110719042,2,1,0.29561066195981,0.4816369013124576
NST110719042,NST,LSR_1,LSR,1,T,T-NST110719042,2,2,0.39358226938740937,0.4816369013124576
NST110719042,NST,MJS_1,MJS,1,T,T-NST110719042,2,1,0.4227398633318368,0.7489223044140054
NST110719042,NST,MJS_1,MJS,1,T,T-NST110719042,2,2,0.6031080445239524,0.7489223044140054
NST110719043,NST,CJF_1,CJF,1,T,T-NST110719043,5,1,0.5894786967628843,1.3197785886394766
NST110719043,NST,CJF_1,CJF,1,T,T-NST110719043,5,2,0.8109562204872229,1.3197785886394766
NST110719043,NST,CJF_1,CJF,1,T,T-NST110719043,5,3,0.9482029311072534,1.3197785886394766
NST110719043,NST,CJF_1,CJF,1,T,T-NST110719043,5,4,1.0916298183550392,1.3197785886394766
NST110719043,NST,CJF_1,CJF,1,T,T-NST110719043,5,5,1.2248109745490483,1.3197785886394766
NST110719043,NST,JRS_1,JRS,1,T,T-NST110719043,6,1,0.4771709540693539,1.4187555902726385
NST110719043,NST,JRS_1,JRS,1,T,T-NST110719043,6,2,0.702706700965323,1.4187555902726385
NST110719043,NST,JRS_1,JRS,1,T,T-NST110719043,6,3,0.9005832104996893,1.4187555902726385
NST110719043,NST,JRS_1,JRS,1,T,T-NST110719043,6,4,1.049686947887892,1.4187555902726385
NST110719043,NST,JRS_1,JRS,1,T,T-NST110719043,6,5,1.182663075984389,1.4187555902726385
NST110719043,NST,JRS_1,JRS,1,T,T-NST110719043,6,6,1.320820101709265,1.4187555902726385
NST110719043,NST,LEL_1,LEL,1,T,T-NST110719043,5,1,0.6009297666740341,1.3459854585307782
NST110719043,NST,LEL_1,LEL,1,T,T-NST110719043,5,2,0.8371699005912047,1.3459854585307782
NST110719043,NST,LEL_1,LEL,1,T,T-NST110719043,5,3,0.9573761078466484,1.3459854585307782
NST110719043,NST,LEL_1,LEL,1,T,T-NST110719043,5,4,1.083567308064068,1.3459854585307782
NST110719043,NST,LEL_1,LEL,1,T,T-NST110719043,5,5,1.2277337410880527,1.3459854585307782
NST110719043,NST,LSR_1,LSR,1,T,T-NST110719043,5,1,0.6648292508179742,1.3721468767698826
NST110719043,NST,LSR_1,LSR,1,T,T-NST110719043,5,2,0.872810935534201,1.3721468767698826
NST110719043,NST,LSR_1,LSR,1,T,T-NST110719043,5,3,1.0036797508103774,1.3721468767698826
NST110719043,NST,LSR_1,LSR,1,T,T-NST110719043,5,4,1.1370916200693166,1.3721468767698826
NST110719043,NST,LSR_1,LSR,1,T,T-NST110719043,5,5,1.2788368079151353,1.3721468767698826
NST110719043,NST,MJS_1,MJS,1,T,T-NST110719043,5,1,0.6381381334172065,1.3488042799841364
NST110719043,NST,MJS_1,MJS,1,T,T-NST110719043,5,2,0.8353467560466215,1.3488042799841364
NST110719043,NST,MJS_1,MJS,1,T,T-NST110719043,5,3,0.9742780471912983,1.3488042799841364
NST110719043,NST,MJS_1,MJS,1,T,T-NST110719043,5,4,1.1132698888801955,1.3488042799841364
NST110719043,NST,MJS_1,MJS,1,T,T-NST110719043,5,5,1.2481079314976546,1.3488042799841364
NST110719044,NST,CJF_1,CJF,1,T,T-NST110719044,2,1,0.5203360692490012,0.8259119655390541
NST110719044,NST,CJF_1,CJF,1,T,T-NST110719044,2,2,0.6915515531476863,0.8259119655390541
NST110719044,NST,JRS_1,JRS,1,T,T-NST110719044,2,1,0.48046503089489906,0.7959128591078193
NST110719044,NST,JRS_1,JRS,1,T,T-NST110719044,2,2,0.6768451207611724,0.7959128591078193
NST110719044,NST,LEL_1,LEL,1,T,T-NST110719044,2,1,0.4736897052254524,0.8034133055162465
NST110719044,NST,LEL_1,LEL,1,T,T-NST110719044,2,2,0.666768843522188,0.8034133055162465
NST110719044,NST,LSR_1,LSR,1,T,T-NST110719044,2,1,0.5846248724049001,0.8622397707038869
NST110719044,NST,LSR_1,LSR,1,T,T-NST110719044,2,2,0.7151075153206834,0.8622397707038869
NST110719044,NST,MJS_1,MJS,1,T,T-NST110719044,2,1,0.5135372961863995,0.826412469558175
NST110719044,NST,MJS_1,MJS,1,T,T-NST110719044,2,2,0.7023706798088283,0.826412469558175
NST110719045,NST,CJF_1,CJF,1,T,T-NST110719045,2,1,0.4162913356163794,0.7461825827086049
NST110719045,NST,CJF_1,CJF,1,T,T-NST110719045,2,2,0.6196492637479873,0.7461825827086049
NST110719045,NST,JRS_1,JRS,1,T,T-NST110719045,2,1,0.38244648286558824,0.6979274820732903
NST110719045,NST,JRS_1,JRS,1,T,T-NST110719045,2,2,0.5790905607319958,0.6979274820732903
NST110719045,NST,LEL_1,LEL,1,T,T-NST110719045,1,1,0.4234833316314812,0.7080509576900966
NST110719045,NST,LSR_1,LSR,1,T,T-NST110719045,2,1,0.5358403732568965,0.8741997726549859
NST110719045,NST,LSR_1,LSR,1,T,T-NST110719045,2,2,0.7438558317681744,0.8741997726549859
NST110719045,NST,MJS_1,MJS,1,T,T-NST110719045,2,1,0.43633758266703754,0.7612470634497005
NST110719045,NST,MJS_1,MJS,1,T,T-NST110719045,2,2,0.6513278082160561,0.7612470634497005
NST110719046,NST,CJF_1,CJF,1,T,T-NST110719046,4,1,0.5319162589038141,1.061241048378951
NST110719046,NST,CJF_1,CJF,1,T,T-NST110719046,4,2,0.7211802930331799,1.061241048378951
NST110719046,NST,CJF_1,CJF,1,T,T-NST110719046,4,3,0.8354377897085591,1.061241048378951
NST110719046,NST,CJF_1,CJF,1,T,T-NST110719046,4,4,0.9702447217633727,1.061241048378951
NST110719046,NST,JRS_1,JRS,1,T,T-NST110719046,4,1,0.4486153131113199,0.9438562404025408
NST110719046,NST,JRS_1,JRS,1,T,T-NST110719046,4,2,0.6088672695354532,0.9438562404025408
NST110719046,NST,JRS_1,JRS,1,T,T-NST110719046,4,3,0.7312437785448426,0.9438562404025408
NST110719046,NST,JRS_1,JRS,1,T,T-NST110719046,4,4,0.8474345719193008,0.9438562404025408
NST110719046,NST,LEL_1,LEL,1,T,T-NST110719046,4,1,0.5411274652247359,1.039811515641033
NST110719046,NST,LEL_1,LEL,1,T,T-NST110719046,4,2,0.717309984361696,1.039811515641033
NST110719046,NST,LEL_1,LEL,1,T,T-NST110719046,4,3,0.8307611576857564,1.039811515641033
NST110719046,NST,LEL_1,LEL,1,T,T-NST110719046,4,4,0.960985541428286,1.039811515641033
NST110719046,NST,LSR_1,LSR,1,T,T-NST110719046,4,1,0.4917146210590674,1.0044765140023266
NST110719046,NST,LSR_1,LSR,1,T,T-NST110719046,4,2,0.6708713497648291,1.0044765140023266
NST110719046,NST,LSR_1,LSR,1,T,T-NST110719046,4,3,0.7890638647811236,1.0044765140023266
NST110719046,NST,LSR_1,LSR,1,T,T-NST110719046,4,4,0.9210565001747507,1.0044765140023266
NST110719046,NST,MJS_1,MJS,1,T,T-NST110719046,4,1,0.43438775965897397,0.948994957608307
NST110719046,NST,MJS_1,MJS,1,T,T-NST110719046,4,2,0.6104367205636798,0.948994957608307
NST110719046,NST,MJS_1,MJS,1,T,T-NST110719046,4,3,0.726674387436419,0.948994957608307
NST110719046,NST,MJS_1,MJS,1,T,T-NST110719046,4,4,0.8558930953691594,0.948994957608307
NST110719047,NST,CJF_1,CJF,1,T,T-NST110719047,2,1,0.5396182254131068,0.8518624889774928
NST110719047,NST,CJF_1,CJF,1,T,T-NST110719047,2,2,0.7137463624609154,0.8518624889774928
NST110719047,NST,JRS_1,JRS,1,T,T-NST110719047,2,1,0.4962277417928115,0.7979227193402888
NST110719047,NST,JRS_1,JRS,1,T,T-NST110719047,2,2,0.6731773893803024,0.7979227193402888
NST110719047,NST,LEL_1,LEL,1,T,T-NST110719047,2,1,0.48312630803188583,0.8144047105915212
NST110719047,NST,LEL_1,LEL,1,T,T-NST110719047,2,2,0.6701952439465072,0.8144047105915212
NST110719047,NST,LSR_1,LSR,1,T,T-NST110719047,2,1,0.5592304140461136,0.8812056573828987
NST110719047,NST,LSR_1,LSR,1,T,T-NST110719047,2,2,0.7617273374206044,0.8812056573828987
NST110719047,NST,MJS_1,MJS,1,T,T-NST110719047,2,1,0.5165088842181658,0.8269915229442317
NST110719047,NST,MJS_1,MJS,1,T,T-NST110719047,2,2,0.6959103134069011,0.8269915229442317
NST110719048,NST,CJF_1,CJF,1,T,T-NST110719048,4,1,0.5973635151309187,1.1580787086016497
NST110719048,NST,CJF_1,CJF,1,T,T-NST110719048,4,2,0.7868191012263102,1.1580787086016497
NST110719048,NST,CJF_1,CJF,1,T,T-NST110719048,4,3,0.922020998341915,1.1580787086016497
NST110719048,NST,CJF_1,CJF,1,T,T-NST110719048,4,4,1.0452064531014842,1.1580787086016497
NST110719048,NST,JRS_1,JRS,1,T,T-NST110719048,4,1,0.6400086071861961,1.1753495071428348
NST110719048,NST,JRS_1,JRS,1,T,T-NST110719048,4,2,0.8310763025430595,1.1753495071428348
NST110719048,NST,JRS_1,JRS,1,T,T-NST110719048,4,3,0.9546751028295931,1.1753495071428348
NST110719048,NST,JRS_1,JRS,1,T,T-NST110719048,4,4,1.0650123049862141,1.1753495071428348
NST110719048,NST,LEL_1,LEL,1,T,T-NST110719048,4,1,0.609578185037095,1.184400959135613
NST110719048,NST,LEL_1,LEL,1,T,T-NST110719048,4,2,0.8030432883398375,1.184400959135613
NST110719048,NST,LEL_1,LEL,1,T,T-NST110719048,4,3,0.9640926633570799,1.184400959135613
NST110719048,NST,LEL_1,LEL,1,T,T-NST110719048,4,4,1.0646696779268998,1.184400959135613
NST110719048,NST,LSR_1,LSR,1,T,T-NST110719048,5,1,0.7378661861895872,1.280427362499083
NST110719048,NST,LSR_1,LSR,1,T,T-NST110719048,5,2,0.8823401300046804,1.280427362499083
NST110719048,NST,LSR_1,LSR,1,T,T-NST110719048,5,3,1.0283217197085857,1.280427362499083
NST110719048,NST,LSR_1,LSR,1,T,T-NST110719048,5,4,1.1504250420308633,1.280427362499083
NST110719048,NST,LSR_1,LSR,1,T,T-NST110719048,5,5,1.2507608012158502,1.280427362499083
NST110719048,NST,MJS_1,MJS,1,T,T-NST110719048,4,1,0.6526065823751294,1.2051376139100678
NST110719048,NST,MJS_1,MJS,1,T,T-NST110719048,4,2,0.8457338006975518,1.2051376139100678
NST110719048,NST,MJS_1,MJS,1,T,T-NST110719048,4,3,0.9780170309066051,1.2051376139100678
NST110719048,NST,MJS_1,MJS,1,T,T-NST110719048,4,4,1.0935903023688904,1.2051376139100678
NST110719049,NST,CJF_1,CJF,1,T,T-NST110719049,5,1,0.5868977528404424,1.2238346042030062
NST110719049,NST,CJF_1,CJF,1,T,T-NST110719049,5,2,0.7430995807587405,1.2238346042030062
NST110719049,NST,CJF_1,CJF,1,T,T-NST110719049,5,3,0.8732842394466948,1.2238346042030062
NST110719049,NST,CJF_1,CJF,1,T,T-NST110719049,5,4,1.0215643951324709,1.2238346042030062
NST110719049,NST,CJF_1,CJF,1,T,T-NST110719049,5,5,1.1316780793912846,1.2238346042030062
NST110719049,NST,JRS_1,JRS,1,T,T-NST110719049,4,1,0.595801587746541,1.0664404058291037
NST110719049,NST,JRS_1,JRS,1,T,T-NST110719049,4,2,0.7375315979879735,1.0664404058291037
NST110719049,NST,JRS_1,JRS,1,T,T-NST110719049,4,3,0.8497556173322837,1.0664404058291037
NST110719049,NST,JRS_1,JRS,1,T,T-NST110719049,4,4,0.9619796366765939,1.0664404058291037
NST110719049,NST,LEL_1,LEL,1,T,T-NST110719049,5,1,0.5644782037563081,1.2180824250269406
NST110719049,NST,LEL_1,LEL,1,T,T-NST110719049,5,2,0.7416895263551585,1.2180824250269406
NST110719049,NST,LEL_1,LEL,1,T,T-NST110719049,5,3,0.8849005717780227,1.2180824250269406
NST110719049,NST,LEL_1,LEL,1,T,T-NST110719049,5,4,1.0325829281345367,1.2180824250269406
NST110719049,NST,LEL_1,LEL,1,T,T-NST110719049,5,5,1.1223258680777735,1.2180824250269406
NST110719049,NST,LSR_1,LSR,1,T,T-NST110719049,5,1,0.6810309314539459,1.282573821352081
NST110719049,NST,LSR_1,LSR,1,T,T-NST110719049,5,2,0.8196013865073055,1.282573821352081
NST110719049,NST,LSR_1,LSR,1,T,T-NST110719049,5,3,0.958803786295334,1.282573821352081
NST110719049,NST,LSR_1,LSR,1,T,T-NST110719049,5,4,1.0886330757181053,1.282573821352081
NST110719049,NST,LSR_1,LSR,1,T,T-NST110719049,5,5,1.177783684842815,1.282573821352081
NST110719049,NST,MJS_1,MJS,1,T,T-NST110719049,5,1,0.5560517088411544,1.1637224834821678
NST110719049,NST,MJS_1,MJS,1,T,T-NST110719049,5,2,0.7334190779265957,1.1637224834821678
NST110719049,NST,MJS_1,MJS,1,T,T-NST110719049,5,3,0.8499933692708319,1.1637224834821678
NST110719049,NST,MJS_1,MJS,1,T,T-NST110719049,5,4,1.0027001353246963,1.1637224834821678
NST110719049,NST,MJS_1,MJS,1,T,T-NST110719049,5,5,1.0947525385256098,1.1637224834821678
NST110719050,NST,CJF_1,CJF,1,T,T-NST110719050,3,1,0.5698989596250802,1.0098919978337308
NST110719050,NST,CJF_1,CJF,1,T,T-NST110719050,3,2,0.745156809234176,1.0098919978337308
NST110719050,NST,CJF_1,CJF,1,T,T-NST110719050,3,3,0.8943215865071668,1.0098919978337308
NST110719050,NST,JRS_1,JRS,1,T,T-NST110719050,3,1,0.5899132870729603,1.0541999053498499
NST110719050,NST,JRS_1,JRS,1,T,T-NST110719050,3,2,0.776851264255051,1.0541999053498499
NST110719050,NST,JRS_1,JRS,1,T,T-NST110719050,3,3,0.9277950872206182,1.0541999053498499
NST110719050,NST,LEL_1,LEL,1,T,T-NST110719050,3,1,0.5330670903259936,1.0015437790058148
NST110719050,NST,LEL_1,LEL,1,T,T-NST110719050,3,2,0.7456987311063098,1.0015437790058148
NST110719050,NST,LEL_1,LEL,1,T,T-NST110719050,3,3,0.8710232741421108,1.0015437790058148
NST110719050,NST,LSR_1,LSR,1,T,T-NST110719050,3,1,0.54872482065542,1.0088589377650272
NST110719050,NST,LSR_1,LSR,1,T,T-NST110719050,3,2,0.7343796097479711,1.0088589377650272
NST110719050,NST,LSR_1,LSR,1,T,T-NST110719050,3,3,0.88450892392745,1.0088589377650272
NST110719050,NST,MJS_1,MJS,1,T,T-NST110719050,3,1,0.5379513266583258,0.9870968914233311
NST110719050,NST,MJS_1,MJS,1,T,T-NST110719050,3,2,0.7082538038127335,0.9870968914233311
NST110719050,NST,MJS_1,MJS,1,T,T-NST110719050,3,3,0.8632071891159292,0.9870968914233311
NST110719051,NST,CJF_1,CJF,1,T,T-NST110719051,2,1,0.25614080430189123,0.5774408645546387
NST110719051,NST,CJF_1,CJF,1,T,T-NST110719051,2,2,0.4830227174945513,0.5774408645546387
NST110719051,NST,JRS_1,JRS,1,T,T-NST110719051,1,1,0.589996210598863,0.7892619932588377
NST110719051,NST,LEL_1,LEL,1,T,T-NST110719051,2,1,0.4413109418979415,0.9474296143764558
NST110719051,NST,LEL_1,LEL,1,T,T-NST110719051,2,2,0.7097905767633252,0.9474296143764558
NST110719051,NST,LSR_1,LSR,1,T,T-NST110719051,2,1,0.33899559704368354,0.8131604563522816
NST110719051,NST,LSR_1,LSR,1,T,T-NST110719051,2,2,0.6432982360018105,0.8131604563522816
NST110719051,NST,MJS_1,MJS,1,T,T-NST110719051,2,1,0.3601397474138231,0.8925002395023287
NST110719051,NST,MJS_1,MJS,1,T,T-NST110719051,2,2,0.6652322032890359,0.8925002395023287
NST110719052,NST,CJF_1,CJF,1,T,T-NST110719052,2,1,0.5135877710253213,0.8234898043081083
NST110719052,NST,CJF_1,CJF,1,T,T-NST110719052,2,2,0.6985293489262419,0.8234898043081083
NST110719052,NST,JRS_1,JRS,1,T,T-NST110719052,2,1,0.5207098075022865,0.8054975427875954
NST110719052,NST,JRS_1,JRS,1,T,T-NST110719052,2,2,0.7025793731260497,0.8054975427875954
NST110719052,NST,LEL_1,LEL,1,T,T-NST110719052,2,1,0.614373858920878,0.9251610365891134
NST110719052,NST,LEL_1,LEL,1,T,T-NST110719052,2,2,0.7814834217395233,0.9251610365891134
NST110719052,NST,LSR_1,LSR,1,T,T-NST110719052,3,1,0.2841923244270439,0.7536298016018106
NST110719052,NST,LSR_1,LSR,1,T,T-NST110719052,3,2,0.455432489148468,0.7536298016018106
NST110719052,NST,LSR_1,LSR,1,T,T-NST110719052,3,3,0.6063782240562647,0.7536298016018106
NST110719052,NST,MJS_1,MJS,1,T,T-NST110719052,2,1,0.5183881846632059,0.8170350201708387
NST110719052,NST,MJS_1,MJS,1,T,T-NST110719052,2,2,0.7009574194164389,0.8170350201708387
NST110719053,NST,CJF_1,CJF,1,T,T-NST110719053,5,1,0.5627958514512219,1.2508133599259477
NST110719053,NST,CJF_1,CJF,1,T,T-NST110719053,5,2,0.7787656113394953,1.2508133599259477
NST110719053,NST,CJF_1,CJF,1,T,T-NST110719053,5,3,0.901960182827126,1.2508133599259477
NST110719053,NST,CJF_1,CJF,1,T,T-NST110719053,5,4,1.0087060456836208,1.2508133599259477
NST110719053,NST,CJF_1,CJF,1,T,T-NST110719053,5,5,1.1371390742568248,1.2508133599259477
NST110719053,NST,JRS_1,JRS,1,T,T-NST110719053,5,1,0.6325198420600721,1.290229890977151
NST110719053,NST,JRS_1,JRS,1,T,T-NST110719053,5,2,0.7941781739729373,1.290229890977151
NST110719053,NST,JRS_1,JRS,1,T,T-NST110719053,5,3,0.9605246927655684,1.290229890977151
NST110719053,NST,JRS_1,JRS,1,T,T-NST110719053,5,4,1.0599001784218096,1.290229890977151
NST110719053,NST,JRS_1,JRS,1,T,T-NST110719053,5,5,1.1339034918778441,1.290229890977151
NST110719053,NST,LEL_1,LEL,1,T,T-NST110719053,5,1,0.4435504581368522,1.2770257946414754
NST110719053,NST,LEL_1,LEL,1,T,T-NST110719053,5,2,0.6267720780404761,1.2770257946414754
NST110719053,NST,LEL_1,LEL,1,T,T-NST110719053,5,3,0.8349411793995729,1.2770257946414754
NST110719053,NST,LEL_1,LEL,1,T,T-NST110719053,5,4,0.9436581818326867,1.2770257946414754
NST110719053,NST,LEL_1,LEL,1,T,T-NST110719053,5,5,1.0518490336457167,1.2770257946414754
NST110719053,NST,LSR_1,LSR,1,T,T-NST110719053,6,1,0.5502214866741587,1.2413953990832511
NST110719053,NST,LSR_1,LSR,1,T,T-NST110719053,6,2,0.7235743196176009,1.2413953990832511
NST110719053,NST,LSR_1,LSR,1,T,T-NST110719053,6,3,0.85980385938707,1.2413953990832511
NST110719053,NST,LSR_1,LSR,1,T,T-NST110719053,6,4,0.9658704113127072,1.2413953990832511
NST110719053,NST,LSR_1,LSR,1,T,T-NST110719053,6,5,1.0610822608096673,1.2413953990832511
NST110719053,NST,LSR_1,LSR,1,T,T-NST110719053,6,6,1.1459355023501778,1.2413953990832511
NST110719053,NST,MJS_1,MJS,1,T,T-NST110719053,5,1,0.5623562016237116,1.2179451656260671
NST110719053,NST,MJS_1,MJS,1,T,T-NST110719053,5,2,0.7701002227277446,1.2179451656260671
NST110719053,NST,MJS_1,MJS,1,T,T-NST110719053,5,3,0.8886155077480409,1.2179451656260671
NST110719053,NST,MJS_1,MJS,1,T,T-NST110719053,5,4,0.9913361363924198,1.2179451656260671
NST110719053,NST,MJS_1,MJS,1,T,T-NST110719053,5,5,1.1145676734451193,1.2179451656260671
NST110719054,NST,CJF_1,CJF,1,T,T-NST110719054,4,1,0.4770617172431086,1.006525118624068
NST110719054,NST,CJF_1,CJF,1,T,T-NST110719054,4,2,0.6516879058168769,1.006525118624068
NST110719054,NST,CJF_1,CJF,1,T,T-NST110719054,4,3,0.7963900285486163,1.006525118624068
NST110719054,NST,CJF_1,CJF,1,T,T-NST110719054,4,4,0.9116964389623763,1.006525118624068
NST110719054,NST,JRS_1,JRS,1,T,T-NST110719054,4,1,0.4788363908048831,0.9655257861121482
NST110719054,NST,JRS_1,JRS,1,T,T-NST110719054,4,2,0.6452431877337801,0.9655257861121482
NST110719054,NST,JRS_1,JRS,1,T,T-NST110719054,4,3,0.7691460352057881,0.9655257861121482
NST110719054,NST,JRS_1,JRS,1,T,T-NST110719054,4,4,0.8811528899034388,0.9655257861121482
NST110719054,NST,LEL_1,LEL,1,T,T-NST110719054,4,1,0.4590833576293464,1.012484160535967
NST110719054,NST,LEL_1,LEL,1,T,T-NST110719054,4,2,0.6511064539389726,1.012484160535967
NST110719054,NST,LEL_1,LEL,1,T,T-NST110719054,4,3,0.7755958279863655,1.012484160535967
NST110719054,NST,LEL_1,LEL,1,T,T-NST110719054,4,4,0.8865018689513614,1.012484160535967
NST110719054,NST,LSR_1,LSR,1,T,T-NST110719054,4,1,0.5380977999344951,1.050570729209253
NST110719054,NST,LSR_1,LSR,1,T,T-NST110719054,4,2,0.7203561003272761,1.050570729209253
NST110719054,NST,LSR_1,LSR,1,T,T-NST110719054,4,3,0.8495234686174635,1.050570729209253
NST110719054,NST,LSR_1,LSR,1,T,T-NST110719054,4,4,0.9568560770621,1.050570729209253
NST110719054,NST,MJS_1,MJS,1,T,T-NST110719054,4,1,0.47014078475970705,0.9776275845872884
NST110719054,NST,MJS_1,MJS,1,T,T-NST110719054,4,2,0.6584414243173138,0.9776275845872884
NST110719054,NST,MJS_1,MJS,1,T,T-NST110719054,4,3,0.759659635523135,0.9776275845872884
NST110719054,NST,MJS_1,MJS,1,T,T-NST110719054,4,4,0.890370570779043,0.9776275845872884
NST110719055,NST,CJF_1,CJF,1,T,T-NST110719055,2,1,0.5074714289388731,0.8500978043285985
NST110719055,NST,CJF_1,CJF,1,T,T-NST110719055,2,2,0.7196623310043225,0.8500978043285985
NST110719055,NST,JRS_1,JRS,1,T,T-NST110719055,2,1,0.45084752601854255,0.7904011393749835
NST110719055,NST,JRS_1,JRS,1,T,T-NST110719055,2,2,0.6478855487094879,0.7904011393749835
NST110719055,NST,LEL_1,LEL,1,T,T-NST110719055,2,1,0.5138985361087384,0.8752587007572404
NST110719055,NST,LEL_1,LEL,1,T,T-NST110719055,2,2,0.7300064723105164,0.8752587007572404
NST110719055,NST,LSR_1,LSR,1,T,T-NST110719055,2,1,0.5117882336568983,0.8529074485962306
NST110719055,NST,LSR_1,LSR,1,T,T-NST110719055,2,2,0.7008550460288747,0.8529074485962306
NST110719055,NST,MJS_1,MJS,1,T,T-NST110719055,2,1,0.43544260609000296,0.758961866616201
NST110719055,NST,MJS_1,MJS,1,T,T-NST110719055,2,2,0.6332434066688865,0.758961866616201
NST110719056,NST,CJF_1,CJF,1,T,T-NST110719056,2,1,0.4934440241095487,0.8553102484917682
NST110719056,NST,CJF_1,CJF,1,T,T-NST110719056,2,2,0.7141510952815409,0.8553102484917682
NST110719056,NST,JRS_1,JRS,1,T,T-NST110719056,2,1,0.39196840399981886,0.7598986408011474
NST110719056,NST,JRS_1,JRS,1,T,T-NST110719056,2,2,0.60820115294508,0.7598986408011474
NST110719056,NST,LEL_1,LEL,1,T,T-NST110719056,2,1,0.39099811944878904,0.7582204999765764
NST110719056,NST,LEL_1,LEL,1,T,T-NST110719056,2,2,0.5943597958975566,0.7582204999765764
NST110719056,NST,LSR_1,LSR,1,T,T-NST110719056,2,1,0.5627731565534122,0.9666103691879131
NST110719056,NST,LSR_1,LSR,1,T,T-NST110719056,2,2,0.8360746020206979,0.9666103691879131
NST110719056,NST,MJS_1,MJS,1,T,T-NST110719056,2,1,0.4791724198973905,0.8558725583523614
NST110719056,NST,MJS_1,MJS,1,T,T-NST110719056,2,2,0.7031777086526135,0.8558725583523614
NST110719057,NST,CJF_1,CJF,1,T,T-NST110719057,4,1,0.6247722712182083,1.2295676763729975
NST110719057,NST,CJF_1,CJF,1,T,T-NST110719057,4,2,0.8277111735865226,1.2295676763729975
NST110719057,NST,CJF_1,CJF,1,T,T-NST110719057,4,3,0.9844123059551498,1.2295676763729975
NST110719057,NST,CJF_1,CJF,1,T,T-NST110719057,4,4,1.1230968062459106,1.2295676763729975
NST110719057,NST,JRS_1,JRS,1,T,T-NST110719057,4,1,0.6650806935797092,1.2581835067767217
NST110719057,NST,JRS_1,JRS,1,T,T-NST110719057,4,2,0.9028277374360375,1.2581835067767217
NST110719057,NST,JRS_1,JRS,1,T,T-NST110719057,4,3,1.0337851649617238,1.2581835067767217
NST110719057,NST,JRS_1,JRS,1,T,T-NST110719057,4,4,1.1565406684217188,1.2581835067767217
NST110719057,NST,LEL_1,LEL,1,T,T-NST110719057,4,1,0.7325865266074199,1.3011702981489566
NST110719057,NST,LEL_1,LEL,1,T,T-NST110719057,4,2,0.9523475709435808,1.3011702981489566
NST110719057,NST,LEL_1,LEL,1,T,T-NST110719057,4,3,1.0640601477379044,1.3011702981489566
NST110719057,NST,LEL_1,LEL,1,T,T-NST110719057,4,4,1.1943744415533595,1.3011702981489566
NST110719057,NST,LSR_1,LSR,1,T,T-NST110719057,5,1,0.733642059235703,1.3463478547311323
NST110719057,NST,LSR_1,LSR,1,T,T-NST110719057,5,2,0.9581111469742385,1.3463478547311323
NST110719057,NST,LSR_1,LSR,1,T,T-NST110719057,5,3,1.089405246008973,1.3463478547311323
NST110719057,NST,LSR_1,LSR,1,T,T-NST110719057,5,4,1.2312905161882093,1.3463478547311323
NST110719057,NST,LSR_1,LSR,1,T,T-NST110719057,5,5,1.3249321765920898,1.3463478547311323
NST110719057,NST,MJS_1,MJS,1,T,T-NST110719057,4,1,0.6755728790463839,1.272491274947883
NST110719057,NST,MJS_1,MJS,1,T,T-NST110719057,4,2,0.9074891070446534,1.272491274947883
NST110719057,NST,MJS_1,MJS,1,T,T-NST110719057,4,3,1.054705145674085,1.272491274947883
NST110719057,NST,MJS_1,MJS,1,T,T-NST110719057,4,4,1.1635931851248593,1.272491274947883
NST110719058,NST,CJF_1,CJF,1,T,T-NST110719058,2,1,0.4863775756130313,0.8347676428573844
NST110719058,NST,CJF_1,CJF,1,T,T-NST110719058,2,2,0.7065557865426891,0.8347676428573844
NST110719058,NST,JRS_1,JRS,1,T,T-NST110719058,2,1,0.4997956430563879,0.8509512759268111
NST110719058,NST,JRS_1,JRS,1,T,T-NST110719058,2,2,0.6813642129623082,0.8509512759268111
NST110719058,NST,LEL_1,LEL,1,T,T-NST110719058,2,1,0.5285718099327813,0.8843651176485761
NST110719058,NST,LEL_1,LEL,1,T,T-NST110719058,2,2,0.7160975543944628,0.8843651176485761
NST110719058,NST,LSR_1,LSR,1,T,T-NST110719058,2,1,0.5374045654870144,0.8816794177202586
NST110719058,NST,LSR_1,LSR,1,T,T-NST110719058,2,2,0.7175087517784561,0.8816794177202586
NST110719058,NST,MJS_1,MJS,1,T,T-NST110719058,2,1,0.5304971741231176,0.8718916061994687
NST110719058,NST,MJS_1,MJS,1,T,T-NST110719058,2,2,0.7299864176920757,0.8718916061994687
NST110719059,NST,CJF_1,CJF,1,T,T-NST110719059,2,1,0.5227860261301837,0.8774174192734785
NST110719059,NST,CJF_1,CJF,1,T,T-NST110719059,2,2,0.7323156662756637,0.8774174192734785
NST110719059,NST,JRS_1,JRS,1,T,T-NST110719059,2,1,0.5125969004867464,0.8575707149710207
NST110719059,NST,JRS_1,JRS,1,T,T-NST110719059,2,2,0.7198111163933915,0.8575707149710207
NST110719059,NST,LEL_1,LEL,1,T,T-NST110719059,2,1,0.5296169179723528,0.866027527641519
NST110719059,NST,LEL_1,LEL,1,T,T-NST110719059,2,2,0.7341096671232221,0.866027527641519
NST110719059,NST,LSR_1,LSR,1,T,T-NST110719059,2,1,0.5921486954682871,0.9357844592984415
NST110719059,NST,LSR_1,LSR,1,T,T-NST110719059,2,2,0.7847633655841773,0.9357844592984415
NST110719059,NST,MJS_1,MJS,1,T,T-NST110719059,2,1,0.5925205564361447,0.9385750432524816
NST110719059,NST,MJS_1,MJS,1,T,T-NST110719059,2,2,0.8046265182848173,0.9385750432524816
NST110719060,NST,CJF_1,CJF,1,T,T-NST110719060,2,1,0.4934158188820389,0.8155907907524306
NST110719060,NST,CJF_1,CJF,1,T,T-NST110719060,2,2,0.6716127372237024,0.8155907907524306
NST110719060,NST,JRS_1,JRS,1,T,T-NST110719060,2,1,0.4647429165342799,0.775437937020587
NST110719060,NST,JRS_1,JRS,1,T,T-NST110719060,2,2,0.6568195606061691,0.775437937020587
NST110719060,NST,LEL_1,LEL,1,T,T-NST110719060,3,1,0.4715371580534878,0.9274847084875425
NST110719060,NST,LEL_1,LEL,1,T,T-NST110719060,3,2,0.6338488750776876,0.9274847084875425
NST110719060,NST,LEL_1,LEL,1,T,T-NST110719060,3,3,0.8054291930478394,0.9274847084875425
NST110719060,NST,LSR_1,LSR,1,T,T-NST110719060,3,1,0.40786071621289754,0.8482029619102653
NST110719060,NST,LSR_1,LSR,1,T,T-NST110719060,3,2,0.5483707832523932,0.8482029619102653
NST110719060,NST,LSR_1,LSR,1,T,T-NST110719060,3,3,0.7129492944507398,0.8482029619102653
NST110719060,NST,MJS_1,MJS,1,T,T-NST110719060,2,1,0.5123797281468504,0.8018931667444588
NST110719060,NST,MJS_1,MJS,1,T,T-NST110719060,2,2,0.6885349367158117,0.8018931667444588
NST110719061,NST,CJF_1,CJF,1,T,T-NST110719061,4,1,0.6593904776474454,1.204743699775963
NST110719061,NST,CJF_1,CJF,1,T,T-NST110719061,4,2,0.865984721033616,1.204743699775963
NST110719061,NST,CJF_1,CJF,1,T,T-NST110719061,4,3,0.9823063573942192,1.204743699775963
NST110719061,NST,CJF_1,CJF,1,T,T-NST110719061,4,4,1.1225142396350731,1.204743699775963
NST110719061,NST,JRS_1,JRS,1,T,T-NST110719061,5,1,0.4663341307846812,1.2286653904461091
NST110719061,NST,JRS_1,JRS,1,T,T-NST110719061,5,2,0.6901511739637057,1.2286653904461091
NST110719061,NST,JRS_1,JRS,1,T,T-NST110719061,5,3,0.8893091879685157,1.2286653904461091
NST110719061,NST,JRS_1,JRS,1,T,T-NST110719061,5,4,1.0212877000498946,1.2286653904461091
NST110719061,NST,JRS_1,JRS,1,T,T-NST110719061,5,5,1.150646120122466,1.2286653904461091
NST110719061,NST,LEL_1,LEL,1,T,T-NST110719061,4,1,0.6678290289570512,1.256317495031598
NST110719061,NST,LEL_1,LEL,1,T,T-NST110719061,4,2,0.8601858294982204,1.256317495031598
NST110719061,NST,LEL_1,LEL,1,T,T-NST110719061,4,3,0.9891868660751522,1.256317495031598
NST110719061,NST,LEL_1,LEL,1,T,T-NST110719061,4,4,1.1119064932644507,1.256317495031598
NST110719061,NST,LSR_1,LSR,1,T,T-NST110719061,5,1,0.6723093562206143,1.2326825109652149
NST110719061,NST,LSR_1,LSR,1,T,T-NST110719061,5,2,0.8509401678480204,1.2326825109652149
NST110719061,NST,LSR_1,LSR,1,T,T-NST110719061,5,3,0.9814401165880997,1.2326825109652149
NST110719061,NST,LSR_1,LSR,1,T,T-NST110719061,5,4,1.09351474753702,1.2326825109652149
NST110719061,NST,LSR_1,LSR,1,T,T-NST110719061,5,5,1.1793268228441012,1.2326825109652149
NST110719061,NST,MJS_1,MJS,1,T,T-NST110719061,4,1,0.629819400733916,1.2273963355815947
NST110719061,NST,MJS_1,MJS,1,T,T-NST110719061,4,2,0.8351685594468496,1.2273963355815947
NST110719061,NST,MJS_1,MJS,1,T,T-NST110719061,4,3,0.973211730890909,1.2273963355815947
NST110719061,NST,MJS_1,MJS,1,T,T-NST110719061,4,4,1.09247929033889,1.2273963355815947
NST110719062,NST,CJF_1,CJF,1,T,T-NST110719062,4,1,0.5226926481465262,0.9501502770338737
NST110719062,NST,CJF_1,CJF,1,T,T-NST110719062,4,2,0.6850901628604118,0.9501502770338737
NST110719062,NST,CJF_1,CJF,1,T,T-NST110719062,4,3,0.7800109084684594,0.9501502770338737
NST110719062,NST,CJF_1,CJF,1,T,T-NST110719062,4,4,0.8815403357783465,0.9501502770338737
NST110719062,NST,JRS_1,JRS,1,T,T-NST110719062,4,1,0.5036714639150078,0.9129311014223275
NST110719062,NST,JRS_1,JRS,1,T,T-NST110719062,4,2,0.6517639440795651,0.9129311014223275
NST110719062,NST,JRS_1,JRS,1,T,T-NST110719062,4,3,0.7578931983715781,0.9129311014223275
NST110719062,NST,JRS_1,JRS,1,T,T-NST110719062,4,4,0.8521705441126463,0.9129311014223275
NST110719062,NST,LEL_1,LEL,1,T,T-NST110719062,4,1,0.5894104996967318,1.0081660959944985
NST110719062,NST,LEL_1,LEL,1,T,T-NST110719062,4,2,0.7443707693070849,1.0081660959944985
NST110719062,NST,LEL_1,LEL,1,T,T-NST110719062,4,3,0.8588100288753988,1.0081660959944985
NST110719062,NST,LEL_1,LEL,1,T,T-NST110719062,4,4,0.9473411762019096,1.0081660959944985
NST110719062,NST,LSR_1,LSR,1,T,T-NST110719062,4,1,0.549683800840513,0.9601614992853563
NST110719062,NST,LSR_1,LSR,1,T,T-NST110719062,4,2,0.6971263157789463,0.9601614992853563
NST110719062,NST,LSR_1,LSR,1,T,T-NST110719062,4,3,0.8077082019827712,0.9601614992853563
NST110719062,NST,LSR_1,LSR,1,T,T-NST110719062,4,4,0.8849997638230704,0.9601614992853563
NST110719062,NST,MJS_1,MJS,1,T,T-NST110719062,4,1,0.46926326022178527,0.8988082921968161
NST110719062,NST,MJS_1,MJS,1,T,T-NST110719062,4,2,0.6385089053618069,0.8988082921968161
NST110719062,NST,MJS_1,MJS,1,T,T-NST110719062,4,3,0.7263471874943066,0.8988082921968161
NST110719062,NST,MJS_1,MJS,1,T,T-NST110719062,4,4,0.7930081723350143,0.8988082921968161
NST110719063,NST,CJF_1,CJF,1,T,T-NST110719063,4,1,0.5580755799142152,1.0564658013392643
NST110719063,NST,CJF_1,CJF,1,T,T-NST110719063,4,2,0.7186985102678979,1.0564658013392643
NST110719063,NST,CJF_1,CJF,1,T,T-NST110719063,4,3,0.8422847733561367,1.0564658013392643
NST110719063,NST,CJF_1,CJF,1,T,T-NST110719063,4,4,0.9565692753685613,1.0564658013392643
NST110719063,NST,JRS_1,JRS,1,T,T-NST110719063,4,1,0.5478815261134312,1.0554346531622258
NST110719063,NST,JRS_1,JRS,1,T,T-NST110719063,4,2,0.7125689939369511,1.0554346531622258
NST110719063,NST,JRS_1,JRS,1,T,T-NST110719063,4,3,0.8286754797118165,1.0554346531622258
NST110719063,NST,JRS_1,JRS,1,T,T-NST110719063,4,4,0.9500919919159347,1.0554346531622258
NST110719063,NST,LEL_1,LEL,1,T,T-NST110719063,4,1,0.5889715491074299,1.1035274630660545
NST110719063,NST,LEL_1,LEL,1,T,T-NST110719063,4,2,0.7831889120938675,1.1035274630660545
NST110719063,NST,LEL_1,LEL,1,T,T-NST110719063,4,3,0.9006090712499608,1.1035274630660545
NST110719063,NST,LEL_1,LEL,1,T,T-NST110719063,4,4,1.0007940461270726,1.1035274630660545
NST110719063,NST,LSR_1,LSR,1,T,T-NST110719063,4,1,0.644070768571506,1.1347071215195286
NST110719063,NST,LSR_1,LSR,1,T,T-NST110719063,4,2,0.8007284861799066,1.1347071215195286
NST110719063,NST,LSR_1,LSR,1,T,T-NST110719063,4,3,0.9358320096208748,1.1347071215195286
NST110719063,NST,LSR_1,LSR,1,T,T-NST110719063,4,4,1.0466035339317996,1.1347071215195286
NST110719063,NST,MJS_1,MJS,1,T,T-NST110719063,4,1,0.5814888121111297,1.0617345146238124
NST110719063,NST,MJS_1,MJS,1,T,T-NST110719063,4,2,0.7293938811532459,1.0617345146238124
NST110719063,NST,MJS_1,MJS,1,T,T-NST110719063,4,3,0.8469045580233558,1.0617345146238124
NST110719063,NST,MJS_1,MJS,1,T,T-NST110719063,4,4,0.9562814512576341,1.0617345146238124
NST110719064,NST,CJF_1,CJF,1,T,T-NST110719064,4,1,0.49664286645386807,1.0082573612271848
NST110719064,NST,CJF_1,CJF,1,T,T-NST110719064,4,2,0.6813838655911858,1.0082573612271848
NST110719064,NST,CJF_1,CJF,1,T,T-NST110719064,4,3,0.7998276126734204,1.0082573612271848
NST110719064,NST,CJF_1,CJF,1,T,T-NST110719064,4,4,0.9126814922698805,1.0082573612271848
NST110719064,NST,JRS_1,JRS,1,T,T-NST110719064,4,1,0.5179371860853546,0.9920335465122032
NST110719064,NST,JRS_1,JRS,1,T,T-NST110719064,4,2,0.6933588192589684,0.9920335465122032
NST110719064,NST,JRS_1,JRS,1,T,T-NST110719064,4,3,0.8166119133385897,0.9920335465122032
NST110719064,NST,JRS_1,JRS,1,T,T-NST110719064,4,4,0.9119066354439284,0.9920335465122032
NST110719064,NST,LEL_1,LEL,1,T,T-NST110719064,4,1,0.6344016749314486,1.1242114621363513
NST110719064,NST,LEL_1,LEL,1,T,T-NST110719064,4,2,0.7996333154457754,1.1242114621363513
NST110719064,NST,LEL_1,LEL,1,T,T-NST110719064,4,3,0.9621162753120829,1.1242114621363513
NST110719064,NST,LEL_1,LEL,1,T,T-NST110719064,4,4,1.0694434652984386,1.1242114621363513
NST110719064,NST,LSR_1,LSR,1,T,T-NST110719064,4,1,0.5999149311932473,1.1239766184864208
NST110719064,NST,LSR_1,LSR,1,T,T-NST110719064,4,2,0.7841368082640698,1.1239766184864208
NST110719064,NST,LSR_1,LSR,1,T,T-NST110719064,4,3,0.9307560174476994,1.1239766184864208
NST110719064,NST,LSR_1,LSR,1,T,T-NST110719064,4,4,1.046731571945978,1.1239766184864208
NST110719064,NST,MJS_1,MJS,1,T,T-NST110719064,4,1,0.48960694751796824,0.968989725326673
NST110719064,NST,MJS_1,MJS,1,T,T-NST110719064,4,2,0.6719134994078904,0.968989725326673
NST110719064,NST,MJS_1,MJS,1,T,T-NST110719064,4,3,0.8012273054248713,0.968989725326673
NST110719064,NST,MJS_1,MJS,1,T,T-NST110719064,4,4,0.9111008495492714,0.968989725326673
NST110719065,NST,CJF_1,CJF,1,T,T-NST110719065,2,1,0.4073818986149714,0.7398230194582504
NST110719065,NST,CJF_1,CJF,1,T,T-NST110719065,2,2,0.6022543784835207,0.7398230194582504
NST110719065,NST,JRS_1,JRS,1,T,T-NST110719065,2,1,0.4085730078027903,0.690806783380287
NST110719065,NST,JRS_1,JRS,1,T,T-NST110719065,2,2,0.5892507889826308,0.690806783380287
NST110719065,NST,LEL_1,LEL,1,T,T-NST110719065,2,1,0.45484970415028125,0.7896628265124515
NST110719065,NST,LEL_1,LEL,1,T,T-NST110719065,2,2,0.6441150345602847,0.7896628265124515
NST110719065,NST,LSR_1,LSR,1,T,T-NST110719065,2,1,0.5310570303514512,0.8566023803348615
NST110719065,NST,LSR_1,LSR,1,T,T-NST110719065,2,2,0.7294981856062486,0.8566023803348615
NST110719065,NST,MJS_1,MJS,1,T,T-NST110719065,2,1,0.443193761932447,0.7595620613992122
NST110719065,NST,MJS_1,MJS,1,T,T-NST110719065,2,2,0.634598592599903,0.7595620613992122
NST110719066,NST,CJF_1,CJF,1,T,T-NST110719066,3,1,0.6289599065347974,1.131682702013667
NST110719066,NST,CJF_1,CJF,1,T,T-NST110719066,3,2,0.8390289205643962,1.131682702013667
NST110719066,NST,CJF_1,CJF,1,T,T-NST110719066,3,3,1.003219942212895,1.131682702013667
NST110719066,NST,JRS_1,JRS,1,T,T-NST110719066,3,1,0.6781284444977406,1.1597611485722465
NST110719066,NST,JRS_1,JRS,1,T,T-NST110719066,3,2,0.877742972902197,1.1597611485722465
NST110719066,NST,JRS_1,JRS,1,T,T-NST110719066,3,3,1.0345962836832459,1.1597611485722465
NST110719066,NST,LEL_1,LEL,1,T,T-NST110719066,3,1,0.7119168192814906,1.1865511620067415
NST110719066,NST,LEL_1,LEL,1,T,T-NST110719066,3,2,0.901428479797868,1.1865511620067415
NST110719066,NST,LEL_1,LEL,1,T,T-NST110719066,3,3,1.0635472295411168,1.1865511620067415
NST110719066,NST,LSR_1,LSR,1,T,T-NST110719066,3,1,0.6717653000924674,1.1643430735442724
NST110719066,NST,LSR_1,LSR,1,T,T-NST110719066,3,2,0.8822093597443929,1.1643430735442724
NST110719066,NST,LSR_1,LSR,1,T,T-NST110719066,3,3,1.0617727360050857,1.1643430735442724
NST110719066,NST,MJS_1,MJS,1,T,T-NST110719066,3,1,0.6240259185220453,1.1147347327852253
NST110719066,NST,MJS_1,MJS,1,T,T-NST110719066,3,2,0.833627209713894,1.1147347327852253
NST110719066,NST,MJS_1,MJS,1,T,T-NST110719066,3,3,0.9868349281137716,1.1147347327852253
NST110719067,NST,CJF_1,CJF,1,T,T-NST110719067,2,1,0.43766853708724657,0.8488208337849963
NST110719067,NST,CJF_1,CJF,1,T,T-NST110719067,2,2,0.6421206808135511,0.8488208337849963
NST110719067,NST,JRS_1,JRS,1,T,T-NST110719067,2,1,0.5048266906766574,0.8989119487130696
NST110719067,NST,JRS_1,JRS,1,T,T-NST110719067,2,2,0.6964289649818921,0.8989119487130696
NST110719067,NST,LEL_1,LEL,1,T,T-NST110719067,2,1,0.46705423817752917,0.8685343572710511
NST110719067,NST,LEL_1,LEL,1,T,T-NST110719067,2,2,0.68133571441451,0.8685343572710511
NST110719067,NST,LSR_1,LSR,1,T,T-NST110719067,2,1,0.5779879318255039,0.9624022236894536
NST110719067,NST,LSR_1,LSR,1,T,T-NST110719067,2,2,0.7910438723802036,0.9624022236894536
NST110719067,NST,MJS_1,MJS,1,T,T-NST110719067,2,1,0.5286600584012263,0.8956984524826974
NST110719067,NST,MJS_1,MJS,1,T,T-NST110719067,2,2,0.7259500660755844,0.8956984524826974
NST110719068,NST,CJF_1,CJF,1,T,T-NST110719068,2,1,0.4026607766514828,0.8688466376201167
NST110719068,NST,CJF_1,CJF,1,T,T-NST110719068,2,2,0.7134513506305717,0.8688466376201167
NST110719068,NST,LEL_1,LEL,1,T,T-NST110719068,0,NA,NA,0.7927629946451609
NST110719068,NST,LSR_1,LSR,1,T,T-NST110719068,1,1,0.4193441890555192,0.5050833721305507
NST110719068,NST,MJS_1,MJS,1,T,T-NST110719068,0,NA,NA,0.5162404770349446
NST110719069,NST,CJF_1,CJF,1,T,T-NST110719069,1,1,0.48587390637348954,0.6607583287207394
NST110719069,NST,JRS_1,JRS,1,T,T-NST110719069,1,1,0.5119997575352404,0.6722632279243113
NST110719069,NST,LEL_1,LEL,1,T,T-NST110719069,1,1,0.5215409453951705,0.6866109422425843
NST110719069,NST,LSR_1,LSR,1,T,T-NST110719069,1,1,0.4163310246537647,0.5847422072528473
NST110719069,NST,MJS_1,MJS,1,T,T-NST110719069,1,1,0.5049464692577308,0.6770935446836777
NST110719070,NST,CJF_1,CJF,1,T,T-NST110719070,2,1,0.37077347264192334,0.7486934183419749
NST110719070,NST,CJF_1,CJF,1,T,T-NST110719070,2,2,0.5977870439896652,0.7486934183419749
NST110719070,NST,JRS_1,JRS,1,T,T-NST110719070,1,1,0.6055311312963139,0.7204550375581467
NST110719070,NST,LEL_1,LEL,1,T,T-NST110719070,1,1,0.7718161659291322,0.8902962732076481
NST110719070,NST,LSR_1,LSR,1,T,T-NST110719070,1,1,0.6399514476254471,0.7737142648272725
NST110719070,NST,MJS_1,MJS,1,T,T-NST110719070,1,1,0.6680648964116626,0.7985136471418849
NST110719071,NST,CJF_1,CJF,1,T,T-NST110719071,1,1,0.4221596253180001,0.5985876895185286
NST110719071,NST,JRS_1,JRS,1,T,T-NST110719071,1,1,0.4445849827419498,0.615957342451583
NST110719071,NST,LEL_1,LEL,1,T,T-NST110719071,1,1,0.501816424120105,0.6525322661774258
NST110719071,NST,LSR_1,LSR,1,T,T-NST110719071,1,1,0.4093363422656394,0.5780111815251445
NST110719071,NST,MJS_1,MJS,1,T,T-NST110719071,1,1,0.45840107251677825,0.5936898559619929
NST110719072,NST,CJF_1,CJF,1,T,T-NST110719072,1,1,0.517216277875848,0.6914043612324731
NST110719072,NST,JRS_1,JRS,1,T,T-NST110719072,1,1,0.48023237810091285,0.6342571803091244
NST110719072,NST,LEL_1,LEL,1,T,T-NST110719072,1,1,0.5389292208422877,0.6252437828646905
NST110719072,NST,LSR_1,LSR,1,T,T-NST110719072,1,1,0.5514116499741102,0.7131832440176552
NST110719072,NST,MJS_1,MJS,1,T,T-NST110719072,1,1,0.4540000050882951,0.604594133060943
PFH052919001,PFH,CJF_1,CJF,1,T,T-PFH052919001,0,NA,NA,0.15983078234596673
PFH052919002,PFH,CJF_1,CJF,1,T,T-PFH052919002,0,NA,NA,0.17941925198700417
PFH052919003,PFH,CJF_1,CJF,1,T,T-PFH052919003,0,NA,NA,0.14992237201822178
PFH052919004,PFH,CJF_1,CJF,1,T,T-PFH052919004,0,NA,NA,0.20881095766107363
PFH052919006,PFH,CJF_1,CJF,1,T,T-PFH052919006,0,NA,NA,0.19142983296688904
PFH052919007,PFH,CJF_1,CJF,1,T,T-PFH052919007,0,NA,NA,0.19612841238905632
PFH052919008,PFH,CJF_1,CJF,1,T,T-PFH052919008,0,NA,NA,0.11059882502416725
PFH052919009,PFH,CJF_1,CJF,1,T,T-PFH052919009,0,NA,NA,0.14820979672760864
PFH052919010,PFH,CJF_1,CJF,1,T,T-PFH052919010,0,NA,NA,0.20178970909974128
PFH052919011,PFH,CJF_1,CJF,1,T,T-PFH052919011,0,NA,NA,0.12972283979811974
PFH052919012,PFH,CJF_1,CJF,1,T,T-PFH052919012,0,NA,NA,0.1879324317558742
PFH052919013,PFH,CJF_1,CJF,1,T,T-PFH052919013,0,NA,NA,0.18875892203915598
PFH052919014,PFH,CJF_1,CJF,1,T,T-PFH052919014,0,NA,NA,0.1658720462751786
PFH052919015,PFH,CJF_1,CJF,1,T,T-PFH052919015,0,NA,NA,0.09421036225158287
PFH052919017,PFH,CJF_1,CJF,1,T,T-PFH052919017,0,NA,NA,0.1660370990026926
PFH052919018,PFH,CJF_1,CJF,1,T,T-PFH052919018,0,NA,NA,0.1284805842439496
PFH052919019,PFH,CJF_1,CJF,1,T,T-PFH052919019,0,NA,NA,0.1377366474710907
PFH052919021,PFH,CJF_1,CJF,1,T,T-PFH052919021,0,NA,NA,0.11219882963382469
PFH052919022,PFH,CJF_1,CJF,1,T,T-PFH052919022,0,NA,NA,0.1361734101360148
PFH052919023,PFH,CJF_1,CJF,1,T,T-PFH052919023,0,NA,NA,0.11355257994903627
PFH052919024,PFH,CJF_1,CJF,1,T,T-PFH052919024,0,NA,NA,0.16118773418395277
PFH052919025,PFH,CJF_1,CJF,1,T,T-PFH052919025,0,NA,NA,0.17986469084055284
PFH052919026,PFH,CJF_1,CJF,1,T,T-PFH052919026,0,NA,NA,0.11783689354443844
PFH052919027,PFH,CJF_1,CJF,1,T,T-PFH052919027,0,NA,NA,0.1741637878621514
PFH052919028,PFH,CJF_1,CJF,1,T,T-PFH052919028,0,NA,NA,0.1506753198757187
PFH052919029,PFH,CJF_1,CJF,1,T,T-PFH052919029,0,NA,NA,0.16499592658048254
PFH052919030,PFH,CJF_1,CJF,1,T,T-PFH052919030,0,NA,NA,0.17523622318698454
PFH052919031,PFH,CJF_1,CJF,1,T,T-PFH052919031,0,NA,NA,0.1364779893018936
PFH052919032,PFH,CJF_1,CJF,1,T,T-PFH052919032,0,NA,NA,0.21956537120893282
PFH052919033,PFH,CJF_1,CJF,1,T,T-PFH052919033,0,NA,NA,0.20785283835324644
PFH052919034,PFH,CJF_1,CJF,1,T,T-PFH052919034,0,NA,NA,0.18678367874360224
PFH052919035,PFH,CJF_1,CJF,1,T,T-PFH052919035,0,NA,NA,0.22468696022839593
PFH052919036,PFH,CJF_1,CJF,1,T,T-PFH052919036,0,NA,NA,0.15957062662429758
PFH052919037,PFH,CJF_1,CJF,1,T,T-PFH052919037,0,NA,NA,0.19342228916377716
PFH052919038,PFH,CJF_1,CJF,1,T,T-PFH052919038,0,NA,NA,0.15414419605876445
PFH052919039,PFH,CJF_1,CJF,1,T,T-PFH052919039,0,NA,NA,0.13702144633974986
PFH052919040,PFH,CJF_1,CJF,1,T,T-PFH052919040,0,NA,NA,0.17425575800297805
PFH052919041,PFH,CJF_1,CJF,1,T,T-PFH052919041,0,NA,NA,0.13495450039675574
PFH052919042,PFH,CJF_1,CJF,1,T,T-PFH052919042,0,NA,NA,0.20328475891883255
PFH052919043,PFH,CJF_1,CJF,1,T,T-PFH052919043,0,NA,NA,0.17645085843545602
PFH052919044,PFH,CJF_1,CJF,1,T,T-PFH052919044,0,NA,NA,0.21236221385112045
PFH052919045,PFH,CJF_1,CJF,1,T,T-PFH052919045,0,NA,NA,0.15062626708782886
PFH052919046,PFH,CJF_1,CJF,1,T,T-PFH052919046,0,NA,NA,0.11963477752543007
PFH052919047,PFH,CJF_1,CJF,1,T,T-PFH052919047,0,NA,NA,0.12414244024288368
PFH052919048,PFH,CJF_1,CJF,1,T,T-PFH052919048,0,NA,NA,0.20012597604518906
PFH052919049,PFH,CJF_1,CJF,1,T,T-PFH052919049,0,NA,NA,0.2176788915800952
PFH052919050,PFH,CJF_1,CJF,1,T,T-PFH052919050,0,NA,NA,0.22083467805970858
PFH052919051,PFH,CJF_1,CJF,1,T,T-PFH052919051,0,NA,NA,0.14691163144679226
PFH052919052,PFH,CJF_1,CJF,1,T,T-PFH052919052,0,NA,NA,0.13241375802495375
PFH052919053,PFH,CJF_1,CJF,1,T,T-PFH052919053,0,NA,NA,0.16545831940991354
PFH052919055,PFH,CJF_1,CJF,1,T,T-PFH052919055,0,NA,NA,0.15452766876910845
PFH052919056,PFH,CJF_1,CJF,1,T,T-PFH052919056,0,NA,NA,0.18400964030407393
PFH052919057,PFH,CJF_1,CJF,1,T,T-PFH052919057,0,NA,NA,0.16917487235588807
PRW111219001,PRW,CJF_1,CJF,1,T,T-PRW111219001,5,1,0.510598586061516,1.1062374078595973
PRW111219001,PRW,CJF_1,CJF,1,T,T-PRW111219001,5,2,0.6872747094472509,1.1062374078595973
PRW111219001,PRW,CJF_1,CJF,1,T,T-PRW111219001,5,3,0.8187913437839658,1.1062374078595973
PRW111219001,PRW,CJF_1,CJF,1,T,T-PRW111219001,5,4,0.9459834215897316,1.1062374078595973
PRW111219001,PRW,CJF_1,CJF,1,T,T-PRW111219001,5,5,1.0617754219974418,1.1062374078595973
PRW111219001,PRW,JRS_1,JRS,1,T,T-PRW111219001,5,1,0.490959607511506,1.096669105044243
PRW111219001,PRW,JRS_1,JRS,1,T,T-PRW111219001,5,2,0.6297206388838595,1.096669105044243
PRW111219001,PRW,JRS_1,JRS,1,T,T-PRW111219001,5,3,0.7647734899578119,1.096669105044243
PRW111219001,PRW,JRS_1,JRS,1,T,T-PRW111219001,5,4,0.8710517474510324,1.096669105044243
PRW111219001,PRW,JRS_1,JRS,1,T,T-PRW111219001,5,5,1.0023964182265839,1.096669105044243
PRW111219001,PRW,LEL_1,LEL,1,T,T-PRW111219001,3,1,0.471297203696319,0.9113576373050061
PRW111219001,PRW,LEL_1,LEL,1,T,T-PRW111219001,3,2,0.6411040313017695,0.9113576373050061
PRW111219001,PRW,LEL_1,LEL,1,T,T-PRW111219001,3,3,0.8277445031889148,0.9113576373050061
PRW111219001,PRW,LSR_1,LSR,1,T,T-PRW111219001,5,1,0.3603533259143644,1.0158857879214211
PRW111219001,PRW,LSR_1,LSR,1,T,T-PRW111219001,5,2,0.5242731716854148,1.0158857879214211
PRW111219001,PRW,LSR_1,LSR,1,T,T-PRW111219001,5,3,0.6900148388130676,1.0158857879214211
PRW111219001,PRW,LSR_1,LSR,1,T,T-PRW111219001,5,4,0.815588283449186,1.0158857879214211
PRW111219001,PRW,LSR_1,LSR,1,T,T-PRW111219001,5,5,0.9483241305961386,1.0158857879214211
PRW111219001,PRW,MJS_1,MJS,1,T,T-PRW111219001,5,1,0.45113498746060343,1.0931826033590126
PRW111219001,PRW,MJS_1,MJS,1,T,T-PRW111219001,5,2,0.6116659783221492,1.0931826033590126
PRW111219001,PRW,MJS_1,MJS,1,T,T-PRW111219001,5,3,0.7630239447908566,1.0931826033590126
PRW111219001,PRW,MJS_1,MJS,1,T,T-PRW111219001,5,4,0.8740734344171426,1.0931826033590126
PRW111219001,PRW,MJS_1,MJS,1,T,T-PRW111219001,5,5,1.0064587831398075,1.0931826033590126
PRW111219002,PRW,CJF_1,CJF,1,T,T-PRW111219002,3,1,0.45930827717554157,0.8966794849129803
PRW111219002,PRW,CJF_1,CJF,1,T,T-PRW111219002,3,2,0.6598339344886812,0.8966794849129803
PRW111219002,PRW,CJF_1,CJF,1,T,T-PRW111219002,3,3,0.7764622381870927,0.8966794849129803
PRW111219002,PRW,JRS_1,JRS,1,T,T-PRW111219002,3,1,0.5184283679494536,0.9012893563843193
PRW111219002,PRW,JRS_1,JRS,1,T,T-PRW111219002,3,2,0.6720006175172458,0.9012893563843193
PRW111219002,PRW,JRS_1,JRS,1,T,T-PRW111219002,3,3,0.7950455042906176,0.9012893563843193
PRW111219002,PRW,LEL_1,LEL,1,T,T-PRW111219002,3,1,0.4740173034771056,0.8979172860016449
PRW111219002,PRW,LEL_1,LEL,1,T,T-PRW111219002,3,2,0.6642916827131515,0.8979172860016449
PRW111219002,PRW,LEL_1,LEL,1,T,T-PRW111219002,3,3,0.8081342632265791,0.8979172860016449
PRW111219002,PRW,LSR_1,LSR,1,T,T-PRW111219002,3,1,0.4073981791790604,0.8189879212326763
PRW111219002,PRW,LSR_1,LSR,1,T,T-PRW111219002,3,2,0.5703574508506847,0.8189879212326763
PRW111219002,PRW,LSR_1,LSR,1,T,T-PRW111219002,3,3,0.7119599433721516,0.8189879212326763
PRW111219002,PRW,MJS_1,MJS,1,T,T-PRW111219002,3,1,0.41329350010024524,0.8445726399530982
PRW111219002,PRW,MJS_1,MJS,1,T,T-PRW111219002,3,2,0.6029499484422767,0.8445726399530982
PRW111219002,PRW,MJS_1,MJS,1,T,T-PRW111219002,3,3,0.7195199100090126,0.8445726399530982
PRW111219003,PRW,CJF_1,CJF,1,T,T-PRW111219003,1,1,0.3507518624800104,0.547459016848055
PRW111219003,PRW,JRS_1,JRS,1,T,T-PRW111219003,0,NA,NA,0.4342295348935211
PRW111219003,PRW,LEL_1,LEL,1,T,T-PRW111219003,1,1,0.3856578721637071,0.6106988555599573
PRW111219003,PRW,LSR_1,LSR,1,T,T-PRW111219003,1,1,0.3686438613413174,0.4578555755315487
PRW111219003,PRW,MJS_1,MJS,1,T,T-PRW111219003,1,1,0.35868048012936843,0.43538338773755964
PRW111219004,PRW,CJF_1,CJF,1,T,T-PRW111219004,1,1,0.42384134260563827,0.6024678686079741
PRW111219004,PRW,JRS_1,JRS,1,T,T-PRW111219004,1,1,0.3913278328560377,0.5528173912422295
PRW111219004,PRW,LEL_1,LEL,1,T,T-PRW111219004,1,1,0.36610689849786043,0.5239473211295568
PRW111219004,PRW,LSR_1,LSR,1,T,T-PRW111219004,2,1,0.2913161063138454,0.38418007887712197
PRW111219004,PRW,LSR_1,LSR,1,T,T-PRW111219004,2,2,0.32865182873600707,0.38418007887712197
PRW111219004,PRW,MJS_1,MJS,1,T,T-PRW111219004,1,1,0.4309163048472493,0.5991337417739588
PRW111219005,PRW,CJF_1,CJF,1,T,T-PRW111219005,2,1,0.46945319444095684,0.8258279667544677
PRW111219005,PRW,CJF_1,CJF,1,T,T-PRW111219005,2,2,0.640602919980235,0.8258279667544677
PRW111219005,PRW,JRS_1,JRS,1,T,T-PRW111219005,3,1,0.3005187215626419,0.7391457079390732
PRW111219005,PRW,JRS_1,JRS,1,T,T-PRW111219005,3,2,0.449085023353067,0.7391457079390732
PRW111219005,PRW,JRS_1,JRS,1,T,T-PRW111219005,3,3,0.6459448254026164,0.7391457079390732
PRW111219005,PRW,LEL_1,LEL,1,T,T-PRW111219005,2,1,0.48555460908130355,0.8032640733450875
PRW111219005,PRW,LEL_1,LEL,1,T,T-PRW111219005,2,2,0.6619681542148982,0.8032640733450875
PRW111219005,PRW,LSR_1,LSR,1,T,T-PRW111219005,3,1,0.426449242781648,0.7564996237580672
PRW111219005,PRW,LSR_1,LSR,1,T,T-PRW111219005,3,2,0.6026545854030017,0.7564996237580672
PRW111219005,PRW,LSR_1,LSR,1,T,T-PRW111219005,3,3,0.7232415407212522,0.7564996237580672
PRW111219005,PRW,MJS_1,MJS,1,T,T-PRW111219005,3,1,0.526685538074671,0.8463291484284116
PRW111219005,PRW,MJS_1,MJS,1,T,T-PRW111219005,3,2,0.7239512891426042,0.8463291484284116
PRW111219005,PRW,MJS_1,MJS,1,T,T-PRW111219005,3,3,0.804754146216639,0.8463291484284116
PRW111219006,PRW,CJF_1,CJF,1,T,T-PRW111219006,2,1,0.5352474084384465,0.8100577435252396
PRW111219006,PRW,CJF_1,CJF,1,T,T-PRW111219006,2,2,0.7082548562053429,0.8100577435252396
PRW111219006,PRW,JRS_1,JRS,1,T,T-PRW111219006,2,1,0.4830006752327993,0.7541999482055172
PRW111219006,PRW,JRS_1,JRS,1,T,T-PRW111219006,2,2,0.6529077811771152,0.7541999482055172
PRW111219006,PRW,LEL_1,LEL,1,T,T-PRW111219006,2,1,0.5172242734158419,0.8275557756203243
PRW111219006,PRW,LEL_1,LEL,1,T,T-PRW111219006,2,2,0.6829029265651614,0.8275557756203243
PRW111219006,PRW,LSR_1,LSR,1,T,T-PRW111219006,3,1,0.5146188894960959,0.9449088665929843
PRW111219006,PRW,LSR_1,LSR,1,T,T-PRW111219006,3,2,0.6837781594827189,0.9449088665929843
PRW111219006,PRW,LSR_1,LSR,1,T,T-PRW111219006,3,3,0.8037221816482861,0.9449088665929843
PRW111219006,PRW,MJS_1,MJS,1,T,T-PRW111219006,2,1,0.5652637895266661,0.8202528109364173
PRW111219006,PRW,MJS_1,MJS,1,T,T-PRW111219006,2,2,0.7320209507428508,0.8202528109364173
PRW111219007,PRW,CJF_1,CJF,1,T,T-PRW111219007,1,1,0.4016961074028188,0.6231785288437333
PRW111219007,PRW,JRS_1,JRS,1,T,T-PRW111219007,1,1,0.42136003226444585,0.6292537082811956
PRW111219007,PRW,LEL_1,LEL,1,T,T-PRW111219007,2,1,0.3087270855820115,0.74381884276807
PRW111219007,PRW,LEL_1,LEL,1,T,T-PRW111219007,2,2,0.5323612139352154,0.74381884276807
PRW111219007,PRW,LSR_1,LSR,1,T,T-PRW111219007,1,1,0.4300409018832485,0.580095706070533
PRW111219007,PRW,MJS_1,MJS,1,T,T-PRW111219007,1,1,0.539184708113604,0.7736730185660967
PRW111219008,PRW,CJF_1,CJF,1,T,T-PRW111219008,0,NA,NA,0.48467221705533675
PRW111219008,PRW,JRS_1,JRS,1,T,T-PRW111219008,0,NA,NA,0.492529819687137
PRW111219008,PRW,LEL_1,LEL,1,T,T-PRW111219008,1,1,0.3317479561303685,0.5850535625802706
PRW111219008,PRW,LSR_1,LSR,1,T,T-PRW111219008,0,NA,NA,0.6577340595446941
PRW111219008,PRW,MJS_1,MJS,1,T,T-PRW111219008,0,NA,NA,0.6512701144517479
PRW111219009,PRW,CJF_1,CJF,1,T,T-PRW111219009,3,1,0.3711669373093113,0.7860830732320004
PRW111219009,PRW,CJF_1,CJF,1,T,T-PRW111219009,3,2,0.5469123757000116,0.7860830732320004
PRW111219009,PRW,CJF_1,CJF,1,T,T-PRW111219009,3,3,0.6816649544965296,0.7860830732320004
PRW111219009,PRW,JRS_1,JRS,1,T,T-PRW111219009,3,1,0.4702476493354081,0.8672416085390198
PRW111219009,PRW,JRS_1,JRS,1,T,T-PRW111219009,3,2,0.6484446780082723,0.8672416085390198
PRW111219009,PRW,JRS_1,JRS,1,T,T-PRW111219009,3,3,0.7793956719966877,0.8672416085390198
PRW111219009,PRW,LEL_1,LEL,1,T,T-PRW111219009,4,1,0.2918779819455505,0.8919834465345726
PRW111219009,PRW,LEL_1,LEL,1,T,T-PRW111219009,4,2,0.4541387693606589,0.8919834465345726
PRW111219009,PRW,LEL_1,LEL,1,T,T-PRW111219009,4,3,0.6228033301644679,0.8919834465345726
PRW111219009,PRW,LEL_1,LEL,1,T,T-PRW111219009,4,4,0.7682007079628411,0.8919834465345726
PRW111219009,PRW,LSR_1,LSR,1,T,T-PRW111219009,4,1,0.5184686230300388,0.9553354264737532
PRW111219009,PRW,LSR_1,LSR,1,T,T-PRW111219009,4,2,0.6792237129586858,0.9553354264737532
PRW111219009,PRW,LSR_1,LSR,1,T,T-PRW111219009,4,3,0.8211928515607309,0.9553354264737532
PRW111219009,PRW,LSR_1,LSR,1,T,T-PRW111219009,4,4,0.9183516153336991,0.9553354264737532
PRW111219009,PRW,MJS_1,MJS,1,T,T-PRW111219009,3,1,0.44388737344962986,0.8125881507747731
PRW111219009,PRW,MJS_1,MJS,1,T,T-PRW111219009,3,2,0.5988240744527973,0.8125881507747731
PRW111219009,PRW,MJS_1,MJS,1,T,T-PRW111219009,3,3,0.7296667266712968,0.8125881507747731
PRW111219010,PRW,CJF_1,CJF,1,T,T-PRW111219010,1,1,0.4767668563399739,0.7332180845679195
PRW111219010,PRW,JRS_1,JRS,1,T,T-PRW111219010,1,1,0.41415103449475316,0.5549738974042134
PRW111219010,PRW,LEL_1,LEL,1,T,T-PRW111219010,1,1,0.5066315894331923,0.7836671021389825
PRW111219010,PRW,LSR_1,LSR,1,T,T-PRW111219010,2,1,0.33406236356036884,0.4628011122205331
PRW111219010,PRW,LSR_1,LSR,1,T,T-PRW111219010,2,2,0.4217574421838549,0.4628011122205331
PRW111219010,PRW,MJS_1,MJS,1,T,T-PRW111219010,1,1,0.34136523830186494,0.4644395198838944
PRW111219011,PRW,CJF_1,CJF,1,T,T-PRW111219011,1,1,0.37784077117396137,0.5341938648650152
PRW111219011,PRW,JRS_1,JRS,1,T,T-PRW111219011,1,1,0.5133465852582504,0.6261420125420409
PRW111219011,PRW,LEL_1,LEL,1,T,T-PRW111219011,1,1,0.4821290219903346,0.6504198185313371
PRW111219011,PRW,LSR_1,LSR,1,T,T-PRW111219011,2,1,0.4350323879510206,0.6101529282217867
PRW111219011,PRW,LSR_1,LSR,1,T,T-PRW111219011,2,2,0.5342135803927186,0.6101529282217867
PRW111219011,PRW,MJS_1,MJS,1,T,T-PRW111219011,1,1,0.47013878699449857,0.6680940984037955
PRW111219012,PRW,CJF_1,CJF,1,T,T-PRW111219012,3,1,0.6019506402783678,0.9638692244632583
PRW111219012,PRW,CJF_1,CJF,1,T,T-PRW111219012,3,2,0.7339181052117095,0.9638692244632583
PRW111219012,PRW,CJF_1,CJF,1,T,T-PRW111219012,3,3,0.8418967958272038,0.9638692244632583
PRW111219012,PRW,JRS_1,JRS,1,T,T-PRW111219012,4,1,0.35157044575093666,0.9083246862128371
PRW111219012,PRW,JRS_1,JRS,1,T,T-PRW111219012,4,2,0.5712389486967075,0.9083246862128371
PRW111219012,PRW,JRS_1,JRS,1,T,T-PRW111219012,4,3,0.701056068781811,0.9083246862128371
PRW111219012,PRW,JRS_1,JRS,1,T,T-PRW111219012,4,4,0.8016176688200461,0.9083246862128371
PRW111219012,PRW,LEL_1,LEL,1,T,T-PRW111219012,4,1,0.42656711844336853,0.9936265232048892
PRW111219012,PRW,LEL_1,LEL,1,T,T-PRW111219012,4,2,0.63070685948889,0.9936265232048892
PRW111219012,PRW,LEL_1,LEL,1,T,T-PRW111219012,4,3,0.7729269804764846,0.9936265232048892
PRW111219012,PRW,LEL_1,LEL,1,T,T-PRW111219012,4,4,0.8808180138297016,0.9936265232048892
PRW111219012,PRW,LSR_1,LSR,1,T,T-PRW111219012,3,1,0.48184851589185246,0.8199710384433847
PRW111219012,PRW,LSR_1,LSR,1,T,T-PRW111219012,3,2,0.6043395217557156,0.8199710384433847
PRW111219012,PRW,LSR_1,LSR,1,T,T-PRW111219012,3,3,0.7161421560860342,0.8199710384433847
PRW111219012,PRW,MJS_1,MJS,1,T,T-PRW111219012,4,1,0.35467059524967776,0.9120463803493657
PRW111219012,PRW,MJS_1,MJS,1,T,T-PRW111219012,4,2,0.5512012985050334,0.9120463803493657
PRW111219012,PRW,MJS_1,MJS,1,T,T-PRW111219012,4,3,0.6781054429455,0.9120463803493657
PRW111219012,PRW,MJS_1,MJS,1,T,T-PRW111219012,4,4,0.7876483620048187,0.9120463803493657
PRW111219013,PRW,CJF_1,CJF,1,T,T-PRW111219013,3,1,0.41012564867769,0.7578936553818317
PRW111219013,PRW,CJF_1,CJF,1,T,T-PRW111219013,3,2,0.5429816474191979,0.7578936553818317
PRW111219013,PRW,CJF_1,CJF,1,T,T-PRW111219013,3,3,0.6521275533305729,0.7578936553818317
PRW111219013,PRW,JRS_1,JRS,1,T,T-PRW111219013,3,1,0.43415624308970974,0.7579041474647997
PRW111219013,PRW,JRS_1,JRS,1,T,T-PRW111219013,3,2,0.558299495630465,0.7579041474647997
PRW111219013,PRW,JRS_1,JRS,1,T,T-PRW111219013,3,3,0.6634048279463589,0.7579041474647997
PRW111219013,PRW,LEL_1,LEL,1,T,T-PRW111219013,3,1,0.580960417092735,0.8993809200605576
PRW111219013,PRW,LEL_1,LEL,1,T,T-PRW111219013,3,2,0.688496863005333,0.8993809200605576
PRW111219013,PRW,LEL_1,LEL,1,T,T-PRW111219013,3,3,0.8089652216869786,0.8993809200605576
PRW111219013,PRW,LSR_1,LSR,1,T,T-PRW111219013,4,1,0.38130280473891753,0.6910712685307131
PRW111219013,PRW,LSR_1,LSR,1,T,T-PRW111219013,4,2,0.45918927860924685,0.6910712685307131
PRW111219013,PRW,LSR_1,LSR,1,T,T-PRW111219013,4,3,0.5485562129004177,0.6910712685307131
PRW111219013,PRW,LSR_1,LSR,1,T,T-PRW111219013,4,4,0.6109411513801684,0.6910712685307131
PRW111219013,PRW,MJS_1,MJS,1,T,T-PRW111219013,3,1,0.4494335436339646,0.8084336724651302
PRW111219013,PRW,MJS_1,MJS,1,T,T-PRW111219013,3,2,0.5889448082390876,0.8084336724651302
PRW111219013,PRW,MJS_1,MJS,1,T,T-PRW111219013,3,3,0.6904576325264946,0.8084336724651302
PRW111219014,PRW,CJF_1,CJF,1,T,T-PRW111219014,1,1,0.4524102589949056,0.6735952242149159
PRW111219014,PRW,JRS_1,JRS,1,T,T-PRW111219014,1,1,0.39006827042839753,0.5901975172926699
PRW111219014,PRW,LEL_1,LEL,1,T,T-PRW111219014,1,1,0.3863237065554188,0.6385293299024302
PRW111219014,PRW,LSR_1,LSR,1,T,T-PRW111219014,1,1,0.4838141211095461,0.6794945188112352
PRW111219014,PRW,MJS_1,MJS,1,T,T-PRW111219014,1,1,0.4478581664553894,0.6508892705078699
PRW111219015,PRW,CJF_1,CJF,1,T,T-PRW111219015,4,1,0.26949402819893264,0.7585319885859735
PRW111219015,PRW,CJF_1,CJF,1,T,T-PRW111219015,4,2,0.41837386197983917,0.7585319885859735
PRW111219015,PRW,CJF_1,CJF,1,T,T-PRW111219015,4,3,0.5113998839109017,0.7585319885859735
PRW111219015,PRW,CJF_1,CJF,1,T,T-PRW111219015,4,4,0.6575253504199325,0.7585319885859735
PRW111219015,PRW,JRS_1,JRS,1,T,T-PRW111219015,4,1,0.26696870276505763,0.7765025554015146
PRW111219015,PRW,JRS_1,JRS,1,T,T-PRW111219015,4,2,0.44974477007758973,0.7765025554015146
PRW111219015,PRW,JRS_1,JRS,1,T,T-PRW111219015,4,3,0.5813809834630589,0.7765025554015146
PRW111219015,PRW,JRS_1,JRS,1,T,T-PRW111219015,4,4,0.6655736189155836,0.7765025554015146
PRW111219015,PRW,LEL_1,LEL,1,T,T-PRW111219015,3,1,0.5477421797740339,0.8948009484485064
PRW111219015,PRW,LEL_1,LEL,1,T,T-PRW111219015,3,2,0.6887925238322025,0.8948009484485064
PRW111219015,PRW,LEL_1,LEL,1,T,T-PRW111219015,3,3,0.7793059463732825,0.8948009484485064
PRW111219015,PRW,LSR_1,LSR,1,T,T-PRW111219015,5,1,0.3529008596696595,0.8645193404350665
PRW111219015,PRW,LSR_1,LSR,1,T,T-PRW111219015,5,2,0.5119640423104697,0.8645193404350665
PRW111219015,PRW,LSR_1,LSR,1,T,T-PRW111219015,5,3,0.5928065325269491,0.8645193404350665
PRW111219015,PRW,LSR_1,LSR,1,T,T-PRW111219015,5,4,0.6922319816518331,0.8645193404350665
PRW111219015,PRW,LSR_1,LSR,1,T,T-PRW111219015,5,5,0.7596199213625133,0.8645193404350665
PRW111219015,PRW,MJS_1,MJS,1,T,T-PRW111219015,3,1,0.4703966500099036,0.8301993495110683
PRW111219015,PRW,MJS_1,MJS,1,T,T-PRW111219015,3,2,0.6171021100126012,0.8301993495110683
PRW111219015,PRW,MJS_1,MJS,1,T,T-PRW111219015,3,3,0.7131390494696495,0.8301993495110683
PRW111219016,PRW,CJF_1,CJF,1,T,T-PRW111219016,3,1,0.47986142585814,0.9328263985885684
PRW111219016,PRW,CJF_1,CJF,1,T,T-PRW111219016,3,2,0.6517528915484196,0.9328263985885684
PRW111219016,PRW,CJF_1,CJF,1,T,T-PRW111219016,3,3,0.7505902915322824,0.9328263985885684
PRW111219016,PRW,JRS_1,JRS,1,T,T-PRW111219016,3,1,0.4722670185207134,0.8253595848112982
PRW111219016,PRW,JRS_1,JRS,1,T,T-PRW111219016,3,2,0.6286328922516562,0.8253595848112982
PRW111219016,PRW,JRS_1,JRS,1,T,T-PRW111219016,3,3,0.7430532484899592,0.8253595848112982
PRW111219016,PRW,LEL_1,LEL,1,T,T-PRW111219016,3,1,0.453426068602781,0.8851873998304982
PRW111219016,PRW,LEL_1,LEL,1,T,T-PRW111219016,3,2,0.611917241718114,0.8851873998304982
PRW111219016,PRW,LEL_1,LEL,1,T,T-PRW111219016,3,3,0.7426437560356516,0.8851873998304982
PRW111219016,PRW,LSR_1,LSR,1,T,T-PRW111219016,4,1,0.44217564985398933,0.8514921369150874
PRW111219016,PRW,LSR_1,LSR,1,T,T-PRW111219016,4,2,0.576164958793755,0.8514921369150874
PRW111219016,PRW,LSR_1,LSR,1,T,T-PRW111219016,4,3,0.6976751680643186,0.8514921369150874
PRW111219016,PRW,LSR_1,LSR,1,T,T-PRW111219016,4,4,0.7663228281904234,0.8514921369150874
PRW111219016,PRW,MJS_1,MJS,1,T,T-PRW111219016,4,1,0.5316822427215446,0.9774538419824234
PRW111219016,PRW,MJS_1,MJS,1,T,T-PRW111219016,4,2,0.6816890850516936,0.9774538419824234
PRW111219016,PRW,MJS_1,MJS,1,T,T-PRW111219016,4,3,0.8274469996522746,0.9774538419824234
PRW111219016,PRW,MJS_1,MJS,1,T,T-PRW111219016,4,4,0.9168811226361318,0.9774538419824234
PRW111219017,PRW,CJF_1,CJF,1,T,T-PRW111219017,4,1,0.572484095436428,0.960265699738197
PRW111219017,PRW,CJF_1,CJF,1,T,T-PRW111219017,4,2,0.6795032537633072,0.960265699738197
PRW111219017,PRW,CJF_1,CJF,1,T,T-PRW111219017,4,3,0.7761412898851718,0.960265699738197
PRW111219017,PRW,CJF_1,CJF,1,T,T-PRW111219017,4,4,0.877550570762192,0.960265699738197
PRW111219017,PRW,LEL_1,LEL,1,T,T-PRW111219017,4,1,0.5101807267945458,1.2204406626854651
PRW111219017,PRW,LEL_1,LEL,1,T,T-PRW111219017,4,2,0.6551091514425172,1.2204406626854651
PRW111219017,PRW,LEL_1,LEL,1,T,T-PRW111219017,4,3,0.7556605677697288,1.2204406626854651
PRW111219017,PRW,LEL_1,LEL,1,T,T-PRW111219017,4,4,0.8922036712588401,1.2204406626854651
PRW111219017,PRW,LSR_1,LSR,1,T,T-PRW111219017,3,1,0.6622451404902429,1.0544923998920819
PRW111219017,PRW,LSR_1,LSR,1,T,T-PRW111219017,3,2,0.7814762766669601,1.0544923998920819
PRW111219017,PRW,LSR_1,LSR,1,T,T-PRW111219017,3,3,0.9730950081874619,1.0544923998920819
PRW111219017,PRW,MJS_1,MJS,1,T,T-PRW111219017,4,1,0.5036240971086844,1.0041359644652075
PRW111219017,PRW,MJS_1,MJS,1,T,T-PRW111219017,4,2,0.6122491072566546,1.0041359644652075
PRW111219017,PRW,MJS_1,MJS,1,T,T-PRW111219017,4,3,0.7524748803095579,1.0041359644652075
PRW111219017,PRW,MJS_1,MJS,1,T,T-PRW111219017,4,4,0.8709672918521046,1.0041359644652075
PRW111219018,PRW,CJF_1,CJF,1,T,T-PRW111219018,0,NA,NA,0.4952532622662205
PRW111219018,PRW,JRS_1,JRS,1,T,T-PRW111219018,0,NA,NA,0.47469897682708073
PRW111219018,PRW,LEL_1,LEL,1,T,T-PRW111219018,1,1,0.51130472437013,0.6441327032089311
PRW111219018,PRW,LSR_1,LSR,1,T,T-PRW111219018,1,1,0.32335407731716903,0.45511486490305053
PRW111219018,PRW,MJS_1,MJS,1,T,T-PRW111219018,0,NA,NA,0.5317236955823667
PRW111219019,PRW,CJF_1,CJF,1,T,T-PRW111219019,0,NA,NA,0.44981802593268444
PRW111219019,PRW,JRS_1,JRS,1,T,T-PRW111219019,0,NA,NA,0.4010124225557894
PRW111219019,PRW,LEL_1,LEL,1,T,T-PRW111219019,0,NA,NA,0.5156902079660952
PRW111219019,PRW,LSR_1,LSR,1,T,T-PRW111219019,1,1,0.2759536571310234,0.4617709746320712
PRW111219019,PRW,MJS_1,MJS,1,T,T-PRW111219019,0,NA,NA,0.5291984870478766
PRW111219020,PRW,CJF_1,CJF,1,T,T-PRW111219020,3,1,0.3870020267943045,0.8370990775539332
PRW111219020,PRW,CJF_1,CJF,1,T,T-PRW111219020,3,2,0.562371974232123,0.8370990775539332
PRW111219020,PRW,CJF_1,CJF,1,T,T-PRW111219020,3,3,0.6943497504567628,0.8370990775539332
PRW111219020,PRW,JRS_1,JRS,1,T,T-PRW111219020,3,1,0.3839729655243672,0.7834003626033503
PRW111219020,PRW,JRS_1,JRS,1,T,T-PRW111219020,3,2,0.5396644011924251,0.7834003626033503
PRW111219020,PRW,JRS_1,JRS,1,T,T-PRW111219020,3,3,0.6584102516486933,0.7834003626033503
PRW111219020,PRW,LEL_1,LEL,1,T,T-PRW111219020,2,1,0.4921258104389306,0.7420944760587056
PRW111219020,PRW,LEL_1,LEL,1,T,T-PRW111219020,2,2,0.6407311972297977,0.7420944760587056
PRW111219020,PRW,LSR_1,LSR,1,T,T-PRW111219020,3,1,0.5071422682325882,0.8251389138855452
PRW111219020,PRW,LSR_1,LSR,1,T,T-PRW111219020,3,2,0.6569897724412281,0.8251389138855452
PRW111219020,PRW,LSR_1,LSR,1,T,T-PRW111219020,3,3,0.7511928025192509,0.8251389138855452
PRW111219020,PRW,MJS_1,MJS,1,T,T-PRW111219020,3,1,0.4264059709250636,0.8585730803994446
PRW111219020,PRW,MJS_1,MJS,1,T,T-PRW111219020,3,2,0.5499351859097124,0.8585730803994446
PRW111219020,PRW,MJS_1,MJS,1,T,T-PRW111219020,3,3,0.7040748272023729,0.8585730803994446
PRW111219021,PRW,CJF_1,CJF,1,T,T-PRW111219021,1,1,0.4309961431743641,0.5868025368250828
PRW111219021,PRW,JRS_1,JRS,1,T,T-PRW111219021,1,1,0.3634398467961361,0.519127077402334
PRW111219021,PRW,LEL_1,LEL,1,T,T-PRW111219021,1,1,0.4482574569659096,0.6302048299106369
PRW111219021,PRW,LSR_1,LSR,1,T,T-PRW111219021,2,1,0.5057436853263179,0.6102013430109322
PRW111219021,PRW,LSR_1,LSR,1,T,T-PRW111219021,2,2,0.57812271466801,0.6102013430109322
PRW111219021,PRW,MJS_1,MJS,1,T,T-PRW111219021,1,1,0.5006500330591883,0.6208735611449823
PRW111219022,PRW,CJF_1,CJF,1,T,T-PRW111219022,1,1,0.37196363375311214,0.5082966104626552
PRW111219022,PRW,JRS_1,JRS,1,T,T-PRW111219022,1,1,0.37670464938802867,0.5039182544068967
PRW111219022,PRW,LEL_1,LEL,1,T,T-PRW111219022,0,NA,NA,0.5371266150134488
PRW111219022,PRW,LSR_1,LSR,1,T,T-PRW111219022,1,1,0.49387400912280593,0.6297032897066557
PRW111219022,PRW,MJS_1,MJS,1,T,T-PRW111219022,1,1,0.4338028963917302,0.5664362086232381
PRW111219023,PRW,CJF_1,CJF,1,T,T-PRW111219023,4,1,0.4417382467098903,0.986987184991395
PRW111219023,PRW,CJF_1,CJF,1,T,T-PRW111219023,4,2,0.6480888601307306,0.986987184991395
PRW111219023,PRW,CJF_1,CJF,1,T,T-PRW111219023,4,3,0.7689323276602854,0.986987184991395
PRW111219023,PRW,CJF_1,CJF,1,T,T-PRW111219023,4,4,0.8818239059780194,0.986987184991395
PRW111219023,PRW,JRS_1,JRS,1,T,T-PRW111219023,4,1,0.3454344924042456,0.8633074727090451
PRW111219023,PRW,JRS_1,JRS,1,T,T-PRW111219023,4,2,0.5180016379824463,0.8633074727090451
PRW111219023,PRW,JRS_1,JRS,1,T,T-PRW111219023,4,3,0.6366924775648612,0.8633074727090451
PRW111219023,PRW,JRS_1,JRS,1,T,T-PRW111219023,4,4,0.7635548234209979,0.8633074727090451
PRW111219023,PRW,LEL_1,LEL,1,T,T-PRW111219023,3,1,0.6139215582538747,0.9594829398549652
PRW111219023,PRW,LEL_1,LEL,1,T,T-PRW111219023,3,2,0.723865533200094,0.9594829398549652
PRW111219023,PRW,LEL_1,LEL,1,T,T-PRW111219023,3,3,0.8548353474959828,0.9594829398549652
PRW111219023,PRW,LSR_1,LSR,1,T,T-PRW111219023,4,1,0.4578811402362614,1.020006070020241
PRW111219023,PRW,LSR_1,LSR,1,T,T-PRW111219023,4,2,0.6635892877599285,1.020006070020241
PRW111219023,PRW,LSR_1,LSR,1,T,T-PRW111219023,4,3,0.792749775012177,1.020006070020241
PRW111219023,PRW,LSR_1,LSR,1,T,T-PRW111219023,4,4,0.8969935645598957,1.020006070020241
PRW111219023,PRW,MJS_1,MJS,1,T,T-PRW111219023,4,1,0.5225845572508185,1.072448259707331
PRW111219023,PRW,MJS_1,MJS,1,T,T-PRW111219023,4,2,0.7234579121629291,1.072448259707331
PRW111219023,PRW,MJS_1,MJS,1,T,T-PRW111219023,4,3,0.8460588950986102,1.072448259707331
PRW111219023,PRW,MJS_1,MJS,1,T,T-PRW111219023,4,4,0.9702678430534349,1.072448259707331
PRW111219024,PRW,CJF_1,CJF,1,T,T-PRW111219024,1,1,0.4211447369043711,0.6239591349491589
PRW111219024,PRW,JRS_1,JRS,1,T,T-PRW111219024,1,1,0.4777351047709419,0.6447880041705149
PRW111219024,PRW,LEL_1,LEL,1,T,T-PRW111219024,1,1,0.4786048687865087,0.6562985164500886
PRW111219024,PRW,LSR_1,LSR,1,T,T-PRW111219024,2,1,0.41590450554916175,0.7104259816798766
PRW111219024,PRW,LSR_1,LSR,1,T,T-PRW111219024,2,2,0.5529652490103745,0.7104259816798766
PRW111219024,PRW,MJS_1,MJS,1,T,T-PRW111219024,1,1,0.4818223526869946,0.6399624121226986
PRW111219025,PRW,CJF_1,CJF,1,T,T-PRW111219025,1,1,0.39671265138171863,0.6051063503314986
PRW111219025,PRW,JRS_1,JRS,1,T,T-PRW111219025,1,1,0.4406125923257376,0.59425443775533
PRW111219025,PRW,LEL_1,LEL,1,T,T-PRW111219025,1,1,0.4630419242974238,0.6575788703169132
PRW111219025,PRW,LSR_1,LSR,1,T,T-PRW111219025,2,1,0.4803093324968375,0.6519586943170212
PRW111219025,PRW,LSR_1,LSR,1,T,T-PRW111219025,2,2,0.598277961527102,0.6519586943170212
PRW111219025,PRW,MJS_1,MJS,1,T,T-PRW111219025,1,1,0.3791983457168082,0.5825610791551499
PRW111219026,PRW,CJF_1,CJF,1,T,T-PRW111219026,1,1,0.3934020991775067,0.6768125995148548
PRW111219026,PRW,JRS_1,JRS,1,T,T-PRW111219026,1,1,0.440190869618414,0.667824440420548
PRW111219026,PRW,LEL_1,LEL,1,T,T-PRW111219026,0,NA,NA,0.701883989447475
PRW111219026,PRW,LSR_1,LSR,1,T,T-PRW111219026,2,1,0.45655683365277666,0.679133991317666
PRW111219026,PRW,LSR_1,LSR,1,T,T-PRW111219026,2,2,0.6128169447511194,0.679133991317666
PRW111219026,PRW,MJS_1,MJS,1,T,T-PRW111219026,1,1,0.3579172754171293,0.5983066461940469
PRW111219027,PRW,CJF_1,CJF,1,T,T-PRW111219027,0,NA,NA,0.4007470821041101
PRW111219027,PRW,JRS_1,JRS,1,T,T-PRW111219027,0,NA,NA,0.33403302171840005
PRW111219027,PRW,LEL_1,LEL,1,T,T-PRW111219027,0,NA,NA,0.4090935435265363
PRW111219027,PRW,LSR_1,LSR,1,T,T-PRW111219027,1,1,0.31622868805464116,0.4117783354920347
PRW111219027,PRW,MJS_1,MJS,1,T,T-PRW111219027,0,NA,NA,0.3829565463065891
PRW111219028,PRW,CJF_1,CJF,1,T,T-PRW111219028,4,1,0.4622998950838091,1.0187876573323182
PRW111219028,PRW,CJF_1,CJF,1,T,T-PRW111219028,4,2,0.6495658598611741,1.0187876573323182
PRW111219028,PRW,CJF_1,CJF,1,T,T-PRW111219028,4,3,0.8025232534602196,1.0187876573323182
PRW111219028,PRW,CJF_1,CJF,1,T,T-PRW111219028,4,4,0.8875600730899285,1.0187876573323182
PRW111219028,PRW,JRS_1,JRS,1,T,T-PRW111219028,4,1,0.4787126299745476,1.0255920771861682
PRW111219028,PRW,JRS_1,JRS,1,T,T-PRW111219028,4,2,0.6611691237793259,1.0255920771861682
PRW111219028,PRW,JRS_1,JRS,1,T,T-PRW111219028,4,3,0.8195467161599077,1.0255920771861682
PRW111219028,PRW,JRS_1,JRS,1,T,T-PRW111219028,4,4,0.918217089182712,1.0255920771861682
PRW111219028,PRW,LEL_1,LEL,1,T,T-PRW111219028,4,1,0.5571541904195154,1.1442628909178791
PRW111219028,PRW,LEL_1,LEL,1,T,T-PRW111219028,4,2,0.7736765504374534,1.1442628909178791
PRW111219028,PRW,LEL_1,LEL,1,T,T-PRW111219028,4,3,0.8874612583212966,1.1442628909178791
PRW111219028,PRW,LEL_1,LEL,1,T,T-PRW111219028,4,4,1.007534285068622,1.1442628909178791
PRW111219028,PRW,LSR_1,LSR,1,T,T-PRW111219028,4,1,0.5595453298442267,1.0652781013728758
PRW111219028,PRW,LSR_1,LSR,1,T,T-PRW111219028,4,2,0.7277146359572261,1.0652781013728758
PRW111219028,PRW,LSR_1,LSR,1,T,T-PRW111219028,4,3,0.8813476678525486,1.0652781013728758
PRW111219028,PRW,LSR_1,LSR,1,T,T-PRW111219028,4,4,0.9693852562029218,1.0652781013728758
PRW111219028,PRW,MJS_1,MJS,1,T,T-PRW111219028,4,1,0.5011341513525771,1.047643220164207
PRW111219028,PRW,MJS_1,MJS,1,T,T-PRW111219028,4,2,0.6866525962349973,1.047643220164207
PRW111219028,PRW,MJS_1,MJS,1,T,T-PRW111219028,4,3,0.7978297487815685,1.047643220164207
PRW111219028,PRW,MJS_1,MJS,1,T,T-PRW111219028,4,4,0.9146996061603606,1.047643220164207
PRW111219029,PRW,CJF_1,CJF,1,T,T-PRW111219029,4,1,0.5105806040385661,0.9801295585976113
PRW111219029,PRW,CJF_1,CJF,1,T,T-PRW111219029,4,2,0.6648565682169396,0.9801295585976113
PRW111219029,PRW,CJF_1,CJF,1,T,T-PRW111219029,4,3,0.805377296182794,0.9801295585976113
PRW111219029,PRW,CJF_1,CJF,1,T,T-PRW111219029,4,4,0.8924410901909963,0.9801295585976113
PRW111219029,PRW,JRS_1,JRS,1,T,T-PRW111219029,4,1,0.47119303496737064,0.90482529535969
PRW111219029,PRW,JRS_1,JRS,1,T,T-PRW111219029,4,2,0.6191680923473328,0.90482529535969
PRW111219029,PRW,JRS_1,JRS,1,T,T-PRW111219029,4,3,0.7365728176263526,0.90482529535969
PRW111219029,PRW,JRS_1,JRS,1,T,T-PRW111219029,4,4,0.8097347289979696,0.90482529535969
PRW111219029,PRW,LEL_1,LEL,1,T,T-PRW111219029,3,1,0.6734607264127405,0.9759379404784159
PRW111219029,PRW,LEL_1,LEL,1,T,T-PRW111219029,3,2,0.8089119743484371,0.9759379404784159
PRW111219029,PRW,LEL_1,LEL,1,T,T-PRW111219029,3,3,0.8911792716892207,0.9759379404784159
PRW111219029,PRW,LSR_1,LSR,1,T,T-PRW111219029,5,1,0.5213616769487674,1.0100459421268073
PRW111219029,PRW,LSR_1,LSR,1,T,T-PRW111219029,5,2,0.6398314956886423,1.0100459421268073
PRW111219029,PRW,LSR_1,LSR,1,T,T-PRW111219029,5,3,0.7719642395696167,1.0100459421268073
PRW111219029,PRW,LSR_1,LSR,1,T,T-PRW111219029,5,4,0.8611110889913505,1.0100459421268073
PRW111219029,PRW,LSR_1,LSR,1,T,T-PRW111219029,5,5,0.928211896839676,1.0100459421268073
PRW111219029,PRW,MJS_1,MJS,1,T,T-PRW111219029,4,1,0.49865040521606646,0.9240766942851337
PRW111219029,PRW,MJS_1,MJS,1,T,T-PRW111219029,4,2,0.6460331623031964,0.9240766942851337
PRW111219029,PRW,MJS_1,MJS,1,T,T-PRW111219029,4,3,0.7820602590858599,0.9240766942851337
PRW111219029,PRW,MJS_1,MJS,1,T,T-PRW111219029,4,4,0.8480136630620175,0.9240766942851337
PRW111219030,PRW,CJF_1,CJF,1,T,T-PRW111219030,2,1,0.46291096726063036,0.8635900376890634
PRW111219030,PRW,CJF_1,CJF,1,T,T-PRW111219030,2,2,0.7187883855350609,0.8635900376890634
PRW111219030,PRW,JRS_1,JRS,1,T,T-PRW111219030,2,1,0.5704246788766301,0.9135371867777132
PRW111219030,PRW,JRS_1,JRS,1,T,T-PRW111219030,2,2,0.7914051780562739,0.9135371867777132
PRW111219030,PRW,LEL_1,LEL,1,T,T-PRW111219030,2,1,0.6109269435933699,0.9665726648951638
PRW111219030,PRW,LEL_1,LEL,1,T,T-PRW111219030,2,2,0.8400689132544206,0.9665726648951638
PRW111219030,PRW,LSR_1,LSR,1,T,T-PRW111219030,3,1,0.45604279966262284,0.8967885646738196
PRW111219030,PRW,LSR_1,LSR,1,T,T-PRW111219030,3,2,0.5966085776447018,0.8967885646738196
PRW111219030,PRW,LSR_1,LSR,1,T,T-PRW111219030,3,3,0.7784485257171251,0.8967885646738196
PRW111219030,PRW,MJS_1,MJS,1,T,T-PRW111219030,2,1,0.5002880023248464,0.8778901132142842
PRW111219030,PRW,MJS_1,MJS,1,T,T-PRW111219030,2,2,0.7425547581482821,0.8778901132142842
PRW111219031,PRW,CJF_1,CJF,1,T,T-PRW111219031,4,1,0.33038429412236886,0.9738879468959661
PRW111219031,PRW,CJF_1,CJF,1,T,T-PRW111219031,4,2,0.6233757816017401,0.9738879468959661
PRW111219031,PRW,CJF_1,CJF,1,T,T-PRW111219031,4,3,0.7395431803619328,0.9738879468959661
PRW111219031,PRW,CJF_1,CJF,1,T,T-PRW111219031,4,4,0.8658505236179316,0.9738879468959661
PRW111219031,PRW,JRS_1,JRS,1,T,T-PRW111219031,4,1,0.3860774724493969,0.9774151718352031
PRW111219031,PRW,JRS_1,JRS,1,T,T-PRW111219031,4,2,0.6531628641180718,0.9774151718352031
PRW111219031,PRW,JRS_1,JRS,1,T,T-PRW111219031,4,3,0.7701613191256936,0.9774151718352031
PRW111219031,PRW,JRS_1,JRS,1,T,T-PRW111219031,4,4,0.8734527469116433,0.9774151718352031
PRW111219031,PRW,LEL_1,LEL,1,T,T-PRW111219031,4,1,0.4314509721487154,1.045181751754239
PRW111219031,PRW,LEL_1,LEL,1,T,T-PRW111219031,4,2,0.6964992012896326,1.045181751754239
PRW111219031,PRW,LEL_1,LEL,1,T,T-PRW111219031,4,3,0.8242842119977649,1.045181751754239
PRW111219031,PRW,LEL_1,LEL,1,T,T-PRW111219031,4,4,0.9325519986897964,1.045181751754239
PRW111219031,PRW,LSR_1,LSR,1,T,T-PRW111219031,4,1,0.38701071835377626,0.9658688624650995
PRW111219031,PRW,LSR_1,LSR,1,T,T-PRW111219031,4,2,0.6208591240679792,0.9658688624650995
PRW111219031,PRW,LSR_1,LSR,1,T,T-PRW111219031,4,3,0.7460168429790655,0.9658688624650995
PRW111219031,PRW,LSR_1,LSR,1,T,T-PRW111219031,4,4,0.8547075297821811,0.9658688624650995
PRW111219031,PRW,MJS_1,MJS,1,T,T-PRW111219031,4,1,0.3780506094658149,0.9849000002215345
PRW111219031,PRW,MJS_1,MJS,1,T,T-PRW111219031,4,2,0.6526517474334835,0.9849000002215345
PRW111219031,PRW,MJS_1,MJS,1,T,T-PRW111219031,4,3,0.7714396718571891,0.9849000002215345
PRW111219031,PRW,MJS_1,MJS,1,T,T-PRW111219031,4,4,0.899643670135145,0.9849000002215345
PRW111219032,PRW,CJF_1,CJF,1,T,T-PRW111219032,1,1,0.3950320183869018,0.5689743415168339
PRW111219032,PRW,JRS_1,JRS,1,T,T-PRW111219032,1,1,0.47198262013808556,0.6076476464982608
PRW111219032,PRW,LEL_1,LEL,1,T,T-PRW111219032,1,1,0.5199405243430832,0.6646701148917569
PRW111219032,PRW,LSR_1,LSR,1,T,T-PRW111219032,1,1,0.5041466583447828,0.6320715228146452
PRW111219032,PRW,MJS_1,MJS,1,T,T-PRW111219032,1,1,0.49648664285737887,0.6436310740660257
PRW111219033,PRW,CJF_1,CJF,1,T,T-PRW111219033,1,1,0.385517103402872,0.5839135981068262
PRW111219033,PRW,JRS_1,JRS,1,T,T-PRW111219033,0,NA,NA,0.5618676166552152
PRW111219033,PRW,LEL_1,LEL,1,T,T-PRW111219033,0,NA,NA,0.6819857211642004
PRW111219033,PRW,LSR_1,LSR,1,T,T-PRW111219033,1,1,0.4202440017306594,0.6396669764562819
PRW111219033,PRW,MJS_1,MJS,1,T,T-PRW111219033,1,1,0.3883079272219081,0.5744758701137921
PRW111219034,PRW,CJF_1,CJF,1,T,T-PRW111219034,5,1,0.3353630420974378,1.0589704325207983
PRW111219034,PRW,CJF_1,CJF,1,T,T-PRW111219034,5,2,0.49273391555939694,1.0589704325207983
PRW111219034,PRW,CJF_1,CJF,1,T,T-PRW111219034,5,3,0.6461518529659538,1.0589704325207983
PRW111219034,PRW,CJF_1,CJF,1,T,T-PRW111219034,5,4,0.7559774476207063,1.0589704325207983
PRW111219034,PRW,CJF_1,CJF,1,T,T-PRW111219034,5,5,0.8881375672419959,1.0589704325207983
PRW111219034,PRW,JRS_1,JRS,1,T,T-PRW111219034,5,1,0.4485463025887755,1.139841547411057
PRW111219034,PRW,JRS_1,JRS,1,T,T-PRW111219034,5,2,0.6134940634923451,1.139841547411057
PRW111219034,PRW,JRS_1,JRS,1,T,T-PRW111219034,5,3,0.7506206352130994,1.139841547411057
PRW111219034,PRW,JRS_1,JRS,1,T,T-PRW111219034,5,4,0.8674299099821421,1.139841547411057
PRW111219034,PRW,JRS_1,JRS,1,T,T-PRW111219034,5,5,0.9930167037175954,1.139841547411057
PRW111219034,PRW,LEL_1,LEL,1,T,T-PRW111219034,4,1,0.5088298669412482,1.2380306608152416
PRW111219034,PRW,LEL_1,LEL,1,T,T-PRW111219034,4,2,0.6650814500387613,1.2380306608152416
PRW111219034,PRW,LEL_1,LEL,1,T,T-PRW111219034,4,3,0.8053232517416656,1.2380306608152416
PRW111219034,PRW,LEL_1,LEL,1,T,T-PRW111219034,4,4,1.0737615209798768,1.2380306608152416
PRW111219034,PRW,LSR_1,LSR,1,T,T-PRW111219034,5,1,0.4613284767103074,1.2005857718690245
PRW111219034,PRW,LSR_1,LSR,1,T,T-PRW111219034,5,2,0.6316559764310294,1.2005857718690245
PRW111219034,PRW,LSR_1,LSR,1,T,T-PRW111219034,5,3,0.7660843100578123,1.2005857718690245
PRW111219034,PRW,LSR_1,LSR,1,T,T-PRW111219034,5,4,0.8615894271923739,1.2005857718690245
PRW111219034,PRW,LSR_1,LSR,1,T,T-PRW111219034,5,5,1.0275274808813273,1.2005857718690245
PRW111219034,PRW,MJS_1,MJS,1,T,T-PRW111219034,6,1,0.41799241624915145,1.1053672749621541
PRW111219034,PRW,MJS_1,MJS,1,T,T-PRW111219034,6,2,0.5609942750892014,1.1053672749621541
PRW111219034,PRW,MJS_1,MJS,1,T,T-PRW111219034,6,3,0.7148739144539127,1.1053672749621541
PRW111219034,PRW,MJS_1,MJS,1,T,T-PRW111219034,6,4,0.8056140294115997,1.1053672749621541
PRW111219034,PRW,MJS_1,MJS,1,T,T-PRW111219034,6,5,0.9320961478451525,1.1053672749621541
PRW111219034,PRW,MJS_1,MJS,1,T,T-PRW111219034,6,6,1.0228362628028393,1.1053672749621541
PRW111219035,PRW,CJF_1,CJF,1,T,T-PRW111219035,4,1,0.3567688274359596,1.0150949968065184
PRW111219035,PRW,CJF_1,CJF,1,T,T-PRW111219035,4,2,0.6339957953509899,1.0150949968065184
PRW111219035,PRW,CJF_1,CJF,1,T,T-PRW111219035,4,3,0.7534843434876618,1.0150949968065184
PRW111219035,PRW,CJF_1,CJF,1,T,T-PRW111219035,4,4,0.8934431267086771,1.0150949968065184
PRW111219035,PRW,JRS_1,JRS,1,T,T-PRW111219035,4,1,0.3183347420508597,0.8812412830620747
PRW111219035,PRW,JRS_1,JRS,1,T,T-PRW111219035,4,2,0.5233093937837813,0.8812412830620747
PRW111219035,PRW,JRS_1,JRS,1,T,T-PRW111219035,4,3,0.6609309622965559,0.8812412830620747
PRW111219035,PRW,JRS_1,JRS,1,T,T-PRW111219035,4,4,0.7770067282966757,0.8812412830620747
PRW111219035,PRW,LEL_1,LEL,1,T,T-PRW111219035,4,1,0.495264942492793,1.121105422244218
PRW111219035,PRW,LEL_1,LEL,1,T,T-PRW111219035,4,2,0.740218779293445,1.121105422244218
PRW111219035,PRW,LEL_1,LEL,1,T,T-PRW111219035,4,3,0.9103729816533999,1.121105422244218
PRW111219035,PRW,LEL_1,LEL,1,T,T-PRW111219035,4,4,1.0030095968260047,1.121105422244218
PRW111219035,PRW,LSR_1,LSR,1,T,T-PRW111219035,4,1,0.460611415767753,1.0202924219449403
PRW111219035,PRW,LSR_1,LSR,1,T,T-PRW111219035,4,2,0.6689700608365129,1.0202924219449403
PRW111219035,PRW,LSR_1,LSR,1,T,T-PRW111219035,4,3,0.8042830856650309,1.0202924219449403
PRW111219035,PRW,LSR_1,LSR,1,T,T-PRW111219035,4,4,0.9084902221519472,1.0202924219449403
PRW111219035,PRW,MJS_1,MJS,1,T,T-PRW111219035,4,1,0.5039578987554364,1.091684209277369
PRW111219035,PRW,MJS_1,MJS,1,T,T-PRW111219035,4,2,0.7232329184478038,1.091684209277369
PRW111219035,PRW,MJS_1,MJS,1,T,T-PRW111219035,4,3,0.850950776534212,1.091684209277369
PRW111219035,PRW,MJS_1,MJS,1,T,T-PRW111219035,4,4,0.9805764710882199,1.091684209277369
PRW111219036,PRW,CJF_1,CJF,1,T,T-PRW111219036,1,1,0.40707928933401966,0.5858525570620915
PRW111219036,PRW,JRS_1,JRS,1,T,T-PRW111219036,1,1,0.41007708891836425,0.5819389062063419
PRW111219036,PRW,LEL_1,LEL,1,T,T-PRW111219036,0,NA,NA,0.5101067196995474
PRW111219036,PRW,LSR_1,LSR,1,T,T-PRW111219036,1,1,0.5035865891498442,0.7097352859002847
PRW111219036,PRW,MJS_1,MJS,1,T,T-PRW111219036,1,1,0.3818609201887913,0.5727764490419407
PRW111219037,PRW,CJF_1,CJF,1,T,T-PRW111219037,1,1,0.4228103977083187,0.7030704732122661
PRW111219037,PRW,JRS_1,JRS,1,T,T-PRW111219037,1,1,0.450170526185301,0.6609730178574511
PRW111219037,PRW,LEL_1,LEL,1,T,T-PRW111219037,1,1,0.426449432150416,0.6794172830661915
PRW111219037,PRW,LSR_1,LSR,1,T,T-PRW111219037,3,1,0.21713773229925235,0.6548676511430014
PRW111219037,PRW,LSR_1,LSR,1,T,T-PRW111219037,3,2,0.38981573359745536,0.6548676511430014
PRW111219037,PRW,LSR_1,LSR,1,T,T-PRW111219037,3,3,0.5757015665815607,0.6548676511430014
PRW111219037,PRW,MJS_1,MJS,1,T,T-PRW111219037,1,1,0.4237612638833183,0.6467515074078853
PRW111219038,PRW,CJF_1,CJF,1,T,T-PRW111219038,1,1,0.4852640504965527,0.7064545669061717
PRW111219038,PRW,JRS_1,JRS,1,T,T-PRW111219038,1,1,0.4991516957292619,0.6705020455599109
PRW111219038,PRW,LEL_1,LEL,1,T,T-PRW111219038,1,1,0.5586538198961785,0.7651895479118542
PRW111219038,PRW,LSR_1,LSR,1,T,T-PRW111219038,1,1,0.6917385641426903,0.8638075927549863
PRW111219038,PRW,MJS_1,MJS,1,T,T-PRW111219038,1,1,0.514814313863089,0.6841309343465789
PRW111219039,PRW,CJF_1,CJF,1,T,T-PRW111219039,4,1,0.3995061786478451,0.9588159447757053
PRW111219039,PRW,CJF_1,CJF,1,T,T-PRW111219039,4,2,0.6143630471006741,0.9588159447757053
PRW111219039,PRW,CJF_1,CJF,1,T,T-PRW111219039,4,3,0.7381119571346846,0.9588159447757053
PRW111219039,PRW,CJF_1,CJF,1,T,T-PRW111219039,4,4,0.8477332354349331,0.9588159447757053
PRW111219039,PRW,JRS_1,JRS,1,T,T-PRW111219039,4,1,0.3978505319693139,0.9200477488577293
PRW111219039,PRW,JRS_1,JRS,1,T,T-PRW111219039,4,2,0.5989748446573389,0.9200477488577293
PRW111219039,PRW,JRS_1,JRS,1,T,T-PRW111219039,4,3,0.7104323368009039,0.9200477488577293
PRW111219039,PRW,JRS_1,JRS,1,T,T-PRW111219039,4,4,0.8255724554517647,0.9200477488577293
PRW111219039,PRW,LEL_1,LEL,1,T,T-PRW111219039,4,1,0.3793635733485771,0.8974278525485686
PRW111219039,PRW,LEL_1,LEL,1,T,T-PRW111219039,4,2,0.5646620326574628,0.8974278525485686
PRW111219039,PRW,LEL_1,LEL,1,T,T-PRW111219039,4,3,0.6824069227939112,0.8974278525485686
PRW111219039,PRW,LEL_1,LEL,1,T,T-PRW111219039,4,4,0.8109587340127979,0.8974278525485686
PRW111219039,PRW,LSR_1,LSR,1,T,T-PRW111219039,4,1,0.43370247667118933,0.9609011523365855
PRW111219039,PRW,LSR_1,LSR,1,T,T-PRW111219039,4,2,0.6178317709197116,0.9609011523365855
PRW111219039,PRW,LSR_1,LSR,1,T,T-PRW111219039,4,3,0.7508711889751702,0.9609011523365855
PRW111219039,PRW,LSR_1,LSR,1,T,T-PRW111219039,4,4,0.865159069462964,0.9609011523365855
PRW111219039,PRW,MJS_1,MJS,1,T,T-PRW111219039,4,1,0.4866111922241146,1.0181594959812483
PRW111219039,PRW,MJS_1,MJS,1,T,T-PRW111219039,4,2,0.6790817487451708,1.0181594959812483
PRW111219039,PRW,MJS_1,MJS,1,T,T-PRW111219039,4,3,0.8013775845958186,1.0181594959812483
PRW111219039,PRW,MJS_1,MJS,1,T,T-PRW111219039,4,4,0.910044474680805,1.0181594959812483
PRW111219040,PRW,CJF_1,CJF,1,T,T-PRW111219040,1,1,0.3881902457668865,0.5410389600747137
PRW111219040,PRW,JRS_1,JRS,1,T,T-PRW111219040,1,1,0.35408690794304926,0.4981876384355265
PRW111219040,PRW,LEL_1,LEL,1,T,T-PRW111219040,1,1,0.3306860157757083,0.5393844097137092
PRW111219040,PRW,LSR_1,LSR,1,T,T-PRW111219040,2,1,0.3412862179079865,0.5512656395148662
PRW111219040,PRW,LSR_1,LSR,1,T,T-PRW111219040,2,2,0.48930102239162565,0.5512656395148662
PRW111219040,PRW,MJS_1,MJS,1,T,T-PRW111219040,1,1,0.4166235620731387,0.5667057376466889
PRW111219041,PRW,CJF_1,CJF,1,T,T-PRW111219041,1,1,0.40034897659143426,0.5872593374485453
PRW111219041,PRW,JRS_1,JRS,1,T,T-PRW111219041,1,1,0.37784174048753333,0.5432068992521235
PRW111219041,PRW,LEL_1,LEL,1,T,T-PRW111219041,1,1,0.39747065359484657,0.5731515526864699
PRW111219041,PRW,LSR_1,LSR,1,T,T-PRW111219041,2,1,0.1946144093137931,0.582396360189511
PRW111219041,PRW,LSR_1,LSR,1,T,T-PRW111219041,2,2,0.38807132442609243,0.582396360189511
PRW111219041,PRW,MJS_1,MJS,1,T,T-PRW111219041,1,1,0.44448864411726713,0.6479870449534146
PRW111219042,PRW,CJF_1,CJF,1,T,T-PRW111219042,1,1,0.3644641839281563,0.5398204311947066
PRW111219042,PRW,JRS_1,JRS,1,T,T-PRW111219042,1,1,0.3165228299562754,0.46579186474754164
PRW111219042,PRW,LEL_1,LEL,1,T,T-PRW111219042,1,1,0.3728930271149574,0.5244911528889287
PRW111219042,PRW,LSR_1,LSR,1,T,T-PRW111219042,1,1,0.5624932564882281,0.7310862326208408
PRW111219042,PRW,MJS_1,MJS,1,T,T-PRW111219042,1,1,0.5641599873839315,0.7066813996749952
PRW111219043,PRW,CJF_1,CJF,1,T,T-PRW111219043,0,NA,NA,0.5501313492333211
PRW111219043,PRW,JRS_1,JRS,1,T,T-PRW111219043,0,NA,NA,0.45800997417099004
PRW111219043,PRW,LEL_1,LEL,1,T,T-PRW111219043,0,NA,NA,0.5282436462531047
PRW111219043,PRW,LSR_1,LSR,1,T,T-PRW111219043,1,1,0.3833114401342074,0.49421411547514693
PRW111219043,PRW,MJS_1,MJS,1,T,T-PRW111219043,1,1,0.4125984807679346,0.5695023772121129
PRW111219044,PRW,CJF_1,CJF,1,T,T-PRW111219044,1,1,0.34100582167422616,0.5392530877511941
PRW111219044,PRW,JRS_1,JRS,1,T,T-PRW111219044,1,1,0.3040428233945313,0.45664963965967165
PRW111219044,PRW,LEL_1,LEL,1,T,T-PRW111219044,1,1,0.34323789905257257,0.5305338426082586
PRW111219044,PRW,LSR_1,LSR,1,T,T-PRW111219044,1,1,0.3792042457486905,0.5084191024781711
PRW111219044,PRW,MJS_1,MJS,1,T,T-PRW111219044,1,1,0.366656507916381,0.5321679194038442
PRW111219045,PRW,CJF_1,CJF,1,T,T-PRW111219045,1,1,0.3925803668947329,0.6402303097885901
PRW111219045,PRW,JRS_1,JRS,1,T,T-PRW111219045,1,1,0.4355401734852378,0.6126528256585755
PRW111219045,PRW,LEL_1,LEL,1,T,T-PRW111219045,1,1,0.4216318090023798,0.662661893638343
PRW111219045,PRW,LSR_1,LSR,1,T,T-PRW111219045,2,1,0.3471243624538459,0.675554392405721
PRW111219045,PRW,LSR_1,LSR,1,T,T-PRW111219045,2,2,0.4939659048308799,0.675554392405721
PRW111219045,PRW,MJS_1,MJS,1,T,T-PRW111219045,1,1,0.4302740686369991,0.6450527455777081
PRW111219046,PRW,CJF_1,CJF,1,T,T-PRW111219046,1,1,0.4572003830404819,0.6669672795347218
PRW111219046,PRW,JRS_1,JRS,1,T,T-PRW111219046,1,1,0.4525498674751998,0.6299015091912892
PRW111219046,PRW,LEL_1,LEL,1,T,T-PRW111219046,1,1,0.42482613238616,0.6211681556007725
PRW111219046,PRW,LSR_1,LSR,1,T,T-PRW111219046,2,1,0.3782160012077025,0.5198954496833095
PRW111219046,PRW,LSR_1,LSR,1,T,T-PRW111219046,2,2,0.4297148064400746,0.5198954496833095
PRW111219046,PRW,MJS_1,MJS,1,T,T-PRW111219046,1,1,0.48196159067779987,0.6862454189988398
PRW111219047,PRW,CJF_1,CJF,1,T,T-PRW111219047,1,1,0.37170364578477477,0.49966706528126725
PRW111219047,PRW,JRS_1,JRS,1,T,T-PRW111219047,0,NA,NA,0.3763438981604742
PRW111219047,PRW,LEL_1,LEL,1,T,T-PRW111219047,1,1,0.3220295183692212,0.41509794625369967
PRW111219047,PRW,LSR_1,LSR,1,T,T-PRW111219047,1,1,0.4195515614624077,0.5659966948157975
PRW111219047,PRW,MJS_1,MJS,1,T,T-PRW111219047,1,1,0.3548925458606674,0.4727268323254592
PRW111219048,PRW,CJF_1,CJF,1,T,T-PRW111219048,1,1,0.37873732169984664,0.6299059067747786
PRW111219048,PRW,JRS_1,JRS,1,T,T-PRW111219048,1,1,0.20682509506398358,0.5579613120956946
PRW111219048,PRW,LEL_1,LEL,1,T,T-PRW111219048,1,1,0.4142836173645437,0.6879737287371182
PRW111219048,PRW,LSR_1,LSR,1,T,T-PRW111219048,1,1,0.4577084628611259,0.7023060845435729
PRW111219048,PRW,MJS_1,MJS,1,T,T-PRW111219048,1,1,0.4143110228155443,0.6254146610403271
PRW111219049,PRW,CJF_1,CJF,1,T,T-PRW111219049,1,1,0.43395470902625,0.6421227762302395
PRW111219049,PRW,JRS_1,JRS,1,T,T-PRW111219049,1,1,0.31239003311064933,0.49814197237186997
PRW111219049,PRW,LEL_1,LEL,1,T,T-PRW111219049,1,1,0.4276651909649077,0.6954663705003403
PRW111219049,PRW,LSR_1,LSR,1,T,T-PRW111219049,1,1,0.27504859453860303,0.4494202549284839
PRW111219049,PRW,MJS_1,MJS,1,T,T-PRW111219049,1,1,0.4788132525157097,0.680672718319822
PRW111219050,PRW,CJF_1,CJF,1,T,T-PRW111219050,0,NA,NA,0.4708395449925515
PRW111219050,PRW,JRS_1,JRS,1,T,T-PRW111219050,0,NA,NA,0.41678221551197425
PRW111219050,PRW,LEL_1,LEL,1,T,T-PRW111219050,0,NA,NA,0.5860274566084389
PRW111219050,PRW,LSR_1,LSR,1,T,T-PRW111219050,0,NA,NA,0.23814456136669546
PRW111219050,PRW,MJS_1,MJS,1,T,T-PRW111219050,0,NA,NA,0.455814196298416
PRW111219051,PRW,CJF_1,CJF,1,T,T-PRW111219051,0,NA,NA,0.4301721116649621
PRW111219051,PRW,JRS_1,JRS,1,T,T-PRW111219051,0,NA,NA,0.38855431264819484
PRW111219051,PRW,LEL_1,LEL,1,T,T-PRW111219051,0,NA,NA,0.4892857159441335
PRW111219051,PRW,LSR_1,LSR,1,T,T-PRW111219051,1,1,0.22240543792487635,0.38973618689136014
PRW111219051,PRW,MJS_1,MJS,1,T,T-PRW111219051,0,NA,NA,0.4804383755403968
PRW111219053,PRW,CJF_1,CJF,1,T,T-PRW111219053,0,NA,NA,0.4376681116020233
PRW111219053,PRW,JRS_1,JRS,1,T,T-PRW111219053,0,NA,NA,0.38870326751458334
PRW111219053,PRW,LEL_1,LEL,1,T,T-PRW111219053,0,NA,NA,0.4504138963155718
PRW111219053,PRW,LSR_1,LSR,1,T,T-PRW111219053,1,1,0.3720409409245173,0.4420062146516973
PRW111219053,PRW,MJS_1,MJS,1,T,T-PRW111219053,0,NA,NA,0.45935897060560915
PRW111219054,PRW,CJF_1,CJF,1,T,T-PRW111219054,0,NA,NA,0.39477460360128563
PRW111219054,PRW,JRS_1,JRS,1,T,T-PRW111219054,0,NA,NA,0.348629408552353
PRW111219054,PRW,LEL_1,LEL,1,T,T-PRW111219054,0,NA,NA,0.4278721258474712
PRW111219054,PRW,LSR_1,LSR,1,T,T-PRW111219054,0,NA,NA,0.4215820275896107
PRW111219054,PRW,MJS_1,MJS,1,T,T-PRW111219054,0,NA,NA,0.43839001756453566
PRW111219056,PRW,CJF_1,CJF,1,T,T-PRW111219056,0,NA,NA,0.4383622218779208
PRW111219056,PRW,JRS_1,JRS,1,T,T-PRW111219056,0,NA,NA,0.38889583814716977
PRW111219056,PRW,LEL_1,LEL,1,T,T-PRW111219056,0,NA,NA,0.46191520150621673
PRW111219056,PRW,LSR_1,LSR,1,T,T-PRW111219056,0,NA,NA,0.2926530637901445
PRW111219056,PRW,MJS_1,MJS,1,T,T-PRW111219056,0,NA,NA,0.41922431109464603
PRW111219057,PRW,CJF_1,CJF,1,T,T-PRW111219057,0,NA,NA,0.4622001167137186
PRW111219057,PRW,JRS_1,JRS,1,T,T-PRW111219057,0,NA,NA,0.35169467528002507
PRW111219057,PRW,LEL_1,LEL,1,T,T-PRW111219057,0,NA,NA,0.48399844982791246
PRW111219057,PRW,LSR_1,LSR,1,T,T-PRW111219057,1,1,0.40487997023023564,0.45259698271356236
PRW111219057,PRW,MJS_1,MJS,1,T,T-PRW111219057,0,NA,NA,0.5748652644370087
PRW111219058,PRW,CJF_1,CJF,1,T,T-PRW111219058,0,NA,NA,0.4768504157700035
PRW111219058,PRW,JRS_1,JRS,1,T,T-PRW111219058,1,1,0.25473394788773623,0.5210325295558416
PRW111219058,PRW,LEL_1,LEL,1,T,T-PRW111219058,0,NA,NA,0.4659214571404231
PRW111219058,PRW,LSR_1,LSR,1,T,T-PRW111219058,1,1,0.24331381176345232,0.4894413533129496
PRW111219058,PRW,MJS_1,MJS,1,T,T-PRW111219058,0,NA,NA,0.3286440626074676
PRW111219060,PRW,CJF_1,CJF,1,T,T-PRW111219060,6,1,0.3878324086854369,1.058617491612506
PRW111219060,PRW,CJF_1,CJF,1,T,T-PRW111219060,6,2,0.5549436594338238,1.058617491612506
PRW111219060,PRW,CJF_1,CJF,1,T,T-PRW111219060,6,3,0.6455660051382146,1.058617491612506
PRW111219060,PRW,CJF_1,CJF,1,T,T-PRW111219060,6,4,0.8126772558866014,1.058617491612506
PRW111219060,PRW,CJF_1,CJF,1,T,T-PRW111219060,6,5,0.8662871630752645,1.058617491612506
PRW111219060,PRW,CJF_1,CJF,1,T,T-PRW111219060,6,6,0.9703352258416369,1.058617491612506
PRW111219060,PRW,JRS_1,JRS,1,T,T-PRW111219060,5,1,0.3223719202503151,0.9337549706796345
PRW111219060,PRW,JRS_1,JRS,1,T,T-PRW111219060,5,2,0.4934131906684892,0.9337549706796345
PRW111219060,PRW,JRS_1,JRS,1,T,T-PRW111219060,5,3,0.6717336633527836,0.9337549706796345
PRW111219060,PRW,JRS_1,JRS,1,T,T-PRW111219060,5,4,0.7557383531685301,0.9337549706796345
PRW111219060,PRW,JRS_1,JRS,1,T,T-PRW111219060,5,5,0.8464145349040174,0.9337549706796345
PRW111219060,PRW,LEL_1,LEL,1,T,T-PRW111219060,5,1,0.36135155612767345,0.9862257104664507
PRW111219060,PRW,LEL_1,LEL,1,T,T-PRW111219060,5,2,0.5382076157531359,0.9862257104664507
PRW111219060,PRW,LEL_1,LEL,1,T,T-PRW111219060,5,3,0.737502145229241,0.9862257104664507
PRW111219060,PRW,LEL_1,LEL,1,T,T-PRW111219060,5,4,0.8417520133954846,0.9862257104664507
PRW111219060,PRW,LEL_1,LEL,1,T,T-PRW111219060,5,5,0.9322887777878689,0.9862257104664507
PRW111219060,PRW,LSR_1,LSR,1,T,T-PRW111219060,6,1,0.2732444640596471,0.866926600097865
PRW111219060,PRW,LSR_1,LSR,1,T,T-PRW111219060,6,2,0.4238969130853608,0.866926600097865
PRW111219060,PRW,LSR_1,LSR,1,T,T-PRW111219060,6,3,0.5136235258650813,0.866926600097865
PRW111219060,PRW,LSR_1,LSR,1,T,T-PRW111219060,6,4,0.633413852455965,0.866926600097865
PRW111219060,PRW,LSR_1,LSR,1,T,T-PRW111219060,6,5,0.6870088458846542,0.866926600097865
PRW111219060,PRW,LSR_1,LSR,1,T,T-PRW111219060,6,6,0.7977989298087486,0.866926600097865
PRW111219060,PRW,MJS_1,MJS,1,T,T-PRW111219060,6,1,0.41663844388663723,1.089823214579661
PRW111219060,PRW,MJS_1,MJS,1,T,T-PRW111219060,6,2,0.6156497653560915,1.089823214579661
PRW111219060,PRW,MJS_1,MJS,1,T,T-PRW111219060,6,3,0.7139581684031928,1.089823214579661
PRW111219060,PRW,MJS_1,MJS,1,T,T-PRW111219060,6,4,0.7876811411471574,1.089823214579661
PRW111219060,PRW,MJS_1,MJS,1,T,T-PRW111219060,6,5,0.8805935550585806,1.089823214579661
PRW111219060,PRW,MJS_1,MJS,1,T,T-PRW111219060,6,6,0.998698357658315,1.089823214579661
PRW111219061,PRW,CJF_1,CJF,1,T,T-PRW111219061,3,1,0.47108632372326,0.8949790389811406
PRW111219061,PRW,CJF_1,CJF,1,T,T-PRW111219061,3,2,0.6445521339721619,0.8949790389811406
PRW111219061,PRW,CJF_1,CJF,1,T,T-PRW111219061,3,3,0.7772074580503254,0.8949790389811406
PRW111219061,PRW,JRS_1,JRS,1,T,T-PRW111219061,3,1,0.6270038364598994,1.004255303565865
PRW111219061,PRW,JRS_1,JRS,1,T,T-PRW111219061,3,2,0.7829752333875418,1.004255303565865
PRW111219061,PRW,JRS_1,JRS,1,T,T-PRW111219061,3,3,0.8887338651368901,1.004255303565865
PRW111219061,PRW,LEL_1,LEL,1,T,T-PRW111219061,3,1,0.6203228883405291,1.0382496192399784
PRW111219061,PRW,LEL_1,LEL,1,T,T-PRW111219061,3,2,0.7823934361603713,1.0382496192399784
PRW111219061,PRW,LEL_1,LEL,1,T,T-PRW111219061,3,3,0.8982328880858984,1.0382496192399784
PRW111219061,PRW,LSR_1,LSR,1,T,T-PRW111219061,4,1,0.4109884151249568,0.9653056723357845
PRW111219061,PRW,LSR_1,LSR,1,T,T-PRW111219061,4,2,0.5551168117507193,0.9653056723357845
PRW111219061,PRW,LSR_1,LSR,1,T,T-PRW111219061,4,3,0.7189907291877291,0.9653056723357845
PRW111219061,PRW,LSR_1,LSR,1,T,T-PRW111219061,4,4,0.8547411847650571,0.9653056723357845
PRW111219061,PRW,MJS_1,MJS,1,T,T-PRW111219061,3,1,0.5616045980662262,0.9468240741386742
PRW111219061,PRW,MJS_1,MJS,1,T,T-PRW111219061,3,2,0.7164906171999338,0.9468240741386742
PRW111219061,PRW,MJS_1,MJS,1,T,T-PRW111219061,3,3,0.816625990209519,0.9468240741386742
PRW111219062,PRW,CJF_1,CJF,1,T,T-PRW111219062,3,1,0.4273505454303638,0.8298553248675933
PRW111219062,PRW,CJF_1,CJF,1,T,T-PRW111219062,3,2,0.5912657996596433,0.8298553248675933
PRW111219062,PRW,CJF_1,CJF,1,T,T-PRW111219062,3,3,0.7161715381694992,0.8298553248675933
PRW111219062,PRW,JRS_1,JRS,1,T,T-PRW111219062,3,1,0.4616362831108969,0.8783500654945808
PRW111219062,PRW,JRS_1,JRS,1,T,T-PRW111219062,3,2,0.6369497778850476,0.8783500654945808
PRW111219062,PRW,JRS_1,JRS,1,T,T-PRW111219062,3,3,0.7691233635558122,0.8783500654945808
PRW111219062,PRW,LEL_1,LEL,1,T,T-PRW111219062,3,1,0.44916042127616246,0.8914102480135605
PRW111219062,PRW,LEL_1,LEL,1,T,T-PRW111219062,3,2,0.6287373282639361,0.8914102480135605
PRW111219062,PRW,LEL_1,LEL,1,T,T-PRW111219062,3,3,0.7605546673050039,0.8914102480135605
PRW111219062,PRW,LSR_1,LSR,1,T,T-PRW111219062,3,1,0.5288359534367008,0.8968855305133927
PRW111219062,PRW,LSR_1,LSR,1,T,T-PRW111219062,3,2,0.6777883679158704,0.8968855305133927
PRW111219062,PRW,LSR_1,LSR,1,T,T-PRW111219062,3,3,0.7793983270011701,0.8968855305133927
PRW111219062,PRW,MJS_1,MJS,1,T,T-PRW111219062,3,1,0.456043455057477,0.8715164442485204
PRW111219062,PRW,MJS_1,MJS,1,T,T-PRW111219062,3,2,0.6277703409083655,0.8715164442485204
PRW111219062,PRW,MJS_1,MJS,1,T,T-PRW111219062,3,3,0.7634067909792341,0.8715164442485204
PRW111219063,PRW,CJF_1,CJF,1,T,T-PRW111219063,1,1,0.3949989602358855,0.5576210871333089
PRW111219063,PRW,JRS_1,JRS,1,T,T-PRW111219063,1,1,0.3345236467574235,0.4927368331174195
PRW111219063,PRW,LEL_1,LEL,1,T,T-PRW111219063,1,1,0.3748833420404838,0.5264479131667391
PRW111219063,PRW,LSR_1,LSR,1,T,T-PRW111219063,2,1,0.2980714526980386,0.5680320690078261
PRW111219063,PRW,LSR_1,LSR,1,T,T-PRW111219063,2,2,0.4490187964106108,0.5680320690078261
PRW111219063,PRW,MJS_1,MJS,1,T,T-PRW111219063,1,1,0.306790865105744,0.4499322456515573
PRW111219065,PRW,CJF_1,CJF,1,T,T-PRW111219065,2,1,0.4418455398652788,0.7026574639325384
PRW111219065,PRW,CJF_1,CJF,1,T,T-PRW111219065,2,2,0.5762404173123707,0.7026574639325384
PRW111219065,PRW,JRS_1,JRS,1,T,T-PRW111219065,2,1,0.3943205215547868,0.6600203593221892
PRW111219065,PRW,JRS_1,JRS,1,T,T-PRW111219065,2,2,0.5524887761471156,0.6600203593221892
PRW111219065,PRW,LEL_1,LEL,1,T,T-PRW111219065,2,1,0.4786564309642756,0.7538905070198771
PRW111219065,PRW,LEL_1,LEL,1,T,T-PRW111219065,2,2,0.6339833440619344,0.7538905070198771
PRW111219065,PRW,LSR_1,LSR,1,T,T-PRW111219065,3,1,0.43150647676994025,0.7888008319743929
PRW111219065,PRW,LSR_1,LSR,1,T,T-PRW111219065,3,2,0.5248657094089653,0.7888008319743929
PRW111219065,PRW,LSR_1,LSR,1,T,T-PRW111219065,3,3,0.6916277039758912,0.7888008319743929
PRW111219065,PRW,MJS_1,MJS,1,T,T-PRW111219065,2,1,0.5153897972335432,0.7891372929719231
PRW111219065,PRW,MJS_1,MJS,1,T,T-PRW111219065,2,2,0.6697402273318156,0.7891372929719231
PRW111219066,PRW,CJF_1,CJF,1,T,T-PRW111219066,1,1,0.35958519071662787,0.5139823728661972
PRW111219066,PRW,JRS_1,JRS,1,T,T-PRW111219066,0,NA,NA,0.562230017586556
PRW111219066,PRW,LEL_1,LEL,1,T,T-PRW111219066,1,1,0.3544376171577425,0.5353354742846302
PRW111219066,PRW,LSR_1,LSR,1,T,T-PRW111219066,1,1,0.44255943868635783,0.5975372410638201
PRW111219066,PRW,MJS_1,MJS,1,T,T-PRW111219066,1,1,0.49157932124531944,0.6629279598266933
PRW111219067,PRW,CJF_1,CJF,1,T,T-PRW111219067,1,1,0.3909350798613293,0.537778719762733
PRW111219067,PRW,JRS_1,JRS,1,T,T-PRW111219067,1,1,0.47500398568974345,0.6243406653959115
PRW111219067,PRW,LEL_1,LEL,1,T,T-PRW111219067,1,1,0.4229552336411713,0.600857420223772
PRW111219067,PRW,LSR_1,LSR,1,T,T-PRW111219067,1,1,0.5844248143108216,0.7170047392703157
PRW111219067,PRW,MJS_1,MJS,1,T,T-PRW111219067,1,1,0.4688686383094778,0.5914407237615459
PRW111219069,PRW,CJF_1,CJF,1,T,T-PRW111219069,0,NA,NA,0.4469346313519717
PRW111219069,PRW,LEL_1,LEL,1,T,T-PRW111219069,0,NA,NA,0.5501270310671473
PRW111219069,PRW,LSR_1,LSR,1,T,T-PRW111219069,1,1,0.21022230131365766,0.284824206366376
PRW111219069,PRW,MJS_1,MJS,1,T,T-PRW111219069,0,NA,NA,0.36249863590338904
PRW111219070,PRW,CJF_1,CJF,1,T,T-PRW111219070,0,NA,NA,0.5188265211057006
PRW111219070,PRW,JRS_1,JRS,1,T,T-PRW111219070,1,1,0.2557829381088297,0.4470216141446828
PRW111219070,PRW,LEL_1,LEL,1,T,T-PRW111219070,0,NA,NA,0.7410670047417538
PRW111219070,PRW,LSR_1,LSR,1,T,T-PRW111219070,1,1,0.4512741633656385,0.5553416018142926
PRW111219070,PRW,MJS_1,MJS,1,T,T-PRW111219070,0,NA,NA,0.26818588338110727
PRW111219071,PRW,CJF_1,CJF,1,T,T-PRW111219071,1,1,0.4848739300670176,0.667756805917866
PRW111219071,PRW,JRS_1,JRS,1,T,T-PRW111219071,1,1,0.3781920411122715,0.49717709077034106
PRW111219071,PRW,LEL_1,LEL,1,T,T-PRW111219071,1,1,0.4567859126913399,0.6474416691158479
PRW111219071,PRW,LSR_1,LSR,1,T,T-PRW111219071,1,1,0.6035751079438954,0.756979360008772
PRW111219071,PRW,MJS_1,MJS,1,T,T-PRW111219071,1,1,0.38856818124541115,0.5436907783933873
PRW111219072,PRW,CJF_1,CJF,1,T,T-PRW111219072,1,1,0.4428820956453682,0.6680641231990698
PRW111219072,PRW,JRS_1,JRS,1,T,T-PRW111219072,1,1,0.36592052938053254,0.49898254006436277
PRW111219072,PRW,LEL_1,LEL,1,T,T-PRW111219072,1,1,0.40995116233521556,0.6378319359428034
PRW111219072,PRW,LSR_1,LSR,1,T,T-PRW111219072,2,1,0.44387826223420984,0.6873959539702119
PRW111219072,PRW,LSR_1,LSR,1,T,T-PRW111219072,2,2,0.6311672767340311,0.6873959539702119
PRW111219072,PRW,MJS_1,MJS,1,T,T-PRW111219072,1,1,0.45661726459687296,0.6637589842074807
PRW111219073,PRW,CJF_1,CJF,1,T,T-PRW111219073,1,1,0.3905447766850759,0.6287770904629719
PRW111219073,PRW,JRS_1,JRS,1,T,T-PRW111219073,1,1,0.3989462013037478,0.607527195814114
PRW111219073,PRW,LEL_1,LEL,1,T,T-PRW111219073,1,1,0.42887833106521023,0.6698654855065864
PRW111219073,PRW,LSR_1,LSR,1,T,T-PRW111219073,2,1,0.3963911146191835,0.6120818036442756
PRW111219073,PRW,LSR_1,LSR,1,T,T-PRW111219073,2,2,0.5779836432469269,0.6120818036442756
PRW111219073,PRW,MJS_1,MJS,1,T,T-PRW111219073,1,1,0.5199575404151991,0.7414160837441894
PRW111219074,PRW,CJF_1,CJF,1,T,T-PRW111219074,1,1,0.27642063074888146,0.49099298172458217
PRW111219074,PRW,JRS_1,JRS,1,T,T-PRW111219074,1,1,0.32231136979174246,0.5515870185506667
PRW111219074,PRW,LEL_1,LEL,1,T,T-PRW111219074,1,1,0.4124299627919757,0.6510370557593494
PRW111219074,PRW,LSR_1,LSR,1,T,T-PRW111219074,2,1,0.33427366483468834,0.5957697617339602
PRW111219074,PRW,LSR_1,LSR,1,T,T-PRW111219074,2,2,0.5590972120197144,0.5957697617339602
PRW111219074,PRW,MJS_1,MJS,1,T,T-PRW111219074,1,1,0.37047498017288094,0.5904244082262516
PRW111219075,PRW,CJF_1,CJF,1,T,T-PRW111219075,0,NA,NA,0.4596417705553997
PRW111219075,PRW,JRS_1,JRS,1,T,T-PRW111219075,1,1,0.22165141622955709,0.4328046256060894
PRW111219075,PRW,LEL_1,LEL,1,T,T-PRW111219075,0,NA,NA,0.6172293713531789
PRW111219075,PRW,LSR_1,LSR,1,T,T-PRW111219075,1,1,0.41511757191174026,0.4725105428476298
PRW111219075,PRW,MJS_1,MJS,1,T,T-PRW111219075,1,1,0.20383421820178124,0.4163796163354826
PRW111219076,PRW,CJF_1,CJF,1,T,T-PRW111219076,0,NA,NA,0.487026526434986
PRW111219076,PRW,JRS_1,JRS,1,T,T-PRW111219076,0,NA,NA,0.4395639067908697
PRW111219076,PRW,LEL_1,LEL,1,T,T-PRW111219076,0,NA,NA,0.44495550474337575
PRW111219076,PRW,LSR_1,LSR,1,T,T-PRW111219076,1,1,0.3943704912563693,0.4201865732130902
PRW111219076,PRW,MJS_1,MJS,1,T,T-PRW111219076,0,NA,NA,0.39898973282167993
PRW111219077,PRW,CJF_1,CJF,1,T,T-PRW111219077,0,NA,NA,0.3455010722708349
PRW111219077,PRW,JRS_1,JRS,1,T,T-PRW111219077,0,NA,NA,0.41535411554741675
PRW111219077,PRW,LEL_1,LEL,1,T,T-PRW111219077,0,NA,NA,0.37128877887554695
PRW111219077,PRW,LSR_1,LSR,1,T,T-PRW111219077,1,1,0.47658341601899235,0.548373327121671
PRW111219077,PRW,MJS_1,MJS,1,T,T-PRW111219077,0,NA,NA,0.4223311011754318
PRW111219079,PRW,CJF_1,CJF,1,T,T-PRW111219079,0,NA,NA,0.4810374927695057
PRW111219079,PRW,JRS_1,JRS,1,T,T-PRW111219079,0,NA,NA,0.34072476102368504
PRW111219079,PRW,LEL_1,LEL,1,T,T-PRW111219079,0,NA,NA,0.4918612501500758
PRW111219079,PRW,LSR_1,LSR,1,T,T-PRW111219079,1,1,0.2498651340109185,0.3398501646788697
PRW111219079,PRW,MJS_1,MJS,1,T,T-PRW111219079,0,NA,NA,0.3246909148617001
PRW111219080,PRW,CJF_1,CJF,1,T,T-PRW111219080,0,NA,NA,0.3689032823576603
PRW111219080,PRW,JRS_1,JRS,1,T,T-PRW111219080,0,NA,NA,0.3960952862529592
PRW111219080,PRW,LEL_1,LEL,1,T,T-PRW111219080,0,NA,NA,0.5191470474528191
PRW111219080,PRW,LSR_1,LSR,1,T,T-PRW111219080,1,1,0.31720769788854997,0.41336411995696365
PRW111219080,PRW,MJS_1,MJS,1,T,T-PRW111219080,0,NA,NA,0.3873597702614328
PRW111219081,PRW,CJF_1,CJF,1,T,T-PRW111219081,0,NA,NA,0.3203806308865122
PRW111219081,PRW,JRS_1,JRS,1,T,T-PRW111219081,0,NA,NA,0.3451094090834576
PRW111219081,PRW,LEL_1,LEL,1,T,T-PRW111219081,0,NA,NA,0.37084309790621306
PRW111219081,PRW,LSR_1,LSR,1,T,T-PRW111219081,0,NA,NA,0.34159305422119945
PRW111219081,PRW,MJS_1,MJS,1,T,T-PRW111219081,0,NA,NA,0.40747442574287823
PRW111219082,PRW,CJF_1,CJF,1,T,T-PRW111219082,0,NA,NA,0.41372630724351317
PRW111219082,PRW,JRS_1,JRS,1,T,T-PRW111219082,0,NA,NA,0.4409390724394036
PRW111219082,PRW,LEL_1,LEL,1,T,T-PRW111219082,0,NA,NA,0.4482032283103845
PRW111219082,PRW,LSR_1,LSR,1,T,T-PRW111219082,1,1,0.48529524166983107,0.5489931784154352
PRW111219082,PRW,MJS_1,MJS,1,T,T-PRW111219082,0,NA,NA,0.49414539365960364
PRW111219083,PRW,CJF_1,CJF,1,T,T-PRW111219083,1,1,0.41229119008010845,0.6126408569760204
PRW111219083,PRW,JRS_1,JRS,1,T,T-PRW111219083,1,1,0.4751824865652918,0.641354804247102
PRW111219083,PRW,LEL_1,LEL,1,T,T-PRW111219083,1,1,0.45210999233302224,0.6171939725976427
PRW111219083,PRW,LSR_1,LSR,1,T,T-PRW111219083,1,1,0.48598659115270404,0.661934141754164
PRW111219083,PRW,MJS_1,MJS,1,T,T-PRW111219083,1,1,0.45515715254303635,0.6156456532614943
PRW111219084,PRW,CJF_1,CJF,1,T,T-PRW111219084,1,1,0.4386742821187126,0.6406937050575121
PRW111219084,PRW,JRS_1,JRS,1,T,T-PRW111219084,1,1,0.5371575712446193,0.6842234668525033
PRW111219084,PRW,LEL_1,LEL,1,T,T-PRW111219084,1,1,0.4331307730695837,0.6171272989080827
PRW111219084,PRW,LSR_1,LSR,1,T,T-PRW111219084,2,1,0.374702444302493,0.5927590601896645
PRW111219084,PRW,LSR_1,LSR,1,T,T-PRW111219084,2,2,0.5593916537779207,0.5927590601896645
PRW111219084,PRW,MJS_1,MJS,1,T,T-PRW111219084,1,1,0.47340774063430296,0.6559661058345718
PRW111219085,PRW,CJF_1,CJF,1,T,T-PRW111219085,1,1,0.44041351301467613,0.6161269132489018
PRW111219085,PRW,JRS_1,JRS,1,T,T-PRW111219085,1,1,0.4273482685257589,0.598152993109082
PRW111219085,PRW,LEL_1,LEL,1,T,T-PRW111219085,1,1,0.361303436469086,0.5325586967800521
PRW111219085,PRW,LSR_1,LSR,1,T,T-PRW111219085,1,1,0.40580401087700896,0.5943931084903447
PRW111219085,PRW,MJS_1,MJS,1,T,T-PRW111219085,1,1,0.39087997070238567,0.5673690841203693
PRW111219086,PRW,CJF_1,CJF,1,T,T-PRW111219086,0,NA,NA,0.5437266865063632
PRW111219086,PRW,JRS_1,JRS,1,T,T-PRW111219086,0,NA,NA,0.3742369050482722
PRW111219086,PRW,LEL_1,LEL,1,T,T-PRW111219086,0,NA,NA,0.5271411049626904
PRW111219086,PRW,LSR_1,LSR,1,T,T-PRW111219086,1,1,0.5210032736263246,0.5995434679244239
PRW111219086,PRW,MJS_1,MJS,1,T,T-PRW111219086,0,NA,NA,0.3798757687764381
PRW111219087,PRW,CJF_1,CJF,1,T,T-PRW111219087,0,NA,NA,0.4424049342561575
PRW111219087,PRW,JRS_1,JRS,1,T,T-PRW111219087,0,NA,NA,0.39272969547194214
PRW111219087,PRW,LEL_1,LEL,1,T,T-PRW111219087,0,NA,NA,0.5312179654776212
PRW111219087,PRW,LSR_1,LSR,1,T,T-PRW111219087,0,NA,NA,0.419000905648481
PRW111219087,PRW,MJS_1,MJS,1,T,T-PRW111219087,0,NA,NA,0.4826297902037872
PRW111219088,PRW,CJF_1,CJF,1,T,T-PRW111219088,0,NA,NA,0.43373740387799115
PRW111219088,PRW,JRS_1,JRS,1,T,T-PRW111219088,0,NA,NA,0.349382846339116
PRW111219088,PRW,LEL_1,LEL,1,T,T-PRW111219088,0,NA,NA,0.42421670973528924
PRW111219088,PRW,LSR_1,LSR,1,T,T-PRW111219088,0,NA,NA,0.3745813742812382
PRW111219088,PRW,MJS_1,MJS,1,T,T-PRW111219088,0,NA,NA,0.37320345090792123
